timestamp,station_id,temp,humid,condition
2026-02-14 14:53:20.868203,NewYork-88a5,25,74,Normal
2026-02-14 14:53:21.868203,NewYork-88a5,25,85,Normal
2026-02-14 14:53:22.868203,NewYork-88a5,12,36,Normal
2026-02-14 14:53:23.868203,NewYork-88a5,3,45,Normal
2026-02-14 14:53:24.868203,NewYork-88a5,46,24,Normal
2026-02-14 14:53:25.868203,NewYork-88a5,44,29,Normal
2026-02-14 14:53:26.868203,NewYork-88a5,8,6,Normal
2026-02-14 14:53:27.868203,NewYork-88a5,13,94,Normal
2026-02-14 14:53:28.868203,NewYork-88a5,21,78,Normal
2026-02-14 14:53:29.868203,NewYork-88a5,29,30,Normal
2026-02-14 14:53:30.868203,NewYork-88a5,-4,88,Normal
2026-02-14 14:53:31.868203,NewYork-88a5,-5,95,Normal
2026-02-14 14:53:32.868203,NewYork-88a5,8,18,Normal
2026-02-14 14:53:33.868203,NewYork-88a5,40,76,Normal
2026-02-14 14:53:34.868203,NewYork-88a5,5,95,Normal
2026-02-14 14:53:35.868203,NewYork-88a5,10,53,Normal
2026-02-14 14:53:36.868203,NewYork-88a5,-7,25,Normal
2026-02-14 14:53:37.868203,NewYork-88a5,47,32,Normal
2026-02-14 14:53:38.868203,NewYork-88a5,-11,6,Normal
2026-02-14 14:53:39.868203,NewYork-88a5,-2,25,Normal
2026-02-14 14:53:40.868203,NewYork-88a5,13,60,Normal
2026-02-14 14:53:41.868203,NewYork-88a5,-11,92,Normal
2026-02-14 14:53:42.868203,NewYork-88a5,33,84,Normal
2026-02-14 14:53:43.868203,NewYork-88a5,11,54,Normal
2026-02-14 14:53:44.868203,NewYork-88a5,-23,61,Normal
2026-02-14 14:53:45.868203,NewYork-88a5,-18,43,Normal
2026-02-14 14:53:46.868203,NewYork-88a5,-1,25,Normal
2026-02-14 14:53:47.868203,NewYork-88a5,-5,82,Normal
2026-02-14 14:53:48.868203,NewYork-88a5,1,9,Normal
2026-02-14 14:53:49.868203,NewYork-88a5,-19,74,Normal
2026-02-14 14:53:50.868203,NewYork-88a5,-2,90,Normal
2026-02-14 14:53:51.868203,NewYork-88a5,7,53,Normal
2026-02-14 14:53:52.868203,NewYork-88a5,15,30,Normal
2026-02-14 14:53:53.868203,NewYork-88a5,37,76,Normal
2026-02-14 14:53:54.868203,NewYork-88a5,6,66,Normal
2026-02-14 14:53:55.868203,NewYork-88a5,-30,64,Normal
2026-02-14 14:53:56.868203,NewYork-88a5,-25,48,Normal
2026-02-14 14:53:57.868203,NewYork-88a5,22,32,Normal
2026-02-14 14:53:58.868203,NewYork-88a5,28,10,Normal
2026-02-14 14:53:59.868203,NewYork-88a5,40,83,Normal
2026-02-14 14:54:00.868203,NewYork-88a5,39,91,Normal
2026-02-14 14:54:01.868203,NewYork-88a5,33,26,Normal
2026-02-14 14:54:02.868203,NewYork-88a5,37,61,Normal
2026-02-14 14:54:03.868203,NewYork-88a5,13,24,Normal
2026-02-14 14:54:04.868203,NewYork-88a5,34,86,Normal
2026-02-14 14:54:05.868203,NewYork-88a5,-17,71,Normal
2026-02-14 14:54:06.868203,NewYork-88a5,5,44,Normal
2026-02-14 14:54:07.868203,NewYork-88a5,-25,79,Normal
2026-02-14 14:54:08.868203,NewYork-88a5,-13,40,Normal
2026-02-14 14:54:09.868203,NewYork-88a5,34,14,Normal
2026-02-14 14:54:10.868203,NewYork-88a5,21,72,Normal
2026-02-14 14:54:11.868203,NewYork-88a5,-28,25,Normal
2026-02-14 14:54:12.868203,NewYork-88a5,-16,60,Normal
2026-02-14 14:54:13.868203,NewYork-88a5,-14,8,Normal
2026-02-14 14:54:14.868203,NewYork-88a5,-23,46,Normal
2026-02-14 14:54:15.868203,NewYork-88a5,5,74,Normal
2026-02-14 14:54:16.868203,NewYork-88a5,45,9,Normal
2026-02-14 14:54:17.868203,NewYork-88a5,4,98,Normal
2026-02-14 14:54:18.868203,NewYork-88a5,-30,23,Normal
2026-02-14 14:54:19.868203,NewYork-88a5,33,61,Normal
2026-02-14 14:54:20.868203,NewYork-88a5,-12,89,Normal
2026-02-14 14:54:21.868203,NewYork-88a5,38,41,Normal
2026-02-14 14:54:22.868203,NewYork-88a5,-13,69,Normal
2026-02-14 14:54:23.868203,NewYork-88a5,-15,83,Normal
2026-02-14 14:54:24.868203,NewYork-88a5,-2,8,Normal
2026-02-14 14:54:25.868203,NewYork-88a5,25,83,Normal
2026-02-14 14:54:26.868203,NewYork-88a5,30,93,Normal
2026-02-14 14:54:27.868203,NewYork-88a5,-24,83,Normal
2026-02-14 14:54:28.868203,NewYork-88a5,-14,40,Normal
2026-02-14 14:54:29.868203,NewYork-88a5,-6,55,Normal
2026-02-14 14:54:30.868203,NewYork-88a5,-21,74,Normal
2026-02-14 14:54:31.868203,NewYork-88a5,-28,43,Normal
2026-02-14 14:54:32.868203,NewYork-88a5,-27,44,Normal
2026-02-14 14:54:33.868203,NewYork-88a5,31,9,Normal
2026-02-14 14:54:34.868203,NewYork-88a5,28,90,Normal
2026-02-14 14:54:35.868203,NewYork-88a5,42,58,Normal
2026-02-14 14:54:36.868203,NewYork-88a5,24,46,Normal
2026-02-14 14:54:37.868203,NewYork-88a5,5,17,Normal
2026-02-14 14:54:38.868203,NewYork-88a5,-13,99,Normal
2026-02-14 14:54:39.868203,NewYork-88a5,-19,48,Normal
2026-02-14 14:54:40.868203,NewYork-88a5,13,19,Normal
2026-02-14 14:54:41.868203,NewYork-88a5,38,90,Normal
2026-02-14 14:54:42.868203,NewYork-88a5,37,76,Normal
2026-02-14 14:54:43.868203,NewYork-88a5,41,92,Normal
2026-02-14 14:54:44.868203,NewYork-88a5,42,47,Normal
2026-02-14 14:54:45.868203,NewYork-88a5,19,34,Normal
2026-02-14 14:54:46.868203,NewYork-88a5,-2,81,Normal
2026-02-14 14:54:47.868203,NewYork-88a5,-7,32,Normal
2026-02-14 14:54:48.868203,NewYork-88a5,1,88,Normal
2026-02-14 14:54:49.868203,NewYork-88a5,-27,45,Normal
2026-02-14 14:54:50.868203,NewYork-88a5,35,76,Normal
2026-02-14 14:54:51.868203,NewYork-88a5,-29,61,Normal
2026-02-14 14:54:52.868203,NewYork-88a5,7,21,Normal
2026-02-14 14:54:53.868203,NewYork-88a5,22,64,Normal
2026-02-14 14:54:54.868203,NewYork-88a5,20,8,Normal
2026-02-14 14:54:55.868203,NewYork-88a5,15,4,Normal
2026-02-14 14:54:56.868203,NewYork-88a5,49,2,Normal
2026-02-14 14:54:57.868203,NewYork-88a5,24,50,Normal
2026-02-14 14:54:58.868203,NewYork-88a5,36,99,Normal
2026-02-14 14:54:59.868203,NewYork-88a5,34,48,Normal
2026-02-14 14:55:00.868203,NewYork-88a5,28,8,Normal
2026-02-14 14:55:01.868203,NewYork-88a5,50,75,Normal
2026-02-14 14:55:02.868203,NewYork-88a5,50,20,Normal
2026-02-14 14:55:03.868203,NewYork-88a5,21,53,Normal
2026-02-14 14:55:04.868203,NewYork-88a5,-30,92,Normal
2026-02-14 14:55:05.868203,NewYork-88a5,-26,74,Normal
2026-02-14 14:55:06.868203,NewYork-88a5,28,81,Normal
2026-02-14 14:55:07.868203,NewYork-88a5,43,12,Normal
2026-02-14 14:55:08.868203,NewYork-88a5,24,40,Normal
2026-02-14 14:55:09.868203,NewYork-88a5,-4,46,Normal
2026-02-14 14:55:10.868203,NewYork-88a5,4,95,Normal
2026-02-14 14:55:11.868203,NewYork-88a5,22,79,Normal
2026-02-14 14:55:12.868203,NewYork-88a5,14,14,Normal
2026-02-14 14:55:13.868203,NewYork-88a5,9,15,Normal
2026-02-14 14:55:14.868203,NewYork-88a5,6,74,Normal
2026-02-14 14:55:15.868203,NewYork-88a5,10,22,Normal
2026-02-14 14:55:16.868203,NewYork-88a5,8,100,Normal
2026-02-14 14:55:17.868203,NewYork-88a5,50,26,Normal
2026-02-14 14:55:18.868203,NewYork-88a5,25,65,Normal
2026-02-14 14:55:19.868203,NewYork-88a5,41,64,Normal
2026-02-14 14:55:20.868203,NewYork-88a5,20,26,Normal
2026-02-14 14:55:21.868203,NewYork-88a5,7,35,Normal
2026-02-14 14:55:22.868203,NewYork-88a5,-15,49,Normal
2026-02-14 14:55:23.868203,NewYork-88a5,32,66,Normal
2026-02-14 14:55:24.868203,NewYork-88a5,49,40,Normal
2026-02-14 14:55:25.868203,NewYork-88a5,37,40,Normal
2026-02-14 14:55:26.868203,NewYork-88a5,9,40,Normal
2026-02-14 14:55:27.868203,NewYork-88a5,-25,13,Normal
2026-02-14 14:55:28.868203,NewYork-88a5,7,28,Normal
2026-02-14 14:55:29.868203,NewYork-88a5,-14,28,Normal
2026-02-14 14:55:30.868203,NewYork-88a5,34,7,Normal
2026-02-14 14:55:31.868203,NewYork-88a5,5,29,Normal
2026-02-14 14:55:32.868203,NewYork-88a5,44,90,Normal
2026-02-14 14:55:33.868203,NewYork-88a5,50,92,Normal
2026-02-14 14:55:34.868203,NewYork-88a5,47,37,Normal
2026-02-14 14:55:35.868203,NewYork-88a5,-8,12,Normal
2026-02-14 14:55:36.868203,NewYork-88a5,-27,57,Normal
2026-02-14 14:55:37.868203,NewYork-88a5,-6,83,Normal
2026-02-14 14:55:38.868203,NewYork-88a5,8,57,Normal
2026-02-14 14:55:39.868203,NewYork-88a5,29,57,Normal
2026-02-14 14:55:40.868203,NewYork-88a5,35,84,Normal
2026-02-14 14:55:41.868203,NewYork-88a5,14,77,Normal
2026-02-14 14:55:42.868203,NewYork-88a5,22,97,Normal
2026-02-14 14:55:43.868203,NewYork-88a5,14,39,Normal
2026-02-14 14:55:44.868203,NewYork-88a5,-23,100,Normal
2026-02-14 14:55:45.868203,NewYork-88a5,6,70,Normal
2026-02-14 14:55:46.868203,NewYork-88a5,19,15,Normal
2026-02-14 14:55:47.868203,NewYork-88a5,-24,7,Normal
2026-02-14 14:55:48.868203,NewYork-88a5,-20,69,Normal
2026-02-14 14:55:49.868203,NewYork-88a5,45,9,Normal
2026-02-14 14:55:50.868203,NewYork-88a5,50,21,Normal
2026-02-14 14:55:51.868203,NewYork-88a5,4,22,Normal
2026-02-14 14:55:52.868203,NewYork-88a5,16,77,Normal
2026-02-14 14:55:53.868203,NewYork-88a5,-6,50,Normal
2026-02-14 14:55:54.868203,NewYork-88a5,-19,50,Normal
2026-02-14 14:55:55.868203,NewYork-88a5,47,96,Normal
2026-02-14 14:55:56.868203,NewYork-88a5,43,48,Normal
2026-02-14 14:55:57.868203,NewYork-88a5,-9,29,Normal
2026-02-14 14:55:58.868203,NewYork-88a5,-15,48,Normal
2026-02-14 14:55:59.868203,NewYork-88a5,-14,68,Normal
2026-02-14 14:56:00.868203,NewYork-88a5,-28,68,Normal
2026-02-14 14:56:01.868203,NewYork-88a5,-22,34,Normal
2026-02-14 14:56:02.868203,NewYork-88a5,43,78,Normal
2026-02-14 14:56:03.868203,NewYork-88a5,-22,59,Normal
2026-02-14 14:56:04.868203,NewYork-88a5,-16,36,Normal
2026-02-14 14:56:05.868203,NewYork-88a5,8,85,Normal
2026-02-14 14:56:06.868203,NewYork-88a5,14,4,Normal
2026-02-14 14:56:07.868203,NewYork-88a5,41,61,Normal
2026-02-14 14:56:08.868203,NewYork-88a5,3,57,Normal
2026-02-14 14:56:09.868203,NewYork-88a5,-20,49,Normal
2026-02-14 14:56:10.868203,NewYork-88a5,20,14,Normal
2026-02-14 14:56:11.868203,NewYork-88a5,18,5,Normal
2026-02-14 14:56:12.868203,NewYork-88a5,45,80,Normal
2026-02-14 14:56:13.868203,NewYork-88a5,-22,34,Normal
2026-02-14 14:56:14.868203,NewYork-88a5,-15,26,Normal
2026-02-14 14:56:15.868203,NewYork-88a5,-6,69,Normal
2026-02-14 14:56:16.868203,NewYork-88a5,33,88,Normal
2026-02-14 14:56:17.868203,NewYork-88a5,6,28,Normal
2026-02-14 14:56:18.868203,NewYork-88a5,41,87,Normal
2026-02-14 14:56:19.868203,NewYork-88a5,7,64,Normal
2026-02-14 14:56:20.868203,NewYork-88a5,-2,26,Normal
2026-02-14 14:56:21.868203,NewYork-88a5,43,67,Normal
2026-02-14 14:56:22.868203,NewYork-88a5,6,2,Normal
2026-02-14 14:56:23.868203,NewYork-88a5,13,45,Normal
2026-02-14 14:56:24.868203,NewYork-88a5,-9,72,Normal
2026-02-14 14:56:25.868203,NewYork-88a5,2,99,Normal
2026-02-14 14:56:26.868203,NewYork-88a5,50,29,Normal
2026-02-14 14:56:27.868203,NewYork-88a5,-12,12,Normal
2026-02-14 14:56:28.868203,NewYork-88a5,-1,97,Normal
2026-02-14 14:56:29.868203,NewYork-88a5,10,85,Normal
2026-02-14 14:56:30.868203,NewYork-88a5,1,60,Normal
2026-02-14 14:56:31.868203,NewYork-88a5,15,57,Normal
2026-02-14 14:56:32.868203,NewYork-88a5,42,98,Normal
2026-02-14 14:56:33.868203,NewYork-88a5,10,99,Normal
2026-02-14 14:56:34.868203,NewYork-88a5,43,27,Normal
2026-02-14 14:56:35.868203,NewYork-88a5,0,92,Normal
2026-02-14 14:56:36.868203,NewYork-88a5,7,58,Normal
2026-02-14 14:56:37.868203,NewYork-88a5,-11,96,Normal
2026-02-14 14:56:38.868203,NewYork-88a5,-22,89,Normal
2026-02-14 14:56:39.868203,NewYork-88a5,4,38,Normal
2026-02-14 14:56:40.868203,NewYork-88a5,17,54,Normal
2026-02-14 14:56:41.868203,NewYork-88a5,10,47,Normal
2026-02-14 14:56:42.868203,NewYork-88a5,-5,42,Normal
2026-02-14 14:56:43.868203,NewYork-88a5,-14,22,Normal
2026-02-14 14:56:44.868203,NewYork-88a5,46,83,Normal
2026-02-14 14:56:45.868203,NewYork-88a5,35,25,Normal
2026-02-14 14:56:46.868203,NewYork-88a5,32,37,Normal
2026-02-14 14:56:47.868203,NewYork-88a5,23,66,Normal
2026-02-14 14:56:48.868203,NewYork-88a5,0,29,Normal
2026-02-14 14:56:49.868203,NewYork-88a5,41,19,Normal
2026-02-14 14:56:50.868203,NewYork-88a5,-30,31,Normal
2026-02-14 14:56:51.868203,NewYork-88a5,16,27,Normal
2026-02-14 14:56:52.868203,NewYork-88a5,7,11,Normal
2026-02-14 14:56:53.868203,NewYork-88a5,34,27,Normal
2026-02-14 14:56:54.868203,NewYork-88a5,50,62,Normal
2026-02-14 14:56:55.868203,NewYork-88a5,5,20,Normal
2026-02-14 14:56:56.868203,NewYork-88a5,42,12,Normal
2026-02-14 14:56:57.868203,NewYork-88a5,31,39,Normal
2026-02-14 14:56:58.868203,NewYork-88a5,-7,62,Normal
2026-02-14 14:56:59.868203,NewYork-88a5,11,35,Normal
2026-02-14 14:57:00.868203,NewYork-88a5,-27,92,Normal
2026-02-14 14:57:01.868203,NewYork-88a5,15,77,Normal
2026-02-14 14:57:02.868203,NewYork-88a5,39,67,Normal
2026-02-14 14:57:03.868203,NewYork-88a5,-9,77,Normal
2026-02-14 14:57:04.868203,NewYork-88a5,-27,11,Normal
2026-02-14 14:57:05.868203,NewYork-88a5,19,6,Normal
2026-02-14 14:57:06.868203,NewYork-88a5,46,64,Normal
2026-02-14 14:57:07.868203,NewYork-88a5,-19,2,Normal
2026-02-14 14:57:08.868203,NewYork-88a5,41,24,Normal
2026-02-14 14:57:09.868203,NewYork-88a5,32,44,Normal
2026-02-14 14:57:10.868203,NewYork-88a5,12,4,Normal
2026-02-14 14:57:11.868203,NewYork-88a5,-23,3,Normal
2026-02-14 14:57:12.868203,NewYork-88a5,22,44,Normal
2026-02-14 14:57:13.868203,NewYork-88a5,-15,20,Normal
2026-02-14 14:57:14.868203,NewYork-88a5,45,10,Normal
2026-02-14 14:57:15.868203,NewYork-88a5,-17,32,Normal
2026-02-14 14:57:16.868203,NewYork-88a5,42,81,Normal
2026-02-14 14:57:17.868203,NewYork-88a5,38,69,Normal
2026-02-14 14:57:18.868203,NewYork-88a5,2,13,Normal
2026-02-14 14:57:19.868203,NewYork-88a5,-23,81,Normal
2026-02-14 14:57:20.868203,NewYork-88a5,24,98,Normal
2026-02-14 14:57:21.868203,NewYork-88a5,15,94,Normal
2026-02-14 14:57:22.868203,NewYork-88a5,4,13,Normal
2026-02-14 14:57:23.868203,NewYork-88a5,32,38,Normal
2026-02-14 14:57:24.868203,NewYork-88a5,-15,4,Normal
2026-02-14 14:57:25.868203,NewYork-88a5,5,40,Normal
2026-02-14 14:57:26.868203,NewYork-88a5,-15,32,Normal
2026-02-14 14:57:27.868203,NewYork-88a5,19,27,Normal
2026-02-14 14:57:28.868203,NewYork-88a5,-27,83,Normal
2026-02-14 14:57:29.868203,NewYork-88a5,-24,65,Normal
2026-02-14 14:57:30.868203,NewYork-88a5,37,10,Normal
2026-02-14 14:57:31.868203,NewYork-88a5,-1,43,Normal
2026-02-14 14:57:32.868203,NewYork-88a5,46,57,Normal
2026-02-14 14:57:33.868203,NewYork-88a5,-17,25,Normal
2026-02-14 14:57:34.868203,NewYork-88a5,34,27,Normal
2026-02-14 14:57:35.868203,NewYork-88a5,-3,57,Normal
2026-02-14 14:57:36.868203,NewYork-88a5,-7,71,Normal
2026-02-14 14:57:37.868203,NewYork-88a5,22,36,Normal
2026-02-14 14:57:38.868203,NewYork-88a5,32,70,Normal
2026-02-14 14:57:39.868203,NewYork-88a5,24,77,Normal
2026-02-14 14:57:40.868203,NewYork-88a5,10,82,Normal
2026-02-14 14:57:41.868203,NewYork-88a5,-28,71,Normal
2026-02-14 14:57:42.868203,NewYork-88a5,37,20,Normal
2026-02-14 14:57:43.868203,NewYork-88a5,-22,62,Normal
2026-02-14 14:57:44.868203,NewYork-88a5,8,86,Normal
2026-02-14 14:57:45.868203,NewYork-88a5,16,54,Normal
2026-02-14 14:57:46.868203,NewYork-88a5,12,63,Normal
2026-02-14 14:57:47.868203,NewYork-88a5,-8,53,Normal
2026-02-14 14:57:48.868203,NewYork-88a5,-25,64,Normal
2026-02-14 14:57:49.868203,NewYork-88a5,24,43,Normal
2026-02-14 14:57:50.868203,NewYork-88a5,12,11,Normal
2026-02-14 14:57:51.868203,NewYork-88a5,33,59,Normal
2026-02-14 14:57:52.868203,NewYork-88a5,-24,27,Normal
2026-02-14 14:57:53.868203,NewYork-88a5,-18,28,Normal
2026-02-14 14:57:54.868203,NewYork-88a5,13,57,Normal
2026-02-14 14:57:55.868203,NewYork-88a5,-12,92,Normal
2026-02-14 14:57:56.868203,NewYork-88a5,27,61,Normal
2026-02-14 14:57:57.868203,NewYork-88a5,-16,52,Normal
2026-02-14 14:57:58.868203,NewYork-88a5,39,19,Normal
2026-02-14 14:57:59.868203,NewYork-88a5,-7,73,Normal
2026-02-14 14:58:00.868203,NewYork-88a5,5,46,Normal
2026-02-14 14:58:01.868203,NewYork-88a5,21,12,Normal
2026-02-14 14:58:02.868203,NewYork-88a5,30,54,Normal
2026-02-14 14:58:03.868203,NewYork-88a5,-16,83,Normal
2026-02-14 14:58:04.868203,NewYork-88a5,20,51,Normal
2026-02-14 14:58:05.868203,NewYork-88a5,-15,72,Normal
2026-02-14 14:58:06.868203,NewYork-88a5,9,49,Normal
2026-02-14 14:58:07.868203,NewYork-88a5,49,90,Normal
2026-02-14 14:58:08.868203,NewYork-88a5,-19,47,Normal
2026-02-14 14:58:09.868203,NewYork-88a5,-29,5,Normal
2026-02-14 14:58:10.868203,NewYork-88a5,20,10,Normal
2026-02-14 14:58:11.868203,NewYork-88a5,46,37,Normal
2026-02-14 14:58:12.868203,NewYork-88a5,-17,46,Normal
2026-02-14 14:58:13.868203,NewYork-88a5,8,63,Normal
2026-02-14 14:58:14.868203,NewYork-88a5,-9,34,Normal
2026-02-14 14:58:15.868203,NewYork-88a5,-23,25,Normal
2026-02-14 14:58:16.868203,NewYork-88a5,33,11,Normal
2026-02-14 14:58:17.868203,NewYork-88a5,19,3,Normal
2026-02-14 14:58:18.868203,NewYork-88a5,50,64,Normal
2026-02-14 14:58:19.868203,NewYork-88a5,11,78,Normal
2026-02-14 14:58:20.868203,NewYork-88a5,41,33,Normal
2026-02-14 14:58:21.868203,NewYork-88a5,-11,11,Normal
2026-02-14 14:58:22.868203,NewYork-88a5,-12,10,Normal
2026-02-14 14:58:23.868203,NewYork-88a5,-4,0,Normal
2026-02-14 14:58:24.868203,NewYork-88a5,-23,51,Normal
2026-02-14 14:58:25.868203,NewYork-88a5,16,58,Normal
2026-02-14 14:58:26.868203,NewYork-88a5,-18,73,Normal
2026-02-14 14:58:27.868203,NewYork-88a5,3,76,Normal
2026-02-14 14:58:28.868203,NewYork-88a5,42,84,Normal
2026-02-14 14:58:29.868203,NewYork-88a5,23,75,Normal
2026-02-14 14:58:30.868203,NewYork-88a5,-11,81,Normal
2026-02-14 14:58:31.868203,NewYork-88a5,20,3,Normal
2026-02-14 14:58:32.868203,NewYork-88a5,-14,70,Normal
2026-02-14 14:58:33.868203,NewYork-88a5,23,4,Normal
2026-02-14 14:58:34.868203,NewYork-88a5,41,52,Normal
2026-02-14 14:58:35.868203,NewYork-88a5,48,8,Normal
2026-02-14 14:58:36.868203,NewYork-88a5,-4,3,Normal
2026-02-14 14:58:37.868203,NewYork-88a5,-17,76,Normal
2026-02-14 14:58:38.868203,NewYork-88a5,8,16,Normal
2026-02-14 14:58:39.868203,NewYork-88a5,38,21,Normal
2026-02-14 14:58:40.868203,NewYork-88a5,-26,6,Normal
2026-02-14 14:58:41.868203,NewYork-88a5,45,49,Normal
2026-02-14 14:58:42.868203,NewYork-88a5,-11,36,Normal
2026-02-14 14:58:43.868203,NewYork-88a5,22,81,Normal
2026-02-14 14:58:44.868203,NewYork-88a5,-13,96,Normal
2026-02-14 14:58:45.868203,NewYork-88a5,44,45,Normal
2026-02-14 14:58:46.868203,NewYork-88a5,-24,28,Normal
2026-02-14 14:58:47.868203,NewYork-88a5,12,21,Normal
2026-02-14 14:58:48.868203,NewYork-88a5,35,8,Normal
2026-02-14 14:58:49.868203,NewYork-88a5,16,91,Normal
2026-02-14 14:58:50.868203,NewYork-88a5,-15,81,Normal
2026-02-14 14:58:51.868203,NewYork-88a5,-4,26,Normal
2026-02-14 14:58:52.868203,NewYork-88a5,44,25,Normal
2026-02-14 14:58:53.868203,NewYork-88a5,22,30,Normal
2026-02-14 14:58:54.868203,NewYork-88a5,-3,72,Normal
2026-02-14 14:58:55.868203,NewYork-88a5,-20,43,Normal
2026-02-14 14:58:56.868203,NewYork-88a5,-24,95,Normal
2026-02-14 14:58:57.868203,NewYork-88a5,7,100,Normal
2026-02-14 14:58:58.868203,NewYork-88a5,6,31,Normal
2026-02-14 14:58:59.868203,NewYork-88a5,14,19,Normal
2026-02-14 14:59:00.868203,NewYork-88a5,-22,19,Normal
2026-02-14 14:59:01.868203,NewYork-88a5,11,47,Normal
2026-02-14 14:59:02.868203,NewYork-88a5,-16,35,Normal
2026-02-14 14:59:03.868203,NewYork-88a5,1,93,Normal
2026-02-14 14:59:04.868203,NewYork-88a5,32,22,Normal
2026-02-14 14:59:05.868203,NewYork-88a5,0,12,Normal
2026-02-14 14:59:06.868203,NewYork-88a5,21,86,Normal
2026-02-14 14:59:07.868203,NewYork-88a5,37,6,Normal
2026-02-14 14:59:08.868203,NewYork-88a5,32,90,Normal
2026-02-14 14:59:09.868203,NewYork-88a5,-27,93,Normal
2026-02-14 14:59:10.868203,NewYork-88a5,-24,27,Normal
2026-02-14 14:59:11.868203,NewYork-88a5,6,100,Normal
2026-02-14 14:59:12.868203,NewYork-88a5,-7,22,Normal
2026-02-14 14:59:13.868203,NewYork-88a5,26,37,Normal
2026-02-14 14:59:14.868203,NewYork-88a5,1,94,Normal
2026-02-14 14:59:15.868203,NewYork-88a5,44,94,Normal
2026-02-14 14:59:16.868203,NewYork-88a5,17,10,Normal
2026-02-14 14:59:17.868203,NewYork-88a5,2,36,Normal
2026-02-14 14:59:18.868203,NewYork-88a5,0,2,Normal
2026-02-14 14:59:19.868203,NewYork-88a5,34,16,Normal
2026-02-14 14:59:20.868203,NewYork-88a5,30,20,Normal
2026-02-14 14:59:21.868203,NewYork-88a5,-17,30,Normal
2026-02-14 14:59:22.868203,NewYork-88a5,-4,8,Normal
2026-02-14 14:59:23.868203,NewYork-88a5,-1,82,Normal
2026-02-14 14:59:24.868203,NewYork-88a5,-2,23,Normal
2026-02-14 14:59:25.868203,NewYork-88a5,39,38,Normal
2026-02-14 14:59:26.868203,NewYork-88a5,43,52,Normal
2026-02-14 14:59:27.868203,NewYork-88a5,-9,29,Normal
2026-02-14 14:59:28.868203,NewYork-88a5,-5,20,Normal
2026-02-14 14:59:29.868203,NewYork-88a5,0,22,Normal
2026-02-14 14:59:30.868203,NewYork-88a5,-7,79,Normal
2026-02-14 14:59:31.868203,NewYork-88a5,9,21,Normal
2026-02-14 14:59:32.868203,NewYork-88a5,-22,89,Normal
2026-02-14 14:59:33.868203,NewYork-88a5,-22,39,Normal
2026-02-14 14:59:34.868203,NewYork-88a5,-3,94,Normal
2026-02-14 14:59:35.868203,NewYork-88a5,-25,92,Normal
2026-02-14 14:59:36.868203,NewYork-88a5,-29,86,Normal
2026-02-14 14:59:37.868203,NewYork-88a5,23,95,Normal
2026-02-14 14:59:38.868203,NewYork-88a5,-29,71,Normal
2026-02-14 14:59:39.868203,NewYork-88a5,2,83,Normal
2026-02-14 14:59:40.868203,NewYork-88a5,-11,80,Normal
2026-02-14 14:59:41.868203,NewYork-88a5,38,24,Normal
2026-02-14 14:59:42.868203,NewYork-88a5,36,72,Normal
2026-02-14 14:59:43.868203,NewYork-88a5,25,76,Normal
2026-02-14 14:59:44.868203,NewYork-88a5,32,99,Normal
2026-02-14 14:59:45.868203,NewYork-88a5,-27,50,Normal
2026-02-14 14:59:46.868203,NewYork-88a5,-25,41,Normal
2026-02-14 14:59:47.868203,NewYork-88a5,-12,18,Normal
2026-02-14 14:59:48.868203,NewYork-88a5,47,28,Normal
2026-02-14 14:59:49.868203,NewYork-88a5,29,63,Normal
2026-02-14 14:59:50.868203,NewYork-88a5,49,9,Normal
2026-02-14 14:59:51.868203,NewYork-88a5,38,69,Normal
2026-02-14 14:59:52.868203,NewYork-88a5,-5,99,Normal
2026-02-14 14:59:53.868203,NewYork-88a5,-8,66,Normal
2026-02-14 14:59:54.868203,NewYork-88a5,37,94,Normal
2026-02-14 14:59:55.868203,NewYork-88a5,-15,6,Normal
2026-02-14 14:59:56.868203,NewYork-88a5,12,87,Normal
2026-02-14 14:59:57.868203,NewYork-88a5,14,13,Normal
2026-02-14 14:59:58.868203,NewYork-88a5,-15,81,Normal
2026-02-14 14:59:59.868203,NewYork-88a5,-12,9,Normal
2026-02-14 15:00:00.868203,NewYork-88a5,16,2,Normal
2026-02-14 15:00:01.868203,NewYork-88a5,-23,87,Normal
2026-02-14 15:00:02.868203,NewYork-88a5,36,86,Normal
2026-02-14 15:00:03.868203,NewYork-88a5,25,16,Normal
2026-02-14 15:00:04.868203,NewYork-88a5,30,100,Normal
2026-02-14 15:00:05.868203,NewYork-88a5,-17,67,Normal
2026-02-14 15:00:06.868203,NewYork-88a5,-9,47,Normal
2026-02-14 15:00:07.868203,NewYork-88a5,-24,76,Normal
2026-02-14 15:00:08.868203,NewYork-88a5,-29,41,Normal
2026-02-14 15:00:09.868203,NewYork-88a5,-11,42,Normal
2026-02-14 15:00:10.868203,NewYork-88a5,-26,81,Normal
2026-02-14 15:00:11.868203,NewYork-88a5,2,53,Normal
2026-02-14 15:00:12.868203,NewYork-88a5,20,9,Normal
2026-02-14 15:00:13.868203,NewYork-88a5,49,93,Normal
2026-02-14 15:00:14.868203,NewYork-88a5,16,32,Normal
2026-02-14 15:00:15.868203,NewYork-88a5,-12,41,Normal
2026-02-14 15:00:16.868203,NewYork-88a5,21,72,Normal
2026-02-14 15:00:17.868203,NewYork-88a5,43,84,Normal
2026-02-14 15:00:18.868203,NewYork-88a5,16,65,Normal
2026-02-14 15:00:19.868203,NewYork-88a5,-24,36,Normal
2026-02-14 15:00:20.868203,NewYork-88a5,45,91,Normal
2026-02-14 15:00:21.868203,NewYork-88a5,-14,85,Normal
2026-02-14 15:00:22.868203,NewYork-88a5,34,65,Normal
2026-02-14 15:00:23.868203,NewYork-88a5,27,70,Normal
2026-02-14 15:00:24.868203,NewYork-88a5,23,65,Normal
2026-02-14 15:00:25.868203,NewYork-88a5,3,17,Normal
2026-02-14 15:00:26.868203,NewYork-88a5,30,74,Normal
2026-02-14 15:00:27.868203,NewYork-88a5,27,83,Normal
2026-02-14 15:00:28.868203,NewYork-88a5,46,30,Normal
2026-02-14 15:00:29.868203,NewYork-88a5,1,43,Normal
2026-02-14 15:00:30.868203,NewYork-88a5,-4,41,Normal
2026-02-14 15:00:31.868203,NewYork-88a5,-10,90,Normal
2026-02-14 15:00:32.868203,NewYork-88a5,-13,61,Normal
2026-02-14 15:00:33.868203,NewYork-88a5,37,17,Normal
2026-02-14 15:00:34.868203,NewYork-88a5,34,81,Normal
2026-02-14 15:00:35.868203,NewYork-88a5,-26,0,Normal
2026-02-14 15:00:36.868203,NewYork-88a5,45,67,Normal
2026-02-14 15:00:37.868203,NewYork-88a5,47,83,Normal
2026-02-14 15:00:38.868203,NewYork-88a5,5,56,Normal
2026-02-14 15:00:39.868203,NewYork-88a5,39,48,Normal
2026-02-14 15:00:40.868203,NewYork-88a5,2,82,Normal
2026-02-14 15:00:41.868203,NewYork-88a5,-13,45,Normal
2026-02-14 15:00:42.868203,NewYork-88a5,-3,34,Normal
2026-02-14 15:00:43.868203,NewYork-88a5,-4,13,Normal
2026-02-14 15:00:44.868203,NewYork-88a5,-10,83,Normal
2026-02-14 15:00:45.868203,NewYork-88a5,13,53,Normal
2026-02-14 15:00:46.868203,NewYork-88a5,-30,45,Normal
2026-02-14 15:00:47.868203,NewYork-88a5,-7,50,Normal
2026-02-14 15:00:48.868203,NewYork-88a5,13,52,Normal
2026-02-14 15:00:49.868203,NewYork-88a5,33,49,Normal
2026-02-14 15:00:50.868203,NewYork-88a5,49,21,Normal
2026-02-14 15:00:51.868203,NewYork-88a5,7,29,Normal
2026-02-14 15:00:52.868203,NewYork-88a5,1,60,Normal
2026-02-14 15:00:53.868203,NewYork-88a5,-10,35,Normal
2026-02-14 15:00:54.868203,NewYork-88a5,4,2,Normal
2026-02-14 15:00:55.868203,NewYork-88a5,24,29,Normal
2026-02-14 15:00:56.868203,NewYork-88a5,-12,55,Normal
2026-02-14 15:00:57.868203,NewYork-88a5,-7,1,Normal
2026-02-14 15:00:58.868203,NewYork-88a5,-22,33,Normal
2026-02-14 15:00:59.868203,NewYork-88a5,-13,27,Normal
2026-02-14 15:01:00.868203,NewYork-88a5,-20,36,Normal
2026-02-14 15:01:01.868203,NewYork-88a5,12,3,Normal
2026-02-14 15:01:02.868203,NewYork-88a5,-28,39,Normal
2026-02-14 15:01:03.868203,NewYork-88a5,-30,85,Normal
2026-02-14 15:01:04.868203,NewYork-88a5,13,64,Normal
2026-02-14 15:01:05.868203,NewYork-88a5,40,6,Normal
2026-02-14 15:01:06.868203,NewYork-88a5,-1,22,Normal
2026-02-14 15:01:07.868203,NewYork-88a5,28,38,Normal
2026-02-14 15:01:08.868203,NewYork-88a5,29,82,Normal
2026-02-14 15:01:09.868203,NewYork-88a5,-17,82,Normal
2026-02-14 15:01:10.868203,NewYork-88a5,31,13,Normal
2026-02-14 15:01:11.868203,NewYork-88a5,-8,26,Normal
2026-02-14 15:01:12.868203,NewYork-88a5,0,89,Normal
2026-02-14 15:01:13.868203,NewYork-88a5,12,52,Normal
2026-02-14 15:01:14.868203,NewYork-88a5,-25,85,Normal
2026-02-14 15:01:15.868203,NewYork-88a5,-26,43,Normal
2026-02-14 15:01:16.868203,NewYork-88a5,-2,63,Normal
2026-02-14 15:01:17.868203,NewYork-88a5,-11,51,Normal
2026-02-14 15:01:18.868203,NewYork-88a5,35,38,Normal
2026-02-14 15:01:19.868203,NewYork-88a5,-16,13,Normal
2026-02-14 15:01:20.868203,NewYork-88a5,32,38,Normal
2026-02-14 15:01:21.868203,NewYork-88a5,39,61,Normal
2026-02-14 15:01:22.868203,NewYork-88a5,31,94,Normal
2026-02-14 15:01:23.868203,NewYork-88a5,20,21,Normal
2026-02-14 15:01:24.868203,NewYork-88a5,49,55,Normal
2026-02-14 15:01:25.868203,NewYork-88a5,-4,4,Normal
2026-02-14 15:01:26.868203,NewYork-88a5,24,23,Normal
2026-02-14 15:01:27.868203,NewYork-88a5,36,43,Normal
2026-02-14 15:01:28.868203,NewYork-88a5,48,75,Normal
2026-02-14 15:01:29.868203,NewYork-88a5,-13,1,Normal
2026-02-14 15:01:30.868203,NewYork-88a5,19,69,Normal
2026-02-14 15:01:31.868203,NewYork-88a5,13,86,Normal
2026-02-14 15:01:32.868203,NewYork-88a5,-1,38,Normal
2026-02-14 15:01:33.868203,NewYork-88a5,-8,92,Normal
2026-02-14 15:01:34.868203,NewYork-88a5,43,90,Normal
2026-02-14 15:01:35.868203,NewYork-88a5,34,86,Normal
2026-02-14 15:01:36.868203,NewYork-88a5,-3,63,Normal
2026-02-14 15:01:37.868203,NewYork-88a5,47,65,Normal
2026-02-14 15:01:38.868203,NewYork-88a5,-4,89,Normal
2026-02-14 15:01:39.868203,NewYork-88a5,10,25,Normal
2026-02-14 15:01:40.868203,NewYork-88a5,14,11,Normal
2026-02-14 15:01:41.868203,NewYork-88a5,-4,51,Normal
2026-02-14 15:01:42.868203,NewYork-88a5,-5,98,Normal
2026-02-14 15:01:43.868203,NewYork-88a5,-15,37,Normal
2026-02-14 15:01:44.868203,NewYork-88a5,-27,51,Normal
2026-02-14 15:01:45.868203,NewYork-88a5,41,53,Normal
2026-02-14 15:01:46.868203,NewYork-88a5,-2,52,Normal
2026-02-14 15:01:47.868203,NewYork-88a5,-23,31,Normal
2026-02-14 15:01:48.868203,NewYork-88a5,41,100,Normal
2026-02-14 15:01:49.868203,NewYork-88a5,-15,41,Normal
2026-02-14 15:01:50.868203,NewYork-88a5,-5,100,Normal
2026-02-14 15:01:51.868203,NewYork-88a5,-25,73,Normal
2026-02-14 15:01:52.868203,NewYork-88a5,19,68,Normal
2026-02-14 15:01:53.868203,NewYork-88a5,-24,9,Normal
2026-02-14 15:01:54.868203,NewYork-88a5,-6,42,Normal
2026-02-14 15:01:55.868203,NewYork-88a5,9,89,Normal
2026-02-14 15:01:56.868203,NewYork-88a5,7,88,Normal
2026-02-14 15:01:57.868203,NewYork-88a5,-15,97,Normal
2026-02-14 15:01:58.868203,NewYork-88a5,5,61,Normal
2026-02-14 15:01:59.868203,NewYork-88a5,-7,0,Normal
2026-02-14 15:02:00.868203,NewYork-88a5,-16,42,Normal
2026-02-14 15:02:01.868203,NewYork-88a5,19,27,Normal
2026-02-14 15:02:02.868203,NewYork-88a5,44,10,Normal
2026-02-14 15:02:03.868203,NewYork-88a5,-29,43,Normal
2026-02-14 15:02:04.868203,NewYork-88a5,20,59,Normal
2026-02-14 15:02:05.868203,NewYork-88a5,29,28,Normal
2026-02-14 15:02:06.868203,NewYork-88a5,-23,8,Normal
2026-02-14 15:02:07.868203,NewYork-88a5,16,46,Normal
2026-02-14 15:02:08.868203,NewYork-88a5,1,14,Normal
2026-02-14 15:02:09.868203,NewYork-88a5,11,85,Normal
2026-02-14 15:02:10.868203,NewYork-88a5,26,15,Normal
2026-02-14 15:02:11.868203,NewYork-88a5,4,42,Normal
2026-02-14 15:02:12.868203,NewYork-88a5,22,91,Normal
2026-02-14 15:02:13.868203,NewYork-88a5,0,27,Normal
2026-02-14 15:02:14.868203,NewYork-88a5,18,4,Normal
2026-02-14 15:02:15.868203,NewYork-88a5,-17,26,Normal
2026-02-14 15:02:16.868203,NewYork-88a5,15,39,Normal
2026-02-14 15:02:17.868203,NewYork-88a5,-23,11,Normal
2026-02-14 15:02:18.868203,NewYork-88a5,36,33,Normal
2026-02-14 15:02:19.868203,NewYork-88a5,-10,19,Normal
2026-02-14 15:02:20.868203,NewYork-88a5,38,81,Normal
2026-02-14 15:02:21.868203,NewYork-88a5,5,30,Normal
2026-02-14 15:02:22.868203,NewYork-88a5,35,17,Normal
2026-02-14 15:02:23.868203,NewYork-88a5,23,49,Normal
2026-02-14 15:02:24.868203,NewYork-88a5,45,63,Normal
2026-02-14 15:02:25.868203,NewYork-88a5,18,90,Normal
2026-02-14 15:02:26.868203,NewYork-88a5,-16,91,Normal
2026-02-14 15:02:27.868203,NewYork-88a5,21,64,Normal
2026-02-14 15:02:28.868203,NewYork-88a5,21,79,Normal
2026-02-14 15:02:29.868203,NewYork-88a5,4,81,Normal
2026-02-14 15:02:30.868203,NewYork-88a5,-16,96,Normal
2026-02-14 15:02:31.868203,NewYork-88a5,-11,63,Normal
2026-02-14 15:02:32.868203,NewYork-88a5,-2,86,Normal
2026-02-14 15:02:33.868203,NewYork-88a5,22,66,Normal
2026-02-14 15:02:34.868203,NewYork-88a5,2,15,Normal
2026-02-14 15:02:35.868203,NewYork-88a5,28,71,Normal
2026-02-14 15:02:36.868203,NewYork-88a5,49,57,Normal
2026-02-14 15:02:37.868203,NewYork-88a5,21,66,Normal
2026-02-14 15:02:38.868203,NewYork-88a5,-16,92,Normal
2026-02-14 15:02:39.868203,NewYork-88a5,-17,34,Normal
2026-02-14 15:02:40.868203,NewYork-88a5,24,91,Normal
2026-02-14 15:02:41.868203,NewYork-88a5,11,68,Normal
2026-02-14 15:02:42.868203,NewYork-88a5,48,96,Normal
2026-02-14 15:02:43.868203,NewYork-88a5,46,67,Normal
2026-02-14 15:02:44.868203,NewYork-88a5,22,36,Normal
2026-02-14 15:02:45.868203,NewYork-88a5,-29,1,Normal
2026-02-14 15:02:46.868203,NewYork-88a5,6,65,Normal
2026-02-14 15:02:47.868203,NewYork-88a5,-20,35,Normal
2026-02-14 15:02:48.868203,NewYork-88a5,15,65,Normal
2026-02-14 15:02:49.868203,NewYork-88a5,37,17,Normal
2026-02-14 15:02:50.868203,NewYork-88a5,-29,5,Normal
2026-02-14 15:02:51.868203,NewYork-88a5,17,52,Normal
2026-02-14 15:02:52.868203,NewYork-88a5,36,45,Normal
2026-02-14 15:02:53.868203,NewYork-88a5,-15,9,Normal
2026-02-14 15:02:54.868203,NewYork-88a5,2,15,Normal
2026-02-14 15:02:55.868203,NewYork-88a5,-23,38,Normal
2026-02-14 15:02:56.868203,NewYork-88a5,4,65,Normal
2026-02-14 15:02:57.868203,NewYork-88a5,-12,35,Normal
2026-02-14 15:02:58.868203,NewYork-88a5,-16,66,Normal
2026-02-14 15:02:59.868203,NewYork-88a5,39,93,Normal
2026-02-14 15:03:00.868203,NewYork-88a5,26,34,Normal
2026-02-14 15:03:01.868203,NewYork-88a5,-20,5,Normal
2026-02-14 15:03:02.868203,NewYork-88a5,19,57,Normal
2026-02-14 15:03:03.868203,NewYork-88a5,48,97,Normal
2026-02-14 15:03:04.868203,NewYork-88a5,-4,5,Normal
2026-02-14 15:03:05.868203,NewYork-88a5,14,20,Normal
2026-02-14 15:03:06.868203,NewYork-88a5,23,16,Normal
2026-02-14 15:03:07.868203,NewYork-88a5,-22,14,Normal
2026-02-14 15:03:08.868203,NewYork-88a5,20,86,Normal
2026-02-14 15:03:09.868203,NewYork-88a5,-25,0,Normal
2026-02-14 15:03:10.868203,NewYork-88a5,31,86,Normal
2026-02-14 15:03:11.868203,NewYork-88a5,-17,40,Normal
2026-02-14 15:03:12.868203,NewYork-88a5,17,68,Normal
2026-02-14 15:03:13.868203,NewYork-88a5,-29,78,Normal
2026-02-14 15:03:14.868203,NewYork-88a5,16,61,Normal
2026-02-14 15:03:15.868203,NewYork-88a5,-1,70,Normal
2026-02-14 15:03:16.868203,NewYork-88a5,14,81,Normal
2026-02-14 15:03:17.868203,NewYork-88a5,-26,89,Normal
2026-02-14 15:03:18.868203,NewYork-88a5,-9,43,Normal
2026-02-14 15:03:19.868203,NewYork-88a5,29,36,Normal
2026-02-14 15:03:20.868203,NewYork-88a5,39,32,Normal
2026-02-14 15:03:21.868203,NewYork-88a5,-29,13,Normal
2026-02-14 15:03:22.868203,NewYork-88a5,32,6,Normal
2026-02-14 15:03:23.868203,NewYork-88a5,-25,92,Normal
2026-02-14 15:03:24.868203,NewYork-88a5,-19,67,Normal
2026-02-14 15:03:25.868203,NewYork-88a5,26,67,Normal
2026-02-14 15:03:26.868203,NewYork-88a5,-16,49,Normal
2026-02-14 15:03:27.868203,NewYork-88a5,19,87,Normal
2026-02-14 15:03:28.868203,NewYork-88a5,44,85,Normal
2026-02-14 15:03:29.868203,NewYork-88a5,0,84,Normal
2026-02-14 15:03:30.868203,NewYork-88a5,6,49,Normal
2026-02-14 15:03:31.868203,NewYork-88a5,31,77,Normal
2026-02-14 15:03:32.868203,NewYork-88a5,-9,79,Normal
2026-02-14 15:03:33.868203,NewYork-88a5,-30,15,Normal
2026-02-14 15:03:34.868203,NewYork-88a5,17,5,Normal
2026-02-14 15:03:35.868203,NewYork-88a5,-7,73,Normal
2026-02-14 15:03:36.868203,NewYork-88a5,10,4,Normal
2026-02-14 15:03:37.868203,NewYork-88a5,33,25,Normal
2026-02-14 15:03:38.868203,NewYork-88a5,30,78,Normal
2026-02-14 15:03:39.868203,NewYork-88a5,-28,72,Normal
2026-02-14 15:03:40.868203,NewYork-88a5,38,61,Normal
2026-02-14 15:03:41.868203,NewYork-88a5,20,64,Normal
2026-02-14 15:03:42.868203,NewYork-88a5,12,94,Normal
2026-02-14 15:03:43.868203,NewYork-88a5,25,57,Normal
2026-02-14 15:03:44.868203,NewYork-88a5,44,80,Normal
2026-02-14 15:03:45.868203,NewYork-88a5,37,19,Normal
2026-02-14 15:03:46.868203,NewYork-88a5,27,9,Normal
2026-02-14 15:03:47.868203,NewYork-88a5,1,67,Normal
2026-02-14 15:03:48.868203,NewYork-88a5,44,58,Normal
2026-02-14 15:03:49.868203,NewYork-88a5,3,56,Normal
2026-02-14 15:03:50.868203,NewYork-88a5,16,62,Normal
2026-02-14 15:03:51.868203,NewYork-88a5,-12,57,Normal
2026-02-14 15:03:52.868203,NewYork-88a5,-23,95,Normal
2026-02-14 15:03:53.868203,NewYork-88a5,4,38,Normal
2026-02-14 15:03:54.868203,NewYork-88a5,-17,70,Normal
2026-02-14 15:03:55.868203,NewYork-88a5,-3,23,Normal
2026-02-14 15:03:56.868203,NewYork-88a5,11,33,Normal
2026-02-14 15:03:57.868203,NewYork-88a5,29,70,Normal
2026-02-14 15:03:58.868203,NewYork-88a5,35,37,Normal
2026-02-14 15:03:59.868203,NewYork-88a5,3,13,Normal
2026-02-14 15:04:00.868203,NewYork-88a5,33,19,Normal
2026-02-14 15:04:01.868203,NewYork-88a5,26,50,Normal
2026-02-14 15:04:02.868203,NewYork-88a5,-8,75,Normal
2026-02-14 15:04:03.868203,NewYork-88a5,29,3,Normal
2026-02-14 15:04:04.868203,NewYork-88a5,26,43,Normal
2026-02-14 15:04:05.868203,NewYork-88a5,-24,49,Normal
2026-02-14 15:04:06.868203,NewYork-88a5,-10,60,Normal
2026-02-14 15:04:07.868203,NewYork-88a5,-1,34,Normal
2026-02-14 15:04:08.868203,NewYork-88a5,38,29,Normal
2026-02-14 15:04:09.868203,NewYork-88a5,42,57,Normal
2026-02-14 15:04:10.868203,NewYork-88a5,28,3,Normal
2026-02-14 15:04:11.868203,NewYork-88a5,-21,10,Normal
2026-02-14 15:04:12.868203,NewYork-88a5,-24,50,Normal
2026-02-14 15:04:13.868203,NewYork-88a5,37,23,Normal
2026-02-14 15:04:14.868203,NewYork-88a5,-17,81,Normal
2026-02-14 15:04:15.868203,NewYork-88a5,29,91,Normal
2026-02-14 15:04:16.868203,NewYork-88a5,29,0,Normal
2026-02-14 15:04:17.868203,NewYork-88a5,-30,53,Normal
2026-02-14 15:04:18.868203,NewYork-88a5,41,58,Normal
2026-02-14 15:04:19.868203,NewYork-88a5,-9,37,Normal
2026-02-14 15:04:20.868203,NewYork-88a5,28,24,Normal
2026-02-14 15:04:21.868203,NewYork-88a5,32,9,Normal
2026-02-14 15:04:22.868203,NewYork-88a5,-22,48,Normal
2026-02-14 15:04:23.868203,NewYork-88a5,-2,65,Normal
2026-02-14 15:04:24.868203,NewYork-88a5,-14,8,Normal
2026-02-14 15:04:25.868203,NewYork-88a5,32,63,Normal
2026-02-14 15:04:26.868203,NewYork-88a5,46,51,Normal
2026-02-14 15:04:27.868203,NewYork-88a5,-3,76,Normal
2026-02-14 15:04:28.868203,NewYork-88a5,4,42,Normal
2026-02-14 15:04:29.868203,NewYork-88a5,6,41,Normal
2026-02-14 15:04:30.868203,NewYork-88a5,26,51,Normal
2026-02-14 15:04:31.868203,NewYork-88a5,18,48,Normal
2026-02-14 15:04:32.868203,NewYork-88a5,-18,62,Normal
2026-02-14 15:04:33.868203,NewYork-88a5,-22,62,Normal
2026-02-14 15:04:34.868203,NewYork-88a5,2,68,Normal
2026-02-14 15:04:35.868203,NewYork-88a5,-13,91,Normal
2026-02-14 15:04:36.868203,NewYork-88a5,1,11,Normal
2026-02-14 15:04:37.868203,NewYork-88a5,31,21,Normal
2026-02-14 15:04:38.868203,NewYork-88a5,11,60,Normal
2026-02-14 15:04:39.868203,NewYork-88a5,-19,97,Normal
2026-02-14 15:04:40.868203,NewYork-88a5,16,0,Normal
2026-02-14 15:04:41.868203,NewYork-88a5,-17,85,Normal
2026-02-14 15:04:42.868203,NewYork-88a5,41,65,Normal
2026-02-14 15:04:43.868203,NewYork-88a5,16,37,Normal
2026-02-14 15:04:44.868203,NewYork-88a5,-11,93,Normal
2026-02-14 15:04:45.868203,NewYork-88a5,28,80,Normal
2026-02-14 15:04:46.868203,NewYork-88a5,-21,94,Normal
2026-02-14 15:04:47.868203,NewYork-88a5,13,99,Normal
2026-02-14 15:04:48.868203,NewYork-88a5,18,48,Normal
2026-02-14 15:04:49.868203,NewYork-88a5,-4,30,Normal
2026-02-14 15:04:50.868203,NewYork-88a5,4,15,Normal
2026-02-14 15:04:51.868203,NewYork-88a5,-1,62,Normal
2026-02-14 15:04:52.868203,NewYork-88a5,5,62,Normal
2026-02-14 15:04:53.868203,NewYork-88a5,27,73,Normal
2026-02-14 15:04:54.868203,NewYork-88a5,38,94,Normal
2026-02-14 15:04:55.868203,NewYork-88a5,-25,27,Normal
2026-02-14 15:04:56.868203,NewYork-88a5,24,51,Normal
2026-02-14 15:04:57.868203,NewYork-88a5,27,58,Normal
2026-02-14 15:04:58.868203,NewYork-88a5,40,2,Normal
2026-02-14 15:04:59.868203,NewYork-88a5,6,93,Normal
2026-02-14 15:05:00.868203,NewYork-88a5,50,28,Normal
2026-02-14 15:05:01.868203,NewYork-88a5,-17,6,Normal
2026-02-14 15:05:02.868203,NewYork-88a5,9,77,Normal
2026-02-14 15:05:03.868203,NewYork-88a5,13,90,Normal
2026-02-14 15:05:04.868203,NewYork-88a5,31,13,Normal
2026-02-14 15:05:05.868203,NewYork-88a5,46,16,Normal
2026-02-14 15:05:06.868203,NewYork-88a5,-30,48,Normal
2026-02-14 15:05:07.868203,NewYork-88a5,10,26,Normal
2026-02-14 15:05:08.868203,NewYork-88a5,-3,33,Normal
2026-02-14 15:05:09.868203,NewYork-88a5,-20,73,Normal
2026-02-14 15:05:10.868203,NewYork-88a5,-2,14,Normal
2026-02-14 15:05:11.868203,NewYork-88a5,40,62,Normal
2026-02-14 15:05:12.868203,NewYork-88a5,8,63,Normal
2026-02-14 15:05:13.868203,NewYork-88a5,40,17,Normal
2026-02-14 15:05:14.868203,NewYork-88a5,0,78,Normal
2026-02-14 15:05:15.868203,NewYork-88a5,6,74,Normal
2026-02-14 15:05:16.868203,NewYork-88a5,11,5,Normal
2026-02-14 15:05:17.868203,NewYork-88a5,23,30,Normal
2026-02-14 15:05:18.868203,NewYork-88a5,32,54,Normal
2026-02-14 15:05:19.868203,NewYork-88a5,-21,22,Normal
2026-02-14 15:05:20.868203,NewYork-88a5,-10,46,Normal
2026-02-14 15:05:21.868203,NewYork-88a5,40,81,Normal
2026-02-14 15:05:22.868203,NewYork-88a5,21,87,Normal
2026-02-14 15:05:23.868203,NewYork-88a5,-14,40,Normal
2026-02-14 15:05:24.868203,NewYork-88a5,12,48,Normal
2026-02-14 15:05:25.868203,NewYork-88a5,21,18,Normal
2026-02-14 15:05:26.868203,NewYork-88a5,4,56,Normal
2026-02-14 15:05:27.868203,NewYork-88a5,14,29,Normal
2026-02-14 15:05:28.868203,NewYork-88a5,41,97,Normal
2026-02-14 15:05:29.868203,NewYork-88a5,-1,97,Normal
2026-02-14 15:05:30.868203,NewYork-88a5,18,72,Normal
2026-02-14 15:05:31.868203,NewYork-88a5,-20,25,Normal
2026-02-14 15:05:32.868203,NewYork-88a5,-29,77,Normal
2026-02-14 15:05:33.868203,NewYork-88a5,-20,2,Normal
2026-02-14 15:05:34.868203,NewYork-88a5,31,75,Normal
2026-02-14 15:05:35.868203,NewYork-88a5,11,42,Normal
2026-02-14 15:05:36.868203,NewYork-88a5,31,33,Normal
2026-02-14 15:05:37.868203,NewYork-88a5,19,81,Normal
2026-02-14 15:05:38.868203,NewYork-88a5,39,76,Normal
2026-02-14 15:05:39.868203,NewYork-88a5,1,61,Normal
2026-02-14 15:05:40.868203,NewYork-88a5,24,79,Normal
2026-02-14 15:05:41.868203,NewYork-88a5,1,39,Normal
2026-02-14 15:05:42.868203,NewYork-88a5,7,11,Normal
2026-02-14 15:05:43.868203,NewYork-88a5,10,87,Normal
2026-02-14 15:05:44.868203,NewYork-88a5,-6,87,Normal
2026-02-14 15:05:45.868203,NewYork-88a5,35,65,Normal
2026-02-14 15:05:46.868203,NewYork-88a5,24,37,Normal
2026-02-14 15:05:47.868203,NewYork-88a5,26,58,Normal
2026-02-14 15:05:48.868203,NewYork-88a5,-15,70,Normal
2026-02-14 15:05:49.868203,NewYork-88a5,-26,45,Normal
2026-02-14 15:05:50.868203,NewYork-88a5,6,88,Normal
2026-02-14 15:05:51.868203,NewYork-88a5,17,9,Normal
2026-02-14 15:05:52.868203,NewYork-88a5,-29,100,Normal
2026-02-14 15:05:53.868203,NewYork-88a5,-25,49,Normal
2026-02-14 15:05:54.868203,NewYork-88a5,45,98,Normal
2026-02-14 15:05:55.868203,NewYork-88a5,-28,0,Normal
2026-02-14 15:05:56.868203,NewYork-88a5,-25,43,Normal
2026-02-14 15:05:57.868203,NewYork-88a5,-11,1,Normal
2026-02-14 15:05:58.868203,NewYork-88a5,48,24,Normal
2026-02-14 15:05:59.868203,NewYork-88a5,49,93,Normal
2026-02-14 15:06:00.868203,NewYork-88a5,43,8,Normal
2026-02-14 15:06:01.868203,NewYork-88a5,-27,15,Normal
2026-02-14 15:06:02.868203,NewYork-88a5,-2,78,Normal
2026-02-14 15:06:03.868203,NewYork-88a5,23,63,Normal
2026-02-14 15:06:04.868203,NewYork-88a5,3,15,Normal
2026-02-14 15:06:05.868203,NewYork-88a5,-1,81,Normal
2026-02-14 15:06:06.868203,NewYork-88a5,40,71,Normal
2026-02-14 15:06:07.868203,NewYork-88a5,33,80,Normal
2026-02-14 15:06:08.868203,NewYork-88a5,-6,22,Normal
2026-02-14 15:06:09.868203,NewYork-88a5,-29,83,Normal
2026-02-14 15:06:10.868203,NewYork-88a5,11,88,Normal
2026-02-14 15:06:11.868203,NewYork-88a5,22,74,Normal
2026-02-14 15:06:12.868203,NewYork-88a5,49,73,Normal
2026-02-14 15:06:13.868203,NewYork-88a5,13,29,Normal
2026-02-14 15:06:14.868203,NewYork-88a5,38,10,Normal
2026-02-14 15:06:15.868203,NewYork-88a5,0,63,Normal
2026-02-14 15:06:16.868203,NewYork-88a5,-4,80,Normal
2026-02-14 15:06:17.868203,NewYork-88a5,1,34,Normal
2026-02-14 15:06:18.868203,NewYork-88a5,32,68,Normal
2026-02-14 15:06:19.868203,NewYork-88a5,27,42,Normal
2026-02-14 15:06:20.868203,NewYork-88a5,-17,17,Normal
2026-02-14 15:06:21.868203,NewYork-88a5,10,62,Normal
2026-02-14 15:06:22.868203,NewYork-88a5,18,68,Normal
2026-02-14 15:06:23.868203,NewYork-88a5,-8,24,Normal
2026-02-14 15:06:24.868203,NewYork-88a5,-20,12,Normal
2026-02-14 15:06:25.868203,NewYork-88a5,-20,58,Normal
2026-02-14 15:06:26.868203,NewYork-88a5,-1,64,Normal
2026-02-14 15:06:27.868203,NewYork-88a5,-4,3,Normal
2026-02-14 15:06:28.868203,NewYork-88a5,-20,67,Normal
2026-02-14 15:06:29.868203,NewYork-88a5,-29,32,Normal
2026-02-14 15:06:30.868203,NewYork-88a5,21,74,Normal
2026-02-14 15:06:31.868203,NewYork-88a5,34,51,Normal
2026-02-14 15:06:32.868203,NewYork-88a5,40,84,Normal
2026-02-14 15:06:33.868203,NewYork-88a5,26,95,Normal
2026-02-14 15:06:34.868203,NewYork-88a5,35,26,Normal
2026-02-14 15:06:35.868203,NewYork-88a5,2,5,Normal
2026-02-14 15:06:36.868203,NewYork-88a5,32,70,Normal
2026-02-14 15:06:37.868203,NewYork-88a5,-5,62,Normal
2026-02-14 15:06:38.868203,NewYork-88a5,-10,96,Normal
2026-02-14 15:06:39.868203,NewYork-88a5,-17,54,Normal
2026-02-14 15:06:40.868203,NewYork-88a5,41,67,Normal
2026-02-14 15:06:41.868203,NewYork-88a5,10,58,Normal
2026-02-14 15:06:42.868203,NewYork-88a5,24,92,Normal
2026-02-14 15:06:43.868203,NewYork-88a5,47,14,Normal
2026-02-14 15:06:44.868203,NewYork-88a5,16,85,Normal
2026-02-14 15:06:45.868203,NewYork-88a5,27,40,Normal
2026-02-14 15:06:46.868203,NewYork-88a5,4,11,Normal
2026-02-14 15:06:47.868203,NewYork-88a5,-3,40,Normal
2026-02-14 15:06:48.868203,NewYork-88a5,-25,48,Normal
2026-02-14 15:06:49.868203,NewYork-88a5,40,45,Normal
2026-02-14 15:06:50.868203,NewYork-88a5,-21,19,Normal
2026-02-14 15:06:51.868203,NewYork-88a5,41,29,Normal
2026-02-14 15:06:52.868203,NewYork-88a5,4,21,Normal
2026-02-14 15:06:53.868203,NewYork-88a5,37,9,Normal
2026-02-14 15:06:54.868203,NewYork-88a5,30,17,Normal
2026-02-14 15:06:55.868203,NewYork-88a5,37,94,Normal
2026-02-14 15:06:56.868203,NewYork-88a5,38,34,Normal
2026-02-14 15:06:57.868203,NewYork-88a5,-24,72,Normal
2026-02-14 15:06:58.868203,NewYork-88a5,44,28,Normal
2026-02-14 15:06:59.868203,NewYork-88a5,-4,91,Normal
2026-02-14 15:07:00.868203,NewYork-88a5,26,51,Normal
2026-02-14 15:07:01.868203,NewYork-88a5,-28,16,Normal
2026-02-14 15:07:02.868203,NewYork-88a5,-7,99,Normal
2026-02-14 15:07:03.868203,NewYork-88a5,31,68,Normal
2026-02-14 15:07:04.868203,NewYork-88a5,37,78,Normal
2026-02-14 15:07:05.868203,NewYork-88a5,42,80,Normal
2026-02-14 15:07:06.868203,NewYork-88a5,-3,84,Normal
2026-02-14 15:07:07.868203,NewYork-88a5,-1,3,Normal
2026-02-14 15:07:08.868203,NewYork-88a5,42,23,Normal
2026-02-14 15:07:09.868203,NewYork-88a5,-12,98,Normal
2026-02-14 15:07:10.868203,NewYork-88a5,-14,22,Normal
2026-02-14 15:07:11.868203,NewYork-88a5,3,96,Normal
2026-02-14 15:07:12.868203,NewYork-88a5,-16,0,Normal
2026-02-14 15:07:13.868203,NewYork-88a5,33,81,Normal
2026-02-14 15:07:14.868203,NewYork-88a5,7,35,Normal
2026-02-14 15:07:15.868203,NewYork-88a5,6,99,Normal
2026-02-14 15:07:16.868203,NewYork-88a5,-1,87,Normal
2026-02-14 15:07:17.868203,NewYork-88a5,43,73,Normal
2026-02-14 15:07:18.868203,NewYork-88a5,-17,26,Normal
2026-02-14 15:07:19.868203,NewYork-88a5,20,42,Normal
2026-02-14 15:07:20.868203,NewYork-88a5,39,62,Normal
2026-02-14 15:07:21.868203,NewYork-88a5,33,61,Normal
2026-02-14 15:07:22.868203,NewYork-88a5,40,27,Normal
2026-02-14 15:07:23.868203,NewYork-88a5,-2,95,Normal
2026-02-14 15:07:24.868203,NewYork-88a5,-14,19,Normal
2026-02-14 15:07:25.868203,NewYork-88a5,16,85,Normal
2026-02-14 15:07:26.868203,NewYork-88a5,14,3,Normal
2026-02-14 15:07:27.868203,NewYork-88a5,47,85,Normal
2026-02-14 15:07:28.868203,NewYork-88a5,41,23,Normal
2026-02-14 15:07:29.868203,NewYork-88a5,39,32,Normal
2026-02-14 15:07:30.868203,NewYork-88a5,47,78,Normal
2026-02-14 15:07:31.868203,NewYork-88a5,0,5,Normal
2026-02-14 15:07:32.868203,NewYork-88a5,-1,5,Normal
2026-02-14 15:07:33.868203,NewYork-88a5,-2,72,Normal
2026-02-14 15:07:34.868203,NewYork-88a5,14,64,Normal
2026-02-14 15:07:35.868203,NewYork-88a5,-6,79,Normal
2026-02-14 15:07:36.868203,NewYork-88a5,0,54,Normal
2026-02-14 15:07:37.868203,NewYork-88a5,-28,81,Normal
2026-02-14 15:07:38.868203,NewYork-88a5,-9,26,Normal
2026-02-14 15:07:39.868203,NewYork-88a5,3,30,Normal
2026-02-14 15:07:40.868203,NewYork-88a5,-25,18,Normal
2026-02-14 15:07:41.868203,NewYork-88a5,-11,6,Normal
2026-02-14 15:07:42.868203,NewYork-88a5,28,71,Normal
2026-02-14 15:07:43.868203,NewYork-88a5,-24,100,Normal
2026-02-14 15:07:44.868203,NewYork-88a5,-15,1,Normal
2026-02-14 15:07:45.868203,NewYork-88a5,-8,62,Normal
2026-02-14 15:07:46.868203,NewYork-88a5,-10,68,Normal
2026-02-14 15:07:47.868203,NewYork-88a5,43,1,Normal
2026-02-14 15:07:48.868203,NewYork-88a5,-18,38,Normal
2026-02-14 15:07:49.868203,NewYork-88a5,31,97,Normal
2026-02-14 15:07:50.868203,NewYork-88a5,-18,8,Normal
2026-02-14 15:07:51.868203,NewYork-88a5,23,65,Normal
2026-02-14 15:07:52.868203,NewYork-88a5,-16,88,Normal
2026-02-14 15:07:53.868203,NewYork-88a5,4,36,Normal
2026-02-14 15:07:54.868203,NewYork-88a5,24,21,Normal
2026-02-14 15:07:55.868203,NewYork-88a5,49,59,Normal
2026-02-14 15:07:56.868203,NewYork-88a5,21,25,Normal
2026-02-14 15:07:57.868203,NewYork-88a5,42,68,Normal
2026-02-14 15:07:58.868203,NewYork-88a5,50,68,Normal
2026-02-14 15:07:59.868203,NewYork-88a5,43,49,Normal
2026-02-14 15:08:00.868203,NewYork-88a5,39,67,Normal
2026-02-14 15:08:01.868203,NewYork-88a5,-8,19,Normal
2026-02-14 15:08:02.868203,NewYork-88a5,25,57,Normal
2026-02-14 15:08:03.868203,NewYork-88a5,43,63,Normal
2026-02-14 15:08:04.868203,NewYork-88a5,19,87,Normal
2026-02-14 15:08:05.868203,NewYork-88a5,23,33,Normal
2026-02-14 15:08:06.868203,NewYork-88a5,-14,3,Normal
2026-02-14 15:08:07.868203,NewYork-88a5,39,75,Normal
2026-02-14 15:08:08.868203,NewYork-88a5,-3,65,Normal
2026-02-14 15:08:09.868203,NewYork-88a5,2,32,Normal
2026-02-14 15:08:10.868203,NewYork-88a5,9,27,Normal
2026-02-14 15:08:11.868203,NewYork-88a5,21,6,Normal
2026-02-14 15:08:12.868203,NewYork-88a5,25,78,Normal
2026-02-14 15:08:13.868203,NewYork-88a5,6,75,Normal
2026-02-14 15:08:14.868203,NewYork-88a5,-4,80,Normal
2026-02-14 15:08:15.868203,NewYork-88a5,-6,40,Normal
2026-02-14 15:08:16.868203,NewYork-88a5,34,74,Normal
2026-02-14 15:08:17.868203,NewYork-88a5,-2,36,Normal
2026-02-14 15:08:18.868203,NewYork-88a5,35,88,Normal
2026-02-14 15:08:19.868203,NewYork-88a5,23,73,Normal
2026-02-14 15:08:20.868203,NewYork-88a5,3,53,Normal
2026-02-14 15:08:21.868203,NewYork-88a5,10,9,Normal
2026-02-14 15:08:22.868203,NewYork-88a5,11,48,Normal
2026-02-14 15:08:23.868203,NewYork-88a5,40,1,Normal
2026-02-14 15:08:24.868203,NewYork-88a5,19,85,Normal
2026-02-14 15:08:25.868203,NewYork-88a5,-5,89,Normal
2026-02-14 15:08:26.868203,NewYork-88a5,-19,3,Normal
2026-02-14 15:08:27.868203,NewYork-88a5,-14,59,Normal
2026-02-14 15:08:28.868203,NewYork-88a5,14,10,Normal
2026-02-14 15:08:29.868203,NewYork-88a5,-29,87,Normal
2026-02-14 15:08:30.868203,NewYork-88a5,-3,49,Normal
2026-02-14 15:08:31.868203,NewYork-88a5,3,23,Normal
2026-02-14 15:08:32.868203,NewYork-88a5,-21,61,Normal
2026-02-14 15:08:33.868203,NewYork-88a5,29,11,Normal
2026-02-14 15:08:34.868203,NewYork-88a5,27,65,Normal
2026-02-14 15:08:35.868203,NewYork-88a5,-6,42,Normal
2026-02-14 15:08:36.868203,NewYork-88a5,18,71,Normal
2026-02-14 15:08:37.868203,NewYork-88a5,-13,59,Normal
2026-02-14 15:08:38.868203,NewYork-88a5,-4,13,Normal
2026-02-14 15:08:39.868203,NewYork-88a5,19,15,Normal
2026-02-14 15:08:40.868203,NewYork-88a5,-8,21,Normal
2026-02-14 15:08:41.868203,NewYork-88a5,28,83,Normal
2026-02-14 15:08:42.868203,NewYork-88a5,-30,82,Normal
2026-02-14 15:08:43.868203,NewYork-88a5,-3,43,Normal
2026-02-14 15:08:44.868203,NewYork-88a5,-20,78,Normal
2026-02-14 15:08:45.868203,NewYork-88a5,48,5,Normal
2026-02-14 15:08:46.868203,NewYork-88a5,8,0,Normal
2026-02-14 15:08:47.868203,NewYork-88a5,47,75,Normal
2026-02-14 15:08:48.868203,NewYork-88a5,-19,18,Normal
2026-02-14 15:08:49.868203,NewYork-88a5,7,31,Normal
2026-02-14 15:08:50.868203,NewYork-88a5,48,7,Normal
2026-02-14 15:08:51.868203,NewYork-88a5,-21,73,Normal
2026-02-14 15:08:52.868203,NewYork-88a5,38,56,Normal
2026-02-14 15:08:53.868203,NewYork-88a5,22,44,Normal
2026-02-14 15:08:54.868203,NewYork-88a5,38,54,Normal
2026-02-14 15:08:55.868203,NewYork-88a5,6,32,Normal
2026-02-14 15:08:56.868203,NewYork-88a5,12,83,Normal
2026-02-14 15:08:57.868203,NewYork-88a5,-10,51,Normal
2026-02-14 15:08:58.868203,NewYork-88a5,32,92,Normal
2026-02-14 15:08:59.868203,NewYork-88a5,7,3,Normal
2026-02-14 15:09:00.868203,NewYork-88a5,38,96,Normal
2026-02-14 15:09:01.868203,NewYork-88a5,30,25,Normal
2026-02-14 15:09:02.868203,NewYork-88a5,-30,43,Normal
2026-02-14 15:09:03.868203,NewYork-88a5,-27,31,Normal
2026-02-14 15:09:04.868203,NewYork-88a5,50,61,Normal
2026-02-14 15:09:05.868203,NewYork-88a5,42,18,Normal
2026-02-14 15:09:06.868203,NewYork-88a5,-13,32,Normal
2026-02-14 15:09:07.868203,NewYork-88a5,-10,31,Normal
2026-02-14 15:09:08.868203,NewYork-88a5,43,100,Normal
2026-02-14 15:09:09.868203,NewYork-88a5,46,75,Normal
2026-02-14 15:09:10.868203,NewYork-88a5,19,20,Normal
2026-02-14 15:09:11.868203,NewYork-88a5,1,93,Normal
2026-02-14 15:09:12.868203,NewYork-88a5,34,40,Normal
2026-02-14 15:09:13.868203,NewYork-88a5,29,77,Normal
2026-02-14 15:09:14.868203,NewYork-88a5,37,90,Normal
2026-02-14 15:09:15.868203,NewYork-88a5,-1,84,Normal
2026-02-14 15:09:16.868203,NewYork-88a5,3,92,Normal
2026-02-14 15:09:17.868203,NewYork-88a5,5,44,Normal
2026-02-14 15:09:18.868203,NewYork-88a5,-22,76,Normal
2026-02-14 15:09:19.868203,NewYork-88a5,24,19,Normal
2026-02-14 15:09:20.868203,NewYork-88a5,11,20,Normal
2026-02-14 15:09:21.868203,NewYork-88a5,-2,54,Normal
2026-02-14 15:09:22.868203,NewYork-88a5,43,33,Normal
2026-02-14 15:09:23.868203,NewYork-88a5,-11,95,Normal
2026-02-14 15:09:24.868203,NewYork-88a5,20,11,Normal
2026-02-14 15:09:25.868203,NewYork-88a5,-21,30,Normal
2026-02-14 15:09:26.868203,NewYork-88a5,-14,96,Normal
2026-02-14 15:09:27.868203,NewYork-88a5,12,21,Normal
2026-02-14 15:09:28.868203,NewYork-88a5,4,99,Normal
2026-02-14 15:09:29.868203,NewYork-88a5,-6,91,Normal
2026-02-14 15:09:30.868203,NewYork-88a5,38,87,Normal
2026-02-14 15:09:31.868203,NewYork-88a5,-16,12,Normal
2026-02-14 15:09:32.868203,NewYork-88a5,-28,68,Normal
2026-02-14 15:09:33.868203,NewYork-88a5,41,44,Normal
2026-02-14 15:09:34.868203,NewYork-88a5,29,49,Normal
2026-02-14 15:09:35.868203,NewYork-88a5,34,13,Normal
2026-02-14 15:09:36.868203,NewYork-88a5,-17,27,Normal
2026-02-14 15:09:37.868203,NewYork-88a5,-14,36,Normal
2026-02-14 15:09:38.868203,NewYork-88a5,37,37,Normal
2026-02-14 15:09:39.868203,NewYork-88a5,18,11,Normal
2026-02-14 15:09:40.868203,NewYork-88a5,33,76,Normal
2026-02-14 15:09:41.868203,NewYork-88a5,-13,60,Normal
2026-02-14 15:09:42.868203,NewYork-88a5,-12,81,Normal
2026-02-14 15:09:43.868203,NewYork-88a5,25,24,Normal
2026-02-14 15:09:44.868203,NewYork-88a5,6,42,Normal
2026-02-14 15:09:45.868203,NewYork-88a5,2,70,Normal
2026-02-14 15:09:46.868203,NewYork-88a5,29,63,Normal
2026-02-14 15:09:47.868203,NewYork-88a5,25,39,Normal
2026-02-14 15:09:48.868203,NewYork-88a5,-5,78,Normal
2026-02-14 15:09:49.868203,NewYork-88a5,46,22,Normal
2026-02-14 15:09:50.868203,NewYork-88a5,-26,39,Normal
2026-02-14 15:09:51.868203,NewYork-88a5,0,67,Normal
2026-02-14 15:09:52.868203,NewYork-88a5,-19,57,Normal
2026-02-14 15:09:53.868203,NewYork-88a5,45,68,Normal
2026-02-14 15:09:54.868203,NewYork-88a5,-12,63,Normal
2026-02-14 15:09:55.868203,NewYork-88a5,1,15,Normal
2026-02-14 15:09:56.868203,NewYork-88a5,-17,75,Normal
2026-02-14 15:09:57.868203,NewYork-88a5,-15,99,Normal
2026-02-14 15:09:58.868203,NewYork-88a5,19,10,Normal
2026-02-14 15:09:59.868203,NewYork-88a5,-4,76,Normal
2026-02-14 15:10:00.868203,NewYork-88a5,-1,59,Normal
2026-02-14 15:10:01.868203,NewYork-88a5,9,31,Normal
2026-02-14 15:10:02.868203,NewYork-88a5,35,24,Normal
2026-02-14 15:10:03.868203,NewYork-88a5,9,86,Normal
2026-02-14 15:10:04.868203,NewYork-88a5,-6,91,Normal
2026-02-14 15:10:05.868203,NewYork-88a5,4,68,Normal
2026-02-14 15:10:06.868203,NewYork-88a5,41,66,Normal
2026-02-14 15:10:07.868203,NewYork-88a5,17,49,Normal
2026-02-14 15:10:08.868203,NewYork-88a5,44,47,Normal
2026-02-14 15:10:09.868203,NewYork-88a5,35,84,Normal
2026-02-14 15:10:10.868203,NewYork-88a5,49,20,Normal
2026-02-14 15:10:11.868203,NewYork-88a5,47,46,Normal
2026-02-14 15:10:12.868203,NewYork-88a5,13,57,Normal
2026-02-14 15:10:13.868203,NewYork-88a5,22,11,Normal
2026-02-14 15:10:14.868203,NewYork-88a5,-24,7,Normal
2026-02-14 15:10:15.868203,NewYork-88a5,4,63,Normal
2026-02-14 15:10:16.868203,NewYork-88a5,27,4,Normal
2026-02-14 15:10:17.868203,NewYork-88a5,-25,44,Normal
2026-02-14 15:10:18.868203,NewYork-88a5,10,70,Normal
2026-02-14 15:10:19.868203,NewYork-88a5,-19,44,Normal
2026-02-14 15:10:20.868203,NewYork-88a5,-16,8,Normal
2026-02-14 15:10:21.868203,NewYork-88a5,22,50,Normal
2026-02-14 15:10:22.868203,NewYork-88a5,31,79,Normal
2026-02-14 15:10:23.868203,NewYork-88a5,12,70,Normal
2026-02-14 15:10:24.868203,NewYork-88a5,-24,73,Normal
2026-02-14 15:10:25.868203,NewYork-88a5,9,90,Normal
2026-02-14 15:10:26.868203,NewYork-88a5,41,6,Normal
2026-02-14 15:10:27.868203,NewYork-88a5,-25,45,Normal
2026-02-14 15:10:28.868203,NewYork-88a5,13,3,Normal
2026-02-14 15:10:29.868203,NewYork-88a5,-14,1,Normal
2026-02-14 15:10:30.868203,NewYork-88a5,28,63,Normal
2026-02-14 15:10:31.868203,NewYork-88a5,36,96,Normal
2026-02-14 15:10:32.868203,NewYork-88a5,13,70,Normal
2026-02-14 15:10:33.868203,NewYork-88a5,8,21,Normal
2026-02-14 15:10:34.868203,NewYork-88a5,-8,96,Normal
2026-02-14 15:10:35.868203,NewYork-88a5,19,95,Normal
2026-02-14 15:10:36.868203,NewYork-88a5,-1,31,Normal
2026-02-14 15:10:37.868203,NewYork-88a5,-9,87,Normal
2026-02-14 15:10:38.868203,NewYork-88a5,50,86,Normal
2026-02-14 15:10:39.868203,NewYork-88a5,39,55,Normal
2026-02-14 15:10:40.868203,NewYork-88a5,-17,23,Normal
2026-02-14 15:10:41.868203,NewYork-88a5,50,24,Normal
2026-02-14 15:10:42.868203,NewYork-88a5,42,58,Normal
2026-02-14 15:10:43.868203,NewYork-88a5,36,60,Normal
2026-02-14 15:10:44.868203,NewYork-88a5,35,79,Normal
2026-02-14 15:10:45.868203,NewYork-88a5,-27,57,Normal
2026-02-14 15:10:46.868203,NewYork-88a5,-23,13,Normal
2026-02-14 15:10:47.868203,NewYork-88a5,50,93,Normal
2026-02-14 15:10:48.868203,NewYork-88a5,-18,21,Normal
2026-02-14 15:10:49.868203,NewYork-88a5,26,91,Normal
2026-02-14 15:10:50.868203,NewYork-88a5,11,17,Normal
2026-02-14 15:10:51.868203,NewYork-88a5,29,17,Normal
2026-02-14 15:10:52.868203,NewYork-88a5,12,57,Normal
2026-02-14 15:10:53.868203,NewYork-88a5,-19,27,Normal
2026-02-14 15:10:54.868203,NewYork-88a5,-23,42,Normal
2026-02-14 15:10:55.868203,NewYork-88a5,7,0,Normal
2026-02-14 15:10:56.868203,NewYork-88a5,13,44,Normal
2026-02-14 15:10:57.868203,NewYork-88a5,-20,13,Normal
2026-02-14 15:10:58.868203,NewYork-88a5,-6,32,Normal
2026-02-14 15:10:59.868203,NewYork-88a5,10,71,Normal
2026-02-14 15:11:00.868203,NewYork-88a5,35,73,Normal
2026-02-14 15:11:01.868203,NewYork-88a5,-20,57,Normal
2026-02-14 15:11:02.868203,NewYork-88a5,-6,42,Normal
2026-02-14 15:11:03.868203,NewYork-88a5,24,41,Normal
2026-02-14 15:11:04.868203,NewYork-88a5,-21,55,Normal
2026-02-14 15:11:05.868203,NewYork-88a5,48,37,Normal
2026-02-14 15:11:06.868203,NewYork-88a5,8,85,Normal
2026-02-14 15:11:07.868203,NewYork-88a5,16,35,Normal
2026-02-14 15:11:08.868203,NewYork-88a5,47,45,Normal
2026-02-14 15:11:09.868203,NewYork-88a5,-8,31,Normal
2026-02-14 15:11:10.868203,NewYork-88a5,32,48,Normal
2026-02-14 15:11:11.868203,NewYork-88a5,18,35,Normal
2026-02-14 15:11:12.868203,NewYork-88a5,-19,79,Normal
2026-02-14 15:11:13.868203,NewYork-88a5,29,69,Normal
2026-02-14 15:11:14.868203,NewYork-88a5,48,79,Normal
2026-02-14 15:11:15.868203,NewYork-88a5,37,24,Normal
2026-02-14 15:11:16.868203,NewYork-88a5,31,99,Normal
2026-02-14 15:11:17.868203,NewYork-88a5,-20,90,Normal
2026-02-14 15:11:18.868203,NewYork-88a5,-27,37,Normal
2026-02-14 15:11:19.868203,NewYork-88a5,3,22,Normal
2026-02-14 15:11:20.868203,NewYork-88a5,-10,3,Normal
2026-02-14 15:11:21.868203,NewYork-88a5,-14,11,Normal
2026-02-14 15:11:22.868203,NewYork-88a5,3,12,Normal
2026-02-14 15:11:23.868203,NewYork-88a5,41,21,Normal
2026-02-14 15:11:24.868203,NewYork-88a5,-18,33,Normal
2026-02-14 15:11:25.868203,NewYork-88a5,4,72,Normal
2026-02-14 15:11:26.868203,NewYork-88a5,30,76,Normal
2026-02-14 15:11:27.868203,NewYork-88a5,18,95,Normal
2026-02-14 15:11:28.868203,NewYork-88a5,-9,20,Normal
2026-02-14 15:11:29.868203,NewYork-88a5,-1,99,Normal
2026-02-14 15:11:30.868203,NewYork-88a5,36,88,Normal
2026-02-14 15:11:31.868203,NewYork-88a5,-11,37,Normal
2026-02-14 15:11:32.868203,NewYork-88a5,50,23,Normal
2026-02-14 15:11:33.868203,NewYork-88a5,10,48,Normal
2026-02-14 15:11:34.868203,NewYork-88a5,-20,49,Normal
2026-02-14 15:11:35.868203,NewYork-88a5,-21,62,Normal
2026-02-14 15:11:36.868203,NewYork-88a5,11,30,Normal
2026-02-14 15:11:37.868203,NewYork-88a5,19,75,Normal
2026-02-14 15:11:38.868203,NewYork-88a5,-29,3,Normal
2026-02-14 15:11:39.868203,NewYork-88a5,7,70,Normal
2026-02-14 15:11:40.868203,NewYork-88a5,48,50,Normal
2026-02-14 15:11:41.868203,NewYork-88a5,-11,73,Normal
2026-02-14 15:11:42.868203,NewYork-88a5,-28,26,Normal
2026-02-14 15:11:43.868203,NewYork-88a5,24,0,Normal
2026-02-14 15:11:44.868203,NewYork-88a5,12,2,Normal
2026-02-14 15:11:45.868203,NewYork-88a5,-12,75,Normal
2026-02-14 15:11:46.868203,NewYork-88a5,-22,79,Normal
2026-02-14 15:11:47.868203,NewYork-88a5,45,52,Normal
2026-02-14 15:11:48.868203,NewYork-88a5,-13,84,Normal
2026-02-14 15:11:49.868203,NewYork-88a5,26,51,Normal
2026-02-14 15:11:50.868203,NewYork-88a5,-4,19,Normal
2026-02-14 15:11:51.868203,NewYork-88a5,35,87,Normal
2026-02-14 15:11:52.868203,NewYork-88a5,8,16,Normal
2026-02-14 15:11:53.868203,NewYork-88a5,47,46,Normal
2026-02-14 15:11:54.868203,NewYork-88a5,-14,28,Normal
2026-02-14 15:11:55.868203,NewYork-88a5,1,45,Normal
2026-02-14 15:11:56.868203,NewYork-88a5,42,68,Normal
2026-02-14 15:11:57.868203,NewYork-88a5,12,52,Normal
2026-02-14 15:11:58.868203,NewYork-88a5,-26,71,Normal
2026-02-14 15:11:59.868203,NewYork-88a5,36,90,Normal
2026-02-14 15:12:00.868203,NewYork-88a5,-26,73,Normal
2026-02-14 15:12:01.868203,NewYork-88a5,8,37,Normal
2026-02-14 15:12:02.868203,NewYork-88a5,-25,2,Normal
2026-02-14 15:12:03.868203,NewYork-88a5,10,70,Normal
2026-02-14 15:12:04.868203,NewYork-88a5,26,44,Normal
2026-02-14 15:12:05.868203,NewYork-88a5,14,37,Normal
2026-02-14 15:12:06.868203,NewYork-88a5,37,36,Normal
2026-02-14 15:12:07.868203,NewYork-88a5,43,33,Normal
2026-02-14 15:12:08.868203,NewYork-88a5,-21,77,Normal
2026-02-14 15:12:09.868203,NewYork-88a5,44,8,Normal
2026-02-14 15:12:10.868203,NewYork-88a5,36,28,Normal
2026-02-14 15:12:11.868203,NewYork-88a5,-8,54,Normal
2026-02-14 15:12:12.868203,NewYork-88a5,29,13,Normal
2026-02-14 15:12:13.868203,NewYork-88a5,10,78,Normal
2026-02-14 15:12:14.868203,NewYork-88a5,46,37,Normal
2026-02-14 15:12:15.868203,NewYork-88a5,6,3,Normal
2026-02-14 15:12:16.868203,NewYork-88a5,1,86,Normal
2026-02-14 15:12:17.868203,NewYork-88a5,-8,71,Normal
2026-02-14 15:12:18.868203,NewYork-88a5,27,67,Normal
2026-02-14 15:12:19.868203,NewYork-88a5,-28,27,Normal
2026-02-14 15:12:20.868203,NewYork-88a5,49,32,Normal
2026-02-14 15:12:21.868203,NewYork-88a5,-23,65,Normal
2026-02-14 15:12:22.868203,NewYork-88a5,-30,67,Normal
2026-02-14 15:12:23.868203,NewYork-88a5,-13,19,Normal
2026-02-14 15:12:24.868203,NewYork-88a5,5,79,Normal
2026-02-14 15:12:25.868203,NewYork-88a5,6,46,Normal
2026-02-14 15:12:26.868203,NewYork-88a5,45,74,Normal
2026-02-14 15:12:27.868203,NewYork-88a5,24,0,Normal
2026-02-14 15:12:28.868203,NewYork-88a5,-15,82,Normal
2026-02-14 15:12:29.868203,NewYork-88a5,-17,23,Normal
2026-02-14 15:12:30.868203,NewYork-88a5,-30,84,Normal
2026-02-14 15:12:31.868203,NewYork-88a5,-21,9,Normal
2026-02-14 15:12:32.868203,NewYork-88a5,-28,57,Normal
2026-02-14 15:12:33.868203,NewYork-88a5,15,57,Normal
2026-02-14 15:12:34.868203,NewYork-88a5,7,61,Normal
2026-02-14 15:12:35.868203,NewYork-88a5,30,43,Normal
2026-02-14 15:12:36.868203,NewYork-88a5,45,73,Normal
2026-02-14 15:12:37.868203,NewYork-88a5,21,69,Normal
2026-02-14 15:12:38.868203,NewYork-88a5,29,8,Normal
2026-02-14 15:12:39.868203,NewYork-88a5,-5,15,Normal
2026-02-14 15:12:40.868203,NewYork-88a5,28,99,Normal
2026-02-14 15:12:41.868203,NewYork-88a5,-13,84,Normal
2026-02-14 15:12:42.868203,NewYork-88a5,-4,53,Normal
2026-02-14 15:12:43.868203,NewYork-88a5,48,26,Normal
2026-02-14 15:12:44.868203,NewYork-88a5,8,88,Normal
2026-02-14 15:12:45.868203,NewYork-88a5,42,73,Normal
2026-02-14 15:12:46.868203,NewYork-88a5,27,8,Normal
2026-02-14 15:12:47.868203,NewYork-88a5,40,21,Normal
2026-02-14 15:12:48.868203,NewYork-88a5,16,54,Normal
2026-02-14 15:12:49.868203,NewYork-88a5,-13,62,Normal
2026-02-14 15:12:50.868203,NewYork-88a5,-13,0,Normal
2026-02-14 15:12:51.868203,NewYork-88a5,8,77,Normal
2026-02-14 15:12:52.868203,NewYork-88a5,28,60,Normal
2026-02-14 15:12:53.868203,NewYork-88a5,27,51,Normal
2026-02-14 15:12:54.868203,NewYork-88a5,47,69,Normal
2026-02-14 15:12:55.868203,NewYork-88a5,48,0,Normal
2026-02-14 15:12:56.868203,NewYork-88a5,-23,72,Normal
2026-02-14 15:12:57.868203,NewYork-88a5,48,46,Normal
2026-02-14 15:12:58.868203,NewYork-88a5,11,17,Normal
2026-02-14 15:12:59.868203,NewYork-88a5,48,99,Normal
2026-02-14 15:13:00.868203,NewYork-88a5,47,40,Normal
2026-02-14 15:13:01.868203,NewYork-88a5,21,45,Normal
2026-02-14 15:13:02.868203,NewYork-88a5,31,13,Normal
2026-02-14 15:13:03.868203,NewYork-88a5,24,86,Normal
2026-02-14 15:13:04.868203,NewYork-88a5,30,77,Normal
2026-02-14 15:13:05.868203,NewYork-88a5,2,10,Normal
2026-02-14 15:13:06.868203,NewYork-88a5,-21,100,Normal
2026-02-14 15:13:07.868203,NewYork-88a5,-21,48,Normal
2026-02-14 15:13:08.868203,NewYork-88a5,-9,85,Normal
2026-02-14 15:13:09.868203,NewYork-88a5,-24,62,Normal
2026-02-14 15:13:10.868203,NewYork-88a5,11,60,Normal
2026-02-14 15:13:11.868203,NewYork-88a5,2,41,Normal
2026-02-14 15:13:12.868203,NewYork-88a5,35,96,Normal
2026-02-14 15:13:13.868203,NewYork-88a5,-1,85,Normal
2026-02-14 15:13:14.868203,NewYork-88a5,-11,23,Normal
2026-02-14 15:13:15.868203,NewYork-88a5,27,59,Normal
2026-02-14 15:13:16.868203,NewYork-88a5,-26,78,Normal
2026-02-14 15:13:17.868203,NewYork-88a5,31,92,Normal
2026-02-14 15:13:18.868203,NewYork-88a5,-29,71,Normal
2026-02-14 15:13:19.868203,NewYork-88a5,48,56,Normal
2026-02-14 15:13:20.868203,NewYork-88a5,-11,99,Normal
2026-02-14 15:13:21.868203,NewYork-88a5,41,34,Normal
2026-02-14 15:13:22.868203,NewYork-88a5,18,67,Normal
2026-02-14 15:13:23.868203,NewYork-88a5,-7,80,Normal
2026-02-14 15:13:24.868203,NewYork-88a5,12,24,Normal
2026-02-14 15:13:25.868203,NewYork-88a5,3,23,Normal
2026-02-14 15:13:26.868203,NewYork-88a5,42,44,Normal
2026-02-14 15:13:27.868203,NewYork-88a5,19,94,Normal
2026-02-14 15:13:28.868203,NewYork-88a5,34,46,Normal
2026-02-14 15:13:29.868203,NewYork-88a5,18,61,Normal
2026-02-14 15:13:30.868203,NewYork-88a5,49,86,Normal
2026-02-14 15:13:31.868203,NewYork-88a5,-18,92,Normal
2026-02-14 15:13:32.868203,NewYork-88a5,26,89,Normal
2026-02-14 15:13:33.868203,NewYork-88a5,23,33,Normal
2026-02-14 15:13:34.868203,NewYork-88a5,-29,58,Normal
2026-02-14 15:13:35.868203,NewYork-88a5,37,54,Normal
2026-02-14 15:13:36.868203,NewYork-88a5,-1,32,Normal
2026-02-14 15:13:37.868203,NewYork-88a5,-28,9,Normal
2026-02-14 15:13:38.868203,NewYork-88a5,10,46,Normal
2026-02-14 15:13:39.868203,NewYork-88a5,48,60,Normal
2026-02-14 15:13:40.868203,NewYork-88a5,12,51,Normal
2026-02-14 15:13:41.868203,NewYork-88a5,15,27,Normal
2026-02-14 15:13:42.868203,NewYork-88a5,-4,61,Normal
2026-02-14 15:13:43.868203,NewYork-88a5,-10,1,Normal
2026-02-14 15:13:44.868203,NewYork-88a5,35,39,Normal
2026-02-14 15:13:45.868203,NewYork-88a5,-6,41,Normal
2026-02-14 15:13:46.868203,NewYork-88a5,-30,85,Normal
2026-02-14 15:13:47.868203,NewYork-88a5,-30,1,Normal
2026-02-14 15:13:48.868203,NewYork-88a5,-27,44,Normal
2026-02-14 15:13:49.868203,NewYork-88a5,-9,22,Normal
2026-02-14 15:13:50.868203,NewYork-88a5,-17,9,Normal
2026-02-14 15:13:51.868203,NewYork-88a5,-6,25,Normal
2026-02-14 15:13:52.868203,NewYork-88a5,-19,27,Normal
2026-02-14 15:13:53.868203,NewYork-88a5,-3,96,Normal
2026-02-14 15:13:54.868203,NewYork-88a5,12,55,Normal
2026-02-14 15:13:55.868203,NewYork-88a5,41,97,Normal
2026-02-14 15:13:56.868203,NewYork-88a5,-30,51,Normal
2026-02-14 15:13:57.868203,NewYork-88a5,-3,47,Normal
2026-02-14 15:13:58.868203,NewYork-88a5,50,34,Normal
2026-02-14 15:13:59.868203,NewYork-88a5,6,66,Normal
2026-02-14 15:14:00.868203,NewYork-88a5,26,6,Normal
2026-02-14 15:14:01.868203,NewYork-88a5,-19,6,Normal
2026-02-14 15:14:02.868203,NewYork-88a5,28,61,Normal
2026-02-14 15:14:03.868203,NewYork-88a5,34,54,Normal
2026-02-14 15:14:04.868203,NewYork-88a5,-15,37,Normal
2026-02-14 15:14:05.868203,NewYork-88a5,32,17,Normal
2026-02-14 15:14:06.868203,NewYork-88a5,-17,81,Normal
2026-02-14 15:14:07.868203,NewYork-88a5,48,29,Normal
2026-02-14 15:14:08.868203,NewYork-88a5,-3,79,Normal
2026-02-14 15:14:09.868203,NewYork-88a5,50,69,Normal
2026-02-14 15:14:10.868203,NewYork-88a5,43,1,Normal
2026-02-14 15:14:11.868203,NewYork-88a5,17,64,Normal
2026-02-14 15:14:12.868203,NewYork-88a5,38,85,Normal
2026-02-14 15:14:13.868203,NewYork-88a5,-5,27,Normal
2026-02-14 15:14:14.868203,NewYork-88a5,49,38,Normal
2026-02-14 15:14:15.868203,NewYork-88a5,-10,58,Normal
2026-02-14 15:14:16.868203,NewYork-88a5,-11,36,Normal
2026-02-14 15:14:17.868203,NewYork-88a5,34,87,Normal
2026-02-14 15:14:18.868203,NewYork-88a5,0,74,Normal
2026-02-14 15:14:19.868203,NewYork-88a5,-12,26,Normal
2026-02-14 15:14:20.868203,NewYork-88a5,18,6,Normal
2026-02-14 15:14:21.868203,NewYork-88a5,41,9,Normal
2026-02-14 15:14:22.868203,NewYork-88a5,27,94,Normal
2026-02-14 15:14:23.868203,NewYork-88a5,42,77,Normal
2026-02-14 15:14:24.868203,NewYork-88a5,-17,48,Normal
2026-02-14 15:14:25.868203,NewYork-88a5,2,78,Normal
2026-02-14 15:14:26.868203,NewYork-88a5,44,45,Normal
2026-02-14 15:14:27.868203,NewYork-88a5,3,81,Normal
2026-02-14 15:14:28.868203,NewYork-88a5,1,14,Normal
2026-02-14 15:14:29.868203,NewYork-88a5,-20,87,Normal
2026-02-14 15:14:30.868203,NewYork-88a5,23,68,Normal
2026-02-14 15:14:31.868203,NewYork-88a5,-9,23,Normal
2026-02-14 15:14:32.868203,NewYork-88a5,19,5,Normal
2026-02-14 15:14:33.868203,NewYork-88a5,13,7,Normal
2026-02-14 15:14:34.868203,NewYork-88a5,22,58,Normal
2026-02-14 15:14:35.868203,NewYork-88a5,-14,94,Normal
2026-02-14 15:14:36.868203,NewYork-88a5,35,98,Normal
2026-02-14 15:14:37.868203,NewYork-88a5,-23,35,Normal
2026-02-14 15:14:38.868203,NewYork-88a5,18,93,Normal
2026-02-14 15:14:39.868203,NewYork-88a5,19,3,Normal
2026-02-14 15:14:40.868203,NewYork-88a5,48,37,Normal
2026-02-14 15:14:41.868203,NewYork-88a5,47,17,Normal
2026-02-14 15:14:42.868203,NewYork-88a5,-5,71,Normal
2026-02-14 15:14:43.868203,NewYork-88a5,36,82,Normal
2026-02-14 15:14:44.868203,NewYork-88a5,37,30,Normal
2026-02-14 15:14:45.868203,NewYork-88a5,44,42,Normal
2026-02-14 15:14:46.868203,NewYork-88a5,39,9,Normal
2026-02-14 15:14:47.868203,NewYork-88a5,50,10,Normal
2026-02-14 15:14:48.868203,NewYork-88a5,-15,35,Normal
2026-02-14 15:14:49.868203,NewYork-88a5,-4,2,Normal
2026-02-14 15:14:50.868203,NewYork-88a5,3,51,Normal
2026-02-14 15:14:51.868203,NewYork-88a5,32,6,Normal
2026-02-14 15:14:52.868203,NewYork-88a5,25,81,Normal
2026-02-14 15:14:53.868203,NewYork-88a5,1,64,Normal
2026-02-14 15:14:54.868203,NewYork-88a5,27,6,Normal
2026-02-14 15:14:55.868203,NewYork-88a5,-20,38,Normal
2026-02-14 15:14:56.868203,NewYork-88a5,-5,73,Normal
2026-02-14 15:14:57.868203,NewYork-88a5,43,69,Normal
2026-02-14 15:14:58.868203,NewYork-88a5,-8,67,Normal
2026-02-14 15:14:59.868203,NewYork-88a5,10,36,Normal
2026-02-14 15:15:00.868203,NewYork-88a5,-26,19,Normal
2026-02-14 15:15:01.868203,NewYork-88a5,-1,28,Normal
2026-02-14 15:15:02.868203,NewYork-88a5,37,74,Normal
2026-02-14 15:15:03.868203,NewYork-88a5,44,77,Normal
2026-02-14 15:15:04.868203,NewYork-88a5,7,19,Normal
2026-02-14 15:15:05.868203,NewYork-88a5,6,91,Normal
2026-02-14 15:15:06.868203,NewYork-88a5,5,74,Normal
2026-02-14 15:15:07.868203,NewYork-88a5,-9,70,Normal
2026-02-14 15:15:08.868203,NewYork-88a5,28,52,Normal
2026-02-14 15:15:09.868203,NewYork-88a5,9,4,Normal
2026-02-14 15:15:10.868203,NewYork-88a5,-7,21,Normal
2026-02-14 15:15:11.868203,NewYork-88a5,2,22,Normal
2026-02-14 15:15:12.868203,NewYork-88a5,50,60,Normal
2026-02-14 15:15:13.868203,NewYork-88a5,49,35,Normal
2026-02-14 15:15:14.868203,NewYork-88a5,46,26,Normal
2026-02-14 15:15:15.868203,NewYork-88a5,32,13,Normal
2026-02-14 15:15:16.868203,NewYork-88a5,-16,61,Normal
2026-02-14 15:15:17.868203,NewYork-88a5,-21,23,Normal
2026-02-14 15:15:18.868203,NewYork-88a5,25,59,Normal
2026-02-14 15:15:19.868203,NewYork-88a5,21,46,Normal
2026-02-14 15:15:20.868203,NewYork-88a5,14,29,Normal
2026-02-14 15:15:21.868203,NewYork-88a5,26,10,Normal
2026-02-14 15:15:22.868203,NewYork-88a5,12,78,Normal
2026-02-14 15:15:23.868203,NewYork-88a5,24,12,Normal
2026-02-14 15:15:24.868203,NewYork-88a5,24,31,Normal
2026-02-14 15:15:25.868203,NewYork-88a5,6,54,Normal
2026-02-14 15:15:26.868203,NewYork-88a5,50,58,Normal
2026-02-14 15:15:27.868203,NewYork-88a5,20,58,Normal
2026-02-14 15:15:28.868203,NewYork-88a5,14,70,Normal
2026-02-14 15:15:29.868203,NewYork-88a5,-15,22,Normal
2026-02-14 15:15:30.868203,NewYork-88a5,-29,37,Normal
2026-02-14 15:15:31.868203,NewYork-88a5,18,5,Normal
2026-02-14 15:15:32.868203,NewYork-88a5,-30,88,Normal
2026-02-14 15:15:33.868203,NewYork-88a5,35,3,Normal
2026-02-14 15:15:34.868203,NewYork-88a5,49,21,Normal
2026-02-14 15:15:35.868203,NewYork-88a5,-7,77,Normal
2026-02-14 15:15:36.868203,NewYork-88a5,-11,50,Normal
2026-02-14 15:15:37.868203,NewYork-88a5,-7,12,Normal
2026-02-14 15:15:38.868203,NewYork-88a5,35,27,Normal
2026-02-14 15:15:39.868203,NewYork-88a5,-4,22,Normal
2026-02-14 15:15:40.868203,NewYork-88a5,33,4,Normal
2026-02-14 15:15:41.868203,NewYork-88a5,-13,11,Normal
2026-02-14 15:15:42.868203,NewYork-88a5,13,73,Normal
2026-02-14 15:15:43.868203,NewYork-88a5,11,65,Normal
2026-02-14 15:15:44.868203,NewYork-88a5,39,61,Normal
2026-02-14 15:15:45.868203,NewYork-88a5,-8,98,Normal
2026-02-14 15:15:46.868203,NewYork-88a5,-10,76,Normal
2026-02-14 15:15:47.868203,NewYork-88a5,43,40,Normal
2026-02-14 15:15:48.868203,NewYork-88a5,9,81,Normal
2026-02-14 15:15:49.868203,NewYork-88a5,48,81,Normal
2026-02-14 15:15:50.868203,NewYork-88a5,-21,67,Normal
2026-02-14 15:15:51.868203,NewYork-88a5,-26,44,Normal
2026-02-14 15:15:52.868203,NewYork-88a5,-5,15,Normal
2026-02-14 15:15:53.868203,NewYork-88a5,2,56,Normal
2026-02-14 15:15:54.868203,NewYork-88a5,42,88,Normal
2026-02-14 15:15:55.868203,NewYork-88a5,-6,92,Normal
2026-02-14 15:15:56.868203,NewYork-88a5,-18,37,Normal
2026-02-14 15:15:57.868203,NewYork-88a5,-3,19,Normal
2026-02-14 15:15:58.868203,NewYork-88a5,-11,36,Normal
2026-02-14 15:15:59.868203,NewYork-88a5,-22,60,Normal
2026-02-14 15:16:00.868203,NewYork-88a5,-8,48,Normal
2026-02-14 15:16:01.868203,NewYork-88a5,41,41,Normal
2026-02-14 15:16:02.868203,NewYork-88a5,27,30,Normal
2026-02-14 15:16:03.868203,NewYork-88a5,33,0,Normal
2026-02-14 15:16:04.868203,NewYork-88a5,24,1,Normal
2026-02-14 15:16:05.868203,NewYork-88a5,34,25,Normal
2026-02-14 15:16:06.868203,NewYork-88a5,11,87,Normal
2026-02-14 15:16:07.868203,NewYork-88a5,46,80,Normal
2026-02-14 15:16:08.868203,NewYork-88a5,43,59,Normal
2026-02-14 15:16:09.868203,NewYork-88a5,-28,45,Normal
2026-02-14 15:16:10.868203,NewYork-88a5,7,45,Normal
2026-02-14 15:16:11.868203,NewYork-88a5,27,66,Normal
2026-02-14 15:16:12.868203,NewYork-88a5,-29,100,Normal
2026-02-14 15:16:13.868203,NewYork-88a5,-26,23,Normal
2026-02-14 15:16:14.868203,NewYork-88a5,21,90,Normal
2026-02-14 15:16:15.868203,NewYork-88a5,31,42,Normal
2026-02-14 15:16:16.868203,NewYork-88a5,38,48,Normal
2026-02-14 15:16:17.868203,NewYork-88a5,-29,77,Normal
2026-02-14 15:16:18.868203,NewYork-88a5,-12,77,Normal
2026-02-14 15:16:19.868203,NewYork-88a5,-19,50,Normal
2026-02-14 15:16:20.868203,NewYork-88a5,35,23,Normal
2026-02-14 15:16:21.868203,NewYork-88a5,-27,80,Normal
2026-02-14 15:16:22.868203,NewYork-88a5,47,7,Normal
2026-02-14 15:16:23.868203,NewYork-88a5,-14,1,Normal
2026-02-14 15:16:24.868203,NewYork-88a5,-29,28,Normal
2026-02-14 15:16:25.868203,NewYork-88a5,22,34,Normal
2026-02-14 15:16:26.868203,NewYork-88a5,-14,7,Normal
2026-02-14 15:16:27.868203,NewYork-88a5,-29,3,Normal
2026-02-14 15:16:28.868203,NewYork-88a5,-22,57,Normal
2026-02-14 15:16:29.868203,NewYork-88a5,-19,21,Normal
2026-02-14 15:16:30.868203,NewYork-88a5,26,82,Normal
2026-02-14 15:16:31.868203,NewYork-88a5,21,27,Normal
2026-02-14 15:16:32.868203,NewYork-88a5,6,46,Normal
2026-02-14 15:16:33.868203,NewYork-88a5,37,16,Normal
2026-02-14 15:16:34.868203,NewYork-88a5,-18,69,Normal
2026-02-14 15:16:35.868203,NewYork-88a5,10,59,Normal
2026-02-14 15:16:36.868203,NewYork-88a5,21,76,Normal
2026-02-14 15:16:37.868203,NewYork-88a5,0,31,Normal
2026-02-14 15:16:38.868203,NewYork-88a5,-8,50,Normal
2026-02-14 15:16:39.868203,NewYork-88a5,-6,63,Normal
2026-02-14 15:16:40.868203,NewYork-88a5,-9,28,Normal
2026-02-14 15:16:41.868203,NewYork-88a5,-9,58,Normal
2026-02-14 15:16:42.868203,NewYork-88a5,39,17,Normal
2026-02-14 15:16:43.868203,NewYork-88a5,24,74,Normal
2026-02-14 15:16:44.868203,NewYork-88a5,-12,23,Normal
2026-02-14 15:16:45.868203,NewYork-88a5,22,47,Normal
2026-02-14 15:16:46.868203,NewYork-88a5,8,71,Normal
2026-02-14 15:16:47.868203,NewYork-88a5,-28,28,Normal
2026-02-14 15:16:48.868203,NewYork-88a5,44,21,Normal
2026-02-14 15:16:49.868203,NewYork-88a5,-7,60,Normal
2026-02-14 15:16:50.868203,NewYork-88a5,-20,65,Normal
2026-02-14 15:16:51.868203,NewYork-88a5,-3,21,Normal
2026-02-14 15:16:52.868203,NewYork-88a5,43,55,Normal
2026-02-14 15:16:53.868203,NewYork-88a5,23,14,Normal
2026-02-14 15:16:54.868203,NewYork-88a5,-10,95,Normal
2026-02-14 15:16:55.868203,NewYork-88a5,9,10,Normal
2026-02-14 15:16:56.868203,NewYork-88a5,-30,26,Normal
2026-02-14 15:16:57.868203,NewYork-88a5,12,54,Normal
2026-02-14 15:16:58.868203,NewYork-88a5,13,18,Normal
2026-02-14 15:16:59.868203,NewYork-88a5,7,52,Normal
2026-02-14 15:17:00.868203,NewYork-88a5,4,1,Normal
2026-02-14 15:17:01.868203,NewYork-88a5,39,76,Normal
2026-02-14 15:17:02.868203,NewYork-88a5,37,90,Normal
2026-02-14 15:17:03.868203,NewYork-88a5,14,10,Normal
2026-02-14 15:17:04.868203,NewYork-88a5,3,49,Normal
2026-02-14 15:17:05.868203,NewYork-88a5,19,7,Normal
2026-02-14 15:17:06.868203,NewYork-88a5,33,13,Normal
2026-02-14 15:17:07.868203,NewYork-88a5,45,17,Normal
2026-02-14 15:17:08.868203,NewYork-88a5,20,51,Normal
2026-02-14 15:17:09.868203,NewYork-88a5,-16,36,Normal
2026-02-14 15:17:10.868203,NewYork-88a5,10,4,Normal
2026-02-14 15:17:11.868203,NewYork-88a5,12,15,Normal
2026-02-14 15:17:12.868203,NewYork-88a5,34,98,Normal
2026-02-14 15:17:13.868203,NewYork-88a5,-1,45,Normal
2026-02-14 15:17:14.868203,NewYork-88a5,-21,48,Normal
2026-02-14 15:17:15.868203,NewYork-88a5,-11,19,Normal
2026-02-14 15:17:16.868203,NewYork-88a5,-24,17,Normal
2026-02-14 15:17:17.868203,NewYork-88a5,32,87,Normal
2026-02-14 15:17:18.868203,NewYork-88a5,-13,9,Normal
2026-02-14 15:17:19.868203,NewYork-88a5,-9,61,Normal
2026-02-14 15:17:20.868203,NewYork-88a5,-5,20,Normal
2026-02-14 15:17:21.868203,NewYork-88a5,37,16,Normal
2026-02-14 15:17:22.868203,NewYork-88a5,-24,30,Normal
2026-02-14 15:17:23.868203,NewYork-88a5,15,5,Normal
2026-02-14 15:17:24.868203,NewYork-88a5,49,51,Normal
2026-02-14 15:17:25.868203,NewYork-88a5,-9,8,Normal
2026-02-14 15:17:26.868203,NewYork-88a5,37,69,Normal
2026-02-14 15:17:27.868203,NewYork-88a5,36,13,Normal
2026-02-14 15:17:28.868203,NewYork-88a5,17,89,Normal
2026-02-14 15:17:29.868203,NewYork-88a5,42,0,Normal
2026-02-14 15:17:30.868203,NewYork-88a5,26,52,Normal
2026-02-14 15:17:31.868203,NewYork-88a5,-1,22,Normal
2026-02-14 15:17:32.868203,NewYork-88a5,50,26,Normal
2026-02-14 15:17:33.868203,NewYork-88a5,-20,3,Normal
2026-02-14 15:17:34.868203,NewYork-88a5,22,44,Normal
2026-02-14 15:17:35.868203,NewYork-88a5,-23,63,Normal
2026-02-14 15:17:36.868203,NewYork-88a5,50,25,Normal
2026-02-14 15:17:37.868203,NewYork-88a5,42,57,Normal
2026-02-14 15:17:38.868203,NewYork-88a5,23,97,Normal
2026-02-14 15:17:39.868203,NewYork-88a5,-5,58,Normal
2026-02-14 15:17:40.868203,NewYork-88a5,8,85,Normal
2026-02-14 15:17:41.868203,NewYork-88a5,49,9,Normal
2026-02-14 15:17:42.868203,NewYork-88a5,37,78,Normal
2026-02-14 15:17:43.868203,NewYork-88a5,-8,61,Normal
2026-02-14 15:17:44.868203,NewYork-88a5,-15,2,Normal
2026-02-14 15:17:45.868203,NewYork-88a5,48,47,Normal
2026-02-14 15:17:46.868203,NewYork-88a5,48,7,Normal
2026-02-14 15:17:47.868203,NewYork-88a5,6,61,Normal
2026-02-14 15:17:48.868203,NewYork-88a5,50,19,Normal
2026-02-14 15:17:49.868203,NewYork-88a5,30,88,Normal
2026-02-14 15:17:50.868203,NewYork-88a5,43,65,Normal
2026-02-14 15:17:51.868203,NewYork-88a5,8,37,Normal
2026-02-14 15:17:52.868203,NewYork-88a5,19,92,Normal
2026-02-14 15:17:53.868203,NewYork-88a5,-16,55,Normal
2026-02-14 15:17:54.868203,NewYork-88a5,43,67,Normal
2026-02-14 15:17:55.868203,NewYork-88a5,23,31,Normal
2026-02-14 15:17:56.868203,NewYork-88a5,21,18,Normal
2026-02-14 15:17:57.868203,NewYork-88a5,-19,37,Normal
2026-02-14 15:17:58.868203,NewYork-88a5,20,43,Normal
2026-02-14 15:17:59.868203,NewYork-88a5,-16,74,Normal
2026-02-14 15:18:00.868203,NewYork-88a5,-18,96,Normal
2026-02-14 15:18:01.868203,NewYork-88a5,25,63,Normal
2026-02-14 15:18:02.868203,NewYork-88a5,-2,84,Normal
2026-02-14 15:18:03.868203,NewYork-88a5,29,93,Normal
2026-02-14 15:18:04.868203,NewYork-88a5,37,52,Normal
2026-02-14 15:18:05.868203,NewYork-88a5,45,16,Normal
2026-02-14 15:18:06.868203,NewYork-88a5,28,10,Normal
2026-02-14 15:18:07.868203,NewYork-88a5,-10,38,Normal
2026-02-14 15:18:08.868203,NewYork-88a5,25,10,Normal
2026-02-14 15:18:09.868203,NewYork-88a5,16,79,Normal
2026-02-14 15:18:10.868203,NewYork-88a5,35,9,Normal
2026-02-14 15:18:11.868203,NewYork-88a5,-14,100,Normal
2026-02-14 15:18:12.868203,NewYork-88a5,-3,60,Normal
2026-02-14 15:18:13.868203,NewYork-88a5,-13,8,Normal
2026-02-14 15:18:14.868203,NewYork-88a5,-7,54,Normal
2026-02-14 15:18:15.868203,NewYork-88a5,-23,14,Normal
2026-02-14 15:18:16.868203,NewYork-88a5,25,65,Normal
2026-02-14 15:18:17.868203,NewYork-88a5,-13,72,Normal
2026-02-14 15:18:18.868203,NewYork-88a5,-19,2,Normal
2026-02-14 15:18:19.868203,NewYork-88a5,-28,76,Normal
2026-02-14 15:18:20.868203,NewYork-88a5,-22,100,Normal
2026-02-14 15:18:21.868203,NewYork-88a5,26,96,Normal
2026-02-14 15:18:22.868203,NewYork-88a5,-27,28,Normal
2026-02-14 15:18:23.868203,NewYork-88a5,-11,11,Normal
2026-02-14 15:18:24.868203,NewYork-88a5,29,17,Normal
2026-02-14 15:18:25.868203,NewYork-88a5,36,25,Normal
2026-02-14 15:18:26.868203,NewYork-88a5,10,11,Normal
2026-02-14 15:18:27.868203,NewYork-88a5,21,97,Normal
2026-02-14 15:18:28.868203,NewYork-88a5,25,76,Normal
2026-02-14 15:18:29.868203,NewYork-88a5,47,52,Normal
2026-02-14 15:18:30.868203,NewYork-88a5,-10,42,Normal
2026-02-14 15:18:31.868203,NewYork-88a5,1,8,Normal
2026-02-14 15:18:32.868203,NewYork-88a5,1,44,Normal
2026-02-14 15:18:33.868203,NewYork-88a5,19,7,Normal
2026-02-14 15:18:34.868203,NewYork-88a5,31,67,Normal
2026-02-14 15:18:35.868203,NewYork-88a5,-8,11,Normal
2026-02-14 15:18:36.868203,NewYork-88a5,4,88,Normal
2026-02-14 15:18:37.868203,NewYork-88a5,30,26,Normal
2026-02-14 15:18:38.868203,NewYork-88a5,-16,72,Normal
2026-02-14 15:18:39.868203,NewYork-88a5,14,82,Normal
2026-02-14 15:18:40.868203,NewYork-88a5,23,17,Normal
2026-02-14 15:18:41.868203,NewYork-88a5,31,10,Normal
2026-02-14 15:18:42.868203,NewYork-88a5,50,73,Normal
2026-02-14 15:18:43.868203,NewYork-88a5,-8,38,Normal
2026-02-14 15:18:44.868203,NewYork-88a5,-24,42,Normal
2026-02-14 15:18:45.868203,NewYork-88a5,25,15,Normal
2026-02-14 15:18:46.868203,NewYork-88a5,41,82,Normal
2026-02-14 15:18:47.868203,NewYork-88a5,12,44,Normal
2026-02-14 15:18:48.868203,NewYork-88a5,20,28,Normal
2026-02-14 15:18:49.868203,NewYork-88a5,31,57,Normal
2026-02-14 15:18:50.868203,NewYork-88a5,18,63,Normal
2026-02-14 15:18:51.868203,NewYork-88a5,-18,83,Normal
2026-02-14 15:18:52.868203,NewYork-88a5,-11,68,Normal
2026-02-14 15:18:53.868203,NewYork-88a5,28,46,Normal
2026-02-14 15:18:54.868203,NewYork-88a5,-6,61,Normal
2026-02-14 15:18:55.868203,NewYork-88a5,10,82,Normal
2026-02-14 15:18:56.868203,NewYork-88a5,15,63,Normal
2026-02-14 15:18:57.868203,NewYork-88a5,18,38,Normal
2026-02-14 15:18:58.868203,NewYork-88a5,0,48,Normal
2026-02-14 15:18:59.868203,NewYork-88a5,33,13,Normal
2026-02-14 15:19:00.868203,NewYork-88a5,-21,70,Normal
2026-02-14 15:19:01.868203,NewYork-88a5,25,98,Normal
2026-02-14 15:19:02.868203,NewYork-88a5,-7,40,Normal
2026-02-14 15:19:03.868203,NewYork-88a5,4,49,Normal
2026-02-14 15:19:04.868203,NewYork-88a5,23,54,Normal
2026-02-14 15:19:05.868203,NewYork-88a5,-8,59,Normal
2026-02-14 15:19:06.868203,NewYork-88a5,43,99,Normal
2026-02-14 15:19:07.868203,NewYork-88a5,43,27,Normal
2026-02-14 15:19:08.868203,NewYork-88a5,15,90,Normal
2026-02-14 15:19:09.868203,NewYork-88a5,1,63,Normal
2026-02-14 15:19:10.868203,NewYork-88a5,11,72,Normal
2026-02-14 15:19:11.868203,NewYork-88a5,5,18,Normal
2026-02-14 15:19:12.868203,NewYork-88a5,41,30,Normal
2026-02-14 15:19:13.868203,NewYork-88a5,-6,0,Normal
2026-02-14 15:19:14.868203,NewYork-88a5,-26,79,Normal
2026-02-14 15:19:15.868203,NewYork-88a5,8,98,Normal
2026-02-14 15:19:16.868203,NewYork-88a5,16,31,Normal
2026-02-14 15:19:17.868203,NewYork-88a5,-9,50,Normal
2026-02-14 15:19:18.868203,NewYork-88a5,5,65,Normal
2026-02-14 15:19:19.868203,NewYork-88a5,45,3,Normal
2026-02-14 15:19:20.868203,NewYork-88a5,-4,51,Normal
2026-02-14 15:19:21.868203,NewYork-88a5,21,78,Normal
2026-02-14 15:19:22.868203,NewYork-88a5,37,92,Normal
2026-02-14 15:19:23.868203,NewYork-88a5,5,7,Normal
2026-02-14 15:19:24.868203,NewYork-88a5,23,76,Normal
2026-02-14 15:19:25.868203,NewYork-88a5,31,41,Normal
2026-02-14 15:19:26.868203,NewYork-88a5,22,82,Normal
2026-02-14 15:19:27.868203,NewYork-88a5,24,80,Normal
2026-02-14 15:19:28.868203,NewYork-88a5,44,36,Normal
2026-02-14 15:19:29.868203,NewYork-88a5,-18,76,Normal
2026-02-14 15:19:30.868203,NewYork-88a5,12,70,Normal
2026-02-14 15:19:31.868203,NewYork-88a5,10,48,Normal
2026-02-14 15:19:32.868203,NewYork-88a5,23,45,Normal
2026-02-14 15:19:33.868203,NewYork-88a5,-4,43,Normal
2026-02-14 15:19:34.868203,NewYork-88a5,47,20,Normal
2026-02-14 15:19:35.868203,NewYork-88a5,19,21,Normal
2026-02-14 15:19:36.868203,NewYork-88a5,31,67,Normal
2026-02-14 15:19:37.868203,NewYork-88a5,-2,59,Normal
2026-02-14 15:19:38.868203,NewYork-88a5,46,43,Normal
2026-02-14 15:19:39.868203,NewYork-88a5,-6,52,Normal
2026-02-14 15:19:40.868203,NewYork-88a5,47,95,Normal
2026-02-14 15:19:41.868203,NewYork-88a5,12,85,Normal
2026-02-14 15:19:42.868203,NewYork-88a5,14,59,Normal
2026-02-14 15:19:43.868203,NewYork-88a5,21,15,Normal
2026-02-14 15:19:44.868203,NewYork-88a5,34,99,Normal
2026-02-14 15:19:45.868203,NewYork-88a5,-14,56,Normal
2026-02-14 15:19:46.868203,NewYork-88a5,-14,50,Normal
2026-02-14 15:19:47.868203,NewYork-88a5,42,10,Normal
2026-02-14 15:19:48.868203,NewYork-88a5,-12,12,Normal
2026-02-14 15:19:49.868203,NewYork-88a5,50,62,Normal
2026-02-14 15:19:50.868203,NewYork-88a5,26,91,Normal
2026-02-14 15:19:51.868203,NewYork-88a5,5,64,Normal
2026-02-14 15:19:52.868203,NewYork-88a5,-23,4,Normal
2026-02-14 15:19:53.868203,NewYork-88a5,39,36,Normal
2026-02-14 15:19:54.868203,NewYork-88a5,4,0,Normal
2026-02-14 15:19:55.868203,NewYork-88a5,-11,31,Normal
2026-02-14 15:19:56.868203,NewYork-88a5,0,75,Normal
2026-02-14 15:19:57.868203,NewYork-88a5,30,98,Normal
2026-02-14 15:19:58.868203,NewYork-88a5,-4,6,Normal
2026-02-14 15:19:59.868203,NewYork-88a5,30,95,Normal
2026-02-14 15:20:00.868203,NewYork-88a5,36,87,Normal
2026-02-14 15:20:01.868203,NewYork-88a5,19,97,Normal
2026-02-14 15:20:02.868203,NewYork-88a5,46,57,Normal
2026-02-14 15:20:03.868203,NewYork-88a5,-2,98,Normal
2026-02-14 15:20:04.868203,NewYork-88a5,36,89,Normal
2026-02-14 15:20:05.868203,NewYork-88a5,-15,18,Normal
2026-02-14 15:20:06.868203,NewYork-88a5,1,82,Normal
2026-02-14 15:20:07.868203,NewYork-88a5,32,57,Normal
2026-02-14 15:20:08.868203,NewYork-88a5,39,63,Normal
2026-02-14 15:20:09.868203,NewYork-88a5,39,8,Normal
2026-02-14 15:20:10.868203,NewYork-88a5,-17,91,Normal
2026-02-14 15:20:11.868203,NewYork-88a5,14,50,Normal
2026-02-14 15:20:12.868203,NewYork-88a5,-2,20,Normal
2026-02-14 15:20:13.868203,NewYork-88a5,7,37,Normal
2026-02-14 15:20:14.868203,NewYork-88a5,-4,13,Normal
2026-02-14 15:20:15.868203,NewYork-88a5,16,87,Normal
2026-02-14 15:20:16.868203,NewYork-88a5,22,56,Normal
2026-02-14 15:20:17.868203,NewYork-88a5,-7,100,Normal
2026-02-14 15:20:18.868203,NewYork-88a5,-19,85,Normal
2026-02-14 15:20:19.868203,NewYork-88a5,-27,53,Normal
2026-02-14 15:20:20.868203,NewYork-88a5,46,19,Normal
2026-02-14 15:20:21.868203,NewYork-88a5,5,18,Normal
2026-02-14 15:20:22.868203,NewYork-88a5,21,11,Normal
2026-02-14 15:20:23.868203,NewYork-88a5,21,1,Normal
2026-02-14 15:20:24.868203,NewYork-88a5,7,7,Normal
2026-02-14 15:20:25.868203,NewYork-88a5,-8,49,Normal
2026-02-14 15:20:26.868203,NewYork-88a5,4,10,Normal
2026-02-14 15:20:27.868203,NewYork-88a5,19,30,Normal
2026-02-14 15:20:28.868203,NewYork-88a5,12,36,Normal
2026-02-14 15:20:29.868203,NewYork-88a5,9,18,Normal
2026-02-14 15:20:30.868203,NewYork-88a5,-28,74,Normal
2026-02-14 15:20:31.868203,NewYork-88a5,15,31,Normal
2026-02-14 15:20:32.868203,NewYork-88a5,18,89,Normal
2026-02-14 15:20:33.868203,NewYork-88a5,16,89,Normal
2026-02-14 15:20:34.868203,NewYork-88a5,-14,60,Normal
2026-02-14 15:20:35.868203,NewYork-88a5,45,92,Normal
2026-02-14 15:20:36.868203,NewYork-88a5,36,44,Normal
2026-02-14 15:20:37.868203,NewYork-88a5,12,63,Normal
2026-02-14 15:20:38.868203,NewYork-88a5,13,40,Normal
2026-02-14 15:20:39.868203,NewYork-88a5,-20,16,Normal
2026-02-14 15:20:40.868203,NewYork-88a5,33,85,Normal
2026-02-14 15:20:41.868203,NewYork-88a5,-30,40,Normal
2026-02-14 15:20:42.868203,NewYork-88a5,37,50,Normal
2026-02-14 15:20:43.868203,NewYork-88a5,8,99,Normal
2026-02-14 15:20:44.868203,NewYork-88a5,-24,40,Normal
2026-02-14 15:20:45.868203,NewYork-88a5,39,68,Normal
2026-02-14 15:20:46.868203,NewYork-88a5,-8,29,Normal
2026-02-14 15:20:47.868203,NewYork-88a5,-20,24,Normal
2026-02-14 15:20:48.868203,NewYork-88a5,-5,45,Normal
2026-02-14 15:20:49.868203,NewYork-88a5,-9,18,Normal
2026-02-14 15:20:50.868203,NewYork-88a5,-14,21,Normal
2026-02-14 15:20:51.868203,NewYork-88a5,7,40,Normal
2026-02-14 15:20:52.868203,NewYork-88a5,-21,78,Normal
2026-02-14 15:20:53.868203,NewYork-88a5,2,94,Normal
2026-02-14 15:20:54.868203,NewYork-88a5,5,48,Normal
2026-02-14 15:20:55.868203,NewYork-88a5,28,15,Normal
2026-02-14 15:20:56.868203,NewYork-88a5,2,18,Normal
2026-02-14 15:20:57.868203,NewYork-88a5,28,99,Normal
2026-02-14 15:20:58.868203,NewYork-88a5,42,22,Normal
2026-02-14 15:20:59.868203,NewYork-88a5,4,48,Normal
2026-02-14 15:21:00.868203,NewYork-88a5,-29,55,Normal
2026-02-14 15:21:01.868203,NewYork-88a5,24,66,Normal
2026-02-14 15:21:02.868203,NewYork-88a5,-28,67,Normal
2026-02-14 15:21:03.868203,NewYork-88a5,17,18,Normal
2026-02-14 15:21:04.868203,NewYork-88a5,-8,99,Normal
2026-02-14 15:21:05.868203,NewYork-88a5,41,30,Normal
2026-02-14 15:21:06.868203,NewYork-88a5,8,35,Normal
2026-02-14 15:21:07.868203,NewYork-88a5,4,23,Normal
2026-02-14 15:21:08.868203,NewYork-88a5,-21,52,Normal
2026-02-14 15:21:09.868203,NewYork-88a5,34,66,Normal
2026-02-14 15:21:10.868203,NewYork-88a5,45,73,Normal
2026-02-14 15:21:11.868203,NewYork-88a5,8,54,Normal
2026-02-14 15:21:12.868203,NewYork-88a5,45,23,Normal
2026-02-14 15:21:13.868203,NewYork-88a5,-15,25,Normal
2026-02-14 15:21:14.868203,NewYork-88a5,-22,15,Normal
2026-02-14 15:21:15.868203,NewYork-88a5,47,9,Normal
2026-02-14 15:21:16.868203,NewYork-88a5,-26,37,Normal
2026-02-14 15:21:17.868203,NewYork-88a5,49,45,Normal
2026-02-14 15:21:18.868203,NewYork-88a5,10,98,Normal
2026-02-14 15:21:19.868203,NewYork-88a5,36,51,Normal
2026-02-14 15:21:20.868203,NewYork-88a5,-13,60,Normal
2026-02-14 15:21:21.868203,NewYork-88a5,-3,30,Normal
2026-02-14 15:21:22.868203,NewYork-88a5,15,70,Normal
2026-02-14 15:21:23.868203,NewYork-88a5,-14,59,Normal
2026-02-14 15:21:24.868203,NewYork-88a5,46,88,Normal
2026-02-14 15:21:25.868203,NewYork-88a5,-21,100,Normal
2026-02-14 15:21:26.868203,NewYork-88a5,7,79,Normal
2026-02-14 15:21:27.868203,NewYork-88a5,5,58,Normal
2026-02-14 15:21:28.868203,NewYork-88a5,20,93,Normal
2026-02-14 15:21:29.868203,NewYork-88a5,46,18,Normal
2026-02-14 15:21:30.868203,NewYork-88a5,22,16,Normal
2026-02-14 15:21:31.868203,NewYork-88a5,29,66,Normal
2026-02-14 15:21:32.868203,NewYork-88a5,39,2,Normal
2026-02-14 15:21:33.868203,NewYork-88a5,37,30,Normal
2026-02-14 15:21:34.868203,NewYork-88a5,-18,89,Normal
2026-02-14 15:21:35.868203,NewYork-88a5,0,44,Normal
2026-02-14 15:21:36.868203,NewYork-88a5,-3,69,Normal
2026-02-14 15:21:37.868203,NewYork-88a5,-23,29,Normal
2026-02-14 15:21:38.868203,NewYork-88a5,-12,52,Normal
2026-02-14 15:21:39.868203,NewYork-88a5,25,0,Normal
2026-02-14 15:21:40.868203,NewYork-88a5,-19,67,Normal
2026-02-14 15:21:41.868203,NewYork-88a5,48,2,Normal
2026-02-14 15:21:42.868203,NewYork-88a5,-23,51,Normal
2026-02-14 15:21:43.868203,NewYork-88a5,0,38,Normal
2026-02-14 15:21:44.868203,NewYork-88a5,1,39,Normal
2026-02-14 15:21:45.868203,NewYork-88a5,-21,46,Normal
2026-02-14 15:21:46.868203,NewYork-88a5,-18,79,Normal
2026-02-14 15:21:47.868203,NewYork-88a5,-30,25,Normal
2026-02-14 15:21:48.868203,NewYork-88a5,12,69,Normal
2026-02-14 15:21:49.868203,NewYork-88a5,-7,56,Normal
2026-02-14 15:21:50.868203,NewYork-88a5,42,46,Normal
2026-02-14 15:21:51.868203,NewYork-88a5,17,70,Normal
2026-02-14 15:21:52.868203,NewYork-88a5,12,24,Normal
2026-02-14 15:21:53.868203,NewYork-88a5,-22,26,Normal
2026-02-14 15:21:54.868203,NewYork-88a5,47,39,Normal
2026-02-14 15:21:55.868203,NewYork-88a5,-1,28,Normal
2026-02-14 15:21:56.868203,NewYork-88a5,47,88,Normal
2026-02-14 15:21:57.868203,NewYork-88a5,-2,6,Normal
2026-02-14 15:21:58.868203,NewYork-88a5,19,78,Normal
2026-02-14 15:21:59.868203,NewYork-88a5,18,83,Normal
2026-02-14 15:22:00.868203,NewYork-88a5,49,83,Normal
2026-02-14 15:22:01.868203,NewYork-88a5,-19,9,Normal
2026-02-14 15:22:02.868203,NewYork-88a5,-10,51,Normal
2026-02-14 15:22:03.868203,NewYork-88a5,32,6,Normal
2026-02-14 15:22:04.868203,NewYork-88a5,20,65,Normal
2026-02-14 15:22:05.868203,NewYork-88a5,-28,93,Normal
2026-02-14 15:22:06.868203,NewYork-88a5,-22,77,Normal
2026-02-14 15:22:07.868203,NewYork-88a5,1,59,Normal
2026-02-14 15:22:08.868203,NewYork-88a5,-9,62,Normal
2026-02-14 15:22:09.868203,NewYork-88a5,-28,52,Normal
2026-02-14 15:22:10.868203,NewYork-88a5,-28,16,Normal
2026-02-14 15:22:11.868203,NewYork-88a5,-6,68,Normal
2026-02-14 15:22:12.868203,NewYork-88a5,-10,37,Normal
2026-02-14 15:22:13.868203,NewYork-88a5,22,61,Normal
2026-02-14 15:22:14.868203,NewYork-88a5,28,18,Normal
2026-02-14 15:22:15.868203,NewYork-88a5,-6,82,Normal
2026-02-14 15:22:16.868203,NewYork-88a5,32,29,Normal
2026-02-14 15:22:17.868203,NewYork-88a5,-26,49,Normal
2026-02-14 15:22:18.868203,NewYork-88a5,-5,27,Normal
2026-02-14 15:22:19.868203,NewYork-88a5,6,91,Normal
2026-02-14 15:22:20.868203,NewYork-88a5,-14,65,Normal
2026-02-14 15:22:21.868203,NewYork-88a5,44,10,Normal
2026-02-14 15:22:22.868203,NewYork-88a5,36,10,Normal
2026-02-14 15:22:23.868203,NewYork-88a5,19,54,Normal
2026-02-14 15:22:24.868203,NewYork-88a5,39,88,Normal
2026-02-14 15:22:25.868203,NewYork-88a5,-29,13,Normal
2026-02-14 15:22:26.868203,NewYork-88a5,42,34,Normal
2026-02-14 15:22:27.868203,NewYork-88a5,33,41,Normal
2026-02-14 15:22:28.868203,NewYork-88a5,-21,49,Normal
2026-02-14 15:22:29.868203,NewYork-88a5,26,42,Normal
2026-02-14 15:22:30.868203,NewYork-88a5,-14,45,Normal
2026-02-14 15:22:31.868203,NewYork-88a5,46,25,Normal
2026-02-14 15:22:32.868203,NewYork-88a5,34,44,Normal
2026-02-14 15:22:33.868203,NewYork-88a5,2,92,Normal
2026-02-14 15:22:34.868203,NewYork-88a5,-2,66,Normal
2026-02-14 15:22:35.868203,NewYork-88a5,-20,49,Normal
2026-02-14 15:22:36.868203,NewYork-88a5,38,91,Normal
2026-02-14 15:22:37.868203,NewYork-88a5,48,49,Normal
2026-02-14 15:22:38.868203,NewYork-88a5,49,95,Normal
2026-02-14 15:22:39.868203,NewYork-88a5,15,34,Normal
2026-02-14 15:22:40.868203,NewYork-88a5,-14,69,Normal
2026-02-14 15:22:41.868203,NewYork-88a5,-2,100,Normal
2026-02-14 15:22:42.868203,NewYork-88a5,10,53,Normal
2026-02-14 15:22:43.868203,NewYork-88a5,-19,35,Normal
2026-02-14 15:22:44.868203,NewYork-88a5,32,38,Normal
2026-02-14 15:22:45.868203,NewYork-88a5,16,58,Normal
2026-02-14 15:22:46.868203,NewYork-88a5,30,20,Normal
2026-02-14 15:22:47.868203,NewYork-88a5,21,46,Normal
2026-02-14 15:22:48.868203,NewYork-88a5,-2,27,Normal
2026-02-14 15:22:49.868203,NewYork-88a5,14,40,Normal
2026-02-14 15:22:50.868203,NewYork-88a5,-24,29,Normal
2026-02-14 15:22:51.868203,NewYork-88a5,25,30,Normal
2026-02-14 15:22:52.868203,NewYork-88a5,20,45,Normal
2026-02-14 15:22:53.868203,NewYork-88a5,28,56,Normal
2026-02-14 15:22:54.868203,NewYork-88a5,24,68,Normal
2026-02-14 15:22:55.868203,NewYork-88a5,37,83,Normal
2026-02-14 15:22:56.868203,NewYork-88a5,-11,10,Normal
2026-02-14 15:22:57.868203,NewYork-88a5,-1,99,Normal
2026-02-14 15:22:58.868203,NewYork-88a5,20,49,Normal
2026-02-14 15:22:59.868203,NewYork-88a5,-14,48,Normal
2026-02-14 15:23:00.868203,NewYork-88a5,35,25,Normal
2026-02-14 15:23:01.868203,NewYork-88a5,-1,85,Normal
2026-02-14 15:23:02.868203,NewYork-88a5,35,98,Normal
2026-02-14 15:23:03.868203,NewYork-88a5,45,38,Normal
2026-02-14 15:23:04.868203,NewYork-88a5,-21,11,Normal
2026-02-14 15:23:05.868203,NewYork-88a5,-16,52,Normal
2026-02-14 15:23:06.868203,NewYork-88a5,-29,66,Normal
2026-02-14 15:23:07.868203,NewYork-88a5,-9,45,Normal
2026-02-14 15:23:08.868203,NewYork-88a5,5,40,Normal
2026-02-14 15:23:09.868203,NewYork-88a5,-13,100,Normal
2026-02-14 15:23:10.868203,NewYork-88a5,24,78,Normal
2026-02-14 15:23:11.868203,NewYork-88a5,10,42,Normal
2026-02-14 15:23:12.868203,NewYork-88a5,39,63,Normal
2026-02-14 15:23:13.868203,NewYork-88a5,7,32,Normal
2026-02-14 15:23:14.868203,NewYork-88a5,-3,83,Normal
2026-02-14 15:23:15.868203,NewYork-88a5,-13,98,Normal
2026-02-14 15:23:16.868203,NewYork-88a5,-7,33,Normal
2026-02-14 15:23:17.868203,NewYork-88a5,7,30,Normal
2026-02-14 15:23:18.868203,NewYork-88a5,9,48,Normal
2026-02-14 15:23:19.868203,NewYork-88a5,4,8,Normal
2026-02-14 15:23:20.868203,NewYork-88a5,-16,72,Normal
2026-02-14 15:23:21.868203,NewYork-88a5,25,52,Normal
2026-02-14 15:23:22.868203,NewYork-88a5,-16,38,Normal
2026-02-14 15:23:23.868203,NewYork-88a5,15,16,Normal
2026-02-14 15:23:24.868203,NewYork-88a5,7,82,Normal
2026-02-14 15:23:25.868203,NewYork-88a5,12,36,Normal
2026-02-14 15:23:26.868203,NewYork-88a5,28,68,Normal
2026-02-14 15:23:27.868203,NewYork-88a5,-5,93,Normal
2026-02-14 15:23:28.868203,NewYork-88a5,15,50,Normal
2026-02-14 15:23:29.868203,NewYork-88a5,40,16,Normal
2026-02-14 15:23:30.868203,NewYork-88a5,49,81,Normal
2026-02-14 15:23:31.868203,NewYork-88a5,20,83,Normal
2026-02-14 15:23:32.868203,NewYork-88a5,-11,42,Normal
2026-02-14 15:23:33.868203,NewYork-88a5,-16,41,Normal
2026-02-14 15:23:34.868203,NewYork-88a5,17,20,Normal
2026-02-14 15:23:35.868203,NewYork-88a5,-28,83,Normal
2026-02-14 15:23:36.868203,NewYork-88a5,-18,58,Normal
2026-02-14 15:23:37.868203,NewYork-88a5,-22,68,Normal
2026-02-14 15:23:38.868203,NewYork-88a5,6,64,Normal
2026-02-14 15:23:39.868203,NewYork-88a5,8,59,Normal
2026-02-14 15:23:40.868203,NewYork-88a5,36,18,Normal
2026-02-14 15:23:41.868203,NewYork-88a5,-20,96,Normal
2026-02-14 15:23:42.868203,NewYork-88a5,42,23,Normal
2026-02-14 15:23:43.868203,NewYork-88a5,-10,87,Normal
2026-02-14 15:23:44.868203,NewYork-88a5,-21,58,Normal
2026-02-14 15:23:45.868203,NewYork-88a5,43,57,Normal
2026-02-14 15:23:46.868203,NewYork-88a5,7,28,Normal
2026-02-14 15:23:47.868203,NewYork-88a5,26,85,Normal
2026-02-14 15:23:48.868203,NewYork-88a5,41,20,Normal
2026-02-14 15:23:49.868203,NewYork-88a5,40,36,Normal
2026-02-14 15:23:50.868203,NewYork-88a5,3,42,Normal
2026-02-14 15:23:51.868203,NewYork-88a5,-15,60,Normal
2026-02-14 15:23:52.868203,NewYork-88a5,14,77,Normal
2026-02-14 15:23:53.868203,NewYork-88a5,8,15,Normal
2026-02-14 15:23:54.868203,NewYork-88a5,-8,7,Normal
2026-02-14 15:23:55.868203,NewYork-88a5,-21,26,Normal
2026-02-14 15:23:56.868203,NewYork-88a5,-27,3,Normal
2026-02-14 15:23:57.868203,NewYork-88a5,19,59,Normal
2026-02-14 15:23:58.868203,NewYork-88a5,-13,46,Normal
2026-02-14 15:23:59.868203,NewYork-88a5,-24,64,Normal
2026-02-14 15:24:00.868203,NewYork-88a5,47,38,Normal
2026-02-14 15:24:01.868203,NewYork-88a5,47,18,Normal
2026-02-14 15:24:02.868203,NewYork-88a5,-24,30,Normal
2026-02-14 15:24:03.868203,NewYork-88a5,5,28,Normal
2026-02-14 15:24:04.868203,NewYork-88a5,18,70,Normal
2026-02-14 15:24:05.868203,NewYork-88a5,45,75,Normal
2026-02-14 15:24:06.868203,NewYork-88a5,36,29,Normal
2026-02-14 15:24:07.868203,NewYork-88a5,-7,81,Normal
2026-02-14 15:24:08.868203,NewYork-88a5,21,43,Normal
2026-02-14 15:24:09.868203,NewYork-88a5,9,48,Normal
2026-02-14 15:24:10.868203,NewYork-88a5,8,11,Normal
2026-02-14 15:24:11.868203,NewYork-88a5,33,36,Normal
2026-02-14 15:24:12.868203,NewYork-88a5,46,18,Normal
2026-02-14 15:24:13.868203,NewYork-88a5,-23,99,Normal
2026-02-14 15:24:14.868203,NewYork-88a5,6,85,Normal
2026-02-14 15:24:15.868203,NewYork-88a5,5,86,Normal
2026-02-14 15:24:16.868203,NewYork-88a5,26,73,Normal
2026-02-14 15:24:17.868203,NewYork-88a5,-18,67,Normal
2026-02-14 15:24:18.868203,NewYork-88a5,-30,32,Normal
2026-02-14 15:24:19.868203,NewYork-88a5,9,70,Normal
2026-02-14 15:24:20.868203,NewYork-88a5,-9,93,Normal
2026-02-14 15:24:21.868203,NewYork-88a5,49,72,Normal
2026-02-14 15:24:22.868203,NewYork-88a5,22,42,Normal
2026-02-14 15:24:23.868203,NewYork-88a5,34,64,Normal
2026-02-14 15:24:24.868203,NewYork-88a5,28,71,Normal
2026-02-14 15:24:25.868203,NewYork-88a5,30,53,Normal
2026-02-14 15:24:26.868203,NewYork-88a5,-12,71,Normal
2026-02-14 15:24:27.868203,NewYork-88a5,36,27,Normal
2026-02-14 15:24:28.868203,NewYork-88a5,40,100,Normal
2026-02-14 15:24:29.868203,NewYork-88a5,-25,39,Normal
2026-02-14 15:24:30.868203,NewYork-88a5,30,6,Normal
2026-02-14 15:24:31.868203,NewYork-88a5,2,49,Normal
2026-02-14 15:24:32.868203,NewYork-88a5,3,3,Normal
2026-02-14 15:24:33.868203,NewYork-88a5,-25,53,Normal
2026-02-14 15:24:34.868203,NewYork-88a5,5,76,Normal
2026-02-14 15:24:35.868203,NewYork-88a5,16,35,Normal
2026-02-14 15:24:36.868203,NewYork-88a5,41,79,Normal
2026-02-14 15:24:37.868203,NewYork-88a5,5,24,Normal
2026-02-14 15:24:38.868203,NewYork-88a5,25,80,Normal
2026-02-14 15:24:39.868203,NewYork-88a5,47,33,Normal
2026-02-14 15:24:40.868203,NewYork-88a5,23,83,Normal
2026-02-14 15:24:41.868203,NewYork-88a5,4,17,Normal
2026-02-14 15:24:42.868203,NewYork-88a5,38,12,Normal
2026-02-14 15:24:43.868203,NewYork-88a5,-16,55,Normal
2026-02-14 15:24:44.868203,NewYork-88a5,36,26,Normal
2026-02-14 15:24:45.868203,NewYork-88a5,34,93,Normal
2026-02-14 15:24:46.868203,NewYork-88a5,28,84,Normal
2026-02-14 15:24:47.868203,NewYork-88a5,-26,1,Normal
2026-02-14 15:24:48.868203,NewYork-88a5,13,46,Normal
2026-02-14 15:24:49.868203,NewYork-88a5,30,75,Normal
2026-02-14 15:24:50.868203,NewYork-88a5,37,4,Normal
2026-02-14 15:24:51.868203,NewYork-88a5,26,51,Normal
2026-02-14 15:24:52.868203,NewYork-88a5,-30,24,Normal
2026-02-14 15:24:53.868203,NewYork-88a5,24,77,Normal
2026-02-14 15:24:54.868203,NewYork-88a5,33,8,Normal
2026-02-14 15:24:55.868203,NewYork-88a5,20,98,Normal
2026-02-14 15:24:56.868203,NewYork-88a5,-18,17,Normal
2026-02-14 15:24:57.868203,NewYork-88a5,-20,62,Normal
2026-02-14 15:24:58.868203,NewYork-88a5,12,14,Normal
2026-02-14 15:24:59.868203,NewYork-88a5,-11,81,Normal
2026-02-14 15:25:00.868203,NewYork-88a5,-18,25,Normal
2026-02-14 15:25:01.868203,NewYork-88a5,-22,63,Normal
2026-02-14 15:25:02.868203,NewYork-88a5,30,74,Normal
2026-02-14 15:25:03.868203,NewYork-88a5,37,64,Normal
2026-02-14 15:25:04.868203,NewYork-88a5,21,66,Normal
2026-02-14 15:25:05.868203,NewYork-88a5,29,77,Normal
2026-02-14 15:25:06.868203,NewYork-88a5,-9,38,Normal
2026-02-14 15:25:07.868203,NewYork-88a5,-6,75,Normal
2026-02-14 15:25:08.868203,NewYork-88a5,-13,9,Normal
2026-02-14 15:25:09.868203,NewYork-88a5,25,75,Normal
2026-02-14 15:25:10.868203,NewYork-88a5,-6,25,Normal
2026-02-14 15:25:11.868203,NewYork-88a5,13,13,Normal
2026-02-14 15:25:12.868203,NewYork-88a5,27,11,Normal
2026-02-14 15:25:13.868203,NewYork-88a5,13,19,Normal
2026-02-14 15:25:14.868203,NewYork-88a5,1,10,Normal
2026-02-14 15:25:15.868203,NewYork-88a5,1,7,Normal
2026-02-14 15:25:16.868203,NewYork-88a5,37,23,Normal
2026-02-14 15:25:17.868203,NewYork-88a5,30,53,Normal
2026-02-14 15:25:18.868203,NewYork-88a5,-12,47,Normal
2026-02-14 15:25:19.868203,NewYork-88a5,34,42,Normal
2026-02-14 15:25:20.868203,NewYork-88a5,43,24,Normal
2026-02-14 15:25:21.868203,NewYork-88a5,32,13,Normal
2026-02-14 15:25:22.868203,NewYork-88a5,47,58,Normal
2026-02-14 15:25:23.868203,NewYork-88a5,31,1,Normal
2026-02-14 15:25:24.868203,NewYork-88a5,-30,1,Normal
2026-02-14 15:25:25.868203,NewYork-88a5,44,26,Normal
2026-02-14 15:25:26.868203,NewYork-88a5,35,94,Normal
2026-02-14 15:25:27.868203,NewYork-88a5,-5,62,Normal
2026-02-14 15:25:28.868203,NewYork-88a5,-19,32,Normal
2026-02-14 15:25:29.868203,NewYork-88a5,44,14,Normal
2026-02-14 15:25:30.868203,NewYork-88a5,-7,42,Normal
2026-02-14 15:25:31.868203,NewYork-88a5,21,90,Normal
2026-02-14 15:25:32.868203,NewYork-88a5,-23,39,Normal
2026-02-14 15:25:33.868203,NewYork-88a5,19,55,Normal
2026-02-14 15:25:34.868203,NewYork-88a5,47,35,Normal
2026-02-14 15:25:35.868203,NewYork-88a5,47,44,Normal
2026-02-14 15:25:36.868203,NewYork-88a5,-12,94,Normal
2026-02-14 15:25:37.868203,NewYork-88a5,-12,1,Normal
2026-02-14 15:25:38.868203,NewYork-88a5,3,14,Normal
2026-02-14 15:25:39.868203,NewYork-88a5,26,18,Normal
2026-02-14 15:25:40.868203,NewYork-88a5,-18,77,Normal
2026-02-14 15:25:41.868203,NewYork-88a5,-11,79,Normal
2026-02-14 15:25:42.868203,NewYork-88a5,36,66,Normal
2026-02-14 15:25:43.868203,NewYork-88a5,-6,93,Normal
2026-02-14 15:25:44.868203,NewYork-88a5,-19,18,Normal
2026-02-14 15:25:45.868203,NewYork-88a5,1,93,Normal
2026-02-14 15:25:46.868203,NewYork-88a5,-8,5,Normal
2026-02-14 15:25:47.868203,NewYork-88a5,-16,54,Normal
2026-02-14 15:25:48.868203,NewYork-88a5,38,13,Normal
2026-02-14 15:25:49.868203,NewYork-88a5,-27,39,Normal
2026-02-14 15:25:50.868203,NewYork-88a5,26,55,Normal
2026-02-14 15:25:51.868203,NewYork-88a5,31,55,Normal
2026-02-14 15:25:52.868203,NewYork-88a5,1,95,Normal
2026-02-14 15:25:53.868203,NewYork-88a5,12,23,Normal
2026-02-14 15:25:54.868203,NewYork-88a5,46,39,Normal
2026-02-14 15:25:55.868203,NewYork-88a5,14,67,Normal
2026-02-14 15:25:56.868203,NewYork-88a5,-23,44,Normal
2026-02-14 15:25:57.868203,NewYork-88a5,-13,17,Normal
2026-02-14 15:25:58.868203,NewYork-88a5,2,43,Normal
2026-02-14 15:25:59.868203,NewYork-88a5,-24,4,Normal
2026-02-14 15:26:00.868203,NewYork-88a5,-4,65,Normal
2026-02-14 15:26:01.868203,NewYork-88a5,36,30,Normal
2026-02-14 15:26:02.868203,NewYork-88a5,-6,17,Normal
2026-02-14 15:26:03.868203,NewYork-88a5,13,77,Normal
2026-02-14 15:26:04.868203,NewYork-88a5,36,58,Normal
2026-02-14 15:26:05.868203,NewYork-88a5,40,9,Normal
2026-02-14 15:26:06.868203,NewYork-88a5,31,13,Normal
2026-02-14 15:26:07.868203,NewYork-88a5,11,6,Normal
2026-02-14 15:26:08.868203,NewYork-88a5,44,75,Normal
2026-02-14 15:26:09.868203,NewYork-88a5,16,83,Normal
2026-02-14 15:26:10.868203,NewYork-88a5,-14,38,Normal
2026-02-14 15:26:11.868203,NewYork-88a5,-5,28,Normal
2026-02-14 15:26:12.868203,NewYork-88a5,-1,73,Normal
2026-02-14 15:26:13.868203,NewYork-88a5,-3,25,Normal
2026-02-14 15:26:14.868203,NewYork-88a5,47,88,Normal
2026-02-14 15:26:15.868203,NewYork-88a5,-30,77,Normal
2026-02-14 15:26:16.868203,NewYork-88a5,-24,71,Normal
2026-02-14 15:26:17.868203,NewYork-88a5,48,57,Normal
2026-02-14 15:26:18.868203,NewYork-88a5,8,94,Normal
2026-02-14 15:26:19.868203,NewYork-88a5,35,88,Normal
2026-02-14 15:26:20.868203,NewYork-88a5,22,58,Normal
2026-02-14 15:26:21.868203,NewYork-88a5,-20,12,Normal
2026-02-14 15:26:22.868203,NewYork-88a5,49,7,Normal
2026-02-14 15:26:23.868203,NewYork-88a5,-14,47,Normal
2026-02-14 15:26:24.868203,NewYork-88a5,10,64,Normal
2026-02-14 15:26:25.868203,NewYork-88a5,-10,82,Normal
2026-02-14 15:26:26.868203,NewYork-88a5,-12,26,Normal
2026-02-14 15:26:27.868203,NewYork-88a5,31,47,Normal
2026-02-14 15:26:28.868203,NewYork-88a5,-18,91,Normal
2026-02-14 15:26:29.868203,NewYork-88a5,45,4,Normal
2026-02-14 15:26:30.868203,NewYork-88a5,37,20,Normal
2026-02-14 15:26:31.868203,NewYork-88a5,6,31,Normal
2026-02-14 15:26:32.868203,NewYork-88a5,10,55,Normal
2026-02-14 15:26:33.868203,NewYork-88a5,14,88,Normal
2026-02-14 15:26:34.868203,NewYork-88a5,5,4,Normal
2026-02-14 15:26:35.868203,NewYork-88a5,37,6,Normal
2026-02-14 15:26:36.868203,NewYork-88a5,-30,81,Normal
2026-02-14 15:26:37.868203,NewYork-88a5,38,61,Normal
2026-02-14 15:26:38.868203,NewYork-88a5,7,86,Normal
2026-02-14 15:26:39.868203,NewYork-88a5,-19,88,Normal
