timestamp,station_id,temp,humid,condition
2026-02-16 23:02:27.345926,London-dd94,20,26,Normal
2026-02-16 23:02:28.345926,London-dd94,-3,89,Normal
2026-02-16 23:02:29.345926,London-dd94,30,26,Normal
2026-02-16 23:02:30.345926,London-dd94,36,6,Normal
2026-02-16 23:02:31.345926,London-dd94,4,92,Normal
2026-02-16 23:02:32.345926,London-dd94,48,1,Normal
2026-02-16 23:02:33.345926,London-dd94,3,80,Normal
2026-02-16 23:02:34.345926,London-dd94,-3,55,Normal
2026-02-16 23:02:35.345926,London-dd94,45,69,Normal
2026-02-16 23:02:36.345926,London-dd94,-28,89,Normal
2026-02-16 23:02:37.345926,London-dd94,32,98,Normal
2026-02-16 23:02:38.345926,London-dd94,24,18,Normal
2026-02-16 23:02:39.345926,London-dd94,-4,49,Normal
2026-02-16 23:02:40.345926,London-dd94,-28,81,Normal
2026-02-16 23:02:41.345926,London-dd94,35,95,Normal
2026-02-16 23:02:42.345926,London-dd94,2,29,Normal
2026-02-16 23:02:43.345926,London-dd94,28,16,Normal
2026-02-16 23:02:44.345926,London-dd94,-18,9,Normal
2026-02-16 23:02:45.345926,London-dd94,-17,11,Normal
2026-02-16 23:02:46.345926,London-dd94,46,54,Normal
2026-02-16 23:02:47.345926,London-dd94,28,62,Normal
2026-02-16 23:02:48.345926,London-dd94,31,69,Normal
2026-02-16 23:02:49.345926,London-dd94,42,81,Normal
2026-02-16 23:02:50.345926,London-dd94,48,81,Normal
2026-02-16 23:02:51.345926,London-dd94,-7,90,Normal
2026-02-16 23:02:52.345926,London-dd94,12,74,Normal
2026-02-16 23:02:53.345926,London-dd94,-13,37,Normal
2026-02-16 23:02:54.345926,London-dd94,-23,63,Normal
2026-02-16 23:02:55.345926,London-dd94,37,68,Normal
2026-02-16 23:02:56.345926,London-dd94,42,59,Normal
2026-02-16 23:02:57.345926,London-dd94,2,89,Normal
2026-02-16 23:02:58.345926,London-dd94,2,47,Normal
2026-02-16 23:02:59.345926,London-dd94,22,42,Normal
2026-02-16 23:03:00.345926,London-dd94,25,20,Normal
2026-02-16 23:03:01.345926,London-dd94,23,87,Normal
2026-02-16 23:03:02.345926,London-dd94,-26,33,Normal
2026-02-16 23:03:03.345926,London-dd94,7,46,Normal
2026-02-16 23:03:04.345926,London-dd94,47,94,Normal
2026-02-16 23:03:05.345926,London-dd94,-21,61,Normal
2026-02-16 23:03:06.345926,London-dd94,5,50,Normal
2026-02-16 23:03:07.345926,London-dd94,31,86,Normal
2026-02-16 23:03:08.345926,London-dd94,-26,50,Normal
2026-02-16 23:03:09.345926,London-dd94,-7,0,Normal
2026-02-16 23:03:10.345926,London-dd94,14,80,Normal
2026-02-16 23:03:11.345926,London-dd94,12,3,Normal
2026-02-16 23:03:12.345926,London-dd94,31,11,Normal
2026-02-16 23:03:13.345926,London-dd94,41,24,Normal
2026-02-16 23:03:14.345926,London-dd94,44,46,Normal
2026-02-16 23:03:15.345926,London-dd94,-28,75,Normal
2026-02-16 23:03:16.345926,London-dd94,12,3,Normal
2026-02-16 23:03:17.345926,London-dd94,-24,92,Normal
2026-02-16 23:03:18.345926,London-dd94,28,20,Normal
2026-02-16 23:03:19.345926,London-dd94,22,57,Normal
2026-02-16 23:03:20.345926,London-dd94,40,75,Normal
2026-02-16 23:03:21.345926,London-dd94,-23,100,Normal
2026-02-16 23:03:22.345926,London-dd94,-27,18,Normal
2026-02-16 23:03:23.345926,London-dd94,49,66,Normal
2026-02-16 23:03:24.345926,London-dd94,-24,92,Normal
2026-02-16 23:03:25.345926,London-dd94,-29,46,Normal
2026-02-16 23:03:26.345926,London-dd94,-16,67,Normal
2026-02-16 23:03:27.345926,London-dd94,3,33,Normal
2026-02-16 23:03:28.345926,London-dd94,-27,66,Normal
2026-02-16 23:03:29.345926,London-dd94,41,88,Normal
2026-02-16 23:03:30.345926,London-dd94,-7,4,Normal
2026-02-16 23:03:31.345926,London-dd94,41,88,Normal
2026-02-16 23:03:32.345926,London-dd94,-16,56,Normal
2026-02-16 23:03:33.345926,London-dd94,30,45,Normal
2026-02-16 23:03:34.345926,London-dd94,24,42,Normal
2026-02-16 23:03:35.345926,London-dd94,-6,15,Normal
2026-02-16 23:03:36.345926,London-dd94,6,23,Normal
2026-02-16 23:03:37.345926,London-dd94,26,6,Normal
2026-02-16 23:03:38.345926,London-dd94,3,58,Normal
2026-02-16 23:03:39.345926,London-dd94,-2,97,Normal
2026-02-16 23:03:40.345926,London-dd94,-8,15,Normal
2026-02-16 23:03:41.345926,London-dd94,32,87,Normal
2026-02-16 23:03:42.345926,London-dd94,8,97,Normal
2026-02-16 23:03:43.345926,London-dd94,40,55,Normal
2026-02-16 23:03:44.345926,London-dd94,-12,68,Normal
2026-02-16 23:03:45.345926,London-dd94,8,69,Normal
2026-02-16 23:03:46.345926,London-dd94,-26,0,Normal
2026-02-16 23:03:47.345926,London-dd94,30,36,Normal
2026-02-16 23:03:48.345926,London-dd94,-16,2,Normal
2026-02-16 23:03:49.345926,London-dd94,-6,34,Normal
2026-02-16 23:03:50.345926,London-dd94,23,72,Normal
2026-02-16 23:03:51.345926,London-dd94,-24,10,Normal
2026-02-16 23:03:52.345926,London-dd94,11,46,Normal
2026-02-16 23:03:53.345926,London-dd94,11,78,Normal
2026-02-16 23:03:54.345926,London-dd94,-29,74,Normal
2026-02-16 23:03:55.345926,London-dd94,35,62,Normal
2026-02-16 23:03:56.345926,London-dd94,12,33,Normal
2026-02-16 23:03:57.345926,London-dd94,-20,22,Normal
2026-02-16 23:03:58.345926,London-dd94,46,41,Normal
2026-02-16 23:03:59.345926,London-dd94,-28,84,Normal
2026-02-16 23:04:00.345926,London-dd94,39,52,Normal
2026-02-16 23:04:01.345926,London-dd94,-5,30,Normal
2026-02-16 23:04:02.345926,London-dd94,-5,31,Normal
2026-02-16 23:04:03.345926,London-dd94,-17,75,Normal
2026-02-16 23:04:04.345926,London-dd94,-26,39,Normal
2026-02-16 23:04:05.345926,London-dd94,-5,14,Normal
2026-02-16 23:04:06.345926,London-dd94,47,90,Normal
2026-02-16 23:04:07.345926,London-dd94,15,24,Normal
2026-02-16 23:04:08.345926,London-dd94,-20,89,Normal
2026-02-16 23:04:09.345926,London-dd94,17,96,Normal
2026-02-16 23:04:10.345926,London-dd94,46,96,Normal
2026-02-16 23:04:11.345926,London-dd94,41,16,Normal
2026-02-16 23:04:12.345926,London-dd94,-7,80,Normal
2026-02-16 23:04:13.345926,London-dd94,25,89,Normal
2026-02-16 23:04:14.345926,London-dd94,-29,15,Normal
2026-02-16 23:04:15.345926,London-dd94,-15,45,Normal
2026-02-16 23:04:16.345926,London-dd94,0,84,Normal
2026-02-16 23:04:17.345926,London-dd94,-22,43,Normal
2026-02-16 23:04:18.345926,London-dd94,10,22,Normal
2026-02-16 23:04:19.345926,London-dd94,35,66,Normal
2026-02-16 23:04:20.345926,London-dd94,17,16,Normal
2026-02-16 23:04:21.345926,London-dd94,9,4,Normal
2026-02-16 23:04:22.345926,London-dd94,-18,73,Normal
2026-02-16 23:04:23.345926,London-dd94,31,14,Normal
2026-02-16 23:04:24.345926,London-dd94,47,84,Normal
2026-02-16 23:04:25.345926,London-dd94,-6,24,Normal
2026-02-16 23:04:26.345926,London-dd94,44,92,Normal
2026-02-16 23:04:27.345926,London-dd94,-18,72,Normal
2026-02-16 23:04:28.345926,London-dd94,49,87,Normal
2026-02-16 23:04:29.345926,London-dd94,-30,67,Normal
2026-02-16 23:04:30.345926,London-dd94,16,57,Normal
2026-02-16 23:04:31.345926,London-dd94,36,48,Normal
2026-02-16 23:04:32.345926,London-dd94,35,48,Normal
2026-02-16 23:04:33.345926,London-dd94,16,0,Normal
2026-02-16 23:04:34.345926,London-dd94,-6,76,Normal
2026-02-16 23:04:35.345926,London-dd94,46,64,Normal
2026-02-16 23:04:36.345926,London-dd94,-2,77,Normal
2026-02-16 23:04:37.345926,London-dd94,-18,73,Normal
2026-02-16 23:04:38.345926,London-dd94,49,38,Normal
2026-02-16 23:04:39.345926,London-dd94,32,78,Normal
2026-02-16 23:04:40.345926,London-dd94,15,14,Normal
2026-02-16 23:04:41.345926,London-dd94,9,3,Normal
2026-02-16 23:04:42.345926,London-dd94,45,38,Normal
2026-02-16 23:04:43.345926,London-dd94,29,6,Normal
2026-02-16 23:04:44.345926,London-dd94,24,43,Normal
2026-02-16 23:04:45.345926,London-dd94,-12,44,Normal
2026-02-16 23:04:46.345926,London-dd94,49,65,Normal
2026-02-16 23:04:47.345926,London-dd94,26,89,Normal
2026-02-16 23:04:48.345926,London-dd94,0,80,Normal
2026-02-16 23:04:49.345926,London-dd94,16,62,Normal
2026-02-16 23:04:50.345926,London-dd94,46,78,Normal
2026-02-16 23:04:51.345926,London-dd94,-25,96,Normal
2026-02-16 23:04:52.345926,London-dd94,46,93,Normal
2026-02-16 23:04:53.345926,London-dd94,-12,46,Normal
2026-02-16 23:04:54.345926,London-dd94,-29,34,Normal
2026-02-16 23:04:55.345926,London-dd94,0,13,Normal
2026-02-16 23:04:56.345926,London-dd94,1,23,Normal
2026-02-16 23:04:57.345926,London-dd94,18,91,Normal
2026-02-16 23:04:58.345926,London-dd94,19,53,Normal
2026-02-16 23:04:59.345926,London-dd94,9,42,Normal
2026-02-16 23:05:00.345926,London-dd94,35,32,Normal
2026-02-16 23:05:01.345926,London-dd94,50,62,Normal
2026-02-16 23:05:02.345926,London-dd94,1,62,Normal
2026-02-16 23:05:03.345926,London-dd94,16,7,Normal
2026-02-16 23:05:04.345926,London-dd94,18,96,Normal
2026-02-16 23:05:05.345926,London-dd94,45,46,Normal
2026-02-16 23:05:06.345926,London-dd94,-2,93,Normal
2026-02-16 23:05:07.345926,London-dd94,-17,73,Normal
2026-02-16 23:05:08.345926,London-dd94,31,7,Normal
2026-02-16 23:05:09.345926,London-dd94,48,97,Normal
2026-02-16 23:05:10.345926,London-dd94,-28,37,Normal
2026-02-16 23:05:11.345926,London-dd94,7,74,Normal
2026-02-16 23:05:12.345926,London-dd94,-14,23,Normal
2026-02-16 23:05:13.345926,London-dd94,15,45,Normal
2026-02-16 23:05:14.345926,London-dd94,48,3,Normal
2026-02-16 23:05:15.345926,London-dd94,26,59,Normal
2026-02-16 23:05:16.345926,London-dd94,43,67,Normal
2026-02-16 23:05:17.345926,London-dd94,-19,8,Normal
2026-02-16 23:05:18.345926,London-dd94,-16,87,Normal
2026-02-16 23:05:19.345926,London-dd94,-21,36,Normal
2026-02-16 23:05:20.345926,London-dd94,46,49,Normal
2026-02-16 23:05:21.345926,London-dd94,-8,13,Normal
2026-02-16 23:05:22.345926,London-dd94,-26,98,Normal
2026-02-16 23:05:23.345926,London-dd94,49,19,Normal
2026-02-16 23:05:24.345926,London-dd94,-8,81,Normal
2026-02-16 23:05:25.345926,London-dd94,-8,28,Normal
2026-02-16 23:05:26.345926,London-dd94,5,15,Normal
2026-02-16 23:05:27.345926,London-dd94,31,81,Normal
2026-02-16 23:05:28.345926,London-dd94,42,70,Normal
2026-02-16 23:05:29.345926,London-dd94,25,15,Normal
2026-02-16 23:05:30.345926,London-dd94,1,68,Normal
2026-02-16 23:05:31.345926,London-dd94,-18,55,Normal
2026-02-16 23:05:32.345926,London-dd94,5,47,Normal
2026-02-16 23:05:33.345926,London-dd94,-28,1,Normal
2026-02-16 23:05:34.345926,London-dd94,8,90,Normal
2026-02-16 23:05:35.345926,London-dd94,30,16,Normal
2026-02-16 23:05:36.345926,London-dd94,27,87,Normal
2026-02-16 23:05:37.345926,London-dd94,47,23,Normal
2026-02-16 23:05:38.345926,London-dd94,-22,42,Normal
2026-02-16 23:05:39.345926,London-dd94,39,86,Normal
2026-02-16 23:05:40.345926,London-dd94,-30,6,Normal
2026-02-16 23:05:41.345926,London-dd94,11,0,Normal
2026-02-16 23:05:42.345926,London-dd94,31,45,Normal
2026-02-16 23:05:43.345926,London-dd94,-22,83,Normal
2026-02-16 23:05:44.345926,London-dd94,23,97,Normal
2026-02-16 23:05:45.345926,London-dd94,29,66,Normal
2026-02-16 23:05:46.345926,London-dd94,5,22,Normal
2026-02-16 23:05:47.345926,London-dd94,2,34,Normal
2026-02-16 23:05:48.345926,London-dd94,-6,32,Normal
2026-02-16 23:05:49.345926,London-dd94,-28,60,Normal
2026-02-16 23:05:50.345926,London-dd94,-23,13,Normal
2026-02-16 23:05:51.345926,London-dd94,17,85,Normal
2026-02-16 23:05:52.345926,London-dd94,35,12,Normal
2026-02-16 23:05:53.345926,London-dd94,39,32,Normal
2026-02-16 23:05:54.345926,London-dd94,-4,55,Normal
2026-02-16 23:05:55.345926,London-dd94,30,99,Normal
2026-02-16 23:05:56.345926,London-dd94,-11,39,Normal
2026-02-16 23:05:57.345926,London-dd94,45,30,Normal
2026-02-16 23:05:58.345926,London-dd94,20,46,Normal
2026-02-16 23:05:59.345926,London-dd94,20,81,Normal
2026-02-16 23:06:00.345926,London-dd94,-17,11,Normal
2026-02-16 23:06:01.345926,London-dd94,11,12,Normal
2026-02-16 23:06:02.345926,London-dd94,37,39,Normal
2026-02-16 23:06:03.345926,London-dd94,18,10,Normal
2026-02-16 23:06:04.345926,London-dd94,43,45,Normal
2026-02-16 23:06:05.345926,London-dd94,-8,31,Normal
2026-02-16 23:06:06.345926,London-dd94,13,64,Normal
2026-02-16 23:06:07.345926,London-dd94,14,89,Normal
2026-02-16 23:06:08.345926,London-dd94,18,71,Normal
2026-02-16 23:06:09.345926,London-dd94,-25,17,Normal
2026-02-16 23:06:10.345926,London-dd94,8,80,Normal
2026-02-16 23:06:11.345926,London-dd94,-22,34,Normal
2026-02-16 23:06:12.345926,London-dd94,18,22,Normal
2026-02-16 23:06:13.345926,London-dd94,22,94,Normal
2026-02-16 23:06:14.345926,London-dd94,24,43,Normal
2026-02-16 23:06:15.345926,London-dd94,47,9,Normal
2026-02-16 23:06:16.345926,London-dd94,50,79,Normal
2026-02-16 23:06:17.345926,London-dd94,40,77,Normal
2026-02-16 23:06:18.345926,London-dd94,4,66,Normal
2026-02-16 23:06:19.345926,London-dd94,40,45,Normal
2026-02-16 23:06:20.345926,London-dd94,1,53,Normal
2026-02-16 23:06:21.345926,London-dd94,10,87,Normal
2026-02-16 23:06:22.345926,London-dd94,3,76,Normal
2026-02-16 23:06:23.345926,London-dd94,25,36,Normal
2026-02-16 23:06:24.345926,London-dd94,20,16,Normal
2026-02-16 23:06:25.345926,London-dd94,47,10,Normal
2026-02-16 23:06:26.345926,London-dd94,17,2,Normal
2026-02-16 23:06:27.345926,London-dd94,-1,31,Normal
2026-02-16 23:06:28.345926,London-dd94,-16,36,Normal
2026-02-16 23:06:29.345926,London-dd94,-17,47,Normal
2026-02-16 23:06:30.345926,London-dd94,-21,82,Normal
2026-02-16 23:06:31.345926,London-dd94,-19,57,Normal
2026-02-16 23:06:32.345926,London-dd94,-14,34,Normal
2026-02-16 23:06:33.345926,London-dd94,31,95,Normal
2026-02-16 23:06:34.345926,London-dd94,13,24,Normal
2026-02-16 23:06:35.345926,London-dd94,14,50,Normal
2026-02-16 23:06:36.345926,London-dd94,-11,0,Normal
2026-02-16 23:06:37.345926,London-dd94,8,83,Normal
2026-02-16 23:06:38.345926,London-dd94,27,74,Normal
2026-02-16 23:06:39.345926,London-dd94,6,47,Normal
2026-02-16 23:06:40.345926,London-dd94,-19,1,Normal
2026-02-16 23:06:41.345926,London-dd94,-29,93,Normal
2026-02-16 23:06:42.345926,London-dd94,45,28,Normal
2026-02-16 23:06:43.345926,London-dd94,-24,3,Normal
2026-02-16 23:06:44.345926,London-dd94,-22,72,Normal
2026-02-16 23:06:45.345926,London-dd94,38,34,Normal
2026-02-16 23:06:46.345926,London-dd94,36,53,Normal
2026-02-16 23:06:47.345926,London-dd94,-29,44,Normal
2026-02-16 23:06:48.345926,London-dd94,48,7,Normal
2026-02-16 23:06:49.345926,London-dd94,33,37,Normal
2026-02-16 23:06:50.345926,London-dd94,32,99,Normal
2026-02-16 23:06:51.345926,London-dd94,20,88,Normal
2026-02-16 23:06:52.345926,London-dd94,47,14,Normal
2026-02-16 23:06:53.345926,London-dd94,-25,17,Normal
2026-02-16 23:06:54.345926,London-dd94,-23,24,Normal
2026-02-16 23:06:55.345926,London-dd94,44,56,Normal
2026-02-16 23:06:56.345926,London-dd94,11,64,Normal
2026-02-16 23:06:57.345926,London-dd94,24,83,Normal
2026-02-16 23:06:58.345926,London-dd94,39,63,Normal
2026-02-16 23:06:59.345926,London-dd94,16,38,Normal
2026-02-16 23:07:00.345926,London-dd94,-18,63,Normal
2026-02-16 23:07:01.345926,London-dd94,1,20,Normal
2026-02-16 23:07:02.345926,London-dd94,26,82,Normal
2026-02-16 23:07:03.345926,London-dd94,-5,99,Normal
2026-02-16 23:07:04.345926,London-dd94,21,33,Normal
2026-02-16 23:07:05.345926,London-dd94,-3,3,Normal
2026-02-16 23:07:06.345926,London-dd94,32,53,Normal
2026-02-16 23:07:07.345926,London-dd94,-10,51,Normal
2026-02-16 23:07:08.345926,London-dd94,-13,1,Normal
2026-02-16 23:07:09.345926,London-dd94,-8,38,Normal
2026-02-16 23:07:10.345926,London-dd94,18,11,Normal
2026-02-16 23:07:11.345926,London-dd94,38,23,Normal
2026-02-16 23:07:12.345926,London-dd94,-24,81,Normal
2026-02-16 23:07:13.345926,London-dd94,39,44,Normal
2026-02-16 23:07:14.345926,London-dd94,18,1,Normal
2026-02-16 23:07:15.345926,London-dd94,-25,6,Normal
2026-02-16 23:07:16.345926,London-dd94,24,45,Normal
2026-02-16 23:07:17.345926,London-dd94,-21,33,Normal
2026-02-16 23:07:18.345926,London-dd94,-19,99,Normal
2026-02-16 23:07:19.345926,London-dd94,21,34,Normal
2026-02-16 23:07:20.345926,London-dd94,-26,99,Normal
2026-02-16 23:07:21.345926,London-dd94,15,33,Normal
2026-02-16 23:07:22.345926,London-dd94,-24,98,Normal
2026-02-16 23:07:23.345926,London-dd94,47,16,Normal
2026-02-16 23:07:24.345926,London-dd94,-9,35,Normal
2026-02-16 23:07:25.345926,London-dd94,19,10,Normal
2026-02-16 23:07:26.345926,London-dd94,14,54,Normal
2026-02-16 23:07:27.345926,London-dd94,14,8,Normal
2026-02-16 23:07:28.345926,London-dd94,44,83,Normal
2026-02-16 23:07:29.345926,London-dd94,34,9,Normal
2026-02-16 23:07:30.345926,London-dd94,-14,39,Normal
2026-02-16 23:07:31.345926,London-dd94,36,74,Normal
2026-02-16 23:07:32.345926,London-dd94,-28,82,Normal
2026-02-16 23:07:33.345926,London-dd94,-24,73,Normal
2026-02-16 23:07:34.345926,London-dd94,1,41,Normal
2026-02-16 23:07:35.345926,London-dd94,24,62,Normal
2026-02-16 23:07:36.345926,London-dd94,42,92,Normal
2026-02-16 23:07:37.345926,London-dd94,-19,29,Normal
2026-02-16 23:07:38.345926,London-dd94,30,73,Normal
2026-02-16 23:07:39.345926,London-dd94,13,38,Normal
2026-02-16 23:07:40.345926,London-dd94,-28,65,Normal
2026-02-16 23:07:41.345926,London-dd94,35,69,Normal
2026-02-16 23:07:42.345926,London-dd94,-5,83,Normal
2026-02-16 23:07:43.345926,London-dd94,50,74,Normal
2026-02-16 23:07:44.345926,London-dd94,-5,30,Normal
2026-02-16 23:07:45.345926,London-dd94,33,30,Normal
2026-02-16 23:07:46.345926,London-dd94,18,73,Normal
2026-02-16 23:07:47.345926,London-dd94,39,25,Normal
2026-02-16 23:07:48.345926,London-dd94,6,1,Normal
2026-02-16 23:07:49.345926,London-dd94,8,62,Normal
2026-02-16 23:07:50.345926,London-dd94,13,42,Normal
2026-02-16 23:07:51.345926,London-dd94,-23,79,Normal
2026-02-16 23:07:52.345926,London-dd94,28,47,Normal
2026-02-16 23:07:53.345926,London-dd94,3,76,Normal
2026-02-16 23:07:54.345926,London-dd94,29,11,Normal
2026-02-16 23:07:55.345926,London-dd94,-11,8,Normal
2026-02-16 23:07:56.345926,London-dd94,1,29,Normal
2026-02-16 23:07:57.345926,London-dd94,50,42,Normal
2026-02-16 23:07:58.345926,London-dd94,6,87,Normal
2026-02-16 23:07:59.345926,London-dd94,-22,65,Normal
2026-02-16 23:08:00.345926,London-dd94,42,80,Normal
2026-02-16 23:08:01.345926,London-dd94,22,3,Normal
2026-02-16 23:08:02.345926,London-dd94,-25,10,Normal
2026-02-16 23:08:03.345926,London-dd94,-3,36,Normal
2026-02-16 23:08:04.345926,London-dd94,0,12,Normal
2026-02-16 23:08:05.345926,London-dd94,5,79,Normal
2026-02-16 23:08:06.345926,London-dd94,24,68,Normal
2026-02-16 23:08:07.345926,London-dd94,-17,65,Normal
2026-02-16 23:08:08.345926,London-dd94,10,43,Normal
2026-02-16 23:08:09.345926,London-dd94,0,16,Normal
2026-02-16 23:08:10.345926,London-dd94,23,80,Normal
2026-02-16 23:08:11.345926,London-dd94,-17,20,Normal
2026-02-16 23:08:12.345926,London-dd94,-11,76,Normal
2026-02-16 23:08:13.345926,London-dd94,35,65,Normal
2026-02-16 23:08:14.345926,London-dd94,43,73,Normal
2026-02-16 23:08:15.345926,London-dd94,-11,28,Normal
2026-02-16 23:08:16.345926,London-dd94,3,4,Normal
2026-02-16 23:08:17.345926,London-dd94,-20,44,Normal
2026-02-16 23:08:18.345926,London-dd94,-19,47,Normal
2026-02-16 23:08:19.345926,London-dd94,32,20,Normal
2026-02-16 23:08:20.345926,London-dd94,-15,3,Normal
2026-02-16 23:08:21.345926,London-dd94,4,30,Normal
2026-02-16 23:08:22.345926,London-dd94,-5,27,Normal
2026-02-16 23:08:23.345926,London-dd94,7,22,Normal
2026-02-16 23:08:24.345926,London-dd94,-28,64,Normal
2026-02-16 23:08:25.345926,London-dd94,7,93,Normal
2026-02-16 23:08:26.345926,London-dd94,-2,58,Normal
2026-02-16 23:08:27.345926,London-dd94,-19,27,Normal
2026-02-16 23:08:28.345926,London-dd94,-8,62,Normal
2026-02-16 23:08:29.345926,London-dd94,28,83,Normal
2026-02-16 23:08:30.345926,London-dd94,1,16,Normal
2026-02-16 23:08:31.345926,London-dd94,9,0,Normal
2026-02-16 23:08:32.345926,London-dd94,29,54,Normal
2026-02-16 23:08:33.345926,London-dd94,-10,86,Normal
2026-02-16 23:08:34.345926,London-dd94,49,55,Normal
2026-02-16 23:08:35.345926,London-dd94,-5,49,Normal
2026-02-16 23:08:36.345926,London-dd94,5,56,Normal
2026-02-16 23:08:37.345926,London-dd94,18,40,Normal
2026-02-16 23:08:38.345926,London-dd94,-14,29,Normal
2026-02-16 23:08:39.345926,London-dd94,-4,53,Normal
2026-02-16 23:08:40.345926,London-dd94,24,12,Normal
2026-02-16 23:08:41.345926,London-dd94,2,15,Normal
2026-02-16 23:08:42.345926,London-dd94,26,30,Normal
2026-02-16 23:08:43.345926,London-dd94,-2,38,Normal
2026-02-16 23:08:44.345926,London-dd94,43,0,Normal
2026-02-16 23:08:45.345926,London-dd94,16,55,Normal
2026-02-16 23:08:46.345926,London-dd94,-6,18,Normal
2026-02-16 23:08:47.345926,London-dd94,-1,67,Normal
2026-02-16 23:08:48.345926,London-dd94,28,81,Normal
2026-02-16 23:08:49.345926,London-dd94,-13,50,Normal
2026-02-16 23:08:50.345926,London-dd94,35,36,Normal
2026-02-16 23:08:51.345926,London-dd94,-8,57,Normal
2026-02-16 23:08:52.345926,London-dd94,2,59,Normal
2026-02-16 23:08:53.345926,London-dd94,-18,99,Normal
2026-02-16 23:08:54.345926,London-dd94,46,33,Normal
2026-02-16 23:08:55.345926,London-dd94,36,45,Normal
2026-02-16 23:08:56.345926,London-dd94,-17,10,Normal
2026-02-16 23:08:57.345926,London-dd94,42,67,Normal
2026-02-16 23:08:58.345926,London-dd94,-27,79,Normal
2026-02-16 23:08:59.345926,London-dd94,-16,14,Normal
2026-02-16 23:09:00.345926,London-dd94,-29,39,Normal
2026-02-16 23:09:01.345926,London-dd94,30,81,Normal
2026-02-16 23:09:02.345926,London-dd94,50,100,Normal
2026-02-16 23:09:03.345926,London-dd94,11,86,Normal
2026-02-16 23:09:04.345926,London-dd94,-26,17,Normal
2026-02-16 23:09:05.345926,London-dd94,7,15,Normal
2026-02-16 23:09:06.345926,London-dd94,24,89,Normal
2026-02-16 23:09:07.345926,London-dd94,26,41,Normal
2026-02-16 23:09:08.345926,London-dd94,-16,2,Normal
2026-02-16 23:09:09.345926,London-dd94,33,18,Normal
2026-02-16 23:09:10.345926,London-dd94,-22,3,Normal
2026-02-16 23:09:11.345926,London-dd94,37,93,Normal
2026-02-16 23:09:12.345926,London-dd94,30,60,Normal
2026-02-16 23:09:13.345926,London-dd94,-18,77,Normal
2026-02-16 23:09:14.345926,London-dd94,10,11,Normal
2026-02-16 23:09:15.345926,London-dd94,-10,81,Normal
2026-02-16 23:09:16.345926,London-dd94,30,46,Normal
2026-02-16 23:09:17.345926,London-dd94,4,23,Normal
2026-02-16 23:09:18.345926,London-dd94,-9,23,Normal
2026-02-16 23:09:19.345926,London-dd94,-30,84,Normal
2026-02-16 23:09:20.345926,London-dd94,-21,89,Normal
2026-02-16 23:09:21.345926,London-dd94,49,5,Normal
2026-02-16 23:09:22.345926,London-dd94,26,2,Normal
2026-02-16 23:09:23.345926,London-dd94,1,84,Normal
2026-02-16 23:09:24.345926,London-dd94,23,15,Normal
2026-02-16 23:09:25.345926,London-dd94,37,52,Normal
2026-02-16 23:09:26.345926,London-dd94,-27,59,Normal
2026-02-16 23:09:27.345926,London-dd94,43,51,Normal
2026-02-16 23:09:28.345926,London-dd94,26,75,Normal
2026-02-16 23:09:29.345926,London-dd94,48,97,Normal
2026-02-16 23:09:30.345926,London-dd94,22,74,Normal
2026-02-16 23:09:31.345926,London-dd94,13,46,Normal
2026-02-16 23:09:32.345926,London-dd94,-4,79,Normal
2026-02-16 23:09:33.345926,London-dd94,50,0,Normal
2026-02-16 23:09:34.345926,London-dd94,38,61,Normal
2026-02-16 23:09:35.345926,London-dd94,-11,50,Normal
2026-02-16 23:09:36.345926,London-dd94,36,15,Normal
2026-02-16 23:09:37.345926,London-dd94,11,24,Normal
2026-02-16 23:09:38.345926,London-dd94,-12,84,Normal
2026-02-16 23:09:39.345926,London-dd94,4,98,Normal
2026-02-16 23:09:40.345926,London-dd94,43,42,Normal
2026-02-16 23:09:41.345926,London-dd94,2,27,Normal
2026-02-16 23:09:42.345926,London-dd94,5,83,Normal
2026-02-16 23:09:43.345926,London-dd94,-10,95,Normal
2026-02-16 23:09:44.345926,London-dd94,-2,2,Normal
2026-02-16 23:09:45.345926,London-dd94,44,91,Normal
2026-02-16 23:09:46.345926,London-dd94,-24,95,Normal
2026-02-16 23:09:47.345926,London-dd94,-24,78,Normal
2026-02-16 23:09:48.345926,London-dd94,11,82,Normal
2026-02-16 23:09:49.345926,London-dd94,21,6,Normal
2026-02-16 23:09:50.345926,London-dd94,0,22,Normal
2026-02-16 23:09:51.345926,London-dd94,-18,54,Normal
2026-02-16 23:09:52.345926,London-dd94,28,81,Normal
2026-02-16 23:09:53.345926,London-dd94,0,85,Normal
2026-02-16 23:09:54.345926,London-dd94,37,82,Normal
2026-02-16 23:09:55.345926,London-dd94,45,2,Normal
2026-02-16 23:09:56.345926,London-dd94,23,20,Normal
2026-02-16 23:09:57.345926,London-dd94,3,49,Normal
2026-02-16 23:09:58.345926,London-dd94,-27,79,Normal
2026-02-16 23:09:59.345926,London-dd94,-30,74,Normal
2026-02-16 23:10:00.345926,London-dd94,-25,48,Normal
2026-02-16 23:10:01.345926,London-dd94,-21,87,Normal
2026-02-16 23:10:02.345926,London-dd94,-25,56,Normal
2026-02-16 23:10:03.345926,London-dd94,29,32,Normal
2026-02-16 23:10:04.345926,London-dd94,-16,31,Normal
2026-02-16 23:10:05.345926,London-dd94,14,68,Normal
2026-02-16 23:10:06.345926,London-dd94,-21,37,Normal
2026-02-16 23:10:07.345926,London-dd94,-14,26,Normal
2026-02-16 23:10:08.345926,London-dd94,-22,91,Normal
2026-02-16 23:10:09.345926,London-dd94,12,52,Normal
2026-02-16 23:10:10.345926,London-dd94,-26,55,Normal
2026-02-16 23:10:11.345926,London-dd94,7,55,Normal
2026-02-16 23:10:12.345926,London-dd94,-8,55,Normal
2026-02-16 23:10:13.345926,London-dd94,26,31,Normal
2026-02-16 23:10:14.345926,London-dd94,-5,62,Normal
2026-02-16 23:10:15.345926,London-dd94,7,37,Normal
2026-02-16 23:10:16.345926,London-dd94,-9,4,Normal
2026-02-16 23:10:17.345926,London-dd94,34,83,Normal
2026-02-16 23:10:18.345926,London-dd94,39,27,Normal
2026-02-16 23:10:19.345926,London-dd94,10,67,Normal
2026-02-16 23:10:20.345926,London-dd94,37,63,Normal
2026-02-16 23:10:21.345926,London-dd94,35,74,Normal
2026-02-16 23:10:22.345926,London-dd94,50,8,Normal
2026-02-16 23:10:23.345926,London-dd94,-21,87,Normal
2026-02-16 23:10:24.345926,London-dd94,44,66,Normal
2026-02-16 23:10:25.345926,London-dd94,33,29,Normal
2026-02-16 23:10:26.345926,London-dd94,-30,9,Normal
2026-02-16 23:10:27.345926,London-dd94,-27,46,Normal
2026-02-16 23:10:28.345926,London-dd94,-29,92,Normal
2026-02-16 23:10:29.345926,London-dd94,-12,91,Normal
2026-02-16 23:10:30.345926,London-dd94,40,21,Normal
2026-02-16 23:10:31.345926,London-dd94,-10,45,Normal
2026-02-16 23:10:32.345926,London-dd94,0,47,Normal
2026-02-16 23:10:33.345926,London-dd94,44,93,Normal
2026-02-16 23:10:34.345926,London-dd94,-13,81,Normal
2026-02-16 23:10:35.345926,London-dd94,-20,71,Normal
2026-02-16 23:10:36.345926,London-dd94,44,72,Normal
2026-02-16 23:10:37.345926,London-dd94,-13,93,Normal
2026-02-16 23:10:38.345926,London-dd94,44,23,Normal
2026-02-16 23:10:39.345926,London-dd94,2,69,Normal
2026-02-16 23:10:40.345926,London-dd94,3,39,Normal
2026-02-16 23:10:41.345926,London-dd94,-3,25,Normal
2026-02-16 23:10:42.345926,London-dd94,43,19,Normal
2026-02-16 23:10:43.345926,London-dd94,42,31,Normal
2026-02-16 23:10:44.345926,London-dd94,48,84,Normal
2026-02-16 23:10:45.345926,London-dd94,8,38,Normal
2026-02-16 23:10:46.345926,London-dd94,-24,80,Normal
2026-02-16 23:10:47.345926,London-dd94,6,63,Normal
2026-02-16 23:10:48.345926,London-dd94,-23,56,Normal
2026-02-16 23:10:49.345926,London-dd94,-19,59,Normal
2026-02-16 23:10:50.345926,London-dd94,5,24,Normal
2026-02-16 23:10:51.345926,London-dd94,-2,56,Normal
2026-02-16 23:10:52.345926,London-dd94,22,28,Normal
2026-02-16 23:10:53.345926,London-dd94,-14,82,Normal
2026-02-16 23:10:54.345926,London-dd94,-15,15,Normal
2026-02-16 23:10:55.345926,London-dd94,27,83,Normal
2026-02-16 23:10:56.345926,London-dd94,49,14,Normal
2026-02-16 23:10:57.345926,London-dd94,-15,38,Normal
2026-02-16 23:10:58.345926,London-dd94,46,31,Normal
2026-02-16 23:10:59.345926,London-dd94,-24,13,Normal
2026-02-16 23:11:00.345926,London-dd94,41,45,Normal
2026-02-16 23:11:01.345926,London-dd94,-26,52,Normal
2026-02-16 23:11:02.345926,London-dd94,-6,31,Normal
2026-02-16 23:11:03.345926,London-dd94,49,1,Normal
2026-02-16 23:11:04.345926,London-dd94,-19,81,Normal
2026-02-16 23:11:05.345926,London-dd94,-13,17,Normal
2026-02-16 23:11:06.345926,London-dd94,35,11,Normal
2026-02-16 23:11:07.345926,London-dd94,50,88,Normal
2026-02-16 23:11:08.345926,London-dd94,27,81,Normal
2026-02-16 23:11:09.345926,London-dd94,25,68,Normal
2026-02-16 23:11:10.345926,London-dd94,-22,51,Normal
2026-02-16 23:11:11.345926,London-dd94,35,15,Normal
2026-02-16 23:11:12.345926,London-dd94,1,60,Normal
2026-02-16 23:11:13.345926,London-dd94,-22,51,Normal
2026-02-16 23:11:14.345926,London-dd94,12,33,Normal
2026-02-16 23:11:15.345926,London-dd94,11,66,Normal
2026-02-16 23:11:16.345926,London-dd94,-11,98,Normal
2026-02-16 23:11:17.345926,London-dd94,40,84,Normal
2026-02-16 23:11:18.345926,London-dd94,48,5,Normal
2026-02-16 23:11:19.345926,London-dd94,-18,55,Normal
2026-02-16 23:11:20.345926,London-dd94,6,75,Normal
2026-02-16 23:11:21.345926,London-dd94,10,20,Normal
2026-02-16 23:11:22.345926,London-dd94,-27,96,Normal
2026-02-16 23:11:23.345926,London-dd94,-12,73,Normal
2026-02-16 23:11:24.345926,London-dd94,-3,62,Normal
2026-02-16 23:11:25.345926,London-dd94,1,11,Normal
2026-02-16 23:11:26.345926,London-dd94,-16,4,Normal
2026-02-16 23:11:27.345926,London-dd94,-30,44,Normal
2026-02-16 23:11:28.345926,London-dd94,-8,14,Normal
2026-02-16 23:11:29.345926,London-dd94,29,62,Normal
2026-02-16 23:11:30.345926,London-dd94,31,14,Normal
2026-02-16 23:11:31.345926,London-dd94,32,31,Normal
2026-02-16 23:11:32.345926,London-dd94,-17,66,Normal
2026-02-16 23:11:33.345926,London-dd94,-12,63,Normal
2026-02-16 23:11:34.345926,London-dd94,47,82,Normal
2026-02-16 23:11:35.345926,London-dd94,22,35,Normal
2026-02-16 23:11:36.345926,London-dd94,4,23,Normal
2026-02-16 23:11:37.345926,London-dd94,19,66,Normal
2026-02-16 23:11:38.345926,London-dd94,-24,87,Normal
2026-02-16 23:11:39.345926,London-dd94,40,7,Normal
2026-02-16 23:11:40.345926,London-dd94,40,9,Normal
2026-02-16 23:11:41.345926,London-dd94,-10,28,Normal
2026-02-16 23:11:42.345926,London-dd94,-23,97,Normal
2026-02-16 23:11:43.345926,London-dd94,-21,67,Normal
2026-02-16 23:11:44.345926,London-dd94,39,79,Normal
2026-02-16 23:11:45.345926,London-dd94,-18,52,Normal
2026-02-16 23:11:46.345926,London-dd94,-6,85,Normal
2026-02-16 23:11:47.345926,London-dd94,4,78,Normal
2026-02-16 23:11:48.345926,London-dd94,-15,91,Normal
2026-02-16 23:11:49.345926,London-dd94,-18,93,Normal
2026-02-16 23:11:50.345926,London-dd94,44,61,Normal
2026-02-16 23:11:51.345926,London-dd94,20,42,Normal
2026-02-16 23:11:52.345926,London-dd94,-30,0,Normal
2026-02-16 23:11:53.345926,London-dd94,15,2,Normal
2026-02-16 23:11:54.345926,London-dd94,25,77,Normal
2026-02-16 23:11:55.345926,London-dd94,17,86,Normal
2026-02-16 23:11:56.345926,London-dd94,9,93,Normal
2026-02-16 23:11:57.345926,London-dd94,30,45,Normal
2026-02-16 23:11:58.345926,London-dd94,2,0,Normal
2026-02-16 23:11:59.345926,London-dd94,-10,5,Normal
2026-02-16 23:12:00.345926,London-dd94,41,46,Normal
2026-02-16 23:12:01.345926,London-dd94,-5,44,Normal
2026-02-16 23:12:02.345926,London-dd94,12,11,Normal
2026-02-16 23:12:03.345926,London-dd94,-14,73,Normal
2026-02-16 23:12:04.345926,London-dd94,31,51,Normal
2026-02-16 23:12:05.345926,London-dd94,-2,49,Normal
2026-02-16 23:12:06.345926,London-dd94,17,3,Normal
2026-02-16 23:12:07.345926,London-dd94,38,33,Normal
2026-02-16 23:12:08.345926,London-dd94,-7,82,Normal
2026-02-16 23:12:09.345926,London-dd94,-9,83,Normal
2026-02-16 23:12:10.345926,London-dd94,48,50,Normal
2026-02-16 23:12:11.345926,London-dd94,-25,39,Normal
2026-02-16 23:12:12.345926,London-dd94,32,75,Normal
2026-02-16 23:12:13.345926,London-dd94,-12,26,Normal
2026-02-16 23:12:14.345926,London-dd94,4,36,Normal
2026-02-16 23:12:15.345926,London-dd94,49,57,Normal
2026-02-16 23:12:16.345926,London-dd94,-21,20,Normal
2026-02-16 23:12:17.345926,London-dd94,24,72,Normal
2026-02-16 23:12:18.345926,London-dd94,25,7,Normal
2026-02-16 23:12:19.345926,London-dd94,-20,54,Normal
2026-02-16 23:12:20.345926,London-dd94,49,77,Normal
2026-02-16 23:12:21.345926,London-dd94,-7,80,Normal
2026-02-16 23:12:22.345926,London-dd94,22,30,Normal
2026-02-16 23:12:23.345926,London-dd94,35,68,Normal
2026-02-16 23:12:24.345926,London-dd94,24,49,Normal
2026-02-16 23:12:25.345926,London-dd94,-26,41,Normal
2026-02-16 23:12:26.345926,London-dd94,30,94,Normal
2026-02-16 23:12:27.345926,London-dd94,-16,5,Normal
2026-02-16 23:12:28.345926,London-dd94,40,52,Normal
2026-02-16 23:12:29.345926,London-dd94,8,67,Normal
2026-02-16 23:12:30.345926,London-dd94,33,57,Normal
2026-02-16 23:12:31.345926,London-dd94,-20,2,Normal
2026-02-16 23:12:32.345926,London-dd94,45,5,Normal
2026-02-16 23:12:33.345926,London-dd94,11,73,Normal
2026-02-16 23:12:34.345926,London-dd94,1,20,Normal
2026-02-16 23:12:35.345926,London-dd94,-2,83,Normal
2026-02-16 23:12:36.345926,London-dd94,-9,19,Normal
2026-02-16 23:12:37.345926,London-dd94,0,69,Normal
2026-02-16 23:12:38.345926,London-dd94,-23,84,Normal
2026-02-16 23:12:39.345926,London-dd94,8,69,Normal
2026-02-16 23:12:40.345926,London-dd94,21,69,Normal
2026-02-16 23:12:41.345926,London-dd94,-29,100,Normal
2026-02-16 23:12:42.345926,London-dd94,15,16,Normal
2026-02-16 23:12:43.345926,London-dd94,26,10,Normal
2026-02-16 23:12:44.345926,London-dd94,35,53,Normal
2026-02-16 23:12:45.345926,London-dd94,-16,23,Normal
2026-02-16 23:12:46.345926,London-dd94,-13,19,Normal
2026-02-16 23:12:47.345926,London-dd94,16,49,Normal
2026-02-16 23:12:48.345926,London-dd94,46,42,Normal
2026-02-16 23:12:49.345926,London-dd94,-19,41,Normal
2026-02-16 23:12:50.345926,London-dd94,-18,58,Normal
2026-02-16 23:12:51.345926,London-dd94,20,37,Normal
2026-02-16 23:12:52.345926,London-dd94,-14,26,Normal
2026-02-16 23:12:53.345926,London-dd94,40,75,Normal
2026-02-16 23:12:54.345926,London-dd94,42,66,Normal
2026-02-16 23:12:55.345926,London-dd94,-9,84,Normal
2026-02-16 23:12:56.345926,London-dd94,22,2,Normal
2026-02-16 23:12:57.345926,London-dd94,-3,68,Normal
2026-02-16 23:12:58.345926,London-dd94,3,53,Normal
2026-02-16 23:12:59.345926,London-dd94,43,86,Normal
2026-02-16 23:13:00.345926,London-dd94,-22,21,Normal
2026-02-16 23:13:01.345926,London-dd94,22,23,Normal
2026-02-16 23:13:02.345926,London-dd94,-18,82,Normal
2026-02-16 23:13:03.345926,London-dd94,-18,25,Normal
2026-02-16 23:13:04.345926,London-dd94,9,73,Normal
2026-02-16 23:13:05.345926,London-dd94,-13,73,Normal
2026-02-16 23:13:06.345926,London-dd94,11,5,Normal
2026-02-16 23:13:07.345926,London-dd94,-14,49,Normal
2026-02-16 23:13:08.345926,London-dd94,2,82,Normal
2026-02-16 23:13:09.345926,London-dd94,26,2,Normal
2026-02-16 23:13:10.345926,London-dd94,-8,22,Normal
2026-02-16 23:13:11.345926,London-dd94,1,23,Normal
2026-02-16 23:13:12.345926,London-dd94,8,8,Normal
2026-02-16 23:13:13.345926,London-dd94,0,13,Normal
2026-02-16 23:13:14.345926,London-dd94,46,30,Normal
2026-02-16 23:13:15.345926,London-dd94,-25,10,Normal
2026-02-16 23:13:16.345926,London-dd94,-26,23,Normal
2026-02-16 23:13:17.345926,London-dd94,-8,62,Normal
2026-02-16 23:13:18.345926,London-dd94,19,31,Normal
2026-02-16 23:13:19.345926,London-dd94,30,65,Normal
2026-02-16 23:13:20.345926,London-dd94,45,56,Normal
2026-02-16 23:13:21.345926,London-dd94,-16,62,Normal
2026-02-16 23:13:22.345926,London-dd94,32,100,Normal
2026-02-16 23:13:23.345926,London-dd94,4,34,Normal
2026-02-16 23:13:24.345926,London-dd94,26,92,Normal
2026-02-16 23:13:25.345926,London-dd94,0,88,Normal
2026-02-16 23:13:26.345926,London-dd94,26,52,Normal
2026-02-16 23:13:27.345926,London-dd94,20,53,Normal
2026-02-16 23:13:28.345926,London-dd94,-9,84,Normal
2026-02-16 23:13:29.345926,London-dd94,-22,37,Normal
2026-02-16 23:13:30.345926,London-dd94,-13,98,Normal
2026-02-16 23:13:31.345926,London-dd94,20,20,Normal
2026-02-16 23:13:32.345926,London-dd94,-8,59,Normal
2026-02-16 23:13:33.345926,London-dd94,20,19,Normal
2026-02-16 23:13:34.345926,London-dd94,11,49,Normal
2026-02-16 23:13:35.345926,London-dd94,35,71,Normal
2026-02-16 23:13:36.345926,London-dd94,42,77,Normal
2026-02-16 23:13:37.345926,London-dd94,44,65,Normal
2026-02-16 23:13:38.345926,London-dd94,11,24,Normal
2026-02-16 23:13:39.345926,London-dd94,32,56,Normal
2026-02-16 23:13:40.345926,London-dd94,-3,10,Normal
2026-02-16 23:13:41.345926,London-dd94,-9,24,Normal
2026-02-16 23:13:42.345926,London-dd94,-13,62,Normal
2026-02-16 23:13:43.345926,London-dd94,44,15,Normal
2026-02-16 23:13:44.345926,London-dd94,17,82,Normal
2026-02-16 23:13:45.345926,London-dd94,-12,87,Normal
2026-02-16 23:13:46.345926,London-dd94,2,76,Normal
2026-02-16 23:13:47.345926,London-dd94,41,45,Normal
2026-02-16 23:13:48.345926,London-dd94,18,16,Normal
2026-02-16 23:13:49.345926,London-dd94,-29,65,Normal
2026-02-16 23:13:50.345926,London-dd94,-30,22,Normal
2026-02-16 23:13:51.345926,London-dd94,-23,96,Normal
2026-02-16 23:13:52.345926,London-dd94,-8,11,Normal
2026-02-16 23:13:53.345926,London-dd94,13,12,Normal
2026-02-16 23:13:54.345926,London-dd94,30,22,Normal
2026-02-16 23:13:55.345926,London-dd94,3,36,Normal
2026-02-16 23:13:56.345926,London-dd94,48,95,Normal
2026-02-16 23:13:57.345926,London-dd94,8,19,Normal
2026-02-16 23:13:58.345926,London-dd94,41,72,Normal
2026-02-16 23:13:59.345926,London-dd94,15,76,Normal
2026-02-16 23:14:00.345926,London-dd94,23,37,Normal
2026-02-16 23:14:01.345926,London-dd94,-3,81,Normal
2026-02-16 23:14:02.345926,London-dd94,10,22,Normal
2026-02-16 23:14:03.345926,London-dd94,5,15,Normal
2026-02-16 23:14:04.345926,London-dd94,6,80,Normal
2026-02-16 23:14:05.345926,London-dd94,44,87,Normal
2026-02-16 23:14:06.345926,London-dd94,16,48,Normal
2026-02-16 23:14:07.345926,London-dd94,9,79,Normal
2026-02-16 23:14:08.345926,London-dd94,-1,79,Normal
2026-02-16 23:14:09.345926,London-dd94,31,68,Normal
2026-02-16 23:14:10.345926,London-dd94,-6,86,Normal
2026-02-16 23:14:11.345926,London-dd94,12,99,Normal
2026-02-16 23:14:12.345926,London-dd94,23,6,Normal
2026-02-16 23:14:13.345926,London-dd94,31,80,Normal
2026-02-16 23:14:14.345926,London-dd94,2,39,Normal
2026-02-16 23:14:15.345926,London-dd94,48,40,Normal
2026-02-16 23:14:16.345926,London-dd94,-26,57,Normal
2026-02-16 23:14:17.345926,London-dd94,11,60,Normal
2026-02-16 23:14:18.345926,London-dd94,16,34,Normal
2026-02-16 23:14:19.345926,London-dd94,28,100,Normal
2026-02-16 23:14:20.345926,London-dd94,34,15,Normal
2026-02-16 23:14:21.345926,London-dd94,-17,57,Normal
2026-02-16 23:14:22.345926,London-dd94,47,69,Normal
2026-02-16 23:14:23.345926,London-dd94,44,97,Normal
2026-02-16 23:14:24.345926,London-dd94,37,19,Normal
2026-02-16 23:14:25.345926,London-dd94,0,80,Normal
2026-02-16 23:14:26.345926,London-dd94,24,31,Normal
2026-02-16 23:14:27.345926,London-dd94,19,4,Normal
2026-02-16 23:14:28.345926,London-dd94,11,39,Normal
2026-02-16 23:14:29.345926,London-dd94,-2,17,Normal
2026-02-16 23:14:30.345926,London-dd94,14,6,Normal
2026-02-16 23:14:31.345926,London-dd94,-19,7,Normal
2026-02-16 23:14:32.345926,London-dd94,38,55,Normal
2026-02-16 23:14:33.345926,London-dd94,17,45,Normal
2026-02-16 23:14:34.345926,London-dd94,48,78,Normal
2026-02-16 23:14:35.345926,London-dd94,9,57,Normal
2026-02-16 23:14:36.345926,London-dd94,36,23,Normal
2026-02-16 23:14:37.345926,London-dd94,50,61,Normal
2026-02-16 23:14:38.345926,London-dd94,19,29,Normal
2026-02-16 23:14:39.345926,London-dd94,23,72,Normal
2026-02-16 23:14:40.345926,London-dd94,-7,93,Normal
2026-02-16 23:14:41.345926,London-dd94,-21,24,Normal
2026-02-16 23:14:42.345926,London-dd94,50,52,Normal
2026-02-16 23:14:43.345926,London-dd94,-17,58,Normal
2026-02-16 23:14:44.345926,London-dd94,18,99,Normal
2026-02-16 23:14:45.345926,London-dd94,48,80,Normal
2026-02-16 23:14:46.345926,London-dd94,-14,31,Normal
2026-02-16 23:14:47.345926,London-dd94,41,4,Normal
2026-02-16 23:14:48.345926,London-dd94,40,82,Normal
2026-02-16 23:14:49.345926,London-dd94,23,82,Normal
2026-02-16 23:14:50.345926,London-dd94,37,79,Normal
2026-02-16 23:14:51.345926,London-dd94,35,29,Normal
2026-02-16 23:14:52.345926,London-dd94,-24,10,Normal
2026-02-16 23:14:53.345926,London-dd94,6,40,Normal
2026-02-16 23:14:54.345926,London-dd94,-26,21,Normal
2026-02-16 23:14:55.345926,London-dd94,-27,22,Normal
2026-02-16 23:14:56.345926,London-dd94,45,40,Normal
2026-02-16 23:14:57.345926,London-dd94,34,90,Normal
2026-02-16 23:14:58.345926,London-dd94,0,28,Normal
2026-02-16 23:14:59.345926,London-dd94,13,44,Normal
2026-02-16 23:15:00.345926,London-dd94,32,28,Normal
2026-02-16 23:15:01.345926,London-dd94,-16,86,Normal
2026-02-16 23:15:02.345926,London-dd94,23,51,Normal
2026-02-16 23:15:03.345926,London-dd94,31,9,Normal
2026-02-16 23:15:04.345926,London-dd94,8,1,Normal
2026-02-16 23:15:05.345926,London-dd94,37,28,Normal
2026-02-16 23:15:06.345926,London-dd94,8,75,Normal
2026-02-16 23:15:07.345926,London-dd94,20,48,Normal
2026-02-16 23:15:08.345926,London-dd94,-21,31,Normal
2026-02-16 23:15:09.345926,London-dd94,-17,5,Normal
2026-02-16 23:15:10.345926,London-dd94,-28,80,Normal
2026-02-16 23:15:11.345926,London-dd94,11,78,Normal
2026-02-16 23:15:12.345926,London-dd94,-29,69,Normal
2026-02-16 23:15:13.345926,London-dd94,40,62,Normal
2026-02-16 23:15:14.345926,London-dd94,36,2,Normal
2026-02-16 23:15:15.345926,London-dd94,37,63,Normal
2026-02-16 23:15:16.345926,London-dd94,-16,16,Normal
2026-02-16 23:15:17.345926,London-dd94,-7,36,Normal
2026-02-16 23:15:18.345926,London-dd94,-9,65,Normal
2026-02-16 23:15:19.345926,London-dd94,5,16,Normal
2026-02-16 23:15:20.345926,London-dd94,-21,16,Normal
2026-02-16 23:15:21.345926,London-dd94,5,88,Normal
2026-02-16 23:15:22.345926,London-dd94,-13,61,Normal
2026-02-16 23:15:23.345926,London-dd94,49,96,Normal
2026-02-16 23:15:24.345926,London-dd94,27,7,Normal
2026-02-16 23:15:25.345926,London-dd94,23,63,Normal
2026-02-16 23:15:26.345926,London-dd94,-6,13,Normal
2026-02-16 23:15:27.345926,London-dd94,5,42,Normal
2026-02-16 23:15:28.345926,London-dd94,49,33,Normal
2026-02-16 23:15:29.345926,London-dd94,46,73,Normal
2026-02-16 23:15:30.345926,London-dd94,6,75,Normal
2026-02-16 23:15:31.345926,London-dd94,-17,3,Normal
2026-02-16 23:15:32.345926,London-dd94,7,41,Normal
2026-02-16 23:15:33.345926,London-dd94,-26,13,Normal
2026-02-16 23:15:34.345926,London-dd94,15,24,Normal
2026-02-16 23:15:35.345926,London-dd94,11,10,Normal
2026-02-16 23:15:36.345926,London-dd94,36,78,Normal
2026-02-16 23:15:37.345926,London-dd94,-28,51,Normal
2026-02-16 23:15:38.345926,London-dd94,26,15,Normal
2026-02-16 23:15:39.345926,London-dd94,-1,62,Normal
2026-02-16 23:15:40.345926,London-dd94,-27,82,Normal
2026-02-16 23:15:41.345926,London-dd94,16,57,Normal
2026-02-16 23:15:42.345926,London-dd94,-10,70,Normal
2026-02-16 23:15:43.345926,London-dd94,-30,73,Normal
2026-02-16 23:15:44.345926,London-dd94,41,44,Normal
2026-02-16 23:15:45.345926,London-dd94,-16,59,Normal
2026-02-16 23:15:46.345926,London-dd94,48,73,Normal
2026-02-16 23:15:47.345926,London-dd94,20,76,Normal
2026-02-16 23:15:48.345926,London-dd94,-19,92,Normal
2026-02-16 23:15:49.345926,London-dd94,-18,96,Normal
2026-02-16 23:15:50.345926,London-dd94,-2,32,Normal
2026-02-16 23:15:51.345926,London-dd94,32,43,Normal
2026-02-16 23:15:52.345926,London-dd94,0,91,Normal
2026-02-16 23:15:53.345926,London-dd94,19,65,Normal
2026-02-16 23:15:54.345926,London-dd94,10,38,Normal
2026-02-16 23:15:55.345926,London-dd94,17,100,Normal
2026-02-16 23:15:56.345926,London-dd94,14,58,Normal
2026-02-16 23:15:57.345926,London-dd94,-26,52,Normal
2026-02-16 23:15:58.345926,London-dd94,-11,19,Normal
2026-02-16 23:15:59.345926,London-dd94,20,19,Normal
2026-02-16 23:16:00.345926,London-dd94,47,26,Normal
2026-02-16 23:16:01.345926,London-dd94,39,46,Normal
2026-02-16 23:16:02.345926,London-dd94,42,16,Normal
2026-02-16 23:16:03.345926,London-dd94,33,9,Normal
2026-02-16 23:16:04.345926,London-dd94,-22,85,Normal
2026-02-16 23:16:05.345926,London-dd94,31,94,Normal
2026-02-16 23:16:06.345926,London-dd94,48,50,Normal
2026-02-16 23:16:07.345926,London-dd94,-30,100,Normal
2026-02-16 23:16:08.345926,London-dd94,-9,80,Normal
2026-02-16 23:16:09.345926,London-dd94,31,79,Normal
2026-02-16 23:16:10.345926,London-dd94,44,7,Normal
2026-02-16 23:16:11.345926,London-dd94,33,100,Normal
2026-02-16 23:16:12.345926,London-dd94,24,67,Normal
2026-02-16 23:16:13.345926,London-dd94,49,98,Normal
2026-02-16 23:16:14.345926,London-dd94,-1,46,Normal
2026-02-16 23:16:15.345926,London-dd94,38,12,Normal
2026-02-16 23:16:16.345926,London-dd94,-30,90,Normal
2026-02-16 23:16:17.345926,London-dd94,30,59,Normal
2026-02-16 23:16:18.345926,London-dd94,33,94,Normal
2026-02-16 23:16:19.345926,London-dd94,19,36,Normal
2026-02-16 23:16:20.345926,London-dd94,-5,24,Normal
2026-02-16 23:16:21.345926,London-dd94,7,100,Normal
2026-02-16 23:16:22.345926,London-dd94,25,69,Normal
2026-02-16 23:16:23.345926,London-dd94,0,20,Normal
2026-02-16 23:16:24.345926,London-dd94,9,33,Normal
2026-02-16 23:16:25.345926,London-dd94,21,8,Normal
2026-02-16 23:16:26.345926,London-dd94,-19,13,Normal
2026-02-16 23:16:27.345926,London-dd94,23,100,Normal
2026-02-16 23:16:28.345926,London-dd94,26,4,Normal
2026-02-16 23:16:29.345926,London-dd94,34,99,Normal
2026-02-16 23:16:30.345926,London-dd94,10,66,Normal
2026-02-16 23:16:31.345926,London-dd94,38,62,Normal
2026-02-16 23:16:32.345926,London-dd94,19,43,Normal
2026-02-16 23:16:33.345926,London-dd94,-26,74,Normal
2026-02-16 23:16:34.345926,London-dd94,-28,27,Normal
2026-02-16 23:16:35.345926,London-dd94,50,42,Normal
2026-02-16 23:16:36.345926,London-dd94,9,92,Normal
2026-02-16 23:16:37.345926,London-dd94,39,18,Normal
2026-02-16 23:16:38.345926,London-dd94,13,11,Normal
2026-02-16 23:16:39.345926,London-dd94,48,40,Normal
2026-02-16 23:16:40.345926,London-dd94,-29,55,Normal
2026-02-16 23:16:41.345926,London-dd94,41,7,Normal
2026-02-16 23:16:42.345926,London-dd94,25,99,Normal
2026-02-16 23:16:43.345926,London-dd94,-15,58,Normal
2026-02-16 23:16:44.345926,London-dd94,45,74,Normal
2026-02-16 23:16:45.345926,London-dd94,34,90,Normal
2026-02-16 23:16:46.345926,London-dd94,6,46,Normal
2026-02-16 23:16:47.345926,London-dd94,36,99,Normal
2026-02-16 23:16:48.345926,London-dd94,-3,56,Normal
2026-02-16 23:16:49.345926,London-dd94,-6,26,Normal
2026-02-16 23:16:50.345926,London-dd94,13,56,Normal
2026-02-16 23:16:51.345926,London-dd94,-6,21,Normal
2026-02-16 23:16:52.345926,London-dd94,7,74,Normal
2026-02-16 23:16:53.345926,London-dd94,32,41,Normal
2026-02-16 23:16:54.345926,London-dd94,24,16,Normal
2026-02-16 23:16:55.345926,London-dd94,2,94,Normal
2026-02-16 23:16:56.345926,London-dd94,-3,29,Normal
2026-02-16 23:16:57.345926,London-dd94,15,19,Normal
2026-02-16 23:16:58.345926,London-dd94,35,49,Normal
2026-02-16 23:16:59.345926,London-dd94,-20,56,Normal
2026-02-16 23:17:00.345926,London-dd94,30,93,Normal
2026-02-16 23:17:01.345926,London-dd94,0,5,Normal
2026-02-16 23:17:02.345926,London-dd94,10,42,Normal
2026-02-16 23:17:03.345926,London-dd94,21,30,Normal
2026-02-16 23:17:04.345926,London-dd94,38,51,Normal
2026-02-16 23:17:05.345926,London-dd94,-4,19,Normal
2026-02-16 23:17:06.345926,London-dd94,31,25,Normal
2026-02-16 23:17:07.345926,London-dd94,-24,59,Normal
2026-02-16 23:17:08.345926,London-dd94,-10,32,Normal
2026-02-16 23:17:09.345926,London-dd94,14,52,Normal
2026-02-16 23:17:10.345926,London-dd94,-30,7,Normal
2026-02-16 23:17:11.345926,London-dd94,19,93,Normal
2026-02-16 23:17:12.345926,London-dd94,9,0,Normal
2026-02-16 23:17:13.345926,London-dd94,29,46,Normal
2026-02-16 23:17:14.345926,London-dd94,15,10,Normal
2026-02-16 23:17:15.345926,London-dd94,33,33,Normal
2026-02-16 23:17:16.345926,London-dd94,23,50,Normal
2026-02-16 23:17:17.345926,London-dd94,0,78,Normal
2026-02-16 23:17:18.345926,London-dd94,-5,76,Normal
2026-02-16 23:17:19.345926,London-dd94,-24,14,Normal
2026-02-16 23:17:20.345926,London-dd94,20,24,Normal
2026-02-16 23:17:21.345926,London-dd94,2,54,Normal
2026-02-16 23:17:22.345926,London-dd94,7,86,Normal
2026-02-16 23:17:23.345926,London-dd94,39,36,Normal
2026-02-16 23:17:24.345926,London-dd94,-11,21,Normal
2026-02-16 23:17:25.345926,London-dd94,13,40,Normal
2026-02-16 23:17:26.345926,London-dd94,-12,40,Normal
2026-02-16 23:17:27.345926,London-dd94,-23,19,Normal
2026-02-16 23:17:28.345926,London-dd94,-8,67,Normal
2026-02-16 23:17:29.345926,London-dd94,7,54,Normal
2026-02-16 23:17:30.345926,London-dd94,35,10,Normal
2026-02-16 23:17:31.345926,London-dd94,49,13,Normal
2026-02-16 23:17:32.345926,London-dd94,20,70,Normal
2026-02-16 23:17:33.345926,London-dd94,17,25,Normal
2026-02-16 23:17:34.345926,London-dd94,-21,17,Normal
2026-02-16 23:17:35.345926,London-dd94,19,80,Normal
2026-02-16 23:17:36.345926,London-dd94,31,17,Normal
2026-02-16 23:17:37.345926,London-dd94,2,33,Normal
2026-02-16 23:17:38.345926,London-dd94,14,28,Normal
2026-02-16 23:17:39.345926,London-dd94,-29,25,Normal
2026-02-16 23:17:40.345926,London-dd94,49,9,Normal
2026-02-16 23:17:41.345926,London-dd94,22,4,Normal
2026-02-16 23:17:42.345926,London-dd94,24,90,Normal
2026-02-16 23:17:43.345926,London-dd94,23,0,Normal
2026-02-16 23:17:44.345926,London-dd94,-27,26,Normal
2026-02-16 23:17:45.345926,London-dd94,-1,62,Normal
2026-02-16 23:17:46.345926,London-dd94,29,9,Normal
2026-02-16 23:17:47.345926,London-dd94,31,61,Normal
2026-02-16 23:17:48.345926,London-dd94,-30,52,Normal
2026-02-16 23:17:49.345926,London-dd94,-11,27,Normal
2026-02-16 23:17:50.345926,London-dd94,-18,4,Normal
2026-02-16 23:17:51.345926,London-dd94,35,65,Normal
2026-02-16 23:17:52.345926,London-dd94,-16,6,Normal
2026-02-16 23:17:53.345926,London-dd94,22,72,Normal
2026-02-16 23:17:54.345926,London-dd94,36,5,Normal
2026-02-16 23:17:55.345926,London-dd94,43,53,Normal
2026-02-16 23:17:56.345926,London-dd94,29,6,Normal
2026-02-16 23:17:57.345926,London-dd94,17,21,Normal
2026-02-16 23:17:58.345926,London-dd94,20,59,Normal
2026-02-16 23:17:59.345926,London-dd94,17,12,Normal
2026-02-16 23:18:00.345926,London-dd94,20,56,Normal
2026-02-16 23:18:01.345926,London-dd94,40,11,Normal
2026-02-16 23:18:02.345926,London-dd94,-1,77,Normal
2026-02-16 23:18:03.345926,London-dd94,28,21,Normal
2026-02-16 23:18:04.345926,London-dd94,35,80,Normal
2026-02-16 23:18:05.345926,London-dd94,7,86,Normal
2026-02-16 23:18:06.345926,London-dd94,-13,17,Normal
2026-02-16 23:18:07.345926,London-dd94,48,21,Normal
2026-02-16 23:18:08.345926,London-dd94,29,33,Normal
2026-02-16 23:18:09.345926,London-dd94,-18,50,Normal
2026-02-16 23:18:10.345926,London-dd94,-24,62,Normal
2026-02-16 23:18:11.345926,London-dd94,43,60,Normal
2026-02-16 23:18:12.345926,London-dd94,-29,97,Normal
2026-02-16 23:18:13.345926,London-dd94,12,56,Normal
2026-02-16 23:18:14.345926,London-dd94,3,35,Normal
2026-02-16 23:18:15.345926,London-dd94,-24,16,Normal
2026-02-16 23:18:16.345926,London-dd94,4,49,Normal
2026-02-16 23:18:17.345926,London-dd94,-11,75,Normal
2026-02-16 23:18:18.345926,London-dd94,43,19,Normal
2026-02-16 23:18:19.345926,London-dd94,50,99,Normal
2026-02-16 23:18:20.345926,London-dd94,2,3,Normal
2026-02-16 23:18:21.345926,London-dd94,-2,21,Normal
2026-02-16 23:18:22.345926,London-dd94,50,25,Normal
2026-02-16 23:18:23.345926,London-dd94,29,69,Normal
2026-02-16 23:18:24.345926,London-dd94,-28,50,Normal
2026-02-16 23:18:25.345926,London-dd94,-24,80,Normal
2026-02-16 23:18:26.345926,London-dd94,33,54,Normal
2026-02-16 23:18:27.345926,London-dd94,50,39,Normal
2026-02-16 23:18:28.345926,London-dd94,-4,98,Normal
2026-02-16 23:18:29.345926,London-dd94,44,23,Normal
2026-02-16 23:18:30.345926,London-dd94,50,61,Normal
2026-02-16 23:18:31.345926,London-dd94,-1,58,Normal
2026-02-16 23:18:32.345926,London-dd94,50,17,Normal
2026-02-16 23:18:33.345926,London-dd94,3,52,Normal
2026-02-16 23:18:34.345926,London-dd94,-24,95,Normal
2026-02-16 23:18:35.345926,London-dd94,14,41,Normal
2026-02-16 23:18:36.345926,London-dd94,28,70,Normal
2026-02-16 23:18:37.345926,London-dd94,3,22,Normal
2026-02-16 23:18:38.345926,London-dd94,-27,33,Normal
2026-02-16 23:18:39.345926,London-dd94,45,93,Normal
2026-02-16 23:18:40.345926,London-dd94,33,96,Normal
2026-02-16 23:18:41.345926,London-dd94,26,55,Normal
2026-02-16 23:18:42.345926,London-dd94,-8,17,Normal
2026-02-16 23:18:43.345926,London-dd94,46,71,Normal
2026-02-16 23:18:44.345926,London-dd94,11,18,Normal
2026-02-16 23:18:45.345926,London-dd94,20,35,Normal
2026-02-16 23:18:46.345926,London-dd94,44,65,Normal
2026-02-16 23:18:47.345926,London-dd94,-16,72,Normal
2026-02-16 23:18:48.345926,London-dd94,-9,66,Normal
2026-02-16 23:18:49.345926,London-dd94,-6,30,Normal
2026-02-16 23:18:50.345926,London-dd94,32,11,Normal
2026-02-16 23:18:51.345926,London-dd94,48,45,Normal
2026-02-16 23:18:52.345926,London-dd94,25,67,Normal
2026-02-16 23:18:53.345926,London-dd94,-6,45,Normal
2026-02-16 23:18:54.345926,London-dd94,16,48,Normal
2026-02-16 23:18:55.345926,London-dd94,-23,34,Normal
2026-02-16 23:18:56.345926,London-dd94,30,100,Normal
2026-02-16 23:18:57.345926,London-dd94,-14,27,Normal
2026-02-16 23:18:58.345926,London-dd94,43,27,Normal
2026-02-16 23:18:59.345926,London-dd94,19,79,Normal
2026-02-16 23:19:00.345926,London-dd94,9,81,Normal
2026-02-16 23:19:01.345926,London-dd94,5,31,Normal
2026-02-16 23:19:02.345926,London-dd94,33,57,Normal
2026-02-16 23:19:03.345926,London-dd94,26,34,Normal
2026-02-16 23:19:04.345926,London-dd94,6,8,Normal
2026-02-16 23:19:05.345926,London-dd94,21,3,Normal
2026-02-16 23:19:06.345926,London-dd94,-9,72,Normal
2026-02-16 23:19:07.345926,London-dd94,35,23,Normal
2026-02-16 23:19:08.345926,London-dd94,25,95,Normal
2026-02-16 23:19:09.345926,London-dd94,36,56,Normal
2026-02-16 23:19:10.345926,London-dd94,14,24,Normal
2026-02-16 23:19:11.345926,London-dd94,14,14,Normal
2026-02-16 23:19:12.345926,London-dd94,-8,57,Normal
2026-02-16 23:19:13.345926,London-dd94,17,28,Normal
2026-02-16 23:19:14.345926,London-dd94,-30,50,Normal
2026-02-16 23:19:15.345926,London-dd94,-23,41,Normal
2026-02-16 23:19:16.345926,London-dd94,34,65,Normal
2026-02-16 23:19:17.345926,London-dd94,39,48,Normal
2026-02-16 23:19:18.345926,London-dd94,4,2,Normal
2026-02-16 23:19:19.345926,London-dd94,43,11,Normal
2026-02-16 23:19:20.345926,London-dd94,33,28,Normal
2026-02-16 23:19:21.345926,London-dd94,-15,24,Normal
2026-02-16 23:19:22.345926,London-dd94,-24,43,Normal
2026-02-16 23:19:23.345926,London-dd94,-2,76,Normal
2026-02-16 23:19:24.345926,London-dd94,33,71,Normal
2026-02-16 23:19:25.345926,London-dd94,-5,69,Normal
2026-02-16 23:19:26.345926,London-dd94,-7,29,Normal
2026-02-16 23:19:27.345926,London-dd94,-6,72,Normal
2026-02-16 23:19:28.345926,London-dd94,26,27,Normal
2026-02-16 23:19:29.345926,London-dd94,44,91,Normal
2026-02-16 23:19:30.345926,London-dd94,27,86,Normal
2026-02-16 23:19:31.345926,London-dd94,12,78,Normal
2026-02-16 23:19:32.345926,London-dd94,9,83,Normal
2026-02-16 23:19:33.345926,London-dd94,11,64,Normal
2026-02-16 23:19:34.345926,London-dd94,32,8,Normal
2026-02-16 23:19:35.345926,London-dd94,-4,42,Normal
2026-02-16 23:19:36.345926,London-dd94,-26,48,Normal
2026-02-16 23:19:37.345926,London-dd94,42,20,Normal
2026-02-16 23:19:38.345926,London-dd94,-22,29,Normal
2026-02-16 23:19:39.345926,London-dd94,41,81,Normal
2026-02-16 23:19:40.345926,London-dd94,47,65,Normal
2026-02-16 23:19:41.345926,London-dd94,-11,92,Normal
2026-02-16 23:19:42.345926,London-dd94,41,44,Normal
2026-02-16 23:19:43.345926,London-dd94,35,34,Normal
2026-02-16 23:19:44.345926,London-dd94,-27,79,Normal
2026-02-16 23:19:45.345926,London-dd94,-22,0,Normal
2026-02-16 23:19:46.345926,London-dd94,-21,29,Normal
2026-02-16 23:19:47.345926,London-dd94,47,5,Normal
2026-02-16 23:19:48.345926,London-dd94,45,36,Normal
2026-02-16 23:19:49.345926,London-dd94,46,83,Normal
2026-02-16 23:19:50.345926,London-dd94,38,86,Normal
2026-02-16 23:19:51.345926,London-dd94,25,96,Normal
2026-02-16 23:19:52.345926,London-dd94,-21,13,Normal
2026-02-16 23:19:53.345926,London-dd94,-13,88,Normal
2026-02-16 23:19:54.345926,London-dd94,4,36,Normal
2026-02-16 23:19:55.345926,London-dd94,46,15,Normal
2026-02-16 23:19:56.345926,London-dd94,-7,100,Normal
2026-02-16 23:19:57.345926,London-dd94,36,26,Normal
2026-02-16 23:19:58.345926,London-dd94,31,21,Normal
2026-02-16 23:19:59.345926,London-dd94,10,29,Normal
2026-02-16 23:20:00.345926,London-dd94,-30,75,Normal
2026-02-16 23:20:01.345926,London-dd94,12,16,Normal
2026-02-16 23:20:02.345926,London-dd94,-4,25,Normal
2026-02-16 23:20:03.345926,London-dd94,-13,80,Normal
2026-02-16 23:20:04.345926,London-dd94,4,61,Normal
2026-02-16 23:20:05.345926,London-dd94,27,88,Normal
2026-02-16 23:20:06.345926,London-dd94,37,25,Normal
2026-02-16 23:20:07.345926,London-dd94,48,99,Normal
2026-02-16 23:20:08.345926,London-dd94,-10,35,Normal
2026-02-16 23:20:09.345926,London-dd94,-27,28,Normal
2026-02-16 23:20:10.345926,London-dd94,47,17,Normal
2026-02-16 23:20:11.345926,London-dd94,35,28,Normal
2026-02-16 23:20:12.345926,London-dd94,49,18,Normal
2026-02-16 23:20:13.345926,London-dd94,45,39,Normal
2026-02-16 23:20:14.345926,London-dd94,39,57,Normal
2026-02-16 23:20:15.345926,London-dd94,-8,30,Normal
2026-02-16 23:20:16.345926,London-dd94,-3,51,Normal
2026-02-16 23:20:17.345926,London-dd94,41,69,Normal
2026-02-16 23:20:18.345926,London-dd94,-8,96,Normal
2026-02-16 23:20:19.345926,London-dd94,38,53,Normal
2026-02-16 23:20:20.345926,London-dd94,43,2,Normal
2026-02-16 23:20:21.345926,London-dd94,5,7,Normal
2026-02-16 23:20:22.345926,London-dd94,42,75,Normal
2026-02-16 23:20:23.345926,London-dd94,-6,77,Normal
2026-02-16 23:20:24.345926,London-dd94,11,15,Normal
2026-02-16 23:20:25.345926,London-dd94,14,29,Normal
2026-02-16 23:20:26.345926,London-dd94,-22,7,Normal
2026-02-16 23:20:27.345926,London-dd94,15,65,Normal
2026-02-16 23:20:28.345926,London-dd94,1,6,Normal
2026-02-16 23:20:29.345926,London-dd94,34,58,Normal
2026-02-16 23:20:30.345926,London-dd94,-18,74,Normal
2026-02-16 23:20:31.345926,London-dd94,22,37,Normal
2026-02-16 23:20:32.345926,London-dd94,48,87,Normal
2026-02-16 23:20:33.345926,London-dd94,-29,60,Normal
2026-02-16 23:20:34.345926,London-dd94,1,30,Normal
2026-02-16 23:20:35.345926,London-dd94,34,69,Normal
2026-02-16 23:20:36.345926,London-dd94,13,83,Normal
2026-02-16 23:20:37.345926,London-dd94,19,79,Normal
2026-02-16 23:20:38.345926,London-dd94,-23,6,Normal
2026-02-16 23:20:39.345926,London-dd94,16,10,Normal
2026-02-16 23:20:40.345926,London-dd94,16,46,Normal
2026-02-16 23:20:41.345926,London-dd94,-8,67,Normal
2026-02-16 23:20:42.345926,London-dd94,36,22,Normal
2026-02-16 23:20:43.345926,London-dd94,-7,13,Normal
2026-02-16 23:20:44.345926,London-dd94,8,47,Normal
2026-02-16 23:20:45.345926,London-dd94,2,66,Normal
2026-02-16 23:20:46.345926,London-dd94,27,75,Normal
2026-02-16 23:20:47.345926,London-dd94,25,93,Normal
2026-02-16 23:20:48.345926,London-dd94,-25,60,Normal
2026-02-16 23:20:49.345926,London-dd94,33,1,Normal
2026-02-16 23:20:50.345926,London-dd94,7,86,Normal
2026-02-16 23:20:51.345926,London-dd94,-15,22,Normal
2026-02-16 23:20:52.345926,London-dd94,-3,21,Normal
2026-02-16 23:20:53.345926,London-dd94,4,11,Normal
2026-02-16 23:20:54.345926,London-dd94,-30,20,Normal
2026-02-16 23:20:55.345926,London-dd94,42,0,Normal
2026-02-16 23:20:56.345926,London-dd94,18,65,Normal
2026-02-16 23:20:57.345926,London-dd94,-7,24,Normal
2026-02-16 23:20:58.345926,London-dd94,-10,25,Normal
2026-02-16 23:20:59.345926,London-dd94,-29,86,Normal
2026-02-16 23:21:00.345926,London-dd94,17,89,Normal
2026-02-16 23:21:01.345926,London-dd94,11,79,Normal
2026-02-16 23:21:02.345926,London-dd94,39,34,Normal
2026-02-16 23:21:03.345926,London-dd94,47,45,Normal
2026-02-16 23:21:04.345926,London-dd94,-7,77,Normal
2026-02-16 23:21:05.345926,London-dd94,40,3,Normal
2026-02-16 23:21:06.345926,London-dd94,-25,18,Normal
2026-02-16 23:21:07.345926,London-dd94,-29,47,Normal
2026-02-16 23:21:08.345926,London-dd94,-15,84,Normal
2026-02-16 23:21:09.345926,London-dd94,5,40,Normal
2026-02-16 23:21:10.345926,London-dd94,27,70,Normal
2026-02-16 23:21:11.345926,London-dd94,43,7,Normal
2026-02-16 23:21:12.345926,London-dd94,10,52,Normal
2026-02-16 23:21:13.345926,London-dd94,35,36,Normal
2026-02-16 23:21:14.345926,London-dd94,-19,97,Normal
2026-02-16 23:21:15.345926,London-dd94,9,36,Normal
2026-02-16 23:21:16.345926,London-dd94,23,68,Normal
2026-02-16 23:21:17.345926,London-dd94,33,94,Normal
2026-02-16 23:21:18.345926,London-dd94,48,96,Normal
2026-02-16 23:21:19.345926,London-dd94,9,69,Normal
2026-02-16 23:21:20.345926,London-dd94,29,44,Normal
2026-02-16 23:21:21.345926,London-dd94,50,59,Normal
2026-02-16 23:21:22.345926,London-dd94,-29,33,Normal
2026-02-16 23:21:23.345926,London-dd94,-16,63,Normal
2026-02-16 23:21:24.345926,London-dd94,40,52,Normal
2026-02-16 23:21:25.345926,London-dd94,4,41,Normal
2026-02-16 23:21:26.345926,London-dd94,0,77,Normal
2026-02-16 23:21:27.345926,London-dd94,24,7,Normal
2026-02-16 23:21:28.345926,London-dd94,26,28,Normal
2026-02-16 23:21:29.345926,London-dd94,18,46,Normal
2026-02-16 23:21:30.345926,London-dd94,45,28,Normal
2026-02-16 23:21:31.345926,London-dd94,19,26,Normal
2026-02-16 23:21:32.345926,London-dd94,-16,62,Normal
2026-02-16 23:21:33.345926,London-dd94,-28,28,Normal
2026-02-16 23:21:34.345926,London-dd94,7,77,Normal
2026-02-16 23:21:35.345926,London-dd94,45,4,Normal
2026-02-16 23:21:36.345926,London-dd94,43,30,Normal
2026-02-16 23:21:37.345926,London-dd94,16,34,Normal
2026-02-16 23:21:38.345926,London-dd94,-20,78,Normal
2026-02-16 23:21:39.345926,London-dd94,14,100,Normal
2026-02-16 23:21:40.345926,London-dd94,19,97,Normal
2026-02-16 23:21:41.345926,London-dd94,36,7,Normal
2026-02-16 23:21:42.345926,London-dd94,-17,9,Normal
2026-02-16 23:21:43.345926,London-dd94,-30,90,Normal
2026-02-16 23:21:44.345926,London-dd94,-26,30,Normal
2026-02-16 23:21:45.345926,London-dd94,4,18,Normal
2026-02-16 23:21:46.345926,London-dd94,15,74,Normal
2026-02-16 23:21:47.345926,London-dd94,-1,48,Normal
2026-02-16 23:21:48.345926,London-dd94,-29,48,Normal
2026-02-16 23:21:49.345926,London-dd94,27,94,Normal
2026-02-16 23:21:50.345926,London-dd94,-30,71,Normal
2026-02-16 23:21:51.345926,London-dd94,42,94,Normal
2026-02-16 23:21:52.345926,London-dd94,0,27,Normal
2026-02-16 23:21:53.345926,London-dd94,-10,61,Normal
2026-02-16 23:21:54.345926,London-dd94,30,29,Normal
2026-02-16 23:21:55.345926,London-dd94,-4,48,Normal
2026-02-16 23:21:56.345926,London-dd94,-1,6,Normal
2026-02-16 23:21:57.345926,London-dd94,8,16,Normal
2026-02-16 23:21:58.345926,London-dd94,-23,92,Normal
2026-02-16 23:21:59.345926,London-dd94,26,42,Normal
2026-02-16 23:22:00.345926,London-dd94,-14,73,Normal
2026-02-16 23:22:01.345926,London-dd94,-23,70,Normal
2026-02-16 23:22:02.345926,London-dd94,-5,72,Normal
2026-02-16 23:22:03.345926,London-dd94,-22,61,Normal
2026-02-16 23:22:04.345926,London-dd94,6,99,Normal
2026-02-16 23:22:05.345926,London-dd94,34,54,Normal
2026-02-16 23:22:06.345926,London-dd94,2,34,Normal
2026-02-16 23:22:07.345926,London-dd94,21,66,Normal
2026-02-16 23:22:08.345926,London-dd94,-20,32,Normal
2026-02-16 23:22:09.345926,London-dd94,16,76,Normal
2026-02-16 23:22:10.345926,London-dd94,-10,42,Normal
2026-02-16 23:22:11.345926,London-dd94,-6,89,Normal
2026-02-16 23:22:12.345926,London-dd94,6,4,Normal
2026-02-16 23:22:13.345926,London-dd94,-5,49,Normal
2026-02-16 23:22:14.345926,London-dd94,39,68,Normal
2026-02-16 23:22:15.345926,London-dd94,22,50,Normal
2026-02-16 23:22:16.345926,London-dd94,41,52,Normal
2026-02-16 23:22:17.345926,London-dd94,-15,85,Normal
2026-02-16 23:22:18.345926,London-dd94,7,19,Normal
2026-02-16 23:22:19.345926,London-dd94,10,34,Normal
2026-02-16 23:22:20.345926,London-dd94,-28,71,Normal
2026-02-16 23:22:21.345926,London-dd94,1,82,Normal
2026-02-16 23:22:22.345926,London-dd94,50,59,Normal
2026-02-16 23:22:23.345926,London-dd94,1,42,Normal
2026-02-16 23:22:24.345926,London-dd94,6,33,Normal
2026-02-16 23:22:25.345926,London-dd94,-3,47,Normal
2026-02-16 23:22:26.345926,London-dd94,27,10,Normal
2026-02-16 23:22:27.345926,London-dd94,35,98,Normal
2026-02-16 23:22:28.345926,London-dd94,-30,49,Normal
2026-02-16 23:22:29.345926,London-dd94,1,43,Normal
2026-02-16 23:22:30.345926,London-dd94,38,97,Normal
2026-02-16 23:22:31.345926,London-dd94,9,98,Normal
2026-02-16 23:22:32.345926,London-dd94,-15,53,Normal
2026-02-16 23:22:33.345926,London-dd94,-11,31,Normal
2026-02-16 23:22:34.345926,London-dd94,-2,29,Normal
2026-02-16 23:22:35.345926,London-dd94,4,18,Normal
2026-02-16 23:22:36.345926,London-dd94,-19,69,Normal
2026-02-16 23:22:37.345926,London-dd94,1,28,Normal
2026-02-16 23:22:38.345926,London-dd94,35,80,Normal
2026-02-16 23:22:39.345926,London-dd94,16,97,Normal
2026-02-16 23:22:40.345926,London-dd94,29,65,Normal
2026-02-16 23:22:41.345926,London-dd94,44,30,Normal
2026-02-16 23:22:42.345926,London-dd94,44,87,Normal
2026-02-16 23:22:43.345926,London-dd94,-12,88,Normal
2026-02-16 23:22:44.345926,London-dd94,-15,100,Normal
2026-02-16 23:22:45.345926,London-dd94,20,57,Normal
2026-02-16 23:22:46.345926,London-dd94,-2,73,Normal
2026-02-16 23:22:47.345926,London-dd94,-1,46,Normal
2026-02-16 23:22:48.345926,London-dd94,-7,69,Normal
2026-02-16 23:22:49.345926,London-dd94,-9,79,Normal
2026-02-16 23:22:50.345926,London-dd94,46,72,Normal
2026-02-16 23:22:51.345926,London-dd94,-5,78,Normal
2026-02-16 23:22:52.345926,London-dd94,26,91,Normal
2026-02-16 23:22:53.345926,London-dd94,16,48,Normal
2026-02-16 23:22:54.345926,London-dd94,-20,98,Normal
2026-02-16 23:22:55.345926,London-dd94,24,93,Normal
2026-02-16 23:22:56.345926,London-dd94,5,94,Normal
2026-02-16 23:22:57.345926,London-dd94,-22,5,Normal
2026-02-16 23:22:58.345926,London-dd94,-6,63,Normal
2026-02-16 23:22:59.345926,London-dd94,34,3,Normal
2026-02-16 23:23:00.345926,London-dd94,20,61,Normal
2026-02-16 23:23:01.345926,London-dd94,-12,47,Normal
2026-02-16 23:23:02.345926,London-dd94,2,88,Normal
2026-02-16 23:23:03.345926,London-dd94,50,23,Normal
2026-02-16 23:23:04.345926,London-dd94,-17,27,Normal
2026-02-16 23:23:05.345926,London-dd94,-24,71,Normal
2026-02-16 23:23:06.345926,London-dd94,-6,72,Normal
2026-02-16 23:23:07.345926,London-dd94,40,39,Normal
2026-02-16 23:23:08.345926,London-dd94,-6,18,Normal
2026-02-16 23:23:09.345926,London-dd94,31,39,Normal
2026-02-16 23:23:10.345926,London-dd94,38,25,Normal
2026-02-16 23:23:11.345926,London-dd94,17,82,Normal
2026-02-16 23:23:12.345926,London-dd94,-1,54,Normal
2026-02-16 23:23:13.345926,London-dd94,22,78,Normal
2026-02-16 23:23:14.345926,London-dd94,7,51,Normal
2026-02-16 23:23:15.345926,London-dd94,-23,16,Normal
2026-02-16 23:23:16.345926,London-dd94,-8,95,Normal
2026-02-16 23:23:17.345926,London-dd94,8,16,Normal
2026-02-16 23:23:18.345926,London-dd94,-26,26,Normal
2026-02-16 23:23:19.345926,London-dd94,12,48,Normal
2026-02-16 23:23:20.345926,London-dd94,47,63,Normal
2026-02-16 23:23:21.345926,London-dd94,-10,48,Normal
2026-02-16 23:23:22.345926,London-dd94,-20,12,Normal
2026-02-16 23:23:23.345926,London-dd94,30,1,Normal
2026-02-16 23:23:24.345926,London-dd94,-19,44,Normal
2026-02-16 23:23:25.345926,London-dd94,-23,78,Normal
2026-02-16 23:23:26.345926,London-dd94,-10,17,Normal
2026-02-16 23:23:27.345926,London-dd94,33,42,Normal
2026-02-16 23:23:28.345926,London-dd94,25,89,Normal
2026-02-16 23:23:29.345926,London-dd94,-7,55,Normal
2026-02-16 23:23:30.345926,London-dd94,24,59,Normal
2026-02-16 23:23:31.345926,London-dd94,26,7,Normal
2026-02-16 23:23:32.345926,London-dd94,7,14,Normal
2026-02-16 23:23:33.345926,London-dd94,-21,88,Normal
2026-02-16 23:23:34.345926,London-dd94,49,66,Normal
2026-02-16 23:23:35.345926,London-dd94,31,59,Normal
2026-02-16 23:23:36.345926,London-dd94,48,90,Normal
2026-02-16 23:23:37.345926,London-dd94,-5,20,Normal
2026-02-16 23:23:38.345926,London-dd94,2,26,Normal
2026-02-16 23:23:39.345926,London-dd94,48,38,Normal
2026-02-16 23:23:40.345926,London-dd94,33,71,Normal
2026-02-16 23:23:41.345926,London-dd94,-26,83,Normal
2026-02-16 23:23:42.345926,London-dd94,-25,55,Normal
2026-02-16 23:23:43.345926,London-dd94,6,36,Normal
2026-02-16 23:23:44.345926,London-dd94,33,92,Normal
2026-02-16 23:23:45.345926,London-dd94,16,21,Normal
2026-02-16 23:23:46.345926,London-dd94,27,64,Normal
2026-02-16 23:23:47.345926,London-dd94,-21,62,Normal
2026-02-16 23:23:48.345926,London-dd94,44,2,Normal
2026-02-16 23:23:49.345926,London-dd94,-27,68,Normal
2026-02-16 23:23:50.345926,London-dd94,-22,39,Normal
2026-02-16 23:23:51.345926,London-dd94,33,0,Normal
2026-02-16 23:23:52.345926,London-dd94,48,87,Normal
2026-02-16 23:23:53.345926,London-dd94,27,58,Normal
2026-02-16 23:23:54.345926,London-dd94,8,88,Normal
2026-02-16 23:23:55.345926,London-dd94,-1,87,Normal
2026-02-16 23:23:56.345926,London-dd94,-26,75,Normal
2026-02-16 23:23:57.345926,London-dd94,-15,94,Normal
2026-02-16 23:23:58.345926,London-dd94,19,32,Normal
2026-02-16 23:23:59.345926,London-dd94,-18,76,Normal
2026-02-16 23:24:00.345926,London-dd94,-19,70,Normal
2026-02-16 23:24:01.345926,London-dd94,1,10,Normal
2026-02-16 23:24:02.345926,London-dd94,-3,96,Normal
2026-02-16 23:24:03.345926,London-dd94,42,51,Normal
2026-02-16 23:24:04.345926,London-dd94,-2,100,Normal
2026-02-16 23:24:05.345926,London-dd94,-7,49,Normal
2026-02-16 23:24:06.345926,London-dd94,22,53,Normal
2026-02-16 23:24:07.345926,London-dd94,8,72,Normal
2026-02-16 23:24:08.345926,London-dd94,34,94,Normal
2026-02-16 23:24:09.345926,London-dd94,8,89,Normal
2026-02-16 23:24:10.345926,London-dd94,18,10,Normal
2026-02-16 23:24:11.345926,London-dd94,45,43,Normal
2026-02-16 23:24:12.345926,London-dd94,-29,41,Normal
2026-02-16 23:24:13.345926,London-dd94,1,36,Normal
2026-02-16 23:24:14.345926,London-dd94,-9,99,Normal
2026-02-16 23:24:15.345926,London-dd94,-19,32,Normal
2026-02-16 23:24:16.345926,London-dd94,-2,29,Normal
2026-02-16 23:24:17.345926,London-dd94,2,65,Normal
2026-02-16 23:24:18.345926,London-dd94,42,66,Normal
2026-02-16 23:24:19.345926,London-dd94,9,25,Normal
2026-02-16 23:24:20.345926,London-dd94,18,47,Normal
2026-02-16 23:24:21.345926,London-dd94,-24,77,Normal
2026-02-16 23:24:22.345926,London-dd94,-24,62,Normal
2026-02-16 23:24:23.345926,London-dd94,-26,100,Normal
2026-02-16 23:24:24.345926,London-dd94,48,1,Normal
2026-02-16 23:24:25.345926,London-dd94,47,69,Normal
2026-02-16 23:24:26.345926,London-dd94,-16,48,Normal
2026-02-16 23:24:27.345926,London-dd94,19,89,Normal
2026-02-16 23:24:28.345926,London-dd94,6,60,Normal
2026-02-16 23:24:29.345926,London-dd94,-29,62,Normal
2026-02-16 23:24:30.345926,London-dd94,15,28,Normal
2026-02-16 23:24:31.345926,London-dd94,-28,61,Normal
2026-02-16 23:24:32.345926,London-dd94,-26,13,Normal
2026-02-16 23:24:33.345926,London-dd94,10,83,Normal
2026-02-16 23:24:34.345926,London-dd94,15,33,Normal
2026-02-16 23:24:35.345926,London-dd94,-25,33,Normal
2026-02-16 23:24:36.345926,London-dd94,31,40,Normal
2026-02-16 23:24:37.345926,London-dd94,26,72,Normal
2026-02-16 23:24:38.345926,London-dd94,-25,54,Normal
2026-02-16 23:24:39.345926,London-dd94,43,26,Normal
2026-02-16 23:24:40.345926,London-dd94,14,65,Normal
2026-02-16 23:24:41.345926,London-dd94,8,28,Normal
2026-02-16 23:24:42.345926,London-dd94,39,16,Normal
2026-02-16 23:24:43.345926,London-dd94,19,54,Normal
2026-02-16 23:24:44.345926,London-dd94,-21,44,Normal
2026-02-16 23:24:45.345926,London-dd94,-17,12,Normal
2026-02-16 23:24:46.345926,London-dd94,-25,94,Normal
2026-02-16 23:24:47.345926,London-dd94,44,18,Normal
2026-02-16 23:24:48.345926,London-dd94,16,79,Normal
2026-02-16 23:24:49.345926,London-dd94,19,53,Normal
2026-02-16 23:24:50.345926,London-dd94,8,40,Normal
2026-02-16 23:24:51.345926,London-dd94,1,83,Normal
2026-02-16 23:24:52.345926,London-dd94,6,72,Normal
2026-02-16 23:24:53.345926,London-dd94,30,94,Normal
2026-02-16 23:24:54.345926,London-dd94,-1,63,Normal
2026-02-16 23:24:55.345926,London-dd94,0,71,Normal
2026-02-16 23:24:56.345926,London-dd94,10,19,Normal
2026-02-16 23:24:57.345926,London-dd94,-29,100,Normal
2026-02-16 23:24:58.345926,London-dd94,23,57,Normal
2026-02-16 23:24:59.345926,London-dd94,34,42,Normal
2026-02-16 23:25:00.345926,London-dd94,35,22,Normal
2026-02-16 23:25:01.345926,London-dd94,25,30,Normal
2026-02-16 23:25:02.345926,London-dd94,-9,8,Normal
2026-02-16 23:25:03.345926,London-dd94,42,51,Normal
2026-02-16 23:25:04.345926,London-dd94,2,6,Normal
2026-02-16 23:25:05.345926,London-dd94,-10,23,Normal
2026-02-16 23:25:06.345926,London-dd94,-16,61,Normal
2026-02-16 23:25:07.345926,London-dd94,-10,9,Normal
2026-02-16 23:25:08.345926,London-dd94,9,8,Normal
2026-02-16 23:25:09.345926,London-dd94,-4,37,Normal
2026-02-16 23:25:10.345926,London-dd94,24,10,Normal
2026-02-16 23:25:11.345926,London-dd94,2,91,Normal
2026-02-16 23:25:12.345926,London-dd94,-18,56,Normal
2026-02-16 23:25:13.345926,London-dd94,-2,28,Normal
2026-02-16 23:25:14.345926,London-dd94,24,17,Normal
2026-02-16 23:25:15.345926,London-dd94,-11,54,Normal
2026-02-16 23:25:16.345926,London-dd94,37,86,Normal
2026-02-16 23:25:17.345926,London-dd94,-18,15,Normal
2026-02-16 23:25:18.345926,London-dd94,-29,12,Normal
2026-02-16 23:25:19.345926,London-dd94,39,40,Normal
2026-02-16 23:25:20.345926,London-dd94,39,4,Normal
2026-02-16 23:25:21.345926,London-dd94,34,38,Normal
2026-02-16 23:25:22.345926,London-dd94,46,24,Normal
2026-02-16 23:25:23.345926,London-dd94,41,10,Normal
2026-02-16 23:25:24.345926,London-dd94,-6,52,Normal
2026-02-16 23:25:25.345926,London-dd94,21,25,Normal
2026-02-16 23:25:26.345926,London-dd94,43,15,Normal
2026-02-16 23:25:27.345926,London-dd94,9,79,Normal
2026-02-16 23:25:28.345926,London-dd94,31,97,Normal
2026-02-16 23:25:29.345926,London-dd94,43,82,Normal
2026-02-16 23:25:30.345926,London-dd94,35,48,Normal
2026-02-16 23:25:31.345926,London-dd94,32,9,Normal
2026-02-16 23:25:32.345926,London-dd94,9,33,Normal
2026-02-16 23:25:33.345926,London-dd94,-19,41,Normal
2026-02-16 23:25:34.345926,London-dd94,8,5,Normal
2026-02-16 23:25:35.345926,London-dd94,-8,20,Normal
2026-02-16 23:25:36.345926,London-dd94,43,3,Normal
2026-02-16 23:25:37.345926,London-dd94,-11,14,Normal
2026-02-16 23:25:38.345926,London-dd94,-8,81,Normal
2026-02-16 23:25:39.345926,London-dd94,-30,25,Normal
2026-02-16 23:25:40.345926,London-dd94,22,0,Normal
2026-02-16 23:25:41.345926,London-dd94,24,26,Normal
2026-02-16 23:25:42.345926,London-dd94,-26,61,Normal
2026-02-16 23:25:43.345926,London-dd94,-10,12,Normal
2026-02-16 23:25:44.345926,London-dd94,40,75,Normal
2026-02-16 23:25:45.345926,London-dd94,35,39,Normal
2026-02-16 23:25:46.345926,London-dd94,-7,53,Normal
2026-02-16 23:25:47.345926,London-dd94,10,50,Normal
2026-02-16 23:25:48.345926,London-dd94,10,45,Normal
2026-02-16 23:25:49.345926,London-dd94,22,19,Normal
2026-02-16 23:25:50.345926,London-dd94,45,88,Normal
2026-02-16 23:25:51.345926,London-dd94,-6,40,Normal
2026-02-16 23:25:52.345926,London-dd94,21,58,Normal
2026-02-16 23:25:53.345926,London-dd94,40,54,Normal
2026-02-16 23:25:54.345926,London-dd94,-14,73,Normal
2026-02-16 23:25:55.345926,London-dd94,-27,72,Normal
2026-02-16 23:25:56.345926,London-dd94,-14,92,Normal
2026-02-16 23:25:57.345926,London-dd94,24,31,Normal
2026-02-16 23:25:58.345926,London-dd94,27,27,Normal
2026-02-16 23:25:59.345926,London-dd94,5,93,Normal
2026-02-16 23:26:00.345926,London-dd94,46,23,Normal
2026-02-16 23:26:01.345926,London-dd94,43,31,Normal
2026-02-16 23:26:02.345926,London-dd94,9,41,Normal
2026-02-16 23:26:03.345926,London-dd94,-4,33,Normal
2026-02-16 23:26:04.345926,London-dd94,42,93,Normal
2026-02-16 23:26:05.345926,London-dd94,-29,84,Normal
2026-02-16 23:26:06.345926,London-dd94,23,95,Normal
2026-02-16 23:26:07.345926,London-dd94,-20,20,Normal
2026-02-16 23:26:08.345926,London-dd94,-5,83,Normal
2026-02-16 23:26:09.345926,London-dd94,-11,60,Normal
2026-02-16 23:26:10.345926,London-dd94,-14,56,Normal
2026-02-16 23:26:11.345926,London-dd94,47,35,Normal
2026-02-16 23:26:12.345926,London-dd94,-13,6,Normal
2026-02-16 23:26:13.345926,London-dd94,1,70,Normal
2026-02-16 23:26:14.345926,London-dd94,10,95,Normal
2026-02-16 23:26:15.345926,London-dd94,36,19,Normal
2026-02-16 23:26:16.345926,London-dd94,24,28,Normal
2026-02-16 23:26:17.345926,London-dd94,16,49,Normal
2026-02-16 23:26:18.345926,London-dd94,-9,47,Normal
2026-02-16 23:26:19.345926,London-dd94,47,19,Normal
2026-02-16 23:26:20.345926,London-dd94,28,73,Normal
2026-02-16 23:26:21.345926,London-dd94,-4,11,Normal
2026-02-16 23:26:22.345926,London-dd94,46,58,Normal
2026-02-16 23:26:23.345926,London-dd94,36,36,Normal
2026-02-16 23:26:24.345926,London-dd94,-20,82,Normal
2026-02-16 23:26:25.345926,London-dd94,6,26,Normal
2026-02-16 23:26:26.345926,London-dd94,-11,95,Normal
2026-02-16 23:26:27.345926,London-dd94,-7,38,Normal
2026-02-16 23:26:28.345926,London-dd94,34,36,Normal
2026-02-16 23:26:29.345926,London-dd94,39,86,Normal
2026-02-16 23:26:30.345926,London-dd94,36,86,Normal
2026-02-16 23:26:31.345926,London-dd94,35,63,Normal
2026-02-16 23:26:32.345926,London-dd94,-30,92,Normal
2026-02-16 23:26:33.345926,London-dd94,44,75,Normal
2026-02-16 23:26:34.345926,London-dd94,20,12,Normal
2026-02-16 23:26:35.345926,London-dd94,-22,14,Normal
2026-02-16 23:26:36.345926,London-dd94,8,37,Normal
2026-02-16 23:26:37.345926,London-dd94,-21,26,Normal
2026-02-16 23:26:38.345926,London-dd94,7,36,Normal
2026-02-16 23:26:39.345926,London-dd94,-20,17,Normal
2026-02-16 23:26:40.345926,London-dd94,18,34,Normal
2026-02-16 23:26:41.345926,London-dd94,42,24,Normal
2026-02-16 23:26:42.345926,London-dd94,-29,59,Normal
2026-02-16 23:26:43.345926,London-dd94,-17,35,Normal
2026-02-16 23:26:44.345926,London-dd94,-1,7,Normal
2026-02-16 23:26:45.345926,London-dd94,10,94,Normal
2026-02-16 23:26:46.345926,London-dd94,17,22,Normal
2026-02-16 23:26:47.345926,London-dd94,24,71,Normal
2026-02-16 23:26:48.345926,London-dd94,15,33,Normal
2026-02-16 23:26:49.345926,London-dd94,40,32,Normal
2026-02-16 23:26:50.345926,London-dd94,25,1,Normal
2026-02-16 23:26:51.345926,London-dd94,42,60,Normal
2026-02-16 23:26:52.345926,London-dd94,-29,10,Normal
2026-02-16 23:26:53.345926,London-dd94,24,99,Normal
2026-02-16 23:26:54.345926,London-dd94,32,82,Normal
2026-02-16 23:26:55.345926,London-dd94,15,8,Normal
2026-02-16 23:26:56.345926,London-dd94,-28,64,Normal
2026-02-16 23:26:57.345926,London-dd94,15,3,Normal
2026-02-16 23:26:58.345926,London-dd94,12,32,Normal
2026-02-16 23:26:59.345926,London-dd94,46,48,Normal
2026-02-16 23:27:00.345926,London-dd94,18,31,Normal
2026-02-16 23:27:01.345926,London-dd94,35,64,Normal
2026-02-16 23:27:02.345926,London-dd94,1,93,Normal
2026-02-16 23:27:03.345926,London-dd94,34,95,Normal
2026-02-16 23:27:04.345926,London-dd94,3,81,Normal
2026-02-16 23:27:05.345926,London-dd94,-15,9,Normal
2026-02-16 23:27:06.345926,London-dd94,24,95,Normal
2026-02-16 23:27:07.345926,London-dd94,5,42,Normal
2026-02-16 23:27:08.345926,London-dd94,23,86,Normal
2026-02-16 23:27:09.345926,London-dd94,18,86,Normal
2026-02-16 23:27:10.345926,London-dd94,-26,85,Normal
2026-02-16 23:27:11.345926,London-dd94,31,34,Normal
2026-02-16 23:27:12.345926,London-dd94,-15,12,Normal
2026-02-16 23:27:13.345926,London-dd94,2,10,Normal
2026-02-16 23:27:14.345926,London-dd94,34,67,Normal
2026-02-16 23:27:15.345926,London-dd94,-4,72,Normal
2026-02-16 23:27:16.345926,London-dd94,48,45,Normal
2026-02-16 23:27:17.345926,London-dd94,0,13,Normal
2026-02-16 23:27:18.345926,London-dd94,4,49,Normal
2026-02-16 23:27:19.345926,London-dd94,-17,55,Normal
2026-02-16 23:27:20.345926,London-dd94,5,67,Normal
2026-02-16 23:27:21.345926,London-dd94,-3,62,Normal
2026-02-16 23:27:22.345926,London-dd94,0,15,Normal
2026-02-16 23:27:23.345926,London-dd94,44,41,Normal
2026-02-16 23:27:24.345926,London-dd94,-18,21,Normal
2026-02-16 23:27:25.345926,London-dd94,42,9,Normal
2026-02-16 23:27:26.345926,London-dd94,-9,58,Normal
2026-02-16 23:27:27.345926,London-dd94,37,24,Normal
2026-02-16 23:27:28.345926,London-dd94,-10,90,Normal
2026-02-16 23:27:29.345926,London-dd94,12,56,Normal
2026-02-16 23:27:30.345926,London-dd94,-23,31,Normal
2026-02-16 23:27:31.345926,London-dd94,1,44,Normal
2026-02-16 23:27:32.345926,London-dd94,46,1,Normal
2026-02-16 23:27:33.345926,London-dd94,40,43,Normal
2026-02-16 23:27:34.345926,London-dd94,42,6,Normal
2026-02-16 23:27:35.345926,London-dd94,1,49,Normal
2026-02-16 23:27:36.345926,London-dd94,39,38,Normal
2026-02-16 23:27:37.345926,London-dd94,0,72,Normal
2026-02-16 23:27:38.345926,London-dd94,23,53,Normal
2026-02-16 23:27:39.345926,London-dd94,1,61,Normal
2026-02-16 23:27:40.345926,London-dd94,-10,52,Normal
2026-02-16 23:27:41.345926,London-dd94,23,87,Normal
2026-02-16 23:27:42.345926,London-dd94,-23,3,Normal
2026-02-16 23:27:43.345926,London-dd94,-4,10,Normal
2026-02-16 23:27:44.345926,London-dd94,49,39,Normal
2026-02-16 23:27:45.345926,London-dd94,-26,0,Normal
2026-02-16 23:27:46.345926,London-dd94,50,28,Normal
2026-02-16 23:27:47.345926,London-dd94,12,1,Normal
2026-02-16 23:27:48.345926,London-dd94,44,47,Normal
2026-02-16 23:27:49.345926,London-dd94,-26,50,Normal
2026-02-16 23:27:50.345926,London-dd94,-3,68,Normal
2026-02-16 23:27:51.345926,London-dd94,-27,6,Normal
2026-02-16 23:27:52.345926,London-dd94,-1,51,Normal
2026-02-16 23:27:53.345926,London-dd94,9,92,Normal
2026-02-16 23:27:54.345926,London-dd94,30,73,Normal
2026-02-16 23:27:55.345926,London-dd94,32,67,Normal
2026-02-16 23:27:56.345926,London-dd94,-12,53,Normal
2026-02-16 23:27:57.345926,London-dd94,-24,95,Normal
2026-02-16 23:27:58.345926,London-dd94,-20,72,Normal
2026-02-16 23:27:59.345926,London-dd94,-15,73,Normal
2026-02-16 23:28:00.345926,London-dd94,1,43,Normal
2026-02-16 23:28:01.345926,London-dd94,38,51,Normal
2026-02-16 23:28:02.345926,London-dd94,-10,27,Normal
2026-02-16 23:28:03.345926,London-dd94,28,87,Normal
2026-02-16 23:28:04.345926,London-dd94,18,24,Normal
2026-02-16 23:28:05.345926,London-dd94,0,25,Normal
2026-02-16 23:28:06.345926,London-dd94,4,63,Normal
2026-02-16 23:28:07.345926,London-dd94,20,78,Normal
2026-02-16 23:28:08.345926,London-dd94,42,73,Normal
2026-02-16 23:28:09.345926,London-dd94,-6,1,Normal
2026-02-16 23:28:10.345926,London-dd94,7,77,Normal
2026-02-16 23:28:11.345926,London-dd94,39,98,Normal
2026-02-16 23:28:12.345926,London-dd94,-19,28,Normal
2026-02-16 23:28:13.345926,London-dd94,-9,72,Normal
2026-02-16 23:28:14.345926,London-dd94,19,94,Normal
2026-02-16 23:28:15.345926,London-dd94,16,48,Normal
2026-02-16 23:28:16.345926,London-dd94,39,23,Normal
2026-02-16 23:28:17.345926,London-dd94,-10,36,Normal
2026-02-16 23:28:18.345926,London-dd94,26,94,Normal
2026-02-16 23:28:19.345926,London-dd94,26,98,Normal
2026-02-16 23:28:20.345926,London-dd94,36,88,Normal
2026-02-16 23:28:21.345926,London-dd94,-6,61,Normal
2026-02-16 23:28:22.345926,London-dd94,-18,17,Normal
2026-02-16 23:28:23.345926,London-dd94,37,12,Normal
2026-02-16 23:28:24.345926,London-dd94,-24,84,Normal
2026-02-16 23:28:25.345926,London-dd94,23,50,Normal
2026-02-16 23:28:26.345926,London-dd94,-1,66,Normal
2026-02-16 23:28:27.345926,London-dd94,33,34,Normal
2026-02-16 23:28:28.345926,London-dd94,-2,66,Normal
2026-02-16 23:28:29.345926,London-dd94,4,13,Normal
2026-02-16 23:28:30.345926,London-dd94,-6,97,Normal
2026-02-16 23:28:31.345926,London-dd94,16,11,Normal
2026-02-16 23:28:32.345926,London-dd94,-29,32,Normal
2026-02-16 23:28:33.345926,London-dd94,8,99,Normal
2026-02-16 23:28:34.345926,London-dd94,-27,91,Normal
2026-02-16 23:28:35.345926,London-dd94,12,87,Normal
2026-02-16 23:28:36.345926,London-dd94,37,41,Normal
2026-02-16 23:28:37.345926,London-dd94,-9,41,Normal
2026-02-16 23:28:38.345926,London-dd94,-25,15,Normal
2026-02-16 23:28:39.345926,London-dd94,-21,17,Normal
2026-02-16 23:28:40.345926,London-dd94,-22,1,Normal
2026-02-16 23:28:41.345926,London-dd94,-7,51,Normal
2026-02-16 23:28:42.345926,London-dd94,5,88,Normal
2026-02-16 23:28:43.345926,London-dd94,-12,20,Normal
2026-02-16 23:28:44.345926,London-dd94,-5,67,Normal
2026-02-16 23:28:45.345926,London-dd94,17,14,Normal
2026-02-16 23:28:46.345926,London-dd94,21,41,Normal
2026-02-16 23:28:47.345926,London-dd94,-28,25,Normal
2026-02-16 23:28:48.345926,London-dd94,-10,39,Normal
2026-02-16 23:28:49.345926,London-dd94,-22,47,Normal
2026-02-16 23:28:50.345926,London-dd94,25,99,Normal
2026-02-16 23:28:51.345926,London-dd94,-3,82,Normal
2026-02-16 23:28:52.345926,London-dd94,-21,28,Normal
2026-02-16 23:28:53.345926,London-dd94,36,56,Normal
2026-02-16 23:28:54.345926,London-dd94,-18,31,Normal
2026-02-16 23:28:55.345926,London-dd94,-21,71,Normal
2026-02-16 23:28:56.345926,London-dd94,-2,39,Normal
2026-02-16 23:28:57.345926,London-dd94,-15,34,Normal
2026-02-16 23:28:58.345926,London-dd94,35,47,Normal
2026-02-16 23:28:59.345926,London-dd94,22,5,Normal
2026-02-16 23:29:00.345926,London-dd94,-27,29,Normal
2026-02-16 23:29:01.345926,London-dd94,-11,86,Normal
2026-02-16 23:29:02.345926,London-dd94,27,28,Normal
2026-02-16 23:29:03.345926,London-dd94,20,49,Normal
2026-02-16 23:29:04.345926,London-dd94,45,32,Normal
2026-02-16 23:29:05.345926,London-dd94,37,30,Normal
2026-02-16 23:29:06.345926,London-dd94,35,36,Normal
2026-02-16 23:29:07.345926,London-dd94,36,21,Normal
2026-02-16 23:29:08.345926,London-dd94,-15,18,Normal
2026-02-16 23:29:09.345926,London-dd94,41,69,Normal
2026-02-16 23:29:10.345926,London-dd94,-22,86,Normal
2026-02-16 23:29:11.345926,London-dd94,-7,3,Normal
2026-02-16 23:29:12.345926,London-dd94,1,19,Normal
2026-02-16 23:29:13.345926,London-dd94,20,35,Normal
2026-02-16 23:29:14.345926,London-dd94,38,33,Normal
2026-02-16 23:29:15.345926,London-dd94,10,39,Normal
2026-02-16 23:29:16.345926,London-dd94,24,39,Normal
2026-02-16 23:29:17.345926,London-dd94,29,36,Normal
2026-02-16 23:29:18.345926,London-dd94,31,11,Normal
2026-02-16 23:29:19.345926,London-dd94,8,31,Normal
2026-02-16 23:29:20.345926,London-dd94,40,62,Normal
2026-02-16 23:29:21.345926,London-dd94,40,3,Normal
2026-02-16 23:29:22.345926,London-dd94,-29,57,Normal
2026-02-16 23:29:23.345926,London-dd94,28,76,Normal
2026-02-16 23:29:24.345926,London-dd94,-6,5,Normal
2026-02-16 23:29:25.345926,London-dd94,13,31,Normal
2026-02-16 23:29:26.345926,London-dd94,15,93,Normal
2026-02-16 23:29:27.345926,London-dd94,-7,94,Normal
2026-02-16 23:29:28.345926,London-dd94,-30,88,Normal
2026-02-16 23:29:29.345926,London-dd94,33,38,Normal
2026-02-16 23:29:30.345926,London-dd94,-16,71,Normal
2026-02-16 23:29:31.345926,London-dd94,11,40,Normal
2026-02-16 23:29:32.345926,London-dd94,21,88,Normal
2026-02-16 23:29:33.345926,London-dd94,30,28,Normal
2026-02-16 23:29:34.345926,London-dd94,0,7,Normal
2026-02-16 23:29:35.345926,London-dd94,14,29,Normal
2026-02-16 23:29:36.345926,London-dd94,2,31,Normal
2026-02-16 23:29:37.345926,London-dd94,-28,35,Normal
2026-02-16 23:29:38.345926,London-dd94,-21,8,Normal
2026-02-16 23:29:39.345926,London-dd94,-10,84,Normal
2026-02-16 23:29:40.345926,London-dd94,23,61,Normal
2026-02-16 23:29:41.345926,London-dd94,16,32,Normal
2026-02-16 23:29:42.345926,London-dd94,-16,32,Normal
2026-02-16 23:29:43.345926,London-dd94,-18,11,Normal
2026-02-16 23:29:44.345926,London-dd94,-7,27,Normal
2026-02-16 23:29:45.345926,London-dd94,40,52,Normal
2026-02-16 23:29:46.345926,London-dd94,45,74,Normal
2026-02-16 23:29:47.345926,London-dd94,37,91,Normal
2026-02-16 23:29:48.345926,London-dd94,27,96,Normal
2026-02-16 23:29:49.345926,London-dd94,-9,56,Normal
2026-02-16 23:29:50.345926,London-dd94,33,44,Normal
2026-02-16 23:29:51.345926,London-dd94,-11,39,Normal
2026-02-16 23:29:52.345926,London-dd94,46,90,Normal
2026-02-16 23:29:53.345926,London-dd94,23,100,Normal
2026-02-16 23:29:54.345926,London-dd94,-2,47,Normal
2026-02-16 23:29:55.345926,London-dd94,-4,34,Normal
2026-02-16 23:29:56.345926,London-dd94,-24,1,Normal
2026-02-16 23:29:57.345926,London-dd94,-29,25,Normal
2026-02-16 23:29:58.345926,London-dd94,36,8,Normal
2026-02-16 23:29:59.345926,London-dd94,17,24,Normal
2026-02-16 23:30:00.345926,London-dd94,18,45,Normal
2026-02-16 23:30:01.345926,London-dd94,24,42,Normal
2026-02-16 23:30:02.345926,London-dd94,-5,48,Normal
2026-02-16 23:30:03.345926,London-dd94,-7,97,Normal
2026-02-16 23:30:04.345926,London-dd94,13,33,Normal
2026-02-16 23:30:05.345926,London-dd94,44,8,Normal
2026-02-16 23:30:06.345926,London-dd94,29,1,Normal
2026-02-16 23:30:07.345926,London-dd94,47,70,Normal
2026-02-16 23:30:08.345926,London-dd94,-24,29,Normal
2026-02-16 23:30:09.345926,London-dd94,8,26,Normal
2026-02-16 23:30:10.345926,London-dd94,-30,61,Normal
2026-02-16 23:30:11.345926,London-dd94,-15,93,Normal
2026-02-16 23:30:12.345926,London-dd94,29,74,Normal
2026-02-16 23:30:13.345926,London-dd94,16,57,Normal
2026-02-16 23:30:14.345926,London-dd94,13,15,Normal
2026-02-16 23:30:15.345926,London-dd94,47,17,Normal
2026-02-16 23:30:16.345926,London-dd94,8,38,Normal
2026-02-16 23:30:17.345926,London-dd94,5,87,Normal
2026-02-16 23:30:18.345926,London-dd94,35,2,Normal
2026-02-16 23:30:19.345926,London-dd94,-27,57,Normal
2026-02-16 23:30:20.345926,London-dd94,34,74,Normal
2026-02-16 23:30:21.345926,London-dd94,50,67,Normal
2026-02-16 23:30:22.345926,London-dd94,42,96,Normal
2026-02-16 23:30:23.345926,London-dd94,2,54,Normal
2026-02-16 23:30:24.345926,London-dd94,28,80,Normal
2026-02-16 23:30:25.345926,London-dd94,-10,3,Normal
2026-02-16 23:30:26.345926,London-dd94,-16,38,Normal
2026-02-16 23:30:27.345926,London-dd94,8,30,Normal
2026-02-16 23:30:28.345926,London-dd94,23,23,Normal
2026-02-16 23:30:29.345926,London-dd94,20,8,Normal
2026-02-16 23:30:30.345926,London-dd94,-25,76,Normal
2026-02-16 23:30:31.345926,London-dd94,28,9,Normal
2026-02-16 23:30:32.345926,London-dd94,-16,96,Normal
2026-02-16 23:30:33.345926,London-dd94,42,52,Normal
2026-02-16 23:30:34.345926,London-dd94,23,6,Normal
2026-02-16 23:30:35.345926,London-dd94,47,34,Normal
2026-02-16 23:30:36.345926,London-dd94,-11,94,Normal
2026-02-16 23:30:37.345926,London-dd94,35,76,Normal
2026-02-16 23:30:38.345926,London-dd94,32,3,Normal
2026-02-16 23:30:39.345926,London-dd94,-20,3,Normal
2026-02-16 23:30:40.345926,London-dd94,43,6,Normal
2026-02-16 23:30:41.345926,London-dd94,1,14,Normal
2026-02-16 23:30:42.345926,London-dd94,36,87,Normal
2026-02-16 23:30:43.345926,London-dd94,37,17,Normal
2026-02-16 23:30:44.345926,London-dd94,37,30,Normal
2026-02-16 23:30:45.345926,London-dd94,-12,75,Normal
2026-02-16 23:30:46.345926,London-dd94,7,73,Normal
2026-02-16 23:30:47.345926,London-dd94,-2,58,Normal
2026-02-16 23:30:48.345926,London-dd94,29,100,Normal
2026-02-16 23:30:49.345926,London-dd94,35,46,Normal
2026-02-16 23:30:50.345926,London-dd94,39,31,Normal
2026-02-16 23:30:51.345926,London-dd94,3,88,Normal
2026-02-16 23:30:52.345926,London-dd94,-10,100,Normal
2026-02-16 23:30:53.345926,London-dd94,-19,58,Normal
2026-02-16 23:30:54.345926,London-dd94,-4,3,Normal
2026-02-16 23:30:55.345926,London-dd94,50,91,Normal
2026-02-16 23:30:56.345926,London-dd94,3,7,Normal
2026-02-16 23:30:57.345926,London-dd94,13,69,Normal
2026-02-16 23:30:58.345926,London-dd94,48,41,Normal
2026-02-16 23:30:59.345926,London-dd94,-4,37,Normal
2026-02-16 23:31:00.345926,London-dd94,-5,79,Normal
2026-02-16 23:31:01.345926,London-dd94,39,53,Normal
2026-02-16 23:31:02.345926,London-dd94,-3,94,Normal
2026-02-16 23:31:03.345926,London-dd94,13,12,Normal
2026-02-16 23:31:04.345926,London-dd94,-7,46,Normal
2026-02-16 23:31:05.345926,London-dd94,3,79,Normal
2026-02-16 23:31:06.345926,London-dd94,-25,92,Normal
2026-02-16 23:31:07.345926,London-dd94,-16,47,Normal
2026-02-16 23:31:08.345926,London-dd94,-26,23,Normal
2026-02-16 23:31:09.345926,London-dd94,26,13,Normal
2026-02-16 23:31:10.345926,London-dd94,7,59,Normal
2026-02-16 23:31:11.345926,London-dd94,44,86,Normal
2026-02-16 23:31:12.345926,London-dd94,43,31,Normal
2026-02-16 23:31:13.345926,London-dd94,27,41,Normal
2026-02-16 23:31:14.345926,London-dd94,-27,61,Normal
2026-02-16 23:31:15.345926,London-dd94,6,68,Normal
2026-02-16 23:31:16.345926,London-dd94,28,71,Normal
2026-02-16 23:31:17.345926,London-dd94,18,52,Normal
2026-02-16 23:31:18.345926,London-dd94,-23,76,Normal
2026-02-16 23:31:19.345926,London-dd94,22,40,Normal
2026-02-16 23:31:20.345926,London-dd94,-28,91,Normal
2026-02-16 23:31:21.345926,London-dd94,10,76,Normal
2026-02-16 23:31:22.345926,London-dd94,-14,88,Normal
2026-02-16 23:31:23.345926,London-dd94,47,2,Normal
2026-02-16 23:31:24.345926,London-dd94,27,27,Normal
2026-02-16 23:31:25.345926,London-dd94,21,88,Normal
2026-02-16 23:31:26.345926,London-dd94,49,28,Normal
2026-02-16 23:31:27.345926,London-dd94,28,99,Normal
2026-02-16 23:31:28.345926,London-dd94,26,37,Normal
2026-02-16 23:31:29.345926,London-dd94,49,67,Normal
2026-02-16 23:31:30.345926,London-dd94,34,65,Normal
2026-02-16 23:31:31.345926,London-dd94,26,35,Normal
2026-02-16 23:31:32.345926,London-dd94,3,27,Normal
2026-02-16 23:31:33.345926,London-dd94,-7,67,Normal
2026-02-16 23:31:34.345926,London-dd94,-11,35,Normal
2026-02-16 23:31:35.345926,London-dd94,-18,81,Normal
2026-02-16 23:31:36.345926,London-dd94,33,83,Normal
2026-02-16 23:31:37.345926,London-dd94,7,74,Normal
2026-02-16 23:31:38.345926,London-dd94,-29,97,Normal
2026-02-16 23:31:39.345926,London-dd94,26,15,Normal
2026-02-16 23:31:40.345926,London-dd94,0,82,Normal
2026-02-16 23:31:41.345926,London-dd94,11,48,Normal
2026-02-16 23:31:42.345926,London-dd94,-28,91,Normal
2026-02-16 23:31:43.345926,London-dd94,-14,2,Normal
2026-02-16 23:31:44.345926,London-dd94,18,53,Normal
2026-02-16 23:31:45.345926,London-dd94,-3,29,Normal
2026-02-16 23:31:46.345926,London-dd94,28,97,Normal
2026-02-16 23:31:47.345926,London-dd94,34,36,Normal
2026-02-16 23:31:48.345926,London-dd94,0,0,Normal
2026-02-16 23:31:49.345926,London-dd94,-7,24,Normal
2026-02-16 23:31:50.345926,London-dd94,41,81,Normal
2026-02-16 23:31:51.345926,London-dd94,-11,65,Normal
2026-02-16 23:31:52.345926,London-dd94,17,46,Normal
2026-02-16 23:31:53.345926,London-dd94,-8,9,Normal
2026-02-16 23:31:54.345926,London-dd94,-19,2,Normal
2026-02-16 23:31:55.345926,London-dd94,3,84,Normal
2026-02-16 23:31:56.345926,London-dd94,18,81,Normal
2026-02-16 23:31:57.345926,London-dd94,19,29,Normal
2026-02-16 23:31:58.345926,London-dd94,6,68,Normal
2026-02-16 23:31:59.345926,London-dd94,41,47,Normal
2026-02-16 23:32:00.345926,London-dd94,-12,3,Normal
2026-02-16 23:32:01.345926,London-dd94,26,61,Normal
2026-02-16 23:32:02.345926,London-dd94,36,42,Normal
2026-02-16 23:32:03.345926,London-dd94,-15,58,Normal
2026-02-16 23:32:04.345926,London-dd94,41,33,Normal
2026-02-16 23:32:05.345926,London-dd94,-21,28,Normal
2026-02-16 23:32:06.345926,London-dd94,42,4,Normal
2026-02-16 23:32:07.345926,London-dd94,44,92,Normal
2026-02-16 23:32:08.345926,London-dd94,-11,26,Normal
2026-02-16 23:32:09.345926,London-dd94,7,60,Normal
2026-02-16 23:32:10.345926,London-dd94,23,76,Normal
2026-02-16 23:32:11.345926,London-dd94,43,12,Normal
2026-02-16 23:32:12.345926,London-dd94,4,13,Normal
2026-02-16 23:32:13.345926,London-dd94,14,87,Normal
2026-02-16 23:32:14.345926,London-dd94,46,30,Normal
2026-02-16 23:32:15.345926,London-dd94,-1,93,Normal
2026-02-16 23:32:16.345926,London-dd94,-1,18,Normal
2026-02-16 23:32:17.345926,London-dd94,-7,2,Normal
2026-02-16 23:32:18.345926,London-dd94,48,67,Normal
2026-02-16 23:32:19.345926,London-dd94,19,79,Normal
2026-02-16 23:32:20.345926,London-dd94,14,99,Normal
2026-02-16 23:32:21.345926,London-dd94,23,81,Normal
2026-02-16 23:32:22.345926,London-dd94,49,2,Normal
2026-02-16 23:32:23.345926,London-dd94,-30,43,Normal
2026-02-16 23:32:24.345926,London-dd94,37,88,Normal
2026-02-16 23:32:25.345926,London-dd94,28,52,Normal
2026-02-16 23:32:26.345926,London-dd94,-23,85,Normal
2026-02-16 23:32:27.345926,London-dd94,6,97,Normal
2026-02-16 23:32:28.345926,London-dd94,50,97,Normal
2026-02-16 23:32:29.345926,London-dd94,31,92,Normal
2026-02-16 23:32:30.345926,London-dd94,11,74,Normal
2026-02-16 23:32:31.345926,London-dd94,4,81,Normal
2026-02-16 23:32:32.345926,London-dd94,3,91,Normal
2026-02-16 23:32:33.345926,London-dd94,28,9,Normal
2026-02-16 23:32:34.345926,London-dd94,48,16,Normal
2026-02-16 23:32:35.345926,London-dd94,-20,65,Normal
2026-02-16 23:32:36.345926,London-dd94,4,37,Normal
2026-02-16 23:32:37.345926,London-dd94,27,99,Normal
2026-02-16 23:32:38.345926,London-dd94,1,38,Normal
2026-02-16 23:32:39.345926,London-dd94,16,13,Normal
2026-02-16 23:32:40.345926,London-dd94,-9,72,Normal
2026-02-16 23:32:41.345926,London-dd94,8,39,Normal
2026-02-16 23:32:42.345926,London-dd94,-27,37,Normal
2026-02-16 23:32:43.345926,London-dd94,-6,27,Normal
2026-02-16 23:32:44.345926,London-dd94,28,45,Normal
2026-02-16 23:32:45.345926,London-dd94,8,63,Normal
2026-02-16 23:32:46.345926,London-dd94,45,44,Normal
2026-02-16 23:32:47.345926,London-dd94,32,27,Normal
2026-02-16 23:32:48.345926,London-dd94,-3,86,Normal
2026-02-16 23:32:49.345926,London-dd94,2,42,Normal
2026-02-16 23:32:50.345926,London-dd94,42,12,Normal
2026-02-16 23:32:51.345926,London-dd94,17,100,Normal
2026-02-16 23:32:52.345926,London-dd94,14,35,Normal
2026-02-16 23:32:53.345926,London-dd94,50,85,Normal
2026-02-16 23:32:54.345926,London-dd94,-2,46,Normal
2026-02-16 23:32:55.345926,London-dd94,31,77,Normal
2026-02-16 23:32:56.345926,London-dd94,43,34,Normal
2026-02-16 23:32:57.345926,London-dd94,36,59,Normal
2026-02-16 23:32:58.345926,London-dd94,43,95,Normal
2026-02-16 23:32:59.345926,London-dd94,-19,12,Normal
2026-02-16 23:33:00.345926,London-dd94,18,50,Normal
2026-02-16 23:33:01.345926,London-dd94,-20,0,Normal
2026-02-16 23:33:02.345926,London-dd94,-25,94,Normal
2026-02-16 23:33:03.345926,London-dd94,19,9,Normal
2026-02-16 23:33:04.345926,London-dd94,-16,12,Normal
2026-02-16 23:33:05.345926,London-dd94,-18,40,Normal
2026-02-16 23:33:06.345926,London-dd94,27,8,Normal
2026-02-16 23:33:07.345926,London-dd94,14,51,Normal
2026-02-16 23:33:08.345926,London-dd94,-2,21,Normal
2026-02-16 23:33:09.345926,London-dd94,18,91,Normal
2026-02-16 23:33:10.345926,London-dd94,35,60,Normal
2026-02-16 23:33:11.345926,London-dd94,24,67,Normal
2026-02-16 23:33:12.345926,London-dd94,-18,64,Normal
2026-02-16 23:33:13.345926,London-dd94,39,65,Normal
2026-02-16 23:33:14.345926,London-dd94,27,96,Normal
2026-02-16 23:33:15.345926,London-dd94,9,63,Normal
2026-02-16 23:33:16.345926,London-dd94,6,53,Normal
2026-02-16 23:33:17.345926,London-dd94,23,11,Normal
2026-02-16 23:33:18.345926,London-dd94,-26,14,Normal
2026-02-16 23:33:19.345926,London-dd94,7,83,Normal
2026-02-16 23:33:20.345926,London-dd94,-24,2,Normal
2026-02-16 23:33:21.345926,London-dd94,15,9,Normal
2026-02-16 23:33:22.345926,London-dd94,-16,18,Normal
2026-02-16 23:33:23.345926,London-dd94,10,42,Normal
2026-02-16 23:33:24.345926,London-dd94,25,36,Normal
2026-02-16 23:33:25.345926,London-dd94,7,56,Normal
2026-02-16 23:33:26.345926,London-dd94,25,65,Normal
2026-02-16 23:33:27.345926,London-dd94,37,81,Normal
2026-02-16 23:33:28.345926,London-dd94,25,2,Normal
2026-02-16 23:33:29.345926,London-dd94,-19,4,Normal
2026-02-16 23:33:30.345926,London-dd94,30,55,Normal
2026-02-16 23:33:31.345926,London-dd94,34,45,Normal
2026-02-16 23:33:32.345926,London-dd94,41,15,Normal
2026-02-16 23:33:33.345926,London-dd94,-16,39,Normal
2026-02-16 23:33:34.345926,London-dd94,-26,32,Normal
2026-02-16 23:33:35.345926,London-dd94,-24,91,Normal
2026-02-16 23:33:36.345926,London-dd94,-8,10,Normal
2026-02-16 23:33:37.345926,London-dd94,14,94,Normal
2026-02-16 23:33:38.345926,London-dd94,22,22,Normal
2026-02-16 23:33:39.345926,London-dd94,28,10,Normal
2026-02-16 23:33:40.345926,London-dd94,35,88,Normal
2026-02-16 23:33:41.345926,London-dd94,22,54,Normal
2026-02-16 23:33:42.345926,London-dd94,-22,31,Normal
2026-02-16 23:33:43.345926,London-dd94,-28,41,Normal
2026-02-16 23:33:44.345926,London-dd94,0,38,Normal
2026-02-16 23:33:45.345926,London-dd94,2,43,Normal
2026-02-16 23:33:46.345926,London-dd94,-7,2,Normal
2026-02-16 23:33:47.345926,London-dd94,17,25,Normal
2026-02-16 23:33:48.345926,London-dd94,-17,16,Normal
2026-02-16 23:33:49.345926,London-dd94,48,49,Normal
2026-02-16 23:33:50.345926,London-dd94,1,62,Normal
2026-02-16 23:33:51.345926,London-dd94,31,29,Normal
2026-02-16 23:33:52.345926,London-dd94,37,96,Normal
2026-02-16 23:33:53.345926,London-dd94,19,44,Normal
2026-02-16 23:33:54.345926,London-dd94,23,15,Normal
2026-02-16 23:33:55.345926,London-dd94,18,95,Normal
2026-02-16 23:33:56.345926,London-dd94,-1,96,Normal
2026-02-16 23:33:57.345926,London-dd94,40,81,Normal
2026-02-16 23:33:58.345926,London-dd94,-7,51,Normal
2026-02-16 23:33:59.345926,London-dd94,39,70,Normal
2026-02-16 23:34:00.345926,London-dd94,-2,21,Normal
2026-02-16 23:34:01.345926,London-dd94,37,19,Normal
2026-02-16 23:34:02.345926,London-dd94,-18,9,Normal
2026-02-16 23:34:03.345926,London-dd94,33,100,Normal
2026-02-16 23:34:04.345926,London-dd94,5,6,Normal
2026-02-16 23:34:05.345926,London-dd94,-4,82,Normal
2026-02-16 23:34:06.345926,London-dd94,46,48,Normal
2026-02-16 23:34:07.345926,London-dd94,-26,90,Normal
2026-02-16 23:34:08.345926,London-dd94,48,98,Normal
2026-02-16 23:34:09.345926,London-dd94,23,94,Normal
2026-02-16 23:34:10.345926,London-dd94,10,87,Normal
2026-02-16 23:34:11.345926,London-dd94,21,69,Normal
2026-02-16 23:34:12.345926,London-dd94,46,42,Normal
2026-02-16 23:34:13.345926,London-dd94,33,59,Normal
2026-02-16 23:34:14.345926,London-dd94,12,94,Normal
2026-02-16 23:34:15.345926,London-dd94,-13,15,Normal
2026-02-16 23:34:16.345926,London-dd94,-3,99,Normal
2026-02-16 23:34:17.345926,London-dd94,26,84,Normal
2026-02-16 23:34:18.345926,London-dd94,15,73,Normal
2026-02-16 23:34:19.345926,London-dd94,0,74,Normal
2026-02-16 23:34:20.345926,London-dd94,-11,73,Normal
2026-02-16 23:34:21.345926,London-dd94,-30,35,Normal
2026-02-16 23:34:22.345926,London-dd94,32,27,Normal
2026-02-16 23:34:23.345926,London-dd94,11,44,Normal
2026-02-16 23:34:24.345926,London-dd94,-13,37,Normal
2026-02-16 23:34:25.345926,London-dd94,37,67,Normal
2026-02-16 23:34:26.345926,London-dd94,45,14,Normal
2026-02-16 23:34:27.345926,London-dd94,48,8,Normal
2026-02-16 23:34:28.345926,London-dd94,36,41,Normal
2026-02-16 23:34:29.345926,London-dd94,42,32,Normal
2026-02-16 23:34:30.345926,London-dd94,19,45,Normal
2026-02-16 23:34:31.345926,London-dd94,-11,14,Normal
2026-02-16 23:34:32.345926,London-dd94,-1,35,Normal
2026-02-16 23:34:33.345926,London-dd94,11,93,Normal
2026-02-16 23:34:34.345926,London-dd94,9,22,Normal
2026-02-16 23:34:35.345926,London-dd94,23,99,Normal
2026-02-16 23:34:36.345926,London-dd94,-14,48,Normal
2026-02-16 23:34:37.345926,London-dd94,-27,0,Normal
2026-02-16 23:34:38.345926,London-dd94,-17,26,Normal
2026-02-16 23:34:39.345926,London-dd94,-18,2,Normal
2026-02-16 23:34:40.345926,London-dd94,13,41,Normal
2026-02-16 23:34:41.345926,London-dd94,3,31,Normal
2026-02-16 23:34:42.345926,London-dd94,16,7,Normal
2026-02-16 23:34:43.345926,London-dd94,17,2,Normal
2026-02-16 23:34:44.345926,London-dd94,1,5,Normal
2026-02-16 23:34:45.345926,London-dd94,36,57,Normal
2026-02-16 23:34:46.345926,London-dd94,7,85,Normal
2026-02-16 23:34:47.345926,London-dd94,3,27,Normal
2026-02-16 23:34:48.345926,London-dd94,-14,88,Normal
2026-02-16 23:34:49.345926,London-dd94,-4,95,Normal
2026-02-16 23:34:50.345926,London-dd94,-15,30,Normal
2026-02-16 23:34:51.345926,London-dd94,47,29,Normal
2026-02-16 23:34:52.345926,London-dd94,-4,87,Normal
2026-02-16 23:34:53.345926,London-dd94,37,41,Normal
2026-02-16 23:34:54.345926,London-dd94,26,40,Normal
2026-02-16 23:34:55.345926,London-dd94,21,22,Normal
2026-02-16 23:34:56.345926,London-dd94,-3,91,Normal
2026-02-16 23:34:57.345926,London-dd94,-22,61,Normal
2026-02-16 23:34:58.345926,London-dd94,-15,51,Normal
2026-02-16 23:34:59.345926,London-dd94,20,48,Normal
2026-02-16 23:35:00.345926,London-dd94,11,78,Normal
2026-02-16 23:35:01.345926,London-dd94,-30,44,Normal
2026-02-16 23:35:02.345926,London-dd94,-12,89,Normal
2026-02-16 23:35:03.345926,London-dd94,20,70,Normal
2026-02-16 23:35:04.345926,London-dd94,-13,93,Normal
2026-02-16 23:35:05.345926,London-dd94,20,6,Normal
2026-02-16 23:35:06.345926,London-dd94,37,17,Normal
2026-02-16 23:35:07.345926,London-dd94,42,54,Normal
2026-02-16 23:35:08.345926,London-dd94,-11,17,Normal
2026-02-16 23:35:09.345926,London-dd94,-15,84,Normal
2026-02-16 23:35:10.345926,London-dd94,-30,100,Normal
2026-02-16 23:35:11.345926,London-dd94,-8,43,Normal
2026-02-16 23:35:12.345926,London-dd94,50,55,Normal
2026-02-16 23:35:13.345926,London-dd94,2,67,Normal
2026-02-16 23:35:14.345926,London-dd94,9,12,Normal
2026-02-16 23:35:15.345926,London-dd94,7,62,Normal
2026-02-16 23:35:16.345926,London-dd94,8,79,Normal
2026-02-16 23:35:17.345926,London-dd94,33,36,Normal
2026-02-16 23:35:18.345926,London-dd94,50,89,Normal
2026-02-16 23:35:19.345926,London-dd94,49,27,Normal
2026-02-16 23:35:20.345926,London-dd94,29,38,Normal
2026-02-16 23:35:21.345926,London-dd94,44,98,Normal
2026-02-16 23:35:22.345926,London-dd94,14,89,Normal
2026-02-16 23:35:23.345926,London-dd94,26,17,Normal
2026-02-16 23:35:24.345926,London-dd94,21,4,Normal
2026-02-16 23:35:25.345926,London-dd94,-28,79,Normal
2026-02-16 23:35:26.345926,London-dd94,20,21,Normal
2026-02-16 23:35:27.345926,London-dd94,-8,90,Normal
2026-02-16 23:35:28.345926,London-dd94,15,12,Normal
2026-02-16 23:35:29.345926,London-dd94,40,4,Normal
2026-02-16 23:35:30.345926,London-dd94,-1,84,Normal
2026-02-16 23:35:31.345926,London-dd94,9,96,Normal
2026-02-16 23:35:32.345926,London-dd94,7,96,Normal
2026-02-16 23:35:33.345926,London-dd94,14,91,Normal
2026-02-16 23:35:34.345926,London-dd94,0,64,Normal
2026-02-16 23:35:35.345926,London-dd94,44,62,Normal
2026-02-16 23:35:36.345926,London-dd94,40,11,Normal
2026-02-16 23:35:37.345926,London-dd94,3,35,Normal
2026-02-16 23:35:38.345926,London-dd94,48,22,Normal
2026-02-16 23:35:39.345926,London-dd94,-5,15,Normal
2026-02-16 23:35:40.345926,London-dd94,8,79,Normal
2026-02-16 23:35:41.345926,London-dd94,28,68,Normal
2026-02-16 23:35:42.345926,London-dd94,-7,87,Normal
2026-02-16 23:35:43.345926,London-dd94,-3,41,Normal
2026-02-16 23:35:44.345926,London-dd94,-3,22,Normal
2026-02-16 23:35:45.345926,London-dd94,-22,89,Normal
2026-02-16 23:35:46.345926,London-dd94,-1,90,Normal
