timestamp,station_id,temp,humid,condition
2026-02-15 17:23:33.748385,Tokyo-a144,-13,91,Normal
2026-02-15 17:23:34.748385,Tokyo-a144,-5,16,Normal
2026-02-15 17:23:35.748385,Tokyo-a144,-24,38,Normal
2026-02-15 17:23:36.748385,Tokyo-a144,3,84,Normal
2026-02-15 17:23:37.748385,Tokyo-a144,-6,13,Normal
2026-02-15 17:23:38.748385,Tokyo-a144,-17,0,Normal
2026-02-15 17:23:39.748385,Tokyo-a144,-18,71,Normal
2026-02-15 17:23:40.748385,Tokyo-a144,32,29,Normal
2026-02-15 17:23:41.748385,Tokyo-a144,4,62,Normal
2026-02-15 17:23:42.748385,Tokyo-a144,-11,97,Normal
2026-02-15 17:23:43.748385,Tokyo-a144,43,98,Normal
2026-02-15 17:23:44.748385,Tokyo-a144,44,41,Normal
2026-02-15 17:23:45.748385,Tokyo-a144,-26,99,Normal
2026-02-15 17:23:46.748385,Tokyo-a144,21,6,Normal
2026-02-15 17:23:47.748385,Tokyo-a144,18,53,Normal
2026-02-15 17:23:48.748385,Tokyo-a144,-24,18,Normal
2026-02-15 17:23:49.748385,Tokyo-a144,41,72,Normal
2026-02-15 17:23:50.748385,Tokyo-a144,28,99,Normal
2026-02-15 17:23:51.748385,Tokyo-a144,29,29,Normal
2026-02-15 17:23:52.748385,Tokyo-a144,-1,19,Normal
2026-02-15 17:23:53.748385,Tokyo-a144,-16,43,Normal
2026-02-15 17:23:54.748385,Tokyo-a144,48,97,Normal
2026-02-15 17:23:55.748385,Tokyo-a144,39,8,Normal
2026-02-15 17:23:56.748385,Tokyo-a144,-13,51,Normal
2026-02-15 17:23:57.748385,Tokyo-a144,12,12,Normal
2026-02-15 17:23:58.748385,Tokyo-a144,-3,77,Normal
2026-02-15 17:23:59.748385,Tokyo-a144,35,8,Normal
2026-02-15 17:24:00.748385,Tokyo-a144,-1,54,Normal
2026-02-15 17:24:01.748385,Tokyo-a144,48,50,Normal
2026-02-15 17:24:02.748385,Tokyo-a144,31,8,Normal
2026-02-15 17:24:03.748385,Tokyo-a144,-1,63,Normal
2026-02-15 17:24:04.748385,Tokyo-a144,-24,68,Normal
2026-02-15 17:24:05.748385,Tokyo-a144,-14,73,Normal
2026-02-15 17:24:06.748385,Tokyo-a144,10,55,Normal
2026-02-15 17:24:07.748385,Tokyo-a144,-19,42,Normal
2026-02-15 17:24:08.748385,Tokyo-a144,-24,82,Normal
2026-02-15 17:24:09.748385,Tokyo-a144,50,22,Normal
2026-02-15 17:24:10.748385,Tokyo-a144,-21,39,Normal
2026-02-15 17:24:11.748385,Tokyo-a144,-4,23,Normal
2026-02-15 17:24:12.748385,Tokyo-a144,35,35,Normal
2026-02-15 17:24:13.748385,Tokyo-a144,-28,31,Normal
2026-02-15 17:24:14.748385,Tokyo-a144,19,62,Normal
2026-02-15 17:24:15.748385,Tokyo-a144,23,68,Normal
2026-02-15 17:24:16.748385,Tokyo-a144,2,32,Normal
2026-02-15 17:24:17.748385,Tokyo-a144,14,89,Normal
2026-02-15 17:24:18.748385,Tokyo-a144,38,23,Normal
2026-02-15 17:24:19.748385,Tokyo-a144,-9,2,Normal
2026-02-15 17:24:20.748385,Tokyo-a144,-9,60,Normal
2026-02-15 17:24:21.748385,Tokyo-a144,48,45,Normal
2026-02-15 17:24:22.748385,Tokyo-a144,-12,44,Normal
2026-02-15 17:24:23.748385,Tokyo-a144,45,8,Normal
2026-02-15 17:24:24.748385,Tokyo-a144,11,56,Normal
2026-02-15 17:24:25.748385,Tokyo-a144,-6,1,Normal
2026-02-15 17:24:26.748385,Tokyo-a144,37,79,Normal
2026-02-15 17:24:27.748385,Tokyo-a144,47,59,Normal
2026-02-15 17:24:28.748385,Tokyo-a144,-14,56,Normal
2026-02-15 17:24:29.748385,Tokyo-a144,17,37,Normal
2026-02-15 17:24:30.748385,Tokyo-a144,-10,72,Normal
2026-02-15 17:24:31.748385,Tokyo-a144,41,15,Normal
2026-02-15 17:24:32.748385,Tokyo-a144,23,3,Normal
2026-02-15 17:24:33.748385,Tokyo-a144,-16,39,Normal
2026-02-15 17:24:34.748385,Tokyo-a144,32,58,Normal
2026-02-15 17:24:35.748385,Tokyo-a144,33,29,Normal
2026-02-15 17:24:36.748385,Tokyo-a144,-19,73,Normal
2026-02-15 17:24:37.748385,Tokyo-a144,-25,90,Normal
2026-02-15 17:24:38.748385,Tokyo-a144,44,47,Normal
2026-02-15 17:24:39.748385,Tokyo-a144,0,3,Normal
2026-02-15 17:24:40.748385,Tokyo-a144,-21,50,Normal
2026-02-15 17:24:41.748385,Tokyo-a144,25,30,Normal
2026-02-15 17:24:42.748385,Tokyo-a144,46,82,Normal
2026-02-15 17:24:43.748385,Tokyo-a144,10,35,Normal
2026-02-15 17:24:44.748385,Tokyo-a144,-26,51,Normal
2026-02-15 17:24:45.748385,Tokyo-a144,-28,100,Normal
2026-02-15 17:24:46.748385,Tokyo-a144,45,48,Normal
2026-02-15 17:24:47.748385,Tokyo-a144,-2,89,Normal
2026-02-15 17:24:48.748385,Tokyo-a144,16,90,Normal
2026-02-15 17:24:49.748385,Tokyo-a144,-4,38,Normal
2026-02-15 17:24:50.748385,Tokyo-a144,7,74,Normal
2026-02-15 17:24:51.748385,Tokyo-a144,10,85,Normal
2026-02-15 17:24:52.748385,Tokyo-a144,1,61,Normal
2026-02-15 17:24:53.748385,Tokyo-a144,18,52,Normal
2026-02-15 17:24:54.748385,Tokyo-a144,29,19,Normal
2026-02-15 17:24:55.748385,Tokyo-a144,21,46,Normal
2026-02-15 17:24:56.748385,Tokyo-a144,48,92,Normal
2026-02-15 17:24:57.748385,Tokyo-a144,7,36,Normal
2026-02-15 17:24:58.748385,Tokyo-a144,37,70,Normal
2026-02-15 17:24:59.748385,Tokyo-a144,-23,93,Normal
2026-02-15 17:25:00.748385,Tokyo-a144,-30,35,Normal
2026-02-15 17:25:01.748385,Tokyo-a144,-3,47,Normal
2026-02-15 17:25:02.748385,Tokyo-a144,10,69,Normal
2026-02-15 17:25:03.748385,Tokyo-a144,4,30,Normal
2026-02-15 17:25:04.748385,Tokyo-a144,49,86,Normal
2026-02-15 17:25:05.748385,Tokyo-a144,-22,61,Normal
2026-02-15 17:25:06.748385,Tokyo-a144,-3,83,Normal
2026-02-15 17:25:07.748385,Tokyo-a144,46,32,Normal
2026-02-15 17:25:08.748385,Tokyo-a144,47,89,Normal
2026-02-15 17:25:09.748385,Tokyo-a144,-25,30,Normal
2026-02-15 17:25:10.748385,Tokyo-a144,2,83,Normal
2026-02-15 17:25:11.748385,Tokyo-a144,48,96,Normal
2026-02-15 17:25:12.748385,Tokyo-a144,22,44,Normal
2026-02-15 17:25:13.748385,Tokyo-a144,-24,87,Normal
2026-02-15 17:25:14.748385,Tokyo-a144,12,73,Normal
2026-02-15 17:25:15.748385,Tokyo-a144,2,28,Normal
2026-02-15 17:25:16.748385,Tokyo-a144,48,28,Normal
2026-02-15 17:25:17.748385,Tokyo-a144,32,96,Normal
2026-02-15 17:25:18.748385,Tokyo-a144,-17,66,Normal
2026-02-15 17:25:19.748385,Tokyo-a144,27,17,Normal
2026-02-15 17:25:20.748385,Tokyo-a144,43,47,Normal
2026-02-15 17:25:21.748385,Tokyo-a144,-27,96,Normal
2026-02-15 17:25:22.748385,Tokyo-a144,35,77,Normal
2026-02-15 17:25:23.748385,Tokyo-a144,-28,11,Normal
2026-02-15 17:25:24.748385,Tokyo-a144,14,71,Normal
2026-02-15 17:25:25.748385,Tokyo-a144,-12,83,Normal
2026-02-15 17:25:26.748385,Tokyo-a144,12,12,Normal
2026-02-15 17:25:27.748385,Tokyo-a144,28,21,Normal
2026-02-15 17:25:28.748385,Tokyo-a144,-3,92,Normal
2026-02-15 17:25:29.748385,Tokyo-a144,43,57,Normal
2026-02-15 17:25:30.748385,Tokyo-a144,-13,80,Normal
2026-02-15 17:25:31.748385,Tokyo-a144,-22,64,Normal
2026-02-15 17:25:32.748385,Tokyo-a144,-7,54,Normal
2026-02-15 17:25:33.748385,Tokyo-a144,35,19,Normal
2026-02-15 17:25:34.748385,Tokyo-a144,-11,22,Normal
2026-02-15 17:25:35.748385,Tokyo-a144,10,48,Normal
2026-02-15 17:25:36.748385,Tokyo-a144,-25,99,Normal
2026-02-15 17:25:37.748385,Tokyo-a144,11,61,Normal
2026-02-15 17:25:38.748385,Tokyo-a144,24,51,Normal
2026-02-15 17:25:39.748385,Tokyo-a144,4,23,Normal
2026-02-15 17:25:40.748385,Tokyo-a144,33,35,Normal
2026-02-15 17:25:41.748385,Tokyo-a144,6,53,Normal
2026-02-15 17:25:42.748385,Tokyo-a144,-27,100,Normal
2026-02-15 17:25:43.748385,Tokyo-a144,-17,3,Normal
2026-02-15 17:25:44.748385,Tokyo-a144,27,16,Normal
2026-02-15 17:25:45.748385,Tokyo-a144,19,48,Normal
2026-02-15 17:25:46.748385,Tokyo-a144,-15,57,Normal
2026-02-15 17:25:47.748385,Tokyo-a144,-18,96,Normal
2026-02-15 17:25:48.748385,Tokyo-a144,-24,24,Normal
2026-02-15 17:25:49.748385,Tokyo-a144,-22,79,Normal
2026-02-15 17:25:50.748385,Tokyo-a144,-13,44,Normal
2026-02-15 17:25:51.748385,Tokyo-a144,49,15,Normal
2026-02-15 17:25:52.748385,Tokyo-a144,50,53,Normal
2026-02-15 17:25:53.748385,Tokyo-a144,35,72,Normal
2026-02-15 17:25:54.748385,Tokyo-a144,4,42,Normal
2026-02-15 17:25:55.748385,Tokyo-a144,-10,94,Normal
2026-02-15 17:25:56.748385,Tokyo-a144,17,77,Normal
2026-02-15 17:25:57.748385,Tokyo-a144,-16,8,Normal
2026-02-15 17:25:58.748385,Tokyo-a144,34,71,Normal
2026-02-15 17:25:59.748385,Tokyo-a144,44,88,Normal
2026-02-15 17:26:00.748385,Tokyo-a144,-12,69,Normal
2026-02-15 17:26:01.748385,Tokyo-a144,46,82,Normal
2026-02-15 17:26:02.748385,Tokyo-a144,19,1,Normal
2026-02-15 17:26:03.748385,Tokyo-a144,20,13,Normal
2026-02-15 17:26:04.748385,Tokyo-a144,11,59,Normal
2026-02-15 17:26:05.748385,Tokyo-a144,22,58,Normal
2026-02-15 17:26:06.748385,Tokyo-a144,5,9,Normal
2026-02-15 17:26:07.748385,Tokyo-a144,39,46,Normal
2026-02-15 17:26:08.748385,Tokyo-a144,37,7,Normal
2026-02-15 17:26:09.748385,Tokyo-a144,38,98,Normal
2026-02-15 17:26:10.748385,Tokyo-a144,28,0,Normal
2026-02-15 17:26:11.748385,Tokyo-a144,-25,18,Normal
2026-02-15 17:26:12.748385,Tokyo-a144,16,35,Normal
2026-02-15 17:26:13.748385,Tokyo-a144,-14,84,Normal
2026-02-15 17:26:14.748385,Tokyo-a144,49,89,Normal
2026-02-15 17:26:15.748385,Tokyo-a144,31,6,Normal
2026-02-15 17:26:16.748385,Tokyo-a144,20,43,Normal
2026-02-15 17:26:17.748385,Tokyo-a144,43,7,Normal
2026-02-15 17:26:18.748385,Tokyo-a144,-23,83,Normal
2026-02-15 17:26:19.748385,Tokyo-a144,30,44,Normal
2026-02-15 17:26:20.748385,Tokyo-a144,-13,42,Normal
2026-02-15 17:26:21.748385,Tokyo-a144,0,79,Normal
2026-02-15 17:26:22.748385,Tokyo-a144,-17,41,Normal
2026-02-15 17:26:23.748385,Tokyo-a144,3,54,Normal
2026-02-15 17:26:24.748385,Tokyo-a144,27,100,Normal
2026-02-15 17:26:25.748385,Tokyo-a144,37,22,Normal
2026-02-15 17:26:26.748385,Tokyo-a144,-18,25,Normal
2026-02-15 17:26:27.748385,Tokyo-a144,-28,57,Normal
2026-02-15 17:26:28.748385,Tokyo-a144,-14,28,Normal
2026-02-15 17:26:29.748385,Tokyo-a144,26,86,Normal
2026-02-15 17:26:30.748385,Tokyo-a144,-22,66,Normal
2026-02-15 17:26:31.748385,Tokyo-a144,-18,76,Normal
2026-02-15 17:26:32.748385,Tokyo-a144,13,69,Normal
2026-02-15 17:26:33.748385,Tokyo-a144,31,20,Normal
2026-02-15 17:26:34.748385,Tokyo-a144,-5,45,Normal
2026-02-15 17:26:35.748385,Tokyo-a144,11,21,Normal
2026-02-15 17:26:36.748385,Tokyo-a144,21,11,Normal
2026-02-15 17:26:37.748385,Tokyo-a144,5,27,Normal
2026-02-15 17:26:38.748385,Tokyo-a144,12,9,Normal
2026-02-15 17:26:39.748385,Tokyo-a144,26,48,Normal
2026-02-15 17:26:40.748385,Tokyo-a144,22,21,Normal
2026-02-15 17:26:41.748385,Tokyo-a144,50,34,Normal
2026-02-15 17:26:42.748385,Tokyo-a144,-1,75,Normal
2026-02-15 17:26:43.748385,Tokyo-a144,-2,81,Normal
2026-02-15 17:26:44.748385,Tokyo-a144,-15,78,Normal
2026-02-15 17:26:45.748385,Tokyo-a144,45,99,Normal
2026-02-15 17:26:46.748385,Tokyo-a144,-19,40,Normal
2026-02-15 17:26:47.748385,Tokyo-a144,-26,91,Normal
2026-02-15 17:26:48.748385,Tokyo-a144,-14,59,Normal
2026-02-15 17:26:49.748385,Tokyo-a144,15,50,Normal
2026-02-15 17:26:50.748385,Tokyo-a144,-10,46,Normal
2026-02-15 17:26:51.748385,Tokyo-a144,25,100,Normal
2026-02-15 17:26:52.748385,Tokyo-a144,-11,98,Normal
2026-02-15 17:26:53.748385,Tokyo-a144,26,46,Normal
2026-02-15 17:26:54.748385,Tokyo-a144,30,93,Normal
2026-02-15 17:26:55.748385,Tokyo-a144,-27,64,Normal
2026-02-15 17:26:56.748385,Tokyo-a144,46,29,Normal
2026-02-15 17:26:57.748385,Tokyo-a144,38,92,Normal
2026-02-15 17:26:58.748385,Tokyo-a144,16,43,Normal
2026-02-15 17:26:59.748385,Tokyo-a144,31,76,Normal
2026-02-15 17:27:00.748385,Tokyo-a144,1,35,Normal
2026-02-15 17:27:01.748385,Tokyo-a144,-30,23,Normal
2026-02-15 17:27:02.748385,Tokyo-a144,24,39,Normal
2026-02-15 17:27:03.748385,Tokyo-a144,-17,57,Normal
2026-02-15 17:27:04.748385,Tokyo-a144,-9,39,Normal
2026-02-15 17:27:05.748385,Tokyo-a144,27,86,Normal
2026-02-15 17:27:06.748385,Tokyo-a144,15,92,Normal
2026-02-15 17:27:07.748385,Tokyo-a144,20,9,Normal
2026-02-15 17:27:08.748385,Tokyo-a144,22,44,Normal
2026-02-15 17:27:09.748385,Tokyo-a144,-20,99,Normal
2026-02-15 17:27:10.748385,Tokyo-a144,3,84,Normal
2026-02-15 17:27:11.748385,Tokyo-a144,6,46,Normal
2026-02-15 17:27:12.748385,Tokyo-a144,37,81,Normal
2026-02-15 17:27:13.748385,Tokyo-a144,40,38,Normal
2026-02-15 17:27:14.748385,Tokyo-a144,4,100,Normal
2026-02-15 17:27:15.748385,Tokyo-a144,7,50,Normal
2026-02-15 17:27:16.748385,Tokyo-a144,17,31,Normal
2026-02-15 17:27:17.748385,Tokyo-a144,39,35,Normal
2026-02-15 17:27:18.748385,Tokyo-a144,43,23,Normal
2026-02-15 17:27:19.748385,Tokyo-a144,-5,94,Normal
2026-02-15 17:27:20.748385,Tokyo-a144,-8,98,Normal
2026-02-15 17:27:21.748385,Tokyo-a144,-27,66,Normal
2026-02-15 17:27:22.748385,Tokyo-a144,21,22,Normal
2026-02-15 17:27:23.748385,Tokyo-a144,41,8,Normal
2026-02-15 17:27:24.748385,Tokyo-a144,25,20,Normal
2026-02-15 17:27:25.748385,Tokyo-a144,36,36,Normal
2026-02-15 17:27:26.748385,Tokyo-a144,26,6,Normal
2026-02-15 17:27:27.748385,Tokyo-a144,-7,27,Normal
2026-02-15 17:27:28.748385,Tokyo-a144,18,44,Normal
2026-02-15 17:27:29.748385,Tokyo-a144,1,5,Normal
2026-02-15 17:27:30.748385,Tokyo-a144,31,79,Normal
2026-02-15 17:27:31.748385,Tokyo-a144,18,75,Normal
2026-02-15 17:27:32.748385,Tokyo-a144,-1,61,Normal
2026-02-15 17:27:33.748385,Tokyo-a144,6,92,Normal
2026-02-15 17:27:34.748385,Tokyo-a144,-27,2,Normal
2026-02-15 17:27:35.748385,Tokyo-a144,36,95,Normal
2026-02-15 17:27:36.748385,Tokyo-a144,34,27,Normal
2026-02-15 17:27:37.748385,Tokyo-a144,11,36,Normal
2026-02-15 17:27:38.748385,Tokyo-a144,9,27,Normal
2026-02-15 17:27:39.748385,Tokyo-a144,28,83,Normal
2026-02-15 17:27:40.748385,Tokyo-a144,19,24,Normal
2026-02-15 17:27:41.748385,Tokyo-a144,-27,48,Normal
2026-02-15 17:27:42.748385,Tokyo-a144,18,48,Normal
2026-02-15 17:27:43.748385,Tokyo-a144,45,61,Normal
2026-02-15 17:27:44.748385,Tokyo-a144,34,57,Normal
2026-02-15 17:27:45.748385,Tokyo-a144,2,25,Normal
2026-02-15 17:27:46.748385,Tokyo-a144,-10,54,Normal
2026-02-15 17:27:47.748385,Tokyo-a144,-17,75,Normal
2026-02-15 17:27:48.748385,Tokyo-a144,8,83,Normal
2026-02-15 17:27:49.748385,Tokyo-a144,32,4,Normal
2026-02-15 17:27:50.748385,Tokyo-a144,37,98,Normal
2026-02-15 17:27:51.748385,Tokyo-a144,-20,100,Normal
2026-02-15 17:27:52.748385,Tokyo-a144,-20,35,Normal
2026-02-15 17:27:53.748385,Tokyo-a144,44,20,Normal
2026-02-15 17:27:54.748385,Tokyo-a144,47,71,Normal
2026-02-15 17:27:55.748385,Tokyo-a144,3,43,Normal
2026-02-15 17:27:56.748385,Tokyo-a144,31,56,Normal
2026-02-15 17:27:57.748385,Tokyo-a144,-8,19,Normal
2026-02-15 17:27:58.748385,Tokyo-a144,16,30,Normal
2026-02-15 17:27:59.748385,Tokyo-a144,9,9,Normal
2026-02-15 17:28:00.748385,Tokyo-a144,0,10,Normal
2026-02-15 17:28:01.748385,Tokyo-a144,2,74,Normal
2026-02-15 17:28:02.748385,Tokyo-a144,10,6,Normal
2026-02-15 17:28:03.748385,Tokyo-a144,10,20,Normal
2026-02-15 17:28:04.748385,Tokyo-a144,28,35,Normal
2026-02-15 17:28:05.748385,Tokyo-a144,18,12,Normal
2026-02-15 17:28:06.748385,Tokyo-a144,2,31,Normal
2026-02-15 17:28:07.748385,Tokyo-a144,50,37,Normal
2026-02-15 17:28:08.748385,Tokyo-a144,-11,79,Normal
2026-02-15 17:28:09.748385,Tokyo-a144,27,31,Normal
2026-02-15 17:28:10.748385,Tokyo-a144,-28,91,Normal
2026-02-15 17:28:11.748385,Tokyo-a144,21,93,Normal
2026-02-15 17:28:12.748385,Tokyo-a144,-2,70,Normal
2026-02-15 17:28:13.748385,Tokyo-a144,7,84,Normal
2026-02-15 17:28:14.748385,Tokyo-a144,25,65,Normal
2026-02-15 17:28:15.748385,Tokyo-a144,4,78,Normal
2026-02-15 17:28:16.748385,Tokyo-a144,5,89,Normal
2026-02-15 17:28:17.748385,Tokyo-a144,-25,81,Normal
2026-02-15 17:28:18.748385,Tokyo-a144,-3,38,Normal
2026-02-15 17:28:19.748385,Tokyo-a144,9,88,Normal
2026-02-15 17:28:20.748385,Tokyo-a144,-13,55,Normal
2026-02-15 17:28:21.748385,Tokyo-a144,9,91,Normal
2026-02-15 17:28:22.748385,Tokyo-a144,38,65,Normal
2026-02-15 17:28:23.748385,Tokyo-a144,2,99,Normal
2026-02-15 17:28:24.748385,Tokyo-a144,46,26,Normal
2026-02-15 17:28:25.748385,Tokyo-a144,-24,4,Normal
2026-02-15 17:28:26.748385,Tokyo-a144,22,68,Normal
2026-02-15 17:28:27.748385,Tokyo-a144,24,47,Normal
2026-02-15 17:28:28.748385,Tokyo-a144,50,0,Normal
2026-02-15 17:28:29.748385,Tokyo-a144,40,59,Normal
2026-02-15 17:28:30.748385,Tokyo-a144,-25,28,Normal
2026-02-15 17:28:31.748385,Tokyo-a144,1,17,Normal
2026-02-15 17:28:32.748385,Tokyo-a144,43,75,Normal
2026-02-15 17:28:33.748385,Tokyo-a144,4,58,Normal
2026-02-15 17:28:34.748385,Tokyo-a144,8,83,Normal
2026-02-15 17:28:35.748385,Tokyo-a144,11,95,Normal
2026-02-15 17:28:36.748385,Tokyo-a144,40,3,Normal
2026-02-15 17:28:37.748385,Tokyo-a144,-2,46,Normal
2026-02-15 17:28:38.748385,Tokyo-a144,32,91,Normal
2026-02-15 17:28:39.748385,Tokyo-a144,12,94,Normal
2026-02-15 17:28:40.748385,Tokyo-a144,11,54,Normal
2026-02-15 17:28:41.748385,Tokyo-a144,-27,45,Normal
2026-02-15 17:28:42.748385,Tokyo-a144,42,77,Normal
2026-02-15 17:28:43.748385,Tokyo-a144,-29,100,Normal
2026-02-15 17:28:44.748385,Tokyo-a144,-21,88,Normal
2026-02-15 17:28:45.748385,Tokyo-a144,9,72,Normal
2026-02-15 17:28:46.748385,Tokyo-a144,13,49,Normal
2026-02-15 17:28:47.748385,Tokyo-a144,19,51,Normal
2026-02-15 17:28:48.748385,Tokyo-a144,33,20,Normal
2026-02-15 17:28:49.748385,Tokyo-a144,-12,10,Normal
2026-02-15 17:28:50.748385,Tokyo-a144,28,5,Normal
2026-02-15 17:28:51.748385,Tokyo-a144,-26,89,Normal
2026-02-15 17:28:52.748385,Tokyo-a144,15,85,Normal
2026-02-15 17:28:53.748385,Tokyo-a144,36,81,Normal
2026-02-15 17:28:54.748385,Tokyo-a144,49,21,Normal
2026-02-15 17:28:55.748385,Tokyo-a144,30,100,Normal
2026-02-15 17:28:56.748385,Tokyo-a144,-7,79,Normal
2026-02-15 17:28:57.748385,Tokyo-a144,41,16,Normal
2026-02-15 17:28:58.748385,Tokyo-a144,-16,17,Normal
2026-02-15 17:28:59.748385,Tokyo-a144,15,44,Normal
2026-02-15 17:29:00.748385,Tokyo-a144,-23,57,Normal
2026-02-15 17:29:01.748385,Tokyo-a144,29,18,Normal
2026-02-15 17:29:02.748385,Tokyo-a144,16,68,Normal
2026-02-15 17:29:03.748385,Tokyo-a144,-3,86,Normal
2026-02-15 17:29:04.748385,Tokyo-a144,30,48,Normal
2026-02-15 17:29:05.748385,Tokyo-a144,16,62,Normal
2026-02-15 17:29:06.748385,Tokyo-a144,-30,43,Normal
2026-02-15 17:29:07.748385,Tokyo-a144,-4,3,Normal
2026-02-15 17:29:08.748385,Tokyo-a144,31,19,Normal
2026-02-15 17:29:09.748385,Tokyo-a144,2,87,Normal
2026-02-15 17:29:10.748385,Tokyo-a144,17,50,Normal
2026-02-15 17:29:11.748385,Tokyo-a144,0,51,Normal
2026-02-15 17:29:12.748385,Tokyo-a144,22,48,Normal
2026-02-15 17:29:13.748385,Tokyo-a144,33,98,Normal
2026-02-15 17:29:14.748385,Tokyo-a144,-20,45,Normal
2026-02-15 17:29:15.748385,Tokyo-a144,-10,11,Normal
2026-02-15 17:29:16.748385,Tokyo-a144,-1,83,Normal
2026-02-15 17:29:17.748385,Tokyo-a144,-19,35,Normal
2026-02-15 17:29:18.748385,Tokyo-a144,-9,36,Normal
2026-02-15 17:29:19.748385,Tokyo-a144,-23,99,Normal
2026-02-15 17:29:20.748385,Tokyo-a144,-13,45,Normal
2026-02-15 17:29:21.748385,Tokyo-a144,37,19,Normal
2026-02-15 17:29:22.748385,Tokyo-a144,-6,76,Normal
2026-02-15 17:29:23.748385,Tokyo-a144,7,49,Normal
2026-02-15 17:29:24.748385,Tokyo-a144,2,11,Normal
2026-02-15 17:29:25.748385,Tokyo-a144,37,6,Normal
2026-02-15 17:29:26.748385,Tokyo-a144,26,69,Normal
2026-02-15 17:29:27.748385,Tokyo-a144,-7,27,Normal
2026-02-15 17:29:28.748385,Tokyo-a144,17,70,Normal
2026-02-15 17:29:29.748385,Tokyo-a144,22,86,Normal
2026-02-15 17:29:30.748385,Tokyo-a144,15,21,Normal
2026-02-15 17:29:31.748385,Tokyo-a144,21,74,Normal
2026-02-15 17:29:32.748385,Tokyo-a144,-25,61,Normal
2026-02-15 17:29:33.748385,Tokyo-a144,-4,48,Normal
2026-02-15 17:29:34.748385,Tokyo-a144,3,19,Normal
2026-02-15 17:29:35.748385,Tokyo-a144,33,6,Normal
2026-02-15 17:29:36.748385,Tokyo-a144,45,30,Normal
2026-02-15 17:29:37.748385,Tokyo-a144,-27,7,Normal
2026-02-15 17:29:38.748385,Tokyo-a144,32,25,Normal
2026-02-15 17:29:39.748385,Tokyo-a144,33,2,Normal
2026-02-15 17:29:40.748385,Tokyo-a144,-16,83,Normal
2026-02-15 17:29:41.748385,Tokyo-a144,39,33,Normal
2026-02-15 17:29:42.748385,Tokyo-a144,-16,21,Normal
2026-02-15 17:29:43.748385,Tokyo-a144,-28,92,Normal
2026-02-15 17:29:44.748385,Tokyo-a144,47,71,Normal
2026-02-15 17:29:45.748385,Tokyo-a144,36,73,Normal
2026-02-15 17:29:46.748385,Tokyo-a144,12,14,Normal
2026-02-15 17:29:47.748385,Tokyo-a144,10,27,Normal
2026-02-15 17:29:48.748385,Tokyo-a144,-11,54,Normal
2026-02-15 17:29:49.748385,Tokyo-a144,50,77,Normal
2026-02-15 17:29:50.748385,Tokyo-a144,39,90,Normal
2026-02-15 17:29:51.748385,Tokyo-a144,36,30,Normal
2026-02-15 17:29:52.748385,Tokyo-a144,-2,88,Normal
2026-02-15 17:29:53.748385,Tokyo-a144,23,28,Normal
2026-02-15 17:29:54.748385,Tokyo-a144,27,15,Normal
2026-02-15 17:29:55.748385,Tokyo-a144,11,37,Normal
2026-02-15 17:29:56.748385,Tokyo-a144,-30,40,Normal
2026-02-15 17:29:57.748385,Tokyo-a144,44,18,Normal
2026-02-15 17:29:58.748385,Tokyo-a144,43,29,Normal
2026-02-15 17:29:59.748385,Tokyo-a144,29,1,Normal
2026-02-15 17:30:00.748385,Tokyo-a144,46,54,Normal
2026-02-15 17:30:01.748385,Tokyo-a144,-4,43,Normal
2026-02-15 17:30:02.748385,Tokyo-a144,-22,87,Normal
2026-02-15 17:30:03.748385,Tokyo-a144,50,89,Normal
2026-02-15 17:30:04.748385,Tokyo-a144,6,62,Normal
2026-02-15 17:30:05.748385,Tokyo-a144,45,71,Normal
2026-02-15 17:30:06.748385,Tokyo-a144,20,47,Normal
2026-02-15 17:30:07.748385,Tokyo-a144,19,14,Normal
2026-02-15 17:30:08.748385,Tokyo-a144,4,92,Normal
2026-02-15 17:30:09.748385,Tokyo-a144,36,68,Normal
2026-02-15 17:30:10.748385,Tokyo-a144,-28,64,Normal
2026-02-15 17:30:11.748385,Tokyo-a144,2,73,Normal
2026-02-15 17:30:12.748385,Tokyo-a144,41,55,Normal
2026-02-15 17:30:13.748385,Tokyo-a144,46,73,Normal
2026-02-15 17:30:14.748385,Tokyo-a144,-29,56,Normal
2026-02-15 17:30:15.748385,Tokyo-a144,39,51,Normal
2026-02-15 17:30:16.748385,Tokyo-a144,-29,52,Normal
2026-02-15 17:30:17.748385,Tokyo-a144,31,86,Normal
2026-02-15 17:30:18.748385,Tokyo-a144,35,35,Normal
2026-02-15 17:30:19.748385,Tokyo-a144,6,85,Normal
2026-02-15 17:30:20.748385,Tokyo-a144,43,89,Normal
2026-02-15 17:30:21.748385,Tokyo-a144,-10,33,Normal
2026-02-15 17:30:22.748385,Tokyo-a144,8,50,Normal
2026-02-15 17:30:23.748385,Tokyo-a144,48,50,Normal
2026-02-15 17:30:24.748385,Tokyo-a144,21,14,Normal
2026-02-15 17:30:25.748385,Tokyo-a144,14,71,Normal
2026-02-15 17:30:26.748385,Tokyo-a144,-21,20,Normal
2026-02-15 17:30:27.748385,Tokyo-a144,42,66,Normal
2026-02-15 17:30:28.748385,Tokyo-a144,-24,88,Normal
2026-02-15 17:30:29.748385,Tokyo-a144,18,77,Normal
2026-02-15 17:30:30.748385,Tokyo-a144,-26,61,Normal
2026-02-15 17:30:31.748385,Tokyo-a144,50,53,Normal
2026-02-15 17:30:32.748385,Tokyo-a144,-11,48,Normal
2026-02-15 17:30:33.748385,Tokyo-a144,-8,31,Normal
2026-02-15 17:30:34.748385,Tokyo-a144,-15,25,Normal
2026-02-15 17:30:35.748385,Tokyo-a144,-26,12,Normal
2026-02-15 17:30:36.748385,Tokyo-a144,-28,97,Normal
2026-02-15 17:30:37.748385,Tokyo-a144,47,57,Normal
2026-02-15 17:30:38.748385,Tokyo-a144,50,19,Normal
2026-02-15 17:30:39.748385,Tokyo-a144,17,88,Normal
2026-02-15 17:30:40.748385,Tokyo-a144,38,14,Normal
2026-02-15 17:30:41.748385,Tokyo-a144,14,69,Normal
2026-02-15 17:30:42.748385,Tokyo-a144,48,29,Normal
2026-02-15 17:30:43.748385,Tokyo-a144,-4,86,Normal
2026-02-15 17:30:44.748385,Tokyo-a144,2,3,Normal
2026-02-15 17:30:45.748385,Tokyo-a144,30,74,Normal
2026-02-15 17:30:46.748385,Tokyo-a144,-9,76,Normal
2026-02-15 17:30:47.748385,Tokyo-a144,23,50,Normal
2026-02-15 17:30:48.748385,Tokyo-a144,-30,21,Normal
2026-02-15 17:30:49.748385,Tokyo-a144,46,81,Normal
2026-02-15 17:30:50.748385,Tokyo-a144,-22,6,Normal
2026-02-15 17:30:51.748385,Tokyo-a144,9,19,Normal
2026-02-15 17:30:52.748385,Tokyo-a144,-30,72,Normal
2026-02-15 17:30:53.748385,Tokyo-a144,-5,9,Normal
2026-02-15 17:30:54.748385,Tokyo-a144,-9,40,Normal
2026-02-15 17:30:55.748385,Tokyo-a144,-28,1,Normal
2026-02-15 17:30:56.748385,Tokyo-a144,36,30,Normal
2026-02-15 17:30:57.748385,Tokyo-a144,-20,38,Normal
2026-02-15 17:30:58.748385,Tokyo-a144,14,66,Normal
2026-02-15 17:30:59.748385,Tokyo-a144,-14,30,Normal
2026-02-15 17:31:00.748385,Tokyo-a144,-18,91,Normal
2026-02-15 17:31:01.748385,Tokyo-a144,-13,69,Normal
2026-02-15 17:31:02.748385,Tokyo-a144,-23,53,Normal
2026-02-15 17:31:03.748385,Tokyo-a144,15,57,Normal
2026-02-15 17:31:04.748385,Tokyo-a144,22,18,Normal
2026-02-15 17:31:05.748385,Tokyo-a144,50,66,Normal
2026-02-15 17:31:06.748385,Tokyo-a144,34,0,Normal
2026-02-15 17:31:07.748385,Tokyo-a144,19,13,Normal
2026-02-15 17:31:08.748385,Tokyo-a144,-28,39,Normal
2026-02-15 17:31:09.748385,Tokyo-a144,-27,97,Normal
2026-02-15 17:31:10.748385,Tokyo-a144,-1,25,Normal
2026-02-15 17:31:11.748385,Tokyo-a144,22,83,Normal
2026-02-15 17:31:12.748385,Tokyo-a144,45,60,Normal
2026-02-15 17:31:13.748385,Tokyo-a144,-13,88,Normal
2026-02-15 17:31:14.748385,Tokyo-a144,32,49,Normal
2026-02-15 17:31:15.748385,Tokyo-a144,3,68,Normal
2026-02-15 17:31:16.748385,Tokyo-a144,12,2,Normal
2026-02-15 17:31:17.748385,Tokyo-a144,-23,41,Normal
2026-02-15 17:31:18.748385,Tokyo-a144,-21,94,Normal
2026-02-15 17:31:19.748385,Tokyo-a144,27,11,Normal
2026-02-15 17:31:20.748385,Tokyo-a144,-10,76,Normal
2026-02-15 17:31:21.748385,Tokyo-a144,-23,76,Normal
2026-02-15 17:31:22.748385,Tokyo-a144,-11,12,Normal
2026-02-15 17:31:23.748385,Tokyo-a144,25,54,Normal
2026-02-15 17:31:24.748385,Tokyo-a144,27,56,Normal
2026-02-15 17:31:25.748385,Tokyo-a144,27,1,Normal
2026-02-15 17:31:26.748385,Tokyo-a144,30,49,Normal
2026-02-15 17:31:27.748385,Tokyo-a144,38,60,Normal
2026-02-15 17:31:28.748385,Tokyo-a144,-23,17,Normal
2026-02-15 17:31:29.748385,Tokyo-a144,-6,69,Normal
2026-02-15 17:31:30.748385,Tokyo-a144,-8,99,Normal
2026-02-15 17:31:31.748385,Tokyo-a144,49,31,Normal
2026-02-15 17:31:32.748385,Tokyo-a144,27,60,Normal
2026-02-15 17:31:33.748385,Tokyo-a144,-11,82,Normal
2026-02-15 17:31:34.748385,Tokyo-a144,-14,29,Normal
2026-02-15 17:31:35.748385,Tokyo-a144,39,0,Normal
2026-02-15 17:31:36.748385,Tokyo-a144,24,86,Normal
2026-02-15 17:31:37.748385,Tokyo-a144,-7,91,Normal
2026-02-15 17:31:38.748385,Tokyo-a144,-27,61,Normal
2026-02-15 17:31:39.748385,Tokyo-a144,46,36,Normal
2026-02-15 17:31:40.748385,Tokyo-a144,-17,68,Normal
2026-02-15 17:31:41.748385,Tokyo-a144,4,64,Normal
2026-02-15 17:31:42.748385,Tokyo-a144,11,96,Normal
2026-02-15 17:31:43.748385,Tokyo-a144,11,28,Normal
2026-02-15 17:31:44.748385,Tokyo-a144,20,82,Normal
2026-02-15 17:31:45.748385,Tokyo-a144,-17,3,Normal
2026-02-15 17:31:46.748385,Tokyo-a144,-21,32,Normal
2026-02-15 17:31:47.748385,Tokyo-a144,-14,39,Normal
2026-02-15 17:31:48.748385,Tokyo-a144,41,92,Normal
2026-02-15 17:31:49.748385,Tokyo-a144,27,25,Normal
2026-02-15 17:31:50.748385,Tokyo-a144,28,75,Normal
2026-02-15 17:31:51.748385,Tokyo-a144,32,45,Normal
2026-02-15 17:31:52.748385,Tokyo-a144,28,7,Normal
2026-02-15 17:31:53.748385,Tokyo-a144,-9,21,Normal
2026-02-15 17:31:54.748385,Tokyo-a144,-1,34,Normal
2026-02-15 17:31:55.748385,Tokyo-a144,43,67,Normal
2026-02-15 17:31:56.748385,Tokyo-a144,29,81,Normal
2026-02-15 17:31:57.748385,Tokyo-a144,18,16,Normal
2026-02-15 17:31:58.748385,Tokyo-a144,-8,48,Normal
2026-02-15 17:31:59.748385,Tokyo-a144,46,88,Normal
2026-02-15 17:32:00.748385,Tokyo-a144,48,69,Normal
2026-02-15 17:32:01.748385,Tokyo-a144,26,68,Normal
2026-02-15 17:32:02.748385,Tokyo-a144,41,43,Normal
2026-02-15 17:32:03.748385,Tokyo-a144,41,41,Normal
2026-02-15 17:32:04.748385,Tokyo-a144,47,44,Normal
2026-02-15 17:32:05.748385,Tokyo-a144,22,43,Normal
2026-02-15 17:32:06.748385,Tokyo-a144,-28,67,Normal
2026-02-15 17:32:07.748385,Tokyo-a144,17,42,Normal
2026-02-15 17:32:08.748385,Tokyo-a144,8,80,Normal
2026-02-15 17:32:09.748385,Tokyo-a144,24,75,Normal
2026-02-15 17:32:10.748385,Tokyo-a144,20,2,Normal
2026-02-15 17:32:11.748385,Tokyo-a144,8,40,Normal
2026-02-15 17:32:12.748385,Tokyo-a144,22,93,Normal
2026-02-15 17:32:13.748385,Tokyo-a144,48,41,Normal
2026-02-15 17:32:14.748385,Tokyo-a144,23,5,Normal
2026-02-15 17:32:15.748385,Tokyo-a144,13,65,Normal
2026-02-15 17:32:16.748385,Tokyo-a144,44,62,Normal
2026-02-15 17:32:17.748385,Tokyo-a144,26,44,Normal
2026-02-15 17:32:18.748385,Tokyo-a144,24,11,Normal
2026-02-15 17:32:19.748385,Tokyo-a144,24,72,Normal
2026-02-15 17:32:20.748385,Tokyo-a144,-26,77,Normal
2026-02-15 17:32:21.748385,Tokyo-a144,-13,87,Normal
2026-02-15 17:32:22.748385,Tokyo-a144,-4,63,Normal
2026-02-15 17:32:23.748385,Tokyo-a144,9,88,Normal
2026-02-15 17:32:24.748385,Tokyo-a144,-5,3,Normal
2026-02-15 17:32:25.748385,Tokyo-a144,-5,70,Normal
2026-02-15 17:32:26.748385,Tokyo-a144,-1,45,Normal
2026-02-15 17:32:27.748385,Tokyo-a144,29,100,Normal
2026-02-15 17:32:28.748385,Tokyo-a144,-4,56,Normal
2026-02-15 17:32:29.748385,Tokyo-a144,-29,10,Normal
2026-02-15 17:32:30.748385,Tokyo-a144,28,7,Normal
2026-02-15 17:32:31.748385,Tokyo-a144,-30,18,Normal
2026-02-15 17:32:32.748385,Tokyo-a144,-24,0,Normal
2026-02-15 17:32:33.748385,Tokyo-a144,13,35,Normal
2026-02-15 17:32:34.748385,Tokyo-a144,26,77,Normal
2026-02-15 17:32:35.748385,Tokyo-a144,41,42,Normal
2026-02-15 17:32:36.748385,Tokyo-a144,8,54,Normal
2026-02-15 17:32:37.748385,Tokyo-a144,-14,100,Normal
2026-02-15 17:32:38.748385,Tokyo-a144,-28,46,Normal
2026-02-15 17:32:39.748385,Tokyo-a144,27,97,Normal
2026-02-15 17:32:40.748385,Tokyo-a144,10,53,Normal
2026-02-15 17:32:41.748385,Tokyo-a144,50,82,Normal
2026-02-15 17:32:42.748385,Tokyo-a144,-19,81,Normal
2026-02-15 17:32:43.748385,Tokyo-a144,30,64,Normal
2026-02-15 17:32:44.748385,Tokyo-a144,6,83,Normal
2026-02-15 17:32:45.748385,Tokyo-a144,21,76,Normal
2026-02-15 17:32:46.748385,Tokyo-a144,31,94,Normal
2026-02-15 17:32:47.748385,Tokyo-a144,0,92,Normal
2026-02-15 17:32:48.748385,Tokyo-a144,19,52,Normal
2026-02-15 17:32:49.748385,Tokyo-a144,16,59,Normal
2026-02-15 17:32:50.748385,Tokyo-a144,48,17,Normal
2026-02-15 17:32:51.748385,Tokyo-a144,50,19,Normal
2026-02-15 17:32:52.748385,Tokyo-a144,18,28,Normal
2026-02-15 17:32:53.748385,Tokyo-a144,25,6,Normal
2026-02-15 17:32:54.748385,Tokyo-a144,-23,18,Normal
2026-02-15 17:32:55.748385,Tokyo-a144,40,42,Normal
2026-02-15 17:32:56.748385,Tokyo-a144,-15,41,Normal
2026-02-15 17:32:57.748385,Tokyo-a144,36,14,Normal
2026-02-15 17:32:58.748385,Tokyo-a144,18,6,Normal
2026-02-15 17:32:59.748385,Tokyo-a144,12,89,Normal
2026-02-15 17:33:00.748385,Tokyo-a144,23,10,Normal
2026-02-15 17:33:01.748385,Tokyo-a144,-16,37,Normal
2026-02-15 17:33:02.748385,Tokyo-a144,11,65,Normal
2026-02-15 17:33:03.748385,Tokyo-a144,46,9,Normal
2026-02-15 17:33:04.748385,Tokyo-a144,21,62,Normal
2026-02-15 17:33:05.748385,Tokyo-a144,41,27,Normal
2026-02-15 17:33:06.748385,Tokyo-a144,-13,78,Normal
2026-02-15 17:33:07.748385,Tokyo-a144,20,93,Normal
2026-02-15 17:33:08.748385,Tokyo-a144,8,32,Normal
2026-02-15 17:33:09.748385,Tokyo-a144,-11,20,Normal
2026-02-15 17:33:10.748385,Tokyo-a144,18,98,Normal
2026-02-15 17:33:11.748385,Tokyo-a144,-12,98,Normal
2026-02-15 17:33:12.748385,Tokyo-a144,21,2,Normal
2026-02-15 17:33:13.748385,Tokyo-a144,40,89,Normal
2026-02-15 17:33:14.748385,Tokyo-a144,-5,31,Normal
2026-02-15 17:33:15.748385,Tokyo-a144,45,86,Normal
2026-02-15 17:33:16.748385,Tokyo-a144,7,38,Normal
2026-02-15 17:33:17.748385,Tokyo-a144,37,82,Normal
2026-02-15 17:33:18.748385,Tokyo-a144,-12,65,Normal
2026-02-15 17:33:19.748385,Tokyo-a144,-20,49,Normal
2026-02-15 17:33:20.748385,Tokyo-a144,10,38,Normal
2026-02-15 17:33:21.748385,Tokyo-a144,-10,35,Normal
2026-02-15 17:33:22.748385,Tokyo-a144,11,9,Normal
2026-02-15 17:33:23.748385,Tokyo-a144,1,46,Normal
2026-02-15 17:33:24.748385,Tokyo-a144,-22,74,Normal
2026-02-15 17:33:25.748385,Tokyo-a144,-17,3,Normal
2026-02-15 17:33:26.748385,Tokyo-a144,16,62,Normal
2026-02-15 17:33:27.748385,Tokyo-a144,18,13,Normal
2026-02-15 17:33:28.748385,Tokyo-a144,5,30,Normal
2026-02-15 17:33:29.748385,Tokyo-a144,7,88,Normal
2026-02-15 17:33:30.748385,Tokyo-a144,0,63,Normal
2026-02-15 17:33:31.748385,Tokyo-a144,9,74,Normal
2026-02-15 17:33:32.748385,Tokyo-a144,12,46,Normal
2026-02-15 17:33:33.748385,Tokyo-a144,38,82,Normal
2026-02-15 17:33:34.748385,Tokyo-a144,-23,41,Normal
2026-02-15 17:33:35.748385,Tokyo-a144,47,18,Normal
2026-02-15 17:33:36.748385,Tokyo-a144,6,78,Normal
2026-02-15 17:33:37.748385,Tokyo-a144,50,37,Normal
2026-02-15 17:33:38.748385,Tokyo-a144,38,76,Normal
2026-02-15 17:33:39.748385,Tokyo-a144,-1,66,Normal
2026-02-15 17:33:40.748385,Tokyo-a144,17,59,Normal
2026-02-15 17:33:41.748385,Tokyo-a144,-11,29,Normal
2026-02-15 17:33:42.748385,Tokyo-a144,39,26,Normal
2026-02-15 17:33:43.748385,Tokyo-a144,15,32,Normal
2026-02-15 17:33:44.748385,Tokyo-a144,-24,51,Normal
2026-02-15 17:33:45.748385,Tokyo-a144,39,26,Normal
2026-02-15 17:33:46.748385,Tokyo-a144,-27,96,Normal
2026-02-15 17:33:47.748385,Tokyo-a144,-19,36,Normal
2026-02-15 17:33:48.748385,Tokyo-a144,-11,15,Normal
2026-02-15 17:33:49.748385,Tokyo-a144,-16,43,Normal
2026-02-15 17:33:50.748385,Tokyo-a144,0,90,Normal
2026-02-15 17:33:51.748385,Tokyo-a144,-16,89,Normal
2026-02-15 17:33:52.748385,Tokyo-a144,-23,87,Normal
2026-02-15 17:33:53.748385,Tokyo-a144,13,98,Normal
2026-02-15 17:33:54.748385,Tokyo-a144,20,9,Normal
2026-02-15 17:33:55.748385,Tokyo-a144,-26,92,Normal
2026-02-15 17:33:56.748385,Tokyo-a144,48,22,Normal
2026-02-15 17:33:57.748385,Tokyo-a144,16,3,Normal
2026-02-15 17:33:58.748385,Tokyo-a144,25,99,Normal
2026-02-15 17:33:59.748385,Tokyo-a144,38,93,Normal
2026-02-15 17:34:00.748385,Tokyo-a144,35,77,Normal
2026-02-15 17:34:01.748385,Tokyo-a144,5,34,Normal
2026-02-15 17:34:02.748385,Tokyo-a144,30,20,Normal
2026-02-15 17:34:03.748385,Tokyo-a144,-5,82,Normal
2026-02-15 17:34:04.748385,Tokyo-a144,-11,4,Normal
2026-02-15 17:34:05.748385,Tokyo-a144,-20,98,Normal
2026-02-15 17:34:06.748385,Tokyo-a144,27,92,Normal
2026-02-15 17:34:07.748385,Tokyo-a144,48,63,Normal
2026-02-15 17:34:08.748385,Tokyo-a144,-24,97,Normal
2026-02-15 17:34:09.748385,Tokyo-a144,17,58,Normal
2026-02-15 17:34:10.748385,Tokyo-a144,46,100,Normal
2026-02-15 17:34:11.748385,Tokyo-a144,0,9,Normal
2026-02-15 17:34:12.748385,Tokyo-a144,7,98,Normal
2026-02-15 17:34:13.748385,Tokyo-a144,-12,25,Normal
2026-02-15 17:34:14.748385,Tokyo-a144,19,31,Normal
2026-02-15 17:34:15.748385,Tokyo-a144,-13,49,Normal
2026-02-15 17:34:16.748385,Tokyo-a144,40,71,Normal
2026-02-15 17:34:17.748385,Tokyo-a144,36,48,Normal
2026-02-15 17:34:18.748385,Tokyo-a144,-15,34,Normal
2026-02-15 17:34:19.748385,Tokyo-a144,49,93,Normal
2026-02-15 17:34:20.748385,Tokyo-a144,18,31,Normal
2026-02-15 17:34:21.748385,Tokyo-a144,-12,92,Normal
2026-02-15 17:34:22.748385,Tokyo-a144,38,14,Normal
2026-02-15 17:34:23.748385,Tokyo-a144,29,15,Normal
2026-02-15 17:34:24.748385,Tokyo-a144,3,79,Normal
2026-02-15 17:34:25.748385,Tokyo-a144,43,97,Normal
2026-02-15 17:34:26.748385,Tokyo-a144,20,16,Normal
2026-02-15 17:34:27.748385,Tokyo-a144,43,88,Normal
2026-02-15 17:34:28.748385,Tokyo-a144,11,96,Normal
2026-02-15 17:34:29.748385,Tokyo-a144,-12,14,Normal
2026-02-15 17:34:30.748385,Tokyo-a144,-30,3,Normal
2026-02-15 17:34:31.748385,Tokyo-a144,-10,95,Normal
2026-02-15 17:34:32.748385,Tokyo-a144,37,98,Normal
2026-02-15 17:34:33.748385,Tokyo-a144,29,79,Normal
2026-02-15 17:34:34.748385,Tokyo-a144,-16,8,Normal
2026-02-15 17:34:35.748385,Tokyo-a144,40,39,Normal
2026-02-15 17:34:36.748385,Tokyo-a144,29,60,Normal
2026-02-15 17:34:37.748385,Tokyo-a144,31,88,Normal
2026-02-15 17:34:38.748385,Tokyo-a144,-30,48,Normal
2026-02-15 17:34:39.748385,Tokyo-a144,27,39,Normal
2026-02-15 17:34:40.748385,Tokyo-a144,-24,79,Normal
2026-02-15 17:34:41.748385,Tokyo-a144,6,10,Normal
2026-02-15 17:34:42.748385,Tokyo-a144,24,17,Normal
2026-02-15 17:34:43.748385,Tokyo-a144,-22,51,Normal
2026-02-15 17:34:44.748385,Tokyo-a144,-28,46,Normal
2026-02-15 17:34:45.748385,Tokyo-a144,-13,36,Normal
2026-02-15 17:34:46.748385,Tokyo-a144,-10,36,Normal
2026-02-15 17:34:47.748385,Tokyo-a144,9,49,Normal
2026-02-15 17:34:48.748385,Tokyo-a144,21,41,Normal
2026-02-15 17:34:49.748385,Tokyo-a144,7,78,Normal
2026-02-15 17:34:50.748385,Tokyo-a144,-30,82,Normal
2026-02-15 17:34:51.748385,Tokyo-a144,44,31,Normal
2026-02-15 17:34:52.748385,Tokyo-a144,7,93,Normal
2026-02-15 17:34:53.748385,Tokyo-a144,48,51,Normal
2026-02-15 17:34:54.748385,Tokyo-a144,41,1,Normal
2026-02-15 17:34:55.748385,Tokyo-a144,-23,51,Normal
2026-02-15 17:34:56.748385,Tokyo-a144,46,14,Normal
2026-02-15 17:34:57.748385,Tokyo-a144,44,35,Normal
2026-02-15 17:34:58.748385,Tokyo-a144,31,40,Normal
2026-02-15 17:34:59.748385,Tokyo-a144,-28,41,Normal
2026-02-15 17:35:00.748385,Tokyo-a144,-24,12,Normal
2026-02-15 17:35:01.748385,Tokyo-a144,-8,25,Normal
2026-02-15 17:35:02.748385,Tokyo-a144,3,16,Normal
2026-02-15 17:35:03.748385,Tokyo-a144,12,20,Normal
2026-02-15 17:35:04.748385,Tokyo-a144,14,8,Normal
2026-02-15 17:35:05.748385,Tokyo-a144,12,57,Normal
2026-02-15 17:35:06.748385,Tokyo-a144,10,38,Normal
2026-02-15 17:35:07.748385,Tokyo-a144,-22,11,Normal
2026-02-15 17:35:08.748385,Tokyo-a144,26,99,Normal
2026-02-15 17:35:09.748385,Tokyo-a144,15,6,Normal
2026-02-15 17:35:10.748385,Tokyo-a144,14,79,Normal
2026-02-15 17:35:11.748385,Tokyo-a144,-23,47,Normal
2026-02-15 17:35:12.748385,Tokyo-a144,-2,66,Normal
2026-02-15 17:35:13.748385,Tokyo-a144,-6,83,Normal
2026-02-15 17:35:14.748385,Tokyo-a144,-13,1,Normal
2026-02-15 17:35:15.748385,Tokyo-a144,33,10,Normal
2026-02-15 17:35:16.748385,Tokyo-a144,-12,85,Normal
2026-02-15 17:35:17.748385,Tokyo-a144,13,60,Normal
2026-02-15 17:35:18.748385,Tokyo-a144,48,38,Normal
2026-02-15 17:35:19.748385,Tokyo-a144,-15,2,Normal
2026-02-15 17:35:20.748385,Tokyo-a144,16,75,Normal
2026-02-15 17:35:21.748385,Tokyo-a144,10,29,Normal
2026-02-15 17:35:22.748385,Tokyo-a144,-18,78,Normal
2026-02-15 17:35:23.748385,Tokyo-a144,-9,71,Normal
2026-02-15 17:35:24.748385,Tokyo-a144,30,21,Normal
2026-02-15 17:35:25.748385,Tokyo-a144,47,8,Normal
2026-02-15 17:35:26.748385,Tokyo-a144,46,14,Normal
2026-02-15 17:35:27.748385,Tokyo-a144,-7,64,Normal
2026-02-15 17:35:28.748385,Tokyo-a144,26,70,Normal
2026-02-15 17:35:29.748385,Tokyo-a144,41,82,Normal
2026-02-15 17:35:30.748385,Tokyo-a144,20,75,Normal
2026-02-15 17:35:31.748385,Tokyo-a144,20,89,Normal
2026-02-15 17:35:32.748385,Tokyo-a144,31,73,Normal
2026-02-15 17:35:33.748385,Tokyo-a144,40,26,Normal
2026-02-15 17:35:34.748385,Tokyo-a144,42,84,Normal
2026-02-15 17:35:35.748385,Tokyo-a144,16,19,Normal
2026-02-15 17:35:36.748385,Tokyo-a144,-27,91,Normal
2026-02-15 17:35:37.748385,Tokyo-a144,47,81,Normal
2026-02-15 17:35:38.748385,Tokyo-a144,33,79,Normal
2026-02-15 17:35:39.748385,Tokyo-a144,36,28,Normal
2026-02-15 17:35:40.748385,Tokyo-a144,-7,12,Normal
2026-02-15 17:35:41.748385,Tokyo-a144,-15,60,Normal
2026-02-15 17:35:42.748385,Tokyo-a144,5,57,Normal
2026-02-15 17:35:43.748385,Tokyo-a144,20,45,Normal
2026-02-15 17:35:44.748385,Tokyo-a144,29,11,Normal
2026-02-15 17:35:45.748385,Tokyo-a144,-1,37,Normal
2026-02-15 17:35:46.748385,Tokyo-a144,12,30,Normal
2026-02-15 17:35:47.748385,Tokyo-a144,-2,89,Normal
2026-02-15 17:35:48.748385,Tokyo-a144,-21,37,Normal
2026-02-15 17:35:49.748385,Tokyo-a144,29,54,Normal
2026-02-15 17:35:50.748385,Tokyo-a144,6,11,Normal
2026-02-15 17:35:51.748385,Tokyo-a144,21,65,Normal
2026-02-15 17:35:52.748385,Tokyo-a144,-17,4,Normal
2026-02-15 17:35:53.748385,Tokyo-a144,45,51,Normal
2026-02-15 17:35:54.748385,Tokyo-a144,20,22,Normal
2026-02-15 17:35:55.748385,Tokyo-a144,-5,5,Normal
2026-02-15 17:35:56.748385,Tokyo-a144,38,95,Normal
2026-02-15 17:35:57.748385,Tokyo-a144,6,53,Normal
2026-02-15 17:35:58.748385,Tokyo-a144,-3,15,Normal
2026-02-15 17:35:59.748385,Tokyo-a144,20,16,Normal
2026-02-15 17:36:00.748385,Tokyo-a144,39,75,Normal
2026-02-15 17:36:01.748385,Tokyo-a144,-3,11,Normal
2026-02-15 17:36:02.748385,Tokyo-a144,-29,81,Normal
2026-02-15 17:36:03.748385,Tokyo-a144,-25,11,Normal
2026-02-15 17:36:04.748385,Tokyo-a144,-1,26,Normal
2026-02-15 17:36:05.748385,Tokyo-a144,-22,72,Normal
2026-02-15 17:36:06.748385,Tokyo-a144,25,83,Normal
2026-02-15 17:36:07.748385,Tokyo-a144,-27,39,Normal
2026-02-15 17:36:08.748385,Tokyo-a144,45,45,Normal
2026-02-15 17:36:09.748385,Tokyo-a144,10,74,Normal
2026-02-15 17:36:10.748385,Tokyo-a144,48,22,Normal
2026-02-15 17:36:11.748385,Tokyo-a144,20,33,Normal
2026-02-15 17:36:12.748385,Tokyo-a144,-18,79,Normal
2026-02-15 17:36:13.748385,Tokyo-a144,-12,78,Normal
2026-02-15 17:36:14.748385,Tokyo-a144,-19,6,Normal
2026-02-15 17:36:15.748385,Tokyo-a144,6,43,Normal
2026-02-15 17:36:16.748385,Tokyo-a144,-24,7,Normal
2026-02-15 17:36:17.748385,Tokyo-a144,28,31,Normal
2026-02-15 17:36:18.748385,Tokyo-a144,-15,89,Normal
2026-02-15 17:36:19.748385,Tokyo-a144,-27,67,Normal
2026-02-15 17:36:20.748385,Tokyo-a144,-8,47,Normal
2026-02-15 17:36:21.748385,Tokyo-a144,-29,80,Normal
2026-02-15 17:36:22.748385,Tokyo-a144,-17,61,Normal
2026-02-15 17:36:23.748385,Tokyo-a144,20,62,Normal
2026-02-15 17:36:24.748385,Tokyo-a144,30,26,Normal
2026-02-15 17:36:25.748385,Tokyo-a144,35,98,Normal
2026-02-15 17:36:26.748385,Tokyo-a144,35,52,Normal
2026-02-15 17:36:27.748385,Tokyo-a144,42,85,Normal
2026-02-15 17:36:28.748385,Tokyo-a144,-15,77,Normal
2026-02-15 17:36:29.748385,Tokyo-a144,9,100,Normal
2026-02-15 17:36:30.748385,Tokyo-a144,47,87,Normal
2026-02-15 17:36:31.748385,Tokyo-a144,17,44,Normal
2026-02-15 17:36:32.748385,Tokyo-a144,7,66,Normal
2026-02-15 17:36:33.748385,Tokyo-a144,1,74,Normal
2026-02-15 17:36:34.748385,Tokyo-a144,37,17,Normal
2026-02-15 17:36:35.748385,Tokyo-a144,36,82,Normal
2026-02-15 17:36:36.748385,Tokyo-a144,-22,42,Normal
2026-02-15 17:36:37.748385,Tokyo-a144,-14,83,Normal
2026-02-15 17:36:38.748385,Tokyo-a144,-11,3,Normal
2026-02-15 17:36:39.748385,Tokyo-a144,49,46,Normal
2026-02-15 17:36:40.748385,Tokyo-a144,14,84,Normal
2026-02-15 17:36:41.748385,Tokyo-a144,50,84,Normal
2026-02-15 17:36:42.748385,Tokyo-a144,34,7,Normal
2026-02-15 17:36:43.748385,Tokyo-a144,9,78,Normal
2026-02-15 17:36:44.748385,Tokyo-a144,-5,92,Normal
2026-02-15 17:36:45.748385,Tokyo-a144,-26,33,Normal
2026-02-15 17:36:46.748385,Tokyo-a144,47,1,Normal
2026-02-15 17:36:47.748385,Tokyo-a144,23,61,Normal
2026-02-15 17:36:48.748385,Tokyo-a144,16,17,Normal
2026-02-15 17:36:49.748385,Tokyo-a144,-29,59,Normal
2026-02-15 17:36:50.748385,Tokyo-a144,-23,33,Normal
2026-02-15 17:36:51.748385,Tokyo-a144,2,39,Normal
2026-02-15 17:36:52.748385,Tokyo-a144,-23,11,Normal
2026-02-15 17:36:53.748385,Tokyo-a144,17,10,Normal
2026-02-15 17:36:54.748385,Tokyo-a144,47,77,Normal
2026-02-15 17:36:55.748385,Tokyo-a144,-6,39,Normal
2026-02-15 17:36:56.748385,Tokyo-a144,12,3,Normal
2026-02-15 17:36:57.748385,Tokyo-a144,1,85,Normal
2026-02-15 17:36:58.748385,Tokyo-a144,3,79,Normal
2026-02-15 17:36:59.748385,Tokyo-a144,-27,85,Normal
2026-02-15 17:37:00.748385,Tokyo-a144,-11,62,Normal
2026-02-15 17:37:01.748385,Tokyo-a144,50,16,Normal
2026-02-15 17:37:02.748385,Tokyo-a144,35,85,Normal
2026-02-15 17:37:03.748385,Tokyo-a144,2,40,Normal
2026-02-15 17:37:04.748385,Tokyo-a144,-1,0,Normal
2026-02-15 17:37:05.748385,Tokyo-a144,13,57,Normal
2026-02-15 17:37:06.748385,Tokyo-a144,47,34,Normal
2026-02-15 17:37:07.748385,Tokyo-a144,28,27,Normal
2026-02-15 17:37:08.748385,Tokyo-a144,-3,35,Normal
2026-02-15 17:37:09.748385,Tokyo-a144,-8,53,Normal
2026-02-15 17:37:10.748385,Tokyo-a144,24,24,Normal
2026-02-15 17:37:11.748385,Tokyo-a144,13,21,Normal
2026-02-15 17:37:12.748385,Tokyo-a144,-14,39,Normal
2026-02-15 17:37:13.748385,Tokyo-a144,27,43,Normal
2026-02-15 17:37:14.748385,Tokyo-a144,-16,38,Normal
2026-02-15 17:37:15.748385,Tokyo-a144,38,87,Normal
2026-02-15 17:37:16.748385,Tokyo-a144,-2,46,Normal
2026-02-15 17:37:17.748385,Tokyo-a144,21,100,Normal
2026-02-15 17:37:18.748385,Tokyo-a144,-18,65,Normal
2026-02-15 17:37:19.748385,Tokyo-a144,9,36,Normal
2026-02-15 17:37:20.748385,Tokyo-a144,-22,94,Normal
2026-02-15 17:37:21.748385,Tokyo-a144,48,1,Normal
2026-02-15 17:37:22.748385,Tokyo-a144,4,8,Normal
2026-02-15 17:37:23.748385,Tokyo-a144,13,56,Normal
2026-02-15 17:37:24.748385,Tokyo-a144,25,48,Normal
2026-02-15 17:37:25.748385,Tokyo-a144,-27,44,Normal
2026-02-15 17:37:26.748385,Tokyo-a144,-16,96,Normal
2026-02-15 17:37:27.748385,Tokyo-a144,-30,37,Normal
2026-02-15 17:37:28.748385,Tokyo-a144,47,27,Normal
2026-02-15 17:37:29.748385,Tokyo-a144,48,65,Normal
2026-02-15 17:37:30.748385,Tokyo-a144,-12,86,Normal
2026-02-15 17:37:31.748385,Tokyo-a144,-3,21,Normal
2026-02-15 17:37:32.748385,Tokyo-a144,24,63,Normal
2026-02-15 17:37:33.748385,Tokyo-a144,14,28,Normal
2026-02-15 17:37:34.748385,Tokyo-a144,50,36,Normal
2026-02-15 17:37:35.748385,Tokyo-a144,37,70,Normal
2026-02-15 17:37:36.748385,Tokyo-a144,-17,85,Normal
2026-02-15 17:37:37.748385,Tokyo-a144,31,56,Normal
2026-02-15 17:37:38.748385,Tokyo-a144,33,89,Normal
2026-02-15 17:37:39.748385,Tokyo-a144,-22,65,Normal
2026-02-15 17:37:40.748385,Tokyo-a144,49,94,Normal
2026-02-15 17:37:41.748385,Tokyo-a144,25,11,Normal
2026-02-15 17:37:42.748385,Tokyo-a144,4,9,Normal
2026-02-15 17:37:43.748385,Tokyo-a144,48,83,Normal
2026-02-15 17:37:44.748385,Tokyo-a144,-10,4,Normal
2026-02-15 17:37:45.748385,Tokyo-a144,45,47,Normal
2026-02-15 17:37:46.748385,Tokyo-a144,22,13,Normal
2026-02-15 17:37:47.748385,Tokyo-a144,2,60,Normal
2026-02-15 17:37:48.748385,Tokyo-a144,-3,55,Normal
2026-02-15 17:37:49.748385,Tokyo-a144,18,33,Normal
2026-02-15 17:37:50.748385,Tokyo-a144,21,28,Normal
2026-02-15 17:37:51.748385,Tokyo-a144,15,60,Normal
2026-02-15 17:37:52.748385,Tokyo-a144,-6,96,Normal
2026-02-15 17:37:53.748385,Tokyo-a144,39,75,Normal
2026-02-15 17:37:54.748385,Tokyo-a144,35,91,Normal
2026-02-15 17:37:55.748385,Tokyo-a144,-23,83,Normal
2026-02-15 17:37:56.748385,Tokyo-a144,1,8,Normal
2026-02-15 17:37:57.748385,Tokyo-a144,2,6,Normal
2026-02-15 17:37:58.748385,Tokyo-a144,11,34,Normal
2026-02-15 17:37:59.748385,Tokyo-a144,-18,40,Normal
2026-02-15 17:38:00.748385,Tokyo-a144,13,99,Normal
2026-02-15 17:38:01.748385,Tokyo-a144,11,65,Normal
2026-02-15 17:38:02.748385,Tokyo-a144,47,10,Normal
2026-02-15 17:38:03.748385,Tokyo-a144,45,46,Normal
2026-02-15 17:38:04.748385,Tokyo-a144,22,41,Normal
2026-02-15 17:38:05.748385,Tokyo-a144,49,0,Normal
2026-02-15 17:38:06.748385,Tokyo-a144,-16,80,Normal
2026-02-15 17:38:07.748385,Tokyo-a144,21,47,Normal
2026-02-15 17:38:08.748385,Tokyo-a144,6,42,Normal
2026-02-15 17:38:09.748385,Tokyo-a144,-29,77,Normal
2026-02-15 17:38:10.748385,Tokyo-a144,-14,42,Normal
2026-02-15 17:38:11.748385,Tokyo-a144,19,97,Normal
2026-02-15 17:38:12.748385,Tokyo-a144,-20,52,Normal
2026-02-15 17:38:13.748385,Tokyo-a144,32,83,Normal
2026-02-15 17:38:14.748385,Tokyo-a144,13,27,Normal
2026-02-15 17:38:15.748385,Tokyo-a144,-13,85,Normal
2026-02-15 17:38:16.748385,Tokyo-a144,27,54,Normal
2026-02-15 17:38:17.748385,Tokyo-a144,50,51,Normal
2026-02-15 17:38:18.748385,Tokyo-a144,39,47,Normal
2026-02-15 17:38:19.748385,Tokyo-a144,-21,49,Normal
2026-02-15 17:38:20.748385,Tokyo-a144,48,36,Normal
2026-02-15 17:38:21.748385,Tokyo-a144,49,96,Normal
2026-02-15 17:38:22.748385,Tokyo-a144,50,36,Normal
2026-02-15 17:38:23.748385,Tokyo-a144,-4,40,Normal
2026-02-15 17:38:24.748385,Tokyo-a144,30,16,Normal
2026-02-15 17:38:25.748385,Tokyo-a144,21,74,Normal
2026-02-15 17:38:26.748385,Tokyo-a144,27,74,Normal
2026-02-15 17:38:27.748385,Tokyo-a144,-25,3,Normal
2026-02-15 17:38:28.748385,Tokyo-a144,40,95,Normal
2026-02-15 17:38:29.748385,Tokyo-a144,-18,50,Normal
2026-02-15 17:38:30.748385,Tokyo-a144,27,36,Normal
2026-02-15 17:38:31.748385,Tokyo-a144,13,17,Normal
2026-02-15 17:38:32.748385,Tokyo-a144,13,32,Normal
2026-02-15 17:38:33.748385,Tokyo-a144,44,45,Normal
2026-02-15 17:38:34.748385,Tokyo-a144,-21,51,Normal
2026-02-15 17:38:35.748385,Tokyo-a144,33,50,Normal
2026-02-15 17:38:36.748385,Tokyo-a144,28,39,Normal
2026-02-15 17:38:37.748385,Tokyo-a144,-18,54,Normal
2026-02-15 17:38:38.748385,Tokyo-a144,-3,81,Normal
2026-02-15 17:38:39.748385,Tokyo-a144,8,53,Normal
2026-02-15 17:38:40.748385,Tokyo-a144,-14,81,Normal
2026-02-15 17:38:41.748385,Tokyo-a144,-17,1,Normal
2026-02-15 17:38:42.748385,Tokyo-a144,-9,35,Normal
2026-02-15 17:38:43.748385,Tokyo-a144,24,73,Normal
2026-02-15 17:38:44.748385,Tokyo-a144,27,45,Normal
2026-02-15 17:38:45.748385,Tokyo-a144,33,21,Normal
2026-02-15 17:38:46.748385,Tokyo-a144,15,23,Normal
2026-02-15 17:38:47.748385,Tokyo-a144,38,24,Normal
2026-02-15 17:38:48.748385,Tokyo-a144,-18,15,Normal
2026-02-15 17:38:49.748385,Tokyo-a144,4,63,Normal
2026-02-15 17:38:50.748385,Tokyo-a144,28,1,Normal
2026-02-15 17:38:51.748385,Tokyo-a144,31,51,Normal
2026-02-15 17:38:52.748385,Tokyo-a144,14,83,Normal
2026-02-15 17:38:53.748385,Tokyo-a144,18,60,Normal
2026-02-15 17:38:54.748385,Tokyo-a144,32,64,Normal
2026-02-15 17:38:55.748385,Tokyo-a144,-13,7,Normal
2026-02-15 17:38:56.748385,Tokyo-a144,-14,39,Normal
2026-02-15 17:38:57.748385,Tokyo-a144,-6,32,Normal
2026-02-15 17:38:58.748385,Tokyo-a144,5,18,Normal
2026-02-15 17:38:59.748385,Tokyo-a144,16,25,Normal
2026-02-15 17:39:00.748385,Tokyo-a144,13,19,Normal
2026-02-15 17:39:01.748385,Tokyo-a144,45,65,Normal
2026-02-15 17:39:02.748385,Tokyo-a144,20,88,Normal
2026-02-15 17:39:03.748385,Tokyo-a144,-10,85,Normal
2026-02-15 17:39:04.748385,Tokyo-a144,0,56,Normal
2026-02-15 17:39:05.748385,Tokyo-a144,17,57,Normal
2026-02-15 17:39:06.748385,Tokyo-a144,-20,96,Normal
2026-02-15 17:39:07.748385,Tokyo-a144,21,49,Normal
2026-02-15 17:39:08.748385,Tokyo-a144,-29,70,Normal
2026-02-15 17:39:09.748385,Tokyo-a144,-8,52,Normal
2026-02-15 17:39:10.748385,Tokyo-a144,-15,78,Normal
2026-02-15 17:39:11.748385,Tokyo-a144,33,40,Normal
2026-02-15 17:39:12.748385,Tokyo-a144,27,89,Normal
2026-02-15 17:39:13.748385,Tokyo-a144,17,10,Normal
2026-02-15 17:39:14.748385,Tokyo-a144,6,98,Normal
2026-02-15 17:39:15.748385,Tokyo-a144,-2,22,Normal
2026-02-15 17:39:16.748385,Tokyo-a144,-11,36,Normal
2026-02-15 17:39:17.748385,Tokyo-a144,8,100,Normal
2026-02-15 17:39:18.748385,Tokyo-a144,16,96,Normal
2026-02-15 17:39:19.748385,Tokyo-a144,41,27,Normal
2026-02-15 17:39:20.748385,Tokyo-a144,-11,87,Normal
2026-02-15 17:39:21.748385,Tokyo-a144,44,50,Normal
2026-02-15 17:39:22.748385,Tokyo-a144,36,56,Normal
2026-02-15 17:39:23.748385,Tokyo-a144,-8,100,Normal
2026-02-15 17:39:24.748385,Tokyo-a144,9,58,Normal
2026-02-15 17:39:25.748385,Tokyo-a144,1,37,Normal
2026-02-15 17:39:26.748385,Tokyo-a144,-11,61,Normal
2026-02-15 17:39:27.748385,Tokyo-a144,42,3,Normal
2026-02-15 17:39:28.748385,Tokyo-a144,42,86,Normal
2026-02-15 17:39:29.748385,Tokyo-a144,34,52,Normal
2026-02-15 17:39:30.748385,Tokyo-a144,46,18,Normal
2026-02-15 17:39:31.748385,Tokyo-a144,34,36,Normal
2026-02-15 17:39:32.748385,Tokyo-a144,-1,4,Normal
2026-02-15 17:39:33.748385,Tokyo-a144,16,3,Normal
2026-02-15 17:39:34.748385,Tokyo-a144,15,64,Normal
2026-02-15 17:39:35.748385,Tokyo-a144,34,34,Normal
2026-02-15 17:39:36.748385,Tokyo-a144,4,8,Normal
2026-02-15 17:39:37.748385,Tokyo-a144,33,72,Normal
2026-02-15 17:39:38.748385,Tokyo-a144,21,77,Normal
2026-02-15 17:39:39.748385,Tokyo-a144,-14,51,Normal
2026-02-15 17:39:40.748385,Tokyo-a144,39,81,Normal
2026-02-15 17:39:41.748385,Tokyo-a144,13,79,Normal
2026-02-15 17:39:42.748385,Tokyo-a144,-30,58,Normal
2026-02-15 17:39:43.748385,Tokyo-a144,-9,64,Normal
2026-02-15 17:39:44.748385,Tokyo-a144,-28,56,Normal
2026-02-15 17:39:45.748385,Tokyo-a144,15,100,Normal
2026-02-15 17:39:46.748385,Tokyo-a144,8,62,Normal
2026-02-15 17:39:47.748385,Tokyo-a144,21,1,Normal
2026-02-15 17:39:48.748385,Tokyo-a144,-22,23,Normal
2026-02-15 17:39:49.748385,Tokyo-a144,33,33,Normal
2026-02-15 17:39:50.748385,Tokyo-a144,-22,34,Normal
2026-02-15 17:39:51.748385,Tokyo-a144,17,60,Normal
2026-02-15 17:39:52.748385,Tokyo-a144,-12,1,Normal
2026-02-15 17:39:53.748385,Tokyo-a144,31,69,Normal
2026-02-15 17:39:54.748385,Tokyo-a144,23,39,Normal
2026-02-15 17:39:55.748385,Tokyo-a144,-17,46,Normal
2026-02-15 17:39:56.748385,Tokyo-a144,-26,0,Normal
2026-02-15 17:39:57.748385,Tokyo-a144,19,99,Normal
2026-02-15 17:39:58.748385,Tokyo-a144,1,54,Normal
2026-02-15 17:39:59.748385,Tokyo-a144,28,90,Normal
2026-02-15 17:40:00.748385,Tokyo-a144,13,82,Normal
2026-02-15 17:40:01.748385,Tokyo-a144,18,18,Normal
2026-02-15 17:40:02.748385,Tokyo-a144,15,15,Normal
2026-02-15 17:40:03.748385,Tokyo-a144,-15,0,Normal
2026-02-15 17:40:04.748385,Tokyo-a144,42,49,Normal
2026-02-15 17:40:05.748385,Tokyo-a144,-23,9,Normal
2026-02-15 17:40:06.748385,Tokyo-a144,17,100,Normal
2026-02-15 17:40:07.748385,Tokyo-a144,5,15,Normal
2026-02-15 17:40:08.748385,Tokyo-a144,-11,13,Normal
2026-02-15 17:40:09.748385,Tokyo-a144,21,13,Normal
2026-02-15 17:40:10.748385,Tokyo-a144,10,98,Normal
2026-02-15 17:40:11.748385,Tokyo-a144,34,23,Normal
2026-02-15 17:40:12.748385,Tokyo-a144,30,88,Normal
2026-02-15 17:40:13.748385,Tokyo-a144,2,20,Normal
2026-02-15 17:40:14.748385,Tokyo-a144,-30,70,Normal
2026-02-15 17:40:15.748385,Tokyo-a144,-16,42,Normal
2026-02-15 17:40:16.748385,Tokyo-a144,0,10,Normal
2026-02-15 17:40:17.748385,Tokyo-a144,-2,3,Normal
2026-02-15 17:40:18.748385,Tokyo-a144,18,95,Normal
2026-02-15 17:40:19.748385,Tokyo-a144,49,29,Normal
2026-02-15 17:40:20.748385,Tokyo-a144,-23,86,Normal
2026-02-15 17:40:21.748385,Tokyo-a144,3,77,Normal
2026-02-15 17:40:22.748385,Tokyo-a144,49,72,Normal
2026-02-15 17:40:23.748385,Tokyo-a144,17,64,Normal
2026-02-15 17:40:24.748385,Tokyo-a144,-11,62,Normal
2026-02-15 17:40:25.748385,Tokyo-a144,36,95,Normal
2026-02-15 17:40:26.748385,Tokyo-a144,34,75,Normal
2026-02-15 17:40:27.748385,Tokyo-a144,13,48,Normal
2026-02-15 17:40:28.748385,Tokyo-a144,10,67,Normal
2026-02-15 17:40:29.748385,Tokyo-a144,4,34,Normal
2026-02-15 17:40:30.748385,Tokyo-a144,38,9,Normal
2026-02-15 17:40:31.748385,Tokyo-a144,16,45,Normal
2026-02-15 17:40:32.748385,Tokyo-a144,31,34,Normal
2026-02-15 17:40:33.748385,Tokyo-a144,-23,8,Normal
2026-02-15 17:40:34.748385,Tokyo-a144,16,4,Normal
2026-02-15 17:40:35.748385,Tokyo-a144,6,98,Normal
2026-02-15 17:40:36.748385,Tokyo-a144,14,71,Normal
2026-02-15 17:40:37.748385,Tokyo-a144,-9,77,Normal
2026-02-15 17:40:38.748385,Tokyo-a144,-12,3,Normal
2026-02-15 17:40:39.748385,Tokyo-a144,-30,15,Normal
2026-02-15 17:40:40.748385,Tokyo-a144,49,19,Normal
2026-02-15 17:40:41.748385,Tokyo-a144,20,41,Normal
2026-02-15 17:40:42.748385,Tokyo-a144,45,33,Normal
2026-02-15 17:40:43.748385,Tokyo-a144,36,74,Normal
2026-02-15 17:40:44.748385,Tokyo-a144,-23,0,Normal
2026-02-15 17:40:45.748385,Tokyo-a144,47,28,Normal
2026-02-15 17:40:46.748385,Tokyo-a144,10,25,Normal
2026-02-15 17:40:47.748385,Tokyo-a144,44,39,Normal
2026-02-15 17:40:48.748385,Tokyo-a144,34,36,Normal
2026-02-15 17:40:49.748385,Tokyo-a144,18,4,Normal
2026-02-15 17:40:50.748385,Tokyo-a144,43,70,Normal
2026-02-15 17:40:51.748385,Tokyo-a144,25,21,Normal
2026-02-15 17:40:52.748385,Tokyo-a144,45,35,Normal
2026-02-15 17:40:53.748385,Tokyo-a144,19,13,Normal
2026-02-15 17:40:54.748385,Tokyo-a144,-16,81,Normal
2026-02-15 17:40:55.748385,Tokyo-a144,20,42,Normal
2026-02-15 17:40:56.748385,Tokyo-a144,-27,25,Normal
2026-02-15 17:40:57.748385,Tokyo-a144,-11,73,Normal
2026-02-15 17:40:58.748385,Tokyo-a144,-13,81,Normal
2026-02-15 17:40:59.748385,Tokyo-a144,20,37,Normal
2026-02-15 17:41:00.748385,Tokyo-a144,24,96,Normal
2026-02-15 17:41:01.748385,Tokyo-a144,28,38,Normal
2026-02-15 17:41:02.748385,Tokyo-a144,12,65,Normal
2026-02-15 17:41:03.748385,Tokyo-a144,-20,95,Normal
2026-02-15 17:41:04.748385,Tokyo-a144,0,90,Normal
2026-02-15 17:41:05.748385,Tokyo-a144,45,93,Normal
2026-02-15 17:41:06.748385,Tokyo-a144,24,97,Normal
2026-02-15 17:41:07.748385,Tokyo-a144,-8,3,Normal
2026-02-15 17:41:08.748385,Tokyo-a144,48,2,Normal
2026-02-15 17:41:09.748385,Tokyo-a144,45,16,Normal
2026-02-15 17:41:10.748385,Tokyo-a144,14,77,Normal
2026-02-15 17:41:11.748385,Tokyo-a144,25,50,Normal
2026-02-15 17:41:12.748385,Tokyo-a144,33,25,Normal
2026-02-15 17:41:13.748385,Tokyo-a144,-12,11,Normal
2026-02-15 17:41:14.748385,Tokyo-a144,28,59,Normal
2026-02-15 17:41:15.748385,Tokyo-a144,-2,49,Normal
2026-02-15 17:41:16.748385,Tokyo-a144,37,30,Normal
2026-02-15 17:41:17.748385,Tokyo-a144,-2,2,Normal
2026-02-15 17:41:18.748385,Tokyo-a144,2,61,Normal
2026-02-15 17:41:19.748385,Tokyo-a144,1,6,Normal
2026-02-15 17:41:20.748385,Tokyo-a144,22,76,Normal
2026-02-15 17:41:21.748385,Tokyo-a144,-28,32,Normal
2026-02-15 17:41:22.748385,Tokyo-a144,-1,20,Normal
2026-02-15 17:41:23.748385,Tokyo-a144,26,49,Normal
2026-02-15 17:41:24.748385,Tokyo-a144,-14,17,Normal
2026-02-15 17:41:25.748385,Tokyo-a144,29,48,Normal
2026-02-15 17:41:26.748385,Tokyo-a144,-20,7,Normal
2026-02-15 17:41:27.748385,Tokyo-a144,2,80,Normal
2026-02-15 17:41:28.748385,Tokyo-a144,19,49,Normal
2026-02-15 17:41:29.748385,Tokyo-a144,-28,1,Normal
2026-02-15 17:41:30.748385,Tokyo-a144,44,21,Normal
2026-02-15 17:41:31.748385,Tokyo-a144,-27,51,Normal
2026-02-15 17:41:32.748385,Tokyo-a144,20,60,Normal
2026-02-15 17:41:33.748385,Tokyo-a144,-1,16,Normal
2026-02-15 17:41:34.748385,Tokyo-a144,26,32,Normal
2026-02-15 17:41:35.748385,Tokyo-a144,-3,40,Normal
2026-02-15 17:41:36.748385,Tokyo-a144,37,26,Normal
2026-02-15 17:41:37.748385,Tokyo-a144,17,55,Normal
2026-02-15 17:41:38.748385,Tokyo-a144,44,61,Normal
2026-02-15 17:41:39.748385,Tokyo-a144,0,79,Normal
2026-02-15 17:41:40.748385,Tokyo-a144,12,60,Normal
2026-02-15 17:41:41.748385,Tokyo-a144,41,79,Normal
2026-02-15 17:41:42.748385,Tokyo-a144,0,19,Normal
2026-02-15 17:41:43.748385,Tokyo-a144,-12,9,Normal
2026-02-15 17:41:44.748385,Tokyo-a144,5,48,Normal
2026-02-15 17:41:45.748385,Tokyo-a144,-9,28,Normal
2026-02-15 17:41:46.748385,Tokyo-a144,-21,29,Normal
2026-02-15 17:41:47.748385,Tokyo-a144,10,72,Normal
2026-02-15 17:41:48.748385,Tokyo-a144,-9,85,Normal
2026-02-15 17:41:49.748385,Tokyo-a144,6,55,Normal
2026-02-15 17:41:50.748385,Tokyo-a144,-2,80,Normal
2026-02-15 17:41:51.748385,Tokyo-a144,6,13,Normal
2026-02-15 17:41:52.748385,Tokyo-a144,-13,4,Normal
2026-02-15 17:41:53.748385,Tokyo-a144,7,46,Normal
2026-02-15 17:41:54.748385,Tokyo-a144,2,54,Normal
2026-02-15 17:41:55.748385,Tokyo-a144,-7,34,Normal
2026-02-15 17:41:56.748385,Tokyo-a144,19,31,Normal
2026-02-15 17:41:57.748385,Tokyo-a144,-23,42,Normal
2026-02-15 17:41:58.748385,Tokyo-a144,-13,9,Normal
2026-02-15 17:41:59.748385,Tokyo-a144,44,24,Normal
2026-02-15 17:42:00.748385,Tokyo-a144,22,46,Normal
2026-02-15 17:42:01.748385,Tokyo-a144,-27,54,Normal
2026-02-15 17:42:02.748385,Tokyo-a144,27,93,Normal
2026-02-15 17:42:03.748385,Tokyo-a144,25,49,Normal
2026-02-15 17:42:04.748385,Tokyo-a144,15,24,Normal
2026-02-15 17:42:05.748385,Tokyo-a144,16,70,Normal
2026-02-15 17:42:06.748385,Tokyo-a144,7,52,Normal
2026-02-15 17:42:07.748385,Tokyo-a144,-22,97,Normal
2026-02-15 17:42:08.748385,Tokyo-a144,49,61,Normal
2026-02-15 17:42:09.748385,Tokyo-a144,30,2,Normal
2026-02-15 17:42:10.748385,Tokyo-a144,15,19,Normal
2026-02-15 17:42:11.748385,Tokyo-a144,43,0,Normal
2026-02-15 17:42:12.748385,Tokyo-a144,3,1,Normal
2026-02-15 17:42:13.748385,Tokyo-a144,-4,45,Normal
2026-02-15 17:42:14.748385,Tokyo-a144,1,92,Normal
2026-02-15 17:42:15.748385,Tokyo-a144,14,2,Normal
2026-02-15 17:42:16.748385,Tokyo-a144,38,64,Normal
2026-02-15 17:42:17.748385,Tokyo-a144,-28,81,Normal
2026-02-15 17:42:18.748385,Tokyo-a144,24,33,Normal
2026-02-15 17:42:19.748385,Tokyo-a144,13,37,Normal
2026-02-15 17:42:20.748385,Tokyo-a144,-22,99,Normal
2026-02-15 17:42:21.748385,Tokyo-a144,32,22,Normal
2026-02-15 17:42:22.748385,Tokyo-a144,1,38,Normal
2026-02-15 17:42:23.748385,Tokyo-a144,38,37,Normal
2026-02-15 17:42:24.748385,Tokyo-a144,-14,8,Normal
2026-02-15 17:42:25.748385,Tokyo-a144,-8,16,Normal
2026-02-15 17:42:26.748385,Tokyo-a144,-11,57,Normal
2026-02-15 17:42:27.748385,Tokyo-a144,-4,56,Normal
2026-02-15 17:42:28.748385,Tokyo-a144,47,98,Normal
2026-02-15 17:42:29.748385,Tokyo-a144,32,63,Normal
2026-02-15 17:42:30.748385,Tokyo-a144,48,45,Normal
2026-02-15 17:42:31.748385,Tokyo-a144,-6,29,Normal
2026-02-15 17:42:32.748385,Tokyo-a144,14,1,Normal
2026-02-15 17:42:33.748385,Tokyo-a144,31,4,Normal
2026-02-15 17:42:34.748385,Tokyo-a144,23,2,Normal
2026-02-15 17:42:35.748385,Tokyo-a144,19,93,Normal
2026-02-15 17:42:36.748385,Tokyo-a144,50,38,Normal
2026-02-15 17:42:37.748385,Tokyo-a144,44,27,Normal
2026-02-15 17:42:38.748385,Tokyo-a144,11,92,Normal
2026-02-15 17:42:39.748385,Tokyo-a144,-11,63,Normal
2026-02-15 17:42:40.748385,Tokyo-a144,26,100,Normal
2026-02-15 17:42:41.748385,Tokyo-a144,45,85,Normal
2026-02-15 17:42:42.748385,Tokyo-a144,-5,67,Normal
2026-02-15 17:42:43.748385,Tokyo-a144,-10,39,Normal
2026-02-15 17:42:44.748385,Tokyo-a144,5,67,Normal
2026-02-15 17:42:45.748385,Tokyo-a144,-16,24,Normal
2026-02-15 17:42:46.748385,Tokyo-a144,49,0,Normal
2026-02-15 17:42:47.748385,Tokyo-a144,8,89,Normal
2026-02-15 17:42:48.748385,Tokyo-a144,48,16,Normal
2026-02-15 17:42:49.748385,Tokyo-a144,30,79,Normal
2026-02-15 17:42:50.748385,Tokyo-a144,-23,11,Normal
2026-02-15 17:42:51.748385,Tokyo-a144,-23,81,Normal
2026-02-15 17:42:52.748385,Tokyo-a144,25,66,Normal
2026-02-15 17:42:53.748385,Tokyo-a144,1,52,Normal
2026-02-15 17:42:54.748385,Tokyo-a144,12,77,Normal
2026-02-15 17:42:55.748385,Tokyo-a144,50,15,Normal
2026-02-15 17:42:56.748385,Tokyo-a144,40,90,Normal
2026-02-15 17:42:57.748385,Tokyo-a144,39,72,Normal
2026-02-15 17:42:58.748385,Tokyo-a144,0,66,Normal
2026-02-15 17:42:59.748385,Tokyo-a144,-27,13,Normal
2026-02-15 17:43:00.748385,Tokyo-a144,9,15,Normal
2026-02-15 17:43:01.748385,Tokyo-a144,16,69,Normal
2026-02-15 17:43:02.748385,Tokyo-a144,-1,14,Normal
2026-02-15 17:43:03.748385,Tokyo-a144,-3,93,Normal
2026-02-15 17:43:04.748385,Tokyo-a144,14,46,Normal
2026-02-15 17:43:05.748385,Tokyo-a144,-4,28,Normal
2026-02-15 17:43:06.748385,Tokyo-a144,-8,77,Normal
2026-02-15 17:43:07.748385,Tokyo-a144,50,40,Normal
2026-02-15 17:43:08.748385,Tokyo-a144,-17,48,Normal
2026-02-15 17:43:09.748385,Tokyo-a144,44,42,Normal
2026-02-15 17:43:10.748385,Tokyo-a144,38,86,Normal
2026-02-15 17:43:11.748385,Tokyo-a144,35,15,Normal
2026-02-15 17:43:12.748385,Tokyo-a144,-2,45,Normal
2026-02-15 17:43:13.748385,Tokyo-a144,21,59,Normal
2026-02-15 17:43:14.748385,Tokyo-a144,15,91,Normal
2026-02-15 17:43:15.748385,Tokyo-a144,38,89,Normal
2026-02-15 17:43:16.748385,Tokyo-a144,-3,33,Normal
2026-02-15 17:43:17.748385,Tokyo-a144,-15,55,Normal
2026-02-15 17:43:18.748385,Tokyo-a144,42,84,Normal
2026-02-15 17:43:19.748385,Tokyo-a144,18,22,Normal
2026-02-15 17:43:20.748385,Tokyo-a144,1,94,Normal
2026-02-15 17:43:21.748385,Tokyo-a144,30,85,Normal
2026-02-15 17:43:22.748385,Tokyo-a144,50,36,Normal
2026-02-15 17:43:23.748385,Tokyo-a144,31,80,Normal
2026-02-15 17:43:24.748385,Tokyo-a144,-24,45,Normal
2026-02-15 17:43:25.748385,Tokyo-a144,31,2,Normal
2026-02-15 17:43:26.748385,Tokyo-a144,-15,28,Normal
2026-02-15 17:43:27.748385,Tokyo-a144,-28,81,Normal
2026-02-15 17:43:28.748385,Tokyo-a144,-3,9,Normal
2026-02-15 17:43:29.748385,Tokyo-a144,25,43,Normal
2026-02-15 17:43:30.748385,Tokyo-a144,46,16,Normal
2026-02-15 17:43:31.748385,Tokyo-a144,34,57,Normal
2026-02-15 17:43:32.748385,Tokyo-a144,-11,67,Normal
2026-02-15 17:43:33.748385,Tokyo-a144,7,63,Normal
2026-02-15 17:43:34.748385,Tokyo-a144,30,51,Normal
2026-02-15 17:43:35.748385,Tokyo-a144,37,6,Normal
2026-02-15 17:43:36.748385,Tokyo-a144,-12,53,Normal
2026-02-15 17:43:37.748385,Tokyo-a144,26,91,Normal
2026-02-15 17:43:38.748385,Tokyo-a144,-5,2,Normal
2026-02-15 17:43:39.748385,Tokyo-a144,41,10,Normal
2026-02-15 17:43:40.748385,Tokyo-a144,42,41,Normal
2026-02-15 17:43:41.748385,Tokyo-a144,-7,61,Normal
2026-02-15 17:43:42.748385,Tokyo-a144,-17,60,Normal
2026-02-15 17:43:43.748385,Tokyo-a144,-6,34,Normal
2026-02-15 17:43:44.748385,Tokyo-a144,-8,81,Normal
2026-02-15 17:43:45.748385,Tokyo-a144,5,54,Normal
2026-02-15 17:43:46.748385,Tokyo-a144,-11,4,Normal
2026-02-15 17:43:47.748385,Tokyo-a144,-4,87,Normal
2026-02-15 17:43:48.748385,Tokyo-a144,-10,22,Normal
2026-02-15 17:43:49.748385,Tokyo-a144,31,10,Normal
2026-02-15 17:43:50.748385,Tokyo-a144,49,69,Normal
2026-02-15 17:43:51.748385,Tokyo-a144,-29,84,Normal
2026-02-15 17:43:52.748385,Tokyo-a144,18,25,Normal
2026-02-15 17:43:53.748385,Tokyo-a144,-13,13,Normal
2026-02-15 17:43:54.748385,Tokyo-a144,34,22,Normal
2026-02-15 17:43:55.748385,Tokyo-a144,-13,63,Normal
2026-02-15 17:43:56.748385,Tokyo-a144,30,61,Normal
2026-02-15 17:43:57.748385,Tokyo-a144,-10,55,Normal
2026-02-15 17:43:58.748385,Tokyo-a144,6,89,Normal
2026-02-15 17:43:59.748385,Tokyo-a144,-1,7,Normal
2026-02-15 17:44:00.748385,Tokyo-a144,40,87,Normal
2026-02-15 17:44:01.748385,Tokyo-a144,6,17,Normal
2026-02-15 17:44:02.748385,Tokyo-a144,21,69,Normal
2026-02-15 17:44:03.748385,Tokyo-a144,45,10,Normal
2026-02-15 17:44:04.748385,Tokyo-a144,30,29,Normal
2026-02-15 17:44:05.748385,Tokyo-a144,-28,13,Normal
2026-02-15 17:44:06.748385,Tokyo-a144,38,40,Normal
2026-02-15 17:44:07.748385,Tokyo-a144,11,76,Normal
2026-02-15 17:44:08.748385,Tokyo-a144,7,72,Normal
2026-02-15 17:44:09.748385,Tokyo-a144,17,11,Normal
2026-02-15 17:44:10.748385,Tokyo-a144,27,0,Normal
2026-02-15 17:44:11.748385,Tokyo-a144,-21,32,Normal
2026-02-15 17:44:12.748385,Tokyo-a144,43,65,Normal
2026-02-15 17:44:13.748385,Tokyo-a144,13,32,Normal
2026-02-15 17:44:14.748385,Tokyo-a144,-27,88,Normal
2026-02-15 17:44:15.748385,Tokyo-a144,19,64,Normal
2026-02-15 17:44:16.748385,Tokyo-a144,-8,52,Normal
2026-02-15 17:44:17.748385,Tokyo-a144,36,83,Normal
2026-02-15 17:44:18.748385,Tokyo-a144,-1,32,Normal
2026-02-15 17:44:19.748385,Tokyo-a144,2,42,Normal
2026-02-15 17:44:20.748385,Tokyo-a144,16,58,Normal
2026-02-15 17:44:21.748385,Tokyo-a144,39,97,Normal
2026-02-15 17:44:22.748385,Tokyo-a144,48,97,Normal
2026-02-15 17:44:23.748385,Tokyo-a144,36,51,Normal
2026-02-15 17:44:24.748385,Tokyo-a144,50,86,Normal
2026-02-15 17:44:25.748385,Tokyo-a144,23,90,Normal
2026-02-15 17:44:26.748385,Tokyo-a144,34,65,Normal
2026-02-15 17:44:27.748385,Tokyo-a144,46,25,Normal
2026-02-15 17:44:28.748385,Tokyo-a144,44,46,Normal
2026-02-15 17:44:29.748385,Tokyo-a144,41,21,Normal
2026-02-15 17:44:30.748385,Tokyo-a144,48,30,Normal
2026-02-15 17:44:31.748385,Tokyo-a144,25,34,Normal
2026-02-15 17:44:32.748385,Tokyo-a144,35,96,Normal
2026-02-15 17:44:33.748385,Tokyo-a144,40,33,Normal
2026-02-15 17:44:34.748385,Tokyo-a144,-20,81,Normal
2026-02-15 17:44:35.748385,Tokyo-a144,-11,89,Normal
2026-02-15 17:44:36.748385,Tokyo-a144,-13,62,Normal
2026-02-15 17:44:37.748385,Tokyo-a144,35,75,Normal
2026-02-15 17:44:38.748385,Tokyo-a144,37,96,Normal
2026-02-15 17:44:39.748385,Tokyo-a144,-13,6,Normal
2026-02-15 17:44:40.748385,Tokyo-a144,15,97,Normal
2026-02-15 17:44:41.748385,Tokyo-a144,-28,85,Normal
2026-02-15 17:44:42.748385,Tokyo-a144,36,92,Normal
2026-02-15 17:44:43.748385,Tokyo-a144,33,84,Normal
2026-02-15 17:44:44.748385,Tokyo-a144,8,81,Normal
2026-02-15 17:44:45.748385,Tokyo-a144,-29,52,Normal
2026-02-15 17:44:46.748385,Tokyo-a144,27,9,Normal
2026-02-15 17:44:47.748385,Tokyo-a144,50,13,Normal
2026-02-15 17:44:48.748385,Tokyo-a144,6,96,Normal
2026-02-15 17:44:49.748385,Tokyo-a144,10,97,Normal
2026-02-15 17:44:50.748385,Tokyo-a144,31,70,Normal
2026-02-15 17:44:51.748385,Tokyo-a144,49,32,Normal
2026-02-15 17:44:52.748385,Tokyo-a144,9,79,Normal
2026-02-15 17:44:53.748385,Tokyo-a144,-12,57,Normal
2026-02-15 17:44:54.748385,Tokyo-a144,18,4,Normal
2026-02-15 17:44:55.748385,Tokyo-a144,-14,85,Normal
2026-02-15 17:44:56.748385,Tokyo-a144,-30,78,Normal
2026-02-15 17:44:57.748385,Tokyo-a144,43,77,Normal
2026-02-15 17:44:58.748385,Tokyo-a144,48,44,Normal
2026-02-15 17:44:59.748385,Tokyo-a144,-21,75,Normal
2026-02-15 17:45:00.748385,Tokyo-a144,-26,8,Normal
2026-02-15 17:45:01.748385,Tokyo-a144,12,40,Normal
2026-02-15 17:45:02.748385,Tokyo-a144,14,77,Normal
2026-02-15 17:45:03.748385,Tokyo-a144,-8,32,Normal
2026-02-15 17:45:04.748385,Tokyo-a144,19,28,Normal
2026-02-15 17:45:05.748385,Tokyo-a144,-26,56,Normal
2026-02-15 17:45:06.748385,Tokyo-a144,-3,52,Normal
2026-02-15 17:45:07.748385,Tokyo-a144,-20,8,Normal
2026-02-15 17:45:08.748385,Tokyo-a144,-5,55,Normal
2026-02-15 17:45:09.748385,Tokyo-a144,10,59,Normal
2026-02-15 17:45:10.748385,Tokyo-a144,33,57,Normal
2026-02-15 17:45:11.748385,Tokyo-a144,18,77,Normal
2026-02-15 17:45:12.748385,Tokyo-a144,-11,58,Normal
2026-02-15 17:45:13.748385,Tokyo-a144,23,68,Normal
2026-02-15 17:45:14.748385,Tokyo-a144,42,38,Normal
2026-02-15 17:45:15.748385,Tokyo-a144,13,6,Normal
2026-02-15 17:45:16.748385,Tokyo-a144,29,97,Normal
2026-02-15 17:45:17.748385,Tokyo-a144,-4,52,Normal
2026-02-15 17:45:18.748385,Tokyo-a144,42,55,Normal
2026-02-15 17:45:19.748385,Tokyo-a144,44,53,Normal
2026-02-15 17:45:20.748385,Tokyo-a144,8,83,Normal
2026-02-15 17:45:21.748385,Tokyo-a144,-22,92,Normal
2026-02-15 17:45:22.748385,Tokyo-a144,37,82,Normal
2026-02-15 17:45:23.748385,Tokyo-a144,22,68,Normal
2026-02-15 17:45:24.748385,Tokyo-a144,-8,28,Normal
2026-02-15 17:45:25.748385,Tokyo-a144,47,32,Normal
2026-02-15 17:45:26.748385,Tokyo-a144,35,75,Normal
2026-02-15 17:45:27.748385,Tokyo-a144,21,98,Normal
2026-02-15 17:45:28.748385,Tokyo-a144,-1,47,Normal
2026-02-15 17:45:29.748385,Tokyo-a144,33,43,Normal
2026-02-15 17:45:30.748385,Tokyo-a144,-28,53,Normal
2026-02-15 17:45:31.748385,Tokyo-a144,-3,70,Normal
2026-02-15 17:45:32.748385,Tokyo-a144,5,7,Normal
2026-02-15 17:45:33.748385,Tokyo-a144,25,55,Normal
2026-02-15 17:45:34.748385,Tokyo-a144,-15,26,Normal
2026-02-15 17:45:35.748385,Tokyo-a144,15,90,Normal
2026-02-15 17:45:36.748385,Tokyo-a144,33,70,Normal
2026-02-15 17:45:37.748385,Tokyo-a144,-9,44,Normal
2026-02-15 17:45:38.748385,Tokyo-a144,34,54,Normal
2026-02-15 17:45:39.748385,Tokyo-a144,26,57,Normal
2026-02-15 17:45:40.748385,Tokyo-a144,16,73,Normal
2026-02-15 17:45:41.748385,Tokyo-a144,40,4,Normal
2026-02-15 17:45:42.748385,Tokyo-a144,24,97,Normal
2026-02-15 17:45:43.748385,Tokyo-a144,-19,57,Normal
2026-02-15 17:45:44.748385,Tokyo-a144,30,73,Normal
2026-02-15 17:45:45.748385,Tokyo-a144,30,41,Normal
2026-02-15 17:45:46.748385,Tokyo-a144,-6,0,Normal
2026-02-15 17:45:47.748385,Tokyo-a144,44,77,Normal
2026-02-15 17:45:48.748385,Tokyo-a144,26,22,Normal
2026-02-15 17:45:49.748385,Tokyo-a144,50,35,Normal
2026-02-15 17:45:50.748385,Tokyo-a144,14,12,Normal
2026-02-15 17:45:51.748385,Tokyo-a144,14,88,Normal
2026-02-15 17:45:52.748385,Tokyo-a144,16,43,Normal
2026-02-15 17:45:53.748385,Tokyo-a144,38,89,Normal
2026-02-15 17:45:54.748385,Tokyo-a144,-10,49,Normal
2026-02-15 17:45:55.748385,Tokyo-a144,-19,30,Normal
2026-02-15 17:45:56.748385,Tokyo-a144,41,28,Normal
2026-02-15 17:45:57.748385,Tokyo-a144,22,92,Normal
2026-02-15 17:45:58.748385,Tokyo-a144,8,68,Normal
2026-02-15 17:45:59.748385,Tokyo-a144,7,76,Normal
2026-02-15 17:46:00.748385,Tokyo-a144,15,100,Normal
2026-02-15 17:46:01.748385,Tokyo-a144,-30,7,Normal
2026-02-15 17:46:02.748385,Tokyo-a144,-11,51,Normal
2026-02-15 17:46:03.748385,Tokyo-a144,21,17,Normal
2026-02-15 17:46:04.748385,Tokyo-a144,-29,71,Normal
2026-02-15 17:46:05.748385,Tokyo-a144,31,82,Normal
2026-02-15 17:46:06.748385,Tokyo-a144,21,33,Normal
2026-02-15 17:46:07.748385,Tokyo-a144,-25,11,Normal
2026-02-15 17:46:08.748385,Tokyo-a144,-24,32,Normal
2026-02-15 17:46:09.748385,Tokyo-a144,5,57,Normal
2026-02-15 17:46:10.748385,Tokyo-a144,-27,93,Normal
2026-02-15 17:46:11.748385,Tokyo-a144,6,31,Normal
2026-02-15 17:46:12.748385,Tokyo-a144,38,88,Normal
2026-02-15 17:46:13.748385,Tokyo-a144,8,65,Normal
2026-02-15 17:46:14.748385,Tokyo-a144,49,37,Normal
2026-02-15 17:46:15.748385,Tokyo-a144,-2,37,Normal
2026-02-15 17:46:16.748385,Tokyo-a144,37,39,Normal
2026-02-15 17:46:17.748385,Tokyo-a144,-16,25,Normal
2026-02-15 17:46:18.748385,Tokyo-a144,-6,75,Normal
2026-02-15 17:46:19.748385,Tokyo-a144,-4,25,Normal
2026-02-15 17:46:20.748385,Tokyo-a144,-29,62,Normal
2026-02-15 17:46:21.748385,Tokyo-a144,37,87,Normal
2026-02-15 17:46:22.748385,Tokyo-a144,26,18,Normal
2026-02-15 17:46:23.748385,Tokyo-a144,47,26,Normal
2026-02-15 17:46:24.748385,Tokyo-a144,-12,39,Normal
2026-02-15 17:46:25.748385,Tokyo-a144,29,44,Normal
2026-02-15 17:46:26.748385,Tokyo-a144,49,21,Normal
2026-02-15 17:46:27.748385,Tokyo-a144,39,27,Normal
2026-02-15 17:46:28.748385,Tokyo-a144,25,18,Normal
2026-02-15 17:46:29.748385,Tokyo-a144,-12,5,Normal
2026-02-15 17:46:30.748385,Tokyo-a144,39,22,Normal
2026-02-15 17:46:31.748385,Tokyo-a144,15,41,Normal
2026-02-15 17:46:32.748385,Tokyo-a144,22,10,Normal
2026-02-15 17:46:33.748385,Tokyo-a144,37,92,Normal
2026-02-15 17:46:34.748385,Tokyo-a144,2,12,Normal
2026-02-15 17:46:35.748385,Tokyo-a144,50,27,Normal
2026-02-15 17:46:36.748385,Tokyo-a144,-7,25,Normal
2026-02-15 17:46:37.748385,Tokyo-a144,38,32,Normal
2026-02-15 17:46:38.748385,Tokyo-a144,-23,64,Normal
2026-02-15 17:46:39.748385,Tokyo-a144,-5,43,Normal
2026-02-15 17:46:40.748385,Tokyo-a144,33,54,Normal
2026-02-15 17:46:41.748385,Tokyo-a144,39,88,Normal
2026-02-15 17:46:42.748385,Tokyo-a144,-28,79,Normal
2026-02-15 17:46:43.748385,Tokyo-a144,35,55,Normal
2026-02-15 17:46:44.748385,Tokyo-a144,-8,35,Normal
2026-02-15 17:46:45.748385,Tokyo-a144,-9,68,Normal
2026-02-15 17:46:46.748385,Tokyo-a144,30,55,Normal
2026-02-15 17:46:47.748385,Tokyo-a144,46,66,Normal
2026-02-15 17:46:48.748385,Tokyo-a144,35,73,Normal
2026-02-15 17:46:49.748385,Tokyo-a144,-3,15,Normal
2026-02-15 17:46:50.748385,Tokyo-a144,9,52,Normal
2026-02-15 17:46:51.748385,Tokyo-a144,8,68,Normal
2026-02-15 17:46:52.748385,Tokyo-a144,45,85,Normal
2026-02-15 17:46:53.748385,Tokyo-a144,-10,20,Normal
2026-02-15 17:46:54.748385,Tokyo-a144,-25,20,Normal
2026-02-15 17:46:55.748385,Tokyo-a144,14,93,Normal
2026-02-15 17:46:56.748385,Tokyo-a144,-24,97,Normal
2026-02-15 17:46:57.748385,Tokyo-a144,31,20,Normal
2026-02-15 17:46:58.748385,Tokyo-a144,35,76,Normal
2026-02-15 17:46:59.748385,Tokyo-a144,-18,42,Normal
2026-02-15 17:47:00.748385,Tokyo-a144,9,23,Normal
2026-02-15 17:47:01.748385,Tokyo-a144,30,13,Normal
2026-02-15 17:47:02.748385,Tokyo-a144,-15,18,Normal
2026-02-15 17:47:03.748385,Tokyo-a144,7,79,Normal
2026-02-15 17:47:04.748385,Tokyo-a144,42,98,Normal
2026-02-15 17:47:05.748385,Tokyo-a144,10,94,Normal
2026-02-15 17:47:06.748385,Tokyo-a144,-1,22,Normal
2026-02-15 17:47:07.748385,Tokyo-a144,-27,58,Normal
2026-02-15 17:47:08.748385,Tokyo-a144,14,99,Normal
2026-02-15 17:47:09.748385,Tokyo-a144,25,20,Normal
2026-02-15 17:47:10.748385,Tokyo-a144,-16,85,Normal
2026-02-15 17:47:11.748385,Tokyo-a144,27,8,Normal
2026-02-15 17:47:12.748385,Tokyo-a144,6,32,Normal
2026-02-15 17:47:13.748385,Tokyo-a144,-9,19,Normal
2026-02-15 17:47:14.748385,Tokyo-a144,16,62,Normal
2026-02-15 17:47:15.748385,Tokyo-a144,48,55,Normal
2026-02-15 17:47:16.748385,Tokyo-a144,20,7,Normal
2026-02-15 17:47:17.748385,Tokyo-a144,4,9,Normal
2026-02-15 17:47:18.748385,Tokyo-a144,28,4,Normal
2026-02-15 17:47:19.748385,Tokyo-a144,32,92,Normal
2026-02-15 17:47:20.748385,Tokyo-a144,-1,63,Normal
2026-02-15 17:47:21.748385,Tokyo-a144,-13,80,Normal
2026-02-15 17:47:22.748385,Tokyo-a144,31,0,Normal
2026-02-15 17:47:23.748385,Tokyo-a144,-3,28,Normal
2026-02-15 17:47:24.748385,Tokyo-a144,-28,14,Normal
2026-02-15 17:47:25.748385,Tokyo-a144,-2,20,Normal
2026-02-15 17:47:26.748385,Tokyo-a144,43,3,Normal
2026-02-15 17:47:27.748385,Tokyo-a144,-20,3,Normal
2026-02-15 17:47:28.748385,Tokyo-a144,21,37,Normal
2026-02-15 17:47:29.748385,Tokyo-a144,-1,1,Normal
2026-02-15 17:47:30.748385,Tokyo-a144,-10,32,Normal
2026-02-15 17:47:31.748385,Tokyo-a144,23,95,Normal
2026-02-15 17:47:32.748385,Tokyo-a144,25,70,Normal
2026-02-15 17:47:33.748385,Tokyo-a144,12,30,Normal
2026-02-15 17:47:34.748385,Tokyo-a144,23,74,Normal
2026-02-15 17:47:35.748385,Tokyo-a144,-24,8,Normal
2026-02-15 17:47:36.748385,Tokyo-a144,13,31,Normal
2026-02-15 17:47:37.748385,Tokyo-a144,-27,27,Normal
2026-02-15 17:47:38.748385,Tokyo-a144,-8,32,Normal
2026-02-15 17:47:39.748385,Tokyo-a144,11,73,Normal
2026-02-15 17:47:40.748385,Tokyo-a144,-28,34,Normal
2026-02-15 17:47:41.748385,Tokyo-a144,49,11,Normal
2026-02-15 17:47:42.748385,Tokyo-a144,10,55,Normal
2026-02-15 17:47:43.748385,Tokyo-a144,22,38,Normal
2026-02-15 17:47:44.748385,Tokyo-a144,37,18,Normal
2026-02-15 17:47:45.748385,Tokyo-a144,47,85,Normal
2026-02-15 17:47:46.748385,Tokyo-a144,-5,17,Normal
2026-02-15 17:47:47.748385,Tokyo-a144,7,90,Normal
2026-02-15 17:47:48.748385,Tokyo-a144,1,88,Normal
2026-02-15 17:47:49.748385,Tokyo-a144,28,7,Normal
2026-02-15 17:47:50.748385,Tokyo-a144,-15,98,Normal
2026-02-15 17:47:51.748385,Tokyo-a144,-12,67,Normal
2026-02-15 17:47:52.748385,Tokyo-a144,9,1,Normal
2026-02-15 17:47:53.748385,Tokyo-a144,12,60,Normal
2026-02-15 17:47:54.748385,Tokyo-a144,0,5,Normal
2026-02-15 17:47:55.748385,Tokyo-a144,44,19,Normal
2026-02-15 17:47:56.748385,Tokyo-a144,30,85,Normal
2026-02-15 17:47:57.748385,Tokyo-a144,25,85,Normal
2026-02-15 17:47:58.748385,Tokyo-a144,19,93,Normal
2026-02-15 17:47:59.748385,Tokyo-a144,-13,23,Normal
2026-02-15 17:48:00.748385,Tokyo-a144,-14,59,Normal
2026-02-15 17:48:01.748385,Tokyo-a144,-2,90,Normal
2026-02-15 17:48:02.748385,Tokyo-a144,36,90,Normal
2026-02-15 17:48:03.748385,Tokyo-a144,40,9,Normal
2026-02-15 17:48:04.748385,Tokyo-a144,3,77,Normal
2026-02-15 17:48:05.748385,Tokyo-a144,23,93,Normal
2026-02-15 17:48:06.748385,Tokyo-a144,-1,3,Normal
2026-02-15 17:48:07.748385,Tokyo-a144,39,82,Normal
2026-02-15 17:48:08.748385,Tokyo-a144,-19,62,Normal
2026-02-15 17:48:09.748385,Tokyo-a144,-1,26,Normal
2026-02-15 17:48:10.748385,Tokyo-a144,40,37,Normal
2026-02-15 17:48:11.748385,Tokyo-a144,19,15,Normal
2026-02-15 17:48:12.748385,Tokyo-a144,-26,51,Normal
2026-02-15 17:48:13.748385,Tokyo-a144,34,93,Normal
2026-02-15 17:48:14.748385,Tokyo-a144,33,95,Normal
2026-02-15 17:48:15.748385,Tokyo-a144,37,78,Normal
2026-02-15 17:48:16.748385,Tokyo-a144,38,92,Normal
2026-02-15 17:48:17.748385,Tokyo-a144,20,71,Normal
2026-02-15 17:48:18.748385,Tokyo-a144,22,50,Normal
2026-02-15 17:48:19.748385,Tokyo-a144,-28,55,Normal
2026-02-15 17:48:20.748385,Tokyo-a144,20,33,Normal
2026-02-15 17:48:21.748385,Tokyo-a144,21,87,Normal
2026-02-15 17:48:22.748385,Tokyo-a144,8,76,Normal
2026-02-15 17:48:23.748385,Tokyo-a144,-7,1,Normal
2026-02-15 17:48:24.748385,Tokyo-a144,-19,86,Normal
2026-02-15 17:48:25.748385,Tokyo-a144,-6,17,Normal
2026-02-15 17:48:26.748385,Tokyo-a144,41,54,Normal
2026-02-15 17:48:27.748385,Tokyo-a144,33,28,Normal
2026-02-15 17:48:28.748385,Tokyo-a144,-8,26,Normal
2026-02-15 17:48:29.748385,Tokyo-a144,-28,21,Normal
2026-02-15 17:48:30.748385,Tokyo-a144,15,77,Normal
2026-02-15 17:48:31.748385,Tokyo-a144,41,98,Normal
2026-02-15 17:48:32.748385,Tokyo-a144,-30,82,Normal
2026-02-15 17:48:33.748385,Tokyo-a144,29,40,Normal
2026-02-15 17:48:34.748385,Tokyo-a144,32,50,Normal
2026-02-15 17:48:35.748385,Tokyo-a144,33,61,Normal
2026-02-15 17:48:36.748385,Tokyo-a144,-24,75,Normal
2026-02-15 17:48:37.748385,Tokyo-a144,20,95,Normal
2026-02-15 17:48:38.748385,Tokyo-a144,-4,2,Normal
2026-02-15 17:48:39.748385,Tokyo-a144,44,68,Normal
2026-02-15 17:48:40.748385,Tokyo-a144,42,12,Normal
2026-02-15 17:48:41.748385,Tokyo-a144,-30,66,Normal
2026-02-15 17:48:42.748385,Tokyo-a144,16,48,Normal
2026-02-15 17:48:43.748385,Tokyo-a144,50,87,Normal
2026-02-15 17:48:44.748385,Tokyo-a144,23,11,Normal
2026-02-15 17:48:45.748385,Tokyo-a144,40,29,Normal
2026-02-15 17:48:46.748385,Tokyo-a144,-10,18,Normal
2026-02-15 17:48:47.748385,Tokyo-a144,12,29,Normal
2026-02-15 17:48:48.748385,Tokyo-a144,19,76,Normal
2026-02-15 17:48:49.748385,Tokyo-a144,-28,58,Normal
2026-02-15 17:48:50.748385,Tokyo-a144,33,61,Normal
2026-02-15 17:48:51.748385,Tokyo-a144,23,44,Normal
2026-02-15 17:48:52.748385,Tokyo-a144,-10,33,Normal
2026-02-15 17:48:53.748385,Tokyo-a144,38,68,Normal
2026-02-15 17:48:54.748385,Tokyo-a144,32,21,Normal
2026-02-15 17:48:55.748385,Tokyo-a144,-16,9,Normal
2026-02-15 17:48:56.748385,Tokyo-a144,47,96,Normal
2026-02-15 17:48:57.748385,Tokyo-a144,48,15,Normal
2026-02-15 17:48:58.748385,Tokyo-a144,-10,83,Normal
2026-02-15 17:48:59.748385,Tokyo-a144,40,5,Normal
2026-02-15 17:49:00.748385,Tokyo-a144,-11,64,Normal
2026-02-15 17:49:01.748385,Tokyo-a144,29,96,Normal
2026-02-15 17:49:02.748385,Tokyo-a144,-13,62,Normal
2026-02-15 17:49:03.748385,Tokyo-a144,-12,1,Normal
2026-02-15 17:49:04.748385,Tokyo-a144,4,54,Normal
2026-02-15 17:49:05.748385,Tokyo-a144,46,35,Normal
2026-02-15 17:49:06.748385,Tokyo-a144,37,45,Normal
2026-02-15 17:49:07.748385,Tokyo-a144,-19,79,Normal
2026-02-15 17:49:08.748385,Tokyo-a144,46,91,Normal
2026-02-15 17:49:09.748385,Tokyo-a144,16,95,Normal
2026-02-15 17:49:10.748385,Tokyo-a144,-7,48,Normal
2026-02-15 17:49:11.748385,Tokyo-a144,-14,96,Normal
2026-02-15 17:49:12.748385,Tokyo-a144,45,11,Normal
2026-02-15 17:49:13.748385,Tokyo-a144,14,15,Normal
2026-02-15 17:49:14.748385,Tokyo-a144,-20,77,Normal
2026-02-15 17:49:15.748385,Tokyo-a144,22,46,Normal
2026-02-15 17:49:16.748385,Tokyo-a144,9,59,Normal
2026-02-15 17:49:17.748385,Tokyo-a144,49,22,Normal
2026-02-15 17:49:18.748385,Tokyo-a144,-23,44,Normal
2026-02-15 17:49:19.748385,Tokyo-a144,8,35,Normal
2026-02-15 17:49:20.748385,Tokyo-a144,48,83,Normal
2026-02-15 17:49:21.748385,Tokyo-a144,38,53,Normal
2026-02-15 17:49:22.748385,Tokyo-a144,9,57,Normal
2026-02-15 17:49:23.748385,Tokyo-a144,-1,22,Normal
2026-02-15 17:49:24.748385,Tokyo-a144,-25,93,Normal
2026-02-15 17:49:25.748385,Tokyo-a144,-8,26,Normal
2026-02-15 17:49:26.748385,Tokyo-a144,-20,71,Normal
2026-02-15 17:49:27.748385,Tokyo-a144,7,2,Normal
2026-02-15 17:49:28.748385,Tokyo-a144,38,65,Normal
2026-02-15 17:49:29.748385,Tokyo-a144,11,5,Normal
2026-02-15 17:49:30.748385,Tokyo-a144,4,5,Normal
2026-02-15 17:49:31.748385,Tokyo-a144,-9,27,Normal
2026-02-15 17:49:32.748385,Tokyo-a144,-23,99,Normal
2026-02-15 17:49:33.748385,Tokyo-a144,0,80,Normal
2026-02-15 17:49:34.748385,Tokyo-a144,28,2,Normal
2026-02-15 17:49:35.748385,Tokyo-a144,34,90,Normal
2026-02-15 17:49:36.748385,Tokyo-a144,4,27,Normal
2026-02-15 17:49:37.748385,Tokyo-a144,33,0,Normal
2026-02-15 17:49:38.748385,Tokyo-a144,26,26,Normal
2026-02-15 17:49:39.748385,Tokyo-a144,-18,44,Normal
2026-02-15 17:49:40.748385,Tokyo-a144,39,68,Normal
2026-02-15 17:49:41.748385,Tokyo-a144,22,17,Normal
2026-02-15 17:49:42.748385,Tokyo-a144,45,87,Normal
2026-02-15 17:49:43.748385,Tokyo-a144,-1,38,Normal
2026-02-15 17:49:44.748385,Tokyo-a144,-9,13,Normal
2026-02-15 17:49:45.748385,Tokyo-a144,-27,34,Normal
2026-02-15 17:49:46.748385,Tokyo-a144,26,5,Normal
2026-02-15 17:49:47.748385,Tokyo-a144,16,30,Normal
2026-02-15 17:49:48.748385,Tokyo-a144,15,59,Normal
2026-02-15 17:49:49.748385,Tokyo-a144,37,50,Normal
2026-02-15 17:49:50.748385,Tokyo-a144,-1,90,Normal
2026-02-15 17:49:51.748385,Tokyo-a144,25,1,Normal
2026-02-15 17:49:52.748385,Tokyo-a144,41,26,Normal
2026-02-15 17:49:53.748385,Tokyo-a144,34,52,Normal
2026-02-15 17:49:54.748385,Tokyo-a144,33,22,Normal
2026-02-15 17:49:55.748385,Tokyo-a144,-18,56,Normal
2026-02-15 17:49:56.748385,Tokyo-a144,5,48,Normal
2026-02-15 17:49:57.748385,Tokyo-a144,-6,1,Normal
2026-02-15 17:49:58.748385,Tokyo-a144,-19,91,Normal
2026-02-15 17:49:59.748385,Tokyo-a144,7,4,Normal
2026-02-15 17:50:00.748385,Tokyo-a144,41,27,Normal
2026-02-15 17:50:01.748385,Tokyo-a144,-4,48,Normal
2026-02-15 17:50:02.748385,Tokyo-a144,-24,72,Normal
2026-02-15 17:50:03.748385,Tokyo-a144,34,50,Normal
2026-02-15 17:50:04.748385,Tokyo-a144,-4,49,Normal
2026-02-15 17:50:05.748385,Tokyo-a144,33,32,Normal
2026-02-15 17:50:06.748385,Tokyo-a144,27,20,Normal
2026-02-15 17:50:07.748385,Tokyo-a144,-11,92,Normal
2026-02-15 17:50:08.748385,Tokyo-a144,29,62,Normal
2026-02-15 17:50:09.748385,Tokyo-a144,-8,88,Normal
2026-02-15 17:50:10.748385,Tokyo-a144,-25,0,Normal
2026-02-15 17:50:11.748385,Tokyo-a144,22,92,Normal
2026-02-15 17:50:12.748385,Tokyo-a144,37,33,Normal
2026-02-15 17:50:13.748385,Tokyo-a144,3,75,Normal
2026-02-15 17:50:14.748385,Tokyo-a144,-24,82,Normal
2026-02-15 17:50:15.748385,Tokyo-a144,50,87,Normal
2026-02-15 17:50:16.748385,Tokyo-a144,-17,9,Normal
2026-02-15 17:50:17.748385,Tokyo-a144,27,19,Normal
2026-02-15 17:50:18.748385,Tokyo-a144,25,39,Normal
2026-02-15 17:50:19.748385,Tokyo-a144,39,97,Normal
2026-02-15 17:50:20.748385,Tokyo-a144,-17,18,Normal
2026-02-15 17:50:21.748385,Tokyo-a144,40,92,Normal
2026-02-15 17:50:22.748385,Tokyo-a144,49,59,Normal
2026-02-15 17:50:23.748385,Tokyo-a144,19,80,Normal
2026-02-15 17:50:24.748385,Tokyo-a144,47,42,Normal
2026-02-15 17:50:25.748385,Tokyo-a144,45,32,Normal
2026-02-15 17:50:26.748385,Tokyo-a144,-10,58,Normal
2026-02-15 17:50:27.748385,Tokyo-a144,8,71,Normal
2026-02-15 17:50:28.748385,Tokyo-a144,-13,19,Normal
2026-02-15 17:50:29.748385,Tokyo-a144,12,97,Normal
2026-02-15 17:50:30.748385,Tokyo-a144,9,25,Normal
2026-02-15 17:50:31.748385,Tokyo-a144,5,30,Normal
2026-02-15 17:50:32.748385,Tokyo-a144,-12,13,Normal
2026-02-15 17:50:33.748385,Tokyo-a144,35,77,Normal
2026-02-15 17:50:34.748385,Tokyo-a144,-16,8,Normal
2026-02-15 17:50:35.748385,Tokyo-a144,45,64,Normal
2026-02-15 17:50:36.748385,Tokyo-a144,-3,45,Normal
2026-02-15 17:50:37.748385,Tokyo-a144,-28,71,Normal
2026-02-15 17:50:38.748385,Tokyo-a144,9,66,Normal
2026-02-15 17:50:39.748385,Tokyo-a144,-2,78,Normal
2026-02-15 17:50:40.748385,Tokyo-a144,46,84,Normal
2026-02-15 17:50:41.748385,Tokyo-a144,-10,93,Normal
2026-02-15 17:50:42.748385,Tokyo-a144,-16,22,Normal
2026-02-15 17:50:43.748385,Tokyo-a144,-27,39,Normal
2026-02-15 17:50:44.748385,Tokyo-a144,47,66,Normal
2026-02-15 17:50:45.748385,Tokyo-a144,37,54,Normal
2026-02-15 17:50:46.748385,Tokyo-a144,3,14,Normal
2026-02-15 17:50:47.748385,Tokyo-a144,35,54,Normal
2026-02-15 17:50:48.748385,Tokyo-a144,-10,63,Normal
2026-02-15 17:50:49.748385,Tokyo-a144,16,32,Normal
2026-02-15 17:50:50.748385,Tokyo-a144,-24,21,Normal
2026-02-15 17:50:51.748385,Tokyo-a144,6,15,Normal
2026-02-15 17:50:52.748385,Tokyo-a144,-26,33,Normal
2026-02-15 17:50:53.748385,Tokyo-a144,-14,2,Normal
2026-02-15 17:50:54.748385,Tokyo-a144,34,50,Normal
2026-02-15 17:50:55.748385,Tokyo-a144,31,21,Normal
2026-02-15 17:50:56.748385,Tokyo-a144,-2,2,Normal
2026-02-15 17:50:57.748385,Tokyo-a144,44,32,Normal
2026-02-15 17:50:58.748385,Tokyo-a144,-3,61,Normal
2026-02-15 17:50:59.748385,Tokyo-a144,-21,32,Normal
2026-02-15 17:51:00.748385,Tokyo-a144,29,50,Normal
2026-02-15 17:51:01.748385,Tokyo-a144,49,41,Normal
2026-02-15 17:51:02.748385,Tokyo-a144,-8,1,Normal
2026-02-15 17:51:03.748385,Tokyo-a144,17,90,Normal
2026-02-15 17:51:04.748385,Tokyo-a144,-22,12,Normal
2026-02-15 17:51:05.748385,Tokyo-a144,31,29,Normal
2026-02-15 17:51:06.748385,Tokyo-a144,27,96,Normal
2026-02-15 17:51:07.748385,Tokyo-a144,34,91,Normal
2026-02-15 17:51:08.748385,Tokyo-a144,-10,30,Normal
2026-02-15 17:51:09.748385,Tokyo-a144,-19,9,Normal
2026-02-15 17:51:10.748385,Tokyo-a144,26,67,Normal
2026-02-15 17:51:11.748385,Tokyo-a144,35,51,Normal
2026-02-15 17:51:12.748385,Tokyo-a144,17,36,Normal
2026-02-15 17:51:13.748385,Tokyo-a144,7,10,Normal
2026-02-15 17:51:14.748385,Tokyo-a144,6,71,Normal
2026-02-15 17:51:15.748385,Tokyo-a144,37,57,Normal
2026-02-15 17:51:16.748385,Tokyo-a144,14,75,Normal
2026-02-15 17:51:17.748385,Tokyo-a144,-3,39,Normal
2026-02-15 17:51:18.748385,Tokyo-a144,-26,94,Normal
2026-02-15 17:51:19.748385,Tokyo-a144,-7,20,Normal
2026-02-15 17:51:20.748385,Tokyo-a144,-13,23,Normal
2026-02-15 17:51:21.748385,Tokyo-a144,30,31,Normal
2026-02-15 17:51:22.748385,Tokyo-a144,40,80,Normal
2026-02-15 17:51:23.748385,Tokyo-a144,29,62,Normal
2026-02-15 17:51:24.748385,Tokyo-a144,23,92,Normal
2026-02-15 17:51:25.748385,Tokyo-a144,25,69,Normal
2026-02-15 17:51:26.748385,Tokyo-a144,16,87,Normal
2026-02-15 17:51:27.748385,Tokyo-a144,-28,93,Normal
2026-02-15 17:51:28.748385,Tokyo-a144,28,16,Normal
2026-02-15 17:51:29.748385,Tokyo-a144,48,59,Normal
2026-02-15 17:51:30.748385,Tokyo-a144,40,75,Normal
2026-02-15 17:51:31.748385,Tokyo-a144,-17,19,Normal
2026-02-15 17:51:32.748385,Tokyo-a144,38,8,Normal
2026-02-15 17:51:33.748385,Tokyo-a144,28,84,Normal
2026-02-15 17:51:34.748385,Tokyo-a144,7,73,Normal
2026-02-15 17:51:35.748385,Tokyo-a144,38,25,Normal
2026-02-15 17:51:36.748385,Tokyo-a144,-1,29,Normal
2026-02-15 17:51:37.748385,Tokyo-a144,20,46,Normal
2026-02-15 17:51:38.748385,Tokyo-a144,17,49,Normal
2026-02-15 17:51:39.748385,Tokyo-a144,-6,62,Normal
2026-02-15 17:51:40.748385,Tokyo-a144,5,91,Normal
2026-02-15 17:51:41.748385,Tokyo-a144,24,6,Normal
2026-02-15 17:51:42.748385,Tokyo-a144,22,52,Normal
2026-02-15 17:51:43.748385,Tokyo-a144,22,98,Normal
2026-02-15 17:51:44.748385,Tokyo-a144,21,52,Normal
2026-02-15 17:51:45.748385,Tokyo-a144,15,70,Normal
2026-02-15 17:51:46.748385,Tokyo-a144,-9,35,Normal
2026-02-15 17:51:47.748385,Tokyo-a144,12,24,Normal
2026-02-15 17:51:48.748385,Tokyo-a144,23,92,Normal
2026-02-15 17:51:49.748385,Tokyo-a144,17,81,Normal
2026-02-15 17:51:50.748385,Tokyo-a144,5,76,Normal
2026-02-15 17:51:51.748385,Tokyo-a144,7,60,Normal
2026-02-15 17:51:52.748385,Tokyo-a144,-28,72,Normal
2026-02-15 17:51:53.748385,Tokyo-a144,16,81,Normal
2026-02-15 17:51:54.748385,Tokyo-a144,26,80,Normal
2026-02-15 17:51:55.748385,Tokyo-a144,-21,71,Normal
2026-02-15 17:51:56.748385,Tokyo-a144,33,91,Normal
2026-02-15 17:51:57.748385,Tokyo-a144,21,2,Normal
2026-02-15 17:51:58.748385,Tokyo-a144,44,6,Normal
2026-02-15 17:51:59.748385,Tokyo-a144,-29,34,Normal
2026-02-15 17:52:00.748385,Tokyo-a144,38,81,Normal
2026-02-15 17:52:01.748385,Tokyo-a144,17,62,Normal
2026-02-15 17:52:02.748385,Tokyo-a144,47,77,Normal
2026-02-15 17:52:03.748385,Tokyo-a144,-29,34,Normal
2026-02-15 17:52:04.748385,Tokyo-a144,44,78,Normal
2026-02-15 17:52:05.748385,Tokyo-a144,41,59,Normal
2026-02-15 17:52:06.748385,Tokyo-a144,-1,72,Normal
2026-02-15 17:52:07.748385,Tokyo-a144,-19,6,Normal
2026-02-15 17:52:08.748385,Tokyo-a144,-20,15,Normal
2026-02-15 17:52:09.748385,Tokyo-a144,3,49,Normal
2026-02-15 17:52:10.748385,Tokyo-a144,20,77,Normal
2026-02-15 17:52:11.748385,Tokyo-a144,-14,99,Normal
2026-02-15 17:52:12.748385,Tokyo-a144,-4,94,Normal
2026-02-15 17:52:13.748385,Tokyo-a144,47,30,Normal
2026-02-15 17:52:14.748385,Tokyo-a144,42,87,Normal
2026-02-15 17:52:15.748385,Tokyo-a144,-13,71,Normal
2026-02-15 17:52:16.748385,Tokyo-a144,47,12,Normal
2026-02-15 17:52:17.748385,Tokyo-a144,45,64,Normal
2026-02-15 17:52:18.748385,Tokyo-a144,-28,89,Normal
2026-02-15 17:52:19.748385,Tokyo-a144,-29,69,Normal
2026-02-15 17:52:20.748385,Tokyo-a144,-7,9,Normal
2026-02-15 17:52:21.748385,Tokyo-a144,-23,86,Normal
2026-02-15 17:52:22.748385,Tokyo-a144,-20,85,Normal
2026-02-15 17:52:23.748385,Tokyo-a144,-1,42,Normal
2026-02-15 17:52:24.748385,Tokyo-a144,49,57,Normal
2026-02-15 17:52:25.748385,Tokyo-a144,4,5,Normal
2026-02-15 17:52:26.748385,Tokyo-a144,38,89,Normal
2026-02-15 17:52:27.748385,Tokyo-a144,-12,94,Normal
2026-02-15 17:52:28.748385,Tokyo-a144,16,79,Normal
2026-02-15 17:52:29.748385,Tokyo-a144,36,80,Normal
2026-02-15 17:52:30.748385,Tokyo-a144,-29,1,Normal
2026-02-15 17:52:31.748385,Tokyo-a144,39,99,Normal
2026-02-15 17:52:32.748385,Tokyo-a144,37,5,Normal
2026-02-15 17:52:33.748385,Tokyo-a144,10,1,Normal
2026-02-15 17:52:34.748385,Tokyo-a144,-1,42,Normal
2026-02-15 17:52:35.748385,Tokyo-a144,36,52,Normal
2026-02-15 17:52:36.748385,Tokyo-a144,-28,91,Normal
2026-02-15 17:52:37.748385,Tokyo-a144,31,94,Normal
2026-02-15 17:52:38.748385,Tokyo-a144,17,36,Normal
2026-02-15 17:52:39.748385,Tokyo-a144,27,74,Normal
2026-02-15 17:52:40.748385,Tokyo-a144,42,26,Normal
2026-02-15 17:52:41.748385,Tokyo-a144,41,7,Normal
2026-02-15 17:52:42.748385,Tokyo-a144,42,7,Normal
2026-02-15 17:52:43.748385,Tokyo-a144,30,87,Normal
2026-02-15 17:52:44.748385,Tokyo-a144,40,62,Normal
2026-02-15 17:52:45.748385,Tokyo-a144,26,61,Normal
2026-02-15 17:52:46.748385,Tokyo-a144,-2,87,Normal
2026-02-15 17:52:47.748385,Tokyo-a144,-24,100,Normal
2026-02-15 17:52:48.748385,Tokyo-a144,-24,48,Normal
2026-02-15 17:52:49.748385,Tokyo-a144,-24,16,Normal
2026-02-15 17:52:50.748385,Tokyo-a144,7,97,Normal
2026-02-15 17:52:51.748385,Tokyo-a144,-3,33,Normal
2026-02-15 17:52:52.748385,Tokyo-a144,18,48,Normal
2026-02-15 17:52:53.748385,Tokyo-a144,-23,58,Normal
2026-02-15 17:52:54.748385,Tokyo-a144,-9,60,Normal
2026-02-15 17:52:55.748385,Tokyo-a144,-15,19,Normal
2026-02-15 17:52:56.748385,Tokyo-a144,40,23,Normal
2026-02-15 17:52:57.748385,Tokyo-a144,-27,31,Normal
2026-02-15 17:52:58.748385,Tokyo-a144,-8,81,Normal
2026-02-15 17:52:59.748385,Tokyo-a144,24,21,Normal
2026-02-15 17:53:00.748385,Tokyo-a144,-27,20,Normal
2026-02-15 17:53:01.748385,Tokyo-a144,20,14,Normal
2026-02-15 17:53:02.748385,Tokyo-a144,-5,56,Normal
2026-02-15 17:53:03.748385,Tokyo-a144,24,70,Normal
2026-02-15 17:53:04.748385,Tokyo-a144,-17,28,Normal
2026-02-15 17:53:05.748385,Tokyo-a144,-11,71,Normal
2026-02-15 17:53:06.748385,Tokyo-a144,-17,26,Normal
2026-02-15 17:53:07.748385,Tokyo-a144,36,57,Normal
2026-02-15 17:53:08.748385,Tokyo-a144,36,59,Normal
2026-02-15 17:53:09.748385,Tokyo-a144,46,88,Normal
2026-02-15 17:53:10.748385,Tokyo-a144,21,17,Normal
2026-02-15 17:53:11.748385,Tokyo-a144,25,19,Normal
2026-02-15 17:53:12.748385,Tokyo-a144,2,15,Normal
2026-02-15 17:53:13.748385,Tokyo-a144,14,67,Normal
2026-02-15 17:53:14.748385,Tokyo-a144,13,49,Normal
2026-02-15 17:53:15.748385,Tokyo-a144,-6,34,Normal
2026-02-15 17:53:16.748385,Tokyo-a144,4,62,Normal
2026-02-15 17:53:17.748385,Tokyo-a144,-17,30,Normal
2026-02-15 17:53:18.748385,Tokyo-a144,12,27,Normal
2026-02-15 17:53:19.748385,Tokyo-a144,6,29,Normal
2026-02-15 17:53:20.748385,Tokyo-a144,27,52,Normal
2026-02-15 17:53:21.748385,Tokyo-a144,10,54,Normal
2026-02-15 17:53:22.748385,Tokyo-a144,-11,95,Normal
2026-02-15 17:53:23.748385,Tokyo-a144,-29,61,Normal
2026-02-15 17:53:24.748385,Tokyo-a144,2,16,Normal
2026-02-15 17:53:25.748385,Tokyo-a144,19,19,Normal
2026-02-15 17:53:26.748385,Tokyo-a144,15,69,Normal
2026-02-15 17:53:27.748385,Tokyo-a144,19,57,Normal
2026-02-15 17:53:28.748385,Tokyo-a144,-20,65,Normal
2026-02-15 17:53:29.748385,Tokyo-a144,1,46,Normal
2026-02-15 17:53:30.748385,Tokyo-a144,43,50,Normal
2026-02-15 17:53:31.748385,Tokyo-a144,43,32,Normal
2026-02-15 17:53:32.748385,Tokyo-a144,-7,16,Normal
2026-02-15 17:53:33.748385,Tokyo-a144,44,34,Normal
2026-02-15 17:53:34.748385,Tokyo-a144,34,67,Normal
2026-02-15 17:53:35.748385,Tokyo-a144,-19,75,Normal
2026-02-15 17:53:36.748385,Tokyo-a144,46,65,Normal
2026-02-15 17:53:37.748385,Tokyo-a144,-16,4,Normal
2026-02-15 17:53:38.748385,Tokyo-a144,-9,33,Normal
2026-02-15 17:53:39.748385,Tokyo-a144,34,12,Normal
2026-02-15 17:53:40.748385,Tokyo-a144,48,40,Normal
2026-02-15 17:53:41.748385,Tokyo-a144,-18,79,Normal
2026-02-15 17:53:42.748385,Tokyo-a144,-28,84,Normal
2026-02-15 17:53:43.748385,Tokyo-a144,-16,32,Normal
2026-02-15 17:53:44.748385,Tokyo-a144,26,33,Normal
2026-02-15 17:53:45.748385,Tokyo-a144,-1,2,Normal
2026-02-15 17:53:46.748385,Tokyo-a144,45,46,Normal
2026-02-15 17:53:47.748385,Tokyo-a144,-13,8,Normal
2026-02-15 17:53:48.748385,Tokyo-a144,25,23,Normal
2026-02-15 17:53:49.748385,Tokyo-a144,35,82,Normal
2026-02-15 17:53:50.748385,Tokyo-a144,-18,19,Normal
2026-02-15 17:53:51.748385,Tokyo-a144,27,43,Normal
2026-02-15 17:53:52.748385,Tokyo-a144,3,24,Normal
2026-02-15 17:53:53.748385,Tokyo-a144,14,18,Normal
2026-02-15 17:53:54.748385,Tokyo-a144,13,45,Normal
2026-02-15 17:53:55.748385,Tokyo-a144,41,53,Normal
2026-02-15 17:53:56.748385,Tokyo-a144,12,93,Normal
2026-02-15 17:53:57.748385,Tokyo-a144,-7,97,Normal
2026-02-15 17:53:58.748385,Tokyo-a144,17,15,Normal
2026-02-15 17:53:59.748385,Tokyo-a144,6,5,Normal
2026-02-15 17:54:00.748385,Tokyo-a144,23,65,Normal
2026-02-15 17:54:01.748385,Tokyo-a144,10,66,Normal
2026-02-15 17:54:02.748385,Tokyo-a144,30,86,Normal
2026-02-15 17:54:03.748385,Tokyo-a144,12,9,Normal
2026-02-15 17:54:04.748385,Tokyo-a144,35,73,Normal
2026-02-15 17:54:05.748385,Tokyo-a144,-24,46,Normal
2026-02-15 17:54:06.748385,Tokyo-a144,-21,75,Normal
2026-02-15 17:54:07.748385,Tokyo-a144,28,66,Normal
2026-02-15 17:54:08.748385,Tokyo-a144,-25,83,Normal
2026-02-15 17:54:09.748385,Tokyo-a144,14,55,Normal
2026-02-15 17:54:10.748385,Tokyo-a144,14,90,Normal
2026-02-15 17:54:11.748385,Tokyo-a144,4,67,Normal
2026-02-15 17:54:12.748385,Tokyo-a144,5,64,Normal
2026-02-15 17:54:13.748385,Tokyo-a144,27,78,Normal
2026-02-15 17:54:14.748385,Tokyo-a144,-6,57,Normal
2026-02-15 17:54:15.748385,Tokyo-a144,-9,18,Normal
2026-02-15 17:54:16.748385,Tokyo-a144,-6,5,Normal
2026-02-15 17:54:17.748385,Tokyo-a144,-27,80,Normal
2026-02-15 17:54:18.748385,Tokyo-a144,-17,17,Normal
2026-02-15 17:54:19.748385,Tokyo-a144,-9,14,Normal
2026-02-15 17:54:20.748385,Tokyo-a144,-24,61,Normal
2026-02-15 17:54:21.748385,Tokyo-a144,-26,64,Normal
2026-02-15 17:54:22.748385,Tokyo-a144,-4,65,Normal
2026-02-15 17:54:23.748385,Tokyo-a144,-29,58,Normal
2026-02-15 17:54:24.748385,Tokyo-a144,-5,33,Normal
2026-02-15 17:54:25.748385,Tokyo-a144,5,92,Normal
2026-02-15 17:54:26.748385,Tokyo-a144,-28,64,Normal
2026-02-15 17:54:27.748385,Tokyo-a144,-11,94,Normal
2026-02-15 17:54:28.748385,Tokyo-a144,8,77,Normal
2026-02-15 17:54:29.748385,Tokyo-a144,11,80,Normal
2026-02-15 17:54:30.748385,Tokyo-a144,22,59,Normal
2026-02-15 17:54:31.748385,Tokyo-a144,38,28,Normal
2026-02-15 17:54:32.748385,Tokyo-a144,38,65,Normal
2026-02-15 17:54:33.748385,Tokyo-a144,12,69,Normal
2026-02-15 17:54:34.748385,Tokyo-a144,22,61,Normal
2026-02-15 17:54:35.748385,Tokyo-a144,24,61,Normal
2026-02-15 17:54:36.748385,Tokyo-a144,50,66,Normal
2026-02-15 17:54:37.748385,Tokyo-a144,15,93,Normal
2026-02-15 17:54:38.748385,Tokyo-a144,2,48,Normal
2026-02-15 17:54:39.748385,Tokyo-a144,44,90,Normal
2026-02-15 17:54:40.748385,Tokyo-a144,-6,71,Normal
2026-02-15 17:54:41.748385,Tokyo-a144,1,96,Normal
2026-02-15 17:54:42.748385,Tokyo-a144,29,64,Normal
2026-02-15 17:54:43.748385,Tokyo-a144,21,76,Normal
2026-02-15 17:54:44.748385,Tokyo-a144,30,42,Normal
2026-02-15 17:54:45.748385,Tokyo-a144,25,38,Normal
2026-02-15 17:54:46.748385,Tokyo-a144,-1,85,Normal
2026-02-15 17:54:47.748385,Tokyo-a144,38,10,Normal
2026-02-15 17:54:48.748385,Tokyo-a144,43,42,Normal
2026-02-15 17:54:49.748385,Tokyo-a144,17,67,Normal
2026-02-15 17:54:50.748385,Tokyo-a144,-20,25,Normal
2026-02-15 17:54:51.748385,Tokyo-a144,19,6,Normal
2026-02-15 17:54:52.748385,Tokyo-a144,38,13,Normal
2026-02-15 17:54:53.748385,Tokyo-a144,18,59,Normal
2026-02-15 17:54:54.748385,Tokyo-a144,-2,12,Normal
2026-02-15 17:54:55.748385,Tokyo-a144,-30,39,Normal
2026-02-15 17:54:56.748385,Tokyo-a144,-19,51,Normal
2026-02-15 17:54:57.748385,Tokyo-a144,-26,13,Normal
2026-02-15 17:54:58.748385,Tokyo-a144,22,17,Normal
2026-02-15 17:54:59.748385,Tokyo-a144,-24,52,Normal
2026-02-15 17:55:00.748385,Tokyo-a144,-23,87,Normal
2026-02-15 17:55:01.748385,Tokyo-a144,-21,71,Normal
2026-02-15 17:55:02.748385,Tokyo-a144,-19,45,Normal
2026-02-15 17:55:03.748385,Tokyo-a144,37,16,Normal
2026-02-15 17:55:04.748385,Tokyo-a144,-25,24,Normal
2026-02-15 17:55:05.748385,Tokyo-a144,-11,79,Normal
2026-02-15 17:55:06.748385,Tokyo-a144,22,22,Normal
2026-02-15 17:55:07.748385,Tokyo-a144,13,3,Normal
2026-02-15 17:55:08.748385,Tokyo-a144,45,29,Normal
2026-02-15 17:55:09.748385,Tokyo-a144,-28,38,Normal
2026-02-15 17:55:10.748385,Tokyo-a144,22,37,Normal
2026-02-15 17:55:11.748385,Tokyo-a144,-15,9,Normal
2026-02-15 17:55:12.748385,Tokyo-a144,-4,65,Normal
2026-02-15 17:55:13.748385,Tokyo-a144,-14,42,Normal
2026-02-15 17:55:14.748385,Tokyo-a144,47,37,Normal
2026-02-15 17:55:15.748385,Tokyo-a144,-18,46,Normal
2026-02-15 17:55:16.748385,Tokyo-a144,19,57,Normal
2026-02-15 17:55:17.748385,Tokyo-a144,49,69,Normal
2026-02-15 17:55:18.748385,Tokyo-a144,27,56,Normal
2026-02-15 17:55:19.748385,Tokyo-a144,12,43,Normal
2026-02-15 17:55:20.748385,Tokyo-a144,-9,61,Normal
2026-02-15 17:55:21.748385,Tokyo-a144,5,8,Normal
2026-02-15 17:55:22.748385,Tokyo-a144,31,99,Normal
2026-02-15 17:55:23.748385,Tokyo-a144,50,2,Normal
2026-02-15 17:55:24.748385,Tokyo-a144,-25,14,Normal
2026-02-15 17:55:25.748385,Tokyo-a144,34,46,Normal
2026-02-15 17:55:26.748385,Tokyo-a144,37,84,Normal
2026-02-15 17:55:27.748385,Tokyo-a144,-29,7,Normal
2026-02-15 17:55:28.748385,Tokyo-a144,-15,87,Normal
2026-02-15 17:55:29.748385,Tokyo-a144,26,8,Normal
2026-02-15 17:55:30.748385,Tokyo-a144,-2,34,Normal
2026-02-15 17:55:31.748385,Tokyo-a144,4,61,Normal
2026-02-15 17:55:32.748385,Tokyo-a144,-27,10,Normal
2026-02-15 17:55:33.748385,Tokyo-a144,-1,72,Normal
2026-02-15 17:55:34.748385,Tokyo-a144,-17,66,Normal
2026-02-15 17:55:35.748385,Tokyo-a144,-26,98,Normal
2026-02-15 17:55:36.748385,Tokyo-a144,2,15,Normal
2026-02-15 17:55:37.748385,Tokyo-a144,8,36,Normal
2026-02-15 17:55:38.748385,Tokyo-a144,6,32,Normal
2026-02-15 17:55:39.748385,Tokyo-a144,-25,72,Normal
2026-02-15 17:55:40.748385,Tokyo-a144,43,16,Normal
2026-02-15 17:55:41.748385,Tokyo-a144,44,81,Normal
2026-02-15 17:55:42.748385,Tokyo-a144,-9,61,Normal
2026-02-15 17:55:43.748385,Tokyo-a144,22,60,Normal
2026-02-15 17:55:44.748385,Tokyo-a144,24,44,Normal
2026-02-15 17:55:45.748385,Tokyo-a144,29,61,Normal
2026-02-15 17:55:46.748385,Tokyo-a144,38,68,Normal
2026-02-15 17:55:47.748385,Tokyo-a144,35,88,Normal
2026-02-15 17:55:48.748385,Tokyo-a144,-7,92,Normal
2026-02-15 17:55:49.748385,Tokyo-a144,-5,12,Normal
2026-02-15 17:55:50.748385,Tokyo-a144,23,68,Normal
2026-02-15 17:55:51.748385,Tokyo-a144,9,52,Normal
2026-02-15 17:55:52.748385,Tokyo-a144,-10,28,Normal
2026-02-15 17:55:53.748385,Tokyo-a144,-13,6,Normal
2026-02-15 17:55:54.748385,Tokyo-a144,-9,18,Normal
2026-02-15 17:55:55.748385,Tokyo-a144,-8,92,Normal
2026-02-15 17:55:56.748385,Tokyo-a144,-5,36,Normal
2026-02-15 17:55:57.748385,Tokyo-a144,12,89,Normal
2026-02-15 17:55:58.748385,Tokyo-a144,31,86,Normal
2026-02-15 17:55:59.748385,Tokyo-a144,-8,30,Normal
2026-02-15 17:56:00.748385,Tokyo-a144,1,21,Normal
2026-02-15 17:56:01.748385,Tokyo-a144,50,43,Normal
2026-02-15 17:56:02.748385,Tokyo-a144,4,35,Normal
2026-02-15 17:56:03.748385,Tokyo-a144,-8,58,Normal
2026-02-15 17:56:04.748385,Tokyo-a144,-26,73,Normal
2026-02-15 17:56:05.748385,Tokyo-a144,38,80,Normal
2026-02-15 17:56:06.748385,Tokyo-a144,17,41,Normal
2026-02-15 17:56:07.748385,Tokyo-a144,4,12,Normal
2026-02-15 17:56:08.748385,Tokyo-a144,47,9,Normal
2026-02-15 17:56:09.748385,Tokyo-a144,6,18,Normal
2026-02-15 17:56:10.748385,Tokyo-a144,8,72,Normal
2026-02-15 17:56:11.748385,Tokyo-a144,-18,63,Normal
2026-02-15 17:56:12.748385,Tokyo-a144,3,59,Normal
2026-02-15 17:56:13.748385,Tokyo-a144,2,91,Normal
2026-02-15 17:56:14.748385,Tokyo-a144,-15,0,Normal
2026-02-15 17:56:15.748385,Tokyo-a144,47,21,Normal
2026-02-15 17:56:16.748385,Tokyo-a144,-12,57,Normal
2026-02-15 17:56:17.748385,Tokyo-a144,33,62,Normal
2026-02-15 17:56:18.748385,Tokyo-a144,-12,23,Normal
2026-02-15 17:56:19.748385,Tokyo-a144,-10,33,Normal
2026-02-15 17:56:20.748385,Tokyo-a144,-1,78,Normal
2026-02-15 17:56:21.748385,Tokyo-a144,41,9,Normal
2026-02-15 17:56:22.748385,Tokyo-a144,27,86,Normal
2026-02-15 17:56:23.748385,Tokyo-a144,18,9,Normal
2026-02-15 17:56:24.748385,Tokyo-a144,-8,98,Normal
2026-02-15 17:56:25.748385,Tokyo-a144,27,43,Normal
2026-02-15 17:56:26.748385,Tokyo-a144,32,87,Normal
2026-02-15 17:56:27.748385,Tokyo-a144,1,51,Normal
2026-02-15 17:56:28.748385,Tokyo-a144,31,80,Normal
2026-02-15 17:56:29.748385,Tokyo-a144,2,6,Normal
2026-02-15 17:56:30.748385,Tokyo-a144,16,52,Normal
2026-02-15 17:56:31.748385,Tokyo-a144,31,66,Normal
2026-02-15 17:56:32.748385,Tokyo-a144,11,74,Normal
2026-02-15 17:56:33.748385,Tokyo-a144,11,52,Normal
2026-02-15 17:56:34.748385,Tokyo-a144,12,14,Normal
2026-02-15 17:56:35.748385,Tokyo-a144,35,2,Normal
2026-02-15 17:56:36.748385,Tokyo-a144,20,23,Normal
2026-02-15 17:56:37.748385,Tokyo-a144,16,45,Normal
2026-02-15 17:56:38.748385,Tokyo-a144,-26,70,Normal
2026-02-15 17:56:39.748385,Tokyo-a144,6,23,Normal
2026-02-15 17:56:40.748385,Tokyo-a144,20,4,Normal
2026-02-15 17:56:41.748385,Tokyo-a144,-10,49,Normal
2026-02-15 17:56:42.748385,Tokyo-a144,-28,61,Normal
2026-02-15 17:56:43.748385,Tokyo-a144,-7,22,Normal
2026-02-15 17:56:44.748385,Tokyo-a144,25,65,Normal
2026-02-15 17:56:45.748385,Tokyo-a144,20,53,Normal
2026-02-15 17:56:46.748385,Tokyo-a144,50,21,Normal
2026-02-15 17:56:47.748385,Tokyo-a144,47,78,Normal
2026-02-15 17:56:48.748385,Tokyo-a144,17,16,Normal
2026-02-15 17:56:49.748385,Tokyo-a144,16,40,Normal
2026-02-15 17:56:50.748385,Tokyo-a144,-26,69,Normal
2026-02-15 17:56:51.748385,Tokyo-a144,-1,49,Normal
2026-02-15 17:56:52.748385,Tokyo-a144,40,63,Normal
