timestamp,station_id,temp,humid,condition
2026-02-11 08:11:58.379556,Seoul-f729,34,35,Normal
2026-02-11 08:11:59.379556,Seoul-f729,-5,81,Normal
2026-02-11 08:12:00.379556,Seoul-f729,21,10,Normal
2026-02-11 08:12:01.379556,Seoul-f729,29,77,Normal
2026-02-11 08:12:02.379556,Seoul-f729,0,8,Normal
2026-02-11 08:12:03.379556,Seoul-f729,-21,91,Normal
2026-02-11 08:12:04.379556,Seoul-f729,21,65,Normal
2026-02-11 08:12:05.379556,Seoul-f729,10,25,Normal
2026-02-11 08:12:06.379556,Seoul-f729,4,58,Normal
2026-02-11 08:12:07.379556,Seoul-f729,2,71,Normal
2026-02-11 08:12:08.379556,Seoul-f729,-17,9,Normal
2026-02-11 08:12:09.379556,Seoul-f729,-10,19,Normal
2026-02-11 08:12:10.379556,Seoul-f729,-21,32,Normal
2026-02-11 08:12:11.379556,Seoul-f729,19,29,Normal
2026-02-11 08:12:12.379556,Seoul-f729,1,99,Normal
2026-02-11 08:12:13.379556,Seoul-f729,24,52,Normal
2026-02-11 08:12:14.379556,Seoul-f729,-24,26,Normal
2026-02-11 08:12:15.379556,Seoul-f729,-10,4,Normal
2026-02-11 08:12:16.379556,Seoul-f729,6,77,Normal
2026-02-11 08:12:17.379556,Seoul-f729,-24,13,Normal
2026-02-11 08:12:18.379556,Seoul-f729,48,81,Normal
2026-02-11 08:12:19.379556,Seoul-f729,-17,63,Normal
2026-02-11 08:12:20.379556,Seoul-f729,50,34,Normal
2026-02-11 08:12:21.379556,Seoul-f729,-23,20,Normal
2026-02-11 08:12:22.379556,Seoul-f729,28,48,Normal
2026-02-11 08:12:23.379556,Seoul-f729,-8,49,Normal
2026-02-11 08:12:24.379556,Seoul-f729,2,48,Normal
2026-02-11 08:12:25.379556,Seoul-f729,45,18,Normal
2026-02-11 08:12:26.379556,Seoul-f729,3,9,Normal
2026-02-11 08:12:27.379556,Seoul-f729,-28,58,Normal
2026-02-11 08:12:28.379556,Seoul-f729,41,67,Normal
2026-02-11 08:12:29.379556,Seoul-f729,38,30,Normal
2026-02-11 08:12:30.379556,Seoul-f729,-21,77,Normal
2026-02-11 08:12:31.379556,Seoul-f729,14,23,Normal
2026-02-11 08:12:32.379556,Seoul-f729,-15,24,Normal
2026-02-11 08:12:33.379556,Seoul-f729,6,56,Normal
2026-02-11 08:12:34.379556,Seoul-f729,46,59,Normal
2026-02-11 08:12:35.379556,Seoul-f729,34,14,Normal
2026-02-11 08:12:36.379556,Seoul-f729,-7,26,Normal
2026-02-11 08:12:37.379556,Seoul-f729,32,47,Normal
2026-02-11 08:12:38.379556,Seoul-f729,-11,46,Normal
2026-02-11 08:12:39.379556,Seoul-f729,-27,33,Normal
2026-02-11 08:12:40.379556,Seoul-f729,31,62,Normal
2026-02-11 08:12:41.379556,Seoul-f729,0,81,Normal
2026-02-11 08:12:42.379556,Seoul-f729,49,69,Normal
2026-02-11 08:12:43.379556,Seoul-f729,19,21,Normal
2026-02-11 08:12:44.379556,Seoul-f729,16,2,Normal
2026-02-11 08:12:45.379556,Seoul-f729,44,57,Normal
2026-02-11 08:12:46.379556,Seoul-f729,11,19,Normal
2026-02-11 08:12:47.379556,Seoul-f729,-21,22,Normal
2026-02-11 08:12:48.379556,Seoul-f729,40,88,Normal
2026-02-11 08:12:49.379556,Seoul-f729,19,39,Normal
2026-02-11 08:12:50.379556,Seoul-f729,-17,18,Normal
2026-02-11 08:12:51.379556,Seoul-f729,28,29,Normal
2026-02-11 08:12:52.379556,Seoul-f729,4,65,Normal
2026-02-11 08:12:53.379556,Seoul-f729,29,15,Normal
2026-02-11 08:12:54.379556,Seoul-f729,-23,41,Normal
2026-02-11 08:12:55.379556,Seoul-f729,-6,26,Normal
2026-02-11 08:12:56.379556,Seoul-f729,40,36,Normal
2026-02-11 08:12:57.379556,Seoul-f729,-10,26,Normal
2026-02-11 08:12:58.379556,Seoul-f729,39,13,Normal
2026-02-11 08:12:59.379556,Seoul-f729,34,63,Normal
2026-02-11 08:13:00.379556,Seoul-f729,47,23,Normal
2026-02-11 08:13:01.379556,Seoul-f729,28,27,Normal
2026-02-11 08:13:02.379556,Seoul-f729,14,87,Normal
2026-02-11 08:13:03.379556,Seoul-f729,23,44,Normal
2026-02-11 08:13:04.379556,Seoul-f729,35,46,Normal
2026-02-11 08:13:05.379556,Seoul-f729,29,78,Normal
2026-02-11 08:13:06.379556,Seoul-f729,9,5,Normal
2026-02-11 08:13:07.379556,Seoul-f729,13,96,Normal
2026-02-11 08:13:08.379556,Seoul-f729,17,23,Normal
2026-02-11 08:13:09.379556,Seoul-f729,9,21,Normal
2026-02-11 08:13:10.379556,Seoul-f729,-1,27,Normal
2026-02-11 08:13:11.379556,Seoul-f729,-9,4,Normal
2026-02-11 08:13:12.379556,Seoul-f729,49,15,Normal
2026-02-11 08:13:13.379556,Seoul-f729,35,6,Normal
2026-02-11 08:13:14.379556,Seoul-f729,-19,47,Normal
2026-02-11 08:13:15.379556,Seoul-f729,-10,31,Normal
2026-02-11 08:13:16.379556,Seoul-f729,-8,94,Normal
2026-02-11 08:13:17.379556,Seoul-f729,0,86,Normal
2026-02-11 08:13:18.379556,Seoul-f729,6,42,Normal
2026-02-11 08:13:19.379556,Seoul-f729,-18,84,Normal
2026-02-11 08:13:20.379556,Seoul-f729,39,83,Normal
2026-02-11 08:13:21.379556,Seoul-f729,46,71,Normal
2026-02-11 08:13:22.379556,Seoul-f729,-3,74,Normal
2026-02-11 08:13:23.379556,Seoul-f729,-18,41,Normal
2026-02-11 08:13:24.379556,Seoul-f729,46,36,Normal
2026-02-11 08:13:25.379556,Seoul-f729,-28,31,Normal
2026-02-11 08:13:26.379556,Seoul-f729,5,47,Normal
2026-02-11 08:13:27.379556,Seoul-f729,22,35,Normal
2026-02-11 08:13:28.379556,Seoul-f729,34,73,Normal
2026-02-11 08:13:29.379556,Seoul-f729,-15,29,Normal
2026-02-11 08:13:30.379556,Seoul-f729,9,99,Normal
2026-02-11 08:13:31.379556,Seoul-f729,31,86,Normal
2026-02-11 08:13:32.379556,Seoul-f729,-17,27,Normal
2026-02-11 08:13:33.379556,Seoul-f729,43,67,Normal
2026-02-11 08:13:34.379556,Seoul-f729,-28,13,Normal
2026-02-11 08:13:35.379556,Seoul-f729,25,95,Normal
2026-02-11 08:13:36.379556,Seoul-f729,39,58,Normal
2026-02-11 08:13:37.379556,Seoul-f729,-28,10,Normal
2026-02-11 08:13:38.379556,Seoul-f729,4,98,Normal
2026-02-11 08:13:39.379556,Seoul-f729,-22,36,Normal
2026-02-11 08:13:40.379556,Seoul-f729,34,67,Normal
2026-02-11 08:13:41.379556,Seoul-f729,0,10,Normal
2026-02-11 08:13:42.379556,Seoul-f729,10,59,Normal
2026-02-11 08:13:43.379556,Seoul-f729,21,23,Normal
2026-02-11 08:13:44.379556,Seoul-f729,-28,98,Normal
2026-02-11 08:13:45.379556,Seoul-f729,0,70,Normal
2026-02-11 08:13:46.379556,Seoul-f729,50,66,Normal
2026-02-11 08:13:47.379556,Seoul-f729,-3,25,Normal
2026-02-11 08:13:48.379556,Seoul-f729,20,99,Normal
2026-02-11 08:13:49.379556,Seoul-f729,8,72,Normal
2026-02-11 08:13:50.379556,Seoul-f729,19,22,Normal
2026-02-11 08:13:51.379556,Seoul-f729,49,32,Normal
2026-02-11 08:13:52.379556,Seoul-f729,-13,53,Normal
2026-02-11 08:13:53.379556,Seoul-f729,43,61,Normal
2026-02-11 08:13:54.379556,Seoul-f729,19,42,Normal
2026-02-11 08:13:55.379556,Seoul-f729,37,50,Normal
2026-02-11 08:13:56.379556,Seoul-f729,-24,55,Normal
2026-02-11 08:13:57.379556,Seoul-f729,10,9,Normal
2026-02-11 08:13:58.379556,Seoul-f729,-15,91,Normal
2026-02-11 08:13:59.379556,Seoul-f729,-25,29,Normal
2026-02-11 08:14:00.379556,Seoul-f729,28,48,Normal
2026-02-11 08:14:01.379556,Seoul-f729,-25,63,Normal
2026-02-11 08:14:02.379556,Seoul-f729,19,76,Normal
2026-02-11 08:14:03.379556,Seoul-f729,17,56,Normal
2026-02-11 08:14:04.379556,Seoul-f729,25,89,Normal
2026-02-11 08:14:05.379556,Seoul-f729,15,64,Normal
2026-02-11 08:14:06.379556,Seoul-f729,12,38,Normal
2026-02-11 08:14:07.379556,Seoul-f729,-30,34,Normal
2026-02-11 08:14:08.379556,Seoul-f729,-20,22,Normal
2026-02-11 08:14:09.379556,Seoul-f729,49,48,Normal
2026-02-11 08:14:10.379556,Seoul-f729,10,10,Normal
2026-02-11 08:14:11.379556,Seoul-f729,-29,64,Normal
2026-02-11 08:14:12.379556,Seoul-f729,13,73,Normal
2026-02-11 08:14:13.379556,Seoul-f729,-13,41,Normal
2026-02-11 08:14:14.379556,Seoul-f729,-20,59,Normal
2026-02-11 08:14:15.379556,Seoul-f729,-11,82,Normal
2026-02-11 08:14:16.379556,Seoul-f729,6,52,Normal
2026-02-11 08:14:17.379556,Seoul-f729,6,58,Normal
2026-02-11 08:14:18.379556,Seoul-f729,-22,46,Normal
2026-02-11 08:14:19.379556,Seoul-f729,-15,32,Normal
2026-02-11 08:14:20.379556,Seoul-f729,14,82,Normal
2026-02-11 08:14:21.379556,Seoul-f729,42,86,Normal
2026-02-11 08:14:22.379556,Seoul-f729,11,49,Normal
2026-02-11 08:14:23.379556,Seoul-f729,-30,74,Normal
2026-02-11 08:14:24.379556,Seoul-f729,25,50,Normal
2026-02-11 08:14:25.379556,Seoul-f729,39,34,Normal
2026-02-11 08:14:26.379556,Seoul-f729,21,36,Normal
2026-02-11 08:14:27.379556,Seoul-f729,45,10,Normal
2026-02-11 08:14:28.379556,Seoul-f729,-2,63,Normal
2026-02-11 08:14:29.379556,Seoul-f729,11,81,Normal
2026-02-11 08:14:30.379556,Seoul-f729,36,22,Normal
2026-02-11 08:14:31.379556,Seoul-f729,10,35,Normal
2026-02-11 08:14:32.379556,Seoul-f729,4,26,Normal
2026-02-11 08:14:33.379556,Seoul-f729,2,28,Normal
2026-02-11 08:14:34.379556,Seoul-f729,-25,49,Normal
2026-02-11 08:14:35.379556,Seoul-f729,-21,88,Normal
2026-02-11 08:14:36.379556,Seoul-f729,-4,36,Normal
2026-02-11 08:14:37.379556,Seoul-f729,10,87,Normal
2026-02-11 08:14:38.379556,Seoul-f729,-21,51,Normal
2026-02-11 08:14:39.379556,Seoul-f729,-28,12,Normal
2026-02-11 08:14:40.379556,Seoul-f729,36,0,Normal
2026-02-11 08:14:41.379556,Seoul-f729,-27,18,Normal
2026-02-11 08:14:42.379556,Seoul-f729,-27,87,Normal
2026-02-11 08:14:43.379556,Seoul-f729,27,32,Normal
2026-02-11 08:14:44.379556,Seoul-f729,17,74,Normal
2026-02-11 08:14:45.379556,Seoul-f729,-1,97,Normal
2026-02-11 08:14:46.379556,Seoul-f729,-20,80,Normal
2026-02-11 08:14:47.379556,Seoul-f729,12,59,Normal
2026-02-11 08:14:48.379556,Seoul-f729,-2,96,Normal
2026-02-11 08:14:49.379556,Seoul-f729,39,90,Normal
2026-02-11 08:14:50.379556,Seoul-f729,-21,33,Normal
2026-02-11 08:14:51.379556,Seoul-f729,-18,59,Normal
2026-02-11 08:14:52.379556,Seoul-f729,0,99,Normal
2026-02-11 08:14:53.379556,Seoul-f729,48,45,Normal
2026-02-11 08:14:54.379556,Seoul-f729,45,52,Normal
2026-02-11 08:14:55.379556,Seoul-f729,-12,16,Normal
2026-02-11 08:14:56.379556,Seoul-f729,26,54,Normal
2026-02-11 08:14:57.379556,Seoul-f729,-6,69,Normal
2026-02-11 08:14:58.379556,Seoul-f729,42,95,Normal
2026-02-11 08:14:59.379556,Seoul-f729,-12,95,Normal
2026-02-11 08:15:00.379556,Seoul-f729,11,68,Normal
2026-02-11 08:15:01.379556,Seoul-f729,-24,1,Normal
2026-02-11 08:15:02.379556,Seoul-f729,5,34,Normal
2026-02-11 08:15:03.379556,Seoul-f729,-30,89,Normal
2026-02-11 08:15:04.379556,Seoul-f729,-16,99,Normal
2026-02-11 08:15:05.379556,Seoul-f729,-6,1,Normal
2026-02-11 08:15:06.379556,Seoul-f729,2,92,Normal
2026-02-11 08:15:07.379556,Seoul-f729,40,67,Normal
2026-02-11 08:15:08.379556,Seoul-f729,-18,30,Normal
2026-02-11 08:15:09.379556,Seoul-f729,6,14,Normal
2026-02-11 08:15:10.379556,Seoul-f729,33,72,Normal
2026-02-11 08:15:11.379556,Seoul-f729,26,7,Normal
2026-02-11 08:15:12.379556,Seoul-f729,34,50,Normal
2026-02-11 08:15:13.379556,Seoul-f729,33,36,Normal
2026-02-11 08:15:14.379556,Seoul-f729,21,34,Normal
2026-02-11 08:15:15.379556,Seoul-f729,9,64,Normal
2026-02-11 08:15:16.379556,Seoul-f729,12,48,Normal
2026-02-11 08:15:17.379556,Seoul-f729,-17,34,Normal
2026-02-11 08:15:18.379556,Seoul-f729,11,45,Normal
2026-02-11 08:15:19.379556,Seoul-f729,-8,83,Normal
2026-02-11 08:15:20.379556,Seoul-f729,6,12,Normal
2026-02-11 08:15:21.379556,Seoul-f729,-1,40,Normal
2026-02-11 08:15:22.379556,Seoul-f729,-2,63,Normal
2026-02-11 08:15:23.379556,Seoul-f729,13,55,Normal
2026-02-11 08:15:24.379556,Seoul-f729,-1,50,Normal
2026-02-11 08:15:25.379556,Seoul-f729,33,15,Normal
2026-02-11 08:15:26.379556,Seoul-f729,0,46,Normal
2026-02-11 08:15:27.379556,Seoul-f729,34,2,Normal
2026-02-11 08:15:28.379556,Seoul-f729,-10,95,Normal
2026-02-11 08:15:29.379556,Seoul-f729,31,56,Normal
2026-02-11 08:15:30.379556,Seoul-f729,23,27,Normal
2026-02-11 08:15:31.379556,Seoul-f729,9,7,Normal
2026-02-11 08:15:32.379556,Seoul-f729,37,33,Normal
2026-02-11 08:15:33.379556,Seoul-f729,-18,87,Normal
2026-02-11 08:15:34.379556,Seoul-f729,49,34,Normal
2026-02-11 08:15:35.379556,Seoul-f729,-3,52,Normal
2026-02-11 08:15:36.379556,Seoul-f729,-21,49,Normal
2026-02-11 08:15:37.379556,Seoul-f729,37,1,Normal
2026-02-11 08:15:38.379556,Seoul-f729,-18,94,Normal
2026-02-11 08:15:39.379556,Seoul-f729,33,7,Normal
2026-02-11 08:15:40.379556,Seoul-f729,35,36,Normal
2026-02-11 08:15:41.379556,Seoul-f729,-7,49,Normal
2026-02-11 08:15:42.379556,Seoul-f729,0,1,Normal
2026-02-11 08:15:43.379556,Seoul-f729,12,19,Normal
2026-02-11 08:15:44.379556,Seoul-f729,12,78,Normal
2026-02-11 08:15:45.379556,Seoul-f729,14,42,Normal
2026-02-11 08:15:46.379556,Seoul-f729,47,29,Normal
2026-02-11 08:15:47.379556,Seoul-f729,-29,11,Normal
2026-02-11 08:15:48.379556,Seoul-f729,3,74,Normal
2026-02-11 08:15:49.379556,Seoul-f729,-9,89,Normal
2026-02-11 08:15:50.379556,Seoul-f729,5,43,Normal
2026-02-11 08:15:51.379556,Seoul-f729,46,86,Normal
2026-02-11 08:15:52.379556,Seoul-f729,-21,32,Normal
2026-02-11 08:15:53.379556,Seoul-f729,-30,54,Normal
2026-02-11 08:15:54.379556,Seoul-f729,49,10,Normal
2026-02-11 08:15:55.379556,Seoul-f729,-22,77,Normal
2026-02-11 08:15:56.379556,Seoul-f729,-10,15,Normal
2026-02-11 08:15:57.379556,Seoul-f729,26,43,Normal
2026-02-11 08:15:58.379556,Seoul-f729,-20,13,Normal
2026-02-11 08:15:59.379556,Seoul-f729,41,33,Normal
2026-02-11 08:16:00.379556,Seoul-f729,37,71,Normal
2026-02-11 08:16:01.379556,Seoul-f729,5,60,Normal
2026-02-11 08:16:02.379556,Seoul-f729,3,36,Normal
2026-02-11 08:16:03.379556,Seoul-f729,47,20,Normal
2026-02-11 08:16:04.379556,Seoul-f729,13,11,Normal
2026-02-11 08:16:05.379556,Seoul-f729,-3,17,Normal
2026-02-11 08:16:06.379556,Seoul-f729,-11,69,Normal
2026-02-11 08:16:07.379556,Seoul-f729,-7,22,Normal
2026-02-11 08:16:08.379556,Seoul-f729,-13,86,Normal
2026-02-11 08:16:09.379556,Seoul-f729,-29,5,Normal
2026-02-11 08:16:10.379556,Seoul-f729,42,65,Normal
2026-02-11 08:16:11.379556,Seoul-f729,23,91,Normal
2026-02-11 08:16:12.379556,Seoul-f729,7,4,Normal
2026-02-11 08:16:13.379556,Seoul-f729,37,11,Normal
2026-02-11 08:16:14.379556,Seoul-f729,-4,52,Normal
2026-02-11 08:16:15.379556,Seoul-f729,37,89,Normal
2026-02-11 08:16:16.379556,Seoul-f729,14,86,Normal
2026-02-11 08:16:17.379556,Seoul-f729,-28,97,Normal
2026-02-11 08:16:18.379556,Seoul-f729,-29,97,Normal
2026-02-11 08:16:19.379556,Seoul-f729,30,71,Normal
2026-02-11 08:16:20.379556,Seoul-f729,20,0,Normal
2026-02-11 08:16:21.379556,Seoul-f729,25,46,Normal
2026-02-11 08:16:22.379556,Seoul-f729,-16,11,Normal
2026-02-11 08:16:23.379556,Seoul-f729,19,42,Normal
2026-02-11 08:16:24.379556,Seoul-f729,28,25,Normal
2026-02-11 08:16:25.379556,Seoul-f729,35,13,Normal
2026-02-11 08:16:26.379556,Seoul-f729,6,30,Normal
2026-02-11 08:16:27.379556,Seoul-f729,-13,67,Normal
2026-02-11 08:16:28.379556,Seoul-f729,-14,87,Normal
2026-02-11 08:16:29.379556,Seoul-f729,-5,49,Normal
2026-02-11 08:16:30.379556,Seoul-f729,22,11,Normal
2026-02-11 08:16:31.379556,Seoul-f729,8,29,Normal
2026-02-11 08:16:32.379556,Seoul-f729,-30,77,Normal
2026-02-11 08:16:33.379556,Seoul-f729,47,2,Normal
2026-02-11 08:16:34.379556,Seoul-f729,36,79,Normal
2026-02-11 08:16:35.379556,Seoul-f729,4,77,Normal
2026-02-11 08:16:36.379556,Seoul-f729,28,37,Normal
2026-02-11 08:16:37.379556,Seoul-f729,7,91,Normal
2026-02-11 08:16:38.379556,Seoul-f729,-3,74,Normal
2026-02-11 08:16:39.379556,Seoul-f729,42,31,Normal
2026-02-11 08:16:40.379556,Seoul-f729,-20,76,Normal
2026-02-11 08:16:41.379556,Seoul-f729,4,65,Normal
2026-02-11 08:16:42.379556,Seoul-f729,34,30,Normal
2026-02-11 08:16:43.379556,Seoul-f729,24,37,Normal
2026-02-11 08:16:44.379556,Seoul-f729,-24,36,Normal
2026-02-11 08:16:45.379556,Seoul-f729,-4,46,Normal
2026-02-11 08:16:46.379556,Seoul-f729,21,6,Normal
2026-02-11 08:16:47.379556,Seoul-f729,13,69,Normal
2026-02-11 08:16:48.379556,Seoul-f729,40,79,Normal
2026-02-11 08:16:49.379556,Seoul-f729,21,42,Normal
2026-02-11 08:16:50.379556,Seoul-f729,33,49,Normal
2026-02-11 08:16:51.379556,Seoul-f729,49,85,Normal
2026-02-11 08:16:52.379556,Seoul-f729,33,10,Normal
2026-02-11 08:16:53.379556,Seoul-f729,-24,75,Normal
2026-02-11 08:16:54.379556,Seoul-f729,34,68,Normal
2026-02-11 08:16:55.379556,Seoul-f729,21,14,Normal
2026-02-11 08:16:56.379556,Seoul-f729,-11,44,Normal
2026-02-11 08:16:57.379556,Seoul-f729,30,77,Normal
2026-02-11 08:16:58.379556,Seoul-f729,-24,53,Normal
2026-02-11 08:16:59.379556,Seoul-f729,-8,88,Normal
2026-02-11 08:17:00.379556,Seoul-f729,10,54,Normal
2026-02-11 08:17:01.379556,Seoul-f729,-3,73,Normal
2026-02-11 08:17:02.379556,Seoul-f729,-9,91,Normal
2026-02-11 08:17:03.379556,Seoul-f729,21,69,Normal
2026-02-11 08:17:04.379556,Seoul-f729,10,32,Normal
2026-02-11 08:17:05.379556,Seoul-f729,-25,69,Normal
2026-02-11 08:17:06.379556,Seoul-f729,24,83,Normal
2026-02-11 08:17:07.379556,Seoul-f729,6,38,Normal
2026-02-11 08:17:08.379556,Seoul-f729,31,37,Normal
2026-02-11 08:17:09.379556,Seoul-f729,45,85,Normal
2026-02-11 08:17:10.379556,Seoul-f729,50,5,Normal
2026-02-11 08:17:11.379556,Seoul-f729,-21,50,Normal
2026-02-11 08:17:12.379556,Seoul-f729,-19,91,Normal
2026-02-11 08:17:13.379556,Seoul-f729,42,57,Normal
2026-02-11 08:17:14.379556,Seoul-f729,47,69,Normal
2026-02-11 08:17:15.379556,Seoul-f729,27,100,Normal
2026-02-11 08:17:16.379556,Seoul-f729,-22,2,Normal
2026-02-11 08:17:17.379556,Seoul-f729,15,41,Normal
2026-02-11 08:17:18.379556,Seoul-f729,15,44,Normal
2026-02-11 08:17:19.379556,Seoul-f729,20,63,Normal
2026-02-11 08:17:20.379556,Seoul-f729,10,50,Normal
2026-02-11 08:17:21.379556,Seoul-f729,-4,39,Normal
2026-02-11 08:17:22.379556,Seoul-f729,-16,88,Normal
2026-02-11 08:17:23.379556,Seoul-f729,41,99,Normal
2026-02-11 08:17:24.379556,Seoul-f729,30,27,Normal
2026-02-11 08:17:25.379556,Seoul-f729,-29,65,Normal
2026-02-11 08:17:26.379556,Seoul-f729,24,37,Normal
2026-02-11 08:17:27.379556,Seoul-f729,23,56,Normal
2026-02-11 08:17:28.379556,Seoul-f729,22,56,Normal
2026-02-11 08:17:29.379556,Seoul-f729,20,22,Normal
2026-02-11 08:17:30.379556,Seoul-f729,25,9,Normal
2026-02-11 08:17:31.379556,Seoul-f729,-23,12,Normal
2026-02-11 08:17:32.379556,Seoul-f729,14,7,Normal
2026-02-11 08:17:33.379556,Seoul-f729,23,61,Normal
2026-02-11 08:17:34.379556,Seoul-f729,-10,29,Normal
2026-02-11 08:17:35.379556,Seoul-f729,13,50,Normal
2026-02-11 08:17:36.379556,Seoul-f729,12,20,Normal
2026-02-11 08:17:37.379556,Seoul-f729,-18,49,Normal
2026-02-11 08:17:38.379556,Seoul-f729,-3,83,Normal
2026-02-11 08:17:39.379556,Seoul-f729,2,37,Normal
2026-02-11 08:17:40.379556,Seoul-f729,17,76,Normal
2026-02-11 08:17:41.379556,Seoul-f729,5,69,Normal
2026-02-11 08:17:42.379556,Seoul-f729,-9,30,Normal
2026-02-11 08:17:43.379556,Seoul-f729,-24,17,Normal
2026-02-11 08:17:44.379556,Seoul-f729,4,91,Normal
2026-02-11 08:17:45.379556,Seoul-f729,46,77,Normal
2026-02-11 08:17:46.379556,Seoul-f729,-27,100,Normal
2026-02-11 08:17:47.379556,Seoul-f729,39,5,Normal
2026-02-11 08:17:48.379556,Seoul-f729,14,100,Normal
2026-02-11 08:17:49.379556,Seoul-f729,0,97,Normal
2026-02-11 08:17:50.379556,Seoul-f729,37,59,Normal
2026-02-11 08:17:51.379556,Seoul-f729,9,88,Normal
2026-02-11 08:17:52.379556,Seoul-f729,23,17,Normal
2026-02-11 08:17:53.379556,Seoul-f729,8,86,Normal
2026-02-11 08:17:54.379556,Seoul-f729,-13,17,Normal
2026-02-11 08:17:55.379556,Seoul-f729,46,32,Normal
2026-02-11 08:17:56.379556,Seoul-f729,-4,29,Normal
2026-02-11 08:17:57.379556,Seoul-f729,-13,19,Normal
2026-02-11 08:17:58.379556,Seoul-f729,-19,34,Normal
2026-02-11 08:17:59.379556,Seoul-f729,9,61,Normal
2026-02-11 08:18:00.379556,Seoul-f729,17,1,Normal
2026-02-11 08:18:01.379556,Seoul-f729,9,9,Normal
2026-02-11 08:18:02.379556,Seoul-f729,-6,13,Normal
2026-02-11 08:18:03.379556,Seoul-f729,14,75,Normal
2026-02-11 08:18:04.379556,Seoul-f729,-6,84,Normal
2026-02-11 08:18:05.379556,Seoul-f729,33,59,Normal
2026-02-11 08:18:06.379556,Seoul-f729,-5,41,Normal
2026-02-11 08:18:07.379556,Seoul-f729,40,98,Normal
2026-02-11 08:18:08.379556,Seoul-f729,-27,71,Normal
2026-02-11 08:18:09.379556,Seoul-f729,30,93,Normal
2026-02-11 08:18:10.379556,Seoul-f729,-19,28,Normal
2026-02-11 08:18:11.379556,Seoul-f729,-16,87,Normal
2026-02-11 08:18:12.379556,Seoul-f729,9,39,Normal
2026-02-11 08:18:13.379556,Seoul-f729,-6,29,Normal
2026-02-11 08:18:14.379556,Seoul-f729,39,67,Normal
2026-02-11 08:18:15.379556,Seoul-f729,5,5,Normal
2026-02-11 08:18:16.379556,Seoul-f729,22,73,Normal
2026-02-11 08:18:17.379556,Seoul-f729,41,91,Normal
2026-02-11 08:18:18.379556,Seoul-f729,41,79,Normal
2026-02-11 08:18:19.379556,Seoul-f729,38,27,Normal
2026-02-11 08:18:20.379556,Seoul-f729,8,77,Normal
2026-02-11 08:18:21.379556,Seoul-f729,12,91,Normal
2026-02-11 08:18:22.379556,Seoul-f729,35,43,Normal
2026-02-11 08:18:23.379556,Seoul-f729,42,23,Normal
2026-02-11 08:18:24.379556,Seoul-f729,-28,35,Normal
2026-02-11 08:18:25.379556,Seoul-f729,21,37,Normal
2026-02-11 08:18:26.379556,Seoul-f729,-17,96,Normal
2026-02-11 08:18:27.379556,Seoul-f729,-22,54,Normal
2026-02-11 08:18:28.379556,Seoul-f729,-29,57,Normal
2026-02-11 08:18:29.379556,Seoul-f729,-15,23,Normal
2026-02-11 08:18:30.379556,Seoul-f729,35,86,Normal
2026-02-11 08:18:31.379556,Seoul-f729,6,31,Normal
2026-02-11 08:18:32.379556,Seoul-f729,22,5,Normal
2026-02-11 08:18:33.379556,Seoul-f729,-11,49,Normal
2026-02-11 08:18:34.379556,Seoul-f729,-5,35,Normal
2026-02-11 08:18:35.379556,Seoul-f729,-14,88,Normal
2026-02-11 08:18:36.379556,Seoul-f729,12,11,Normal
2026-02-11 08:18:37.379556,Seoul-f729,-18,67,Normal
2026-02-11 08:18:38.379556,Seoul-f729,29,45,Normal
2026-02-11 08:18:39.379556,Seoul-f729,-20,30,Normal
2026-02-11 08:18:40.379556,Seoul-f729,18,77,Normal
2026-02-11 08:18:41.379556,Seoul-f729,18,3,Normal
2026-02-11 08:18:42.379556,Seoul-f729,31,100,Normal
2026-02-11 08:18:43.379556,Seoul-f729,37,88,Normal
2026-02-11 08:18:44.379556,Seoul-f729,29,23,Normal
2026-02-11 08:18:45.379556,Seoul-f729,-30,26,Normal
2026-02-11 08:18:46.379556,Seoul-f729,-25,17,Normal
2026-02-11 08:18:47.379556,Seoul-f729,-9,7,Normal
2026-02-11 08:18:48.379556,Seoul-f729,43,39,Normal
2026-02-11 08:18:49.379556,Seoul-f729,-2,4,Normal
2026-02-11 08:18:50.379556,Seoul-f729,-30,73,Normal
2026-02-11 08:18:51.379556,Seoul-f729,45,44,Normal
2026-02-11 08:18:52.379556,Seoul-f729,46,100,Normal
2026-02-11 08:18:53.379556,Seoul-f729,-17,18,Normal
2026-02-11 08:18:54.379556,Seoul-f729,2,16,Normal
2026-02-11 08:18:55.379556,Seoul-f729,-22,54,Normal
2026-02-11 08:18:56.379556,Seoul-f729,16,91,Normal
2026-02-11 08:18:57.379556,Seoul-f729,-3,29,Normal
2026-02-11 08:18:58.379556,Seoul-f729,-11,36,Normal
2026-02-11 08:18:59.379556,Seoul-f729,36,5,Normal
2026-02-11 08:19:00.379556,Seoul-f729,-3,17,Normal
2026-02-11 08:19:01.379556,Seoul-f729,-13,19,Normal
2026-02-11 08:19:02.379556,Seoul-f729,21,97,Normal
2026-02-11 08:19:03.379556,Seoul-f729,23,40,Normal
2026-02-11 08:19:04.379556,Seoul-f729,2,100,Normal
2026-02-11 08:19:05.379556,Seoul-f729,-1,0,Normal
2026-02-11 08:19:06.379556,Seoul-f729,5,70,Normal
2026-02-11 08:19:07.379556,Seoul-f729,-5,76,Normal
2026-02-11 08:19:08.379556,Seoul-f729,-14,27,Normal
2026-02-11 08:19:09.379556,Seoul-f729,46,10,Normal
2026-02-11 08:19:10.379556,Seoul-f729,5,37,Normal
2026-02-11 08:19:11.379556,Seoul-f729,19,74,Normal
2026-02-11 08:19:12.379556,Seoul-f729,23,4,Normal
2026-02-11 08:19:13.379556,Seoul-f729,4,3,Normal
2026-02-11 08:19:14.379556,Seoul-f729,-20,85,Normal
2026-02-11 08:19:15.379556,Seoul-f729,48,8,Normal
2026-02-11 08:19:16.379556,Seoul-f729,-7,27,Normal
2026-02-11 08:19:17.379556,Seoul-f729,34,37,Normal
2026-02-11 08:19:18.379556,Seoul-f729,5,97,Normal
2026-02-11 08:19:19.379556,Seoul-f729,-3,79,Normal
2026-02-11 08:19:20.379556,Seoul-f729,10,95,Normal
2026-02-11 08:19:21.379556,Seoul-f729,40,69,Normal
2026-02-11 08:19:22.379556,Seoul-f729,-12,80,Normal
2026-02-11 08:19:23.379556,Seoul-f729,-26,32,Normal
2026-02-11 08:19:24.379556,Seoul-f729,-18,62,Normal
2026-02-11 08:19:25.379556,Seoul-f729,43,48,Normal
2026-02-11 08:19:26.379556,Seoul-f729,35,16,Normal
2026-02-11 08:19:27.379556,Seoul-f729,46,55,Normal
2026-02-11 08:19:28.379556,Seoul-f729,1,24,Normal
2026-02-11 08:19:29.379556,Seoul-f729,22,58,Normal
2026-02-11 08:19:30.379556,Seoul-f729,9,86,Normal
2026-02-11 08:19:31.379556,Seoul-f729,-29,19,Normal
2026-02-11 08:19:32.379556,Seoul-f729,-22,95,Normal
2026-02-11 08:19:33.379556,Seoul-f729,3,66,Normal
2026-02-11 08:19:34.379556,Seoul-f729,0,84,Normal
2026-02-11 08:19:35.379556,Seoul-f729,37,44,Normal
2026-02-11 08:19:36.379556,Seoul-f729,40,72,Normal
2026-02-11 08:19:37.379556,Seoul-f729,36,98,Normal
2026-02-11 08:19:38.379556,Seoul-f729,30,98,Normal
2026-02-11 08:19:39.379556,Seoul-f729,-16,49,Normal
2026-02-11 08:19:40.379556,Seoul-f729,-11,25,Normal
2026-02-11 08:19:41.379556,Seoul-f729,14,100,Normal
2026-02-11 08:19:42.379556,Seoul-f729,-14,45,Normal
2026-02-11 08:19:43.379556,Seoul-f729,15,12,Normal
2026-02-11 08:19:44.379556,Seoul-f729,16,20,Normal
2026-02-11 08:19:45.379556,Seoul-f729,3,17,Normal
2026-02-11 08:19:46.379556,Seoul-f729,36,95,Normal
2026-02-11 08:19:47.379556,Seoul-f729,-7,38,Normal
2026-02-11 08:19:48.379556,Seoul-f729,31,16,Normal
2026-02-11 08:19:49.379556,Seoul-f729,42,77,Normal
2026-02-11 08:19:50.379556,Seoul-f729,6,97,Normal
2026-02-11 08:19:51.379556,Seoul-f729,33,21,Normal
2026-02-11 08:19:52.379556,Seoul-f729,12,27,Normal
2026-02-11 08:19:53.379556,Seoul-f729,5,24,Normal
2026-02-11 08:19:54.379556,Seoul-f729,49,5,Normal
2026-02-11 08:19:55.379556,Seoul-f729,-29,11,Normal
2026-02-11 08:19:56.379556,Seoul-f729,44,31,Normal
2026-02-11 08:19:57.379556,Seoul-f729,-23,31,Normal
2026-02-11 08:19:58.379556,Seoul-f729,-16,39,Normal
2026-02-11 08:19:59.379556,Seoul-f729,37,98,Normal
2026-02-11 08:20:00.379556,Seoul-f729,-26,99,Normal
2026-02-11 08:20:01.379556,Seoul-f729,-15,12,Normal
2026-02-11 08:20:02.379556,Seoul-f729,-1,45,Normal
2026-02-11 08:20:03.379556,Seoul-f729,26,94,Normal
2026-02-11 08:20:04.379556,Seoul-f729,-17,65,Normal
2026-02-11 08:20:05.379556,Seoul-f729,-6,50,Normal
2026-02-11 08:20:06.379556,Seoul-f729,-6,64,Normal
2026-02-11 08:20:07.379556,Seoul-f729,18,31,Normal
2026-02-11 08:20:08.379556,Seoul-f729,33,3,Normal
2026-02-11 08:20:09.379556,Seoul-f729,45,5,Normal
2026-02-11 08:20:10.379556,Seoul-f729,-5,0,Normal
2026-02-11 08:20:11.379556,Seoul-f729,0,12,Normal
2026-02-11 08:20:12.379556,Seoul-f729,45,49,Normal
2026-02-11 08:20:13.379556,Seoul-f729,11,79,Normal
2026-02-11 08:20:14.379556,Seoul-f729,17,64,Normal
2026-02-11 08:20:15.379556,Seoul-f729,31,68,Normal
2026-02-11 08:20:16.379556,Seoul-f729,-17,5,Normal
2026-02-11 08:20:17.379556,Seoul-f729,50,8,Normal
2026-02-11 08:20:18.379556,Seoul-f729,37,17,Normal
2026-02-11 08:20:19.379556,Seoul-f729,12,12,Normal
2026-02-11 08:20:20.379556,Seoul-f729,-4,93,Normal
2026-02-11 08:20:21.379556,Seoul-f729,2,60,Normal
2026-02-11 08:20:22.379556,Seoul-f729,31,49,Normal
2026-02-11 08:20:23.379556,Seoul-f729,-11,0,Normal
2026-02-11 08:20:24.379556,Seoul-f729,25,10,Normal
2026-02-11 08:20:25.379556,Seoul-f729,22,29,Normal
2026-02-11 08:20:26.379556,Seoul-f729,15,42,Normal
2026-02-11 08:20:27.379556,Seoul-f729,14,84,Normal
2026-02-11 08:20:28.379556,Seoul-f729,46,67,Normal
2026-02-11 08:20:29.379556,Seoul-f729,19,12,Normal
2026-02-11 08:20:30.379556,Seoul-f729,-7,84,Normal
2026-02-11 08:20:31.379556,Seoul-f729,32,15,Normal
2026-02-11 08:20:32.379556,Seoul-f729,47,36,Normal
2026-02-11 08:20:33.379556,Seoul-f729,-23,64,Normal
2026-02-11 08:20:34.379556,Seoul-f729,20,50,Normal
2026-02-11 08:20:35.379556,Seoul-f729,40,88,Normal
2026-02-11 08:20:36.379556,Seoul-f729,-27,51,Normal
2026-02-11 08:20:37.379556,Seoul-f729,-19,32,Normal
2026-02-11 08:20:38.379556,Seoul-f729,-11,63,Normal
2026-02-11 08:20:39.379556,Seoul-f729,-13,41,Normal
2026-02-11 08:20:40.379556,Seoul-f729,4,88,Normal
2026-02-11 08:20:41.379556,Seoul-f729,36,55,Normal
2026-02-11 08:20:42.379556,Seoul-f729,-23,35,Normal
2026-02-11 08:20:43.379556,Seoul-f729,48,3,Normal
2026-02-11 08:20:44.379556,Seoul-f729,32,75,Normal
2026-02-11 08:20:45.379556,Seoul-f729,-28,25,Normal
2026-02-11 08:20:46.379556,Seoul-f729,-10,62,Normal
2026-02-11 08:20:47.379556,Seoul-f729,-14,5,Normal
2026-02-11 08:20:48.379556,Seoul-f729,19,85,Normal
2026-02-11 08:20:49.379556,Seoul-f729,29,78,Normal
2026-02-11 08:20:50.379556,Seoul-f729,17,1,Normal
2026-02-11 08:20:51.379556,Seoul-f729,7,58,Normal
2026-02-11 08:20:52.379556,Seoul-f729,-25,97,Normal
2026-02-11 08:20:53.379556,Seoul-f729,-26,81,Normal
2026-02-11 08:20:54.379556,Seoul-f729,45,98,Normal
2026-02-11 08:20:55.379556,Seoul-f729,0,50,Normal
2026-02-11 08:20:56.379556,Seoul-f729,-30,59,Normal
2026-02-11 08:20:57.379556,Seoul-f729,9,19,Normal
2026-02-11 08:20:58.379556,Seoul-f729,25,8,Normal
2026-02-11 08:20:59.379556,Seoul-f729,-12,94,Normal
2026-02-11 08:21:00.379556,Seoul-f729,47,46,Normal
2026-02-11 08:21:01.379556,Seoul-f729,22,57,Normal
2026-02-11 08:21:02.379556,Seoul-f729,-28,43,Normal
2026-02-11 08:21:03.379556,Seoul-f729,41,53,Normal
2026-02-11 08:21:04.379556,Seoul-f729,50,29,Normal
2026-02-11 08:21:05.379556,Seoul-f729,-21,72,Normal
2026-02-11 08:21:06.379556,Seoul-f729,-13,10,Normal
2026-02-11 08:21:07.379556,Seoul-f729,6,31,Normal
2026-02-11 08:21:08.379556,Seoul-f729,-9,38,Normal
2026-02-11 08:21:09.379556,Seoul-f729,10,84,Normal
2026-02-11 08:21:10.379556,Seoul-f729,47,60,Normal
2026-02-11 08:21:11.379556,Seoul-f729,-29,95,Normal
2026-02-11 08:21:12.379556,Seoul-f729,-22,56,Normal
2026-02-11 08:21:13.379556,Seoul-f729,-14,26,Normal
2026-02-11 08:21:14.379556,Seoul-f729,33,64,Normal
2026-02-11 08:21:15.379556,Seoul-f729,-20,79,Normal
2026-02-11 08:21:16.379556,Seoul-f729,13,46,Normal
2026-02-11 08:21:17.379556,Seoul-f729,-16,2,Normal
2026-02-11 08:21:18.379556,Seoul-f729,-22,65,Normal
2026-02-11 08:21:19.379556,Seoul-f729,-17,78,Normal
2026-02-11 08:21:20.379556,Seoul-f729,-20,25,Normal
2026-02-11 08:21:21.379556,Seoul-f729,-25,81,Normal
2026-02-11 08:21:22.379556,Seoul-f729,26,16,Normal
2026-02-11 08:21:23.379556,Seoul-f729,8,26,Normal
2026-02-11 08:21:24.379556,Seoul-f729,2,23,Normal
2026-02-11 08:21:25.379556,Seoul-f729,18,12,Normal
2026-02-11 08:21:26.379556,Seoul-f729,7,31,Normal
2026-02-11 08:21:27.379556,Seoul-f729,21,57,Normal
2026-02-11 08:21:28.379556,Seoul-f729,41,97,Normal
2026-02-11 08:21:29.379556,Seoul-f729,-1,100,Normal
2026-02-11 08:21:30.379556,Seoul-f729,16,38,Normal
2026-02-11 08:21:31.379556,Seoul-f729,9,23,Normal
2026-02-11 08:21:32.379556,Seoul-f729,48,90,Normal
2026-02-11 08:21:33.379556,Seoul-f729,-30,87,Normal
2026-02-11 08:21:34.379556,Seoul-f729,-25,27,Normal
2026-02-11 08:21:35.379556,Seoul-f729,-16,17,Normal
2026-02-11 08:21:36.379556,Seoul-f729,42,32,Normal
2026-02-11 08:21:37.379556,Seoul-f729,8,37,Normal
2026-02-11 08:21:38.379556,Seoul-f729,-12,57,Normal
2026-02-11 08:21:39.379556,Seoul-f729,-20,83,Normal
2026-02-11 08:21:40.379556,Seoul-f729,-6,86,Normal
2026-02-11 08:21:41.379556,Seoul-f729,2,84,Normal
2026-02-11 08:21:42.379556,Seoul-f729,47,85,Normal
2026-02-11 08:21:43.379556,Seoul-f729,6,23,Normal
2026-02-11 08:21:44.379556,Seoul-f729,2,74,Normal
2026-02-11 08:21:45.379556,Seoul-f729,-25,63,Normal
2026-02-11 08:21:46.379556,Seoul-f729,35,71,Normal
2026-02-11 08:21:47.379556,Seoul-f729,5,83,Normal
2026-02-11 08:21:48.379556,Seoul-f729,25,15,Normal
2026-02-11 08:21:49.379556,Seoul-f729,30,90,Normal
2026-02-11 08:21:50.379556,Seoul-f729,-1,5,Normal
2026-02-11 08:21:51.379556,Seoul-f729,3,42,Normal
2026-02-11 08:21:52.379556,Seoul-f729,43,62,Normal
2026-02-11 08:21:53.379556,Seoul-f729,50,61,Normal
2026-02-11 08:21:54.379556,Seoul-f729,29,23,Normal
2026-02-11 08:21:55.379556,Seoul-f729,6,27,Normal
2026-02-11 08:21:56.379556,Seoul-f729,-26,56,Normal
2026-02-11 08:21:57.379556,Seoul-f729,0,39,Normal
2026-02-11 08:21:58.379556,Seoul-f729,45,24,Normal
2026-02-11 08:21:59.379556,Seoul-f729,20,71,Normal
2026-02-11 08:22:00.379556,Seoul-f729,47,2,Normal
2026-02-11 08:22:01.379556,Seoul-f729,14,52,Normal
2026-02-11 08:22:02.379556,Seoul-f729,-22,32,Normal
2026-02-11 08:22:03.379556,Seoul-f729,-24,7,Normal
2026-02-11 08:22:04.379556,Seoul-f729,-12,0,Normal
2026-02-11 08:22:05.379556,Seoul-f729,-17,90,Normal
2026-02-11 08:22:06.379556,Seoul-f729,36,11,Normal
2026-02-11 08:22:07.379556,Seoul-f729,-20,20,Normal
2026-02-11 08:22:08.379556,Seoul-f729,22,27,Normal
2026-02-11 08:22:09.379556,Seoul-f729,-22,14,Normal
2026-02-11 08:22:10.379556,Seoul-f729,39,59,Normal
2026-02-11 08:22:11.379556,Seoul-f729,-5,93,Normal
2026-02-11 08:22:12.379556,Seoul-f729,37,9,Normal
2026-02-11 08:22:13.379556,Seoul-f729,24,66,Normal
2026-02-11 08:22:14.379556,Seoul-f729,-19,57,Normal
2026-02-11 08:22:15.379556,Seoul-f729,9,35,Normal
2026-02-11 08:22:16.379556,Seoul-f729,19,65,Normal
2026-02-11 08:22:17.379556,Seoul-f729,36,19,Normal
2026-02-11 08:22:18.379556,Seoul-f729,-21,21,Normal
2026-02-11 08:22:19.379556,Seoul-f729,12,23,Normal
2026-02-11 08:22:20.379556,Seoul-f729,45,75,Normal
2026-02-11 08:22:21.379556,Seoul-f729,38,13,Normal
2026-02-11 08:22:22.379556,Seoul-f729,17,99,Normal
2026-02-11 08:22:23.379556,Seoul-f729,20,66,Normal
2026-02-11 08:22:24.379556,Seoul-f729,19,40,Normal
2026-02-11 08:22:25.379556,Seoul-f729,38,41,Normal
2026-02-11 08:22:26.379556,Seoul-f729,48,75,Normal
2026-02-11 08:22:27.379556,Seoul-f729,-26,80,Normal
2026-02-11 08:22:28.379556,Seoul-f729,36,44,Normal
2026-02-11 08:22:29.379556,Seoul-f729,27,11,Normal
2026-02-11 08:22:30.379556,Seoul-f729,35,27,Normal
2026-02-11 08:22:31.379556,Seoul-f729,50,87,Normal
2026-02-11 08:22:32.379556,Seoul-f729,50,72,Normal
2026-02-11 08:22:33.379556,Seoul-f729,34,39,Normal
2026-02-11 08:22:34.379556,Seoul-f729,7,47,Normal
2026-02-11 08:22:35.379556,Seoul-f729,27,80,Normal
2026-02-11 08:22:36.379556,Seoul-f729,-18,28,Normal
2026-02-11 08:22:37.379556,Seoul-f729,44,78,Normal
2026-02-11 08:22:38.379556,Seoul-f729,46,30,Normal
2026-02-11 08:22:39.379556,Seoul-f729,-12,4,Normal
2026-02-11 08:22:40.379556,Seoul-f729,-26,100,Normal
2026-02-11 08:22:41.379556,Seoul-f729,25,83,Normal
2026-02-11 08:22:42.379556,Seoul-f729,-18,1,Normal
2026-02-11 08:22:43.379556,Seoul-f729,37,85,Normal
2026-02-11 08:22:44.379556,Seoul-f729,18,3,Normal
2026-02-11 08:22:45.379556,Seoul-f729,4,64,Normal
2026-02-11 08:22:46.379556,Seoul-f729,-8,79,Normal
2026-02-11 08:22:47.379556,Seoul-f729,48,8,Normal
2026-02-11 08:22:48.379556,Seoul-f729,-14,31,Normal
2026-02-11 08:22:49.379556,Seoul-f729,49,48,Normal
2026-02-11 08:22:50.379556,Seoul-f729,-29,94,Normal
2026-02-11 08:22:51.379556,Seoul-f729,-21,22,Normal
2026-02-11 08:22:52.379556,Seoul-f729,-17,35,Normal
2026-02-11 08:22:53.379556,Seoul-f729,-3,19,Normal
2026-02-11 08:22:54.379556,Seoul-f729,-2,73,Normal
2026-02-11 08:22:55.379556,Seoul-f729,38,89,Normal
2026-02-11 08:22:56.379556,Seoul-f729,15,62,Normal
2026-02-11 08:22:57.379556,Seoul-f729,29,83,Normal
2026-02-11 08:22:58.379556,Seoul-f729,1,52,Normal
2026-02-11 08:22:59.379556,Seoul-f729,-22,38,Normal
2026-02-11 08:23:00.379556,Seoul-f729,31,70,Normal
2026-02-11 08:23:01.379556,Seoul-f729,-28,17,Normal
2026-02-11 08:23:02.379556,Seoul-f729,-9,24,Normal
2026-02-11 08:23:03.379556,Seoul-f729,-30,98,Normal
2026-02-11 08:23:04.379556,Seoul-f729,46,28,Normal
2026-02-11 08:23:05.379556,Seoul-f729,34,65,Normal
2026-02-11 08:23:06.379556,Seoul-f729,16,2,Normal
2026-02-11 08:23:07.379556,Seoul-f729,21,99,Normal
2026-02-11 08:23:08.379556,Seoul-f729,24,74,Normal
2026-02-11 08:23:09.379556,Seoul-f729,-18,53,Normal
2026-02-11 08:23:10.379556,Seoul-f729,11,72,Normal
2026-02-11 08:23:11.379556,Seoul-f729,39,14,Normal
2026-02-11 08:23:12.379556,Seoul-f729,-5,81,Normal
2026-02-11 08:23:13.379556,Seoul-f729,-10,90,Normal
2026-02-11 08:23:14.379556,Seoul-f729,-27,20,Normal
2026-02-11 08:23:15.379556,Seoul-f729,12,75,Normal
2026-02-11 08:23:16.379556,Seoul-f729,-16,66,Normal
2026-02-11 08:23:17.379556,Seoul-f729,-25,62,Normal
2026-02-11 08:23:18.379556,Seoul-f729,-30,41,Normal
2026-02-11 08:23:19.379556,Seoul-f729,48,8,Normal
2026-02-11 08:23:20.379556,Seoul-f729,-20,1,Normal
2026-02-11 08:23:21.379556,Seoul-f729,10,52,Normal
2026-02-11 08:23:22.379556,Seoul-f729,-26,23,Normal
2026-02-11 08:23:23.379556,Seoul-f729,49,8,Normal
2026-02-11 08:23:24.379556,Seoul-f729,-17,34,Normal
2026-02-11 08:23:25.379556,Seoul-f729,-4,67,Normal
2026-02-11 08:23:26.379556,Seoul-f729,35,87,Normal
2026-02-11 08:23:27.379556,Seoul-f729,34,60,Normal
2026-02-11 08:23:28.379556,Seoul-f729,42,53,Normal
2026-02-11 08:23:29.379556,Seoul-f729,-27,39,Normal
2026-02-11 08:23:30.379556,Seoul-f729,-13,50,Normal
2026-02-11 08:23:31.379556,Seoul-f729,33,78,Normal
2026-02-11 08:23:32.379556,Seoul-f729,6,9,Normal
2026-02-11 08:23:33.379556,Seoul-f729,-20,0,Normal
2026-02-11 08:23:34.379556,Seoul-f729,28,58,Normal
2026-02-11 08:23:35.379556,Seoul-f729,-20,48,Normal
2026-02-11 08:23:36.379556,Seoul-f729,6,81,Normal
2026-02-11 08:23:37.379556,Seoul-f729,8,40,Normal
2026-02-11 08:23:38.379556,Seoul-f729,-8,87,Normal
2026-02-11 08:23:39.379556,Seoul-f729,-23,71,Normal
2026-02-11 08:23:40.379556,Seoul-f729,-3,7,Normal
2026-02-11 08:23:41.379556,Seoul-f729,50,35,Normal
2026-02-11 08:23:42.379556,Seoul-f729,39,61,Normal
2026-02-11 08:23:43.379556,Seoul-f729,6,8,Normal
2026-02-11 08:23:44.379556,Seoul-f729,-26,87,Normal
2026-02-11 08:23:45.379556,Seoul-f729,-5,67,Normal
2026-02-11 08:23:46.379556,Seoul-f729,29,16,Normal
2026-02-11 08:23:47.379556,Seoul-f729,9,88,Normal
2026-02-11 08:23:48.379556,Seoul-f729,6,1,Normal
2026-02-11 08:23:49.379556,Seoul-f729,10,43,Normal
2026-02-11 08:23:50.379556,Seoul-f729,42,50,Normal
2026-02-11 08:23:51.379556,Seoul-f729,33,82,Normal
2026-02-11 08:23:52.379556,Seoul-f729,11,80,Normal
2026-02-11 08:23:53.379556,Seoul-f729,16,13,Normal
2026-02-11 08:23:54.379556,Seoul-f729,43,60,Normal
2026-02-11 08:23:55.379556,Seoul-f729,12,58,Normal
2026-02-11 08:23:56.379556,Seoul-f729,34,11,Normal
2026-02-11 08:23:57.379556,Seoul-f729,-1,7,Normal
2026-02-11 08:23:58.379556,Seoul-f729,-2,49,Normal
2026-02-11 08:23:59.379556,Seoul-f729,41,70,Normal
2026-02-11 08:24:00.379556,Seoul-f729,-12,47,Normal
2026-02-11 08:24:01.379556,Seoul-f729,22,9,Normal
2026-02-11 08:24:02.379556,Seoul-f729,3,17,Normal
2026-02-11 08:24:03.379556,Seoul-f729,15,59,Normal
2026-02-11 08:24:04.379556,Seoul-f729,-17,17,Normal
2026-02-11 08:24:05.379556,Seoul-f729,45,31,Normal
2026-02-11 08:24:06.379556,Seoul-f729,49,51,Normal
2026-02-11 08:24:07.379556,Seoul-f729,33,68,Normal
2026-02-11 08:24:08.379556,Seoul-f729,41,1,Normal
2026-02-11 08:24:09.379556,Seoul-f729,13,84,Normal
2026-02-11 08:24:10.379556,Seoul-f729,-4,60,Normal
2026-02-11 08:24:11.379556,Seoul-f729,-21,10,Normal
2026-02-11 08:24:12.379556,Seoul-f729,11,51,Normal
2026-02-11 08:24:13.379556,Seoul-f729,25,2,Normal
2026-02-11 08:24:14.379556,Seoul-f729,29,14,Normal
2026-02-11 08:24:15.379556,Seoul-f729,46,58,Normal
2026-02-11 08:24:16.379556,Seoul-f729,11,68,Normal
2026-02-11 08:24:17.379556,Seoul-f729,8,75,Normal
2026-02-11 08:24:18.379556,Seoul-f729,-17,8,Normal
2026-02-11 08:24:19.379556,Seoul-f729,-4,67,Normal
2026-02-11 08:24:20.379556,Seoul-f729,13,1,Normal
2026-02-11 08:24:21.379556,Seoul-f729,41,52,Normal
2026-02-11 08:24:22.379556,Seoul-f729,5,60,Normal
2026-02-11 08:24:23.379556,Seoul-f729,-30,31,Normal
2026-02-11 08:24:24.379556,Seoul-f729,0,26,Normal
2026-02-11 08:24:25.379556,Seoul-f729,20,82,Normal
2026-02-11 08:24:26.379556,Seoul-f729,-11,84,Normal
2026-02-11 08:24:27.379556,Seoul-f729,34,45,Normal
2026-02-11 08:24:28.379556,Seoul-f729,-16,65,Normal
2026-02-11 08:24:29.379556,Seoul-f729,11,100,Normal
2026-02-11 08:24:30.379556,Seoul-f729,-18,87,Normal
2026-02-11 08:24:31.379556,Seoul-f729,49,28,Normal
2026-02-11 08:24:32.379556,Seoul-f729,27,81,Normal
2026-02-11 08:24:33.379556,Seoul-f729,-7,6,Normal
2026-02-11 08:24:34.379556,Seoul-f729,24,31,Normal
2026-02-11 08:24:35.379556,Seoul-f729,-1,89,Normal
2026-02-11 08:24:36.379556,Seoul-f729,40,74,Normal
2026-02-11 08:24:37.379556,Seoul-f729,40,77,Normal
2026-02-11 08:24:38.379556,Seoul-f729,47,23,Normal
2026-02-11 08:24:39.379556,Seoul-f729,-7,35,Normal
2026-02-11 08:24:40.379556,Seoul-f729,-24,57,Normal
2026-02-11 08:24:41.379556,Seoul-f729,-8,11,Normal
2026-02-11 08:24:42.379556,Seoul-f729,29,12,Normal
2026-02-11 08:24:43.379556,Seoul-f729,-18,35,Normal
2026-02-11 08:24:44.379556,Seoul-f729,-19,35,Normal
2026-02-11 08:24:45.379556,Seoul-f729,42,55,Normal
2026-02-11 08:24:46.379556,Seoul-f729,40,52,Normal
2026-02-11 08:24:47.379556,Seoul-f729,-29,68,Normal
2026-02-11 08:24:48.379556,Seoul-f729,1,32,Normal
2026-02-11 08:24:49.379556,Seoul-f729,-7,75,Normal
2026-02-11 08:24:50.379556,Seoul-f729,45,77,Normal
2026-02-11 08:24:51.379556,Seoul-f729,-4,98,Normal
2026-02-11 08:24:52.379556,Seoul-f729,7,100,Normal
2026-02-11 08:24:53.379556,Seoul-f729,-17,44,Normal
2026-02-11 08:24:54.379556,Seoul-f729,-4,2,Normal
2026-02-11 08:24:55.379556,Seoul-f729,-17,95,Normal
2026-02-11 08:24:56.379556,Seoul-f729,-30,70,Normal
2026-02-11 08:24:57.379556,Seoul-f729,30,56,Normal
2026-02-11 08:24:58.379556,Seoul-f729,-25,54,Normal
2026-02-11 08:24:59.379556,Seoul-f729,-21,47,Normal
2026-02-11 08:25:00.379556,Seoul-f729,-27,39,Normal
2026-02-11 08:25:01.379556,Seoul-f729,-23,97,Normal
2026-02-11 08:25:02.379556,Seoul-f729,4,43,Normal
2026-02-11 08:25:03.379556,Seoul-f729,-12,44,Normal
2026-02-11 08:25:04.379556,Seoul-f729,3,67,Normal
2026-02-11 08:25:05.379556,Seoul-f729,-13,63,Normal
2026-02-11 08:25:06.379556,Seoul-f729,1,99,Normal
2026-02-11 08:25:07.379556,Seoul-f729,-2,70,Normal
2026-02-11 08:25:08.379556,Seoul-f729,-1,89,Normal
2026-02-11 08:25:09.379556,Seoul-f729,-22,65,Normal
2026-02-11 08:25:10.379556,Seoul-f729,16,95,Normal
2026-02-11 08:25:11.379556,Seoul-f729,-3,99,Normal
2026-02-11 08:25:12.379556,Seoul-f729,50,93,Normal
2026-02-11 08:25:13.379556,Seoul-f729,5,11,Normal
2026-02-11 08:25:14.379556,Seoul-f729,15,99,Normal
2026-02-11 08:25:15.379556,Seoul-f729,-17,56,Normal
2026-02-11 08:25:16.379556,Seoul-f729,-23,34,Normal
2026-02-11 08:25:17.379556,Seoul-f729,-16,11,Normal
2026-02-11 08:25:18.379556,Seoul-f729,9,10,Normal
2026-02-11 08:25:19.379556,Seoul-f729,48,19,Normal
2026-02-11 08:25:20.379556,Seoul-f729,6,17,Normal
2026-02-11 08:25:21.379556,Seoul-f729,1,12,Normal
2026-02-11 08:25:22.379556,Seoul-f729,-22,82,Normal
2026-02-11 08:25:23.379556,Seoul-f729,-3,73,Normal
2026-02-11 08:25:24.379556,Seoul-f729,-6,70,Normal
2026-02-11 08:25:25.379556,Seoul-f729,-9,20,Normal
2026-02-11 08:25:26.379556,Seoul-f729,13,31,Normal
2026-02-11 08:25:27.379556,Seoul-f729,-3,23,Normal
2026-02-11 08:25:28.379556,Seoul-f729,7,11,Normal
2026-02-11 08:25:29.379556,Seoul-f729,-4,83,Normal
2026-02-11 08:25:30.379556,Seoul-f729,36,56,Normal
2026-02-11 08:25:31.379556,Seoul-f729,-6,57,Normal
2026-02-11 08:25:32.379556,Seoul-f729,18,43,Normal
2026-02-11 08:25:33.379556,Seoul-f729,12,26,Normal
2026-02-11 08:25:34.379556,Seoul-f729,5,16,Normal
2026-02-11 08:25:35.379556,Seoul-f729,-6,71,Normal
2026-02-11 08:25:36.379556,Seoul-f729,3,30,Normal
2026-02-11 08:25:37.379556,Seoul-f729,-26,66,Normal
2026-02-11 08:25:38.379556,Seoul-f729,20,40,Normal
2026-02-11 08:25:39.379556,Seoul-f729,38,13,Normal
2026-02-11 08:25:40.379556,Seoul-f729,7,14,Normal
2026-02-11 08:25:41.379556,Seoul-f729,-21,51,Normal
2026-02-11 08:25:42.379556,Seoul-f729,-22,47,Normal
2026-02-11 08:25:43.379556,Seoul-f729,12,74,Normal
2026-02-11 08:25:44.379556,Seoul-f729,2,81,Normal
2026-02-11 08:25:45.379556,Seoul-f729,-21,33,Normal
2026-02-11 08:25:46.379556,Seoul-f729,12,41,Normal
2026-02-11 08:25:47.379556,Seoul-f729,20,66,Normal
2026-02-11 08:25:48.379556,Seoul-f729,-12,1,Normal
2026-02-11 08:25:49.379556,Seoul-f729,21,1,Normal
2026-02-11 08:25:50.379556,Seoul-f729,47,94,Normal
2026-02-11 08:25:51.379556,Seoul-f729,-9,72,Normal
2026-02-11 08:25:52.379556,Seoul-f729,-2,92,Normal
2026-02-11 08:25:53.379556,Seoul-f729,4,31,Normal
2026-02-11 08:25:54.379556,Seoul-f729,28,29,Normal
2026-02-11 08:25:55.379556,Seoul-f729,-30,8,Normal
2026-02-11 08:25:56.379556,Seoul-f729,-23,56,Normal
2026-02-11 08:25:57.379556,Seoul-f729,44,17,Normal
2026-02-11 08:25:58.379556,Seoul-f729,-6,52,Normal
2026-02-11 08:25:59.379556,Seoul-f729,-26,97,Normal
2026-02-11 08:26:00.379556,Seoul-f729,33,46,Normal
2026-02-11 08:26:01.379556,Seoul-f729,19,53,Normal
2026-02-11 08:26:02.379556,Seoul-f729,41,31,Normal
2026-02-11 08:26:03.379556,Seoul-f729,-4,52,Normal
2026-02-11 08:26:04.379556,Seoul-f729,6,11,Normal
2026-02-11 08:26:05.379556,Seoul-f729,39,72,Normal
2026-02-11 08:26:06.379556,Seoul-f729,-12,70,Normal
2026-02-11 08:26:07.379556,Seoul-f729,14,31,Normal
2026-02-11 08:26:08.379556,Seoul-f729,35,96,Normal
2026-02-11 08:26:09.379556,Seoul-f729,24,17,Normal
2026-02-11 08:26:10.379556,Seoul-f729,14,64,Normal
2026-02-11 08:26:11.379556,Seoul-f729,31,17,Normal
2026-02-11 08:26:12.379556,Seoul-f729,-2,48,Normal
2026-02-11 08:26:13.379556,Seoul-f729,18,56,Normal
2026-02-11 08:26:14.379556,Seoul-f729,-27,41,Normal
2026-02-11 08:26:15.379556,Seoul-f729,-25,74,Normal
2026-02-11 08:26:16.379556,Seoul-f729,40,83,Normal
2026-02-11 08:26:17.379556,Seoul-f729,24,73,Normal
2026-02-11 08:26:18.379556,Seoul-f729,-22,39,Normal
2026-02-11 08:26:19.379556,Seoul-f729,43,23,Normal
2026-02-11 08:26:20.379556,Seoul-f729,41,88,Normal
2026-02-11 08:26:21.379556,Seoul-f729,25,24,Normal
2026-02-11 08:26:22.379556,Seoul-f729,-18,24,Normal
2026-02-11 08:26:23.379556,Seoul-f729,11,5,Normal
2026-02-11 08:26:24.379556,Seoul-f729,32,10,Normal
2026-02-11 08:26:25.379556,Seoul-f729,-18,19,Normal
2026-02-11 08:26:26.379556,Seoul-f729,41,41,Normal
2026-02-11 08:26:27.379556,Seoul-f729,-28,17,Normal
2026-02-11 08:26:28.379556,Seoul-f729,6,13,Normal
2026-02-11 08:26:29.379556,Seoul-f729,-22,66,Normal
2026-02-11 08:26:30.379556,Seoul-f729,14,41,Normal
2026-02-11 08:26:31.379556,Seoul-f729,-27,73,Normal
2026-02-11 08:26:32.379556,Seoul-f729,-7,84,Normal
2026-02-11 08:26:33.379556,Seoul-f729,39,5,Normal
2026-02-11 08:26:34.379556,Seoul-f729,12,28,Normal
2026-02-11 08:26:35.379556,Seoul-f729,15,99,Normal
2026-02-11 08:26:36.379556,Seoul-f729,-28,41,Normal
2026-02-11 08:26:37.379556,Seoul-f729,11,27,Normal
2026-02-11 08:26:38.379556,Seoul-f729,49,44,Normal
2026-02-11 08:26:39.379556,Seoul-f729,22,50,Normal
2026-02-11 08:26:40.379556,Seoul-f729,38,17,Normal
2026-02-11 08:26:41.379556,Seoul-f729,-14,52,Normal
2026-02-11 08:26:42.379556,Seoul-f729,-14,88,Normal
2026-02-11 08:26:43.379556,Seoul-f729,-1,59,Normal
2026-02-11 08:26:44.379556,Seoul-f729,9,52,Normal
2026-02-11 08:26:45.379556,Seoul-f729,50,41,Normal
2026-02-11 08:26:46.379556,Seoul-f729,36,34,Normal
2026-02-11 08:26:47.379556,Seoul-f729,-5,84,Normal
2026-02-11 08:26:48.379556,Seoul-f729,14,41,Normal
2026-02-11 08:26:49.379556,Seoul-f729,-13,87,Normal
2026-02-11 08:26:50.379556,Seoul-f729,-9,90,Normal
2026-02-11 08:26:51.379556,Seoul-f729,46,95,Normal
2026-02-11 08:26:52.379556,Seoul-f729,-4,59,Normal
2026-02-11 08:26:53.379556,Seoul-f729,19,23,Normal
2026-02-11 08:26:54.379556,Seoul-f729,-14,61,Normal
2026-02-11 08:26:55.379556,Seoul-f729,-18,61,Normal
2026-02-11 08:26:56.379556,Seoul-f729,38,66,Normal
2026-02-11 08:26:57.379556,Seoul-f729,-3,39,Normal
2026-02-11 08:26:58.379556,Seoul-f729,22,74,Normal
2026-02-11 08:26:59.379556,Seoul-f729,47,96,Normal
2026-02-11 08:27:00.379556,Seoul-f729,43,88,Normal
2026-02-11 08:27:01.379556,Seoul-f729,3,18,Normal
2026-02-11 08:27:02.379556,Seoul-f729,6,15,Normal
2026-02-11 08:27:03.379556,Seoul-f729,10,81,Normal
2026-02-11 08:27:04.379556,Seoul-f729,37,30,Normal
2026-02-11 08:27:05.379556,Seoul-f729,-16,6,Normal
2026-02-11 08:27:06.379556,Seoul-f729,5,34,Normal
2026-02-11 08:27:07.379556,Seoul-f729,-16,20,Normal
2026-02-11 08:27:08.379556,Seoul-f729,-19,50,Normal
2026-02-11 08:27:09.379556,Seoul-f729,-11,78,Normal
2026-02-11 08:27:10.379556,Seoul-f729,-14,71,Normal
2026-02-11 08:27:11.379556,Seoul-f729,49,41,Normal
2026-02-11 08:27:12.379556,Seoul-f729,34,41,Normal
2026-02-11 08:27:13.379556,Seoul-f729,-1,55,Normal
2026-02-11 08:27:14.379556,Seoul-f729,8,44,Normal
2026-02-11 08:27:15.379556,Seoul-f729,-20,66,Normal
2026-02-11 08:27:16.379556,Seoul-f729,28,2,Normal
2026-02-11 08:27:17.379556,Seoul-f729,50,69,Normal
2026-02-11 08:27:18.379556,Seoul-f729,8,22,Normal
2026-02-11 08:27:19.379556,Seoul-f729,-26,62,Normal
2026-02-11 08:27:20.379556,Seoul-f729,26,38,Normal
2026-02-11 08:27:21.379556,Seoul-f729,6,58,Normal
2026-02-11 08:27:22.379556,Seoul-f729,-11,60,Normal
2026-02-11 08:27:23.379556,Seoul-f729,46,75,Normal
2026-02-11 08:27:24.379556,Seoul-f729,-1,12,Normal
2026-02-11 08:27:25.379556,Seoul-f729,41,14,Normal
2026-02-11 08:27:26.379556,Seoul-f729,36,33,Normal
2026-02-11 08:27:27.379556,Seoul-f729,2,45,Normal
2026-02-11 08:27:28.379556,Seoul-f729,-8,53,Normal
2026-02-11 08:27:29.379556,Seoul-f729,11,88,Normal
2026-02-11 08:27:30.379556,Seoul-f729,-5,33,Normal
2026-02-11 08:27:31.379556,Seoul-f729,-20,35,Normal
2026-02-11 08:27:32.379556,Seoul-f729,-23,24,Normal
2026-02-11 08:27:33.379556,Seoul-f729,49,10,Normal
2026-02-11 08:27:34.379556,Seoul-f729,2,82,Normal
2026-02-11 08:27:35.379556,Seoul-f729,0,13,Normal
2026-02-11 08:27:36.379556,Seoul-f729,-24,98,Normal
2026-02-11 08:27:37.379556,Seoul-f729,11,22,Normal
2026-02-11 08:27:38.379556,Seoul-f729,-26,53,Normal
2026-02-11 08:27:39.379556,Seoul-f729,0,4,Normal
2026-02-11 08:27:40.379556,Seoul-f729,-15,87,Normal
2026-02-11 08:27:41.379556,Seoul-f729,30,22,Normal
2026-02-11 08:27:42.379556,Seoul-f729,11,63,Normal
2026-02-11 08:27:43.379556,Seoul-f729,-18,2,Normal
2026-02-11 08:27:44.379556,Seoul-f729,-24,23,Normal
2026-02-11 08:27:45.379556,Seoul-f729,-3,22,Normal
2026-02-11 08:27:46.379556,Seoul-f729,17,51,Normal
2026-02-11 08:27:47.379556,Seoul-f729,-3,45,Normal
2026-02-11 08:27:48.379556,Seoul-f729,-15,7,Normal
2026-02-11 08:27:49.379556,Seoul-f729,-30,100,Normal
2026-02-11 08:27:50.379556,Seoul-f729,32,96,Normal
2026-02-11 08:27:51.379556,Seoul-f729,42,83,Normal
2026-02-11 08:27:52.379556,Seoul-f729,15,81,Normal
2026-02-11 08:27:53.379556,Seoul-f729,15,35,Normal
2026-02-11 08:27:54.379556,Seoul-f729,37,55,Normal
2026-02-11 08:27:55.379556,Seoul-f729,4,32,Normal
2026-02-11 08:27:56.379556,Seoul-f729,8,85,Normal
2026-02-11 08:27:57.379556,Seoul-f729,-30,61,Normal
2026-02-11 08:27:58.379556,Seoul-f729,-14,33,Normal
2026-02-11 08:27:59.379556,Seoul-f729,0,14,Normal
2026-02-11 08:28:00.379556,Seoul-f729,-22,100,Normal
2026-02-11 08:28:01.379556,Seoul-f729,-7,88,Normal
2026-02-11 08:28:02.379556,Seoul-f729,30,13,Normal
2026-02-11 08:28:03.379556,Seoul-f729,-18,47,Normal
2026-02-11 08:28:04.379556,Seoul-f729,16,100,Normal
2026-02-11 08:28:05.379556,Seoul-f729,5,100,Normal
2026-02-11 08:28:06.379556,Seoul-f729,-23,36,Normal
2026-02-11 08:28:07.379556,Seoul-f729,-2,11,Normal
2026-02-11 08:28:08.379556,Seoul-f729,2,74,Normal
2026-02-11 08:28:09.379556,Seoul-f729,13,72,Normal
2026-02-11 08:28:10.379556,Seoul-f729,7,77,Normal
2026-02-11 08:28:11.379556,Seoul-f729,-22,0,Normal
2026-02-11 08:28:12.379556,Seoul-f729,-28,78,Normal
2026-02-11 08:28:13.379556,Seoul-f729,29,78,Normal
2026-02-11 08:28:14.379556,Seoul-f729,-17,49,Normal
2026-02-11 08:28:15.379556,Seoul-f729,-1,72,Normal
2026-02-11 08:28:16.379556,Seoul-f729,1,8,Normal
2026-02-11 08:28:17.379556,Seoul-f729,-3,87,Normal
2026-02-11 08:28:18.379556,Seoul-f729,9,56,Normal
2026-02-11 08:28:19.379556,Seoul-f729,26,15,Normal
2026-02-11 08:28:20.379556,Seoul-f729,23,0,Normal
2026-02-11 08:28:21.379556,Seoul-f729,-22,28,Normal
2026-02-11 08:28:22.379556,Seoul-f729,-17,79,Normal
2026-02-11 08:28:23.379556,Seoul-f729,39,100,Normal
2026-02-11 08:28:24.379556,Seoul-f729,28,36,Normal
2026-02-11 08:28:25.379556,Seoul-f729,-21,25,Normal
2026-02-11 08:28:26.379556,Seoul-f729,8,38,Normal
2026-02-11 08:28:27.379556,Seoul-f729,32,24,Normal
2026-02-11 08:28:28.379556,Seoul-f729,-26,52,Normal
2026-02-11 08:28:29.379556,Seoul-f729,11,65,Normal
2026-02-11 08:28:30.379556,Seoul-f729,13,97,Normal
2026-02-11 08:28:31.379556,Seoul-f729,32,38,Normal
2026-02-11 08:28:32.379556,Seoul-f729,35,12,Normal
2026-02-11 08:28:33.379556,Seoul-f729,-28,55,Normal
2026-02-11 08:28:34.379556,Seoul-f729,34,14,Normal
2026-02-11 08:28:35.379556,Seoul-f729,-8,72,Normal
2026-02-11 08:28:36.379556,Seoul-f729,20,74,Normal
2026-02-11 08:28:37.379556,Seoul-f729,19,54,Normal
2026-02-11 08:28:38.379556,Seoul-f729,-19,24,Normal
2026-02-11 08:28:39.379556,Seoul-f729,-3,15,Normal
2026-02-11 08:28:40.379556,Seoul-f729,6,2,Normal
2026-02-11 08:28:41.379556,Seoul-f729,13,20,Normal
2026-02-11 08:28:42.379556,Seoul-f729,50,95,Normal
2026-02-11 08:28:43.379556,Seoul-f729,24,22,Normal
2026-02-11 08:28:44.379556,Seoul-f729,-14,52,Normal
2026-02-11 08:28:45.379556,Seoul-f729,32,67,Normal
2026-02-11 08:28:46.379556,Seoul-f729,-25,40,Normal
2026-02-11 08:28:47.379556,Seoul-f729,5,88,Normal
2026-02-11 08:28:48.379556,Seoul-f729,-11,58,Normal
2026-02-11 08:28:49.379556,Seoul-f729,-12,7,Normal
2026-02-11 08:28:50.379556,Seoul-f729,1,78,Normal
2026-02-11 08:28:51.379556,Seoul-f729,-5,65,Normal
2026-02-11 08:28:52.379556,Seoul-f729,41,91,Normal
2026-02-11 08:28:53.379556,Seoul-f729,-17,27,Normal
2026-02-11 08:28:54.379556,Seoul-f729,-2,50,Normal
2026-02-11 08:28:55.379556,Seoul-f729,31,90,Normal
2026-02-11 08:28:56.379556,Seoul-f729,36,65,Normal
2026-02-11 08:28:57.379556,Seoul-f729,-22,75,Normal
2026-02-11 08:28:58.379556,Seoul-f729,-30,9,Normal
2026-02-11 08:28:59.379556,Seoul-f729,29,37,Normal
2026-02-11 08:29:00.379556,Seoul-f729,23,1,Normal
2026-02-11 08:29:01.379556,Seoul-f729,38,50,Normal
2026-02-11 08:29:02.379556,Seoul-f729,33,24,Normal
2026-02-11 08:29:03.379556,Seoul-f729,-6,66,Normal
2026-02-11 08:29:04.379556,Seoul-f729,46,78,Normal
2026-02-11 08:29:05.379556,Seoul-f729,-15,53,Normal
2026-02-11 08:29:06.379556,Seoul-f729,12,40,Normal
2026-02-11 08:29:07.379556,Seoul-f729,8,62,Normal
2026-02-11 08:29:08.379556,Seoul-f729,30,48,Normal
2026-02-11 08:29:09.379556,Seoul-f729,2,68,Normal
2026-02-11 08:29:10.379556,Seoul-f729,-30,82,Normal
2026-02-11 08:29:11.379556,Seoul-f729,29,25,Normal
2026-02-11 08:29:12.379556,Seoul-f729,41,53,Normal
2026-02-11 08:29:13.379556,Seoul-f729,-24,98,Normal
2026-02-11 08:29:14.379556,Seoul-f729,-27,9,Normal
2026-02-11 08:29:15.379556,Seoul-f729,20,67,Normal
2026-02-11 08:29:16.379556,Seoul-f729,-24,78,Normal
2026-02-11 08:29:17.379556,Seoul-f729,-14,73,Normal
2026-02-11 08:29:18.379556,Seoul-f729,-22,46,Normal
2026-02-11 08:29:19.379556,Seoul-f729,-7,23,Normal
2026-02-11 08:29:20.379556,Seoul-f729,11,30,Normal
2026-02-11 08:29:21.379556,Seoul-f729,-7,4,Normal
2026-02-11 08:29:22.379556,Seoul-f729,34,10,Normal
2026-02-11 08:29:23.379556,Seoul-f729,-5,65,Normal
2026-02-11 08:29:24.379556,Seoul-f729,15,69,Normal
2026-02-11 08:29:25.379556,Seoul-f729,11,44,Normal
2026-02-11 08:29:26.379556,Seoul-f729,26,50,Normal
2026-02-11 08:29:27.379556,Seoul-f729,36,4,Normal
2026-02-11 08:29:28.379556,Seoul-f729,35,71,Normal
2026-02-11 08:29:29.379556,Seoul-f729,44,72,Normal
2026-02-11 08:29:30.379556,Seoul-f729,3,0,Normal
2026-02-11 08:29:31.379556,Seoul-f729,-14,78,Normal
2026-02-11 08:29:32.379556,Seoul-f729,49,59,Normal
2026-02-11 08:29:33.379556,Seoul-f729,15,81,Normal
2026-02-11 08:29:34.379556,Seoul-f729,-28,80,Normal
2026-02-11 08:29:35.379556,Seoul-f729,-8,20,Normal
2026-02-11 08:29:36.379556,Seoul-f729,-18,52,Normal
2026-02-11 08:29:37.379556,Seoul-f729,31,37,Normal
2026-02-11 08:29:38.379556,Seoul-f729,5,99,Normal
2026-02-11 08:29:39.379556,Seoul-f729,47,1,Normal
2026-02-11 08:29:40.379556,Seoul-f729,38,62,Normal
2026-02-11 08:29:41.379556,Seoul-f729,-13,90,Normal
2026-02-11 08:29:42.379556,Seoul-f729,-8,46,Normal
2026-02-11 08:29:43.379556,Seoul-f729,48,54,Normal
2026-02-11 08:29:44.379556,Seoul-f729,-4,2,Normal
2026-02-11 08:29:45.379556,Seoul-f729,45,68,Normal
2026-02-11 08:29:46.379556,Seoul-f729,-30,20,Normal
2026-02-11 08:29:47.379556,Seoul-f729,-3,81,Normal
2026-02-11 08:29:48.379556,Seoul-f729,-13,69,Normal
2026-02-11 08:29:49.379556,Seoul-f729,11,9,Normal
2026-02-11 08:29:50.379556,Seoul-f729,-27,49,Normal
2026-02-11 08:29:51.379556,Seoul-f729,24,91,Normal
2026-02-11 08:29:52.379556,Seoul-f729,-18,28,Normal
2026-02-11 08:29:53.379556,Seoul-f729,18,75,Normal
2026-02-11 08:29:54.379556,Seoul-f729,46,85,Normal
2026-02-11 08:29:55.379556,Seoul-f729,-30,0,Normal
2026-02-11 08:29:56.379556,Seoul-f729,-3,8,Normal
2026-02-11 08:29:57.379556,Seoul-f729,-11,53,Normal
2026-02-11 08:29:58.379556,Seoul-f729,30,40,Normal
2026-02-11 08:29:59.379556,Seoul-f729,-25,63,Normal
2026-02-11 08:30:00.379556,Seoul-f729,-13,97,Normal
2026-02-11 08:30:01.379556,Seoul-f729,47,30,Normal
2026-02-11 08:30:02.379556,Seoul-f729,-19,98,Normal
2026-02-11 08:30:03.379556,Seoul-f729,-12,99,Normal
2026-02-11 08:30:04.379556,Seoul-f729,0,4,Normal
2026-02-11 08:30:05.379556,Seoul-f729,-30,99,Normal
2026-02-11 08:30:06.379556,Seoul-f729,16,68,Normal
2026-02-11 08:30:07.379556,Seoul-f729,-6,9,Normal
2026-02-11 08:30:08.379556,Seoul-f729,38,62,Normal
2026-02-11 08:30:09.379556,Seoul-f729,48,43,Normal
2026-02-11 08:30:10.379556,Seoul-f729,10,98,Normal
2026-02-11 08:30:11.379556,Seoul-f729,-4,72,Normal
2026-02-11 08:30:12.379556,Seoul-f729,29,99,Normal
2026-02-11 08:30:13.379556,Seoul-f729,5,70,Normal
2026-02-11 08:30:14.379556,Seoul-f729,14,65,Normal
2026-02-11 08:30:15.379556,Seoul-f729,47,25,Normal
2026-02-11 08:30:16.379556,Seoul-f729,-10,38,Normal
2026-02-11 08:30:17.379556,Seoul-f729,-25,97,Normal
2026-02-11 08:30:18.379556,Seoul-f729,-9,35,Normal
2026-02-11 08:30:19.379556,Seoul-f729,47,65,Normal
2026-02-11 08:30:20.379556,Seoul-f729,5,64,Normal
2026-02-11 08:30:21.379556,Seoul-f729,24,52,Normal
2026-02-11 08:30:22.379556,Seoul-f729,14,75,Normal
2026-02-11 08:30:23.379556,Seoul-f729,-20,60,Normal
2026-02-11 08:30:24.379556,Seoul-f729,50,33,Normal
2026-02-11 08:30:25.379556,Seoul-f729,39,13,Normal
2026-02-11 08:30:26.379556,Seoul-f729,35,1,Normal
2026-02-11 08:30:27.379556,Seoul-f729,1,93,Normal
2026-02-11 08:30:28.379556,Seoul-f729,25,71,Normal
2026-02-11 08:30:29.379556,Seoul-f729,7,23,Normal
2026-02-11 08:30:30.379556,Seoul-f729,36,30,Normal
2026-02-11 08:30:31.379556,Seoul-f729,31,17,Normal
2026-02-11 08:30:32.379556,Seoul-f729,4,62,Normal
2026-02-11 08:30:33.379556,Seoul-f729,-25,93,Normal
2026-02-11 08:30:34.379556,Seoul-f729,3,20,Normal
2026-02-11 08:30:35.379556,Seoul-f729,-29,20,Normal
2026-02-11 08:30:36.379556,Seoul-f729,14,1,Normal
2026-02-11 08:30:37.379556,Seoul-f729,49,7,Normal
2026-02-11 08:30:38.379556,Seoul-f729,-24,28,Normal
2026-02-11 08:30:39.379556,Seoul-f729,17,96,Normal
2026-02-11 08:30:40.379556,Seoul-f729,43,9,Normal
2026-02-11 08:30:41.379556,Seoul-f729,40,85,Normal
2026-02-11 08:30:42.379556,Seoul-f729,13,6,Normal
2026-02-11 08:30:43.379556,Seoul-f729,16,91,Normal
2026-02-11 08:30:44.379556,Seoul-f729,3,87,Normal
2026-02-11 08:30:45.379556,Seoul-f729,39,5,Normal
2026-02-11 08:30:46.379556,Seoul-f729,24,28,Normal
2026-02-11 08:30:47.379556,Seoul-f729,49,30,Normal
2026-02-11 08:30:48.379556,Seoul-f729,6,64,Normal
2026-02-11 08:30:49.379556,Seoul-f729,-17,18,Normal
2026-02-11 08:30:50.379556,Seoul-f729,-24,44,Normal
2026-02-11 08:30:51.379556,Seoul-f729,-7,40,Normal
2026-02-11 08:30:52.379556,Seoul-f729,7,82,Normal
2026-02-11 08:30:53.379556,Seoul-f729,-11,3,Normal
2026-02-11 08:30:54.379556,Seoul-f729,34,57,Normal
2026-02-11 08:30:55.379556,Seoul-f729,-12,86,Normal
2026-02-11 08:30:56.379556,Seoul-f729,32,43,Normal
2026-02-11 08:30:57.379556,Seoul-f729,-5,73,Normal
2026-02-11 08:30:58.379556,Seoul-f729,36,66,Normal
2026-02-11 08:30:59.379556,Seoul-f729,-15,71,Normal
2026-02-11 08:31:00.379556,Seoul-f729,3,79,Normal
2026-02-11 08:31:01.379556,Seoul-f729,31,41,Normal
2026-02-11 08:31:02.379556,Seoul-f729,-30,41,Normal
2026-02-11 08:31:03.379556,Seoul-f729,-21,79,Normal
2026-02-11 08:31:04.379556,Seoul-f729,24,0,Normal
2026-02-11 08:31:05.379556,Seoul-f729,44,46,Normal
2026-02-11 08:31:06.379556,Seoul-f729,5,62,Normal
2026-02-11 08:31:07.379556,Seoul-f729,17,11,Normal
2026-02-11 08:31:08.379556,Seoul-f729,-17,79,Normal
2026-02-11 08:31:09.379556,Seoul-f729,6,21,Normal
2026-02-11 08:31:10.379556,Seoul-f729,-15,23,Normal
2026-02-11 08:31:11.379556,Seoul-f729,22,63,Normal
2026-02-11 08:31:12.379556,Seoul-f729,-23,1,Normal
2026-02-11 08:31:13.379556,Seoul-f729,-1,34,Normal
2026-02-11 08:31:14.379556,Seoul-f729,19,61,Normal
2026-02-11 08:31:15.379556,Seoul-f729,25,37,Normal
2026-02-11 08:31:16.379556,Seoul-f729,20,20,Normal
2026-02-11 08:31:17.379556,Seoul-f729,20,49,Normal
2026-02-11 08:31:18.379556,Seoul-f729,-16,85,Normal
2026-02-11 08:31:19.379556,Seoul-f729,-24,75,Normal
2026-02-11 08:31:20.379556,Seoul-f729,19,82,Normal
2026-02-11 08:31:21.379556,Seoul-f729,-15,95,Normal
2026-02-11 08:31:22.379556,Seoul-f729,24,45,Normal
2026-02-11 08:31:23.379556,Seoul-f729,33,47,Normal
2026-02-11 08:31:24.379556,Seoul-f729,-8,55,Normal
2026-02-11 08:31:25.379556,Seoul-f729,2,99,Normal
2026-02-11 08:31:26.379556,Seoul-f729,13,88,Normal
2026-02-11 08:31:27.379556,Seoul-f729,37,97,Normal
2026-02-11 08:31:28.379556,Seoul-f729,-10,78,Normal
2026-02-11 08:31:29.379556,Seoul-f729,-10,96,Normal
2026-02-11 08:31:30.379556,Seoul-f729,12,12,Normal
2026-02-11 08:31:31.379556,Seoul-f729,-6,83,Normal
2026-02-11 08:31:32.379556,Seoul-f729,27,51,Normal
2026-02-11 08:31:33.379556,Seoul-f729,19,10,Normal
2026-02-11 08:31:34.379556,Seoul-f729,39,72,Normal
2026-02-11 08:31:35.379556,Seoul-f729,4,50,Normal
2026-02-11 08:31:36.379556,Seoul-f729,42,95,Normal
2026-02-11 08:31:37.379556,Seoul-f729,-30,52,Normal
2026-02-11 08:31:38.379556,Seoul-f729,35,31,Normal
2026-02-11 08:31:39.379556,Seoul-f729,-4,28,Normal
2026-02-11 08:31:40.379556,Seoul-f729,-5,76,Normal
2026-02-11 08:31:41.379556,Seoul-f729,47,75,Normal
2026-02-11 08:31:42.379556,Seoul-f729,10,93,Normal
2026-02-11 08:31:43.379556,Seoul-f729,-22,34,Normal
2026-02-11 08:31:44.379556,Seoul-f729,5,83,Normal
2026-02-11 08:31:45.379556,Seoul-f729,15,89,Normal
2026-02-11 08:31:46.379556,Seoul-f729,8,50,Normal
2026-02-11 08:31:47.379556,Seoul-f729,-10,59,Normal
2026-02-11 08:31:48.379556,Seoul-f729,35,79,Normal
2026-02-11 08:31:49.379556,Seoul-f729,-19,58,Normal
2026-02-11 08:31:50.379556,Seoul-f729,16,99,Normal
2026-02-11 08:31:51.379556,Seoul-f729,-22,52,Normal
2026-02-11 08:31:52.379556,Seoul-f729,-7,80,Normal
2026-02-11 08:31:53.379556,Seoul-f729,26,96,Normal
2026-02-11 08:31:54.379556,Seoul-f729,29,68,Normal
2026-02-11 08:31:55.379556,Seoul-f729,14,44,Normal
2026-02-11 08:31:56.379556,Seoul-f729,32,74,Normal
2026-02-11 08:31:57.379556,Seoul-f729,7,38,Normal
2026-02-11 08:31:58.379556,Seoul-f729,-2,28,Normal
2026-02-11 08:31:59.379556,Seoul-f729,5,26,Normal
2026-02-11 08:32:00.379556,Seoul-f729,-7,78,Normal
2026-02-11 08:32:01.379556,Seoul-f729,-9,10,Normal
2026-02-11 08:32:02.379556,Seoul-f729,-15,74,Normal
2026-02-11 08:32:03.379556,Seoul-f729,39,83,Normal
2026-02-11 08:32:04.379556,Seoul-f729,8,10,Normal
2026-02-11 08:32:05.379556,Seoul-f729,6,45,Normal
2026-02-11 08:32:06.379556,Seoul-f729,-1,46,Normal
2026-02-11 08:32:07.379556,Seoul-f729,-19,92,Normal
2026-02-11 08:32:08.379556,Seoul-f729,9,15,Normal
2026-02-11 08:32:09.379556,Seoul-f729,-6,46,Normal
2026-02-11 08:32:10.379556,Seoul-f729,49,79,Normal
2026-02-11 08:32:11.379556,Seoul-f729,15,88,Normal
2026-02-11 08:32:12.379556,Seoul-f729,0,8,Normal
2026-02-11 08:32:13.379556,Seoul-f729,24,97,Normal
2026-02-11 08:32:14.379556,Seoul-f729,12,13,Normal
2026-02-11 08:32:15.379556,Seoul-f729,-13,57,Normal
2026-02-11 08:32:16.379556,Seoul-f729,-24,45,Normal
2026-02-11 08:32:17.379556,Seoul-f729,21,0,Normal
2026-02-11 08:32:18.379556,Seoul-f729,-8,56,Normal
2026-02-11 08:32:19.379556,Seoul-f729,31,40,Normal
2026-02-11 08:32:20.379556,Seoul-f729,12,35,Normal
2026-02-11 08:32:21.379556,Seoul-f729,-8,59,Normal
2026-02-11 08:32:22.379556,Seoul-f729,0,79,Normal
2026-02-11 08:32:23.379556,Seoul-f729,-23,3,Normal
2026-02-11 08:32:24.379556,Seoul-f729,47,85,Normal
2026-02-11 08:32:25.379556,Seoul-f729,38,33,Normal
2026-02-11 08:32:26.379556,Seoul-f729,39,33,Normal
2026-02-11 08:32:27.379556,Seoul-f729,23,7,Normal
2026-02-11 08:32:28.379556,Seoul-f729,37,54,Normal
2026-02-11 08:32:29.379556,Seoul-f729,7,29,Normal
2026-02-11 08:32:30.379556,Seoul-f729,4,36,Normal
2026-02-11 08:32:31.379556,Seoul-f729,-14,2,Normal
2026-02-11 08:32:32.379556,Seoul-f729,36,4,Normal
2026-02-11 08:32:33.379556,Seoul-f729,6,95,Normal
2026-02-11 08:32:34.379556,Seoul-f729,0,59,Normal
2026-02-11 08:32:35.379556,Seoul-f729,46,18,Normal
2026-02-11 08:32:36.379556,Seoul-f729,28,29,Normal
2026-02-11 08:32:37.379556,Seoul-f729,41,54,Normal
2026-02-11 08:32:38.379556,Seoul-f729,5,47,Normal
2026-02-11 08:32:39.379556,Seoul-f729,-29,46,Normal
2026-02-11 08:32:40.379556,Seoul-f729,14,81,Normal
2026-02-11 08:32:41.379556,Seoul-f729,48,91,Normal
2026-02-11 08:32:42.379556,Seoul-f729,25,32,Normal
2026-02-11 08:32:43.379556,Seoul-f729,20,68,Normal
2026-02-11 08:32:44.379556,Seoul-f729,-18,97,Normal
2026-02-11 08:32:45.379556,Seoul-f729,24,25,Normal
2026-02-11 08:32:46.379556,Seoul-f729,-17,7,Normal
2026-02-11 08:32:47.379556,Seoul-f729,46,64,Normal
2026-02-11 08:32:48.379556,Seoul-f729,40,40,Normal
2026-02-11 08:32:49.379556,Seoul-f729,10,10,Normal
2026-02-11 08:32:50.379556,Seoul-f729,-6,25,Normal
2026-02-11 08:32:51.379556,Seoul-f729,32,25,Normal
2026-02-11 08:32:52.379556,Seoul-f729,-21,76,Normal
2026-02-11 08:32:53.379556,Seoul-f729,-11,0,Normal
2026-02-11 08:32:54.379556,Seoul-f729,4,25,Normal
2026-02-11 08:32:55.379556,Seoul-f729,-29,91,Normal
2026-02-11 08:32:56.379556,Seoul-f729,-13,63,Normal
2026-02-11 08:32:57.379556,Seoul-f729,35,76,Normal
2026-02-11 08:32:58.379556,Seoul-f729,23,88,Normal
2026-02-11 08:32:59.379556,Seoul-f729,16,60,Normal
2026-02-11 08:33:00.379556,Seoul-f729,-9,4,Normal
2026-02-11 08:33:01.379556,Seoul-f729,36,58,Normal
2026-02-11 08:33:02.379556,Seoul-f729,15,92,Normal
2026-02-11 08:33:03.379556,Seoul-f729,-21,37,Normal
2026-02-11 08:33:04.379556,Seoul-f729,17,9,Normal
2026-02-11 08:33:05.379556,Seoul-f729,25,75,Normal
2026-02-11 08:33:06.379556,Seoul-f729,-7,44,Normal
2026-02-11 08:33:07.379556,Seoul-f729,-23,57,Normal
2026-02-11 08:33:08.379556,Seoul-f729,-15,7,Normal
2026-02-11 08:33:09.379556,Seoul-f729,33,14,Normal
2026-02-11 08:33:10.379556,Seoul-f729,5,62,Normal
2026-02-11 08:33:11.379556,Seoul-f729,41,81,Normal
2026-02-11 08:33:12.379556,Seoul-f729,5,21,Normal
2026-02-11 08:33:13.379556,Seoul-f729,17,28,Normal
2026-02-11 08:33:14.379556,Seoul-f729,38,47,Normal
2026-02-11 08:33:15.379556,Seoul-f729,-7,18,Normal
2026-02-11 08:33:16.379556,Seoul-f729,31,36,Normal
2026-02-11 08:33:17.379556,Seoul-f729,48,3,Normal
2026-02-11 08:33:18.379556,Seoul-f729,21,37,Normal
2026-02-11 08:33:19.379556,Seoul-f729,46,98,Normal
2026-02-11 08:33:20.379556,Seoul-f729,-18,35,Normal
2026-02-11 08:33:21.379556,Seoul-f729,40,2,Normal
2026-02-11 08:33:22.379556,Seoul-f729,7,19,Normal
2026-02-11 08:33:23.379556,Seoul-f729,-23,74,Normal
2026-02-11 08:33:24.379556,Seoul-f729,2,62,Normal
2026-02-11 08:33:25.379556,Seoul-f729,33,89,Normal
2026-02-11 08:33:26.379556,Seoul-f729,18,75,Normal
2026-02-11 08:33:27.379556,Seoul-f729,10,60,Normal
2026-02-11 08:33:28.379556,Seoul-f729,2,40,Normal
2026-02-11 08:33:29.379556,Seoul-f729,14,9,Normal
2026-02-11 08:33:30.379556,Seoul-f729,46,38,Normal
2026-02-11 08:33:31.379556,Seoul-f729,24,83,Normal
2026-02-11 08:33:32.379556,Seoul-f729,19,62,Normal
2026-02-11 08:33:33.379556,Seoul-f729,25,94,Normal
2026-02-11 08:33:34.379556,Seoul-f729,18,75,Normal
2026-02-11 08:33:35.379556,Seoul-f729,8,29,Normal
2026-02-11 08:33:36.379556,Seoul-f729,-11,37,Normal
2026-02-11 08:33:37.379556,Seoul-f729,5,18,Normal
2026-02-11 08:33:38.379556,Seoul-f729,8,42,Normal
2026-02-11 08:33:39.379556,Seoul-f729,3,98,Normal
2026-02-11 08:33:40.379556,Seoul-f729,24,96,Normal
2026-02-11 08:33:41.379556,Seoul-f729,36,67,Normal
2026-02-11 08:33:42.379556,Seoul-f729,-4,23,Normal
2026-02-11 08:33:43.379556,Seoul-f729,-2,87,Normal
2026-02-11 08:33:44.379556,Seoul-f729,17,77,Normal
2026-02-11 08:33:45.379556,Seoul-f729,30,28,Normal
2026-02-11 08:33:46.379556,Seoul-f729,49,69,Normal
2026-02-11 08:33:47.379556,Seoul-f729,40,47,Normal
2026-02-11 08:33:48.379556,Seoul-f729,13,44,Normal
2026-02-11 08:33:49.379556,Seoul-f729,5,60,Normal
2026-02-11 08:33:50.379556,Seoul-f729,20,18,Normal
2026-02-11 08:33:51.379556,Seoul-f729,7,39,Normal
2026-02-11 08:33:52.379556,Seoul-f729,38,94,Normal
2026-02-11 08:33:53.379556,Seoul-f729,-11,68,Normal
2026-02-11 08:33:54.379556,Seoul-f729,16,35,Normal
2026-02-11 08:33:55.379556,Seoul-f729,-10,89,Normal
2026-02-11 08:33:56.379556,Seoul-f729,23,76,Normal
2026-02-11 08:33:57.379556,Seoul-f729,-9,5,Normal
2026-02-11 08:33:58.379556,Seoul-f729,-5,89,Normal
2026-02-11 08:33:59.379556,Seoul-f729,-29,26,Normal
2026-02-11 08:34:00.379556,Seoul-f729,7,72,Normal
2026-02-11 08:34:01.379556,Seoul-f729,40,58,Normal
2026-02-11 08:34:02.379556,Seoul-f729,9,7,Normal
2026-02-11 08:34:03.379556,Seoul-f729,42,3,Normal
2026-02-11 08:34:04.379556,Seoul-f729,41,43,Normal
2026-02-11 08:34:05.379556,Seoul-f729,28,35,Normal
2026-02-11 08:34:06.379556,Seoul-f729,5,100,Normal
2026-02-11 08:34:07.379556,Seoul-f729,18,87,Normal
2026-02-11 08:34:08.379556,Seoul-f729,-20,10,Normal
2026-02-11 08:34:09.379556,Seoul-f729,31,8,Normal
2026-02-11 08:34:10.379556,Seoul-f729,42,48,Normal
2026-02-11 08:34:11.379556,Seoul-f729,16,56,Normal
2026-02-11 08:34:12.379556,Seoul-f729,25,14,Normal
2026-02-11 08:34:13.379556,Seoul-f729,23,89,Normal
2026-02-11 08:34:14.379556,Seoul-f729,-20,72,Normal
2026-02-11 08:34:15.379556,Seoul-f729,36,80,Normal
2026-02-11 08:34:16.379556,Seoul-f729,-24,75,Normal
2026-02-11 08:34:17.379556,Seoul-f729,38,87,Normal
2026-02-11 08:34:18.379556,Seoul-f729,-16,68,Normal
2026-02-11 08:34:19.379556,Seoul-f729,21,83,Normal
2026-02-11 08:34:20.379556,Seoul-f729,-2,56,Normal
2026-02-11 08:34:21.379556,Seoul-f729,7,43,Normal
2026-02-11 08:34:22.379556,Seoul-f729,-25,44,Normal
2026-02-11 08:34:23.379556,Seoul-f729,37,47,Normal
2026-02-11 08:34:24.379556,Seoul-f729,22,9,Normal
2026-02-11 08:34:25.379556,Seoul-f729,-29,71,Normal
2026-02-11 08:34:26.379556,Seoul-f729,39,97,Normal
2026-02-11 08:34:27.379556,Seoul-f729,1,93,Normal
2026-02-11 08:34:28.379556,Seoul-f729,-26,70,Normal
2026-02-11 08:34:29.379556,Seoul-f729,14,28,Normal
2026-02-11 08:34:30.379556,Seoul-f729,12,44,Normal
2026-02-11 08:34:31.379556,Seoul-f729,-1,61,Normal
2026-02-11 08:34:32.379556,Seoul-f729,-20,36,Normal
2026-02-11 08:34:33.379556,Seoul-f729,-5,31,Normal
2026-02-11 08:34:34.379556,Seoul-f729,27,38,Normal
2026-02-11 08:34:35.379556,Seoul-f729,7,4,Normal
2026-02-11 08:34:36.379556,Seoul-f729,35,66,Normal
2026-02-11 08:34:37.379556,Seoul-f729,45,3,Normal
2026-02-11 08:34:38.379556,Seoul-f729,10,4,Normal
2026-02-11 08:34:39.379556,Seoul-f729,-2,57,Normal
2026-02-11 08:34:40.379556,Seoul-f729,-24,100,Normal
2026-02-11 08:34:41.379556,Seoul-f729,12,55,Normal
2026-02-11 08:34:42.379556,Seoul-f729,45,81,Normal
2026-02-11 08:34:43.379556,Seoul-f729,19,68,Normal
2026-02-11 08:34:44.379556,Seoul-f729,-2,100,Normal
2026-02-11 08:34:45.379556,Seoul-f729,23,40,Normal
2026-02-11 08:34:46.379556,Seoul-f729,35,13,Normal
2026-02-11 08:34:47.379556,Seoul-f729,22,26,Normal
2026-02-11 08:34:48.379556,Seoul-f729,-7,100,Normal
2026-02-11 08:34:49.379556,Seoul-f729,39,30,Normal
2026-02-11 08:34:50.379556,Seoul-f729,15,86,Normal
2026-02-11 08:34:51.379556,Seoul-f729,37,0,Normal
2026-02-11 08:34:52.379556,Seoul-f729,28,31,Normal
2026-02-11 08:34:53.379556,Seoul-f729,36,91,Normal
2026-02-11 08:34:54.379556,Seoul-f729,16,42,Normal
2026-02-11 08:34:55.379556,Seoul-f729,34,79,Normal
2026-02-11 08:34:56.379556,Seoul-f729,47,8,Normal
2026-02-11 08:34:57.379556,Seoul-f729,-5,27,Normal
2026-02-11 08:34:58.379556,Seoul-f729,24,85,Normal
2026-02-11 08:34:59.379556,Seoul-f729,1,35,Normal
2026-02-11 08:35:00.379556,Seoul-f729,-22,45,Normal
2026-02-11 08:35:01.379556,Seoul-f729,0,28,Normal
2026-02-11 08:35:02.379556,Seoul-f729,-28,20,Normal
2026-02-11 08:35:03.379556,Seoul-f729,-25,57,Normal
2026-02-11 08:35:04.379556,Seoul-f729,34,100,Normal
2026-02-11 08:35:05.379556,Seoul-f729,33,59,Normal
2026-02-11 08:35:06.379556,Seoul-f729,-9,39,Normal
2026-02-11 08:35:07.379556,Seoul-f729,-20,77,Normal
2026-02-11 08:35:08.379556,Seoul-f729,-19,29,Normal
2026-02-11 08:35:09.379556,Seoul-f729,-15,63,Normal
2026-02-11 08:35:10.379556,Seoul-f729,49,30,Normal
2026-02-11 08:35:11.379556,Seoul-f729,-20,24,Normal
2026-02-11 08:35:12.379556,Seoul-f729,-1,40,Normal
2026-02-11 08:35:13.379556,Seoul-f729,-15,50,Normal
2026-02-11 08:35:14.379556,Seoul-f729,37,38,Normal
2026-02-11 08:35:15.379556,Seoul-f729,50,15,Normal
2026-02-11 08:35:16.379556,Seoul-f729,-9,71,Normal
2026-02-11 08:35:17.379556,Seoul-f729,-13,72,Normal
2026-02-11 08:35:18.379556,Seoul-f729,21,6,Normal
2026-02-11 08:35:19.379556,Seoul-f729,-16,63,Normal
2026-02-11 08:35:20.379556,Seoul-f729,3,39,Normal
2026-02-11 08:35:21.379556,Seoul-f729,-18,27,Normal
2026-02-11 08:35:22.379556,Seoul-f729,-16,38,Normal
2026-02-11 08:35:23.379556,Seoul-f729,7,48,Normal
2026-02-11 08:35:24.379556,Seoul-f729,40,88,Normal
2026-02-11 08:35:25.379556,Seoul-f729,19,1,Normal
2026-02-11 08:35:26.379556,Seoul-f729,37,45,Normal
2026-02-11 08:35:27.379556,Seoul-f729,19,22,Normal
2026-02-11 08:35:28.379556,Seoul-f729,3,51,Normal
2026-02-11 08:35:29.379556,Seoul-f729,12,45,Normal
2026-02-11 08:35:30.379556,Seoul-f729,25,41,Normal
2026-02-11 08:35:31.379556,Seoul-f729,-3,95,Normal
2026-02-11 08:35:32.379556,Seoul-f729,12,52,Normal
2026-02-11 08:35:33.379556,Seoul-f729,-22,63,Normal
2026-02-11 08:35:34.379556,Seoul-f729,-3,33,Normal
2026-02-11 08:35:35.379556,Seoul-f729,49,22,Normal
2026-02-11 08:35:36.379556,Seoul-f729,8,21,Normal
2026-02-11 08:35:37.379556,Seoul-f729,-1,9,Normal
2026-02-11 08:35:38.379556,Seoul-f729,-3,58,Normal
2026-02-11 08:35:39.379556,Seoul-f729,43,15,Normal
2026-02-11 08:35:40.379556,Seoul-f729,6,5,Normal
2026-02-11 08:35:41.379556,Seoul-f729,-22,45,Normal
2026-02-11 08:35:42.379556,Seoul-f729,19,35,Normal
2026-02-11 08:35:43.379556,Seoul-f729,5,75,Normal
2026-02-11 08:35:44.379556,Seoul-f729,43,64,Normal
2026-02-11 08:35:45.379556,Seoul-f729,2,43,Normal
2026-02-11 08:35:46.379556,Seoul-f729,2,75,Normal
2026-02-11 08:35:47.379556,Seoul-f729,38,93,Normal
2026-02-11 08:35:48.379556,Seoul-f729,-8,96,Normal
2026-02-11 08:35:49.379556,Seoul-f729,1,27,Normal
2026-02-11 08:35:50.379556,Seoul-f729,-4,65,Normal
2026-02-11 08:35:51.379556,Seoul-f729,-10,63,Normal
2026-02-11 08:35:52.379556,Seoul-f729,10,31,Normal
2026-02-11 08:35:53.379556,Seoul-f729,-28,35,Normal
2026-02-11 08:35:54.379556,Seoul-f729,27,67,Normal
2026-02-11 08:35:55.379556,Seoul-f729,-6,60,Normal
2026-02-11 08:35:56.379556,Seoul-f729,-10,39,Normal
2026-02-11 08:35:57.379556,Seoul-f729,-22,92,Normal
2026-02-11 08:35:58.379556,Seoul-f729,-11,60,Normal
2026-02-11 08:35:59.379556,Seoul-f729,16,5,Normal
2026-02-11 08:36:00.379556,Seoul-f729,8,60,Normal
2026-02-11 08:36:01.379556,Seoul-f729,11,63,Normal
2026-02-11 08:36:02.379556,Seoul-f729,37,24,Normal
2026-02-11 08:36:03.379556,Seoul-f729,10,70,Normal
2026-02-11 08:36:04.379556,Seoul-f729,-16,57,Normal
2026-02-11 08:36:05.379556,Seoul-f729,5,9,Normal
2026-02-11 08:36:06.379556,Seoul-f729,40,45,Normal
2026-02-11 08:36:07.379556,Seoul-f729,29,2,Normal
2026-02-11 08:36:08.379556,Seoul-f729,-29,35,Normal
2026-02-11 08:36:09.379556,Seoul-f729,16,58,Normal
2026-02-11 08:36:10.379556,Seoul-f729,-2,16,Normal
2026-02-11 08:36:11.379556,Seoul-f729,-15,50,Normal
2026-02-11 08:36:12.379556,Seoul-f729,-12,16,Normal
2026-02-11 08:36:13.379556,Seoul-f729,-27,5,Normal
2026-02-11 08:36:14.379556,Seoul-f729,3,72,Normal
2026-02-11 08:36:15.379556,Seoul-f729,34,46,Normal
2026-02-11 08:36:16.379556,Seoul-f729,-25,88,Normal
2026-02-11 08:36:17.379556,Seoul-f729,36,20,Normal
2026-02-11 08:36:18.379556,Seoul-f729,46,31,Normal
2026-02-11 08:36:19.379556,Seoul-f729,24,11,Normal
2026-02-11 08:36:20.379556,Seoul-f729,8,20,Normal
2026-02-11 08:36:21.379556,Seoul-f729,43,9,Normal
2026-02-11 08:36:22.379556,Seoul-f729,5,83,Normal
2026-02-11 08:36:23.379556,Seoul-f729,-23,97,Normal
2026-02-11 08:36:24.379556,Seoul-f729,-28,76,Normal
2026-02-11 08:36:25.379556,Seoul-f729,26,86,Normal
2026-02-11 08:36:26.379556,Seoul-f729,47,24,Normal
2026-02-11 08:36:27.379556,Seoul-f729,47,59,Normal
2026-02-11 08:36:28.379556,Seoul-f729,-30,63,Normal
2026-02-11 08:36:29.379556,Seoul-f729,9,46,Normal
2026-02-11 08:36:30.379556,Seoul-f729,14,48,Normal
2026-02-11 08:36:31.379556,Seoul-f729,18,79,Normal
2026-02-11 08:36:32.379556,Seoul-f729,-3,15,Normal
2026-02-11 08:36:33.379556,Seoul-f729,5,21,Normal
2026-02-11 08:36:34.379556,Seoul-f729,49,63,Normal
2026-02-11 08:36:35.379556,Seoul-f729,34,49,Normal
2026-02-11 08:36:36.379556,Seoul-f729,40,82,Normal
2026-02-11 08:36:37.379556,Seoul-f729,38,21,Normal
2026-02-11 08:36:38.379556,Seoul-f729,5,70,Normal
2026-02-11 08:36:39.379556,Seoul-f729,-22,41,Normal
2026-02-11 08:36:40.379556,Seoul-f729,-4,76,Normal
2026-02-11 08:36:41.379556,Seoul-f729,-3,83,Normal
2026-02-11 08:36:42.379556,Seoul-f729,-6,12,Normal
2026-02-11 08:36:43.379556,Seoul-f729,-8,94,Normal
2026-02-11 08:36:44.379556,Seoul-f729,17,0,Normal
2026-02-11 08:36:45.379556,Seoul-f729,-20,30,Normal
2026-02-11 08:36:46.379556,Seoul-f729,50,24,Normal
2026-02-11 08:36:47.379556,Seoul-f729,48,61,Normal
2026-02-11 08:36:48.379556,Seoul-f729,17,63,Normal
2026-02-11 08:36:49.379556,Seoul-f729,22,73,Normal
2026-02-11 08:36:50.379556,Seoul-f729,-28,51,Normal
2026-02-11 08:36:51.379556,Seoul-f729,-12,100,Normal
2026-02-11 08:36:52.379556,Seoul-f729,14,86,Normal
2026-02-11 08:36:53.379556,Seoul-f729,5,20,Normal
2026-02-11 08:36:54.379556,Seoul-f729,-24,27,Normal
2026-02-11 08:36:55.379556,Seoul-f729,-11,85,Normal
2026-02-11 08:36:56.379556,Seoul-f729,-3,24,Normal
2026-02-11 08:36:57.379556,Seoul-f729,6,31,Normal
2026-02-11 08:36:58.379556,Seoul-f729,-1,97,Normal
2026-02-11 08:36:59.379556,Seoul-f729,47,97,Normal
2026-02-11 08:37:00.379556,Seoul-f729,10,23,Normal
2026-02-11 08:37:01.379556,Seoul-f729,32,94,Normal
2026-02-11 08:37:02.379556,Seoul-f729,33,53,Normal
2026-02-11 08:37:03.379556,Seoul-f729,16,50,Normal
2026-02-11 08:37:04.379556,Seoul-f729,-11,80,Normal
2026-02-11 08:37:05.379556,Seoul-f729,4,60,Normal
2026-02-11 08:37:06.379556,Seoul-f729,-17,86,Normal
2026-02-11 08:37:07.379556,Seoul-f729,-23,2,Normal
2026-02-11 08:37:08.379556,Seoul-f729,44,31,Normal
2026-02-11 08:37:09.379556,Seoul-f729,43,64,Normal
2026-02-11 08:37:10.379556,Seoul-f729,14,11,Normal
2026-02-11 08:37:11.379556,Seoul-f729,13,71,Normal
2026-02-11 08:37:12.379556,Seoul-f729,37,58,Normal
2026-02-11 08:37:13.379556,Seoul-f729,-17,67,Normal
2026-02-11 08:37:14.379556,Seoul-f729,3,24,Normal
2026-02-11 08:37:15.379556,Seoul-f729,-5,78,Normal
2026-02-11 08:37:16.379556,Seoul-f729,29,34,Normal
2026-02-11 08:37:17.379556,Seoul-f729,20,5,Normal
2026-02-11 08:37:18.379556,Seoul-f729,10,36,Normal
2026-02-11 08:37:19.379556,Seoul-f729,17,94,Normal
2026-02-11 08:37:20.379556,Seoul-f729,0,9,Normal
2026-02-11 08:37:21.379556,Seoul-f729,15,1,Normal
2026-02-11 08:37:22.379556,Seoul-f729,16,100,Normal
2026-02-11 08:37:23.379556,Seoul-f729,-14,86,Normal
2026-02-11 08:37:24.379556,Seoul-f729,9,98,Normal
2026-02-11 08:37:25.379556,Seoul-f729,33,30,Normal
2026-02-11 08:37:26.379556,Seoul-f729,42,26,Normal
2026-02-11 08:37:27.379556,Seoul-f729,-23,61,Normal
2026-02-11 08:37:28.379556,Seoul-f729,-24,51,Normal
2026-02-11 08:37:29.379556,Seoul-f729,-23,46,Normal
2026-02-11 08:37:30.379556,Seoul-f729,-16,37,Normal
2026-02-11 08:37:31.379556,Seoul-f729,28,31,Normal
2026-02-11 08:37:32.379556,Seoul-f729,40,30,Normal
2026-02-11 08:37:33.379556,Seoul-f729,-6,67,Normal
2026-02-11 08:37:34.379556,Seoul-f729,11,84,Normal
2026-02-11 08:37:35.379556,Seoul-f729,1,61,Normal
2026-02-11 08:37:36.379556,Seoul-f729,-28,17,Normal
2026-02-11 08:37:37.379556,Seoul-f729,42,49,Normal
2026-02-11 08:37:38.379556,Seoul-f729,-20,40,Normal
2026-02-11 08:37:39.379556,Seoul-f729,46,26,Normal
2026-02-11 08:37:40.379556,Seoul-f729,50,49,Normal
2026-02-11 08:37:41.379556,Seoul-f729,-30,57,Normal
2026-02-11 08:37:42.379556,Seoul-f729,37,16,Normal
2026-02-11 08:37:43.379556,Seoul-f729,4,40,Normal
2026-02-11 08:37:44.379556,Seoul-f729,43,49,Normal
2026-02-11 08:37:45.379556,Seoul-f729,27,65,Normal
2026-02-11 08:37:46.379556,Seoul-f729,-13,54,Normal
2026-02-11 08:37:47.379556,Seoul-f729,39,61,Normal
2026-02-11 08:37:48.379556,Seoul-f729,-9,66,Normal
2026-02-11 08:37:49.379556,Seoul-f729,19,43,Normal
2026-02-11 08:37:50.379556,Seoul-f729,-10,50,Normal
2026-02-11 08:37:51.379556,Seoul-f729,-4,51,Normal
2026-02-11 08:37:52.379556,Seoul-f729,-8,39,Normal
2026-02-11 08:37:53.379556,Seoul-f729,-25,39,Normal
2026-02-11 08:37:54.379556,Seoul-f729,-2,69,Normal
2026-02-11 08:37:55.379556,Seoul-f729,18,21,Normal
2026-02-11 08:37:56.379556,Seoul-f729,44,92,Normal
2026-02-11 08:37:57.379556,Seoul-f729,27,2,Normal
2026-02-11 08:37:58.379556,Seoul-f729,-4,57,Normal
2026-02-11 08:37:59.379556,Seoul-f729,15,96,Normal
2026-02-11 08:38:00.379556,Seoul-f729,48,60,Normal
2026-02-11 08:38:01.379556,Seoul-f729,42,27,Normal
2026-02-11 08:38:02.379556,Seoul-f729,10,93,Normal
2026-02-11 08:38:03.379556,Seoul-f729,26,85,Normal
2026-02-11 08:38:04.379556,Seoul-f729,47,93,Normal
2026-02-11 08:38:05.379556,Seoul-f729,41,81,Normal
2026-02-11 08:38:06.379556,Seoul-f729,32,11,Normal
2026-02-11 08:38:07.379556,Seoul-f729,-18,75,Normal
2026-02-11 08:38:08.379556,Seoul-f729,-30,44,Normal
2026-02-11 08:38:09.379556,Seoul-f729,-26,96,Normal
2026-02-11 08:38:10.379556,Seoul-f729,-4,47,Normal
2026-02-11 08:38:11.379556,Seoul-f729,-15,56,Normal
2026-02-11 08:38:12.379556,Seoul-f729,-23,54,Normal
2026-02-11 08:38:13.379556,Seoul-f729,49,96,Normal
2026-02-11 08:38:14.379556,Seoul-f729,-26,33,Normal
2026-02-11 08:38:15.379556,Seoul-f729,38,90,Normal
2026-02-11 08:38:16.379556,Seoul-f729,21,34,Normal
2026-02-11 08:38:17.379556,Seoul-f729,-27,56,Normal
2026-02-11 08:38:18.379556,Seoul-f729,43,68,Normal
2026-02-11 08:38:19.379556,Seoul-f729,-16,33,Normal
2026-02-11 08:38:20.379556,Seoul-f729,36,53,Normal
2026-02-11 08:38:21.379556,Seoul-f729,30,3,Normal
2026-02-11 08:38:22.379556,Seoul-f729,-26,32,Normal
2026-02-11 08:38:23.379556,Seoul-f729,34,9,Normal
2026-02-11 08:38:24.379556,Seoul-f729,13,89,Normal
2026-02-11 08:38:25.379556,Seoul-f729,-26,42,Normal
2026-02-11 08:38:26.379556,Seoul-f729,9,58,Normal
2026-02-11 08:38:27.379556,Seoul-f729,-2,98,Normal
2026-02-11 08:38:28.379556,Seoul-f729,-3,59,Normal
2026-02-11 08:38:29.379556,Seoul-f729,-11,57,Normal
2026-02-11 08:38:30.379556,Seoul-f729,-1,23,Normal
2026-02-11 08:38:31.379556,Seoul-f729,21,8,Normal
2026-02-11 08:38:32.379556,Seoul-f729,-23,100,Normal
2026-02-11 08:38:33.379556,Seoul-f729,10,42,Normal
2026-02-11 08:38:34.379556,Seoul-f729,22,83,Normal
2026-02-11 08:38:35.379556,Seoul-f729,3,91,Normal
2026-02-11 08:38:36.379556,Seoul-f729,-27,8,Normal
2026-02-11 08:38:37.379556,Seoul-f729,-12,99,Normal
2026-02-11 08:38:38.379556,Seoul-f729,-21,28,Normal
2026-02-11 08:38:39.379556,Seoul-f729,-9,59,Normal
2026-02-11 08:38:40.379556,Seoul-f729,-2,99,Normal
2026-02-11 08:38:41.379556,Seoul-f729,-21,80,Normal
2026-02-11 08:38:42.379556,Seoul-f729,-28,30,Normal
2026-02-11 08:38:43.379556,Seoul-f729,24,80,Normal
2026-02-11 08:38:44.379556,Seoul-f729,38,64,Normal
2026-02-11 08:38:45.379556,Seoul-f729,12,78,Normal
2026-02-11 08:38:46.379556,Seoul-f729,2,68,Normal
2026-02-11 08:38:47.379556,Seoul-f729,4,62,Normal
2026-02-11 08:38:48.379556,Seoul-f729,48,21,Normal
2026-02-11 08:38:49.379556,Seoul-f729,4,87,Normal
2026-02-11 08:38:50.379556,Seoul-f729,31,62,Normal
2026-02-11 08:38:51.379556,Seoul-f729,0,97,Normal
2026-02-11 08:38:52.379556,Seoul-f729,30,31,Normal
2026-02-11 08:38:53.379556,Seoul-f729,48,3,Normal
2026-02-11 08:38:54.379556,Seoul-f729,-3,7,Normal
2026-02-11 08:38:55.379556,Seoul-f729,48,59,Normal
2026-02-11 08:38:56.379556,Seoul-f729,28,26,Normal
2026-02-11 08:38:57.379556,Seoul-f729,-30,9,Normal
2026-02-11 08:38:58.379556,Seoul-f729,11,88,Normal
2026-02-11 08:38:59.379556,Seoul-f729,31,12,Normal
2026-02-11 08:39:00.379556,Seoul-f729,30,66,Normal
2026-02-11 08:39:01.379556,Seoul-f729,38,69,Normal
2026-02-11 08:39:02.379556,Seoul-f729,-9,39,Normal
2026-02-11 08:39:03.379556,Seoul-f729,33,23,Normal
2026-02-11 08:39:04.379556,Seoul-f729,-24,90,Normal
2026-02-11 08:39:05.379556,Seoul-f729,14,19,Normal
2026-02-11 08:39:06.379556,Seoul-f729,25,5,Normal
2026-02-11 08:39:07.379556,Seoul-f729,28,55,Normal
2026-02-11 08:39:08.379556,Seoul-f729,35,55,Normal
2026-02-11 08:39:09.379556,Seoul-f729,41,26,Normal
2026-02-11 08:39:10.379556,Seoul-f729,45,58,Normal
2026-02-11 08:39:11.379556,Seoul-f729,29,39,Normal
2026-02-11 08:39:12.379556,Seoul-f729,12,13,Normal
2026-02-11 08:39:13.379556,Seoul-f729,34,72,Normal
2026-02-11 08:39:14.379556,Seoul-f729,34,91,Normal
2026-02-11 08:39:15.379556,Seoul-f729,-23,76,Normal
2026-02-11 08:39:16.379556,Seoul-f729,11,30,Normal
2026-02-11 08:39:17.379556,Seoul-f729,46,27,Normal
2026-02-11 08:39:18.379556,Seoul-f729,24,91,Normal
2026-02-11 08:39:19.379556,Seoul-f729,15,54,Normal
2026-02-11 08:39:20.379556,Seoul-f729,2,66,Normal
2026-02-11 08:39:21.379556,Seoul-f729,15,56,Normal
2026-02-11 08:39:22.379556,Seoul-f729,-20,47,Normal
2026-02-11 08:39:23.379556,Seoul-f729,37,39,Normal
2026-02-11 08:39:24.379556,Seoul-f729,21,57,Normal
2026-02-11 08:39:25.379556,Seoul-f729,45,88,Normal
2026-02-11 08:39:26.379556,Seoul-f729,-5,59,Normal
2026-02-11 08:39:27.379556,Seoul-f729,-7,64,Normal
2026-02-11 08:39:28.379556,Seoul-f729,43,61,Normal
2026-02-11 08:39:29.379556,Seoul-f729,-11,25,Normal
2026-02-11 08:39:30.379556,Seoul-f729,5,62,Normal
2026-02-11 08:39:31.379556,Seoul-f729,6,13,Normal
2026-02-11 08:39:32.379556,Seoul-f729,42,49,Normal
2026-02-11 08:39:33.379556,Seoul-f729,-19,83,Normal
2026-02-11 08:39:34.379556,Seoul-f729,-7,96,Normal
2026-02-11 08:39:35.379556,Seoul-f729,32,65,Normal
2026-02-11 08:39:36.379556,Seoul-f729,-10,33,Normal
2026-02-11 08:39:37.379556,Seoul-f729,-5,85,Normal
2026-02-11 08:39:38.379556,Seoul-f729,37,2,Normal
2026-02-11 08:39:39.379556,Seoul-f729,-29,76,Normal
2026-02-11 08:39:40.379556,Seoul-f729,46,98,Normal
2026-02-11 08:39:41.379556,Seoul-f729,44,30,Normal
2026-02-11 08:39:42.379556,Seoul-f729,4,94,Normal
2026-02-11 08:39:43.379556,Seoul-f729,6,18,Normal
2026-02-11 08:39:44.379556,Seoul-f729,-22,27,Normal
2026-02-11 08:39:45.379556,Seoul-f729,-23,8,Normal
2026-02-11 08:39:46.379556,Seoul-f729,2,43,Normal
2026-02-11 08:39:47.379556,Seoul-f729,-16,97,Normal
2026-02-11 08:39:48.379556,Seoul-f729,24,18,Normal
2026-02-11 08:39:49.379556,Seoul-f729,18,87,Normal
2026-02-11 08:39:50.379556,Seoul-f729,17,86,Normal
2026-02-11 08:39:51.379556,Seoul-f729,12,8,Normal
2026-02-11 08:39:52.379556,Seoul-f729,5,34,Normal
2026-02-11 08:39:53.379556,Seoul-f729,-9,35,Normal
2026-02-11 08:39:54.379556,Seoul-f729,22,8,Normal
2026-02-11 08:39:55.379556,Seoul-f729,50,23,Normal
2026-02-11 08:39:56.379556,Seoul-f729,12,66,Normal
2026-02-11 08:39:57.379556,Seoul-f729,42,92,Normal
2026-02-11 08:39:58.379556,Seoul-f729,7,42,Normal
2026-02-11 08:39:59.379556,Seoul-f729,-29,52,Normal
2026-02-11 08:40:00.379556,Seoul-f729,-22,37,Normal
2026-02-11 08:40:01.379556,Seoul-f729,-22,24,Normal
2026-02-11 08:40:02.379556,Seoul-f729,-18,12,Normal
2026-02-11 08:40:03.379556,Seoul-f729,-27,48,Normal
2026-02-11 08:40:04.379556,Seoul-f729,20,72,Normal
2026-02-11 08:40:05.379556,Seoul-f729,4,63,Normal
2026-02-11 08:40:06.379556,Seoul-f729,48,78,Normal
2026-02-11 08:40:07.379556,Seoul-f729,3,52,Normal
2026-02-11 08:40:08.379556,Seoul-f729,29,36,Normal
2026-02-11 08:40:09.379556,Seoul-f729,31,41,Normal
2026-02-11 08:40:10.379556,Seoul-f729,-8,13,Normal
2026-02-11 08:40:11.379556,Seoul-f729,15,22,Normal
2026-02-11 08:40:12.379556,Seoul-f729,-7,69,Normal
2026-02-11 08:40:13.379556,Seoul-f729,9,31,Normal
2026-02-11 08:40:14.379556,Seoul-f729,13,0,Normal
2026-02-11 08:40:15.379556,Seoul-f729,13,58,Normal
2026-02-11 08:40:16.379556,Seoul-f729,-17,33,Normal
2026-02-11 08:40:17.379556,Seoul-f729,37,41,Normal
2026-02-11 08:40:18.379556,Seoul-f729,26,28,Normal
2026-02-11 08:40:19.379556,Seoul-f729,-15,52,Normal
2026-02-11 08:40:20.379556,Seoul-f729,-15,99,Normal
2026-02-11 08:40:21.379556,Seoul-f729,-12,40,Normal
2026-02-11 08:40:22.379556,Seoul-f729,-8,47,Normal
2026-02-11 08:40:23.379556,Seoul-f729,-5,1,Normal
2026-02-11 08:40:24.379556,Seoul-f729,-29,40,Normal
2026-02-11 08:40:25.379556,Seoul-f729,-29,40,Normal
2026-02-11 08:40:26.379556,Seoul-f729,13,25,Normal
2026-02-11 08:40:27.379556,Seoul-f729,40,71,Normal
2026-02-11 08:40:28.379556,Seoul-f729,-27,58,Normal
2026-02-11 08:40:29.379556,Seoul-f729,43,6,Normal
2026-02-11 08:40:30.379556,Seoul-f729,9,3,Normal
2026-02-11 08:40:31.379556,Seoul-f729,-3,81,Normal
2026-02-11 08:40:32.379556,Seoul-f729,-6,43,Normal
2026-02-11 08:40:33.379556,Seoul-f729,-17,62,Normal
2026-02-11 08:40:34.379556,Seoul-f729,2,45,Normal
2026-02-11 08:40:35.379556,Seoul-f729,3,87,Normal
2026-02-11 08:40:36.379556,Seoul-f729,23,38,Normal
2026-02-11 08:40:37.379556,Seoul-f729,-27,76,Normal
2026-02-11 08:40:38.379556,Seoul-f729,-13,4,Normal
2026-02-11 08:40:39.379556,Seoul-f729,4,69,Normal
2026-02-11 08:40:40.379556,Seoul-f729,-6,97,Normal
2026-02-11 08:40:41.379556,Seoul-f729,50,58,Normal
2026-02-11 08:40:42.379556,Seoul-f729,-4,84,Normal
2026-02-11 08:40:43.379556,Seoul-f729,31,52,Normal
2026-02-11 08:40:44.379556,Seoul-f729,-29,51,Normal
2026-02-11 08:40:45.379556,Seoul-f729,-22,59,Normal
2026-02-11 08:40:46.379556,Seoul-f729,15,40,Normal
2026-02-11 08:40:47.379556,Seoul-f729,33,2,Normal
2026-02-11 08:40:48.379556,Seoul-f729,2,37,Normal
2026-02-11 08:40:49.379556,Seoul-f729,-15,27,Normal
2026-02-11 08:40:50.379556,Seoul-f729,-30,67,Normal
2026-02-11 08:40:51.379556,Seoul-f729,-16,87,Normal
2026-02-11 08:40:52.379556,Seoul-f729,43,18,Normal
2026-02-11 08:40:53.379556,Seoul-f729,45,23,Normal
2026-02-11 08:40:54.379556,Seoul-f729,-22,86,Normal
2026-02-11 08:40:55.379556,Seoul-f729,35,42,Normal
2026-02-11 08:40:56.379556,Seoul-f729,13,68,Normal
2026-02-11 08:40:57.379556,Seoul-f729,-3,71,Normal
2026-02-11 08:40:58.379556,Seoul-f729,-6,32,Normal
2026-02-11 08:40:59.379556,Seoul-f729,12,28,Normal
2026-02-11 08:41:00.379556,Seoul-f729,48,4,Normal
2026-02-11 08:41:01.379556,Seoul-f729,6,74,Normal
2026-02-11 08:41:02.379556,Seoul-f729,-2,22,Normal
2026-02-11 08:41:03.379556,Seoul-f729,7,77,Normal
2026-02-11 08:41:04.379556,Seoul-f729,43,1,Normal
2026-02-11 08:41:05.379556,Seoul-f729,33,71,Normal
2026-02-11 08:41:06.379556,Seoul-f729,29,47,Normal
2026-02-11 08:41:07.379556,Seoul-f729,44,99,Normal
2026-02-11 08:41:08.379556,Seoul-f729,-13,68,Normal
2026-02-11 08:41:09.379556,Seoul-f729,2,70,Normal
2026-02-11 08:41:10.379556,Seoul-f729,-17,46,Normal
2026-02-11 08:41:11.379556,Seoul-f729,-2,1,Normal
2026-02-11 08:41:12.379556,Seoul-f729,21,15,Normal
2026-02-11 08:41:13.379556,Seoul-f729,28,56,Normal
2026-02-11 08:41:14.379556,Seoul-f729,40,38,Normal
2026-02-11 08:41:15.379556,Seoul-f729,-8,59,Normal
2026-02-11 08:41:16.379556,Seoul-f729,14,34,Normal
2026-02-11 08:41:17.379556,Seoul-f729,-12,78,Normal
2026-02-11 08:41:18.379556,Seoul-f729,44,75,Normal
2026-02-11 08:41:19.379556,Seoul-f729,2,81,Normal
2026-02-11 08:41:20.379556,Seoul-f729,-10,95,Normal
2026-02-11 08:41:21.379556,Seoul-f729,25,78,Normal
2026-02-11 08:41:22.379556,Seoul-f729,28,20,Normal
2026-02-11 08:41:23.379556,Seoul-f729,18,68,Normal
2026-02-11 08:41:24.379556,Seoul-f729,-19,99,Normal
2026-02-11 08:41:25.379556,Seoul-f729,16,88,Normal
2026-02-11 08:41:26.379556,Seoul-f729,-25,37,Normal
2026-02-11 08:41:27.379556,Seoul-f729,-1,6,Normal
2026-02-11 08:41:28.379556,Seoul-f729,-10,53,Normal
2026-02-11 08:41:29.379556,Seoul-f729,-25,4,Normal
2026-02-11 08:41:30.379556,Seoul-f729,9,25,Normal
2026-02-11 08:41:31.379556,Seoul-f729,-20,90,Normal
2026-02-11 08:41:32.379556,Seoul-f729,2,95,Normal
2026-02-11 08:41:33.379556,Seoul-f729,-7,75,Normal
2026-02-11 08:41:34.379556,Seoul-f729,33,60,Normal
2026-02-11 08:41:35.379556,Seoul-f729,8,30,Normal
2026-02-11 08:41:36.379556,Seoul-f729,16,46,Normal
2026-02-11 08:41:37.379556,Seoul-f729,-7,89,Normal
2026-02-11 08:41:38.379556,Seoul-f729,46,95,Normal
2026-02-11 08:41:39.379556,Seoul-f729,-15,46,Normal
2026-02-11 08:41:40.379556,Seoul-f729,13,42,Normal
2026-02-11 08:41:41.379556,Seoul-f729,-1,65,Normal
2026-02-11 08:41:42.379556,Seoul-f729,4,8,Normal
2026-02-11 08:41:43.379556,Seoul-f729,-16,93,Normal
2026-02-11 08:41:44.379556,Seoul-f729,1,11,Normal
2026-02-11 08:41:45.379556,Seoul-f729,-25,42,Normal
2026-02-11 08:41:46.379556,Seoul-f729,40,71,Normal
2026-02-11 08:41:47.379556,Seoul-f729,6,30,Normal
2026-02-11 08:41:48.379556,Seoul-f729,-4,77,Normal
2026-02-11 08:41:49.379556,Seoul-f729,36,58,Normal
2026-02-11 08:41:50.379556,Seoul-f729,-27,20,Normal
2026-02-11 08:41:51.379556,Seoul-f729,-25,38,Normal
2026-02-11 08:41:52.379556,Seoul-f729,-26,19,Normal
2026-02-11 08:41:53.379556,Seoul-f729,-9,4,Normal
2026-02-11 08:41:54.379556,Seoul-f729,28,27,Normal
2026-02-11 08:41:55.379556,Seoul-f729,15,58,Normal
2026-02-11 08:41:56.379556,Seoul-f729,12,93,Normal
2026-02-11 08:41:57.379556,Seoul-f729,6,22,Normal
2026-02-11 08:41:58.379556,Seoul-f729,-16,19,Normal
2026-02-11 08:41:59.379556,Seoul-f729,10,33,Normal
2026-02-11 08:42:00.379556,Seoul-f729,-19,19,Normal
2026-02-11 08:42:01.379556,Seoul-f729,45,46,Normal
2026-02-11 08:42:02.379556,Seoul-f729,-20,17,Normal
2026-02-11 08:42:03.379556,Seoul-f729,-15,63,Normal
2026-02-11 08:42:04.379556,Seoul-f729,-13,26,Normal
2026-02-11 08:42:05.379556,Seoul-f729,-18,59,Normal
2026-02-11 08:42:06.379556,Seoul-f729,36,44,Normal
2026-02-11 08:42:07.379556,Seoul-f729,-7,1,Normal
2026-02-11 08:42:08.379556,Seoul-f729,9,37,Normal
2026-02-11 08:42:09.379556,Seoul-f729,-25,73,Normal
2026-02-11 08:42:10.379556,Seoul-f729,30,100,Normal
2026-02-11 08:42:11.379556,Seoul-f729,-11,76,Normal
2026-02-11 08:42:12.379556,Seoul-f729,-19,38,Normal
2026-02-11 08:42:13.379556,Seoul-f729,13,58,Normal
2026-02-11 08:42:14.379556,Seoul-f729,43,95,Normal
2026-02-11 08:42:15.379556,Seoul-f729,-28,31,Normal
2026-02-11 08:42:16.379556,Seoul-f729,-17,56,Normal
2026-02-11 08:42:17.379556,Seoul-f729,-24,19,Normal
2026-02-11 08:42:18.379556,Seoul-f729,-12,85,Normal
2026-02-11 08:42:19.379556,Seoul-f729,42,0,Normal
2026-02-11 08:42:20.379556,Seoul-f729,36,30,Normal
2026-02-11 08:42:21.379556,Seoul-f729,19,28,Normal
2026-02-11 08:42:22.379556,Seoul-f729,47,25,Normal
2026-02-11 08:42:23.379556,Seoul-f729,-9,73,Normal
2026-02-11 08:42:24.379556,Seoul-f729,-29,84,Normal
2026-02-11 08:42:25.379556,Seoul-f729,7,32,Normal
2026-02-11 08:42:26.379556,Seoul-f729,12,57,Normal
2026-02-11 08:42:27.379556,Seoul-f729,41,28,Normal
2026-02-11 08:42:28.379556,Seoul-f729,39,18,Normal
2026-02-11 08:42:29.379556,Seoul-f729,-24,48,Normal
2026-02-11 08:42:30.379556,Seoul-f729,-19,48,Normal
2026-02-11 08:42:31.379556,Seoul-f729,-21,20,Normal
2026-02-11 08:42:32.379556,Seoul-f729,26,24,Normal
2026-02-11 08:42:33.379556,Seoul-f729,-20,16,Normal
2026-02-11 08:42:34.379556,Seoul-f729,-30,19,Normal
2026-02-11 08:42:35.379556,Seoul-f729,15,39,Normal
2026-02-11 08:42:36.379556,Seoul-f729,37,9,Normal
2026-02-11 08:42:37.379556,Seoul-f729,-26,0,Normal
2026-02-11 08:42:38.379556,Seoul-f729,26,44,Normal
2026-02-11 08:42:39.379556,Seoul-f729,-15,97,Normal
2026-02-11 08:42:40.379556,Seoul-f729,-29,63,Normal
2026-02-11 08:42:41.379556,Seoul-f729,3,87,Normal
2026-02-11 08:42:42.379556,Seoul-f729,9,92,Normal
2026-02-11 08:42:43.379556,Seoul-f729,-10,44,Normal
2026-02-11 08:42:44.379556,Seoul-f729,-16,20,Normal
2026-02-11 08:42:45.379556,Seoul-f729,8,65,Normal
2026-02-11 08:42:46.379556,Seoul-f729,32,67,Normal
2026-02-11 08:42:47.379556,Seoul-f729,39,92,Normal
2026-02-11 08:42:48.379556,Seoul-f729,9,37,Normal
2026-02-11 08:42:49.379556,Seoul-f729,47,10,Normal
2026-02-11 08:42:50.379556,Seoul-f729,46,92,Normal
2026-02-11 08:42:51.379556,Seoul-f729,5,42,Normal
2026-02-11 08:42:52.379556,Seoul-f729,-27,83,Normal
2026-02-11 08:42:53.379556,Seoul-f729,48,6,Normal
2026-02-11 08:42:54.379556,Seoul-f729,-27,26,Normal
2026-02-11 08:42:55.379556,Seoul-f729,28,29,Normal
2026-02-11 08:42:56.379556,Seoul-f729,36,92,Normal
2026-02-11 08:42:57.379556,Seoul-f729,38,26,Normal
2026-02-11 08:42:58.379556,Seoul-f729,46,61,Normal
2026-02-11 08:42:59.379556,Seoul-f729,36,46,Normal
2026-02-11 08:43:00.379556,Seoul-f729,43,15,Normal
2026-02-11 08:43:01.379556,Seoul-f729,-15,31,Normal
2026-02-11 08:43:02.379556,Seoul-f729,28,45,Normal
2026-02-11 08:43:03.379556,Seoul-f729,26,30,Normal
2026-02-11 08:43:04.379556,Seoul-f729,-17,92,Normal
2026-02-11 08:43:05.379556,Seoul-f729,-17,2,Normal
2026-02-11 08:43:06.379556,Seoul-f729,21,42,Normal
2026-02-11 08:43:07.379556,Seoul-f729,-27,40,Normal
2026-02-11 08:43:08.379556,Seoul-f729,1,21,Normal
2026-02-11 08:43:09.379556,Seoul-f729,49,67,Normal
2026-02-11 08:43:10.379556,Seoul-f729,38,36,Normal
2026-02-11 08:43:11.379556,Seoul-f729,-29,85,Normal
2026-02-11 08:43:12.379556,Seoul-f729,37,18,Normal
2026-02-11 08:43:13.379556,Seoul-f729,-4,15,Normal
2026-02-11 08:43:14.379556,Seoul-f729,43,25,Normal
2026-02-11 08:43:15.379556,Seoul-f729,-16,10,Normal
2026-02-11 08:43:16.379556,Seoul-f729,40,24,Normal
2026-02-11 08:43:17.379556,Seoul-f729,17,15,Normal
2026-02-11 08:43:18.379556,Seoul-f729,-9,91,Normal
2026-02-11 08:43:19.379556,Seoul-f729,-10,3,Normal
2026-02-11 08:43:20.379556,Seoul-f729,-25,91,Normal
2026-02-11 08:43:21.379556,Seoul-f729,-19,62,Normal
2026-02-11 08:43:22.379556,Seoul-f729,18,91,Normal
2026-02-11 08:43:23.379556,Seoul-f729,-27,9,Normal
2026-02-11 08:43:24.379556,Seoul-f729,21,55,Normal
2026-02-11 08:43:25.379556,Seoul-f729,-17,27,Normal
2026-02-11 08:43:26.379556,Seoul-f729,7,48,Normal
2026-02-11 08:43:27.379556,Seoul-f729,42,19,Normal
2026-02-11 08:43:28.379556,Seoul-f729,-8,13,Normal
2026-02-11 08:43:29.379556,Seoul-f729,-22,87,Normal
2026-02-11 08:43:30.379556,Seoul-f729,-5,19,Normal
2026-02-11 08:43:31.379556,Seoul-f729,-26,60,Normal
2026-02-11 08:43:32.379556,Seoul-f729,14,46,Normal
2026-02-11 08:43:33.379556,Seoul-f729,12,33,Normal
2026-02-11 08:43:34.379556,Seoul-f729,-7,45,Normal
2026-02-11 08:43:35.379556,Seoul-f729,35,39,Normal
2026-02-11 08:43:36.379556,Seoul-f729,-10,21,Normal
2026-02-11 08:43:37.379556,Seoul-f729,44,1,Normal
2026-02-11 08:43:38.379556,Seoul-f729,31,20,Normal
2026-02-11 08:43:39.379556,Seoul-f729,26,50,Normal
2026-02-11 08:43:40.379556,Seoul-f729,15,66,Normal
2026-02-11 08:43:41.379556,Seoul-f729,-22,20,Normal
2026-02-11 08:43:42.379556,Seoul-f729,21,49,Normal
2026-02-11 08:43:43.379556,Seoul-f729,36,27,Normal
2026-02-11 08:43:44.379556,Seoul-f729,33,11,Normal
2026-02-11 08:43:45.379556,Seoul-f729,44,77,Normal
2026-02-11 08:43:46.379556,Seoul-f729,25,57,Normal
2026-02-11 08:43:47.379556,Seoul-f729,1,35,Normal
2026-02-11 08:43:48.379556,Seoul-f729,24,63,Normal
2026-02-11 08:43:49.379556,Seoul-f729,50,11,Normal
2026-02-11 08:43:50.379556,Seoul-f729,19,65,Normal
2026-02-11 08:43:51.379556,Seoul-f729,36,19,Normal
2026-02-11 08:43:52.379556,Seoul-f729,26,89,Normal
2026-02-11 08:43:53.379556,Seoul-f729,0,56,Normal
2026-02-11 08:43:54.379556,Seoul-f729,19,83,Normal
2026-02-11 08:43:55.379556,Seoul-f729,8,1,Normal
2026-02-11 08:43:56.379556,Seoul-f729,32,48,Normal
2026-02-11 08:43:57.379556,Seoul-f729,34,100,Normal
2026-02-11 08:43:58.379556,Seoul-f729,11,73,Normal
2026-02-11 08:43:59.379556,Seoul-f729,2,18,Normal
2026-02-11 08:44:00.379556,Seoul-f729,-26,6,Normal
2026-02-11 08:44:01.379556,Seoul-f729,18,63,Normal
2026-02-11 08:44:02.379556,Seoul-f729,2,73,Normal
2026-02-11 08:44:03.379556,Seoul-f729,7,46,Normal
2026-02-11 08:44:04.379556,Seoul-f729,-5,90,Normal
2026-02-11 08:44:05.379556,Seoul-f729,35,95,Normal
2026-02-11 08:44:06.379556,Seoul-f729,-10,79,Normal
2026-02-11 08:44:07.379556,Seoul-f729,50,58,Normal
2026-02-11 08:44:08.379556,Seoul-f729,-14,38,Normal
2026-02-11 08:44:09.379556,Seoul-f729,44,84,Normal
2026-02-11 08:44:10.379556,Seoul-f729,-12,97,Normal
2026-02-11 08:44:11.379556,Seoul-f729,-23,40,Normal
2026-02-11 08:44:12.379556,Seoul-f729,-2,37,Normal
2026-02-11 08:44:13.379556,Seoul-f729,-8,89,Normal
2026-02-11 08:44:14.379556,Seoul-f729,34,45,Normal
2026-02-11 08:44:15.379556,Seoul-f729,4,86,Normal
2026-02-11 08:44:16.379556,Seoul-f729,28,26,Normal
2026-02-11 08:44:17.379556,Seoul-f729,-26,81,Normal
2026-02-11 08:44:18.379556,Seoul-f729,48,61,Normal
2026-02-11 08:44:19.379556,Seoul-f729,-21,15,Normal
2026-02-11 08:44:20.379556,Seoul-f729,-1,97,Normal
2026-02-11 08:44:21.379556,Seoul-f729,36,5,Normal
2026-02-11 08:44:22.379556,Seoul-f729,41,2,Normal
2026-02-11 08:44:23.379556,Seoul-f729,24,41,Normal
2026-02-11 08:44:24.379556,Seoul-f729,49,79,Normal
2026-02-11 08:44:25.379556,Seoul-f729,9,83,Normal
2026-02-11 08:44:26.379556,Seoul-f729,19,94,Normal
2026-02-11 08:44:27.379556,Seoul-f729,22,32,Normal
2026-02-11 08:44:28.379556,Seoul-f729,-15,54,Normal
2026-02-11 08:44:29.379556,Seoul-f729,14,50,Normal
2026-02-11 08:44:30.379556,Seoul-f729,-11,28,Normal
2026-02-11 08:44:31.379556,Seoul-f729,41,78,Normal
2026-02-11 08:44:32.379556,Seoul-f729,-6,45,Normal
2026-02-11 08:44:33.379556,Seoul-f729,34,93,Normal
2026-02-11 08:44:34.379556,Seoul-f729,-26,58,Normal
2026-02-11 08:44:35.379556,Seoul-f729,36,28,Normal
2026-02-11 08:44:36.379556,Seoul-f729,-25,39,Normal
2026-02-11 08:44:37.379556,Seoul-f729,-19,1,Normal
2026-02-11 08:44:38.379556,Seoul-f729,-28,70,Normal
2026-02-11 08:44:39.379556,Seoul-f729,30,11,Normal
2026-02-11 08:44:40.379556,Seoul-f729,35,25,Normal
2026-02-11 08:44:41.379556,Seoul-f729,-24,88,Normal
2026-02-11 08:44:42.379556,Seoul-f729,-25,52,Normal
2026-02-11 08:44:43.379556,Seoul-f729,13,9,Normal
2026-02-11 08:44:44.379556,Seoul-f729,-29,6,Normal
2026-02-11 08:44:45.379556,Seoul-f729,47,52,Normal
2026-02-11 08:44:46.379556,Seoul-f729,-19,98,Normal
2026-02-11 08:44:47.379556,Seoul-f729,11,11,Normal
2026-02-11 08:44:48.379556,Seoul-f729,37,81,Normal
2026-02-11 08:44:49.379556,Seoul-f729,-30,1,Normal
2026-02-11 08:44:50.379556,Seoul-f729,-8,62,Normal
2026-02-11 08:44:51.379556,Seoul-f729,10,5,Normal
2026-02-11 08:44:52.379556,Seoul-f729,44,89,Normal
2026-02-11 08:44:53.379556,Seoul-f729,32,32,Normal
2026-02-11 08:44:54.379556,Seoul-f729,30,17,Normal
2026-02-11 08:44:55.379556,Seoul-f729,-26,67,Normal
2026-02-11 08:44:56.379556,Seoul-f729,48,65,Normal
2026-02-11 08:44:57.379556,Seoul-f729,-7,94,Normal
2026-02-11 08:44:58.379556,Seoul-f729,37,30,Normal
2026-02-11 08:44:59.379556,Seoul-f729,10,28,Normal
2026-02-11 08:45:00.379556,Seoul-f729,2,3,Normal
2026-02-11 08:45:01.379556,Seoul-f729,1,24,Normal
2026-02-11 08:45:02.379556,Seoul-f729,47,3,Normal
2026-02-11 08:45:03.379556,Seoul-f729,2,41,Normal
2026-02-11 08:45:04.379556,Seoul-f729,47,41,Normal
2026-02-11 08:45:05.379556,Seoul-f729,-4,78,Normal
2026-02-11 08:45:06.379556,Seoul-f729,-12,27,Normal
2026-02-11 08:45:07.379556,Seoul-f729,39,14,Normal
2026-02-11 08:45:08.379556,Seoul-f729,8,96,Normal
2026-02-11 08:45:09.379556,Seoul-f729,0,98,Normal
2026-02-11 08:45:10.379556,Seoul-f729,-23,20,Normal
2026-02-11 08:45:11.379556,Seoul-f729,35,91,Normal
2026-02-11 08:45:12.379556,Seoul-f729,-6,49,Normal
2026-02-11 08:45:13.379556,Seoul-f729,8,21,Normal
2026-02-11 08:45:14.379556,Seoul-f729,39,72,Normal
2026-02-11 08:45:15.379556,Seoul-f729,12,68,Normal
2026-02-11 08:45:16.379556,Seoul-f729,-25,37,Normal
2026-02-11 08:45:17.379556,Seoul-f729,46,16,Normal
