timestamp,station_id,temp,humid,condition
2026-02-08 07:44:12.055158,NewYork-4a64,-16,83,Normal
2026-02-08 07:44:13.055158,NewYork-4a64,15,49,Normal
2026-02-08 07:44:14.055158,NewYork-4a64,46,96,Normal
2026-02-08 07:44:15.055158,NewYork-4a64,-11,86,Normal
2026-02-08 07:44:16.055158,NewYork-4a64,-6,35,Normal
2026-02-08 07:44:17.055158,NewYork-4a64,-11,7,Normal
2026-02-08 07:44:18.055158,NewYork-4a64,-30,26,Normal
2026-02-08 07:44:19.055158,NewYork-4a64,30,72,Normal
2026-02-08 07:44:20.055158,NewYork-4a64,6,82,Normal
2026-02-08 07:44:21.055158,NewYork-4a64,17,5,Normal
2026-02-08 07:44:22.055158,NewYork-4a64,34,24,Normal
2026-02-08 07:44:23.055158,NewYork-4a64,-26,100,Normal
2026-02-08 07:44:24.055158,NewYork-4a64,-5,87,Normal
2026-02-08 07:44:25.055158,NewYork-4a64,7,38,Normal
2026-02-08 07:44:26.055158,NewYork-4a64,44,38,Normal
2026-02-08 07:44:27.055158,NewYork-4a64,1,80,Normal
2026-02-08 07:44:28.055158,NewYork-4a64,14,78,Normal
2026-02-08 07:44:29.055158,NewYork-4a64,4,81,Normal
2026-02-08 07:44:30.055158,NewYork-4a64,41,69,Normal
2026-02-08 07:44:31.055158,NewYork-4a64,5,57,Normal
2026-02-08 07:44:32.055158,NewYork-4a64,27,3,Normal
2026-02-08 07:44:33.055158,NewYork-4a64,-11,46,Normal
2026-02-08 07:44:34.055158,NewYork-4a64,-10,4,Normal
2026-02-08 07:44:35.055158,NewYork-4a64,19,51,Normal
2026-02-08 07:44:36.055158,NewYork-4a64,-27,61,Normal
2026-02-08 07:44:37.055158,NewYork-4a64,38,61,Normal
2026-02-08 07:44:38.055158,NewYork-4a64,-9,19,Normal
2026-02-08 07:44:39.055158,NewYork-4a64,30,1,Normal
2026-02-08 07:44:40.055158,NewYork-4a64,-21,81,Normal
2026-02-08 07:44:41.055158,NewYork-4a64,20,81,Normal
2026-02-08 07:44:42.055158,NewYork-4a64,28,66,Normal
2026-02-08 07:44:43.055158,NewYork-4a64,-1,65,Normal
2026-02-08 07:44:44.055158,NewYork-4a64,33,35,Normal
2026-02-08 07:44:45.055158,NewYork-4a64,19,17,Normal
2026-02-08 07:44:46.055158,NewYork-4a64,40,76,Normal
2026-02-08 07:44:47.055158,NewYork-4a64,29,81,Normal
2026-02-08 07:44:48.055158,NewYork-4a64,-4,95,Normal
2026-02-08 07:44:49.055158,NewYork-4a64,-8,42,Normal
2026-02-08 07:44:50.055158,NewYork-4a64,41,7,Normal
2026-02-08 07:44:51.055158,NewYork-4a64,-23,51,Normal
2026-02-08 07:44:52.055158,NewYork-4a64,36,88,Normal
2026-02-08 07:44:53.055158,NewYork-4a64,-14,95,Normal
2026-02-08 07:44:54.055158,NewYork-4a64,42,68,Normal
2026-02-08 07:44:55.055158,NewYork-4a64,11,31,Normal
2026-02-08 07:44:56.055158,NewYork-4a64,16,20,Normal
2026-02-08 07:44:57.055158,NewYork-4a64,41,32,Normal
2026-02-08 07:44:58.055158,NewYork-4a64,10,19,Normal
2026-02-08 07:44:59.055158,NewYork-4a64,2,91,Normal
2026-02-08 07:45:00.055158,NewYork-4a64,-25,7,Normal
2026-02-08 07:45:01.055158,NewYork-4a64,-30,55,Normal
2026-02-08 07:45:02.055158,NewYork-4a64,48,13,Normal
2026-02-08 07:45:03.055158,NewYork-4a64,-30,77,Normal
2026-02-08 07:45:04.055158,NewYork-4a64,11,49,Normal
2026-02-08 07:45:05.055158,NewYork-4a64,-25,35,Normal
2026-02-08 07:45:06.055158,NewYork-4a64,39,4,Normal
2026-02-08 07:45:07.055158,NewYork-4a64,-22,56,Normal
2026-02-08 07:45:08.055158,NewYork-4a64,-12,31,Normal
2026-02-08 07:45:09.055158,NewYork-4a64,48,24,Normal
2026-02-08 07:45:10.055158,NewYork-4a64,30,38,Normal
2026-02-08 07:45:11.055158,NewYork-4a64,-20,65,Normal
2026-02-08 07:45:12.055158,NewYork-4a64,35,74,Normal
2026-02-08 07:45:13.055158,NewYork-4a64,27,0,Normal
2026-02-08 07:45:14.055158,NewYork-4a64,-2,22,Normal
2026-02-08 07:45:15.055158,NewYork-4a64,-17,49,Normal
2026-02-08 07:45:16.055158,NewYork-4a64,8,33,Normal
2026-02-08 07:45:17.055158,NewYork-4a64,49,4,Normal
2026-02-08 07:45:18.055158,NewYork-4a64,-24,1,Normal
2026-02-08 07:45:19.055158,NewYork-4a64,41,73,Normal
2026-02-08 07:45:20.055158,NewYork-4a64,3,18,Normal
2026-02-08 07:45:21.055158,NewYork-4a64,-7,93,Normal
2026-02-08 07:45:22.055158,NewYork-4a64,6,20,Normal
2026-02-08 07:45:23.055158,NewYork-4a64,15,41,Normal
2026-02-08 07:45:24.055158,NewYork-4a64,32,9,Normal
2026-02-08 07:45:25.055158,NewYork-4a64,10,85,Normal
2026-02-08 07:45:26.055158,NewYork-4a64,13,47,Normal
2026-02-08 07:45:27.055158,NewYork-4a64,29,49,Normal
2026-02-08 07:45:28.055158,NewYork-4a64,-9,56,Normal
2026-02-08 07:45:29.055158,NewYork-4a64,16,53,Normal
2026-02-08 07:45:30.055158,NewYork-4a64,33,67,Normal
2026-02-08 07:45:31.055158,NewYork-4a64,30,27,Normal
2026-02-08 07:45:32.055158,NewYork-4a64,43,93,Normal
2026-02-08 07:45:33.055158,NewYork-4a64,-30,48,Normal
2026-02-08 07:45:34.055158,NewYork-4a64,-1,89,Normal
2026-02-08 07:45:35.055158,NewYork-4a64,-7,37,Normal
2026-02-08 07:45:36.055158,NewYork-4a64,-20,26,Normal
2026-02-08 07:45:37.055158,NewYork-4a64,-27,74,Normal
2026-02-08 07:45:38.055158,NewYork-4a64,14,80,Normal
2026-02-08 07:45:39.055158,NewYork-4a64,29,25,Normal
2026-02-08 07:45:40.055158,NewYork-4a64,48,34,Normal
2026-02-08 07:45:41.055158,NewYork-4a64,44,87,Normal
2026-02-08 07:45:42.055158,NewYork-4a64,46,31,Normal
2026-02-08 07:45:43.055158,NewYork-4a64,35,36,Normal
2026-02-08 07:45:44.055158,NewYork-4a64,-22,33,Normal
2026-02-08 07:45:45.055158,NewYork-4a64,34,54,Normal
2026-02-08 07:45:46.055158,NewYork-4a64,11,77,Normal
2026-02-08 07:45:47.055158,NewYork-4a64,-14,36,Normal
2026-02-08 07:45:48.055158,NewYork-4a64,-25,65,Normal
2026-02-08 07:45:49.055158,NewYork-4a64,50,52,Normal
2026-02-08 07:45:50.055158,NewYork-4a64,-8,19,Normal
2026-02-08 07:45:51.055158,NewYork-4a64,19,40,Normal
2026-02-08 07:45:52.055158,NewYork-4a64,13,88,Normal
2026-02-08 07:45:53.055158,NewYork-4a64,-30,83,Normal
2026-02-08 07:45:54.055158,NewYork-4a64,29,64,Normal
2026-02-08 07:45:55.055158,NewYork-4a64,-10,89,Normal
2026-02-08 07:45:56.055158,NewYork-4a64,13,74,Normal
2026-02-08 07:45:57.055158,NewYork-4a64,-15,11,Normal
2026-02-08 07:45:58.055158,NewYork-4a64,15,53,Normal
2026-02-08 07:45:59.055158,NewYork-4a64,12,27,Normal
2026-02-08 07:46:00.055158,NewYork-4a64,36,14,Normal
2026-02-08 07:46:01.055158,NewYork-4a64,-15,79,Normal
2026-02-08 07:46:02.055158,NewYork-4a64,43,69,Normal
2026-02-08 07:46:03.055158,NewYork-4a64,11,13,Normal
2026-02-08 07:46:04.055158,NewYork-4a64,39,10,Normal
2026-02-08 07:46:05.055158,NewYork-4a64,16,89,Normal
2026-02-08 07:46:06.055158,NewYork-4a64,44,18,Normal
2026-02-08 07:46:07.055158,NewYork-4a64,31,62,Normal
2026-02-08 07:46:08.055158,NewYork-4a64,-21,1,Normal
2026-02-08 07:46:09.055158,NewYork-4a64,48,55,Normal
2026-02-08 07:46:10.055158,NewYork-4a64,45,86,Normal
2026-02-08 07:46:11.055158,NewYork-4a64,46,47,Normal
2026-02-08 07:46:12.055158,NewYork-4a64,16,43,Normal
2026-02-08 07:46:13.055158,NewYork-4a64,-14,25,Normal
2026-02-08 07:46:14.055158,NewYork-4a64,-10,73,Normal
2026-02-08 07:46:15.055158,NewYork-4a64,4,53,Normal
2026-02-08 07:46:16.055158,NewYork-4a64,-3,99,Normal
2026-02-08 07:46:17.055158,NewYork-4a64,-10,60,Normal
2026-02-08 07:46:18.055158,NewYork-4a64,-9,72,Normal
2026-02-08 07:46:19.055158,NewYork-4a64,-11,22,Normal
2026-02-08 07:46:20.055158,NewYork-4a64,38,66,Normal
2026-02-08 07:46:21.055158,NewYork-4a64,30,0,Normal
2026-02-08 07:46:22.055158,NewYork-4a64,22,82,Normal
2026-02-08 07:46:23.055158,NewYork-4a64,47,90,Normal
2026-02-08 07:46:24.055158,NewYork-4a64,3,70,Normal
2026-02-08 07:46:25.055158,NewYork-4a64,13,76,Normal
2026-02-08 07:46:26.055158,NewYork-4a64,20,32,Normal
2026-02-08 07:46:27.055158,NewYork-4a64,-1,38,Normal
2026-02-08 07:46:28.055158,NewYork-4a64,11,29,Normal
2026-02-08 07:46:29.055158,NewYork-4a64,-26,0,Normal
2026-02-08 07:46:30.055158,NewYork-4a64,-29,38,Normal
2026-02-08 07:46:31.055158,NewYork-4a64,4,83,Normal
2026-02-08 07:46:32.055158,NewYork-4a64,-16,27,Normal
2026-02-08 07:46:33.055158,NewYork-4a64,38,34,Normal
2026-02-08 07:46:34.055158,NewYork-4a64,14,85,Normal
2026-02-08 07:46:35.055158,NewYork-4a64,49,78,Normal
2026-02-08 07:46:36.055158,NewYork-4a64,7,36,Normal
2026-02-08 07:46:37.055158,NewYork-4a64,5,85,Normal
2026-02-08 07:46:38.055158,NewYork-4a64,34,4,Normal
2026-02-08 07:46:39.055158,NewYork-4a64,48,95,Normal
2026-02-08 07:46:40.055158,NewYork-4a64,-8,93,Normal
2026-02-08 07:46:41.055158,NewYork-4a64,-21,19,Normal
2026-02-08 07:46:42.055158,NewYork-4a64,7,73,Normal
2026-02-08 07:46:43.055158,NewYork-4a64,33,7,Normal
2026-02-08 07:46:44.055158,NewYork-4a64,41,68,Normal
2026-02-08 07:46:45.055158,NewYork-4a64,7,71,Normal
2026-02-08 07:46:46.055158,NewYork-4a64,-25,14,Normal
2026-02-08 07:46:47.055158,NewYork-4a64,28,19,Normal
2026-02-08 07:46:48.055158,NewYork-4a64,47,48,Normal
2026-02-08 07:46:49.055158,NewYork-4a64,8,8,Normal
2026-02-08 07:46:50.055158,NewYork-4a64,-12,81,Normal
2026-02-08 07:46:51.055158,NewYork-4a64,-4,85,Normal
2026-02-08 07:46:52.055158,NewYork-4a64,-17,78,Normal
2026-02-08 07:46:53.055158,NewYork-4a64,26,78,Normal
2026-02-08 07:46:54.055158,NewYork-4a64,-6,100,Normal
2026-02-08 07:46:55.055158,NewYork-4a64,0,99,Normal
2026-02-08 07:46:56.055158,NewYork-4a64,37,89,Normal
2026-02-08 07:46:57.055158,NewYork-4a64,-20,40,Normal
2026-02-08 07:46:58.055158,NewYork-4a64,37,45,Normal
2026-02-08 07:46:59.055158,NewYork-4a64,-14,46,Normal
2026-02-08 07:47:00.055158,NewYork-4a64,50,88,Normal
2026-02-08 07:47:01.055158,NewYork-4a64,-1,91,Normal
2026-02-08 07:47:02.055158,NewYork-4a64,29,65,Normal
2026-02-08 07:47:03.055158,NewYork-4a64,-9,53,Normal
2026-02-08 07:47:04.055158,NewYork-4a64,-27,99,Normal
2026-02-08 07:47:05.055158,NewYork-4a64,-8,50,Normal
2026-02-08 07:47:06.055158,NewYork-4a64,-20,40,Normal
2026-02-08 07:47:07.055158,NewYork-4a64,-29,70,Normal
2026-02-08 07:47:08.055158,NewYork-4a64,30,77,Normal
2026-02-08 07:47:09.055158,NewYork-4a64,43,96,Normal
2026-02-08 07:47:10.055158,NewYork-4a64,-11,98,Normal
2026-02-08 07:47:11.055158,NewYork-4a64,12,82,Normal
2026-02-08 07:47:12.055158,NewYork-4a64,-29,24,Normal
2026-02-08 07:47:13.055158,NewYork-4a64,-17,40,Normal
2026-02-08 07:47:14.055158,NewYork-4a64,36,51,Normal
2026-02-08 07:47:15.055158,NewYork-4a64,43,74,Normal
2026-02-08 07:47:16.055158,NewYork-4a64,-25,17,Normal
2026-02-08 07:47:17.055158,NewYork-4a64,13,57,Normal
2026-02-08 07:47:18.055158,NewYork-4a64,-29,60,Normal
2026-02-08 07:47:19.055158,NewYork-4a64,47,19,Normal
2026-02-08 07:47:20.055158,NewYork-4a64,5,64,Normal
2026-02-08 07:47:21.055158,NewYork-4a64,50,28,Normal
2026-02-08 07:47:22.055158,NewYork-4a64,-5,7,Normal
2026-02-08 07:47:23.055158,NewYork-4a64,-15,85,Normal
2026-02-08 07:47:24.055158,NewYork-4a64,-20,38,Normal
2026-02-08 07:47:25.055158,NewYork-4a64,9,69,Normal
2026-02-08 07:47:26.055158,NewYork-4a64,43,79,Normal
2026-02-08 07:47:27.055158,NewYork-4a64,38,76,Normal
2026-02-08 07:47:28.055158,NewYork-4a64,-14,43,Normal
2026-02-08 07:47:29.055158,NewYork-4a64,36,46,Normal
2026-02-08 07:47:30.055158,NewYork-4a64,-20,61,Normal
2026-02-08 07:47:31.055158,NewYork-4a64,20,92,Normal
2026-02-08 07:47:32.055158,NewYork-4a64,-10,35,Normal
2026-02-08 07:47:33.055158,NewYork-4a64,-27,6,Normal
2026-02-08 07:47:34.055158,NewYork-4a64,0,17,Normal
2026-02-08 07:47:35.055158,NewYork-4a64,38,59,Normal
2026-02-08 07:47:36.055158,NewYork-4a64,-21,58,Normal
2026-02-08 07:47:37.055158,NewYork-4a64,-12,79,Normal
2026-02-08 07:47:38.055158,NewYork-4a64,32,43,Normal
2026-02-08 07:47:39.055158,NewYork-4a64,-27,72,Normal
2026-02-08 07:47:40.055158,NewYork-4a64,2,16,Normal
2026-02-08 07:47:41.055158,NewYork-4a64,5,44,Normal
2026-02-08 07:47:42.055158,NewYork-4a64,31,47,Normal
2026-02-08 07:47:43.055158,NewYork-4a64,4,40,Normal
2026-02-08 07:47:44.055158,NewYork-4a64,-17,13,Normal
2026-02-08 07:47:45.055158,NewYork-4a64,19,77,Normal
2026-02-08 07:47:46.055158,NewYork-4a64,17,21,Normal
2026-02-08 07:47:47.055158,NewYork-4a64,40,44,Normal
2026-02-08 07:47:48.055158,NewYork-4a64,-21,98,Normal
2026-02-08 07:47:49.055158,NewYork-4a64,-5,18,Normal
2026-02-08 07:47:50.055158,NewYork-4a64,24,81,Normal
2026-02-08 07:47:51.055158,NewYork-4a64,-28,0,Normal
2026-02-08 07:47:52.055158,NewYork-4a64,6,82,Normal
2026-02-08 07:47:53.055158,NewYork-4a64,-16,67,Normal
2026-02-08 07:47:54.055158,NewYork-4a64,9,82,Normal
2026-02-08 07:47:55.055158,NewYork-4a64,-27,28,Normal
2026-02-08 07:47:56.055158,NewYork-4a64,8,5,Normal
2026-02-08 07:47:57.055158,NewYork-4a64,48,31,Normal
2026-02-08 07:47:58.055158,NewYork-4a64,49,69,Normal
2026-02-08 07:47:59.055158,NewYork-4a64,43,16,Normal
2026-02-08 07:48:00.055158,NewYork-4a64,-4,33,Normal
2026-02-08 07:48:01.055158,NewYork-4a64,-23,25,Normal
2026-02-08 07:48:02.055158,NewYork-4a64,-10,42,Normal
2026-02-08 07:48:03.055158,NewYork-4a64,18,81,Normal
2026-02-08 07:48:04.055158,NewYork-4a64,6,12,Normal
2026-02-08 07:48:05.055158,NewYork-4a64,0,30,Normal
2026-02-08 07:48:06.055158,NewYork-4a64,-13,57,Normal
2026-02-08 07:48:07.055158,NewYork-4a64,28,69,Normal
2026-02-08 07:48:08.055158,NewYork-4a64,22,8,Normal
2026-02-08 07:48:09.055158,NewYork-4a64,-19,10,Normal
2026-02-08 07:48:10.055158,NewYork-4a64,26,48,Normal
2026-02-08 07:48:11.055158,NewYork-4a64,28,11,Normal
2026-02-08 07:48:12.055158,NewYork-4a64,47,38,Normal
2026-02-08 07:48:13.055158,NewYork-4a64,22,82,Normal
2026-02-08 07:48:14.055158,NewYork-4a64,-13,12,Normal
2026-02-08 07:48:15.055158,NewYork-4a64,4,92,Normal
2026-02-08 07:48:16.055158,NewYork-4a64,-1,6,Normal
2026-02-08 07:48:17.055158,NewYork-4a64,30,42,Normal
2026-02-08 07:48:18.055158,NewYork-4a64,5,66,Normal
2026-02-08 07:48:19.055158,NewYork-4a64,-6,64,Normal
2026-02-08 07:48:20.055158,NewYork-4a64,-21,59,Normal
2026-02-08 07:48:21.055158,NewYork-4a64,17,52,Normal
2026-02-08 07:48:22.055158,NewYork-4a64,-12,11,Normal
2026-02-08 07:48:23.055158,NewYork-4a64,33,97,Normal
2026-02-08 07:48:24.055158,NewYork-4a64,16,47,Normal
2026-02-08 07:48:25.055158,NewYork-4a64,0,31,Normal
2026-02-08 07:48:26.055158,NewYork-4a64,-18,71,Normal
2026-02-08 07:48:27.055158,NewYork-4a64,21,77,Normal
2026-02-08 07:48:28.055158,NewYork-4a64,29,44,Normal
2026-02-08 07:48:29.055158,NewYork-4a64,15,93,Normal
2026-02-08 07:48:30.055158,NewYork-4a64,18,76,Normal
2026-02-08 07:48:31.055158,NewYork-4a64,-25,36,Normal
2026-02-08 07:48:32.055158,NewYork-4a64,1,46,Normal
2026-02-08 07:48:33.055158,NewYork-4a64,43,31,Normal
2026-02-08 07:48:34.055158,NewYork-4a64,-13,75,Normal
2026-02-08 07:48:35.055158,NewYork-4a64,7,96,Normal
2026-02-08 07:48:36.055158,NewYork-4a64,-16,53,Normal
2026-02-08 07:48:37.055158,NewYork-4a64,11,32,Normal
2026-02-08 07:48:38.055158,NewYork-4a64,22,30,Normal
2026-02-08 07:48:39.055158,NewYork-4a64,30,8,Normal
2026-02-08 07:48:40.055158,NewYork-4a64,50,73,Normal
2026-02-08 07:48:41.055158,NewYork-4a64,22,1,Normal
2026-02-08 07:48:42.055158,NewYork-4a64,-29,45,Normal
2026-02-08 07:48:43.055158,NewYork-4a64,46,35,Normal
2026-02-08 07:48:44.055158,NewYork-4a64,-17,52,Normal
2026-02-08 07:48:45.055158,NewYork-4a64,5,85,Normal
2026-02-08 07:48:46.055158,NewYork-4a64,-6,87,Normal
2026-02-08 07:48:47.055158,NewYork-4a64,-1,4,Normal
2026-02-08 07:48:48.055158,NewYork-4a64,9,91,Normal
2026-02-08 07:48:49.055158,NewYork-4a64,40,81,Normal
2026-02-08 07:48:50.055158,NewYork-4a64,-23,43,Normal
2026-02-08 07:48:51.055158,NewYork-4a64,46,32,Normal
2026-02-08 07:48:52.055158,NewYork-4a64,29,29,Normal
2026-02-08 07:48:53.055158,NewYork-4a64,37,50,Normal
2026-02-08 07:48:54.055158,NewYork-4a64,8,40,Normal
2026-02-08 07:48:55.055158,NewYork-4a64,-21,82,Normal
2026-02-08 07:48:56.055158,NewYork-4a64,30,23,Normal
2026-02-08 07:48:57.055158,NewYork-4a64,-13,72,Normal
2026-02-08 07:48:58.055158,NewYork-4a64,14,39,Normal
2026-02-08 07:48:59.055158,NewYork-4a64,4,67,Normal
2026-02-08 07:49:00.055158,NewYork-4a64,-5,72,Normal
2026-02-08 07:49:01.055158,NewYork-4a64,-3,14,Normal
2026-02-08 07:49:02.055158,NewYork-4a64,42,8,Normal
2026-02-08 07:49:03.055158,NewYork-4a64,33,9,Normal
2026-02-08 07:49:04.055158,NewYork-4a64,-1,11,Normal
2026-02-08 07:49:05.055158,NewYork-4a64,-17,26,Normal
2026-02-08 07:49:06.055158,NewYork-4a64,-4,45,Normal
2026-02-08 07:49:07.055158,NewYork-4a64,-6,11,Normal
2026-02-08 07:49:08.055158,NewYork-4a64,20,55,Normal
2026-02-08 07:49:09.055158,NewYork-4a64,-25,31,Normal
2026-02-08 07:49:10.055158,NewYork-4a64,43,96,Normal
2026-02-08 07:49:11.055158,NewYork-4a64,32,36,Normal
2026-02-08 07:49:12.055158,NewYork-4a64,-17,75,Normal
2026-02-08 07:49:13.055158,NewYork-4a64,-15,25,Normal
2026-02-08 07:49:14.055158,NewYork-4a64,6,27,Normal
2026-02-08 07:49:15.055158,NewYork-4a64,-8,69,Normal
2026-02-08 07:49:16.055158,NewYork-4a64,12,35,Normal
2026-02-08 07:49:17.055158,NewYork-4a64,9,10,Normal
2026-02-08 07:49:18.055158,NewYork-4a64,18,73,Normal
2026-02-08 07:49:19.055158,NewYork-4a64,-20,26,Normal
2026-02-08 07:49:20.055158,NewYork-4a64,47,29,Normal
2026-02-08 07:49:21.055158,NewYork-4a64,-20,73,Normal
2026-02-08 07:49:22.055158,NewYork-4a64,9,39,Normal
2026-02-08 07:49:23.055158,NewYork-4a64,12,64,Normal
2026-02-08 07:49:24.055158,NewYork-4a64,-13,96,Normal
2026-02-08 07:49:25.055158,NewYork-4a64,42,7,Normal
2026-02-08 07:49:26.055158,NewYork-4a64,-10,57,Normal
2026-02-08 07:49:27.055158,NewYork-4a64,18,21,Normal
2026-02-08 07:49:28.055158,NewYork-4a64,-25,4,Normal
2026-02-08 07:49:29.055158,NewYork-4a64,-22,53,Normal
2026-02-08 07:49:30.055158,NewYork-4a64,23,70,Normal
2026-02-08 07:49:31.055158,NewYork-4a64,-14,93,Normal
2026-02-08 07:49:32.055158,NewYork-4a64,-6,77,Normal
2026-02-08 07:49:33.055158,NewYork-4a64,23,83,Normal
2026-02-08 07:49:34.055158,NewYork-4a64,31,57,Normal
2026-02-08 07:49:35.055158,NewYork-4a64,-8,19,Normal
2026-02-08 07:49:36.055158,NewYork-4a64,7,93,Normal
2026-02-08 07:49:37.055158,NewYork-4a64,28,80,Normal
2026-02-08 07:49:38.055158,NewYork-4a64,38,35,Normal
2026-02-08 07:49:39.055158,NewYork-4a64,38,35,Normal
2026-02-08 07:49:40.055158,NewYork-4a64,-18,21,Normal
2026-02-08 07:49:41.055158,NewYork-4a64,-12,17,Normal
2026-02-08 07:49:42.055158,NewYork-4a64,-11,76,Normal
2026-02-08 07:49:43.055158,NewYork-4a64,18,76,Normal
2026-02-08 07:49:44.055158,NewYork-4a64,37,91,Normal
2026-02-08 07:49:45.055158,NewYork-4a64,30,33,Normal
2026-02-08 07:49:46.055158,NewYork-4a64,2,82,Normal
2026-02-08 07:49:47.055158,NewYork-4a64,39,55,Normal
2026-02-08 07:49:48.055158,NewYork-4a64,-5,64,Normal
2026-02-08 07:49:49.055158,NewYork-4a64,-23,19,Normal
2026-02-08 07:49:50.055158,NewYork-4a64,0,61,Normal
2026-02-08 07:49:51.055158,NewYork-4a64,20,94,Normal
2026-02-08 07:49:52.055158,NewYork-4a64,2,60,Normal
2026-02-08 07:49:53.055158,NewYork-4a64,-27,18,Normal
2026-02-08 07:49:54.055158,NewYork-4a64,47,95,Normal
2026-02-08 07:49:55.055158,NewYork-4a64,6,43,Normal
2026-02-08 07:49:56.055158,NewYork-4a64,-20,36,Normal
2026-02-08 07:49:57.055158,NewYork-4a64,-6,19,Normal
2026-02-08 07:49:58.055158,NewYork-4a64,-13,23,Normal
2026-02-08 07:49:59.055158,NewYork-4a64,-12,20,Normal
2026-02-08 07:50:00.055158,NewYork-4a64,-21,84,Normal
2026-02-08 07:50:01.055158,NewYork-4a64,27,31,Normal
2026-02-08 07:50:02.055158,NewYork-4a64,-14,78,Normal
2026-02-08 07:50:03.055158,NewYork-4a64,49,41,Normal
2026-02-08 07:50:04.055158,NewYork-4a64,42,56,Normal
2026-02-08 07:50:05.055158,NewYork-4a64,18,46,Normal
2026-02-08 07:50:06.055158,NewYork-4a64,-25,89,Normal
2026-02-08 07:50:07.055158,NewYork-4a64,10,56,Normal
2026-02-08 07:50:08.055158,NewYork-4a64,10,37,Normal
2026-02-08 07:50:09.055158,NewYork-4a64,-19,57,Normal
2026-02-08 07:50:10.055158,NewYork-4a64,7,61,Normal
2026-02-08 07:50:11.055158,NewYork-4a64,45,33,Normal
2026-02-08 07:50:12.055158,NewYork-4a64,11,91,Normal
2026-02-08 07:50:13.055158,NewYork-4a64,32,6,Normal
2026-02-08 07:50:14.055158,NewYork-4a64,16,90,Normal
2026-02-08 07:50:15.055158,NewYork-4a64,-26,89,Normal
2026-02-08 07:50:16.055158,NewYork-4a64,4,69,Normal
2026-02-08 07:50:17.055158,NewYork-4a64,-19,49,Normal
2026-02-08 07:50:18.055158,NewYork-4a64,31,90,Normal
2026-02-08 07:50:19.055158,NewYork-4a64,23,86,Normal
2026-02-08 07:50:20.055158,NewYork-4a64,6,73,Normal
2026-02-08 07:50:21.055158,NewYork-4a64,-21,99,Normal
2026-02-08 07:50:22.055158,NewYork-4a64,23,77,Normal
2026-02-08 07:50:23.055158,NewYork-4a64,12,48,Normal
2026-02-08 07:50:24.055158,NewYork-4a64,32,40,Normal
2026-02-08 07:50:25.055158,NewYork-4a64,-26,38,Normal
2026-02-08 07:50:26.055158,NewYork-4a64,0,60,Normal
2026-02-08 07:50:27.055158,NewYork-4a64,-28,68,Normal
2026-02-08 07:50:28.055158,NewYork-4a64,27,45,Normal
2026-02-08 07:50:29.055158,NewYork-4a64,1,52,Normal
2026-02-08 07:50:30.055158,NewYork-4a64,44,21,Normal
2026-02-08 07:50:31.055158,NewYork-4a64,12,88,Normal
2026-02-08 07:50:32.055158,NewYork-4a64,-25,64,Normal
2026-02-08 07:50:33.055158,NewYork-4a64,-28,88,Normal
2026-02-08 07:50:34.055158,NewYork-4a64,44,94,Normal
2026-02-08 07:50:35.055158,NewYork-4a64,-7,94,Normal
2026-02-08 07:50:36.055158,NewYork-4a64,6,30,Normal
2026-02-08 07:50:37.055158,NewYork-4a64,38,3,Normal
2026-02-08 07:50:38.055158,NewYork-4a64,-30,22,Normal
2026-02-08 07:50:39.055158,NewYork-4a64,46,92,Normal
2026-02-08 07:50:40.055158,NewYork-4a64,44,10,Normal
2026-02-08 07:50:41.055158,NewYork-4a64,41,8,Normal
2026-02-08 07:50:42.055158,NewYork-4a64,-18,90,Normal
2026-02-08 07:50:43.055158,NewYork-4a64,27,26,Normal
2026-02-08 07:50:44.055158,NewYork-4a64,-6,32,Normal
2026-02-08 07:50:45.055158,NewYork-4a64,-10,56,Normal
2026-02-08 07:50:46.055158,NewYork-4a64,-18,47,Normal
2026-02-08 07:50:47.055158,NewYork-4a64,-11,80,Normal
2026-02-08 07:50:48.055158,NewYork-4a64,32,70,Normal
2026-02-08 07:50:49.055158,NewYork-4a64,-16,2,Normal
2026-02-08 07:50:50.055158,NewYork-4a64,-22,17,Normal
2026-02-08 07:50:51.055158,NewYork-4a64,18,35,Normal
2026-02-08 07:50:52.055158,NewYork-4a64,20,93,Normal
2026-02-08 07:50:53.055158,NewYork-4a64,30,46,Normal
2026-02-08 07:50:54.055158,NewYork-4a64,36,92,Normal
2026-02-08 07:50:55.055158,NewYork-4a64,49,83,Normal
2026-02-08 07:50:56.055158,NewYork-4a64,35,96,Normal
2026-02-08 07:50:57.055158,NewYork-4a64,-26,76,Normal
2026-02-08 07:50:58.055158,NewYork-4a64,-21,5,Normal
2026-02-08 07:50:59.055158,NewYork-4a64,16,18,Normal
2026-02-08 07:51:00.055158,NewYork-4a64,41,79,Normal
2026-02-08 07:51:01.055158,NewYork-4a64,12,26,Normal
2026-02-08 07:51:02.055158,NewYork-4a64,9,65,Normal
2026-02-08 07:51:03.055158,NewYork-4a64,4,58,Normal
2026-02-08 07:51:04.055158,NewYork-4a64,34,89,Normal
2026-02-08 07:51:05.055158,NewYork-4a64,21,47,Normal
2026-02-08 07:51:06.055158,NewYork-4a64,43,100,Normal
2026-02-08 07:51:07.055158,NewYork-4a64,-29,59,Normal
2026-02-08 07:51:08.055158,NewYork-4a64,-15,34,Normal
2026-02-08 07:51:09.055158,NewYork-4a64,10,97,Normal
2026-02-08 07:51:10.055158,NewYork-4a64,27,25,Normal
2026-02-08 07:51:11.055158,NewYork-4a64,-22,6,Normal
2026-02-08 07:51:12.055158,NewYork-4a64,-28,33,Normal
2026-02-08 07:51:13.055158,NewYork-4a64,8,35,Normal
2026-02-08 07:51:14.055158,NewYork-4a64,-4,62,Normal
2026-02-08 07:51:15.055158,NewYork-4a64,-1,22,Normal
2026-02-08 07:51:16.055158,NewYork-4a64,-5,36,Normal
2026-02-08 07:51:17.055158,NewYork-4a64,12,51,Normal
2026-02-08 07:51:18.055158,NewYork-4a64,-20,11,Normal
2026-02-08 07:51:19.055158,NewYork-4a64,-8,12,Normal
2026-02-08 07:51:20.055158,NewYork-4a64,33,92,Normal
2026-02-08 07:51:21.055158,NewYork-4a64,29,7,Normal
2026-02-08 07:51:22.055158,NewYork-4a64,46,5,Normal
2026-02-08 07:51:23.055158,NewYork-4a64,-2,36,Normal
2026-02-08 07:51:24.055158,NewYork-4a64,43,91,Normal
2026-02-08 07:51:25.055158,NewYork-4a64,33,0,Normal
2026-02-08 07:51:26.055158,NewYork-4a64,-8,21,Normal
2026-02-08 07:51:27.055158,NewYork-4a64,12,12,Normal
2026-02-08 07:51:28.055158,NewYork-4a64,19,1,Normal
2026-02-08 07:51:29.055158,NewYork-4a64,15,46,Normal
2026-02-08 07:51:30.055158,NewYork-4a64,34,37,Normal
2026-02-08 07:51:31.055158,NewYork-4a64,44,43,Normal
2026-02-08 07:51:32.055158,NewYork-4a64,45,52,Normal
2026-02-08 07:51:33.055158,NewYork-4a64,35,15,Normal
2026-02-08 07:51:34.055158,NewYork-4a64,33,9,Normal
2026-02-08 07:51:35.055158,NewYork-4a64,45,16,Normal
2026-02-08 07:51:36.055158,NewYork-4a64,17,89,Normal
2026-02-08 07:51:37.055158,NewYork-4a64,8,12,Normal
2026-02-08 07:51:38.055158,NewYork-4a64,12,95,Normal
2026-02-08 07:51:39.055158,NewYork-4a64,47,12,Normal
2026-02-08 07:51:40.055158,NewYork-4a64,36,2,Normal
2026-02-08 07:51:41.055158,NewYork-4a64,-7,59,Normal
2026-02-08 07:51:42.055158,NewYork-4a64,-29,0,Normal
2026-02-08 07:51:43.055158,NewYork-4a64,37,63,Normal
2026-02-08 07:51:44.055158,NewYork-4a64,18,83,Normal
2026-02-08 07:51:45.055158,NewYork-4a64,-4,74,Normal
2026-02-08 07:51:46.055158,NewYork-4a64,9,96,Normal
2026-02-08 07:51:47.055158,NewYork-4a64,22,9,Normal
2026-02-08 07:51:48.055158,NewYork-4a64,48,40,Normal
2026-02-08 07:51:49.055158,NewYork-4a64,17,32,Normal
2026-02-08 07:51:50.055158,NewYork-4a64,11,86,Normal
2026-02-08 07:51:51.055158,NewYork-4a64,-29,67,Normal
2026-02-08 07:51:52.055158,NewYork-4a64,30,29,Normal
2026-02-08 07:51:53.055158,NewYork-4a64,19,88,Normal
2026-02-08 07:51:54.055158,NewYork-4a64,3,59,Normal
2026-02-08 07:51:55.055158,NewYork-4a64,46,88,Normal
2026-02-08 07:51:56.055158,NewYork-4a64,9,76,Normal
2026-02-08 07:51:57.055158,NewYork-4a64,8,62,Normal
2026-02-08 07:51:58.055158,NewYork-4a64,-19,64,Normal
2026-02-08 07:51:59.055158,NewYork-4a64,14,97,Normal
2026-02-08 07:52:00.055158,NewYork-4a64,0,29,Normal
2026-02-08 07:52:01.055158,NewYork-4a64,14,79,Normal
2026-02-08 07:52:02.055158,NewYork-4a64,2,16,Normal
2026-02-08 07:52:03.055158,NewYork-4a64,-6,52,Normal
2026-02-08 07:52:04.055158,NewYork-4a64,29,59,Normal
2026-02-08 07:52:05.055158,NewYork-4a64,21,10,Normal
2026-02-08 07:52:06.055158,NewYork-4a64,-19,61,Normal
2026-02-08 07:52:07.055158,NewYork-4a64,20,20,Normal
2026-02-08 07:52:08.055158,NewYork-4a64,42,48,Normal
2026-02-08 07:52:09.055158,NewYork-4a64,24,95,Normal
2026-02-08 07:52:10.055158,NewYork-4a64,6,32,Normal
2026-02-08 07:52:11.055158,NewYork-4a64,-19,36,Normal
2026-02-08 07:52:12.055158,NewYork-4a64,7,82,Normal
2026-02-08 07:52:13.055158,NewYork-4a64,7,65,Normal
2026-02-08 07:52:14.055158,NewYork-4a64,12,67,Normal
2026-02-08 07:52:15.055158,NewYork-4a64,-5,77,Normal
2026-02-08 07:52:16.055158,NewYork-4a64,20,6,Normal
2026-02-08 07:52:17.055158,NewYork-4a64,-7,47,Normal
2026-02-08 07:52:18.055158,NewYork-4a64,14,41,Normal
2026-02-08 07:52:19.055158,NewYork-4a64,-1,61,Normal
2026-02-08 07:52:20.055158,NewYork-4a64,48,45,Normal
2026-02-08 07:52:21.055158,NewYork-4a64,-22,0,Normal
2026-02-08 07:52:22.055158,NewYork-4a64,22,60,Normal
2026-02-08 07:52:23.055158,NewYork-4a64,5,13,Normal
2026-02-08 07:52:24.055158,NewYork-4a64,19,45,Normal
2026-02-08 07:52:25.055158,NewYork-4a64,-3,62,Normal
2026-02-08 07:52:26.055158,NewYork-4a64,-3,18,Normal
2026-02-08 07:52:27.055158,NewYork-4a64,2,93,Normal
2026-02-08 07:52:28.055158,NewYork-4a64,-12,40,Normal
2026-02-08 07:52:29.055158,NewYork-4a64,40,18,Normal
2026-02-08 07:52:30.055158,NewYork-4a64,27,60,Normal
2026-02-08 07:52:31.055158,NewYork-4a64,-2,71,Normal
2026-02-08 07:52:32.055158,NewYork-4a64,12,74,Normal
2026-02-08 07:52:33.055158,NewYork-4a64,31,30,Normal
2026-02-08 07:52:34.055158,NewYork-4a64,-19,94,Normal
2026-02-08 07:52:35.055158,NewYork-4a64,27,12,Normal
2026-02-08 07:52:36.055158,NewYork-4a64,-1,84,Normal
2026-02-08 07:52:37.055158,NewYork-4a64,46,39,Normal
2026-02-08 07:52:38.055158,NewYork-4a64,13,68,Normal
2026-02-08 07:52:39.055158,NewYork-4a64,5,4,Normal
2026-02-08 07:52:40.055158,NewYork-4a64,-7,76,Normal
2026-02-08 07:52:41.055158,NewYork-4a64,-3,82,Normal
2026-02-08 07:52:42.055158,NewYork-4a64,2,53,Normal
2026-02-08 07:52:43.055158,NewYork-4a64,42,41,Normal
2026-02-08 07:52:44.055158,NewYork-4a64,19,96,Normal
2026-02-08 07:52:45.055158,NewYork-4a64,28,95,Normal
2026-02-08 07:52:46.055158,NewYork-4a64,39,9,Normal
2026-02-08 07:52:47.055158,NewYork-4a64,-3,22,Normal
2026-02-08 07:52:48.055158,NewYork-4a64,18,74,Normal
2026-02-08 07:52:49.055158,NewYork-4a64,18,13,Normal
2026-02-08 07:52:50.055158,NewYork-4a64,-25,85,Normal
2026-02-08 07:52:51.055158,NewYork-4a64,1,24,Normal
2026-02-08 07:52:52.055158,NewYork-4a64,31,36,Normal
2026-02-08 07:52:53.055158,NewYork-4a64,-20,92,Normal
2026-02-08 07:52:54.055158,NewYork-4a64,30,55,Normal
2026-02-08 07:52:55.055158,NewYork-4a64,38,21,Normal
2026-02-08 07:52:56.055158,NewYork-4a64,28,49,Normal
2026-02-08 07:52:57.055158,NewYork-4a64,28,22,Normal
2026-02-08 07:52:58.055158,NewYork-4a64,21,21,Normal
2026-02-08 07:52:59.055158,NewYork-4a64,4,89,Normal
2026-02-08 07:53:00.055158,NewYork-4a64,17,82,Normal
2026-02-08 07:53:01.055158,NewYork-4a64,42,20,Normal
2026-02-08 07:53:02.055158,NewYork-4a64,-25,39,Normal
2026-02-08 07:53:03.055158,NewYork-4a64,-2,19,Normal
2026-02-08 07:53:04.055158,NewYork-4a64,-30,42,Normal
2026-02-08 07:53:05.055158,NewYork-4a64,13,82,Normal
2026-02-08 07:53:06.055158,NewYork-4a64,28,68,Normal
2026-02-08 07:53:07.055158,NewYork-4a64,-23,39,Normal
2026-02-08 07:53:08.055158,NewYork-4a64,-30,36,Normal
2026-02-08 07:53:09.055158,NewYork-4a64,40,58,Normal
2026-02-08 07:53:10.055158,NewYork-4a64,-18,17,Normal
2026-02-08 07:53:11.055158,NewYork-4a64,32,15,Normal
2026-02-08 07:53:12.055158,NewYork-4a64,18,45,Normal
2026-02-08 07:53:13.055158,NewYork-4a64,-7,21,Normal
2026-02-08 07:53:14.055158,NewYork-4a64,32,19,Normal
2026-02-08 07:53:15.055158,NewYork-4a64,11,27,Normal
2026-02-08 07:53:16.055158,NewYork-4a64,35,89,Normal
2026-02-08 07:53:17.055158,NewYork-4a64,9,55,Normal
2026-02-08 07:53:18.055158,NewYork-4a64,-26,5,Normal
2026-02-08 07:53:19.055158,NewYork-4a64,42,80,Normal
2026-02-08 07:53:20.055158,NewYork-4a64,5,14,Normal
2026-02-08 07:53:21.055158,NewYork-4a64,48,57,Normal
2026-02-08 07:53:22.055158,NewYork-4a64,21,27,Normal
2026-02-08 07:53:23.055158,NewYork-4a64,-25,23,Normal
2026-02-08 07:53:24.055158,NewYork-4a64,-26,38,Normal
2026-02-08 07:53:25.055158,NewYork-4a64,-25,28,Normal
2026-02-08 07:53:26.055158,NewYork-4a64,36,28,Normal
2026-02-08 07:53:27.055158,NewYork-4a64,48,76,Normal
2026-02-08 07:53:28.055158,NewYork-4a64,-1,27,Normal
2026-02-08 07:53:29.055158,NewYork-4a64,23,77,Normal
2026-02-08 07:53:30.055158,NewYork-4a64,37,21,Normal
2026-02-08 07:53:31.055158,NewYork-4a64,20,99,Normal
2026-02-08 07:53:32.055158,NewYork-4a64,24,73,Normal
2026-02-08 07:53:33.055158,NewYork-4a64,-12,25,Normal
2026-02-08 07:53:34.055158,NewYork-4a64,27,14,Normal
2026-02-08 07:53:35.055158,NewYork-4a64,19,48,Normal
2026-02-08 07:53:36.055158,NewYork-4a64,-2,28,Normal
2026-02-08 07:53:37.055158,NewYork-4a64,47,65,Normal
2026-02-08 07:53:38.055158,NewYork-4a64,21,47,Normal
2026-02-08 07:53:39.055158,NewYork-4a64,-7,40,Normal
2026-02-08 07:53:40.055158,NewYork-4a64,12,47,Normal
2026-02-08 07:53:41.055158,NewYork-4a64,29,90,Normal
2026-02-08 07:53:42.055158,NewYork-4a64,28,69,Normal
2026-02-08 07:53:43.055158,NewYork-4a64,27,99,Normal
2026-02-08 07:53:44.055158,NewYork-4a64,47,59,Normal
2026-02-08 07:53:45.055158,NewYork-4a64,3,66,Normal
2026-02-08 07:53:46.055158,NewYork-4a64,33,74,Normal
2026-02-08 07:53:47.055158,NewYork-4a64,50,64,Normal
2026-02-08 07:53:48.055158,NewYork-4a64,10,62,Normal
2026-02-08 07:53:49.055158,NewYork-4a64,-25,3,Normal
2026-02-08 07:53:50.055158,NewYork-4a64,-6,90,Normal
2026-02-08 07:53:51.055158,NewYork-4a64,28,8,Normal
2026-02-08 07:53:52.055158,NewYork-4a64,-11,63,Normal
2026-02-08 07:53:53.055158,NewYork-4a64,42,69,Normal
2026-02-08 07:53:54.055158,NewYork-4a64,14,33,Normal
2026-02-08 07:53:55.055158,NewYork-4a64,47,46,Normal
2026-02-08 07:53:56.055158,NewYork-4a64,19,90,Normal
2026-02-08 07:53:57.055158,NewYork-4a64,-30,95,Normal
2026-02-08 07:53:58.055158,NewYork-4a64,-6,5,Normal
2026-02-08 07:53:59.055158,NewYork-4a64,42,98,Normal
2026-02-08 07:54:00.055158,NewYork-4a64,-5,45,Normal
2026-02-08 07:54:01.055158,NewYork-4a64,40,70,Normal
2026-02-08 07:54:02.055158,NewYork-4a64,-11,48,Normal
2026-02-08 07:54:03.055158,NewYork-4a64,-14,54,Normal
2026-02-08 07:54:04.055158,NewYork-4a64,6,99,Normal
2026-02-08 07:54:05.055158,NewYork-4a64,42,57,Normal
2026-02-08 07:54:06.055158,NewYork-4a64,42,43,Normal
2026-02-08 07:54:07.055158,NewYork-4a64,4,32,Normal
2026-02-08 07:54:08.055158,NewYork-4a64,16,81,Normal
2026-02-08 07:54:09.055158,NewYork-4a64,32,69,Normal
2026-02-08 07:54:10.055158,NewYork-4a64,-23,3,Normal
2026-02-08 07:54:11.055158,NewYork-4a64,42,91,Normal
2026-02-08 07:54:12.055158,NewYork-4a64,49,58,Normal
2026-02-08 07:54:13.055158,NewYork-4a64,-10,28,Normal
2026-02-08 07:54:14.055158,NewYork-4a64,49,21,Normal
2026-02-08 07:54:15.055158,NewYork-4a64,29,88,Normal
2026-02-08 07:54:16.055158,NewYork-4a64,17,58,Normal
2026-02-08 07:54:17.055158,NewYork-4a64,-2,16,Normal
2026-02-08 07:54:18.055158,NewYork-4a64,47,84,Normal
2026-02-08 07:54:19.055158,NewYork-4a64,-8,20,Normal
2026-02-08 07:54:20.055158,NewYork-4a64,-2,69,Normal
2026-02-08 07:54:21.055158,NewYork-4a64,-1,7,Normal
2026-02-08 07:54:22.055158,NewYork-4a64,-10,75,Normal
2026-02-08 07:54:23.055158,NewYork-4a64,-30,96,Normal
2026-02-08 07:54:24.055158,NewYork-4a64,38,12,Normal
2026-02-08 07:54:25.055158,NewYork-4a64,6,27,Normal
2026-02-08 07:54:26.055158,NewYork-4a64,0,33,Normal
2026-02-08 07:54:27.055158,NewYork-4a64,13,35,Normal
2026-02-08 07:54:28.055158,NewYork-4a64,43,83,Normal
2026-02-08 07:54:29.055158,NewYork-4a64,-24,38,Normal
2026-02-08 07:54:30.055158,NewYork-4a64,19,31,Normal
2026-02-08 07:54:31.055158,NewYork-4a64,7,48,Normal
2026-02-08 07:54:32.055158,NewYork-4a64,-7,84,Normal
2026-02-08 07:54:33.055158,NewYork-4a64,32,46,Normal
2026-02-08 07:54:34.055158,NewYork-4a64,10,64,Normal
2026-02-08 07:54:35.055158,NewYork-4a64,-3,84,Normal
2026-02-08 07:54:36.055158,NewYork-4a64,47,51,Normal
2026-02-08 07:54:37.055158,NewYork-4a64,-15,60,Normal
2026-02-08 07:54:38.055158,NewYork-4a64,11,31,Normal
2026-02-08 07:54:39.055158,NewYork-4a64,33,6,Normal
2026-02-08 07:54:40.055158,NewYork-4a64,-30,33,Normal
2026-02-08 07:54:41.055158,NewYork-4a64,2,78,Normal
2026-02-08 07:54:42.055158,NewYork-4a64,-30,13,Normal
2026-02-08 07:54:43.055158,NewYork-4a64,-29,34,Normal
2026-02-08 07:54:44.055158,NewYork-4a64,-12,53,Normal
2026-02-08 07:54:45.055158,NewYork-4a64,-29,26,Normal
2026-02-08 07:54:46.055158,NewYork-4a64,-1,57,Normal
2026-02-08 07:54:47.055158,NewYork-4a64,-15,90,Normal
2026-02-08 07:54:48.055158,NewYork-4a64,-7,32,Normal
2026-02-08 07:54:49.055158,NewYork-4a64,31,30,Normal
2026-02-08 07:54:50.055158,NewYork-4a64,-30,64,Normal
2026-02-08 07:54:51.055158,NewYork-4a64,-17,60,Normal
2026-02-08 07:54:52.055158,NewYork-4a64,26,48,Normal
2026-02-08 07:54:53.055158,NewYork-4a64,-8,21,Normal
2026-02-08 07:54:54.055158,NewYork-4a64,5,91,Normal
2026-02-08 07:54:55.055158,NewYork-4a64,30,82,Normal
2026-02-08 07:54:56.055158,NewYork-4a64,-24,55,Normal
2026-02-08 07:54:57.055158,NewYork-4a64,-4,18,Normal
2026-02-08 07:54:58.055158,NewYork-4a64,16,27,Normal
2026-02-08 07:54:59.055158,NewYork-4a64,-4,33,Normal
2026-02-08 07:55:00.055158,NewYork-4a64,-11,43,Normal
2026-02-08 07:55:01.055158,NewYork-4a64,15,38,Normal
2026-02-08 07:55:02.055158,NewYork-4a64,37,29,Normal
2026-02-08 07:55:03.055158,NewYork-4a64,30,17,Normal
2026-02-08 07:55:04.055158,NewYork-4a64,33,48,Normal
2026-02-08 07:55:05.055158,NewYork-4a64,-25,53,Normal
2026-02-08 07:55:06.055158,NewYork-4a64,8,70,Normal
2026-02-08 07:55:07.055158,NewYork-4a64,23,59,Normal
2026-02-08 07:55:08.055158,NewYork-4a64,-22,6,Normal
2026-02-08 07:55:09.055158,NewYork-4a64,-13,26,Normal
2026-02-08 07:55:10.055158,NewYork-4a64,-8,86,Normal
2026-02-08 07:55:11.055158,NewYork-4a64,39,70,Normal
2026-02-08 07:55:12.055158,NewYork-4a64,-22,35,Normal
2026-02-08 07:55:13.055158,NewYork-4a64,-6,69,Normal
2026-02-08 07:55:14.055158,NewYork-4a64,24,50,Normal
2026-02-08 07:55:15.055158,NewYork-4a64,17,31,Normal
2026-02-08 07:55:16.055158,NewYork-4a64,-2,40,Normal
2026-02-08 07:55:17.055158,NewYork-4a64,22,43,Normal
2026-02-08 07:55:18.055158,NewYork-4a64,-20,44,Normal
2026-02-08 07:55:19.055158,NewYork-4a64,-1,39,Normal
2026-02-08 07:55:20.055158,NewYork-4a64,1,52,Normal
2026-02-08 07:55:21.055158,NewYork-4a64,-1,33,Normal
2026-02-08 07:55:22.055158,NewYork-4a64,40,57,Normal
2026-02-08 07:55:23.055158,NewYork-4a64,44,73,Normal
2026-02-08 07:55:24.055158,NewYork-4a64,29,24,Normal
2026-02-08 07:55:25.055158,NewYork-4a64,33,59,Normal
2026-02-08 07:55:26.055158,NewYork-4a64,-10,78,Normal
2026-02-08 07:55:27.055158,NewYork-4a64,5,58,Normal
2026-02-08 07:55:28.055158,NewYork-4a64,45,11,Normal
2026-02-08 07:55:29.055158,NewYork-4a64,-3,24,Normal
2026-02-08 07:55:30.055158,NewYork-4a64,8,68,Normal
2026-02-08 07:55:31.055158,NewYork-4a64,39,47,Normal
2026-02-08 07:55:32.055158,NewYork-4a64,23,80,Normal
2026-02-08 07:55:33.055158,NewYork-4a64,21,14,Normal
2026-02-08 07:55:34.055158,NewYork-4a64,-28,99,Normal
2026-02-08 07:55:35.055158,NewYork-4a64,26,86,Normal
2026-02-08 07:55:36.055158,NewYork-4a64,-29,28,Normal
2026-02-08 07:55:37.055158,NewYork-4a64,31,84,Normal
2026-02-08 07:55:38.055158,NewYork-4a64,3,6,Normal
2026-02-08 07:55:39.055158,NewYork-4a64,49,13,Normal
2026-02-08 07:55:40.055158,NewYork-4a64,13,5,Normal
2026-02-08 07:55:41.055158,NewYork-4a64,-24,5,Normal
2026-02-08 07:55:42.055158,NewYork-4a64,46,31,Normal
2026-02-08 07:55:43.055158,NewYork-4a64,30,58,Normal
2026-02-08 07:55:44.055158,NewYork-4a64,28,53,Normal
2026-02-08 07:55:45.055158,NewYork-4a64,-12,10,Normal
2026-02-08 07:55:46.055158,NewYork-4a64,50,95,Normal
2026-02-08 07:55:47.055158,NewYork-4a64,43,15,Normal
2026-02-08 07:55:48.055158,NewYork-4a64,38,55,Normal
2026-02-08 07:55:49.055158,NewYork-4a64,37,99,Normal
2026-02-08 07:55:50.055158,NewYork-4a64,-25,86,Normal
2026-02-08 07:55:51.055158,NewYork-4a64,-20,1,Normal
2026-02-08 07:55:52.055158,NewYork-4a64,1,55,Normal
2026-02-08 07:55:53.055158,NewYork-4a64,3,23,Normal
2026-02-08 07:55:54.055158,NewYork-4a64,-23,39,Normal
2026-02-08 07:55:55.055158,NewYork-4a64,28,49,Normal
2026-02-08 07:55:56.055158,NewYork-4a64,41,41,Normal
2026-02-08 07:55:57.055158,NewYork-4a64,14,87,Normal
2026-02-08 07:55:58.055158,NewYork-4a64,50,37,Normal
2026-02-08 07:55:59.055158,NewYork-4a64,15,12,Normal
2026-02-08 07:56:00.055158,NewYork-4a64,1,20,Normal
2026-02-08 07:56:01.055158,NewYork-4a64,-1,30,Normal
2026-02-08 07:56:02.055158,NewYork-4a64,4,10,Normal
2026-02-08 07:56:03.055158,NewYork-4a64,-24,69,Normal
2026-02-08 07:56:04.055158,NewYork-4a64,-14,41,Normal
2026-02-08 07:56:05.055158,NewYork-4a64,23,99,Normal
2026-02-08 07:56:06.055158,NewYork-4a64,-29,97,Normal
2026-02-08 07:56:07.055158,NewYork-4a64,-30,71,Normal
2026-02-08 07:56:08.055158,NewYork-4a64,-3,86,Normal
2026-02-08 07:56:09.055158,NewYork-4a64,-19,35,Normal
2026-02-08 07:56:10.055158,NewYork-4a64,-20,75,Normal
2026-02-08 07:56:11.055158,NewYork-4a64,6,3,Normal
2026-02-08 07:56:12.055158,NewYork-4a64,-14,12,Normal
2026-02-08 07:56:13.055158,NewYork-4a64,18,44,Normal
2026-02-08 07:56:14.055158,NewYork-4a64,22,6,Normal
2026-02-08 07:56:15.055158,NewYork-4a64,29,11,Normal
2026-02-08 07:56:16.055158,NewYork-4a64,25,56,Normal
2026-02-08 07:56:17.055158,NewYork-4a64,1,38,Normal
2026-02-08 07:56:18.055158,NewYork-4a64,-23,17,Normal
2026-02-08 07:56:19.055158,NewYork-4a64,-13,98,Normal
2026-02-08 07:56:20.055158,NewYork-4a64,-27,52,Normal
2026-02-08 07:56:21.055158,NewYork-4a64,-3,46,Normal
2026-02-08 07:56:22.055158,NewYork-4a64,-15,30,Normal
2026-02-08 07:56:23.055158,NewYork-4a64,-4,6,Normal
2026-02-08 07:56:24.055158,NewYork-4a64,0,20,Normal
2026-02-08 07:56:25.055158,NewYork-4a64,18,99,Normal
2026-02-08 07:56:26.055158,NewYork-4a64,39,25,Normal
2026-02-08 07:56:27.055158,NewYork-4a64,7,65,Normal
2026-02-08 07:56:28.055158,NewYork-4a64,34,44,Normal
2026-02-08 07:56:29.055158,NewYork-4a64,-19,84,Normal
2026-02-08 07:56:30.055158,NewYork-4a64,47,100,Normal
2026-02-08 07:56:31.055158,NewYork-4a64,47,56,Normal
2026-02-08 07:56:32.055158,NewYork-4a64,-2,39,Normal
2026-02-08 07:56:33.055158,NewYork-4a64,-29,28,Normal
2026-02-08 07:56:34.055158,NewYork-4a64,39,69,Normal
2026-02-08 07:56:35.055158,NewYork-4a64,25,73,Normal
2026-02-08 07:56:36.055158,NewYork-4a64,-15,42,Normal
2026-02-08 07:56:37.055158,NewYork-4a64,-26,40,Normal
2026-02-08 07:56:38.055158,NewYork-4a64,49,76,Normal
2026-02-08 07:56:39.055158,NewYork-4a64,32,92,Normal
2026-02-08 07:56:40.055158,NewYork-4a64,-7,26,Normal
2026-02-08 07:56:41.055158,NewYork-4a64,14,97,Normal
2026-02-08 07:56:42.055158,NewYork-4a64,28,96,Normal
2026-02-08 07:56:43.055158,NewYork-4a64,-25,94,Normal
2026-02-08 07:56:44.055158,NewYork-4a64,26,2,Normal
2026-02-08 07:56:45.055158,NewYork-4a64,-2,18,Normal
2026-02-08 07:56:46.055158,NewYork-4a64,16,30,Normal
2026-02-08 07:56:47.055158,NewYork-4a64,-10,36,Normal
2026-02-08 07:56:48.055158,NewYork-4a64,35,70,Normal
2026-02-08 07:56:49.055158,NewYork-4a64,39,88,Normal
2026-02-08 07:56:50.055158,NewYork-4a64,-23,58,Normal
2026-02-08 07:56:51.055158,NewYork-4a64,36,45,Normal
2026-02-08 07:56:52.055158,NewYork-4a64,7,80,Normal
2026-02-08 07:56:53.055158,NewYork-4a64,-25,81,Normal
2026-02-08 07:56:54.055158,NewYork-4a64,47,26,Normal
2026-02-08 07:56:55.055158,NewYork-4a64,41,92,Normal
2026-02-08 07:56:56.055158,NewYork-4a64,47,25,Normal
2026-02-08 07:56:57.055158,NewYork-4a64,42,84,Normal
2026-02-08 07:56:58.055158,NewYork-4a64,38,77,Normal
2026-02-08 07:56:59.055158,NewYork-4a64,-3,51,Normal
2026-02-08 07:57:00.055158,NewYork-4a64,37,76,Normal
2026-02-08 07:57:01.055158,NewYork-4a64,-13,31,Normal
2026-02-08 07:57:02.055158,NewYork-4a64,24,16,Normal
2026-02-08 07:57:03.055158,NewYork-4a64,-2,16,Normal
2026-02-08 07:57:04.055158,NewYork-4a64,45,67,Normal
2026-02-08 07:57:05.055158,NewYork-4a64,-4,21,Normal
2026-02-08 07:57:06.055158,NewYork-4a64,33,36,Normal
2026-02-08 07:57:07.055158,NewYork-4a64,31,18,Normal
2026-02-08 07:57:08.055158,NewYork-4a64,-4,93,Normal
2026-02-08 07:57:09.055158,NewYork-4a64,-21,4,Normal
2026-02-08 07:57:10.055158,NewYork-4a64,19,44,Normal
2026-02-08 07:57:11.055158,NewYork-4a64,28,91,Normal
2026-02-08 07:57:12.055158,NewYork-4a64,46,14,Normal
2026-02-08 07:57:13.055158,NewYork-4a64,-11,8,Normal
2026-02-08 07:57:14.055158,NewYork-4a64,-19,38,Normal
2026-02-08 07:57:15.055158,NewYork-4a64,-26,71,Normal
2026-02-08 07:57:16.055158,NewYork-4a64,-11,21,Normal
2026-02-08 07:57:17.055158,NewYork-4a64,46,0,Normal
2026-02-08 07:57:18.055158,NewYork-4a64,-22,10,Normal
2026-02-08 07:57:19.055158,NewYork-4a64,9,9,Normal
2026-02-08 07:57:20.055158,NewYork-4a64,15,85,Normal
2026-02-08 07:57:21.055158,NewYork-4a64,-5,5,Normal
2026-02-08 07:57:22.055158,NewYork-4a64,5,34,Normal
2026-02-08 07:57:23.055158,NewYork-4a64,5,22,Normal
2026-02-08 07:57:24.055158,NewYork-4a64,45,93,Normal
2026-02-08 07:57:25.055158,NewYork-4a64,30,37,Normal
2026-02-08 07:57:26.055158,NewYork-4a64,33,61,Normal
2026-02-08 07:57:27.055158,NewYork-4a64,35,64,Normal
2026-02-08 07:57:28.055158,NewYork-4a64,44,64,Normal
2026-02-08 07:57:29.055158,NewYork-4a64,48,65,Normal
2026-02-08 07:57:30.055158,NewYork-4a64,4,4,Normal
2026-02-08 07:57:31.055158,NewYork-4a64,43,36,Normal
2026-02-08 07:57:32.055158,NewYork-4a64,49,39,Normal
2026-02-08 07:57:33.055158,NewYork-4a64,37,59,Normal
2026-02-08 07:57:34.055158,NewYork-4a64,5,58,Normal
2026-02-08 07:57:35.055158,NewYork-4a64,44,80,Normal
2026-02-08 07:57:36.055158,NewYork-4a64,27,37,Normal
2026-02-08 07:57:37.055158,NewYork-4a64,32,80,Normal
2026-02-08 07:57:38.055158,NewYork-4a64,22,12,Normal
2026-02-08 07:57:39.055158,NewYork-4a64,35,8,Normal
2026-02-08 07:57:40.055158,NewYork-4a64,47,24,Normal
2026-02-08 07:57:41.055158,NewYork-4a64,-3,10,Normal
2026-02-08 07:57:42.055158,NewYork-4a64,3,82,Normal
2026-02-08 07:57:43.055158,NewYork-4a64,-17,62,Normal
2026-02-08 07:57:44.055158,NewYork-4a64,46,26,Normal
2026-02-08 07:57:45.055158,NewYork-4a64,15,9,Normal
2026-02-08 07:57:46.055158,NewYork-4a64,14,47,Normal
2026-02-08 07:57:47.055158,NewYork-4a64,-16,98,Normal
2026-02-08 07:57:48.055158,NewYork-4a64,-8,96,Normal
2026-02-08 07:57:49.055158,NewYork-4a64,6,11,Normal
2026-02-08 07:57:50.055158,NewYork-4a64,28,78,Normal
2026-02-08 07:57:51.055158,NewYork-4a64,7,21,Normal
2026-02-08 07:57:52.055158,NewYork-4a64,28,8,Normal
2026-02-08 07:57:53.055158,NewYork-4a64,48,76,Normal
2026-02-08 07:57:54.055158,NewYork-4a64,43,99,Normal
2026-02-08 07:57:55.055158,NewYork-4a64,-9,52,Normal
2026-02-08 07:57:56.055158,NewYork-4a64,13,78,Normal
2026-02-08 07:57:57.055158,NewYork-4a64,1,5,Normal
2026-02-08 07:57:58.055158,NewYork-4a64,-19,49,Normal
2026-02-08 07:57:59.055158,NewYork-4a64,24,83,Normal
2026-02-08 07:58:00.055158,NewYork-4a64,46,14,Normal
2026-02-08 07:58:01.055158,NewYork-4a64,41,23,Normal
2026-02-08 07:58:02.055158,NewYork-4a64,31,57,Normal
2026-02-08 07:58:03.055158,NewYork-4a64,-14,12,Normal
2026-02-08 07:58:04.055158,NewYork-4a64,0,60,Normal
2026-02-08 07:58:05.055158,NewYork-4a64,18,50,Normal
2026-02-08 07:58:06.055158,NewYork-4a64,-29,89,Normal
2026-02-08 07:58:07.055158,NewYork-4a64,-7,36,Normal
2026-02-08 07:58:08.055158,NewYork-4a64,-7,79,Normal
2026-02-08 07:58:09.055158,NewYork-4a64,-21,38,Normal
2026-02-08 07:58:10.055158,NewYork-4a64,-26,1,Normal
2026-02-08 07:58:11.055158,NewYork-4a64,40,76,Normal
2026-02-08 07:58:12.055158,NewYork-4a64,-27,81,Normal
2026-02-08 07:58:13.055158,NewYork-4a64,42,74,Normal
2026-02-08 07:58:14.055158,NewYork-4a64,0,92,Normal
2026-02-08 07:58:15.055158,NewYork-4a64,-5,77,Normal
2026-02-08 07:58:16.055158,NewYork-4a64,-16,36,Normal
2026-02-08 07:58:17.055158,NewYork-4a64,31,47,Normal
2026-02-08 07:58:18.055158,NewYork-4a64,17,66,Normal
2026-02-08 07:58:19.055158,NewYork-4a64,46,73,Normal
2026-02-08 07:58:20.055158,NewYork-4a64,44,68,Normal
2026-02-08 07:58:21.055158,NewYork-4a64,34,88,Normal
2026-02-08 07:58:22.055158,NewYork-4a64,-21,12,Normal
2026-02-08 07:58:23.055158,NewYork-4a64,-8,100,Normal
2026-02-08 07:58:24.055158,NewYork-4a64,21,64,Normal
2026-02-08 07:58:25.055158,NewYork-4a64,-11,31,Normal
2026-02-08 07:58:26.055158,NewYork-4a64,35,5,Normal
2026-02-08 07:58:27.055158,NewYork-4a64,40,54,Normal
2026-02-08 07:58:28.055158,NewYork-4a64,36,53,Normal
2026-02-08 07:58:29.055158,NewYork-4a64,-23,60,Normal
2026-02-08 07:58:30.055158,NewYork-4a64,32,57,Normal
2026-02-08 07:58:31.055158,NewYork-4a64,43,43,Normal
2026-02-08 07:58:32.055158,NewYork-4a64,10,84,Normal
2026-02-08 07:58:33.055158,NewYork-4a64,8,78,Normal
2026-02-08 07:58:34.055158,NewYork-4a64,41,95,Normal
2026-02-08 07:58:35.055158,NewYork-4a64,-19,100,Normal
2026-02-08 07:58:36.055158,NewYork-4a64,2,75,Normal
2026-02-08 07:58:37.055158,NewYork-4a64,33,46,Normal
2026-02-08 07:58:38.055158,NewYork-4a64,32,86,Normal
2026-02-08 07:58:39.055158,NewYork-4a64,17,43,Normal
2026-02-08 07:58:40.055158,NewYork-4a64,25,67,Normal
2026-02-08 07:58:41.055158,NewYork-4a64,-16,27,Normal
2026-02-08 07:58:42.055158,NewYork-4a64,22,9,Normal
2026-02-08 07:58:43.055158,NewYork-4a64,34,14,Normal
2026-02-08 07:58:44.055158,NewYork-4a64,10,36,Normal
2026-02-08 07:58:45.055158,NewYork-4a64,-3,83,Normal
2026-02-08 07:58:46.055158,NewYork-4a64,-20,3,Normal
2026-02-08 07:58:47.055158,NewYork-4a64,12,7,Normal
2026-02-08 07:58:48.055158,NewYork-4a64,40,17,Normal
2026-02-08 07:58:49.055158,NewYork-4a64,-18,35,Normal
2026-02-08 07:58:50.055158,NewYork-4a64,48,68,Normal
2026-02-08 07:58:51.055158,NewYork-4a64,-13,64,Normal
2026-02-08 07:58:52.055158,NewYork-4a64,34,58,Normal
2026-02-08 07:58:53.055158,NewYork-4a64,24,22,Normal
2026-02-08 07:58:54.055158,NewYork-4a64,49,58,Normal
2026-02-08 07:58:55.055158,NewYork-4a64,-22,87,Normal
2026-02-08 07:58:56.055158,NewYork-4a64,47,0,Normal
2026-02-08 07:58:57.055158,NewYork-4a64,20,82,Normal
2026-02-08 07:58:58.055158,NewYork-4a64,-5,28,Normal
2026-02-08 07:58:59.055158,NewYork-4a64,-28,95,Normal
2026-02-08 07:59:00.055158,NewYork-4a64,-27,32,Normal
2026-02-08 07:59:01.055158,NewYork-4a64,32,28,Normal
2026-02-08 07:59:02.055158,NewYork-4a64,-8,56,Normal
2026-02-08 07:59:03.055158,NewYork-4a64,-21,18,Normal
2026-02-08 07:59:04.055158,NewYork-4a64,-6,18,Normal
2026-02-08 07:59:05.055158,NewYork-4a64,41,12,Normal
2026-02-08 07:59:06.055158,NewYork-4a64,-12,68,Normal
2026-02-08 07:59:07.055158,NewYork-4a64,43,73,Normal
2026-02-08 07:59:08.055158,NewYork-4a64,20,76,Normal
2026-02-08 07:59:09.055158,NewYork-4a64,11,96,Normal
2026-02-08 07:59:10.055158,NewYork-4a64,47,20,Normal
2026-02-08 07:59:11.055158,NewYork-4a64,14,39,Normal
2026-02-08 07:59:12.055158,NewYork-4a64,-25,28,Normal
2026-02-08 07:59:13.055158,NewYork-4a64,-29,77,Normal
2026-02-08 07:59:14.055158,NewYork-4a64,34,93,Normal
2026-02-08 07:59:15.055158,NewYork-4a64,-14,38,Normal
2026-02-08 07:59:16.055158,NewYork-4a64,15,21,Normal
2026-02-08 07:59:17.055158,NewYork-4a64,40,81,Normal
2026-02-08 07:59:18.055158,NewYork-4a64,47,93,Normal
2026-02-08 07:59:19.055158,NewYork-4a64,33,37,Normal
2026-02-08 07:59:20.055158,NewYork-4a64,26,77,Normal
2026-02-08 07:59:21.055158,NewYork-4a64,45,28,Normal
2026-02-08 07:59:22.055158,NewYork-4a64,6,33,Normal
2026-02-08 07:59:23.055158,NewYork-4a64,-14,7,Normal
2026-02-08 07:59:24.055158,NewYork-4a64,40,74,Normal
2026-02-08 07:59:25.055158,NewYork-4a64,-21,7,Normal
2026-02-08 07:59:26.055158,NewYork-4a64,-15,81,Normal
2026-02-08 07:59:27.055158,NewYork-4a64,26,45,Normal
2026-02-08 07:59:28.055158,NewYork-4a64,12,4,Normal
2026-02-08 07:59:29.055158,NewYork-4a64,29,9,Normal
2026-02-08 07:59:30.055158,NewYork-4a64,48,44,Normal
2026-02-08 07:59:31.055158,NewYork-4a64,28,56,Normal
2026-02-08 07:59:32.055158,NewYork-4a64,4,62,Normal
2026-02-08 07:59:33.055158,NewYork-4a64,30,89,Normal
2026-02-08 07:59:34.055158,NewYork-4a64,-28,32,Normal
2026-02-08 07:59:35.055158,NewYork-4a64,46,88,Normal
2026-02-08 07:59:36.055158,NewYork-4a64,21,82,Normal
2026-02-08 07:59:37.055158,NewYork-4a64,42,52,Normal
2026-02-08 07:59:38.055158,NewYork-4a64,31,7,Normal
2026-02-08 07:59:39.055158,NewYork-4a64,-30,67,Normal
2026-02-08 07:59:40.055158,NewYork-4a64,18,78,Normal
2026-02-08 07:59:41.055158,NewYork-4a64,44,55,Normal
2026-02-08 07:59:42.055158,NewYork-4a64,36,29,Normal
2026-02-08 07:59:43.055158,NewYork-4a64,45,62,Normal
2026-02-08 07:59:44.055158,NewYork-4a64,0,9,Normal
2026-02-08 07:59:45.055158,NewYork-4a64,-15,80,Normal
2026-02-08 07:59:46.055158,NewYork-4a64,4,100,Normal
2026-02-08 07:59:47.055158,NewYork-4a64,-20,56,Normal
2026-02-08 07:59:48.055158,NewYork-4a64,49,94,Normal
2026-02-08 07:59:49.055158,NewYork-4a64,16,30,Normal
2026-02-08 07:59:50.055158,NewYork-4a64,-2,32,Normal
2026-02-08 07:59:51.055158,NewYork-4a64,9,96,Normal
2026-02-08 07:59:52.055158,NewYork-4a64,33,8,Normal
2026-02-08 07:59:53.055158,NewYork-4a64,46,58,Normal
2026-02-08 07:59:54.055158,NewYork-4a64,-19,59,Normal
2026-02-08 07:59:55.055158,NewYork-4a64,-24,69,Normal
2026-02-08 07:59:56.055158,NewYork-4a64,48,24,Normal
2026-02-08 07:59:57.055158,NewYork-4a64,44,82,Normal
2026-02-08 07:59:58.055158,NewYork-4a64,24,62,Normal
2026-02-08 07:59:59.055158,NewYork-4a64,2,75,Normal
2026-02-08 08:00:00.055158,NewYork-4a64,4,60,Normal
2026-02-08 08:00:01.055158,NewYork-4a64,0,51,Normal
2026-02-08 08:00:02.055158,NewYork-4a64,-7,100,Normal
2026-02-08 08:00:03.055158,NewYork-4a64,10,67,Normal
2026-02-08 08:00:04.055158,NewYork-4a64,7,72,Normal
2026-02-08 08:00:05.055158,NewYork-4a64,45,95,Normal
2026-02-08 08:00:06.055158,NewYork-4a64,0,54,Normal
2026-02-08 08:00:07.055158,NewYork-4a64,-18,11,Normal
2026-02-08 08:00:08.055158,NewYork-4a64,11,88,Normal
2026-02-08 08:00:09.055158,NewYork-4a64,-6,64,Normal
2026-02-08 08:00:10.055158,NewYork-4a64,14,23,Normal
2026-02-08 08:00:11.055158,NewYork-4a64,-2,20,Normal
2026-02-08 08:00:12.055158,NewYork-4a64,41,70,Normal
2026-02-08 08:00:13.055158,NewYork-4a64,38,97,Normal
2026-02-08 08:00:14.055158,NewYork-4a64,22,97,Normal
2026-02-08 08:00:15.055158,NewYork-4a64,30,62,Normal
2026-02-08 08:00:16.055158,NewYork-4a64,8,98,Normal
2026-02-08 08:00:17.055158,NewYork-4a64,27,64,Normal
2026-02-08 08:00:18.055158,NewYork-4a64,36,96,Normal
2026-02-08 08:00:19.055158,NewYork-4a64,-5,34,Normal
2026-02-08 08:00:20.055158,NewYork-4a64,6,30,Normal
2026-02-08 08:00:21.055158,NewYork-4a64,5,63,Normal
2026-02-08 08:00:22.055158,NewYork-4a64,44,48,Normal
2026-02-08 08:00:23.055158,NewYork-4a64,-7,40,Normal
2026-02-08 08:00:24.055158,NewYork-4a64,47,19,Normal
2026-02-08 08:00:25.055158,NewYork-4a64,38,97,Normal
2026-02-08 08:00:26.055158,NewYork-4a64,30,74,Normal
2026-02-08 08:00:27.055158,NewYork-4a64,-11,33,Normal
2026-02-08 08:00:28.055158,NewYork-4a64,-4,100,Normal
2026-02-08 08:00:29.055158,NewYork-4a64,4,22,Normal
2026-02-08 08:00:30.055158,NewYork-4a64,26,45,Normal
2026-02-08 08:00:31.055158,NewYork-4a64,-4,33,Normal
2026-02-08 08:00:32.055158,NewYork-4a64,36,84,Normal
2026-02-08 08:00:33.055158,NewYork-4a64,-5,27,Normal
2026-02-08 08:00:34.055158,NewYork-4a64,43,4,Normal
2026-02-08 08:00:35.055158,NewYork-4a64,34,71,Normal
2026-02-08 08:00:36.055158,NewYork-4a64,-15,27,Normal
2026-02-08 08:00:37.055158,NewYork-4a64,47,36,Normal
2026-02-08 08:00:38.055158,NewYork-4a64,-23,99,Normal
2026-02-08 08:00:39.055158,NewYork-4a64,23,49,Normal
2026-02-08 08:00:40.055158,NewYork-4a64,20,75,Normal
2026-02-08 08:00:41.055158,NewYork-4a64,-14,74,Normal
2026-02-08 08:00:42.055158,NewYork-4a64,26,3,Normal
2026-02-08 08:00:43.055158,NewYork-4a64,-21,24,Normal
2026-02-08 08:00:44.055158,NewYork-4a64,0,62,Normal
2026-02-08 08:00:45.055158,NewYork-4a64,20,55,Normal
2026-02-08 08:00:46.055158,NewYork-4a64,43,11,Normal
2026-02-08 08:00:47.055158,NewYork-4a64,-10,21,Normal
2026-02-08 08:00:48.055158,NewYork-4a64,34,15,Normal
2026-02-08 08:00:49.055158,NewYork-4a64,31,41,Normal
2026-02-08 08:00:50.055158,NewYork-4a64,-20,32,Normal
2026-02-08 08:00:51.055158,NewYork-4a64,16,15,Normal
2026-02-08 08:00:52.055158,NewYork-4a64,11,24,Normal
2026-02-08 08:00:53.055158,NewYork-4a64,5,26,Normal
2026-02-08 08:00:54.055158,NewYork-4a64,22,54,Normal
2026-02-08 08:00:55.055158,NewYork-4a64,15,16,Normal
2026-02-08 08:00:56.055158,NewYork-4a64,45,53,Normal
2026-02-08 08:00:57.055158,NewYork-4a64,28,25,Normal
2026-02-08 08:00:58.055158,NewYork-4a64,27,21,Normal
2026-02-08 08:00:59.055158,NewYork-4a64,11,95,Normal
2026-02-08 08:01:00.055158,NewYork-4a64,-29,85,Normal
2026-02-08 08:01:01.055158,NewYork-4a64,5,85,Normal
2026-02-08 08:01:02.055158,NewYork-4a64,16,25,Normal
2026-02-08 08:01:03.055158,NewYork-4a64,38,28,Normal
2026-02-08 08:01:04.055158,NewYork-4a64,33,16,Normal
2026-02-08 08:01:05.055158,NewYork-4a64,37,43,Normal
2026-02-08 08:01:06.055158,NewYork-4a64,34,63,Normal
2026-02-08 08:01:07.055158,NewYork-4a64,39,50,Normal
2026-02-08 08:01:08.055158,NewYork-4a64,38,86,Normal
2026-02-08 08:01:09.055158,NewYork-4a64,12,40,Normal
2026-02-08 08:01:10.055158,NewYork-4a64,36,57,Normal
2026-02-08 08:01:11.055158,NewYork-4a64,26,71,Normal
2026-02-08 08:01:12.055158,NewYork-4a64,13,55,Normal
2026-02-08 08:01:13.055158,NewYork-4a64,30,83,Normal
2026-02-08 08:01:14.055158,NewYork-4a64,-25,50,Normal
2026-02-08 08:01:15.055158,NewYork-4a64,-17,74,Normal
2026-02-08 08:01:16.055158,NewYork-4a64,-18,38,Normal
2026-02-08 08:01:17.055158,NewYork-4a64,-24,79,Normal
2026-02-08 08:01:18.055158,NewYork-4a64,0,26,Normal
2026-02-08 08:01:19.055158,NewYork-4a64,14,40,Normal
2026-02-08 08:01:20.055158,NewYork-4a64,33,94,Normal
2026-02-08 08:01:21.055158,NewYork-4a64,0,2,Normal
2026-02-08 08:01:22.055158,NewYork-4a64,10,67,Normal
2026-02-08 08:01:23.055158,NewYork-4a64,-3,62,Normal
2026-02-08 08:01:24.055158,NewYork-4a64,46,51,Normal
2026-02-08 08:01:25.055158,NewYork-4a64,-23,87,Normal
2026-02-08 08:01:26.055158,NewYork-4a64,50,99,Normal
2026-02-08 08:01:27.055158,NewYork-4a64,12,96,Normal
2026-02-08 08:01:28.055158,NewYork-4a64,-26,25,Normal
2026-02-08 08:01:29.055158,NewYork-4a64,9,57,Normal
2026-02-08 08:01:30.055158,NewYork-4a64,-12,14,Normal
2026-02-08 08:01:31.055158,NewYork-4a64,16,4,Normal
2026-02-08 08:01:32.055158,NewYork-4a64,-9,59,Normal
2026-02-08 08:01:33.055158,NewYork-4a64,40,96,Normal
2026-02-08 08:01:34.055158,NewYork-4a64,37,39,Normal
2026-02-08 08:01:35.055158,NewYork-4a64,49,20,Normal
2026-02-08 08:01:36.055158,NewYork-4a64,34,93,Normal
2026-02-08 08:01:37.055158,NewYork-4a64,36,88,Normal
2026-02-08 08:01:38.055158,NewYork-4a64,47,40,Normal
2026-02-08 08:01:39.055158,NewYork-4a64,-18,71,Normal
2026-02-08 08:01:40.055158,NewYork-4a64,-21,99,Normal
2026-02-08 08:01:41.055158,NewYork-4a64,40,59,Normal
2026-02-08 08:01:42.055158,NewYork-4a64,19,73,Normal
2026-02-08 08:01:43.055158,NewYork-4a64,27,43,Normal
2026-02-08 08:01:44.055158,NewYork-4a64,-24,44,Normal
2026-02-08 08:01:45.055158,NewYork-4a64,-9,38,Normal
2026-02-08 08:01:46.055158,NewYork-4a64,27,90,Normal
2026-02-08 08:01:47.055158,NewYork-4a64,-17,31,Normal
2026-02-08 08:01:48.055158,NewYork-4a64,37,25,Normal
2026-02-08 08:01:49.055158,NewYork-4a64,47,55,Normal
2026-02-08 08:01:50.055158,NewYork-4a64,-27,65,Normal
2026-02-08 08:01:51.055158,NewYork-4a64,11,70,Normal
2026-02-08 08:01:52.055158,NewYork-4a64,26,93,Normal
2026-02-08 08:01:53.055158,NewYork-4a64,-11,7,Normal
2026-02-08 08:01:54.055158,NewYork-4a64,38,89,Normal
2026-02-08 08:01:55.055158,NewYork-4a64,41,82,Normal
2026-02-08 08:01:56.055158,NewYork-4a64,32,46,Normal
2026-02-08 08:01:57.055158,NewYork-4a64,31,45,Normal
2026-02-08 08:01:58.055158,NewYork-4a64,46,61,Normal
2026-02-08 08:01:59.055158,NewYork-4a64,1,35,Normal
2026-02-08 08:02:00.055158,NewYork-4a64,5,48,Normal
2026-02-08 08:02:01.055158,NewYork-4a64,38,12,Normal
2026-02-08 08:02:02.055158,NewYork-4a64,-9,75,Normal
2026-02-08 08:02:03.055158,NewYork-4a64,-2,33,Normal
2026-02-08 08:02:04.055158,NewYork-4a64,40,50,Normal
2026-02-08 08:02:05.055158,NewYork-4a64,12,28,Normal
2026-02-08 08:02:06.055158,NewYork-4a64,48,25,Normal
2026-02-08 08:02:07.055158,NewYork-4a64,-8,85,Normal
2026-02-08 08:02:08.055158,NewYork-4a64,50,38,Normal
2026-02-08 08:02:09.055158,NewYork-4a64,10,62,Normal
2026-02-08 08:02:10.055158,NewYork-4a64,8,84,Normal
2026-02-08 08:02:11.055158,NewYork-4a64,3,23,Normal
2026-02-08 08:02:12.055158,NewYork-4a64,-17,49,Normal
2026-02-08 08:02:13.055158,NewYork-4a64,35,82,Normal
2026-02-08 08:02:14.055158,NewYork-4a64,18,69,Normal
2026-02-08 08:02:15.055158,NewYork-4a64,-6,39,Normal
2026-02-08 08:02:16.055158,NewYork-4a64,3,95,Normal
2026-02-08 08:02:17.055158,NewYork-4a64,37,83,Normal
2026-02-08 08:02:18.055158,NewYork-4a64,-22,88,Normal
2026-02-08 08:02:19.055158,NewYork-4a64,13,98,Normal
2026-02-08 08:02:20.055158,NewYork-4a64,49,11,Normal
2026-02-08 08:02:21.055158,NewYork-4a64,36,9,Normal
2026-02-08 08:02:22.055158,NewYork-4a64,12,49,Normal
2026-02-08 08:02:23.055158,NewYork-4a64,50,86,Normal
2026-02-08 08:02:24.055158,NewYork-4a64,-16,66,Normal
2026-02-08 08:02:25.055158,NewYork-4a64,-8,54,Normal
2026-02-08 08:02:26.055158,NewYork-4a64,-13,31,Normal
2026-02-08 08:02:27.055158,NewYork-4a64,-5,62,Normal
2026-02-08 08:02:28.055158,NewYork-4a64,44,11,Normal
2026-02-08 08:02:29.055158,NewYork-4a64,0,8,Normal
2026-02-08 08:02:30.055158,NewYork-4a64,39,86,Normal
2026-02-08 08:02:31.055158,NewYork-4a64,-25,50,Normal
2026-02-08 08:02:32.055158,NewYork-4a64,32,2,Normal
2026-02-08 08:02:33.055158,NewYork-4a64,-5,38,Normal
2026-02-08 08:02:34.055158,NewYork-4a64,43,24,Normal
2026-02-08 08:02:35.055158,NewYork-4a64,14,72,Normal
2026-02-08 08:02:36.055158,NewYork-4a64,22,41,Normal
2026-02-08 08:02:37.055158,NewYork-4a64,11,59,Normal
2026-02-08 08:02:38.055158,NewYork-4a64,-10,37,Normal
2026-02-08 08:02:39.055158,NewYork-4a64,23,62,Normal
2026-02-08 08:02:40.055158,NewYork-4a64,36,65,Normal
2026-02-08 08:02:41.055158,NewYork-4a64,-4,14,Normal
2026-02-08 08:02:42.055158,NewYork-4a64,-17,53,Normal
2026-02-08 08:02:43.055158,NewYork-4a64,13,31,Normal
2026-02-08 08:02:44.055158,NewYork-4a64,7,58,Normal
2026-02-08 08:02:45.055158,NewYork-4a64,-7,13,Normal
2026-02-08 08:02:46.055158,NewYork-4a64,10,60,Normal
2026-02-08 08:02:47.055158,NewYork-4a64,-11,67,Normal
2026-02-08 08:02:48.055158,NewYork-4a64,25,59,Normal
2026-02-08 08:02:49.055158,NewYork-4a64,6,8,Normal
2026-02-08 08:02:50.055158,NewYork-4a64,4,93,Normal
2026-02-08 08:02:51.055158,NewYork-4a64,23,84,Normal
2026-02-08 08:02:52.055158,NewYork-4a64,40,77,Normal
2026-02-08 08:02:53.055158,NewYork-4a64,50,43,Normal
2026-02-08 08:02:54.055158,NewYork-4a64,-20,10,Normal
2026-02-08 08:02:55.055158,NewYork-4a64,31,97,Normal
2026-02-08 08:02:56.055158,NewYork-4a64,7,71,Normal
2026-02-08 08:02:57.055158,NewYork-4a64,-30,29,Normal
2026-02-08 08:02:58.055158,NewYork-4a64,22,18,Normal
2026-02-08 08:02:59.055158,NewYork-4a64,33,39,Normal
2026-02-08 08:03:00.055158,NewYork-4a64,-3,85,Normal
2026-02-08 08:03:01.055158,NewYork-4a64,14,22,Normal
2026-02-08 08:03:02.055158,NewYork-4a64,18,14,Normal
2026-02-08 08:03:03.055158,NewYork-4a64,-17,55,Normal
2026-02-08 08:03:04.055158,NewYork-4a64,10,51,Normal
2026-02-08 08:03:05.055158,NewYork-4a64,-10,73,Normal
2026-02-08 08:03:06.055158,NewYork-4a64,49,60,Normal
2026-02-08 08:03:07.055158,NewYork-4a64,-17,52,Normal
2026-02-08 08:03:08.055158,NewYork-4a64,-6,14,Normal
2026-02-08 08:03:09.055158,NewYork-4a64,26,30,Normal
2026-02-08 08:03:10.055158,NewYork-4a64,9,35,Normal
2026-02-08 08:03:11.055158,NewYork-4a64,29,90,Normal
2026-02-08 08:03:12.055158,NewYork-4a64,9,90,Normal
2026-02-08 08:03:13.055158,NewYork-4a64,-29,42,Normal
2026-02-08 08:03:14.055158,NewYork-4a64,9,23,Normal
2026-02-08 08:03:15.055158,NewYork-4a64,31,7,Normal
2026-02-08 08:03:16.055158,NewYork-4a64,45,15,Normal
2026-02-08 08:03:17.055158,NewYork-4a64,-2,86,Normal
2026-02-08 08:03:18.055158,NewYork-4a64,1,51,Normal
2026-02-08 08:03:19.055158,NewYork-4a64,44,57,Normal
2026-02-08 08:03:20.055158,NewYork-4a64,-6,43,Normal
2026-02-08 08:03:21.055158,NewYork-4a64,-28,18,Normal
2026-02-08 08:03:22.055158,NewYork-4a64,6,15,Normal
2026-02-08 08:03:23.055158,NewYork-4a64,18,29,Normal
2026-02-08 08:03:24.055158,NewYork-4a64,-16,68,Normal
2026-02-08 08:03:25.055158,NewYork-4a64,32,63,Normal
2026-02-08 08:03:26.055158,NewYork-4a64,32,46,Normal
2026-02-08 08:03:27.055158,NewYork-4a64,39,5,Normal
2026-02-08 08:03:28.055158,NewYork-4a64,13,14,Normal
2026-02-08 08:03:29.055158,NewYork-4a64,-6,25,Normal
2026-02-08 08:03:30.055158,NewYork-4a64,41,44,Normal
2026-02-08 08:03:31.055158,NewYork-4a64,-30,69,Normal
2026-02-08 08:03:32.055158,NewYork-4a64,35,67,Normal
2026-02-08 08:03:33.055158,NewYork-4a64,4,81,Normal
2026-02-08 08:03:34.055158,NewYork-4a64,2,43,Normal
2026-02-08 08:03:35.055158,NewYork-4a64,-3,10,Normal
2026-02-08 08:03:36.055158,NewYork-4a64,-20,25,Normal
2026-02-08 08:03:37.055158,NewYork-4a64,-28,54,Normal
2026-02-08 08:03:38.055158,NewYork-4a64,-24,83,Normal
2026-02-08 08:03:39.055158,NewYork-4a64,44,86,Normal
2026-02-08 08:03:40.055158,NewYork-4a64,42,58,Normal
2026-02-08 08:03:41.055158,NewYork-4a64,42,1,Normal
2026-02-08 08:03:42.055158,NewYork-4a64,1,83,Normal
2026-02-08 08:03:43.055158,NewYork-4a64,-12,66,Normal
2026-02-08 08:03:44.055158,NewYork-4a64,17,39,Normal
2026-02-08 08:03:45.055158,NewYork-4a64,-27,50,Normal
2026-02-08 08:03:46.055158,NewYork-4a64,-1,41,Normal
2026-02-08 08:03:47.055158,NewYork-4a64,4,35,Normal
2026-02-08 08:03:48.055158,NewYork-4a64,45,94,Normal
2026-02-08 08:03:49.055158,NewYork-4a64,-15,87,Normal
2026-02-08 08:03:50.055158,NewYork-4a64,-5,41,Normal
2026-02-08 08:03:51.055158,NewYork-4a64,3,68,Normal
2026-02-08 08:03:52.055158,NewYork-4a64,45,35,Normal
2026-02-08 08:03:53.055158,NewYork-4a64,6,33,Normal
2026-02-08 08:03:54.055158,NewYork-4a64,-2,60,Normal
2026-02-08 08:03:55.055158,NewYork-4a64,8,76,Normal
2026-02-08 08:03:56.055158,NewYork-4a64,22,62,Normal
2026-02-08 08:03:57.055158,NewYork-4a64,-23,54,Normal
2026-02-08 08:03:58.055158,NewYork-4a64,-15,56,Normal
2026-02-08 08:03:59.055158,NewYork-4a64,44,67,Normal
2026-02-08 08:04:00.055158,NewYork-4a64,-16,60,Normal
2026-02-08 08:04:01.055158,NewYork-4a64,49,41,Normal
2026-02-08 08:04:02.055158,NewYork-4a64,1,68,Normal
2026-02-08 08:04:03.055158,NewYork-4a64,-4,33,Normal
2026-02-08 08:04:04.055158,NewYork-4a64,-1,74,Normal
2026-02-08 08:04:05.055158,NewYork-4a64,38,85,Normal
2026-02-08 08:04:06.055158,NewYork-4a64,-25,45,Normal
2026-02-08 08:04:07.055158,NewYork-4a64,-20,42,Normal
2026-02-08 08:04:08.055158,NewYork-4a64,-3,70,Normal
2026-02-08 08:04:09.055158,NewYork-4a64,-22,63,Normal
2026-02-08 08:04:10.055158,NewYork-4a64,46,11,Normal
2026-02-08 08:04:11.055158,NewYork-4a64,14,79,Normal
2026-02-08 08:04:12.055158,NewYork-4a64,-8,93,Normal
2026-02-08 08:04:13.055158,NewYork-4a64,13,83,Normal
2026-02-08 08:04:14.055158,NewYork-4a64,-16,80,Normal
2026-02-08 08:04:15.055158,NewYork-4a64,23,55,Normal
2026-02-08 08:04:16.055158,NewYork-4a64,37,30,Normal
2026-02-08 08:04:17.055158,NewYork-4a64,31,1,Normal
2026-02-08 08:04:18.055158,NewYork-4a64,41,79,Normal
2026-02-08 08:04:19.055158,NewYork-4a64,37,76,Normal
2026-02-08 08:04:20.055158,NewYork-4a64,-12,26,Normal
2026-02-08 08:04:21.055158,NewYork-4a64,42,34,Normal
2026-02-08 08:04:22.055158,NewYork-4a64,0,86,Normal
2026-02-08 08:04:23.055158,NewYork-4a64,-1,70,Normal
2026-02-08 08:04:24.055158,NewYork-4a64,-23,3,Normal
2026-02-08 08:04:25.055158,NewYork-4a64,-1,38,Normal
2026-02-08 08:04:26.055158,NewYork-4a64,-25,72,Normal
2026-02-08 08:04:27.055158,NewYork-4a64,48,29,Normal
2026-02-08 08:04:28.055158,NewYork-4a64,-21,86,Normal
2026-02-08 08:04:29.055158,NewYork-4a64,23,99,Normal
2026-02-08 08:04:30.055158,NewYork-4a64,26,50,Normal
2026-02-08 08:04:31.055158,NewYork-4a64,45,82,Normal
2026-02-08 08:04:32.055158,NewYork-4a64,11,95,Normal
2026-02-08 08:04:33.055158,NewYork-4a64,17,75,Normal
2026-02-08 08:04:34.055158,NewYork-4a64,3,12,Normal
2026-02-08 08:04:35.055158,NewYork-4a64,31,95,Normal
2026-02-08 08:04:36.055158,NewYork-4a64,-19,4,Normal
2026-02-08 08:04:37.055158,NewYork-4a64,21,78,Normal
2026-02-08 08:04:38.055158,NewYork-4a64,27,57,Normal
2026-02-08 08:04:39.055158,NewYork-4a64,18,65,Normal
2026-02-08 08:04:40.055158,NewYork-4a64,33,18,Normal
2026-02-08 08:04:41.055158,NewYork-4a64,24,34,Normal
2026-02-08 08:04:42.055158,NewYork-4a64,45,15,Normal
2026-02-08 08:04:43.055158,NewYork-4a64,-10,40,Normal
2026-02-08 08:04:44.055158,NewYork-4a64,-30,24,Normal
2026-02-08 08:04:45.055158,NewYork-4a64,50,29,Normal
2026-02-08 08:04:46.055158,NewYork-4a64,8,32,Normal
2026-02-08 08:04:47.055158,NewYork-4a64,13,76,Normal
2026-02-08 08:04:48.055158,NewYork-4a64,-6,92,Normal
2026-02-08 08:04:49.055158,NewYork-4a64,16,52,Normal
2026-02-08 08:04:50.055158,NewYork-4a64,23,75,Normal
2026-02-08 08:04:51.055158,NewYork-4a64,22,95,Normal
2026-02-08 08:04:52.055158,NewYork-4a64,33,2,Normal
2026-02-08 08:04:53.055158,NewYork-4a64,43,79,Normal
2026-02-08 08:04:54.055158,NewYork-4a64,-18,61,Normal
2026-02-08 08:04:55.055158,NewYork-4a64,7,92,Normal
2026-02-08 08:04:56.055158,NewYork-4a64,-7,69,Normal
2026-02-08 08:04:57.055158,NewYork-4a64,35,88,Normal
2026-02-08 08:04:58.055158,NewYork-4a64,31,85,Normal
2026-02-08 08:04:59.055158,NewYork-4a64,-22,6,Normal
2026-02-08 08:05:00.055158,NewYork-4a64,43,43,Normal
2026-02-08 08:05:01.055158,NewYork-4a64,7,13,Normal
2026-02-08 08:05:02.055158,NewYork-4a64,-12,21,Normal
2026-02-08 08:05:03.055158,NewYork-4a64,44,8,Normal
2026-02-08 08:05:04.055158,NewYork-4a64,-27,23,Normal
2026-02-08 08:05:05.055158,NewYork-4a64,-3,6,Normal
2026-02-08 08:05:06.055158,NewYork-4a64,19,70,Normal
2026-02-08 08:05:07.055158,NewYork-4a64,43,25,Normal
2026-02-08 08:05:08.055158,NewYork-4a64,19,85,Normal
2026-02-08 08:05:09.055158,NewYork-4a64,29,57,Normal
2026-02-08 08:05:10.055158,NewYork-4a64,-27,3,Normal
2026-02-08 08:05:11.055158,NewYork-4a64,20,94,Normal
2026-02-08 08:05:12.055158,NewYork-4a64,34,40,Normal
2026-02-08 08:05:13.055158,NewYork-4a64,22,8,Normal
2026-02-08 08:05:14.055158,NewYork-4a64,-7,81,Normal
2026-02-08 08:05:15.055158,NewYork-4a64,49,18,Normal
2026-02-08 08:05:16.055158,NewYork-4a64,-22,16,Normal
2026-02-08 08:05:17.055158,NewYork-4a64,-18,99,Normal
2026-02-08 08:05:18.055158,NewYork-4a64,36,65,Normal
2026-02-08 08:05:19.055158,NewYork-4a64,20,50,Normal
2026-02-08 08:05:20.055158,NewYork-4a64,-5,59,Normal
2026-02-08 08:05:21.055158,NewYork-4a64,-18,85,Normal
2026-02-08 08:05:22.055158,NewYork-4a64,-1,24,Normal
2026-02-08 08:05:23.055158,NewYork-4a64,-20,80,Normal
2026-02-08 08:05:24.055158,NewYork-4a64,13,34,Normal
2026-02-08 08:05:25.055158,NewYork-4a64,-13,88,Normal
2026-02-08 08:05:26.055158,NewYork-4a64,-21,0,Normal
2026-02-08 08:05:27.055158,NewYork-4a64,16,70,Normal
2026-02-08 08:05:28.055158,NewYork-4a64,-6,2,Normal
2026-02-08 08:05:29.055158,NewYork-4a64,-28,67,Normal
2026-02-08 08:05:30.055158,NewYork-4a64,28,52,Normal
2026-02-08 08:05:31.055158,NewYork-4a64,38,93,Normal
2026-02-08 08:05:32.055158,NewYork-4a64,-12,71,Normal
2026-02-08 08:05:33.055158,NewYork-4a64,-22,40,Normal
2026-02-08 08:05:34.055158,NewYork-4a64,11,93,Normal
2026-02-08 08:05:35.055158,NewYork-4a64,-30,57,Normal
2026-02-08 08:05:36.055158,NewYork-4a64,23,85,Normal
2026-02-08 08:05:37.055158,NewYork-4a64,-27,70,Normal
2026-02-08 08:05:38.055158,NewYork-4a64,-7,30,Normal
2026-02-08 08:05:39.055158,NewYork-4a64,-27,69,Normal
2026-02-08 08:05:40.055158,NewYork-4a64,-28,78,Normal
2026-02-08 08:05:41.055158,NewYork-4a64,15,5,Normal
2026-02-08 08:05:42.055158,NewYork-4a64,17,25,Normal
2026-02-08 08:05:43.055158,NewYork-4a64,24,71,Normal
2026-02-08 08:05:44.055158,NewYork-4a64,27,78,Normal
2026-02-08 08:05:45.055158,NewYork-4a64,19,38,Normal
2026-02-08 08:05:46.055158,NewYork-4a64,6,85,Normal
2026-02-08 08:05:47.055158,NewYork-4a64,50,53,Normal
2026-02-08 08:05:48.055158,NewYork-4a64,50,54,Normal
2026-02-08 08:05:49.055158,NewYork-4a64,-2,97,Normal
2026-02-08 08:05:50.055158,NewYork-4a64,47,94,Normal
2026-02-08 08:05:51.055158,NewYork-4a64,17,29,Normal
2026-02-08 08:05:52.055158,NewYork-4a64,-1,6,Normal
2026-02-08 08:05:53.055158,NewYork-4a64,25,71,Normal
2026-02-08 08:05:54.055158,NewYork-4a64,11,58,Normal
2026-02-08 08:05:55.055158,NewYork-4a64,-26,78,Normal
2026-02-08 08:05:56.055158,NewYork-4a64,-17,43,Normal
2026-02-08 08:05:57.055158,NewYork-4a64,17,40,Normal
2026-02-08 08:05:58.055158,NewYork-4a64,38,56,Normal
2026-02-08 08:05:59.055158,NewYork-4a64,-19,88,Normal
2026-02-08 08:06:00.055158,NewYork-4a64,-8,22,Normal
2026-02-08 08:06:01.055158,NewYork-4a64,0,14,Normal
2026-02-08 08:06:02.055158,NewYork-4a64,31,70,Normal
2026-02-08 08:06:03.055158,NewYork-4a64,-28,44,Normal
2026-02-08 08:06:04.055158,NewYork-4a64,-4,25,Normal
2026-02-08 08:06:05.055158,NewYork-4a64,-17,83,Normal
2026-02-08 08:06:06.055158,NewYork-4a64,19,44,Normal
2026-02-08 08:06:07.055158,NewYork-4a64,-25,38,Normal
2026-02-08 08:06:08.055158,NewYork-4a64,-2,73,Normal
2026-02-08 08:06:09.055158,NewYork-4a64,45,72,Normal
2026-02-08 08:06:10.055158,NewYork-4a64,-22,8,Normal
2026-02-08 08:06:11.055158,NewYork-4a64,5,16,Normal
2026-02-08 08:06:12.055158,NewYork-4a64,27,49,Normal
2026-02-08 08:06:13.055158,NewYork-4a64,-25,95,Normal
2026-02-08 08:06:14.055158,NewYork-4a64,-9,9,Normal
2026-02-08 08:06:15.055158,NewYork-4a64,44,78,Normal
2026-02-08 08:06:16.055158,NewYork-4a64,-28,48,Normal
2026-02-08 08:06:17.055158,NewYork-4a64,46,34,Normal
2026-02-08 08:06:18.055158,NewYork-4a64,20,88,Normal
2026-02-08 08:06:19.055158,NewYork-4a64,36,75,Normal
2026-02-08 08:06:20.055158,NewYork-4a64,-28,45,Normal
2026-02-08 08:06:21.055158,NewYork-4a64,46,45,Normal
2026-02-08 08:06:22.055158,NewYork-4a64,18,9,Normal
2026-02-08 08:06:23.055158,NewYork-4a64,30,59,Normal
2026-02-08 08:06:24.055158,NewYork-4a64,-4,67,Normal
2026-02-08 08:06:25.055158,NewYork-4a64,46,12,Normal
2026-02-08 08:06:26.055158,NewYork-4a64,37,45,Normal
2026-02-08 08:06:27.055158,NewYork-4a64,30,95,Normal
2026-02-08 08:06:28.055158,NewYork-4a64,23,99,Normal
2026-02-08 08:06:29.055158,NewYork-4a64,12,13,Normal
2026-02-08 08:06:30.055158,NewYork-4a64,-15,35,Normal
2026-02-08 08:06:31.055158,NewYork-4a64,-1,50,Normal
2026-02-08 08:06:32.055158,NewYork-4a64,45,53,Normal
2026-02-08 08:06:33.055158,NewYork-4a64,-9,50,Normal
2026-02-08 08:06:34.055158,NewYork-4a64,-15,5,Normal
2026-02-08 08:06:35.055158,NewYork-4a64,-1,31,Normal
2026-02-08 08:06:36.055158,NewYork-4a64,42,37,Normal
2026-02-08 08:06:37.055158,NewYork-4a64,18,8,Normal
2026-02-08 08:06:38.055158,NewYork-4a64,-4,88,Normal
2026-02-08 08:06:39.055158,NewYork-4a64,-14,24,Normal
2026-02-08 08:06:40.055158,NewYork-4a64,1,88,Normal
2026-02-08 08:06:41.055158,NewYork-4a64,-26,50,Normal
2026-02-08 08:06:42.055158,NewYork-4a64,30,57,Normal
2026-02-08 08:06:43.055158,NewYork-4a64,20,100,Normal
2026-02-08 08:06:44.055158,NewYork-4a64,45,39,Normal
2026-02-08 08:06:45.055158,NewYork-4a64,32,72,Normal
2026-02-08 08:06:46.055158,NewYork-4a64,-8,87,Normal
2026-02-08 08:06:47.055158,NewYork-4a64,-15,47,Normal
2026-02-08 08:06:48.055158,NewYork-4a64,24,1,Normal
2026-02-08 08:06:49.055158,NewYork-4a64,17,21,Normal
2026-02-08 08:06:50.055158,NewYork-4a64,9,96,Normal
2026-02-08 08:06:51.055158,NewYork-4a64,-5,86,Normal
2026-02-08 08:06:52.055158,NewYork-4a64,11,28,Normal
2026-02-08 08:06:53.055158,NewYork-4a64,29,3,Normal
2026-02-08 08:06:54.055158,NewYork-4a64,49,27,Normal
2026-02-08 08:06:55.055158,NewYork-4a64,33,36,Normal
2026-02-08 08:06:56.055158,NewYork-4a64,-24,69,Normal
2026-02-08 08:06:57.055158,NewYork-4a64,45,3,Normal
2026-02-08 08:06:58.055158,NewYork-4a64,12,75,Normal
2026-02-08 08:06:59.055158,NewYork-4a64,-30,9,Normal
2026-02-08 08:07:00.055158,NewYork-4a64,47,97,Normal
2026-02-08 08:07:01.055158,NewYork-4a64,35,19,Normal
2026-02-08 08:07:02.055158,NewYork-4a64,17,96,Normal
2026-02-08 08:07:03.055158,NewYork-4a64,4,82,Normal
2026-02-08 08:07:04.055158,NewYork-4a64,26,20,Normal
2026-02-08 08:07:05.055158,NewYork-4a64,3,29,Normal
2026-02-08 08:07:06.055158,NewYork-4a64,-10,5,Normal
2026-02-08 08:07:07.055158,NewYork-4a64,26,44,Normal
2026-02-08 08:07:08.055158,NewYork-4a64,30,25,Normal
2026-02-08 08:07:09.055158,NewYork-4a64,-7,88,Normal
2026-02-08 08:07:10.055158,NewYork-4a64,-26,92,Normal
2026-02-08 08:07:11.055158,NewYork-4a64,41,93,Normal
2026-02-08 08:07:12.055158,NewYork-4a64,13,5,Normal
2026-02-08 08:07:13.055158,NewYork-4a64,12,69,Normal
2026-02-08 08:07:14.055158,NewYork-4a64,21,4,Normal
2026-02-08 08:07:15.055158,NewYork-4a64,22,13,Normal
2026-02-08 08:07:16.055158,NewYork-4a64,-14,36,Normal
2026-02-08 08:07:17.055158,NewYork-4a64,14,94,Normal
2026-02-08 08:07:18.055158,NewYork-4a64,29,100,Normal
2026-02-08 08:07:19.055158,NewYork-4a64,41,82,Normal
2026-02-08 08:07:20.055158,NewYork-4a64,-15,7,Normal
2026-02-08 08:07:21.055158,NewYork-4a64,-11,62,Normal
2026-02-08 08:07:22.055158,NewYork-4a64,17,50,Normal
2026-02-08 08:07:23.055158,NewYork-4a64,29,81,Normal
2026-02-08 08:07:24.055158,NewYork-4a64,48,5,Normal
2026-02-08 08:07:25.055158,NewYork-4a64,37,55,Normal
2026-02-08 08:07:26.055158,NewYork-4a64,15,47,Normal
2026-02-08 08:07:27.055158,NewYork-4a64,-12,89,Normal
2026-02-08 08:07:28.055158,NewYork-4a64,3,23,Normal
2026-02-08 08:07:29.055158,NewYork-4a64,33,40,Normal
2026-02-08 08:07:30.055158,NewYork-4a64,-3,45,Normal
2026-02-08 08:07:31.055158,NewYork-4a64,30,32,Normal
2026-02-08 08:07:32.055158,NewYork-4a64,16,68,Normal
2026-02-08 08:07:33.055158,NewYork-4a64,22,40,Normal
2026-02-08 08:07:34.055158,NewYork-4a64,43,88,Normal
2026-02-08 08:07:35.055158,NewYork-4a64,39,7,Normal
2026-02-08 08:07:36.055158,NewYork-4a64,7,48,Normal
2026-02-08 08:07:37.055158,NewYork-4a64,40,62,Normal
2026-02-08 08:07:38.055158,NewYork-4a64,43,64,Normal
2026-02-08 08:07:39.055158,NewYork-4a64,-29,13,Normal
2026-02-08 08:07:40.055158,NewYork-4a64,24,56,Normal
2026-02-08 08:07:41.055158,NewYork-4a64,34,20,Normal
2026-02-08 08:07:42.055158,NewYork-4a64,-28,63,Normal
2026-02-08 08:07:43.055158,NewYork-4a64,50,20,Normal
2026-02-08 08:07:44.055158,NewYork-4a64,37,83,Normal
2026-02-08 08:07:45.055158,NewYork-4a64,-28,53,Normal
2026-02-08 08:07:46.055158,NewYork-4a64,-9,64,Normal
2026-02-08 08:07:47.055158,NewYork-4a64,32,24,Normal
2026-02-08 08:07:48.055158,NewYork-4a64,42,67,Normal
2026-02-08 08:07:49.055158,NewYork-4a64,12,47,Normal
2026-02-08 08:07:50.055158,NewYork-4a64,-12,75,Normal
2026-02-08 08:07:51.055158,NewYork-4a64,1,97,Normal
2026-02-08 08:07:52.055158,NewYork-4a64,-29,66,Normal
2026-02-08 08:07:53.055158,NewYork-4a64,46,52,Normal
2026-02-08 08:07:54.055158,NewYork-4a64,35,32,Normal
2026-02-08 08:07:55.055158,NewYork-4a64,1,82,Normal
2026-02-08 08:07:56.055158,NewYork-4a64,-29,73,Normal
2026-02-08 08:07:57.055158,NewYork-4a64,37,48,Normal
2026-02-08 08:07:58.055158,NewYork-4a64,35,1,Normal
2026-02-08 08:07:59.055158,NewYork-4a64,2,4,Normal
2026-02-08 08:08:00.055158,NewYork-4a64,46,57,Normal
2026-02-08 08:08:01.055158,NewYork-4a64,37,39,Normal
2026-02-08 08:08:02.055158,NewYork-4a64,48,11,Normal
2026-02-08 08:08:03.055158,NewYork-4a64,45,56,Normal
2026-02-08 08:08:04.055158,NewYork-4a64,28,53,Normal
2026-02-08 08:08:05.055158,NewYork-4a64,-22,16,Normal
2026-02-08 08:08:06.055158,NewYork-4a64,8,56,Normal
2026-02-08 08:08:07.055158,NewYork-4a64,39,33,Normal
2026-02-08 08:08:08.055158,NewYork-4a64,1,36,Normal
2026-02-08 08:08:09.055158,NewYork-4a64,11,1,Normal
2026-02-08 08:08:10.055158,NewYork-4a64,48,88,Normal
2026-02-08 08:08:11.055158,NewYork-4a64,11,96,Normal
2026-02-08 08:08:12.055158,NewYork-4a64,44,74,Normal
2026-02-08 08:08:13.055158,NewYork-4a64,11,37,Normal
2026-02-08 08:08:14.055158,NewYork-4a64,15,53,Normal
2026-02-08 08:08:15.055158,NewYork-4a64,15,93,Normal
2026-02-08 08:08:16.055158,NewYork-4a64,-8,88,Normal
2026-02-08 08:08:17.055158,NewYork-4a64,-16,90,Normal
2026-02-08 08:08:18.055158,NewYork-4a64,45,24,Normal
2026-02-08 08:08:19.055158,NewYork-4a64,-14,76,Normal
2026-02-08 08:08:20.055158,NewYork-4a64,-4,36,Normal
2026-02-08 08:08:21.055158,NewYork-4a64,-27,89,Normal
2026-02-08 08:08:22.055158,NewYork-4a64,-10,11,Normal
2026-02-08 08:08:23.055158,NewYork-4a64,18,9,Normal
2026-02-08 08:08:24.055158,NewYork-4a64,28,90,Normal
2026-02-08 08:08:25.055158,NewYork-4a64,11,27,Normal
2026-02-08 08:08:26.055158,NewYork-4a64,-13,2,Normal
2026-02-08 08:08:27.055158,NewYork-4a64,31,12,Normal
2026-02-08 08:08:28.055158,NewYork-4a64,-5,87,Normal
2026-02-08 08:08:29.055158,NewYork-4a64,-5,77,Normal
2026-02-08 08:08:30.055158,NewYork-4a64,27,36,Normal
2026-02-08 08:08:31.055158,NewYork-4a64,-8,31,Normal
2026-02-08 08:08:32.055158,NewYork-4a64,-26,64,Normal
2026-02-08 08:08:33.055158,NewYork-4a64,-15,30,Normal
2026-02-08 08:08:34.055158,NewYork-4a64,32,22,Normal
2026-02-08 08:08:35.055158,NewYork-4a64,37,51,Normal
2026-02-08 08:08:36.055158,NewYork-4a64,34,97,Normal
2026-02-08 08:08:37.055158,NewYork-4a64,11,60,Normal
2026-02-08 08:08:38.055158,NewYork-4a64,-26,74,Normal
2026-02-08 08:08:39.055158,NewYork-4a64,1,24,Normal
2026-02-08 08:08:40.055158,NewYork-4a64,-7,45,Normal
2026-02-08 08:08:41.055158,NewYork-4a64,11,91,Normal
2026-02-08 08:08:42.055158,NewYork-4a64,48,63,Normal
2026-02-08 08:08:43.055158,NewYork-4a64,17,69,Normal
2026-02-08 08:08:44.055158,NewYork-4a64,-30,19,Normal
2026-02-08 08:08:45.055158,NewYork-4a64,30,39,Normal
2026-02-08 08:08:46.055158,NewYork-4a64,2,58,Normal
2026-02-08 08:08:47.055158,NewYork-4a64,28,37,Normal
2026-02-08 08:08:48.055158,NewYork-4a64,39,45,Normal
2026-02-08 08:08:49.055158,NewYork-4a64,-16,2,Normal
2026-02-08 08:08:50.055158,NewYork-4a64,31,22,Normal
2026-02-08 08:08:51.055158,NewYork-4a64,-13,59,Normal
2026-02-08 08:08:52.055158,NewYork-4a64,-11,32,Normal
2026-02-08 08:08:53.055158,NewYork-4a64,40,21,Normal
2026-02-08 08:08:54.055158,NewYork-4a64,-7,44,Normal
2026-02-08 08:08:55.055158,NewYork-4a64,6,20,Normal
2026-02-08 08:08:56.055158,NewYork-4a64,-30,31,Normal
2026-02-08 08:08:57.055158,NewYork-4a64,-25,89,Normal
2026-02-08 08:08:58.055158,NewYork-4a64,40,74,Normal
2026-02-08 08:08:59.055158,NewYork-4a64,6,4,Normal
2026-02-08 08:09:00.055158,NewYork-4a64,-1,62,Normal
2026-02-08 08:09:01.055158,NewYork-4a64,27,18,Normal
2026-02-08 08:09:02.055158,NewYork-4a64,-28,48,Normal
2026-02-08 08:09:03.055158,NewYork-4a64,-20,27,Normal
2026-02-08 08:09:04.055158,NewYork-4a64,29,55,Normal
2026-02-08 08:09:05.055158,NewYork-4a64,17,72,Normal
2026-02-08 08:09:06.055158,NewYork-4a64,-12,31,Normal
2026-02-08 08:09:07.055158,NewYork-4a64,49,74,Normal
2026-02-08 08:09:08.055158,NewYork-4a64,2,84,Normal
2026-02-08 08:09:09.055158,NewYork-4a64,43,41,Normal
2026-02-08 08:09:10.055158,NewYork-4a64,31,74,Normal
2026-02-08 08:09:11.055158,NewYork-4a64,-22,81,Normal
2026-02-08 08:09:12.055158,NewYork-4a64,-8,65,Normal
2026-02-08 08:09:13.055158,NewYork-4a64,40,76,Normal
2026-02-08 08:09:14.055158,NewYork-4a64,37,8,Normal
2026-02-08 08:09:15.055158,NewYork-4a64,-22,68,Normal
2026-02-08 08:09:16.055158,NewYork-4a64,-7,30,Normal
2026-02-08 08:09:17.055158,NewYork-4a64,-27,28,Normal
2026-02-08 08:09:18.055158,NewYork-4a64,17,49,Normal
2026-02-08 08:09:19.055158,NewYork-4a64,43,33,Normal
2026-02-08 08:09:20.055158,NewYork-4a64,-22,21,Normal
2026-02-08 08:09:21.055158,NewYork-4a64,11,3,Normal
2026-02-08 08:09:22.055158,NewYork-4a64,12,30,Normal
2026-02-08 08:09:23.055158,NewYork-4a64,22,83,Normal
2026-02-08 08:09:24.055158,NewYork-4a64,11,53,Normal
2026-02-08 08:09:25.055158,NewYork-4a64,-22,54,Normal
2026-02-08 08:09:26.055158,NewYork-4a64,-23,78,Normal
2026-02-08 08:09:27.055158,NewYork-4a64,35,58,Normal
2026-02-08 08:09:28.055158,NewYork-4a64,27,73,Normal
2026-02-08 08:09:29.055158,NewYork-4a64,-29,27,Normal
2026-02-08 08:09:30.055158,NewYork-4a64,10,8,Normal
2026-02-08 08:09:31.055158,NewYork-4a64,24,99,Normal
2026-02-08 08:09:32.055158,NewYork-4a64,50,24,Normal
2026-02-08 08:09:33.055158,NewYork-4a64,30,32,Normal
2026-02-08 08:09:34.055158,NewYork-4a64,24,2,Normal
2026-02-08 08:09:35.055158,NewYork-4a64,36,87,Normal
2026-02-08 08:09:36.055158,NewYork-4a64,32,80,Normal
2026-02-08 08:09:37.055158,NewYork-4a64,31,70,Normal
2026-02-08 08:09:38.055158,NewYork-4a64,-25,60,Normal
2026-02-08 08:09:39.055158,NewYork-4a64,-9,95,Normal
2026-02-08 08:09:40.055158,NewYork-4a64,14,13,Normal
2026-02-08 08:09:41.055158,NewYork-4a64,7,97,Normal
2026-02-08 08:09:42.055158,NewYork-4a64,31,18,Normal
2026-02-08 08:09:43.055158,NewYork-4a64,-10,69,Normal
2026-02-08 08:09:44.055158,NewYork-4a64,15,69,Normal
2026-02-08 08:09:45.055158,NewYork-4a64,-29,19,Normal
2026-02-08 08:09:46.055158,NewYork-4a64,-15,3,Normal
2026-02-08 08:09:47.055158,NewYork-4a64,-9,56,Normal
2026-02-08 08:09:48.055158,NewYork-4a64,28,42,Normal
2026-02-08 08:09:49.055158,NewYork-4a64,42,31,Normal
2026-02-08 08:09:50.055158,NewYork-4a64,8,76,Normal
2026-02-08 08:09:51.055158,NewYork-4a64,-1,98,Normal
2026-02-08 08:09:52.055158,NewYork-4a64,-24,47,Normal
2026-02-08 08:09:53.055158,NewYork-4a64,2,94,Normal
2026-02-08 08:09:54.055158,NewYork-4a64,27,2,Normal
2026-02-08 08:09:55.055158,NewYork-4a64,20,75,Normal
2026-02-08 08:09:56.055158,NewYork-4a64,2,66,Normal
2026-02-08 08:09:57.055158,NewYork-4a64,12,20,Normal
2026-02-08 08:09:58.055158,NewYork-4a64,7,35,Normal
2026-02-08 08:09:59.055158,NewYork-4a64,42,25,Normal
2026-02-08 08:10:00.055158,NewYork-4a64,-26,51,Normal
2026-02-08 08:10:01.055158,NewYork-4a64,31,1,Normal
2026-02-08 08:10:02.055158,NewYork-4a64,50,39,Normal
2026-02-08 08:10:03.055158,NewYork-4a64,30,64,Normal
2026-02-08 08:10:04.055158,NewYork-4a64,10,35,Normal
2026-02-08 08:10:05.055158,NewYork-4a64,24,26,Normal
2026-02-08 08:10:06.055158,NewYork-4a64,22,82,Normal
2026-02-08 08:10:07.055158,NewYork-4a64,-8,13,Normal
2026-02-08 08:10:08.055158,NewYork-4a64,2,9,Normal
2026-02-08 08:10:09.055158,NewYork-4a64,-18,5,Normal
2026-02-08 08:10:10.055158,NewYork-4a64,-7,33,Normal
2026-02-08 08:10:11.055158,NewYork-4a64,17,24,Normal
2026-02-08 08:10:12.055158,NewYork-4a64,-24,27,Normal
2026-02-08 08:10:13.055158,NewYork-4a64,-27,85,Normal
2026-02-08 08:10:14.055158,NewYork-4a64,2,37,Normal
2026-02-08 08:10:15.055158,NewYork-4a64,32,86,Normal
2026-02-08 08:10:16.055158,NewYork-4a64,10,35,Normal
2026-02-08 08:10:17.055158,NewYork-4a64,1,65,Normal
2026-02-08 08:10:18.055158,NewYork-4a64,-3,49,Normal
2026-02-08 08:10:19.055158,NewYork-4a64,-25,16,Normal
2026-02-08 08:10:20.055158,NewYork-4a64,-12,51,Normal
2026-02-08 08:10:21.055158,NewYork-4a64,-9,97,Normal
2026-02-08 08:10:22.055158,NewYork-4a64,-12,57,Normal
2026-02-08 08:10:23.055158,NewYork-4a64,29,95,Normal
2026-02-08 08:10:24.055158,NewYork-4a64,-13,76,Normal
2026-02-08 08:10:25.055158,NewYork-4a64,37,25,Normal
2026-02-08 08:10:26.055158,NewYork-4a64,26,89,Normal
2026-02-08 08:10:27.055158,NewYork-4a64,48,63,Normal
2026-02-08 08:10:28.055158,NewYork-4a64,-19,98,Normal
2026-02-08 08:10:29.055158,NewYork-4a64,44,29,Normal
2026-02-08 08:10:30.055158,NewYork-4a64,49,99,Normal
2026-02-08 08:10:31.055158,NewYork-4a64,-28,16,Normal
2026-02-08 08:10:32.055158,NewYork-4a64,2,51,Normal
2026-02-08 08:10:33.055158,NewYork-4a64,-8,68,Normal
2026-02-08 08:10:34.055158,NewYork-4a64,-23,94,Normal
2026-02-08 08:10:35.055158,NewYork-4a64,-23,12,Normal
2026-02-08 08:10:36.055158,NewYork-4a64,-25,90,Normal
2026-02-08 08:10:37.055158,NewYork-4a64,7,36,Normal
2026-02-08 08:10:38.055158,NewYork-4a64,34,41,Normal
2026-02-08 08:10:39.055158,NewYork-4a64,35,53,Normal
2026-02-08 08:10:40.055158,NewYork-4a64,24,25,Normal
2026-02-08 08:10:41.055158,NewYork-4a64,21,50,Normal
2026-02-08 08:10:42.055158,NewYork-4a64,12,13,Normal
2026-02-08 08:10:43.055158,NewYork-4a64,50,12,Normal
2026-02-08 08:10:44.055158,NewYork-4a64,23,78,Normal
2026-02-08 08:10:45.055158,NewYork-4a64,37,93,Normal
2026-02-08 08:10:46.055158,NewYork-4a64,-8,43,Normal
2026-02-08 08:10:47.055158,NewYork-4a64,-24,72,Normal
2026-02-08 08:10:48.055158,NewYork-4a64,-6,56,Normal
2026-02-08 08:10:49.055158,NewYork-4a64,47,99,Normal
2026-02-08 08:10:50.055158,NewYork-4a64,33,5,Normal
2026-02-08 08:10:51.055158,NewYork-4a64,-11,28,Normal
2026-02-08 08:10:52.055158,NewYork-4a64,15,74,Normal
2026-02-08 08:10:53.055158,NewYork-4a64,-27,19,Normal
2026-02-08 08:10:54.055158,NewYork-4a64,36,24,Normal
2026-02-08 08:10:55.055158,NewYork-4a64,-17,23,Normal
2026-02-08 08:10:56.055158,NewYork-4a64,48,72,Normal
2026-02-08 08:10:57.055158,NewYork-4a64,-2,41,Normal
2026-02-08 08:10:58.055158,NewYork-4a64,-3,91,Normal
2026-02-08 08:10:59.055158,NewYork-4a64,-26,2,Normal
2026-02-08 08:11:00.055158,NewYork-4a64,47,79,Normal
2026-02-08 08:11:01.055158,NewYork-4a64,25,44,Normal
2026-02-08 08:11:02.055158,NewYork-4a64,45,26,Normal
2026-02-08 08:11:03.055158,NewYork-4a64,27,97,Normal
2026-02-08 08:11:04.055158,NewYork-4a64,18,26,Normal
2026-02-08 08:11:05.055158,NewYork-4a64,42,73,Normal
2026-02-08 08:11:06.055158,NewYork-4a64,-15,61,Normal
2026-02-08 08:11:07.055158,NewYork-4a64,19,32,Normal
2026-02-08 08:11:08.055158,NewYork-4a64,-4,28,Normal
2026-02-08 08:11:09.055158,NewYork-4a64,8,8,Normal
2026-02-08 08:11:10.055158,NewYork-4a64,-30,56,Normal
2026-02-08 08:11:11.055158,NewYork-4a64,6,30,Normal
2026-02-08 08:11:12.055158,NewYork-4a64,17,98,Normal
2026-02-08 08:11:13.055158,NewYork-4a64,-9,78,Normal
2026-02-08 08:11:14.055158,NewYork-4a64,-2,33,Normal
2026-02-08 08:11:15.055158,NewYork-4a64,17,53,Normal
2026-02-08 08:11:16.055158,NewYork-4a64,16,30,Normal
2026-02-08 08:11:17.055158,NewYork-4a64,27,65,Normal
2026-02-08 08:11:18.055158,NewYork-4a64,-27,45,Normal
2026-02-08 08:11:19.055158,NewYork-4a64,3,80,Normal
2026-02-08 08:11:20.055158,NewYork-4a64,9,48,Normal
2026-02-08 08:11:21.055158,NewYork-4a64,17,31,Normal
2026-02-08 08:11:22.055158,NewYork-4a64,33,52,Normal
2026-02-08 08:11:23.055158,NewYork-4a64,31,24,Normal
2026-02-08 08:11:24.055158,NewYork-4a64,30,93,Normal
2026-02-08 08:11:25.055158,NewYork-4a64,-14,91,Normal
2026-02-08 08:11:26.055158,NewYork-4a64,-30,61,Normal
2026-02-08 08:11:27.055158,NewYork-4a64,-9,73,Normal
2026-02-08 08:11:28.055158,NewYork-4a64,-7,84,Normal
2026-02-08 08:11:29.055158,NewYork-4a64,-17,98,Normal
2026-02-08 08:11:30.055158,NewYork-4a64,46,59,Normal
2026-02-08 08:11:31.055158,NewYork-4a64,-4,48,Normal
2026-02-08 08:11:32.055158,NewYork-4a64,43,81,Normal
2026-02-08 08:11:33.055158,NewYork-4a64,39,3,Normal
2026-02-08 08:11:34.055158,NewYork-4a64,1,74,Normal
2026-02-08 08:11:35.055158,NewYork-4a64,44,16,Normal
2026-02-08 08:11:36.055158,NewYork-4a64,1,60,Normal
2026-02-08 08:11:37.055158,NewYork-4a64,8,7,Normal
2026-02-08 08:11:38.055158,NewYork-4a64,-26,0,Normal
2026-02-08 08:11:39.055158,NewYork-4a64,39,83,Normal
2026-02-08 08:11:40.055158,NewYork-4a64,-29,41,Normal
2026-02-08 08:11:41.055158,NewYork-4a64,-15,19,Normal
2026-02-08 08:11:42.055158,NewYork-4a64,37,13,Normal
2026-02-08 08:11:43.055158,NewYork-4a64,30,60,Normal
2026-02-08 08:11:44.055158,NewYork-4a64,-26,64,Normal
2026-02-08 08:11:45.055158,NewYork-4a64,-26,46,Normal
2026-02-08 08:11:46.055158,NewYork-4a64,-16,97,Normal
2026-02-08 08:11:47.055158,NewYork-4a64,-16,88,Normal
2026-02-08 08:11:48.055158,NewYork-4a64,38,8,Normal
2026-02-08 08:11:49.055158,NewYork-4a64,-20,61,Normal
2026-02-08 08:11:50.055158,NewYork-4a64,24,89,Normal
2026-02-08 08:11:51.055158,NewYork-4a64,40,32,Normal
2026-02-08 08:11:52.055158,NewYork-4a64,-24,27,Normal
2026-02-08 08:11:53.055158,NewYork-4a64,-17,42,Normal
2026-02-08 08:11:54.055158,NewYork-4a64,-24,67,Normal
2026-02-08 08:11:55.055158,NewYork-4a64,-3,37,Normal
2026-02-08 08:11:56.055158,NewYork-4a64,19,56,Normal
2026-02-08 08:11:57.055158,NewYork-4a64,-12,26,Normal
2026-02-08 08:11:58.055158,NewYork-4a64,-3,63,Normal
2026-02-08 08:11:59.055158,NewYork-4a64,-23,13,Normal
2026-02-08 08:12:00.055158,NewYork-4a64,-28,43,Normal
2026-02-08 08:12:01.055158,NewYork-4a64,1,63,Normal
2026-02-08 08:12:02.055158,NewYork-4a64,-3,75,Normal
2026-02-08 08:12:03.055158,NewYork-4a64,-6,68,Normal
2026-02-08 08:12:04.055158,NewYork-4a64,-14,35,Normal
2026-02-08 08:12:05.055158,NewYork-4a64,-21,42,Normal
2026-02-08 08:12:06.055158,NewYork-4a64,-29,56,Normal
2026-02-08 08:12:07.055158,NewYork-4a64,-26,98,Normal
2026-02-08 08:12:08.055158,NewYork-4a64,-2,85,Normal
2026-02-08 08:12:09.055158,NewYork-4a64,-12,53,Normal
2026-02-08 08:12:10.055158,NewYork-4a64,-19,11,Normal
2026-02-08 08:12:11.055158,NewYork-4a64,46,66,Normal
2026-02-08 08:12:12.055158,NewYork-4a64,-10,90,Normal
2026-02-08 08:12:13.055158,NewYork-4a64,-17,76,Normal
2026-02-08 08:12:14.055158,NewYork-4a64,44,66,Normal
2026-02-08 08:12:15.055158,NewYork-4a64,-1,4,Normal
2026-02-08 08:12:16.055158,NewYork-4a64,32,30,Normal
2026-02-08 08:12:17.055158,NewYork-4a64,20,62,Normal
2026-02-08 08:12:18.055158,NewYork-4a64,38,54,Normal
2026-02-08 08:12:19.055158,NewYork-4a64,46,92,Normal
2026-02-08 08:12:20.055158,NewYork-4a64,-14,1,Normal
2026-02-08 08:12:21.055158,NewYork-4a64,40,54,Normal
2026-02-08 08:12:22.055158,NewYork-4a64,14,10,Normal
2026-02-08 08:12:23.055158,NewYork-4a64,13,88,Normal
2026-02-08 08:12:24.055158,NewYork-4a64,42,79,Normal
2026-02-08 08:12:25.055158,NewYork-4a64,39,24,Normal
2026-02-08 08:12:26.055158,NewYork-4a64,-6,39,Normal
2026-02-08 08:12:27.055158,NewYork-4a64,35,71,Normal
2026-02-08 08:12:28.055158,NewYork-4a64,15,19,Normal
2026-02-08 08:12:29.055158,NewYork-4a64,-22,76,Normal
2026-02-08 08:12:30.055158,NewYork-4a64,13,84,Normal
2026-02-08 08:12:31.055158,NewYork-4a64,19,33,Normal
2026-02-08 08:12:32.055158,NewYork-4a64,20,97,Normal
2026-02-08 08:12:33.055158,NewYork-4a64,36,45,Normal
2026-02-08 08:12:34.055158,NewYork-4a64,-20,24,Normal
2026-02-08 08:12:35.055158,NewYork-4a64,19,60,Normal
2026-02-08 08:12:36.055158,NewYork-4a64,16,37,Normal
2026-02-08 08:12:37.055158,NewYork-4a64,16,42,Normal
2026-02-08 08:12:38.055158,NewYork-4a64,31,64,Normal
2026-02-08 08:12:39.055158,NewYork-4a64,35,46,Normal
2026-02-08 08:12:40.055158,NewYork-4a64,38,81,Normal
2026-02-08 08:12:41.055158,NewYork-4a64,-15,8,Normal
2026-02-08 08:12:42.055158,NewYork-4a64,-2,51,Normal
2026-02-08 08:12:43.055158,NewYork-4a64,32,1,Normal
2026-02-08 08:12:44.055158,NewYork-4a64,12,44,Normal
2026-02-08 08:12:45.055158,NewYork-4a64,-13,32,Normal
2026-02-08 08:12:46.055158,NewYork-4a64,17,14,Normal
2026-02-08 08:12:47.055158,NewYork-4a64,26,21,Normal
2026-02-08 08:12:48.055158,NewYork-4a64,20,84,Normal
2026-02-08 08:12:49.055158,NewYork-4a64,26,4,Normal
2026-02-08 08:12:50.055158,NewYork-4a64,-24,9,Normal
2026-02-08 08:12:51.055158,NewYork-4a64,-26,23,Normal
2026-02-08 08:12:52.055158,NewYork-4a64,34,59,Normal
2026-02-08 08:12:53.055158,NewYork-4a64,7,6,Normal
2026-02-08 08:12:54.055158,NewYork-4a64,-21,9,Normal
2026-02-08 08:12:55.055158,NewYork-4a64,-29,44,Normal
2026-02-08 08:12:56.055158,NewYork-4a64,-9,49,Normal
2026-02-08 08:12:57.055158,NewYork-4a64,19,34,Normal
2026-02-08 08:12:58.055158,NewYork-4a64,44,68,Normal
2026-02-08 08:12:59.055158,NewYork-4a64,38,13,Normal
2026-02-08 08:13:00.055158,NewYork-4a64,-4,45,Normal
2026-02-08 08:13:01.055158,NewYork-4a64,0,53,Normal
2026-02-08 08:13:02.055158,NewYork-4a64,22,53,Normal
2026-02-08 08:13:03.055158,NewYork-4a64,27,77,Normal
2026-02-08 08:13:04.055158,NewYork-4a64,-10,20,Normal
2026-02-08 08:13:05.055158,NewYork-4a64,-24,43,Normal
2026-02-08 08:13:06.055158,NewYork-4a64,43,93,Normal
2026-02-08 08:13:07.055158,NewYork-4a64,4,59,Normal
2026-02-08 08:13:08.055158,NewYork-4a64,24,89,Normal
2026-02-08 08:13:09.055158,NewYork-4a64,43,6,Normal
2026-02-08 08:13:10.055158,NewYork-4a64,-5,27,Normal
2026-02-08 08:13:11.055158,NewYork-4a64,46,14,Normal
2026-02-08 08:13:12.055158,NewYork-4a64,-20,88,Normal
2026-02-08 08:13:13.055158,NewYork-4a64,16,35,Normal
2026-02-08 08:13:14.055158,NewYork-4a64,26,54,Normal
2026-02-08 08:13:15.055158,NewYork-4a64,10,44,Normal
2026-02-08 08:13:16.055158,NewYork-4a64,-24,87,Normal
2026-02-08 08:13:17.055158,NewYork-4a64,-30,18,Normal
2026-02-08 08:13:18.055158,NewYork-4a64,19,14,Normal
2026-02-08 08:13:19.055158,NewYork-4a64,-20,59,Normal
2026-02-08 08:13:20.055158,NewYork-4a64,-25,9,Normal
2026-02-08 08:13:21.055158,NewYork-4a64,-11,17,Normal
2026-02-08 08:13:22.055158,NewYork-4a64,0,8,Normal
2026-02-08 08:13:23.055158,NewYork-4a64,19,6,Normal
2026-02-08 08:13:24.055158,NewYork-4a64,32,34,Normal
2026-02-08 08:13:25.055158,NewYork-4a64,17,38,Normal
2026-02-08 08:13:26.055158,NewYork-4a64,8,94,Normal
2026-02-08 08:13:27.055158,NewYork-4a64,-15,47,Normal
2026-02-08 08:13:28.055158,NewYork-4a64,29,100,Normal
2026-02-08 08:13:29.055158,NewYork-4a64,6,55,Normal
2026-02-08 08:13:30.055158,NewYork-4a64,-3,45,Normal
2026-02-08 08:13:31.055158,NewYork-4a64,2,43,Normal
2026-02-08 08:13:32.055158,NewYork-4a64,13,21,Normal
2026-02-08 08:13:33.055158,NewYork-4a64,37,35,Normal
2026-02-08 08:13:34.055158,NewYork-4a64,11,5,Normal
2026-02-08 08:13:35.055158,NewYork-4a64,49,7,Normal
2026-02-08 08:13:36.055158,NewYork-4a64,41,17,Normal
2026-02-08 08:13:37.055158,NewYork-4a64,-5,80,Normal
2026-02-08 08:13:38.055158,NewYork-4a64,3,66,Normal
2026-02-08 08:13:39.055158,NewYork-4a64,-29,72,Normal
2026-02-08 08:13:40.055158,NewYork-4a64,-11,12,Normal
2026-02-08 08:13:41.055158,NewYork-4a64,32,84,Normal
2026-02-08 08:13:42.055158,NewYork-4a64,31,67,Normal
2026-02-08 08:13:43.055158,NewYork-4a64,-27,0,Normal
2026-02-08 08:13:44.055158,NewYork-4a64,21,79,Normal
2026-02-08 08:13:45.055158,NewYork-4a64,38,54,Normal
2026-02-08 08:13:46.055158,NewYork-4a64,7,30,Normal
2026-02-08 08:13:47.055158,NewYork-4a64,-22,61,Normal
2026-02-08 08:13:48.055158,NewYork-4a64,43,75,Normal
2026-02-08 08:13:49.055158,NewYork-4a64,27,94,Normal
2026-02-08 08:13:50.055158,NewYork-4a64,8,97,Normal
2026-02-08 08:13:51.055158,NewYork-4a64,22,94,Normal
2026-02-08 08:13:52.055158,NewYork-4a64,31,71,Normal
2026-02-08 08:13:53.055158,NewYork-4a64,47,63,Normal
2026-02-08 08:13:54.055158,NewYork-4a64,34,38,Normal
2026-02-08 08:13:55.055158,NewYork-4a64,42,28,Normal
2026-02-08 08:13:56.055158,NewYork-4a64,40,0,Normal
2026-02-08 08:13:57.055158,NewYork-4a64,-15,1,Normal
2026-02-08 08:13:58.055158,NewYork-4a64,13,57,Normal
2026-02-08 08:13:59.055158,NewYork-4a64,12,80,Normal
2026-02-08 08:14:00.055158,NewYork-4a64,33,15,Normal
2026-02-08 08:14:01.055158,NewYork-4a64,30,82,Normal
2026-02-08 08:14:02.055158,NewYork-4a64,15,48,Normal
2026-02-08 08:14:03.055158,NewYork-4a64,-21,35,Normal
2026-02-08 08:14:04.055158,NewYork-4a64,20,19,Normal
2026-02-08 08:14:05.055158,NewYork-4a64,47,61,Normal
2026-02-08 08:14:06.055158,NewYork-4a64,9,55,Normal
2026-02-08 08:14:07.055158,NewYork-4a64,19,47,Normal
2026-02-08 08:14:08.055158,NewYork-4a64,-10,98,Normal
2026-02-08 08:14:09.055158,NewYork-4a64,40,44,Normal
2026-02-08 08:14:10.055158,NewYork-4a64,-14,31,Normal
2026-02-08 08:14:11.055158,NewYork-4a64,26,29,Normal
2026-02-08 08:14:12.055158,NewYork-4a64,-8,28,Normal
2026-02-08 08:14:13.055158,NewYork-4a64,-22,58,Normal
2026-02-08 08:14:14.055158,NewYork-4a64,-16,20,Normal
2026-02-08 08:14:15.055158,NewYork-4a64,26,98,Normal
2026-02-08 08:14:16.055158,NewYork-4a64,7,35,Normal
2026-02-08 08:14:17.055158,NewYork-4a64,7,47,Normal
2026-02-08 08:14:18.055158,NewYork-4a64,36,60,Normal
2026-02-08 08:14:19.055158,NewYork-4a64,19,63,Normal
2026-02-08 08:14:20.055158,NewYork-4a64,-24,75,Normal
2026-02-08 08:14:21.055158,NewYork-4a64,39,53,Normal
2026-02-08 08:14:22.055158,NewYork-4a64,-16,18,Normal
2026-02-08 08:14:23.055158,NewYork-4a64,23,55,Normal
2026-02-08 08:14:24.055158,NewYork-4a64,36,88,Normal
2026-02-08 08:14:25.055158,NewYork-4a64,38,0,Normal
2026-02-08 08:14:26.055158,NewYork-4a64,38,64,Normal
2026-02-08 08:14:27.055158,NewYork-4a64,41,91,Normal
2026-02-08 08:14:28.055158,NewYork-4a64,38,28,Normal
2026-02-08 08:14:29.055158,NewYork-4a64,48,38,Normal
2026-02-08 08:14:30.055158,NewYork-4a64,-22,9,Normal
2026-02-08 08:14:31.055158,NewYork-4a64,26,51,Normal
2026-02-08 08:14:32.055158,NewYork-4a64,-15,4,Normal
2026-02-08 08:14:33.055158,NewYork-4a64,29,60,Normal
2026-02-08 08:14:34.055158,NewYork-4a64,36,2,Normal
2026-02-08 08:14:35.055158,NewYork-4a64,-14,25,Normal
2026-02-08 08:14:36.055158,NewYork-4a64,39,97,Normal
2026-02-08 08:14:37.055158,NewYork-4a64,25,28,Normal
2026-02-08 08:14:38.055158,NewYork-4a64,18,77,Normal
2026-02-08 08:14:39.055158,NewYork-4a64,48,95,Normal
2026-02-08 08:14:40.055158,NewYork-4a64,48,73,Normal
2026-02-08 08:14:41.055158,NewYork-4a64,24,64,Normal
2026-02-08 08:14:42.055158,NewYork-4a64,39,90,Normal
2026-02-08 08:14:43.055158,NewYork-4a64,-18,27,Normal
2026-02-08 08:14:44.055158,NewYork-4a64,5,84,Normal
2026-02-08 08:14:45.055158,NewYork-4a64,-22,76,Normal
2026-02-08 08:14:46.055158,NewYork-4a64,49,84,Normal
2026-02-08 08:14:47.055158,NewYork-4a64,49,39,Normal
2026-02-08 08:14:48.055158,NewYork-4a64,30,54,Normal
2026-02-08 08:14:49.055158,NewYork-4a64,-18,91,Normal
2026-02-08 08:14:50.055158,NewYork-4a64,15,83,Normal
2026-02-08 08:14:51.055158,NewYork-4a64,-6,71,Normal
2026-02-08 08:14:52.055158,NewYork-4a64,33,16,Normal
2026-02-08 08:14:53.055158,NewYork-4a64,-27,95,Normal
2026-02-08 08:14:54.055158,NewYork-4a64,-23,14,Normal
2026-02-08 08:14:55.055158,NewYork-4a64,-7,34,Normal
2026-02-08 08:14:56.055158,NewYork-4a64,-23,99,Normal
2026-02-08 08:14:57.055158,NewYork-4a64,30,82,Normal
2026-02-08 08:14:58.055158,NewYork-4a64,25,66,Normal
2026-02-08 08:14:59.055158,NewYork-4a64,24,6,Normal
2026-02-08 08:15:00.055158,NewYork-4a64,33,97,Normal
2026-02-08 08:15:01.055158,NewYork-4a64,46,74,Normal
2026-02-08 08:15:02.055158,NewYork-4a64,29,5,Normal
2026-02-08 08:15:03.055158,NewYork-4a64,0,19,Normal
2026-02-08 08:15:04.055158,NewYork-4a64,-24,77,Normal
2026-02-08 08:15:05.055158,NewYork-4a64,0,45,Normal
2026-02-08 08:15:06.055158,NewYork-4a64,38,59,Normal
2026-02-08 08:15:07.055158,NewYork-4a64,-21,85,Normal
2026-02-08 08:15:08.055158,NewYork-4a64,4,36,Normal
2026-02-08 08:15:09.055158,NewYork-4a64,41,71,Normal
2026-02-08 08:15:10.055158,NewYork-4a64,14,56,Normal
2026-02-08 08:15:11.055158,NewYork-4a64,-16,79,Normal
2026-02-08 08:15:12.055158,NewYork-4a64,-15,72,Normal
2026-02-08 08:15:13.055158,NewYork-4a64,13,23,Normal
2026-02-08 08:15:14.055158,NewYork-4a64,-12,11,Normal
2026-02-08 08:15:15.055158,NewYork-4a64,35,2,Normal
2026-02-08 08:15:16.055158,NewYork-4a64,-23,73,Normal
2026-02-08 08:15:17.055158,NewYork-4a64,4,49,Normal
2026-02-08 08:15:18.055158,NewYork-4a64,8,69,Normal
2026-02-08 08:15:19.055158,NewYork-4a64,19,25,Normal
2026-02-08 08:15:20.055158,NewYork-4a64,9,75,Normal
2026-02-08 08:15:21.055158,NewYork-4a64,19,87,Normal
2026-02-08 08:15:22.055158,NewYork-4a64,28,49,Normal
2026-02-08 08:15:23.055158,NewYork-4a64,-10,61,Normal
2026-02-08 08:15:24.055158,NewYork-4a64,-4,52,Normal
2026-02-08 08:15:25.055158,NewYork-4a64,29,19,Normal
2026-02-08 08:15:26.055158,NewYork-4a64,11,13,Normal
2026-02-08 08:15:27.055158,NewYork-4a64,35,67,Normal
2026-02-08 08:15:28.055158,NewYork-4a64,-6,59,Normal
2026-02-08 08:15:29.055158,NewYork-4a64,18,70,Normal
2026-02-08 08:15:30.055158,NewYork-4a64,7,48,Normal
2026-02-08 08:15:31.055158,NewYork-4a64,-9,11,Normal
2026-02-08 08:15:32.055158,NewYork-4a64,35,77,Normal
2026-02-08 08:15:33.055158,NewYork-4a64,2,71,Normal
2026-02-08 08:15:34.055158,NewYork-4a64,-23,32,Normal
2026-02-08 08:15:35.055158,NewYork-4a64,-23,77,Normal
2026-02-08 08:15:36.055158,NewYork-4a64,45,62,Normal
2026-02-08 08:15:37.055158,NewYork-4a64,47,52,Normal
2026-02-08 08:15:38.055158,NewYork-4a64,46,68,Normal
2026-02-08 08:15:39.055158,NewYork-4a64,20,97,Normal
2026-02-08 08:15:40.055158,NewYork-4a64,35,87,Normal
2026-02-08 08:15:41.055158,NewYork-4a64,49,6,Normal
2026-02-08 08:15:42.055158,NewYork-4a64,27,74,Normal
2026-02-08 08:15:43.055158,NewYork-4a64,35,41,Normal
2026-02-08 08:15:44.055158,NewYork-4a64,-28,11,Normal
2026-02-08 08:15:45.055158,NewYork-4a64,-3,15,Normal
2026-02-08 08:15:46.055158,NewYork-4a64,44,1,Normal
2026-02-08 08:15:47.055158,NewYork-4a64,-5,62,Normal
2026-02-08 08:15:48.055158,NewYork-4a64,-26,69,Normal
2026-02-08 08:15:49.055158,NewYork-4a64,-12,73,Normal
2026-02-08 08:15:50.055158,NewYork-4a64,-12,8,Normal
2026-02-08 08:15:51.055158,NewYork-4a64,37,95,Normal
2026-02-08 08:15:52.055158,NewYork-4a64,6,12,Normal
2026-02-08 08:15:53.055158,NewYork-4a64,-28,0,Normal
2026-02-08 08:15:54.055158,NewYork-4a64,-25,33,Normal
2026-02-08 08:15:55.055158,NewYork-4a64,-29,16,Normal
2026-02-08 08:15:56.055158,NewYork-4a64,19,93,Normal
2026-02-08 08:15:57.055158,NewYork-4a64,23,83,Normal
2026-02-08 08:15:58.055158,NewYork-4a64,-25,37,Normal
2026-02-08 08:15:59.055158,NewYork-4a64,-13,60,Normal
2026-02-08 08:16:00.055158,NewYork-4a64,-28,56,Normal
2026-02-08 08:16:01.055158,NewYork-4a64,27,1,Normal
2026-02-08 08:16:02.055158,NewYork-4a64,46,76,Normal
2026-02-08 08:16:03.055158,NewYork-4a64,33,32,Normal
2026-02-08 08:16:04.055158,NewYork-4a64,-11,50,Normal
2026-02-08 08:16:05.055158,NewYork-4a64,-13,33,Normal
2026-02-08 08:16:06.055158,NewYork-4a64,1,17,Normal
2026-02-08 08:16:07.055158,NewYork-4a64,-26,32,Normal
2026-02-08 08:16:08.055158,NewYork-4a64,-7,52,Normal
2026-02-08 08:16:09.055158,NewYork-4a64,44,86,Normal
2026-02-08 08:16:10.055158,NewYork-4a64,33,100,Normal
2026-02-08 08:16:11.055158,NewYork-4a64,-3,64,Normal
2026-02-08 08:16:12.055158,NewYork-4a64,-22,14,Normal
2026-02-08 08:16:13.055158,NewYork-4a64,32,0,Normal
2026-02-08 08:16:14.055158,NewYork-4a64,42,57,Normal
2026-02-08 08:16:15.055158,NewYork-4a64,24,83,Normal
2026-02-08 08:16:16.055158,NewYork-4a64,-27,18,Normal
2026-02-08 08:16:17.055158,NewYork-4a64,39,13,Normal
2026-02-08 08:16:18.055158,NewYork-4a64,-23,69,Normal
2026-02-08 08:16:19.055158,NewYork-4a64,43,36,Normal
2026-02-08 08:16:20.055158,NewYork-4a64,50,7,Normal
2026-02-08 08:16:21.055158,NewYork-4a64,32,78,Normal
2026-02-08 08:16:22.055158,NewYork-4a64,17,38,Normal
2026-02-08 08:16:23.055158,NewYork-4a64,18,22,Normal
2026-02-08 08:16:24.055158,NewYork-4a64,-11,93,Normal
2026-02-08 08:16:25.055158,NewYork-4a64,-13,80,Normal
2026-02-08 08:16:26.055158,NewYork-4a64,45,23,Normal
2026-02-08 08:16:27.055158,NewYork-4a64,25,13,Normal
2026-02-08 08:16:28.055158,NewYork-4a64,3,47,Normal
2026-02-08 08:16:29.055158,NewYork-4a64,-13,48,Normal
2026-02-08 08:16:30.055158,NewYork-4a64,27,37,Normal
2026-02-08 08:16:31.055158,NewYork-4a64,45,58,Normal
2026-02-08 08:16:32.055158,NewYork-4a64,30,13,Normal
2026-02-08 08:16:33.055158,NewYork-4a64,17,21,Normal
2026-02-08 08:16:34.055158,NewYork-4a64,-5,9,Normal
2026-02-08 08:16:35.055158,NewYork-4a64,34,13,Normal
2026-02-08 08:16:36.055158,NewYork-4a64,10,8,Normal
2026-02-08 08:16:37.055158,NewYork-4a64,-30,83,Normal
2026-02-08 08:16:38.055158,NewYork-4a64,4,88,Normal
2026-02-08 08:16:39.055158,NewYork-4a64,35,8,Normal
2026-02-08 08:16:40.055158,NewYork-4a64,13,63,Normal
2026-02-08 08:16:41.055158,NewYork-4a64,29,77,Normal
2026-02-08 08:16:42.055158,NewYork-4a64,33,17,Normal
2026-02-08 08:16:43.055158,NewYork-4a64,1,17,Normal
2026-02-08 08:16:44.055158,NewYork-4a64,47,77,Normal
2026-02-08 08:16:45.055158,NewYork-4a64,-18,91,Normal
2026-02-08 08:16:46.055158,NewYork-4a64,32,66,Normal
2026-02-08 08:16:47.055158,NewYork-4a64,44,71,Normal
2026-02-08 08:16:48.055158,NewYork-4a64,2,74,Normal
2026-02-08 08:16:49.055158,NewYork-4a64,-28,65,Normal
2026-02-08 08:16:50.055158,NewYork-4a64,-28,41,Normal
2026-02-08 08:16:51.055158,NewYork-4a64,-29,45,Normal
2026-02-08 08:16:52.055158,NewYork-4a64,-29,51,Normal
2026-02-08 08:16:53.055158,NewYork-4a64,47,60,Normal
2026-02-08 08:16:54.055158,NewYork-4a64,-15,51,Normal
2026-02-08 08:16:55.055158,NewYork-4a64,-29,27,Normal
2026-02-08 08:16:56.055158,NewYork-4a64,13,2,Normal
2026-02-08 08:16:57.055158,NewYork-4a64,-30,43,Normal
2026-02-08 08:16:58.055158,NewYork-4a64,14,1,Normal
2026-02-08 08:16:59.055158,NewYork-4a64,31,86,Normal
2026-02-08 08:17:00.055158,NewYork-4a64,9,88,Normal
2026-02-08 08:17:01.055158,NewYork-4a64,50,43,Normal
2026-02-08 08:17:02.055158,NewYork-4a64,12,88,Normal
2026-02-08 08:17:03.055158,NewYork-4a64,-6,5,Normal
2026-02-08 08:17:04.055158,NewYork-4a64,-14,20,Normal
2026-02-08 08:17:05.055158,NewYork-4a64,33,80,Normal
2026-02-08 08:17:06.055158,NewYork-4a64,49,74,Normal
2026-02-08 08:17:07.055158,NewYork-4a64,16,51,Normal
2026-02-08 08:17:08.055158,NewYork-4a64,-10,53,Normal
2026-02-08 08:17:09.055158,NewYork-4a64,37,67,Normal
2026-02-08 08:17:10.055158,NewYork-4a64,12,84,Normal
2026-02-08 08:17:11.055158,NewYork-4a64,15,63,Normal
2026-02-08 08:17:12.055158,NewYork-4a64,40,19,Normal
2026-02-08 08:17:13.055158,NewYork-4a64,16,97,Normal
2026-02-08 08:17:14.055158,NewYork-4a64,12,37,Normal
2026-02-08 08:17:15.055158,NewYork-4a64,31,29,Normal
2026-02-08 08:17:16.055158,NewYork-4a64,-12,78,Normal
2026-02-08 08:17:17.055158,NewYork-4a64,25,34,Normal
2026-02-08 08:17:18.055158,NewYork-4a64,49,62,Normal
2026-02-08 08:17:19.055158,NewYork-4a64,11,53,Normal
2026-02-08 08:17:20.055158,NewYork-4a64,8,44,Normal
2026-02-08 08:17:21.055158,NewYork-4a64,47,12,Normal
2026-02-08 08:17:22.055158,NewYork-4a64,2,22,Normal
2026-02-08 08:17:23.055158,NewYork-4a64,-13,8,Normal
2026-02-08 08:17:24.055158,NewYork-4a64,3,83,Normal
2026-02-08 08:17:25.055158,NewYork-4a64,-19,55,Normal
2026-02-08 08:17:26.055158,NewYork-4a64,44,83,Normal
2026-02-08 08:17:27.055158,NewYork-4a64,-30,36,Normal
2026-02-08 08:17:28.055158,NewYork-4a64,25,76,Normal
2026-02-08 08:17:29.055158,NewYork-4a64,32,12,Normal
2026-02-08 08:17:30.055158,NewYork-4a64,30,28,Normal
2026-02-08 08:17:31.055158,NewYork-4a64,46,76,Normal
