timestamp,station_id,temp,humid,condition
2026-02-10 15:48:34.211781,Dubai-1ddb,12,68,Normal
2026-02-10 15:48:35.211781,Dubai-1ddb,23,95,Normal
2026-02-10 15:48:36.211781,Dubai-1ddb,-24,0,Normal
2026-02-10 15:48:37.211781,Dubai-1ddb,29,62,Normal
2026-02-10 15:48:38.211781,Dubai-1ddb,-8,54,Normal
2026-02-10 15:48:39.211781,Dubai-1ddb,41,5,Normal
2026-02-10 15:48:40.211781,Dubai-1ddb,-5,69,Normal
2026-02-10 15:48:41.211781,Dubai-1ddb,9,52,Normal
2026-02-10 15:48:42.211781,Dubai-1ddb,-2,5,Normal
2026-02-10 15:48:43.211781,Dubai-1ddb,26,47,Normal
2026-02-10 15:48:44.211781,Dubai-1ddb,42,85,Normal
2026-02-10 15:48:45.211781,Dubai-1ddb,-8,17,Normal
2026-02-10 15:48:46.211781,Dubai-1ddb,-30,53,Normal
2026-02-10 15:48:47.211781,Dubai-1ddb,12,92,Normal
2026-02-10 15:48:48.211781,Dubai-1ddb,-12,42,Normal
2026-02-10 15:48:49.211781,Dubai-1ddb,45,61,Normal
2026-02-10 15:48:50.211781,Dubai-1ddb,44,34,Normal
2026-02-10 15:48:51.211781,Dubai-1ddb,-26,37,Normal
2026-02-10 15:48:52.211781,Dubai-1ddb,-22,69,Normal
2026-02-10 15:48:53.211781,Dubai-1ddb,47,15,Normal
2026-02-10 15:48:54.211781,Dubai-1ddb,21,33,Normal
2026-02-10 15:48:55.211781,Dubai-1ddb,40,74,Normal
2026-02-10 15:48:56.211781,Dubai-1ddb,-6,42,Normal
2026-02-10 15:48:57.211781,Dubai-1ddb,35,46,Normal
2026-02-10 15:48:58.211781,Dubai-1ddb,-5,29,Normal
2026-02-10 15:48:59.211781,Dubai-1ddb,-24,24,Normal
2026-02-10 15:49:00.211781,Dubai-1ddb,9,60,Normal
2026-02-10 15:49:01.211781,Dubai-1ddb,11,20,Normal
2026-02-10 15:49:02.211781,Dubai-1ddb,-10,74,Normal
2026-02-10 15:49:03.211781,Dubai-1ddb,42,33,Normal
2026-02-10 15:49:04.211781,Dubai-1ddb,10,61,Normal
2026-02-10 15:49:05.211781,Dubai-1ddb,-16,81,Normal
2026-02-10 15:49:06.211781,Dubai-1ddb,12,40,Normal
2026-02-10 15:49:07.211781,Dubai-1ddb,37,72,Normal
2026-02-10 15:49:08.211781,Dubai-1ddb,40,5,Normal
2026-02-10 15:49:09.211781,Dubai-1ddb,43,89,Normal
2026-02-10 15:49:10.211781,Dubai-1ddb,38,59,Normal
2026-02-10 15:49:11.211781,Dubai-1ddb,20,89,Normal
2026-02-10 15:49:12.211781,Dubai-1ddb,1,95,Normal
2026-02-10 15:49:13.211781,Dubai-1ddb,-15,70,Normal
2026-02-10 15:49:14.211781,Dubai-1ddb,23,23,Normal
2026-02-10 15:49:15.211781,Dubai-1ddb,40,93,Normal
2026-02-10 15:49:16.211781,Dubai-1ddb,40,74,Normal
2026-02-10 15:49:17.211781,Dubai-1ddb,49,87,Normal
2026-02-10 15:49:18.211781,Dubai-1ddb,-22,50,Normal
2026-02-10 15:49:19.211781,Dubai-1ddb,10,36,Normal
2026-02-10 15:49:20.211781,Dubai-1ddb,-8,58,Normal
2026-02-10 15:49:21.211781,Dubai-1ddb,-6,16,Normal
2026-02-10 15:49:22.211781,Dubai-1ddb,-10,23,Normal
2026-02-10 15:49:23.211781,Dubai-1ddb,26,19,Normal
2026-02-10 15:49:24.211781,Dubai-1ddb,20,43,Normal
2026-02-10 15:49:25.211781,Dubai-1ddb,33,80,Normal
2026-02-10 15:49:26.211781,Dubai-1ddb,-2,54,Normal
2026-02-10 15:49:27.211781,Dubai-1ddb,11,53,Normal
2026-02-10 15:49:28.211781,Dubai-1ddb,-3,26,Normal
2026-02-10 15:49:29.211781,Dubai-1ddb,-26,15,Normal
2026-02-10 15:49:30.211781,Dubai-1ddb,30,45,Normal
2026-02-10 15:49:31.211781,Dubai-1ddb,33,41,Normal
2026-02-10 15:49:32.211781,Dubai-1ddb,32,44,Normal
2026-02-10 15:49:33.211781,Dubai-1ddb,21,30,Normal
2026-02-10 15:49:34.211781,Dubai-1ddb,-27,37,Normal
2026-02-10 15:49:35.211781,Dubai-1ddb,10,41,Normal
2026-02-10 15:49:36.211781,Dubai-1ddb,-28,51,Normal
2026-02-10 15:49:37.211781,Dubai-1ddb,14,26,Normal
2026-02-10 15:49:38.211781,Dubai-1ddb,6,12,Normal
2026-02-10 15:49:39.211781,Dubai-1ddb,-10,67,Normal
2026-02-10 15:49:40.211781,Dubai-1ddb,6,72,Normal
2026-02-10 15:49:41.211781,Dubai-1ddb,15,71,Normal
2026-02-10 15:49:42.211781,Dubai-1ddb,14,84,Normal
2026-02-10 15:49:43.211781,Dubai-1ddb,35,10,Normal
2026-02-10 15:49:44.211781,Dubai-1ddb,33,39,Normal
2026-02-10 15:49:45.211781,Dubai-1ddb,47,72,Normal
2026-02-10 15:49:46.211781,Dubai-1ddb,46,0,Normal
2026-02-10 15:49:47.211781,Dubai-1ddb,20,70,Normal
2026-02-10 15:49:48.211781,Dubai-1ddb,32,67,Normal
2026-02-10 15:49:49.211781,Dubai-1ddb,14,59,Normal
2026-02-10 15:49:50.211781,Dubai-1ddb,30,23,Normal
2026-02-10 15:49:51.211781,Dubai-1ddb,-30,28,Normal
2026-02-10 15:49:52.211781,Dubai-1ddb,49,13,Normal
2026-02-10 15:49:53.211781,Dubai-1ddb,-5,30,Normal
2026-02-10 15:49:54.211781,Dubai-1ddb,34,87,Normal
2026-02-10 15:49:55.211781,Dubai-1ddb,-6,15,Normal
2026-02-10 15:49:56.211781,Dubai-1ddb,5,58,Normal
2026-02-10 15:49:57.211781,Dubai-1ddb,5,51,Normal
2026-02-10 15:49:58.211781,Dubai-1ddb,3,92,Normal
2026-02-10 15:49:59.211781,Dubai-1ddb,0,67,Normal
2026-02-10 15:50:00.211781,Dubai-1ddb,17,72,Normal
2026-02-10 15:50:01.211781,Dubai-1ddb,19,5,Normal
2026-02-10 15:50:02.211781,Dubai-1ddb,-29,50,Normal
2026-02-10 15:50:03.211781,Dubai-1ddb,19,94,Normal
2026-02-10 15:50:04.211781,Dubai-1ddb,3,22,Normal
2026-02-10 15:50:05.211781,Dubai-1ddb,28,99,Normal
2026-02-10 15:50:06.211781,Dubai-1ddb,-21,91,Normal
2026-02-10 15:50:07.211781,Dubai-1ddb,18,88,Normal
2026-02-10 15:50:08.211781,Dubai-1ddb,20,55,Normal
2026-02-10 15:50:09.211781,Dubai-1ddb,29,84,Normal
2026-02-10 15:50:10.211781,Dubai-1ddb,-5,89,Normal
2026-02-10 15:50:11.211781,Dubai-1ddb,21,6,Normal
2026-02-10 15:50:12.211781,Dubai-1ddb,0,66,Normal
2026-02-10 15:50:13.211781,Dubai-1ddb,48,81,Normal
2026-02-10 15:50:14.211781,Dubai-1ddb,-24,47,Normal
2026-02-10 15:50:15.211781,Dubai-1ddb,2,79,Normal
2026-02-10 15:50:16.211781,Dubai-1ddb,-26,4,Normal
2026-02-10 15:50:17.211781,Dubai-1ddb,12,10,Normal
2026-02-10 15:50:18.211781,Dubai-1ddb,-27,27,Normal
2026-02-10 15:50:19.211781,Dubai-1ddb,-26,65,Normal
2026-02-10 15:50:20.211781,Dubai-1ddb,1,27,Normal
2026-02-10 15:50:21.211781,Dubai-1ddb,4,88,Normal
2026-02-10 15:50:22.211781,Dubai-1ddb,-14,3,Normal
2026-02-10 15:50:23.211781,Dubai-1ddb,24,86,Normal
2026-02-10 15:50:24.211781,Dubai-1ddb,5,47,Normal
2026-02-10 15:50:25.211781,Dubai-1ddb,-11,0,Normal
2026-02-10 15:50:26.211781,Dubai-1ddb,28,83,Normal
2026-02-10 15:50:27.211781,Dubai-1ddb,42,86,Normal
2026-02-10 15:50:28.211781,Dubai-1ddb,47,32,Normal
2026-02-10 15:50:29.211781,Dubai-1ddb,9,93,Normal
2026-02-10 15:50:30.211781,Dubai-1ddb,-28,74,Normal
2026-02-10 15:50:31.211781,Dubai-1ddb,19,22,Normal
2026-02-10 15:50:32.211781,Dubai-1ddb,33,26,Normal
2026-02-10 15:50:33.211781,Dubai-1ddb,46,65,Normal
2026-02-10 15:50:34.211781,Dubai-1ddb,-14,60,Normal
2026-02-10 15:50:35.211781,Dubai-1ddb,-23,6,Normal
2026-02-10 15:50:36.211781,Dubai-1ddb,-18,79,Normal
2026-02-10 15:50:37.211781,Dubai-1ddb,-29,35,Normal
2026-02-10 15:50:38.211781,Dubai-1ddb,-1,90,Normal
2026-02-10 15:50:39.211781,Dubai-1ddb,-26,96,Normal
2026-02-10 15:50:40.211781,Dubai-1ddb,11,80,Normal
2026-02-10 15:50:41.211781,Dubai-1ddb,31,73,Normal
2026-02-10 15:50:42.211781,Dubai-1ddb,18,49,Normal
2026-02-10 15:50:43.211781,Dubai-1ddb,39,55,Normal
2026-02-10 15:50:44.211781,Dubai-1ddb,18,55,Normal
2026-02-10 15:50:45.211781,Dubai-1ddb,20,26,Normal
2026-02-10 15:50:46.211781,Dubai-1ddb,50,34,Normal
2026-02-10 15:50:47.211781,Dubai-1ddb,33,63,Normal
2026-02-10 15:50:48.211781,Dubai-1ddb,-23,40,Normal
2026-02-10 15:50:49.211781,Dubai-1ddb,47,19,Normal
2026-02-10 15:50:50.211781,Dubai-1ddb,25,50,Normal
2026-02-10 15:50:51.211781,Dubai-1ddb,-24,1,Normal
2026-02-10 15:50:52.211781,Dubai-1ddb,4,2,Normal
2026-02-10 15:50:53.211781,Dubai-1ddb,22,69,Normal
2026-02-10 15:50:54.211781,Dubai-1ddb,31,34,Normal
2026-02-10 15:50:55.211781,Dubai-1ddb,-15,32,Normal
2026-02-10 15:50:56.211781,Dubai-1ddb,-17,56,Normal
2026-02-10 15:50:57.211781,Dubai-1ddb,13,50,Normal
2026-02-10 15:50:58.211781,Dubai-1ddb,27,80,Normal
2026-02-10 15:50:59.211781,Dubai-1ddb,12,27,Normal
2026-02-10 15:51:00.211781,Dubai-1ddb,-10,71,Normal
2026-02-10 15:51:01.211781,Dubai-1ddb,-17,93,Normal
2026-02-10 15:51:02.211781,Dubai-1ddb,47,64,Normal
2026-02-10 15:51:03.211781,Dubai-1ddb,-15,75,Normal
2026-02-10 15:51:04.211781,Dubai-1ddb,39,11,Normal
2026-02-10 15:51:05.211781,Dubai-1ddb,-3,56,Normal
2026-02-10 15:51:06.211781,Dubai-1ddb,43,57,Normal
2026-02-10 15:51:07.211781,Dubai-1ddb,48,7,Normal
2026-02-10 15:51:08.211781,Dubai-1ddb,38,40,Normal
2026-02-10 15:51:09.211781,Dubai-1ddb,-12,15,Normal
2026-02-10 15:51:10.211781,Dubai-1ddb,38,8,Normal
2026-02-10 15:51:11.211781,Dubai-1ddb,-28,91,Normal
2026-02-10 15:51:12.211781,Dubai-1ddb,-24,25,Normal
2026-02-10 15:51:13.211781,Dubai-1ddb,41,69,Normal
2026-02-10 15:51:14.211781,Dubai-1ddb,-4,61,Normal
2026-02-10 15:51:15.211781,Dubai-1ddb,-11,43,Normal
2026-02-10 15:51:16.211781,Dubai-1ddb,-10,99,Normal
2026-02-10 15:51:17.211781,Dubai-1ddb,-18,68,Normal
2026-02-10 15:51:18.211781,Dubai-1ddb,-16,40,Normal
2026-02-10 15:51:19.211781,Dubai-1ddb,3,91,Normal
2026-02-10 15:51:20.211781,Dubai-1ddb,-6,93,Normal
2026-02-10 15:51:21.211781,Dubai-1ddb,8,29,Normal
2026-02-10 15:51:22.211781,Dubai-1ddb,18,70,Normal
2026-02-10 15:51:23.211781,Dubai-1ddb,-9,60,Normal
2026-02-10 15:51:24.211781,Dubai-1ddb,10,96,Normal
2026-02-10 15:51:25.211781,Dubai-1ddb,20,35,Normal
2026-02-10 15:51:26.211781,Dubai-1ddb,50,62,Normal
2026-02-10 15:51:27.211781,Dubai-1ddb,-28,64,Normal
2026-02-10 15:51:28.211781,Dubai-1ddb,37,76,Normal
2026-02-10 15:51:29.211781,Dubai-1ddb,3,86,Normal
2026-02-10 15:51:30.211781,Dubai-1ddb,2,28,Normal
2026-02-10 15:51:31.211781,Dubai-1ddb,43,46,Normal
2026-02-10 15:51:32.211781,Dubai-1ddb,32,33,Normal
2026-02-10 15:51:33.211781,Dubai-1ddb,34,59,Normal
2026-02-10 15:51:34.211781,Dubai-1ddb,28,49,Normal
2026-02-10 15:51:35.211781,Dubai-1ddb,-2,74,Normal
2026-02-10 15:51:36.211781,Dubai-1ddb,-3,46,Normal
2026-02-10 15:51:37.211781,Dubai-1ddb,12,28,Normal
2026-02-10 15:51:38.211781,Dubai-1ddb,-24,4,Normal
2026-02-10 15:51:39.211781,Dubai-1ddb,17,55,Normal
2026-02-10 15:51:40.211781,Dubai-1ddb,1,14,Normal
2026-02-10 15:51:41.211781,Dubai-1ddb,22,89,Normal
2026-02-10 15:51:42.211781,Dubai-1ddb,9,22,Normal
2026-02-10 15:51:43.211781,Dubai-1ddb,-6,82,Normal
2026-02-10 15:51:44.211781,Dubai-1ddb,9,15,Normal
2026-02-10 15:51:45.211781,Dubai-1ddb,4,51,Normal
2026-02-10 15:51:46.211781,Dubai-1ddb,1,19,Normal
2026-02-10 15:51:47.211781,Dubai-1ddb,49,19,Normal
2026-02-10 15:51:48.211781,Dubai-1ddb,30,9,Normal
2026-02-10 15:51:49.211781,Dubai-1ddb,14,83,Normal
2026-02-10 15:51:50.211781,Dubai-1ddb,-5,34,Normal
2026-02-10 15:51:51.211781,Dubai-1ddb,24,50,Normal
2026-02-10 15:51:52.211781,Dubai-1ddb,-23,11,Normal
2026-02-10 15:51:53.211781,Dubai-1ddb,20,81,Normal
2026-02-10 15:51:54.211781,Dubai-1ddb,33,24,Normal
2026-02-10 15:51:55.211781,Dubai-1ddb,-28,11,Normal
2026-02-10 15:51:56.211781,Dubai-1ddb,4,20,Normal
2026-02-10 15:51:57.211781,Dubai-1ddb,3,67,Normal
2026-02-10 15:51:58.211781,Dubai-1ddb,-18,67,Normal
2026-02-10 15:51:59.211781,Dubai-1ddb,-13,79,Normal
2026-02-10 15:52:00.211781,Dubai-1ddb,-29,0,Normal
2026-02-10 15:52:01.211781,Dubai-1ddb,-28,19,Normal
2026-02-10 15:52:02.211781,Dubai-1ddb,-2,72,Normal
2026-02-10 15:52:03.211781,Dubai-1ddb,48,7,Normal
2026-02-10 15:52:04.211781,Dubai-1ddb,20,13,Normal
2026-02-10 15:52:05.211781,Dubai-1ddb,-1,46,Normal
2026-02-10 15:52:06.211781,Dubai-1ddb,46,82,Normal
2026-02-10 15:52:07.211781,Dubai-1ddb,-7,10,Normal
2026-02-10 15:52:08.211781,Dubai-1ddb,-24,80,Normal
2026-02-10 15:52:09.211781,Dubai-1ddb,-16,61,Normal
2026-02-10 15:52:10.211781,Dubai-1ddb,37,69,Normal
2026-02-10 15:52:11.211781,Dubai-1ddb,47,20,Normal
2026-02-10 15:52:12.211781,Dubai-1ddb,-15,10,Normal
2026-02-10 15:52:13.211781,Dubai-1ddb,23,34,Normal
2026-02-10 15:52:14.211781,Dubai-1ddb,-13,84,Normal
2026-02-10 15:52:15.211781,Dubai-1ddb,31,62,Normal
2026-02-10 15:52:16.211781,Dubai-1ddb,47,92,Normal
2026-02-10 15:52:17.211781,Dubai-1ddb,34,74,Normal
2026-02-10 15:52:18.211781,Dubai-1ddb,-3,1,Normal
2026-02-10 15:52:19.211781,Dubai-1ddb,-11,76,Normal
2026-02-10 15:52:20.211781,Dubai-1ddb,0,35,Normal
2026-02-10 15:52:21.211781,Dubai-1ddb,2,82,Normal
2026-02-10 15:52:22.211781,Dubai-1ddb,50,4,Normal
2026-02-10 15:52:23.211781,Dubai-1ddb,38,18,Normal
2026-02-10 15:52:24.211781,Dubai-1ddb,-3,98,Normal
2026-02-10 15:52:25.211781,Dubai-1ddb,-2,85,Normal
2026-02-10 15:52:26.211781,Dubai-1ddb,0,32,Normal
2026-02-10 15:52:27.211781,Dubai-1ddb,41,51,Normal
2026-02-10 15:52:28.211781,Dubai-1ddb,48,81,Normal
2026-02-10 15:52:29.211781,Dubai-1ddb,14,69,Normal
2026-02-10 15:52:30.211781,Dubai-1ddb,-10,79,Normal
2026-02-10 15:52:31.211781,Dubai-1ddb,29,74,Normal
2026-02-10 15:52:32.211781,Dubai-1ddb,-17,58,Normal
2026-02-10 15:52:33.211781,Dubai-1ddb,25,20,Normal
2026-02-10 15:52:34.211781,Dubai-1ddb,-16,7,Normal
2026-02-10 15:52:35.211781,Dubai-1ddb,50,68,Normal
2026-02-10 15:52:36.211781,Dubai-1ddb,-19,39,Normal
2026-02-10 15:52:37.211781,Dubai-1ddb,4,34,Normal
2026-02-10 15:52:38.211781,Dubai-1ddb,27,57,Normal
2026-02-10 15:52:39.211781,Dubai-1ddb,13,86,Normal
2026-02-10 15:52:40.211781,Dubai-1ddb,9,19,Normal
2026-02-10 15:52:41.211781,Dubai-1ddb,-5,68,Normal
2026-02-10 15:52:42.211781,Dubai-1ddb,19,60,Normal
2026-02-10 15:52:43.211781,Dubai-1ddb,-26,82,Normal
2026-02-10 15:52:44.211781,Dubai-1ddb,-15,41,Normal
2026-02-10 15:52:45.211781,Dubai-1ddb,37,82,Normal
2026-02-10 15:52:46.211781,Dubai-1ddb,4,56,Normal
2026-02-10 15:52:47.211781,Dubai-1ddb,39,62,Normal
2026-02-10 15:52:48.211781,Dubai-1ddb,-16,82,Normal
2026-02-10 15:52:49.211781,Dubai-1ddb,-18,91,Normal
2026-02-10 15:52:50.211781,Dubai-1ddb,-27,62,Normal
2026-02-10 15:52:51.211781,Dubai-1ddb,28,40,Normal
2026-02-10 15:52:52.211781,Dubai-1ddb,-4,23,Normal
2026-02-10 15:52:53.211781,Dubai-1ddb,3,29,Normal
2026-02-10 15:52:54.211781,Dubai-1ddb,6,76,Normal
2026-02-10 15:52:55.211781,Dubai-1ddb,35,18,Normal
2026-02-10 15:52:56.211781,Dubai-1ddb,27,26,Normal
2026-02-10 15:52:57.211781,Dubai-1ddb,45,38,Normal
2026-02-10 15:52:58.211781,Dubai-1ddb,21,43,Normal
2026-02-10 15:52:59.211781,Dubai-1ddb,-28,53,Normal
2026-02-10 15:53:00.211781,Dubai-1ddb,48,95,Normal
2026-02-10 15:53:01.211781,Dubai-1ddb,42,5,Normal
2026-02-10 15:53:02.211781,Dubai-1ddb,13,95,Normal
2026-02-10 15:53:03.211781,Dubai-1ddb,16,96,Normal
2026-02-10 15:53:04.211781,Dubai-1ddb,42,4,Normal
2026-02-10 15:53:05.211781,Dubai-1ddb,8,46,Normal
2026-02-10 15:53:06.211781,Dubai-1ddb,-26,15,Normal
2026-02-10 15:53:07.211781,Dubai-1ddb,-24,78,Normal
2026-02-10 15:53:08.211781,Dubai-1ddb,-4,10,Normal
2026-02-10 15:53:09.211781,Dubai-1ddb,22,60,Normal
2026-02-10 15:53:10.211781,Dubai-1ddb,-20,71,Normal
2026-02-10 15:53:11.211781,Dubai-1ddb,-2,62,Normal
2026-02-10 15:53:12.211781,Dubai-1ddb,45,39,Normal
2026-02-10 15:53:13.211781,Dubai-1ddb,31,5,Normal
2026-02-10 15:53:14.211781,Dubai-1ddb,26,6,Normal
2026-02-10 15:53:15.211781,Dubai-1ddb,-25,9,Normal
2026-02-10 15:53:16.211781,Dubai-1ddb,17,23,Normal
2026-02-10 15:53:17.211781,Dubai-1ddb,-22,83,Normal
2026-02-10 15:53:18.211781,Dubai-1ddb,-22,27,Normal
2026-02-10 15:53:19.211781,Dubai-1ddb,2,11,Normal
2026-02-10 15:53:20.211781,Dubai-1ddb,28,45,Normal
2026-02-10 15:53:21.211781,Dubai-1ddb,18,5,Normal
2026-02-10 15:53:22.211781,Dubai-1ddb,30,48,Normal
2026-02-10 15:53:23.211781,Dubai-1ddb,-27,79,Normal
2026-02-10 15:53:24.211781,Dubai-1ddb,0,71,Normal
2026-02-10 15:53:25.211781,Dubai-1ddb,34,66,Normal
2026-02-10 15:53:26.211781,Dubai-1ddb,19,29,Normal
2026-02-10 15:53:27.211781,Dubai-1ddb,-18,12,Normal
2026-02-10 15:53:28.211781,Dubai-1ddb,14,45,Normal
2026-02-10 15:53:29.211781,Dubai-1ddb,-18,90,Normal
2026-02-10 15:53:30.211781,Dubai-1ddb,35,33,Normal
2026-02-10 15:53:31.211781,Dubai-1ddb,9,26,Normal
2026-02-10 15:53:32.211781,Dubai-1ddb,22,50,Normal
2026-02-10 15:53:33.211781,Dubai-1ddb,-2,4,Normal
2026-02-10 15:53:34.211781,Dubai-1ddb,-29,65,Normal
2026-02-10 15:53:35.211781,Dubai-1ddb,44,75,Normal
2026-02-10 15:53:36.211781,Dubai-1ddb,46,65,Normal
2026-02-10 15:53:37.211781,Dubai-1ddb,39,5,Normal
2026-02-10 15:53:38.211781,Dubai-1ddb,6,10,Normal
2026-02-10 15:53:39.211781,Dubai-1ddb,-28,22,Normal
2026-02-10 15:53:40.211781,Dubai-1ddb,17,3,Normal
2026-02-10 15:53:41.211781,Dubai-1ddb,31,96,Normal
2026-02-10 15:53:42.211781,Dubai-1ddb,33,7,Normal
2026-02-10 15:53:43.211781,Dubai-1ddb,40,54,Normal
2026-02-10 15:53:44.211781,Dubai-1ddb,-9,76,Normal
2026-02-10 15:53:45.211781,Dubai-1ddb,14,95,Normal
2026-02-10 15:53:46.211781,Dubai-1ddb,33,72,Normal
2026-02-10 15:53:47.211781,Dubai-1ddb,-11,4,Normal
2026-02-10 15:53:48.211781,Dubai-1ddb,-25,54,Normal
2026-02-10 15:53:49.211781,Dubai-1ddb,-3,58,Normal
2026-02-10 15:53:50.211781,Dubai-1ddb,39,78,Normal
2026-02-10 15:53:51.211781,Dubai-1ddb,25,4,Normal
2026-02-10 15:53:52.211781,Dubai-1ddb,23,20,Normal
2026-02-10 15:53:53.211781,Dubai-1ddb,15,82,Normal
2026-02-10 15:53:54.211781,Dubai-1ddb,-2,73,Normal
2026-02-10 15:53:55.211781,Dubai-1ddb,40,58,Normal
2026-02-10 15:53:56.211781,Dubai-1ddb,-21,89,Normal
2026-02-10 15:53:57.211781,Dubai-1ddb,-18,72,Normal
2026-02-10 15:53:58.211781,Dubai-1ddb,2,83,Normal
2026-02-10 15:53:59.211781,Dubai-1ddb,35,58,Normal
2026-02-10 15:54:00.211781,Dubai-1ddb,-4,83,Normal
2026-02-10 15:54:01.211781,Dubai-1ddb,34,95,Normal
2026-02-10 15:54:02.211781,Dubai-1ddb,-10,69,Normal
2026-02-10 15:54:03.211781,Dubai-1ddb,7,62,Normal
2026-02-10 15:54:04.211781,Dubai-1ddb,9,16,Normal
2026-02-10 15:54:05.211781,Dubai-1ddb,-26,57,Normal
2026-02-10 15:54:06.211781,Dubai-1ddb,1,91,Normal
2026-02-10 15:54:07.211781,Dubai-1ddb,2,84,Normal
2026-02-10 15:54:08.211781,Dubai-1ddb,-19,49,Normal
2026-02-10 15:54:09.211781,Dubai-1ddb,27,60,Normal
2026-02-10 15:54:10.211781,Dubai-1ddb,49,11,Normal
2026-02-10 15:54:11.211781,Dubai-1ddb,8,64,Normal
2026-02-10 15:54:12.211781,Dubai-1ddb,4,64,Normal
2026-02-10 15:54:13.211781,Dubai-1ddb,31,60,Normal
2026-02-10 15:54:14.211781,Dubai-1ddb,34,11,Normal
2026-02-10 15:54:15.211781,Dubai-1ddb,-2,53,Normal
2026-02-10 15:54:16.211781,Dubai-1ddb,30,13,Normal
2026-02-10 15:54:17.211781,Dubai-1ddb,40,54,Normal
2026-02-10 15:54:18.211781,Dubai-1ddb,-26,92,Normal
2026-02-10 15:54:19.211781,Dubai-1ddb,45,29,Normal
2026-02-10 15:54:20.211781,Dubai-1ddb,9,26,Normal
2026-02-10 15:54:21.211781,Dubai-1ddb,-9,67,Normal
2026-02-10 15:54:22.211781,Dubai-1ddb,47,58,Normal
2026-02-10 15:54:23.211781,Dubai-1ddb,-9,28,Normal
2026-02-10 15:54:24.211781,Dubai-1ddb,43,23,Normal
2026-02-10 15:54:25.211781,Dubai-1ddb,-16,37,Normal
2026-02-10 15:54:26.211781,Dubai-1ddb,-9,78,Normal
2026-02-10 15:54:27.211781,Dubai-1ddb,43,85,Normal
2026-02-10 15:54:28.211781,Dubai-1ddb,13,37,Normal
2026-02-10 15:54:29.211781,Dubai-1ddb,-24,53,Normal
2026-02-10 15:54:30.211781,Dubai-1ddb,41,9,Normal
2026-02-10 15:54:31.211781,Dubai-1ddb,15,43,Normal
2026-02-10 15:54:32.211781,Dubai-1ddb,-14,67,Normal
2026-02-10 15:54:33.211781,Dubai-1ddb,15,38,Normal
2026-02-10 15:54:34.211781,Dubai-1ddb,14,49,Normal
2026-02-10 15:54:35.211781,Dubai-1ddb,-14,83,Normal
2026-02-10 15:54:36.211781,Dubai-1ddb,41,20,Normal
2026-02-10 15:54:37.211781,Dubai-1ddb,0,78,Normal
2026-02-10 15:54:38.211781,Dubai-1ddb,27,88,Normal
2026-02-10 15:54:39.211781,Dubai-1ddb,-15,52,Normal
2026-02-10 15:54:40.211781,Dubai-1ddb,23,100,Normal
2026-02-10 15:54:41.211781,Dubai-1ddb,-17,0,Normal
2026-02-10 15:54:42.211781,Dubai-1ddb,-11,73,Normal
2026-02-10 15:54:43.211781,Dubai-1ddb,48,79,Normal
2026-02-10 15:54:44.211781,Dubai-1ddb,39,75,Normal
2026-02-10 15:54:45.211781,Dubai-1ddb,35,25,Normal
2026-02-10 15:54:46.211781,Dubai-1ddb,23,22,Normal
2026-02-10 15:54:47.211781,Dubai-1ddb,3,62,Normal
2026-02-10 15:54:48.211781,Dubai-1ddb,49,86,Normal
2026-02-10 15:54:49.211781,Dubai-1ddb,2,23,Normal
2026-02-10 15:54:50.211781,Dubai-1ddb,-23,45,Normal
2026-02-10 15:54:51.211781,Dubai-1ddb,-13,6,Normal
2026-02-10 15:54:52.211781,Dubai-1ddb,40,87,Normal
2026-02-10 15:54:53.211781,Dubai-1ddb,21,84,Normal
2026-02-10 15:54:54.211781,Dubai-1ddb,-9,71,Normal
2026-02-10 15:54:55.211781,Dubai-1ddb,33,54,Normal
2026-02-10 15:54:56.211781,Dubai-1ddb,26,81,Normal
2026-02-10 15:54:57.211781,Dubai-1ddb,46,55,Normal
2026-02-10 15:54:58.211781,Dubai-1ddb,12,33,Normal
2026-02-10 15:54:59.211781,Dubai-1ddb,18,40,Normal
2026-02-10 15:55:00.211781,Dubai-1ddb,38,79,Normal
2026-02-10 15:55:01.211781,Dubai-1ddb,-8,38,Normal
2026-02-10 15:55:02.211781,Dubai-1ddb,-6,79,Normal
2026-02-10 15:55:03.211781,Dubai-1ddb,48,28,Normal
2026-02-10 15:55:04.211781,Dubai-1ddb,-9,34,Normal
2026-02-10 15:55:05.211781,Dubai-1ddb,-6,23,Normal
2026-02-10 15:55:06.211781,Dubai-1ddb,-27,77,Normal
2026-02-10 15:55:07.211781,Dubai-1ddb,43,46,Normal
2026-02-10 15:55:08.211781,Dubai-1ddb,1,92,Normal
2026-02-10 15:55:09.211781,Dubai-1ddb,17,37,Normal
2026-02-10 15:55:10.211781,Dubai-1ddb,0,73,Normal
2026-02-10 15:55:11.211781,Dubai-1ddb,-5,42,Normal
2026-02-10 15:55:12.211781,Dubai-1ddb,-15,20,Normal
2026-02-10 15:55:13.211781,Dubai-1ddb,3,13,Normal
2026-02-10 15:55:14.211781,Dubai-1ddb,13,28,Normal
2026-02-10 15:55:15.211781,Dubai-1ddb,-7,74,Normal
2026-02-10 15:55:16.211781,Dubai-1ddb,-8,93,Normal
2026-02-10 15:55:17.211781,Dubai-1ddb,3,44,Normal
2026-02-10 15:55:18.211781,Dubai-1ddb,42,50,Normal
2026-02-10 15:55:19.211781,Dubai-1ddb,-18,100,Normal
2026-02-10 15:55:20.211781,Dubai-1ddb,1,3,Normal
2026-02-10 15:55:21.211781,Dubai-1ddb,3,73,Normal
2026-02-10 15:55:22.211781,Dubai-1ddb,32,97,Normal
2026-02-10 15:55:23.211781,Dubai-1ddb,48,81,Normal
2026-02-10 15:55:24.211781,Dubai-1ddb,11,53,Normal
2026-02-10 15:55:25.211781,Dubai-1ddb,-1,6,Normal
2026-02-10 15:55:26.211781,Dubai-1ddb,49,17,Normal
2026-02-10 15:55:27.211781,Dubai-1ddb,38,40,Normal
2026-02-10 15:55:28.211781,Dubai-1ddb,24,37,Normal
2026-02-10 15:55:29.211781,Dubai-1ddb,7,20,Normal
2026-02-10 15:55:30.211781,Dubai-1ddb,-30,20,Normal
2026-02-10 15:55:31.211781,Dubai-1ddb,19,35,Normal
2026-02-10 15:55:32.211781,Dubai-1ddb,-5,41,Normal
2026-02-10 15:55:33.211781,Dubai-1ddb,-21,19,Normal
2026-02-10 15:55:34.211781,Dubai-1ddb,-6,17,Normal
2026-02-10 15:55:35.211781,Dubai-1ddb,4,40,Normal
2026-02-10 15:55:36.211781,Dubai-1ddb,13,27,Normal
2026-02-10 15:55:37.211781,Dubai-1ddb,-7,95,Normal
2026-02-10 15:55:38.211781,Dubai-1ddb,-25,47,Normal
2026-02-10 15:55:39.211781,Dubai-1ddb,23,86,Normal
2026-02-10 15:55:40.211781,Dubai-1ddb,-13,67,Normal
2026-02-10 15:55:41.211781,Dubai-1ddb,40,82,Normal
2026-02-10 15:55:42.211781,Dubai-1ddb,14,44,Normal
2026-02-10 15:55:43.211781,Dubai-1ddb,18,1,Normal
2026-02-10 15:55:44.211781,Dubai-1ddb,28,36,Normal
2026-02-10 15:55:45.211781,Dubai-1ddb,-21,33,Normal
2026-02-10 15:55:46.211781,Dubai-1ddb,42,8,Normal
2026-02-10 15:55:47.211781,Dubai-1ddb,12,0,Normal
2026-02-10 15:55:48.211781,Dubai-1ddb,11,72,Normal
2026-02-10 15:55:49.211781,Dubai-1ddb,22,66,Normal
2026-02-10 15:55:50.211781,Dubai-1ddb,46,42,Normal
2026-02-10 15:55:51.211781,Dubai-1ddb,49,93,Normal
2026-02-10 15:55:52.211781,Dubai-1ddb,4,27,Normal
2026-02-10 15:55:53.211781,Dubai-1ddb,8,16,Normal
2026-02-10 15:55:54.211781,Dubai-1ddb,-29,44,Normal
2026-02-10 15:55:55.211781,Dubai-1ddb,15,29,Normal
2026-02-10 15:55:56.211781,Dubai-1ddb,-4,39,Normal
2026-02-10 15:55:57.211781,Dubai-1ddb,2,53,Normal
2026-02-10 15:55:58.211781,Dubai-1ddb,-29,40,Normal
2026-02-10 15:55:59.211781,Dubai-1ddb,-7,94,Normal
2026-02-10 15:56:00.211781,Dubai-1ddb,31,84,Normal
2026-02-10 15:56:01.211781,Dubai-1ddb,-1,71,Normal
2026-02-10 15:56:02.211781,Dubai-1ddb,7,30,Normal
2026-02-10 15:56:03.211781,Dubai-1ddb,-5,5,Normal
2026-02-10 15:56:04.211781,Dubai-1ddb,16,86,Normal
2026-02-10 15:56:05.211781,Dubai-1ddb,-2,68,Normal
2026-02-10 15:56:06.211781,Dubai-1ddb,-1,58,Normal
2026-02-10 15:56:07.211781,Dubai-1ddb,5,33,Normal
2026-02-10 15:56:08.211781,Dubai-1ddb,41,2,Normal
2026-02-10 15:56:09.211781,Dubai-1ddb,47,75,Normal
2026-02-10 15:56:10.211781,Dubai-1ddb,23,67,Normal
2026-02-10 15:56:11.211781,Dubai-1ddb,-9,23,Normal
2026-02-10 15:56:12.211781,Dubai-1ddb,-16,68,Normal
2026-02-10 15:56:13.211781,Dubai-1ddb,25,93,Normal
2026-02-10 15:56:14.211781,Dubai-1ddb,-26,30,Normal
2026-02-10 15:56:15.211781,Dubai-1ddb,3,88,Normal
2026-02-10 15:56:16.211781,Dubai-1ddb,35,57,Normal
2026-02-10 15:56:17.211781,Dubai-1ddb,41,60,Normal
2026-02-10 15:56:18.211781,Dubai-1ddb,7,99,Normal
2026-02-10 15:56:19.211781,Dubai-1ddb,-5,83,Normal
2026-02-10 15:56:20.211781,Dubai-1ddb,18,80,Normal
2026-02-10 15:56:21.211781,Dubai-1ddb,-6,41,Normal
2026-02-10 15:56:22.211781,Dubai-1ddb,-5,67,Normal
2026-02-10 15:56:23.211781,Dubai-1ddb,-1,14,Normal
2026-02-10 15:56:24.211781,Dubai-1ddb,21,93,Normal
2026-02-10 15:56:25.211781,Dubai-1ddb,49,54,Normal
2026-02-10 15:56:26.211781,Dubai-1ddb,-4,53,Normal
2026-02-10 15:56:27.211781,Dubai-1ddb,10,48,Normal
2026-02-10 15:56:28.211781,Dubai-1ddb,-4,25,Normal
2026-02-10 15:56:29.211781,Dubai-1ddb,25,23,Normal
2026-02-10 15:56:30.211781,Dubai-1ddb,3,81,Normal
2026-02-10 15:56:31.211781,Dubai-1ddb,15,93,Normal
2026-02-10 15:56:32.211781,Dubai-1ddb,-18,92,Normal
2026-02-10 15:56:33.211781,Dubai-1ddb,35,53,Normal
2026-02-10 15:56:34.211781,Dubai-1ddb,14,14,Normal
2026-02-10 15:56:35.211781,Dubai-1ddb,2,2,Normal
2026-02-10 15:56:36.211781,Dubai-1ddb,-6,67,Normal
2026-02-10 15:56:37.211781,Dubai-1ddb,38,19,Normal
2026-02-10 15:56:38.211781,Dubai-1ddb,34,66,Normal
2026-02-10 15:56:39.211781,Dubai-1ddb,39,88,Normal
2026-02-10 15:56:40.211781,Dubai-1ddb,-26,13,Normal
2026-02-10 15:56:41.211781,Dubai-1ddb,19,33,Normal
2026-02-10 15:56:42.211781,Dubai-1ddb,10,53,Normal
2026-02-10 15:56:43.211781,Dubai-1ddb,16,61,Normal
2026-02-10 15:56:44.211781,Dubai-1ddb,27,52,Normal
2026-02-10 15:56:45.211781,Dubai-1ddb,26,95,Normal
2026-02-10 15:56:46.211781,Dubai-1ddb,12,93,Normal
2026-02-10 15:56:47.211781,Dubai-1ddb,46,4,Normal
2026-02-10 15:56:48.211781,Dubai-1ddb,-19,1,Normal
2026-02-10 15:56:49.211781,Dubai-1ddb,32,1,Normal
2026-02-10 15:56:50.211781,Dubai-1ddb,9,34,Normal
2026-02-10 15:56:51.211781,Dubai-1ddb,25,22,Normal
2026-02-10 15:56:52.211781,Dubai-1ddb,-1,100,Normal
2026-02-10 15:56:53.211781,Dubai-1ddb,-15,50,Normal
2026-02-10 15:56:54.211781,Dubai-1ddb,-1,90,Normal
2026-02-10 15:56:55.211781,Dubai-1ddb,-5,44,Normal
2026-02-10 15:56:56.211781,Dubai-1ddb,3,81,Normal
2026-02-10 15:56:57.211781,Dubai-1ddb,41,37,Normal
2026-02-10 15:56:58.211781,Dubai-1ddb,-15,81,Normal
2026-02-10 15:56:59.211781,Dubai-1ddb,-9,42,Normal
2026-02-10 15:57:00.211781,Dubai-1ddb,-12,91,Normal
2026-02-10 15:57:01.211781,Dubai-1ddb,4,1,Normal
2026-02-10 15:57:02.211781,Dubai-1ddb,-29,100,Normal
2026-02-10 15:57:03.211781,Dubai-1ddb,17,71,Normal
2026-02-10 15:57:04.211781,Dubai-1ddb,4,68,Normal
2026-02-10 15:57:05.211781,Dubai-1ddb,43,60,Normal
2026-02-10 15:57:06.211781,Dubai-1ddb,29,83,Normal
2026-02-10 15:57:07.211781,Dubai-1ddb,50,76,Normal
2026-02-10 15:57:08.211781,Dubai-1ddb,39,71,Normal
2026-02-10 15:57:09.211781,Dubai-1ddb,38,46,Normal
2026-02-10 15:57:10.211781,Dubai-1ddb,-11,62,Normal
2026-02-10 15:57:11.211781,Dubai-1ddb,31,34,Normal
2026-02-10 15:57:12.211781,Dubai-1ddb,25,40,Normal
2026-02-10 15:57:13.211781,Dubai-1ddb,-4,96,Normal
2026-02-10 15:57:14.211781,Dubai-1ddb,-20,9,Normal
2026-02-10 15:57:15.211781,Dubai-1ddb,-9,22,Normal
2026-02-10 15:57:16.211781,Dubai-1ddb,48,10,Normal
2026-02-10 15:57:17.211781,Dubai-1ddb,0,10,Normal
2026-02-10 15:57:18.211781,Dubai-1ddb,33,9,Normal
2026-02-10 15:57:19.211781,Dubai-1ddb,13,31,Normal
2026-02-10 15:57:20.211781,Dubai-1ddb,4,43,Normal
2026-02-10 15:57:21.211781,Dubai-1ddb,37,54,Normal
2026-02-10 15:57:22.211781,Dubai-1ddb,-22,61,Normal
2026-02-10 15:57:23.211781,Dubai-1ddb,-3,54,Normal
2026-02-10 15:57:24.211781,Dubai-1ddb,-29,57,Normal
2026-02-10 15:57:25.211781,Dubai-1ddb,11,63,Normal
2026-02-10 15:57:26.211781,Dubai-1ddb,1,47,Normal
2026-02-10 15:57:27.211781,Dubai-1ddb,32,15,Normal
2026-02-10 15:57:28.211781,Dubai-1ddb,11,90,Normal
2026-02-10 15:57:29.211781,Dubai-1ddb,48,81,Normal
2026-02-10 15:57:30.211781,Dubai-1ddb,-13,75,Normal
2026-02-10 15:57:31.211781,Dubai-1ddb,-23,89,Normal
2026-02-10 15:57:32.211781,Dubai-1ddb,-19,71,Normal
2026-02-10 15:57:33.211781,Dubai-1ddb,2,97,Normal
2026-02-10 15:57:34.211781,Dubai-1ddb,15,20,Normal
2026-02-10 15:57:35.211781,Dubai-1ddb,17,54,Normal
2026-02-10 15:57:36.211781,Dubai-1ddb,-13,91,Normal
2026-02-10 15:57:37.211781,Dubai-1ddb,14,72,Normal
2026-02-10 15:57:38.211781,Dubai-1ddb,-15,49,Normal
2026-02-10 15:57:39.211781,Dubai-1ddb,-11,27,Normal
2026-02-10 15:57:40.211781,Dubai-1ddb,3,52,Normal
2026-02-10 15:57:41.211781,Dubai-1ddb,9,24,Normal
2026-02-10 15:57:42.211781,Dubai-1ddb,-10,49,Normal
2026-02-10 15:57:43.211781,Dubai-1ddb,27,46,Normal
2026-02-10 15:57:44.211781,Dubai-1ddb,-11,13,Normal
2026-02-10 15:57:45.211781,Dubai-1ddb,31,39,Normal
2026-02-10 15:57:46.211781,Dubai-1ddb,9,33,Normal
2026-02-10 15:57:47.211781,Dubai-1ddb,-23,76,Normal
2026-02-10 15:57:48.211781,Dubai-1ddb,-7,3,Normal
2026-02-10 15:57:49.211781,Dubai-1ddb,42,73,Normal
2026-02-10 15:57:50.211781,Dubai-1ddb,35,13,Normal
2026-02-10 15:57:51.211781,Dubai-1ddb,-14,8,Normal
2026-02-10 15:57:52.211781,Dubai-1ddb,-13,41,Normal
2026-02-10 15:57:53.211781,Dubai-1ddb,22,83,Normal
2026-02-10 15:57:54.211781,Dubai-1ddb,44,39,Normal
2026-02-10 15:57:55.211781,Dubai-1ddb,27,72,Normal
2026-02-10 15:57:56.211781,Dubai-1ddb,45,9,Normal
2026-02-10 15:57:57.211781,Dubai-1ddb,-22,43,Normal
2026-02-10 15:57:58.211781,Dubai-1ddb,45,68,Normal
2026-02-10 15:57:59.211781,Dubai-1ddb,-5,94,Normal
2026-02-10 15:58:00.211781,Dubai-1ddb,16,70,Normal
2026-02-10 15:58:01.211781,Dubai-1ddb,23,65,Normal
2026-02-10 15:58:02.211781,Dubai-1ddb,-22,60,Normal
2026-02-10 15:58:03.211781,Dubai-1ddb,17,39,Normal
2026-02-10 15:58:04.211781,Dubai-1ddb,49,91,Normal
2026-02-10 15:58:05.211781,Dubai-1ddb,36,82,Normal
2026-02-10 15:58:06.211781,Dubai-1ddb,-14,31,Normal
2026-02-10 15:58:07.211781,Dubai-1ddb,5,68,Normal
2026-02-10 15:58:08.211781,Dubai-1ddb,-18,21,Normal
2026-02-10 15:58:09.211781,Dubai-1ddb,14,43,Normal
2026-02-10 15:58:10.211781,Dubai-1ddb,47,34,Normal
2026-02-10 15:58:11.211781,Dubai-1ddb,10,95,Normal
2026-02-10 15:58:12.211781,Dubai-1ddb,-29,53,Normal
2026-02-10 15:58:13.211781,Dubai-1ddb,24,62,Normal
2026-02-10 15:58:14.211781,Dubai-1ddb,-21,5,Normal
2026-02-10 15:58:15.211781,Dubai-1ddb,-7,15,Normal
2026-02-10 15:58:16.211781,Dubai-1ddb,-21,79,Normal
2026-02-10 15:58:17.211781,Dubai-1ddb,23,41,Normal
2026-02-10 15:58:18.211781,Dubai-1ddb,27,88,Normal
2026-02-10 15:58:19.211781,Dubai-1ddb,-9,31,Normal
2026-02-10 15:58:20.211781,Dubai-1ddb,-5,72,Normal
2026-02-10 15:58:21.211781,Dubai-1ddb,-11,37,Normal
2026-02-10 15:58:22.211781,Dubai-1ddb,-21,22,Normal
2026-02-10 15:58:23.211781,Dubai-1ddb,26,59,Normal
2026-02-10 15:58:24.211781,Dubai-1ddb,7,37,Normal
2026-02-10 15:58:25.211781,Dubai-1ddb,-8,44,Normal
2026-02-10 15:58:26.211781,Dubai-1ddb,-28,55,Normal
2026-02-10 15:58:27.211781,Dubai-1ddb,-27,31,Normal
2026-02-10 15:58:28.211781,Dubai-1ddb,44,93,Normal
2026-02-10 15:58:29.211781,Dubai-1ddb,9,100,Normal
2026-02-10 15:58:30.211781,Dubai-1ddb,-7,98,Normal
2026-02-10 15:58:31.211781,Dubai-1ddb,-11,19,Normal
2026-02-10 15:58:32.211781,Dubai-1ddb,14,95,Normal
2026-02-10 15:58:33.211781,Dubai-1ddb,2,71,Normal
2026-02-10 15:58:34.211781,Dubai-1ddb,28,76,Normal
2026-02-10 15:58:35.211781,Dubai-1ddb,1,72,Normal
2026-02-10 15:58:36.211781,Dubai-1ddb,46,8,Normal
2026-02-10 15:58:37.211781,Dubai-1ddb,45,3,Normal
2026-02-10 15:58:38.211781,Dubai-1ddb,15,94,Normal
2026-02-10 15:58:39.211781,Dubai-1ddb,-7,19,Normal
2026-02-10 15:58:40.211781,Dubai-1ddb,20,23,Normal
2026-02-10 15:58:41.211781,Dubai-1ddb,42,4,Normal
2026-02-10 15:58:42.211781,Dubai-1ddb,-23,65,Normal
2026-02-10 15:58:43.211781,Dubai-1ddb,25,24,Normal
2026-02-10 15:58:44.211781,Dubai-1ddb,29,0,Normal
2026-02-10 15:58:45.211781,Dubai-1ddb,31,19,Normal
2026-02-10 15:58:46.211781,Dubai-1ddb,-1,92,Normal
2026-02-10 15:58:47.211781,Dubai-1ddb,9,11,Normal
2026-02-10 15:58:48.211781,Dubai-1ddb,21,34,Normal
2026-02-10 15:58:49.211781,Dubai-1ddb,-19,53,Normal
2026-02-10 15:58:50.211781,Dubai-1ddb,-17,45,Normal
2026-02-10 15:58:51.211781,Dubai-1ddb,33,58,Normal
2026-02-10 15:58:52.211781,Dubai-1ddb,22,37,Normal
2026-02-10 15:58:53.211781,Dubai-1ddb,-3,43,Normal
2026-02-10 15:58:54.211781,Dubai-1ddb,-25,19,Normal
2026-02-10 15:58:55.211781,Dubai-1ddb,35,78,Normal
2026-02-10 15:58:56.211781,Dubai-1ddb,-8,29,Normal
2026-02-10 15:58:57.211781,Dubai-1ddb,41,31,Normal
2026-02-10 15:58:58.211781,Dubai-1ddb,40,26,Normal
2026-02-10 15:58:59.211781,Dubai-1ddb,10,59,Normal
2026-02-10 15:59:00.211781,Dubai-1ddb,8,12,Normal
2026-02-10 15:59:01.211781,Dubai-1ddb,6,67,Normal
2026-02-10 15:59:02.211781,Dubai-1ddb,47,67,Normal
2026-02-10 15:59:03.211781,Dubai-1ddb,17,12,Normal
2026-02-10 15:59:04.211781,Dubai-1ddb,-17,57,Normal
2026-02-10 15:59:05.211781,Dubai-1ddb,22,6,Normal
2026-02-10 15:59:06.211781,Dubai-1ddb,42,48,Normal
2026-02-10 15:59:07.211781,Dubai-1ddb,-22,42,Normal
2026-02-10 15:59:08.211781,Dubai-1ddb,16,8,Normal
2026-02-10 15:59:09.211781,Dubai-1ddb,26,0,Normal
2026-02-10 15:59:10.211781,Dubai-1ddb,3,62,Normal
2026-02-10 15:59:11.211781,Dubai-1ddb,34,3,Normal
2026-02-10 15:59:12.211781,Dubai-1ddb,47,86,Normal
2026-02-10 15:59:13.211781,Dubai-1ddb,-18,49,Normal
2026-02-10 15:59:14.211781,Dubai-1ddb,40,90,Normal
2026-02-10 15:59:15.211781,Dubai-1ddb,3,17,Normal
2026-02-10 15:59:16.211781,Dubai-1ddb,-24,96,Normal
2026-02-10 15:59:17.211781,Dubai-1ddb,36,56,Normal
2026-02-10 15:59:18.211781,Dubai-1ddb,3,92,Normal
2026-02-10 15:59:19.211781,Dubai-1ddb,24,37,Normal
2026-02-10 15:59:20.211781,Dubai-1ddb,2,34,Normal
2026-02-10 15:59:21.211781,Dubai-1ddb,32,69,Normal
2026-02-10 15:59:22.211781,Dubai-1ddb,22,59,Normal
2026-02-10 15:59:23.211781,Dubai-1ddb,48,3,Normal
2026-02-10 15:59:24.211781,Dubai-1ddb,36,15,Normal
2026-02-10 15:59:25.211781,Dubai-1ddb,-29,71,Normal
2026-02-10 15:59:26.211781,Dubai-1ddb,37,98,Normal
2026-02-10 15:59:27.211781,Dubai-1ddb,0,53,Normal
2026-02-10 15:59:28.211781,Dubai-1ddb,-1,72,Normal
2026-02-10 15:59:29.211781,Dubai-1ddb,43,22,Normal
2026-02-10 15:59:30.211781,Dubai-1ddb,33,2,Normal
2026-02-10 15:59:31.211781,Dubai-1ddb,47,61,Normal
2026-02-10 15:59:32.211781,Dubai-1ddb,14,58,Normal
2026-02-10 15:59:33.211781,Dubai-1ddb,48,64,Normal
2026-02-10 15:59:34.211781,Dubai-1ddb,12,47,Normal
2026-02-10 15:59:35.211781,Dubai-1ddb,-11,98,Normal
2026-02-10 15:59:36.211781,Dubai-1ddb,19,50,Normal
2026-02-10 15:59:37.211781,Dubai-1ddb,-7,98,Normal
2026-02-10 15:59:38.211781,Dubai-1ddb,44,19,Normal
2026-02-10 15:59:39.211781,Dubai-1ddb,43,39,Normal
2026-02-10 15:59:40.211781,Dubai-1ddb,31,80,Normal
2026-02-10 15:59:41.211781,Dubai-1ddb,-22,53,Normal
2026-02-10 15:59:42.211781,Dubai-1ddb,14,92,Normal
2026-02-10 15:59:43.211781,Dubai-1ddb,32,57,Normal
2026-02-10 15:59:44.211781,Dubai-1ddb,28,34,Normal
2026-02-10 15:59:45.211781,Dubai-1ddb,8,18,Normal
2026-02-10 15:59:46.211781,Dubai-1ddb,-1,48,Normal
2026-02-10 15:59:47.211781,Dubai-1ddb,7,92,Normal
2026-02-10 15:59:48.211781,Dubai-1ddb,4,41,Normal
2026-02-10 15:59:49.211781,Dubai-1ddb,-19,92,Normal
2026-02-10 15:59:50.211781,Dubai-1ddb,40,1,Normal
2026-02-10 15:59:51.211781,Dubai-1ddb,11,88,Normal
2026-02-10 15:59:52.211781,Dubai-1ddb,-7,72,Normal
2026-02-10 15:59:53.211781,Dubai-1ddb,18,81,Normal
2026-02-10 15:59:54.211781,Dubai-1ddb,-29,85,Normal
2026-02-10 15:59:55.211781,Dubai-1ddb,-14,80,Normal
2026-02-10 15:59:56.211781,Dubai-1ddb,-4,11,Normal
2026-02-10 15:59:57.211781,Dubai-1ddb,15,11,Normal
2026-02-10 15:59:58.211781,Dubai-1ddb,-7,63,Normal
2026-02-10 15:59:59.211781,Dubai-1ddb,-23,69,Normal
2026-02-10 16:00:00.211781,Dubai-1ddb,49,64,Normal
2026-02-10 16:00:01.211781,Dubai-1ddb,4,22,Normal
2026-02-10 16:00:02.211781,Dubai-1ddb,28,59,Normal
2026-02-10 16:00:03.211781,Dubai-1ddb,-27,86,Normal
2026-02-10 16:00:04.211781,Dubai-1ddb,-24,34,Normal
2026-02-10 16:00:05.211781,Dubai-1ddb,35,6,Normal
2026-02-10 16:00:06.211781,Dubai-1ddb,-24,40,Normal
2026-02-10 16:00:07.211781,Dubai-1ddb,-16,80,Normal
2026-02-10 16:00:08.211781,Dubai-1ddb,-28,41,Normal
2026-02-10 16:00:09.211781,Dubai-1ddb,-6,66,Normal
2026-02-10 16:00:10.211781,Dubai-1ddb,14,40,Normal
2026-02-10 16:00:11.211781,Dubai-1ddb,-7,22,Normal
2026-02-10 16:00:12.211781,Dubai-1ddb,44,43,Normal
2026-02-10 16:00:13.211781,Dubai-1ddb,39,72,Normal
2026-02-10 16:00:14.211781,Dubai-1ddb,24,63,Normal
2026-02-10 16:00:15.211781,Dubai-1ddb,25,37,Normal
2026-02-10 16:00:16.211781,Dubai-1ddb,6,17,Normal
2026-02-10 16:00:17.211781,Dubai-1ddb,10,56,Normal
2026-02-10 16:00:18.211781,Dubai-1ddb,12,46,Normal
2026-02-10 16:00:19.211781,Dubai-1ddb,17,61,Normal
2026-02-10 16:00:20.211781,Dubai-1ddb,15,39,Normal
2026-02-10 16:00:21.211781,Dubai-1ddb,32,27,Normal
2026-02-10 16:00:22.211781,Dubai-1ddb,2,33,Normal
2026-02-10 16:00:23.211781,Dubai-1ddb,-3,94,Normal
2026-02-10 16:00:24.211781,Dubai-1ddb,-24,31,Normal
2026-02-10 16:00:25.211781,Dubai-1ddb,25,54,Normal
2026-02-10 16:00:26.211781,Dubai-1ddb,23,68,Normal
2026-02-10 16:00:27.211781,Dubai-1ddb,26,76,Normal
2026-02-10 16:00:28.211781,Dubai-1ddb,50,2,Normal
2026-02-10 16:00:29.211781,Dubai-1ddb,-27,57,Normal
2026-02-10 16:00:30.211781,Dubai-1ddb,-28,23,Normal
2026-02-10 16:00:31.211781,Dubai-1ddb,10,41,Normal
2026-02-10 16:00:32.211781,Dubai-1ddb,-10,33,Normal
2026-02-10 16:00:33.211781,Dubai-1ddb,-28,42,Normal
2026-02-10 16:00:34.211781,Dubai-1ddb,-21,12,Normal
2026-02-10 16:00:35.211781,Dubai-1ddb,41,60,Normal
2026-02-10 16:00:36.211781,Dubai-1ddb,-23,96,Normal
2026-02-10 16:00:37.211781,Dubai-1ddb,-6,87,Normal
2026-02-10 16:00:38.211781,Dubai-1ddb,9,83,Normal
2026-02-10 16:00:39.211781,Dubai-1ddb,40,82,Normal
2026-02-10 16:00:40.211781,Dubai-1ddb,3,55,Normal
2026-02-10 16:00:41.211781,Dubai-1ddb,-14,73,Normal
2026-02-10 16:00:42.211781,Dubai-1ddb,-30,25,Normal
2026-02-10 16:00:43.211781,Dubai-1ddb,29,92,Normal
2026-02-10 16:00:44.211781,Dubai-1ddb,14,80,Normal
2026-02-10 16:00:45.211781,Dubai-1ddb,-10,42,Normal
2026-02-10 16:00:46.211781,Dubai-1ddb,-22,24,Normal
2026-02-10 16:00:47.211781,Dubai-1ddb,45,56,Normal
2026-02-10 16:00:48.211781,Dubai-1ddb,-28,64,Normal
2026-02-10 16:00:49.211781,Dubai-1ddb,2,48,Normal
2026-02-10 16:00:50.211781,Dubai-1ddb,-26,54,Normal
2026-02-10 16:00:51.211781,Dubai-1ddb,29,17,Normal
2026-02-10 16:00:52.211781,Dubai-1ddb,-27,56,Normal
2026-02-10 16:00:53.211781,Dubai-1ddb,-20,43,Normal
2026-02-10 16:00:54.211781,Dubai-1ddb,29,81,Normal
2026-02-10 16:00:55.211781,Dubai-1ddb,-22,71,Normal
2026-02-10 16:00:56.211781,Dubai-1ddb,1,80,Normal
2026-02-10 16:00:57.211781,Dubai-1ddb,-14,74,Normal
2026-02-10 16:00:58.211781,Dubai-1ddb,-19,87,Normal
2026-02-10 16:00:59.211781,Dubai-1ddb,-5,44,Normal
2026-02-10 16:01:00.211781,Dubai-1ddb,16,95,Normal
2026-02-10 16:01:01.211781,Dubai-1ddb,14,55,Normal
2026-02-10 16:01:02.211781,Dubai-1ddb,19,72,Normal
2026-02-10 16:01:03.211781,Dubai-1ddb,29,84,Normal
2026-02-10 16:01:04.211781,Dubai-1ddb,21,24,Normal
2026-02-10 16:01:05.211781,Dubai-1ddb,36,11,Normal
2026-02-10 16:01:06.211781,Dubai-1ddb,-8,20,Normal
2026-02-10 16:01:07.211781,Dubai-1ddb,-22,20,Normal
2026-02-10 16:01:08.211781,Dubai-1ddb,13,31,Normal
2026-02-10 16:01:09.211781,Dubai-1ddb,0,73,Normal
2026-02-10 16:01:10.211781,Dubai-1ddb,2,62,Normal
2026-02-10 16:01:11.211781,Dubai-1ddb,-10,56,Normal
2026-02-10 16:01:12.211781,Dubai-1ddb,-30,2,Normal
2026-02-10 16:01:13.211781,Dubai-1ddb,-24,7,Normal
2026-02-10 16:01:14.211781,Dubai-1ddb,-26,46,Normal
2026-02-10 16:01:15.211781,Dubai-1ddb,-9,27,Normal
2026-02-10 16:01:16.211781,Dubai-1ddb,-17,18,Normal
2026-02-10 16:01:17.211781,Dubai-1ddb,26,23,Normal
2026-02-10 16:01:18.211781,Dubai-1ddb,-30,47,Normal
2026-02-10 16:01:19.211781,Dubai-1ddb,44,82,Normal
2026-02-10 16:01:20.211781,Dubai-1ddb,-18,31,Normal
2026-02-10 16:01:21.211781,Dubai-1ddb,-6,14,Normal
2026-02-10 16:01:22.211781,Dubai-1ddb,-24,72,Normal
2026-02-10 16:01:23.211781,Dubai-1ddb,20,10,Normal
2026-02-10 16:01:24.211781,Dubai-1ddb,27,31,Normal
2026-02-10 16:01:25.211781,Dubai-1ddb,19,75,Normal
2026-02-10 16:01:26.211781,Dubai-1ddb,49,13,Normal
2026-02-10 16:01:27.211781,Dubai-1ddb,-18,36,Normal
2026-02-10 16:01:28.211781,Dubai-1ddb,31,7,Normal
2026-02-10 16:01:29.211781,Dubai-1ddb,41,75,Normal
2026-02-10 16:01:30.211781,Dubai-1ddb,3,93,Normal
2026-02-10 16:01:31.211781,Dubai-1ddb,-27,61,Normal
2026-02-10 16:01:32.211781,Dubai-1ddb,-16,63,Normal
2026-02-10 16:01:33.211781,Dubai-1ddb,16,53,Normal
2026-02-10 16:01:34.211781,Dubai-1ddb,33,37,Normal
2026-02-10 16:01:35.211781,Dubai-1ddb,-5,21,Normal
2026-02-10 16:01:36.211781,Dubai-1ddb,10,39,Normal
2026-02-10 16:01:37.211781,Dubai-1ddb,22,19,Normal
2026-02-10 16:01:38.211781,Dubai-1ddb,-4,31,Normal
2026-02-10 16:01:39.211781,Dubai-1ddb,-5,92,Normal
2026-02-10 16:01:40.211781,Dubai-1ddb,-26,88,Normal
2026-02-10 16:01:41.211781,Dubai-1ddb,40,3,Normal
2026-02-10 16:01:42.211781,Dubai-1ddb,-21,88,Normal
2026-02-10 16:01:43.211781,Dubai-1ddb,-8,82,Normal
2026-02-10 16:01:44.211781,Dubai-1ddb,46,89,Normal
2026-02-10 16:01:45.211781,Dubai-1ddb,-6,45,Normal
2026-02-10 16:01:46.211781,Dubai-1ddb,2,10,Normal
2026-02-10 16:01:47.211781,Dubai-1ddb,5,95,Normal
2026-02-10 16:01:48.211781,Dubai-1ddb,21,19,Normal
2026-02-10 16:01:49.211781,Dubai-1ddb,-1,30,Normal
2026-02-10 16:01:50.211781,Dubai-1ddb,22,19,Normal
2026-02-10 16:01:51.211781,Dubai-1ddb,27,100,Normal
2026-02-10 16:01:52.211781,Dubai-1ddb,-29,92,Normal
2026-02-10 16:01:53.211781,Dubai-1ddb,13,45,Normal
2026-02-10 16:01:54.211781,Dubai-1ddb,46,33,Normal
2026-02-10 16:01:55.211781,Dubai-1ddb,47,73,Normal
2026-02-10 16:01:56.211781,Dubai-1ddb,43,25,Normal
2026-02-10 16:01:57.211781,Dubai-1ddb,-18,81,Normal
2026-02-10 16:01:58.211781,Dubai-1ddb,15,49,Normal
2026-02-10 16:01:59.211781,Dubai-1ddb,-7,17,Normal
2026-02-10 16:02:00.211781,Dubai-1ddb,24,99,Normal
2026-02-10 16:02:01.211781,Dubai-1ddb,24,97,Normal
2026-02-10 16:02:02.211781,Dubai-1ddb,19,25,Normal
2026-02-10 16:02:03.211781,Dubai-1ddb,-7,27,Normal
2026-02-10 16:02:04.211781,Dubai-1ddb,18,82,Normal
2026-02-10 16:02:05.211781,Dubai-1ddb,25,49,Normal
2026-02-10 16:02:06.211781,Dubai-1ddb,49,71,Normal
2026-02-10 16:02:07.211781,Dubai-1ddb,-10,16,Normal
2026-02-10 16:02:08.211781,Dubai-1ddb,48,66,Normal
2026-02-10 16:02:09.211781,Dubai-1ddb,-12,70,Normal
2026-02-10 16:02:10.211781,Dubai-1ddb,15,17,Normal
2026-02-10 16:02:11.211781,Dubai-1ddb,-29,60,Normal
2026-02-10 16:02:12.211781,Dubai-1ddb,25,0,Normal
2026-02-10 16:02:13.211781,Dubai-1ddb,-8,48,Normal
2026-02-10 16:02:14.211781,Dubai-1ddb,17,2,Normal
2026-02-10 16:02:15.211781,Dubai-1ddb,-11,74,Normal
2026-02-10 16:02:16.211781,Dubai-1ddb,43,3,Normal
2026-02-10 16:02:17.211781,Dubai-1ddb,-13,51,Normal
2026-02-10 16:02:18.211781,Dubai-1ddb,39,58,Normal
2026-02-10 16:02:19.211781,Dubai-1ddb,7,59,Normal
2026-02-10 16:02:20.211781,Dubai-1ddb,12,19,Normal
2026-02-10 16:02:21.211781,Dubai-1ddb,6,48,Normal
2026-02-10 16:02:22.211781,Dubai-1ddb,13,90,Normal
2026-02-10 16:02:23.211781,Dubai-1ddb,-24,41,Normal
2026-02-10 16:02:24.211781,Dubai-1ddb,5,32,Normal
2026-02-10 16:02:25.211781,Dubai-1ddb,44,22,Normal
2026-02-10 16:02:26.211781,Dubai-1ddb,-25,73,Normal
2026-02-10 16:02:27.211781,Dubai-1ddb,-9,18,Normal
2026-02-10 16:02:28.211781,Dubai-1ddb,49,25,Normal
2026-02-10 16:02:29.211781,Dubai-1ddb,2,24,Normal
2026-02-10 16:02:30.211781,Dubai-1ddb,34,20,Normal
2026-02-10 16:02:31.211781,Dubai-1ddb,9,77,Normal
2026-02-10 16:02:32.211781,Dubai-1ddb,3,29,Normal
2026-02-10 16:02:33.211781,Dubai-1ddb,19,22,Normal
2026-02-10 16:02:34.211781,Dubai-1ddb,38,29,Normal
2026-02-10 16:02:35.211781,Dubai-1ddb,39,36,Normal
2026-02-10 16:02:36.211781,Dubai-1ddb,5,38,Normal
2026-02-10 16:02:37.211781,Dubai-1ddb,43,38,Normal
2026-02-10 16:02:38.211781,Dubai-1ddb,-16,93,Normal
2026-02-10 16:02:39.211781,Dubai-1ddb,0,71,Normal
2026-02-10 16:02:40.211781,Dubai-1ddb,-5,82,Normal
2026-02-10 16:02:41.211781,Dubai-1ddb,0,26,Normal
2026-02-10 16:02:42.211781,Dubai-1ddb,34,59,Normal
2026-02-10 16:02:43.211781,Dubai-1ddb,30,64,Normal
2026-02-10 16:02:44.211781,Dubai-1ddb,9,94,Normal
2026-02-10 16:02:45.211781,Dubai-1ddb,6,80,Normal
2026-02-10 16:02:46.211781,Dubai-1ddb,-28,73,Normal
2026-02-10 16:02:47.211781,Dubai-1ddb,5,50,Normal
2026-02-10 16:02:48.211781,Dubai-1ddb,-8,46,Normal
2026-02-10 16:02:49.211781,Dubai-1ddb,30,7,Normal
2026-02-10 16:02:50.211781,Dubai-1ddb,28,74,Normal
2026-02-10 16:02:51.211781,Dubai-1ddb,-13,72,Normal
2026-02-10 16:02:52.211781,Dubai-1ddb,-23,11,Normal
2026-02-10 16:02:53.211781,Dubai-1ddb,-15,39,Normal
2026-02-10 16:02:54.211781,Dubai-1ddb,37,22,Normal
2026-02-10 16:02:55.211781,Dubai-1ddb,-14,97,Normal
2026-02-10 16:02:56.211781,Dubai-1ddb,3,79,Normal
2026-02-10 16:02:57.211781,Dubai-1ddb,-4,67,Normal
2026-02-10 16:02:58.211781,Dubai-1ddb,49,2,Normal
2026-02-10 16:02:59.211781,Dubai-1ddb,-16,65,Normal
2026-02-10 16:03:00.211781,Dubai-1ddb,46,76,Normal
2026-02-10 16:03:01.211781,Dubai-1ddb,33,82,Normal
2026-02-10 16:03:02.211781,Dubai-1ddb,-1,20,Normal
2026-02-10 16:03:03.211781,Dubai-1ddb,14,49,Normal
2026-02-10 16:03:04.211781,Dubai-1ddb,-2,61,Normal
2026-02-10 16:03:05.211781,Dubai-1ddb,14,52,Normal
2026-02-10 16:03:06.211781,Dubai-1ddb,27,12,Normal
2026-02-10 16:03:07.211781,Dubai-1ddb,-24,87,Normal
2026-02-10 16:03:08.211781,Dubai-1ddb,27,30,Normal
2026-02-10 16:03:09.211781,Dubai-1ddb,-7,63,Normal
2026-02-10 16:03:10.211781,Dubai-1ddb,26,23,Normal
2026-02-10 16:03:11.211781,Dubai-1ddb,-6,9,Normal
2026-02-10 16:03:12.211781,Dubai-1ddb,30,63,Normal
2026-02-10 16:03:13.211781,Dubai-1ddb,-15,61,Normal
2026-02-10 16:03:14.211781,Dubai-1ddb,-11,27,Normal
2026-02-10 16:03:15.211781,Dubai-1ddb,-1,86,Normal
2026-02-10 16:03:16.211781,Dubai-1ddb,29,12,Normal
2026-02-10 16:03:17.211781,Dubai-1ddb,-4,100,Normal
2026-02-10 16:03:18.211781,Dubai-1ddb,-29,46,Normal
2026-02-10 16:03:19.211781,Dubai-1ddb,37,16,Normal
2026-02-10 16:03:20.211781,Dubai-1ddb,30,32,Normal
2026-02-10 16:03:21.211781,Dubai-1ddb,-22,60,Normal
2026-02-10 16:03:22.211781,Dubai-1ddb,42,45,Normal
2026-02-10 16:03:23.211781,Dubai-1ddb,-19,41,Normal
2026-02-10 16:03:24.211781,Dubai-1ddb,19,48,Normal
2026-02-10 16:03:25.211781,Dubai-1ddb,0,19,Normal
2026-02-10 16:03:26.211781,Dubai-1ddb,-12,87,Normal
2026-02-10 16:03:27.211781,Dubai-1ddb,50,21,Normal
2026-02-10 16:03:28.211781,Dubai-1ddb,13,96,Normal
2026-02-10 16:03:29.211781,Dubai-1ddb,3,15,Normal
2026-02-10 16:03:30.211781,Dubai-1ddb,-6,68,Normal
2026-02-10 16:03:31.211781,Dubai-1ddb,-11,98,Normal
2026-02-10 16:03:32.211781,Dubai-1ddb,34,8,Normal
2026-02-10 16:03:33.211781,Dubai-1ddb,42,87,Normal
2026-02-10 16:03:34.211781,Dubai-1ddb,24,2,Normal
2026-02-10 16:03:35.211781,Dubai-1ddb,27,18,Normal
2026-02-10 16:03:36.211781,Dubai-1ddb,40,21,Normal
2026-02-10 16:03:37.211781,Dubai-1ddb,25,44,Normal
2026-02-10 16:03:38.211781,Dubai-1ddb,32,88,Normal
2026-02-10 16:03:39.211781,Dubai-1ddb,-9,77,Normal
2026-02-10 16:03:40.211781,Dubai-1ddb,-16,44,Normal
2026-02-10 16:03:41.211781,Dubai-1ddb,22,59,Normal
2026-02-10 16:03:42.211781,Dubai-1ddb,9,40,Normal
2026-02-10 16:03:43.211781,Dubai-1ddb,17,11,Normal
2026-02-10 16:03:44.211781,Dubai-1ddb,-13,26,Normal
2026-02-10 16:03:45.211781,Dubai-1ddb,23,29,Normal
2026-02-10 16:03:46.211781,Dubai-1ddb,21,58,Normal
2026-02-10 16:03:47.211781,Dubai-1ddb,-28,100,Normal
2026-02-10 16:03:48.211781,Dubai-1ddb,45,12,Normal
2026-02-10 16:03:49.211781,Dubai-1ddb,-30,60,Normal
2026-02-10 16:03:50.211781,Dubai-1ddb,-15,19,Normal
2026-02-10 16:03:51.211781,Dubai-1ddb,33,86,Normal
2026-02-10 16:03:52.211781,Dubai-1ddb,14,94,Normal
2026-02-10 16:03:53.211781,Dubai-1ddb,-21,71,Normal
2026-02-10 16:03:54.211781,Dubai-1ddb,40,58,Normal
2026-02-10 16:03:55.211781,Dubai-1ddb,-23,92,Normal
2026-02-10 16:03:56.211781,Dubai-1ddb,44,77,Normal
2026-02-10 16:03:57.211781,Dubai-1ddb,-24,100,Normal
2026-02-10 16:03:58.211781,Dubai-1ddb,20,82,Normal
2026-02-10 16:03:59.211781,Dubai-1ddb,3,23,Normal
2026-02-10 16:04:00.211781,Dubai-1ddb,12,95,Normal
2026-02-10 16:04:01.211781,Dubai-1ddb,50,2,Normal
2026-02-10 16:04:02.211781,Dubai-1ddb,-13,6,Normal
2026-02-10 16:04:03.211781,Dubai-1ddb,17,72,Normal
2026-02-10 16:04:04.211781,Dubai-1ddb,38,5,Normal
2026-02-10 16:04:05.211781,Dubai-1ddb,-14,87,Normal
2026-02-10 16:04:06.211781,Dubai-1ddb,32,96,Normal
2026-02-10 16:04:07.211781,Dubai-1ddb,3,65,Normal
2026-02-10 16:04:08.211781,Dubai-1ddb,22,43,Normal
2026-02-10 16:04:09.211781,Dubai-1ddb,39,77,Normal
2026-02-10 16:04:10.211781,Dubai-1ddb,-9,79,Normal
2026-02-10 16:04:11.211781,Dubai-1ddb,33,14,Normal
2026-02-10 16:04:12.211781,Dubai-1ddb,15,48,Normal
2026-02-10 16:04:13.211781,Dubai-1ddb,-22,17,Normal
2026-02-10 16:04:14.211781,Dubai-1ddb,4,11,Normal
2026-02-10 16:04:15.211781,Dubai-1ddb,13,3,Normal
2026-02-10 16:04:16.211781,Dubai-1ddb,8,82,Normal
2026-02-10 16:04:17.211781,Dubai-1ddb,46,71,Normal
2026-02-10 16:04:18.211781,Dubai-1ddb,-23,55,Normal
2026-02-10 16:04:19.211781,Dubai-1ddb,-7,23,Normal
2026-02-10 16:04:20.211781,Dubai-1ddb,30,49,Normal
2026-02-10 16:04:21.211781,Dubai-1ddb,-17,30,Normal
2026-02-10 16:04:22.211781,Dubai-1ddb,-15,89,Normal
2026-02-10 16:04:23.211781,Dubai-1ddb,14,47,Normal
2026-02-10 16:04:24.211781,Dubai-1ddb,41,80,Normal
2026-02-10 16:04:25.211781,Dubai-1ddb,-4,0,Normal
2026-02-10 16:04:26.211781,Dubai-1ddb,19,45,Normal
2026-02-10 16:04:27.211781,Dubai-1ddb,-18,36,Normal
2026-02-10 16:04:28.211781,Dubai-1ddb,39,2,Normal
2026-02-10 16:04:29.211781,Dubai-1ddb,-1,99,Normal
2026-02-10 16:04:30.211781,Dubai-1ddb,-24,28,Normal
2026-02-10 16:04:31.211781,Dubai-1ddb,-16,94,Normal
2026-02-10 16:04:32.211781,Dubai-1ddb,-25,74,Normal
2026-02-10 16:04:33.211781,Dubai-1ddb,-11,87,Normal
2026-02-10 16:04:34.211781,Dubai-1ddb,24,23,Normal
2026-02-10 16:04:35.211781,Dubai-1ddb,43,14,Normal
2026-02-10 16:04:36.211781,Dubai-1ddb,34,96,Normal
2026-02-10 16:04:37.211781,Dubai-1ddb,22,33,Normal
2026-02-10 16:04:38.211781,Dubai-1ddb,-3,12,Normal
2026-02-10 16:04:39.211781,Dubai-1ddb,13,81,Normal
2026-02-10 16:04:40.211781,Dubai-1ddb,37,86,Normal
2026-02-10 16:04:41.211781,Dubai-1ddb,11,17,Normal
2026-02-10 16:04:42.211781,Dubai-1ddb,3,73,Normal
2026-02-10 16:04:43.211781,Dubai-1ddb,27,35,Normal
2026-02-10 16:04:44.211781,Dubai-1ddb,-3,15,Normal
2026-02-10 16:04:45.211781,Dubai-1ddb,23,0,Normal
2026-02-10 16:04:46.211781,Dubai-1ddb,49,86,Normal
2026-02-10 16:04:47.211781,Dubai-1ddb,13,8,Normal
2026-02-10 16:04:48.211781,Dubai-1ddb,32,95,Normal
2026-02-10 16:04:49.211781,Dubai-1ddb,9,86,Normal
2026-02-10 16:04:50.211781,Dubai-1ddb,25,63,Normal
2026-02-10 16:04:51.211781,Dubai-1ddb,-1,0,Normal
2026-02-10 16:04:52.211781,Dubai-1ddb,-7,44,Normal
2026-02-10 16:04:53.211781,Dubai-1ddb,44,22,Normal
2026-02-10 16:04:54.211781,Dubai-1ddb,13,69,Normal
2026-02-10 16:04:55.211781,Dubai-1ddb,23,92,Normal
2026-02-10 16:04:56.211781,Dubai-1ddb,8,22,Normal
2026-02-10 16:04:57.211781,Dubai-1ddb,-2,0,Normal
2026-02-10 16:04:58.211781,Dubai-1ddb,-4,3,Normal
2026-02-10 16:04:59.211781,Dubai-1ddb,46,16,Normal
2026-02-10 16:05:00.211781,Dubai-1ddb,8,22,Normal
2026-02-10 16:05:01.211781,Dubai-1ddb,4,59,Normal
2026-02-10 16:05:02.211781,Dubai-1ddb,-20,61,Normal
2026-02-10 16:05:03.211781,Dubai-1ddb,14,81,Normal
2026-02-10 16:05:04.211781,Dubai-1ddb,-14,63,Normal
2026-02-10 16:05:05.211781,Dubai-1ddb,-1,13,Normal
2026-02-10 16:05:06.211781,Dubai-1ddb,7,65,Normal
2026-02-10 16:05:07.211781,Dubai-1ddb,46,81,Normal
2026-02-10 16:05:08.211781,Dubai-1ddb,34,83,Normal
2026-02-10 16:05:09.211781,Dubai-1ddb,-17,68,Normal
2026-02-10 16:05:10.211781,Dubai-1ddb,6,37,Normal
2026-02-10 16:05:11.211781,Dubai-1ddb,-15,36,Normal
2026-02-10 16:05:12.211781,Dubai-1ddb,-23,7,Normal
2026-02-10 16:05:13.211781,Dubai-1ddb,31,39,Normal
2026-02-10 16:05:14.211781,Dubai-1ddb,18,54,Normal
2026-02-10 16:05:15.211781,Dubai-1ddb,28,60,Normal
2026-02-10 16:05:16.211781,Dubai-1ddb,-3,21,Normal
2026-02-10 16:05:17.211781,Dubai-1ddb,37,100,Normal
2026-02-10 16:05:18.211781,Dubai-1ddb,-2,36,Normal
2026-02-10 16:05:19.211781,Dubai-1ddb,-15,80,Normal
2026-02-10 16:05:20.211781,Dubai-1ddb,31,59,Normal
2026-02-10 16:05:21.211781,Dubai-1ddb,18,14,Normal
2026-02-10 16:05:22.211781,Dubai-1ddb,-10,87,Normal
2026-02-10 16:05:23.211781,Dubai-1ddb,-4,78,Normal
2026-02-10 16:05:24.211781,Dubai-1ddb,-27,38,Normal
2026-02-10 16:05:25.211781,Dubai-1ddb,49,24,Normal
2026-02-10 16:05:26.211781,Dubai-1ddb,-8,90,Normal
2026-02-10 16:05:27.211781,Dubai-1ddb,-2,32,Normal
2026-02-10 16:05:28.211781,Dubai-1ddb,30,59,Normal
2026-02-10 16:05:29.211781,Dubai-1ddb,9,59,Normal
2026-02-10 16:05:30.211781,Dubai-1ddb,-22,69,Normal
2026-02-10 16:05:31.211781,Dubai-1ddb,22,10,Normal
2026-02-10 16:05:32.211781,Dubai-1ddb,38,27,Normal
2026-02-10 16:05:33.211781,Dubai-1ddb,-10,34,Normal
2026-02-10 16:05:34.211781,Dubai-1ddb,-20,76,Normal
2026-02-10 16:05:35.211781,Dubai-1ddb,-19,42,Normal
2026-02-10 16:05:36.211781,Dubai-1ddb,25,40,Normal
2026-02-10 16:05:37.211781,Dubai-1ddb,26,42,Normal
2026-02-10 16:05:38.211781,Dubai-1ddb,27,80,Normal
2026-02-10 16:05:39.211781,Dubai-1ddb,20,48,Normal
2026-02-10 16:05:40.211781,Dubai-1ddb,-24,23,Normal
2026-02-10 16:05:41.211781,Dubai-1ddb,-16,67,Normal
2026-02-10 16:05:42.211781,Dubai-1ddb,-22,5,Normal
2026-02-10 16:05:43.211781,Dubai-1ddb,0,81,Normal
2026-02-10 16:05:44.211781,Dubai-1ddb,6,9,Normal
2026-02-10 16:05:45.211781,Dubai-1ddb,12,79,Normal
2026-02-10 16:05:46.211781,Dubai-1ddb,31,67,Normal
2026-02-10 16:05:47.211781,Dubai-1ddb,47,16,Normal
2026-02-10 16:05:48.211781,Dubai-1ddb,26,41,Normal
2026-02-10 16:05:49.211781,Dubai-1ddb,10,42,Normal
2026-02-10 16:05:50.211781,Dubai-1ddb,9,61,Normal
2026-02-10 16:05:51.211781,Dubai-1ddb,-28,59,Normal
2026-02-10 16:05:52.211781,Dubai-1ddb,8,40,Normal
2026-02-10 16:05:53.211781,Dubai-1ddb,12,63,Normal
2026-02-10 16:05:54.211781,Dubai-1ddb,6,37,Normal
2026-02-10 16:05:55.211781,Dubai-1ddb,31,44,Normal
2026-02-10 16:05:56.211781,Dubai-1ddb,3,52,Normal
2026-02-10 16:05:57.211781,Dubai-1ddb,34,0,Normal
2026-02-10 16:05:58.211781,Dubai-1ddb,7,83,Normal
2026-02-10 16:05:59.211781,Dubai-1ddb,-8,76,Normal
2026-02-10 16:06:00.211781,Dubai-1ddb,6,89,Normal
2026-02-10 16:06:01.211781,Dubai-1ddb,22,52,Normal
2026-02-10 16:06:02.211781,Dubai-1ddb,2,73,Normal
2026-02-10 16:06:03.211781,Dubai-1ddb,18,61,Normal
2026-02-10 16:06:04.211781,Dubai-1ddb,50,73,Normal
2026-02-10 16:06:05.211781,Dubai-1ddb,10,20,Normal
2026-02-10 16:06:06.211781,Dubai-1ddb,28,100,Normal
2026-02-10 16:06:07.211781,Dubai-1ddb,21,60,Normal
2026-02-10 16:06:08.211781,Dubai-1ddb,39,92,Normal
2026-02-10 16:06:09.211781,Dubai-1ddb,5,18,Normal
2026-02-10 16:06:10.211781,Dubai-1ddb,2,34,Normal
2026-02-10 16:06:11.211781,Dubai-1ddb,7,81,Normal
2026-02-10 16:06:12.211781,Dubai-1ddb,49,82,Normal
2026-02-10 16:06:13.211781,Dubai-1ddb,27,27,Normal
2026-02-10 16:06:14.211781,Dubai-1ddb,-19,52,Normal
2026-02-10 16:06:15.211781,Dubai-1ddb,4,100,Normal
2026-02-10 16:06:16.211781,Dubai-1ddb,6,90,Normal
2026-02-10 16:06:17.211781,Dubai-1ddb,-19,48,Normal
2026-02-10 16:06:18.211781,Dubai-1ddb,19,86,Normal
2026-02-10 16:06:19.211781,Dubai-1ddb,5,94,Normal
2026-02-10 16:06:20.211781,Dubai-1ddb,-19,97,Normal
2026-02-10 16:06:21.211781,Dubai-1ddb,-29,65,Normal
2026-02-10 16:06:22.211781,Dubai-1ddb,-13,63,Normal
2026-02-10 16:06:23.211781,Dubai-1ddb,-6,82,Normal
2026-02-10 16:06:24.211781,Dubai-1ddb,11,42,Normal
2026-02-10 16:06:25.211781,Dubai-1ddb,22,24,Normal
2026-02-10 16:06:26.211781,Dubai-1ddb,-30,52,Normal
2026-02-10 16:06:27.211781,Dubai-1ddb,16,22,Normal
2026-02-10 16:06:28.211781,Dubai-1ddb,35,7,Normal
2026-02-10 16:06:29.211781,Dubai-1ddb,1,72,Normal
2026-02-10 16:06:30.211781,Dubai-1ddb,-1,19,Normal
2026-02-10 16:06:31.211781,Dubai-1ddb,-3,32,Normal
2026-02-10 16:06:32.211781,Dubai-1ddb,33,17,Normal
2026-02-10 16:06:33.211781,Dubai-1ddb,30,53,Normal
2026-02-10 16:06:34.211781,Dubai-1ddb,31,31,Normal
2026-02-10 16:06:35.211781,Dubai-1ddb,-10,86,Normal
2026-02-10 16:06:36.211781,Dubai-1ddb,10,2,Normal
2026-02-10 16:06:37.211781,Dubai-1ddb,4,86,Normal
2026-02-10 16:06:38.211781,Dubai-1ddb,-11,94,Normal
2026-02-10 16:06:39.211781,Dubai-1ddb,50,55,Normal
2026-02-10 16:06:40.211781,Dubai-1ddb,37,23,Normal
2026-02-10 16:06:41.211781,Dubai-1ddb,26,21,Normal
2026-02-10 16:06:42.211781,Dubai-1ddb,31,100,Normal
2026-02-10 16:06:43.211781,Dubai-1ddb,9,81,Normal
2026-02-10 16:06:44.211781,Dubai-1ddb,42,53,Normal
2026-02-10 16:06:45.211781,Dubai-1ddb,-14,8,Normal
2026-02-10 16:06:46.211781,Dubai-1ddb,-13,22,Normal
2026-02-10 16:06:47.211781,Dubai-1ddb,-15,37,Normal
2026-02-10 16:06:48.211781,Dubai-1ddb,-9,39,Normal
2026-02-10 16:06:49.211781,Dubai-1ddb,38,66,Normal
2026-02-10 16:06:50.211781,Dubai-1ddb,-23,64,Normal
2026-02-10 16:06:51.211781,Dubai-1ddb,10,28,Normal
2026-02-10 16:06:52.211781,Dubai-1ddb,38,93,Normal
2026-02-10 16:06:53.211781,Dubai-1ddb,-2,37,Normal
2026-02-10 16:06:54.211781,Dubai-1ddb,-14,87,Normal
2026-02-10 16:06:55.211781,Dubai-1ddb,-5,82,Normal
2026-02-10 16:06:56.211781,Dubai-1ddb,-22,62,Normal
2026-02-10 16:06:57.211781,Dubai-1ddb,31,97,Normal
2026-02-10 16:06:58.211781,Dubai-1ddb,-10,52,Normal
2026-02-10 16:06:59.211781,Dubai-1ddb,-20,91,Normal
2026-02-10 16:07:00.211781,Dubai-1ddb,-17,99,Normal
2026-02-10 16:07:01.211781,Dubai-1ddb,41,85,Normal
2026-02-10 16:07:02.211781,Dubai-1ddb,13,87,Normal
2026-02-10 16:07:03.211781,Dubai-1ddb,19,29,Normal
2026-02-10 16:07:04.211781,Dubai-1ddb,36,68,Normal
2026-02-10 16:07:05.211781,Dubai-1ddb,24,92,Normal
2026-02-10 16:07:06.211781,Dubai-1ddb,-27,75,Normal
2026-02-10 16:07:07.211781,Dubai-1ddb,-9,68,Normal
2026-02-10 16:07:08.211781,Dubai-1ddb,12,89,Normal
2026-02-10 16:07:09.211781,Dubai-1ddb,-7,32,Normal
2026-02-10 16:07:10.211781,Dubai-1ddb,48,16,Normal
2026-02-10 16:07:11.211781,Dubai-1ddb,-26,1,Normal
2026-02-10 16:07:12.211781,Dubai-1ddb,13,7,Normal
2026-02-10 16:07:13.211781,Dubai-1ddb,2,5,Normal
2026-02-10 16:07:14.211781,Dubai-1ddb,-3,6,Normal
2026-02-10 16:07:15.211781,Dubai-1ddb,-1,78,Normal
2026-02-10 16:07:16.211781,Dubai-1ddb,-2,38,Normal
2026-02-10 16:07:17.211781,Dubai-1ddb,29,20,Normal
2026-02-10 16:07:18.211781,Dubai-1ddb,48,27,Normal
2026-02-10 16:07:19.211781,Dubai-1ddb,-29,80,Normal
2026-02-10 16:07:20.211781,Dubai-1ddb,36,32,Normal
2026-02-10 16:07:21.211781,Dubai-1ddb,23,81,Normal
2026-02-10 16:07:22.211781,Dubai-1ddb,41,14,Normal
2026-02-10 16:07:23.211781,Dubai-1ddb,-12,65,Normal
2026-02-10 16:07:24.211781,Dubai-1ddb,45,58,Normal
2026-02-10 16:07:25.211781,Dubai-1ddb,-15,68,Normal
2026-02-10 16:07:26.211781,Dubai-1ddb,0,30,Normal
2026-02-10 16:07:27.211781,Dubai-1ddb,-4,1,Normal
2026-02-10 16:07:28.211781,Dubai-1ddb,-13,32,Normal
2026-02-10 16:07:29.211781,Dubai-1ddb,-6,96,Normal
2026-02-10 16:07:30.211781,Dubai-1ddb,-5,69,Normal
2026-02-10 16:07:31.211781,Dubai-1ddb,42,50,Normal
2026-02-10 16:07:32.211781,Dubai-1ddb,39,73,Normal
2026-02-10 16:07:33.211781,Dubai-1ddb,-2,87,Normal
2026-02-10 16:07:34.211781,Dubai-1ddb,-16,33,Normal
2026-02-10 16:07:35.211781,Dubai-1ddb,43,20,Normal
2026-02-10 16:07:36.211781,Dubai-1ddb,49,87,Normal
2026-02-10 16:07:37.211781,Dubai-1ddb,15,87,Normal
2026-02-10 16:07:38.211781,Dubai-1ddb,-11,30,Normal
2026-02-10 16:07:39.211781,Dubai-1ddb,47,46,Normal
2026-02-10 16:07:40.211781,Dubai-1ddb,43,75,Normal
2026-02-10 16:07:41.211781,Dubai-1ddb,35,37,Normal
2026-02-10 16:07:42.211781,Dubai-1ddb,-20,0,Normal
2026-02-10 16:07:43.211781,Dubai-1ddb,50,10,Normal
2026-02-10 16:07:44.211781,Dubai-1ddb,33,91,Normal
2026-02-10 16:07:45.211781,Dubai-1ddb,-18,3,Normal
2026-02-10 16:07:46.211781,Dubai-1ddb,-22,78,Normal
2026-02-10 16:07:47.211781,Dubai-1ddb,4,66,Normal
2026-02-10 16:07:48.211781,Dubai-1ddb,-15,31,Normal
2026-02-10 16:07:49.211781,Dubai-1ddb,42,16,Normal
2026-02-10 16:07:50.211781,Dubai-1ddb,47,45,Normal
2026-02-10 16:07:51.211781,Dubai-1ddb,5,61,Normal
2026-02-10 16:07:52.211781,Dubai-1ddb,7,48,Normal
2026-02-10 16:07:53.211781,Dubai-1ddb,-7,20,Normal
2026-02-10 16:07:54.211781,Dubai-1ddb,9,4,Normal
2026-02-10 16:07:55.211781,Dubai-1ddb,45,48,Normal
2026-02-10 16:07:56.211781,Dubai-1ddb,-21,85,Normal
2026-02-10 16:07:57.211781,Dubai-1ddb,46,82,Normal
2026-02-10 16:07:58.211781,Dubai-1ddb,33,65,Normal
2026-02-10 16:07:59.211781,Dubai-1ddb,33,45,Normal
2026-02-10 16:08:00.211781,Dubai-1ddb,31,2,Normal
2026-02-10 16:08:01.211781,Dubai-1ddb,15,79,Normal
2026-02-10 16:08:02.211781,Dubai-1ddb,36,20,Normal
2026-02-10 16:08:03.211781,Dubai-1ddb,45,49,Normal
2026-02-10 16:08:04.211781,Dubai-1ddb,-28,43,Normal
2026-02-10 16:08:05.211781,Dubai-1ddb,-19,50,Normal
2026-02-10 16:08:06.211781,Dubai-1ddb,9,72,Normal
2026-02-10 16:08:07.211781,Dubai-1ddb,-27,81,Normal
2026-02-10 16:08:08.211781,Dubai-1ddb,-7,24,Normal
2026-02-10 16:08:09.211781,Dubai-1ddb,20,53,Normal
2026-02-10 16:08:10.211781,Dubai-1ddb,-13,17,Normal
2026-02-10 16:08:11.211781,Dubai-1ddb,32,95,Normal
2026-02-10 16:08:12.211781,Dubai-1ddb,3,68,Normal
2026-02-10 16:08:13.211781,Dubai-1ddb,28,77,Normal
2026-02-10 16:08:14.211781,Dubai-1ddb,36,92,Normal
2026-02-10 16:08:15.211781,Dubai-1ddb,32,71,Normal
2026-02-10 16:08:16.211781,Dubai-1ddb,-20,8,Normal
2026-02-10 16:08:17.211781,Dubai-1ddb,31,68,Normal
2026-02-10 16:08:18.211781,Dubai-1ddb,12,54,Normal
2026-02-10 16:08:19.211781,Dubai-1ddb,25,79,Normal
2026-02-10 16:08:20.211781,Dubai-1ddb,-11,67,Normal
2026-02-10 16:08:21.211781,Dubai-1ddb,22,61,Normal
2026-02-10 16:08:22.211781,Dubai-1ddb,-28,5,Normal
2026-02-10 16:08:23.211781,Dubai-1ddb,46,41,Normal
2026-02-10 16:08:24.211781,Dubai-1ddb,-27,81,Normal
2026-02-10 16:08:25.211781,Dubai-1ddb,43,92,Normal
2026-02-10 16:08:26.211781,Dubai-1ddb,49,62,Normal
2026-02-10 16:08:27.211781,Dubai-1ddb,-25,76,Normal
2026-02-10 16:08:28.211781,Dubai-1ddb,20,20,Normal
2026-02-10 16:08:29.211781,Dubai-1ddb,33,61,Normal
2026-02-10 16:08:30.211781,Dubai-1ddb,-1,83,Normal
2026-02-10 16:08:31.211781,Dubai-1ddb,3,35,Normal
2026-02-10 16:08:32.211781,Dubai-1ddb,33,15,Normal
2026-02-10 16:08:33.211781,Dubai-1ddb,25,90,Normal
2026-02-10 16:08:34.211781,Dubai-1ddb,18,78,Normal
2026-02-10 16:08:35.211781,Dubai-1ddb,9,20,Normal
2026-02-10 16:08:36.211781,Dubai-1ddb,-18,13,Normal
2026-02-10 16:08:37.211781,Dubai-1ddb,1,21,Normal
2026-02-10 16:08:38.211781,Dubai-1ddb,39,37,Normal
2026-02-10 16:08:39.211781,Dubai-1ddb,1,45,Normal
2026-02-10 16:08:40.211781,Dubai-1ddb,24,28,Normal
2026-02-10 16:08:41.211781,Dubai-1ddb,-7,94,Normal
2026-02-10 16:08:42.211781,Dubai-1ddb,-22,7,Normal
2026-02-10 16:08:43.211781,Dubai-1ddb,9,76,Normal
2026-02-10 16:08:44.211781,Dubai-1ddb,-24,3,Normal
2026-02-10 16:08:45.211781,Dubai-1ddb,0,100,Normal
2026-02-10 16:08:46.211781,Dubai-1ddb,-26,82,Normal
2026-02-10 16:08:47.211781,Dubai-1ddb,8,24,Normal
2026-02-10 16:08:48.211781,Dubai-1ddb,18,93,Normal
2026-02-10 16:08:49.211781,Dubai-1ddb,18,35,Normal
2026-02-10 16:08:50.211781,Dubai-1ddb,30,18,Normal
2026-02-10 16:08:51.211781,Dubai-1ddb,46,2,Normal
2026-02-10 16:08:52.211781,Dubai-1ddb,-26,94,Normal
2026-02-10 16:08:53.211781,Dubai-1ddb,19,0,Normal
2026-02-10 16:08:54.211781,Dubai-1ddb,7,15,Normal
2026-02-10 16:08:55.211781,Dubai-1ddb,-21,56,Normal
2026-02-10 16:08:56.211781,Dubai-1ddb,-4,28,Normal
2026-02-10 16:08:57.211781,Dubai-1ddb,34,64,Normal
2026-02-10 16:08:58.211781,Dubai-1ddb,5,55,Normal
2026-02-10 16:08:59.211781,Dubai-1ddb,39,72,Normal
2026-02-10 16:09:00.211781,Dubai-1ddb,15,89,Normal
2026-02-10 16:09:01.211781,Dubai-1ddb,-2,91,Normal
2026-02-10 16:09:02.211781,Dubai-1ddb,-26,73,Normal
2026-02-10 16:09:03.211781,Dubai-1ddb,8,93,Normal
2026-02-10 16:09:04.211781,Dubai-1ddb,9,65,Normal
2026-02-10 16:09:05.211781,Dubai-1ddb,-17,79,Normal
2026-02-10 16:09:06.211781,Dubai-1ddb,19,6,Normal
2026-02-10 16:09:07.211781,Dubai-1ddb,48,40,Normal
2026-02-10 16:09:08.211781,Dubai-1ddb,0,58,Normal
2026-02-10 16:09:09.211781,Dubai-1ddb,46,49,Normal
2026-02-10 16:09:10.211781,Dubai-1ddb,29,91,Normal
2026-02-10 16:09:11.211781,Dubai-1ddb,50,21,Normal
2026-02-10 16:09:12.211781,Dubai-1ddb,2,20,Normal
2026-02-10 16:09:13.211781,Dubai-1ddb,-3,52,Normal
2026-02-10 16:09:14.211781,Dubai-1ddb,-26,18,Normal
2026-02-10 16:09:15.211781,Dubai-1ddb,28,69,Normal
2026-02-10 16:09:16.211781,Dubai-1ddb,-16,18,Normal
2026-02-10 16:09:17.211781,Dubai-1ddb,20,58,Normal
2026-02-10 16:09:18.211781,Dubai-1ddb,-16,24,Normal
2026-02-10 16:09:19.211781,Dubai-1ddb,5,97,Normal
2026-02-10 16:09:20.211781,Dubai-1ddb,50,24,Normal
2026-02-10 16:09:21.211781,Dubai-1ddb,36,4,Normal
2026-02-10 16:09:22.211781,Dubai-1ddb,-23,96,Normal
2026-02-10 16:09:23.211781,Dubai-1ddb,-20,73,Normal
2026-02-10 16:09:24.211781,Dubai-1ddb,13,57,Normal
2026-02-10 16:09:25.211781,Dubai-1ddb,37,14,Normal
2026-02-10 16:09:26.211781,Dubai-1ddb,-10,60,Normal
2026-02-10 16:09:27.211781,Dubai-1ddb,19,78,Normal
2026-02-10 16:09:28.211781,Dubai-1ddb,-12,30,Normal
2026-02-10 16:09:29.211781,Dubai-1ddb,-11,60,Normal
2026-02-10 16:09:30.211781,Dubai-1ddb,-6,31,Normal
2026-02-10 16:09:31.211781,Dubai-1ddb,35,83,Normal
2026-02-10 16:09:32.211781,Dubai-1ddb,8,26,Normal
2026-02-10 16:09:33.211781,Dubai-1ddb,-13,25,Normal
2026-02-10 16:09:34.211781,Dubai-1ddb,-29,44,Normal
2026-02-10 16:09:35.211781,Dubai-1ddb,46,40,Normal
2026-02-10 16:09:36.211781,Dubai-1ddb,30,67,Normal
2026-02-10 16:09:37.211781,Dubai-1ddb,-1,71,Normal
2026-02-10 16:09:38.211781,Dubai-1ddb,41,60,Normal
2026-02-10 16:09:39.211781,Dubai-1ddb,-17,26,Normal
2026-02-10 16:09:40.211781,Dubai-1ddb,41,14,Normal
2026-02-10 16:09:41.211781,Dubai-1ddb,17,18,Normal
2026-02-10 16:09:42.211781,Dubai-1ddb,8,97,Normal
2026-02-10 16:09:43.211781,Dubai-1ddb,29,59,Normal
2026-02-10 16:09:44.211781,Dubai-1ddb,-22,49,Normal
2026-02-10 16:09:45.211781,Dubai-1ddb,33,84,Normal
2026-02-10 16:09:46.211781,Dubai-1ddb,-24,2,Normal
2026-02-10 16:09:47.211781,Dubai-1ddb,-8,16,Normal
2026-02-10 16:09:48.211781,Dubai-1ddb,15,89,Normal
2026-02-10 16:09:49.211781,Dubai-1ddb,-16,77,Normal
2026-02-10 16:09:50.211781,Dubai-1ddb,36,82,Normal
2026-02-10 16:09:51.211781,Dubai-1ddb,34,55,Normal
2026-02-10 16:09:52.211781,Dubai-1ddb,38,76,Normal
2026-02-10 16:09:53.211781,Dubai-1ddb,-1,84,Normal
2026-02-10 16:09:54.211781,Dubai-1ddb,17,53,Normal
2026-02-10 16:09:55.211781,Dubai-1ddb,-24,42,Normal
2026-02-10 16:09:56.211781,Dubai-1ddb,15,67,Normal
2026-02-10 16:09:57.211781,Dubai-1ddb,13,0,Normal
2026-02-10 16:09:58.211781,Dubai-1ddb,7,65,Normal
2026-02-10 16:09:59.211781,Dubai-1ddb,-25,94,Normal
2026-02-10 16:10:00.211781,Dubai-1ddb,19,28,Normal
2026-02-10 16:10:01.211781,Dubai-1ddb,32,2,Normal
2026-02-10 16:10:02.211781,Dubai-1ddb,18,36,Normal
2026-02-10 16:10:03.211781,Dubai-1ddb,-7,80,Normal
2026-02-10 16:10:04.211781,Dubai-1ddb,25,84,Normal
2026-02-10 16:10:05.211781,Dubai-1ddb,-2,74,Normal
2026-02-10 16:10:06.211781,Dubai-1ddb,-25,10,Normal
2026-02-10 16:10:07.211781,Dubai-1ddb,-11,2,Normal
2026-02-10 16:10:08.211781,Dubai-1ddb,3,50,Normal
2026-02-10 16:10:09.211781,Dubai-1ddb,-26,98,Normal
2026-02-10 16:10:10.211781,Dubai-1ddb,-1,100,Normal
2026-02-10 16:10:11.211781,Dubai-1ddb,35,98,Normal
2026-02-10 16:10:12.211781,Dubai-1ddb,-8,91,Normal
2026-02-10 16:10:13.211781,Dubai-1ddb,-19,16,Normal
2026-02-10 16:10:14.211781,Dubai-1ddb,-26,68,Normal
2026-02-10 16:10:15.211781,Dubai-1ddb,11,52,Normal
2026-02-10 16:10:16.211781,Dubai-1ddb,-28,8,Normal
2026-02-10 16:10:17.211781,Dubai-1ddb,38,15,Normal
2026-02-10 16:10:18.211781,Dubai-1ddb,-29,10,Normal
2026-02-10 16:10:19.211781,Dubai-1ddb,-11,70,Normal
2026-02-10 16:10:20.211781,Dubai-1ddb,23,38,Normal
2026-02-10 16:10:21.211781,Dubai-1ddb,44,82,Normal
2026-02-10 16:10:22.211781,Dubai-1ddb,-27,99,Normal
2026-02-10 16:10:23.211781,Dubai-1ddb,-16,97,Normal
2026-02-10 16:10:24.211781,Dubai-1ddb,20,83,Normal
2026-02-10 16:10:25.211781,Dubai-1ddb,-9,35,Normal
2026-02-10 16:10:26.211781,Dubai-1ddb,23,97,Normal
2026-02-10 16:10:27.211781,Dubai-1ddb,-28,18,Normal
2026-02-10 16:10:28.211781,Dubai-1ddb,-12,31,Normal
2026-02-10 16:10:29.211781,Dubai-1ddb,-2,89,Normal
2026-02-10 16:10:30.211781,Dubai-1ddb,-2,83,Normal
2026-02-10 16:10:31.211781,Dubai-1ddb,-6,77,Normal
2026-02-10 16:10:32.211781,Dubai-1ddb,0,50,Normal
2026-02-10 16:10:33.211781,Dubai-1ddb,29,82,Normal
2026-02-10 16:10:34.211781,Dubai-1ddb,-25,56,Normal
2026-02-10 16:10:35.211781,Dubai-1ddb,-21,64,Normal
2026-02-10 16:10:36.211781,Dubai-1ddb,-23,82,Normal
2026-02-10 16:10:37.211781,Dubai-1ddb,25,27,Normal
2026-02-10 16:10:38.211781,Dubai-1ddb,-1,80,Normal
2026-02-10 16:10:39.211781,Dubai-1ddb,15,41,Normal
2026-02-10 16:10:40.211781,Dubai-1ddb,12,8,Normal
2026-02-10 16:10:41.211781,Dubai-1ddb,23,48,Normal
2026-02-10 16:10:42.211781,Dubai-1ddb,-25,90,Normal
2026-02-10 16:10:43.211781,Dubai-1ddb,32,57,Normal
2026-02-10 16:10:44.211781,Dubai-1ddb,33,82,Normal
2026-02-10 16:10:45.211781,Dubai-1ddb,-27,45,Normal
2026-02-10 16:10:46.211781,Dubai-1ddb,-25,69,Normal
2026-02-10 16:10:47.211781,Dubai-1ddb,37,68,Normal
2026-02-10 16:10:48.211781,Dubai-1ddb,-9,11,Normal
2026-02-10 16:10:49.211781,Dubai-1ddb,50,35,Normal
2026-02-10 16:10:50.211781,Dubai-1ddb,5,20,Normal
2026-02-10 16:10:51.211781,Dubai-1ddb,-6,82,Normal
2026-02-10 16:10:52.211781,Dubai-1ddb,24,76,Normal
2026-02-10 16:10:53.211781,Dubai-1ddb,-28,25,Normal
2026-02-10 16:10:54.211781,Dubai-1ddb,32,23,Normal
2026-02-10 16:10:55.211781,Dubai-1ddb,42,48,Normal
2026-02-10 16:10:56.211781,Dubai-1ddb,-9,66,Normal
2026-02-10 16:10:57.211781,Dubai-1ddb,-23,38,Normal
2026-02-10 16:10:58.211781,Dubai-1ddb,44,55,Normal
2026-02-10 16:10:59.211781,Dubai-1ddb,11,99,Normal
2026-02-10 16:11:00.211781,Dubai-1ddb,37,54,Normal
2026-02-10 16:11:01.211781,Dubai-1ddb,30,90,Normal
2026-02-10 16:11:02.211781,Dubai-1ddb,15,64,Normal
2026-02-10 16:11:03.211781,Dubai-1ddb,22,7,Normal
2026-02-10 16:11:04.211781,Dubai-1ddb,17,94,Normal
2026-02-10 16:11:05.211781,Dubai-1ddb,47,39,Normal
2026-02-10 16:11:06.211781,Dubai-1ddb,-29,67,Normal
2026-02-10 16:11:07.211781,Dubai-1ddb,22,34,Normal
2026-02-10 16:11:08.211781,Dubai-1ddb,-6,71,Normal
2026-02-10 16:11:09.211781,Dubai-1ddb,37,38,Normal
2026-02-10 16:11:10.211781,Dubai-1ddb,3,11,Normal
2026-02-10 16:11:11.211781,Dubai-1ddb,50,38,Normal
2026-02-10 16:11:12.211781,Dubai-1ddb,-7,88,Normal
2026-02-10 16:11:13.211781,Dubai-1ddb,37,7,Normal
2026-02-10 16:11:14.211781,Dubai-1ddb,-14,9,Normal
2026-02-10 16:11:15.211781,Dubai-1ddb,18,18,Normal
2026-02-10 16:11:16.211781,Dubai-1ddb,-27,78,Normal
2026-02-10 16:11:17.211781,Dubai-1ddb,-15,42,Normal
2026-02-10 16:11:18.211781,Dubai-1ddb,13,27,Normal
2026-02-10 16:11:19.211781,Dubai-1ddb,-7,16,Normal
2026-02-10 16:11:20.211781,Dubai-1ddb,-7,39,Normal
2026-02-10 16:11:21.211781,Dubai-1ddb,-23,62,Normal
2026-02-10 16:11:22.211781,Dubai-1ddb,0,7,Normal
2026-02-10 16:11:23.211781,Dubai-1ddb,26,83,Normal
2026-02-10 16:11:24.211781,Dubai-1ddb,35,29,Normal
2026-02-10 16:11:25.211781,Dubai-1ddb,41,68,Normal
2026-02-10 16:11:26.211781,Dubai-1ddb,11,28,Normal
2026-02-10 16:11:27.211781,Dubai-1ddb,0,52,Normal
2026-02-10 16:11:28.211781,Dubai-1ddb,-16,66,Normal
2026-02-10 16:11:29.211781,Dubai-1ddb,-24,5,Normal
2026-02-10 16:11:30.211781,Dubai-1ddb,44,87,Normal
2026-02-10 16:11:31.211781,Dubai-1ddb,40,11,Normal
2026-02-10 16:11:32.211781,Dubai-1ddb,31,56,Normal
2026-02-10 16:11:33.211781,Dubai-1ddb,41,89,Normal
2026-02-10 16:11:34.211781,Dubai-1ddb,-13,81,Normal
2026-02-10 16:11:35.211781,Dubai-1ddb,26,43,Normal
2026-02-10 16:11:36.211781,Dubai-1ddb,5,8,Normal
2026-02-10 16:11:37.211781,Dubai-1ddb,7,35,Normal
2026-02-10 16:11:38.211781,Dubai-1ddb,-24,19,Normal
2026-02-10 16:11:39.211781,Dubai-1ddb,14,52,Normal
2026-02-10 16:11:40.211781,Dubai-1ddb,-20,26,Normal
2026-02-10 16:11:41.211781,Dubai-1ddb,40,70,Normal
2026-02-10 16:11:42.211781,Dubai-1ddb,25,42,Normal
2026-02-10 16:11:43.211781,Dubai-1ddb,48,94,Normal
2026-02-10 16:11:44.211781,Dubai-1ddb,32,66,Normal
2026-02-10 16:11:45.211781,Dubai-1ddb,16,100,Normal
2026-02-10 16:11:46.211781,Dubai-1ddb,34,8,Normal
2026-02-10 16:11:47.211781,Dubai-1ddb,42,76,Normal
2026-02-10 16:11:48.211781,Dubai-1ddb,-3,70,Normal
2026-02-10 16:11:49.211781,Dubai-1ddb,25,15,Normal
2026-02-10 16:11:50.211781,Dubai-1ddb,-23,45,Normal
2026-02-10 16:11:51.211781,Dubai-1ddb,-23,3,Normal
2026-02-10 16:11:52.211781,Dubai-1ddb,-26,19,Normal
2026-02-10 16:11:53.211781,Dubai-1ddb,6,23,Normal
2026-02-10 16:11:54.211781,Dubai-1ddb,-11,27,Normal
2026-02-10 16:11:55.211781,Dubai-1ddb,-19,95,Normal
2026-02-10 16:11:56.211781,Dubai-1ddb,-26,0,Normal
2026-02-10 16:11:57.211781,Dubai-1ddb,39,44,Normal
2026-02-10 16:11:58.211781,Dubai-1ddb,-9,62,Normal
2026-02-10 16:11:59.211781,Dubai-1ddb,38,27,Normal
2026-02-10 16:12:00.211781,Dubai-1ddb,-19,83,Normal
2026-02-10 16:12:01.211781,Dubai-1ddb,43,99,Normal
2026-02-10 16:12:02.211781,Dubai-1ddb,12,70,Normal
2026-02-10 16:12:03.211781,Dubai-1ddb,-1,17,Normal
2026-02-10 16:12:04.211781,Dubai-1ddb,47,0,Normal
2026-02-10 16:12:05.211781,Dubai-1ddb,11,72,Normal
2026-02-10 16:12:06.211781,Dubai-1ddb,34,70,Normal
2026-02-10 16:12:07.211781,Dubai-1ddb,24,69,Normal
2026-02-10 16:12:08.211781,Dubai-1ddb,11,75,Normal
2026-02-10 16:12:09.211781,Dubai-1ddb,-19,70,Normal
2026-02-10 16:12:10.211781,Dubai-1ddb,14,13,Normal
2026-02-10 16:12:11.211781,Dubai-1ddb,-4,86,Normal
2026-02-10 16:12:12.211781,Dubai-1ddb,49,78,Normal
2026-02-10 16:12:13.211781,Dubai-1ddb,9,9,Normal
2026-02-10 16:12:14.211781,Dubai-1ddb,27,84,Normal
2026-02-10 16:12:15.211781,Dubai-1ddb,-22,26,Normal
2026-02-10 16:12:16.211781,Dubai-1ddb,45,33,Normal
2026-02-10 16:12:17.211781,Dubai-1ddb,47,51,Normal
2026-02-10 16:12:18.211781,Dubai-1ddb,-10,84,Normal
2026-02-10 16:12:19.211781,Dubai-1ddb,-6,81,Normal
2026-02-10 16:12:20.211781,Dubai-1ddb,0,79,Normal
2026-02-10 16:12:21.211781,Dubai-1ddb,-6,74,Normal
2026-02-10 16:12:22.211781,Dubai-1ddb,39,78,Normal
2026-02-10 16:12:23.211781,Dubai-1ddb,-3,21,Normal
2026-02-10 16:12:24.211781,Dubai-1ddb,-21,56,Normal
2026-02-10 16:12:25.211781,Dubai-1ddb,23,82,Normal
2026-02-10 16:12:26.211781,Dubai-1ddb,31,31,Normal
2026-02-10 16:12:27.211781,Dubai-1ddb,24,40,Normal
2026-02-10 16:12:28.211781,Dubai-1ddb,17,54,Normal
2026-02-10 16:12:29.211781,Dubai-1ddb,-19,27,Normal
2026-02-10 16:12:30.211781,Dubai-1ddb,6,14,Normal
2026-02-10 16:12:31.211781,Dubai-1ddb,6,2,Normal
2026-02-10 16:12:32.211781,Dubai-1ddb,40,64,Normal
2026-02-10 16:12:33.211781,Dubai-1ddb,13,35,Normal
2026-02-10 16:12:34.211781,Dubai-1ddb,24,81,Normal
2026-02-10 16:12:35.211781,Dubai-1ddb,-19,63,Normal
2026-02-10 16:12:36.211781,Dubai-1ddb,36,69,Normal
2026-02-10 16:12:37.211781,Dubai-1ddb,-17,24,Normal
2026-02-10 16:12:38.211781,Dubai-1ddb,7,30,Normal
2026-02-10 16:12:39.211781,Dubai-1ddb,37,7,Normal
2026-02-10 16:12:40.211781,Dubai-1ddb,-3,94,Normal
2026-02-10 16:12:41.211781,Dubai-1ddb,16,94,Normal
2026-02-10 16:12:42.211781,Dubai-1ddb,46,39,Normal
2026-02-10 16:12:43.211781,Dubai-1ddb,-19,52,Normal
2026-02-10 16:12:44.211781,Dubai-1ddb,-23,51,Normal
2026-02-10 16:12:45.211781,Dubai-1ddb,28,52,Normal
2026-02-10 16:12:46.211781,Dubai-1ddb,27,41,Normal
2026-02-10 16:12:47.211781,Dubai-1ddb,31,27,Normal
2026-02-10 16:12:48.211781,Dubai-1ddb,29,62,Normal
2026-02-10 16:12:49.211781,Dubai-1ddb,20,74,Normal
2026-02-10 16:12:50.211781,Dubai-1ddb,-3,21,Normal
2026-02-10 16:12:51.211781,Dubai-1ddb,-24,46,Normal
2026-02-10 16:12:52.211781,Dubai-1ddb,-12,0,Normal
2026-02-10 16:12:53.211781,Dubai-1ddb,25,100,Normal
2026-02-10 16:12:54.211781,Dubai-1ddb,38,67,Normal
2026-02-10 16:12:55.211781,Dubai-1ddb,-16,26,Normal
2026-02-10 16:12:56.211781,Dubai-1ddb,10,32,Normal
2026-02-10 16:12:57.211781,Dubai-1ddb,33,22,Normal
2026-02-10 16:12:58.211781,Dubai-1ddb,-7,19,Normal
2026-02-10 16:12:59.211781,Dubai-1ddb,49,42,Normal
2026-02-10 16:13:00.211781,Dubai-1ddb,47,22,Normal
2026-02-10 16:13:01.211781,Dubai-1ddb,-11,47,Normal
2026-02-10 16:13:02.211781,Dubai-1ddb,17,4,Normal
2026-02-10 16:13:03.211781,Dubai-1ddb,-17,11,Normal
2026-02-10 16:13:04.211781,Dubai-1ddb,-28,73,Normal
2026-02-10 16:13:05.211781,Dubai-1ddb,0,97,Normal
2026-02-10 16:13:06.211781,Dubai-1ddb,21,7,Normal
2026-02-10 16:13:07.211781,Dubai-1ddb,35,51,Normal
2026-02-10 16:13:08.211781,Dubai-1ddb,-26,73,Normal
2026-02-10 16:13:09.211781,Dubai-1ddb,11,15,Normal
2026-02-10 16:13:10.211781,Dubai-1ddb,20,38,Normal
2026-02-10 16:13:11.211781,Dubai-1ddb,36,48,Normal
2026-02-10 16:13:12.211781,Dubai-1ddb,-3,9,Normal
2026-02-10 16:13:13.211781,Dubai-1ddb,13,94,Normal
2026-02-10 16:13:14.211781,Dubai-1ddb,26,91,Normal
2026-02-10 16:13:15.211781,Dubai-1ddb,37,55,Normal
2026-02-10 16:13:16.211781,Dubai-1ddb,48,36,Normal
2026-02-10 16:13:17.211781,Dubai-1ddb,30,62,Normal
2026-02-10 16:13:18.211781,Dubai-1ddb,-8,72,Normal
2026-02-10 16:13:19.211781,Dubai-1ddb,21,90,Normal
2026-02-10 16:13:20.211781,Dubai-1ddb,2,78,Normal
2026-02-10 16:13:21.211781,Dubai-1ddb,21,31,Normal
2026-02-10 16:13:22.211781,Dubai-1ddb,22,8,Normal
2026-02-10 16:13:23.211781,Dubai-1ddb,-30,37,Normal
2026-02-10 16:13:24.211781,Dubai-1ddb,33,58,Normal
2026-02-10 16:13:25.211781,Dubai-1ddb,-10,7,Normal
2026-02-10 16:13:26.211781,Dubai-1ddb,-21,41,Normal
2026-02-10 16:13:27.211781,Dubai-1ddb,19,0,Normal
2026-02-10 16:13:28.211781,Dubai-1ddb,-4,43,Normal
2026-02-10 16:13:29.211781,Dubai-1ddb,-13,60,Normal
2026-02-10 16:13:30.211781,Dubai-1ddb,-21,61,Normal
2026-02-10 16:13:31.211781,Dubai-1ddb,31,71,Normal
2026-02-10 16:13:32.211781,Dubai-1ddb,46,88,Normal
2026-02-10 16:13:33.211781,Dubai-1ddb,-28,82,Normal
2026-02-10 16:13:34.211781,Dubai-1ddb,20,67,Normal
2026-02-10 16:13:35.211781,Dubai-1ddb,20,60,Normal
2026-02-10 16:13:36.211781,Dubai-1ddb,-9,13,Normal
2026-02-10 16:13:37.211781,Dubai-1ddb,35,92,Normal
2026-02-10 16:13:38.211781,Dubai-1ddb,38,42,Normal
2026-02-10 16:13:39.211781,Dubai-1ddb,44,54,Normal
2026-02-10 16:13:40.211781,Dubai-1ddb,-13,24,Normal
2026-02-10 16:13:41.211781,Dubai-1ddb,-3,14,Normal
2026-02-10 16:13:42.211781,Dubai-1ddb,-17,89,Normal
2026-02-10 16:13:43.211781,Dubai-1ddb,16,59,Normal
2026-02-10 16:13:44.211781,Dubai-1ddb,35,58,Normal
2026-02-10 16:13:45.211781,Dubai-1ddb,37,17,Normal
2026-02-10 16:13:46.211781,Dubai-1ddb,32,70,Normal
2026-02-10 16:13:47.211781,Dubai-1ddb,-6,72,Normal
2026-02-10 16:13:48.211781,Dubai-1ddb,32,96,Normal
2026-02-10 16:13:49.211781,Dubai-1ddb,-4,93,Normal
2026-02-10 16:13:50.211781,Dubai-1ddb,15,89,Normal
2026-02-10 16:13:51.211781,Dubai-1ddb,14,39,Normal
2026-02-10 16:13:52.211781,Dubai-1ddb,44,67,Normal
2026-02-10 16:13:53.211781,Dubai-1ddb,-12,29,Normal
2026-02-10 16:13:54.211781,Dubai-1ddb,35,16,Normal
2026-02-10 16:13:55.211781,Dubai-1ddb,5,7,Normal
2026-02-10 16:13:56.211781,Dubai-1ddb,25,37,Normal
2026-02-10 16:13:57.211781,Dubai-1ddb,39,12,Normal
2026-02-10 16:13:58.211781,Dubai-1ddb,48,46,Normal
2026-02-10 16:13:59.211781,Dubai-1ddb,-25,6,Normal
2026-02-10 16:14:00.211781,Dubai-1ddb,-28,23,Normal
2026-02-10 16:14:01.211781,Dubai-1ddb,34,18,Normal
2026-02-10 16:14:02.211781,Dubai-1ddb,24,53,Normal
2026-02-10 16:14:03.211781,Dubai-1ddb,4,26,Normal
2026-02-10 16:14:04.211781,Dubai-1ddb,-29,83,Normal
2026-02-10 16:14:05.211781,Dubai-1ddb,-8,13,Normal
2026-02-10 16:14:06.211781,Dubai-1ddb,14,44,Normal
2026-02-10 16:14:07.211781,Dubai-1ddb,25,31,Normal
2026-02-10 16:14:08.211781,Dubai-1ddb,36,16,Normal
2026-02-10 16:14:09.211781,Dubai-1ddb,20,44,Normal
2026-02-10 16:14:10.211781,Dubai-1ddb,35,24,Normal
2026-02-10 16:14:11.211781,Dubai-1ddb,47,62,Normal
2026-02-10 16:14:12.211781,Dubai-1ddb,16,43,Normal
2026-02-10 16:14:13.211781,Dubai-1ddb,47,47,Normal
2026-02-10 16:14:14.211781,Dubai-1ddb,31,61,Normal
2026-02-10 16:14:15.211781,Dubai-1ddb,2,87,Normal
2026-02-10 16:14:16.211781,Dubai-1ddb,23,5,Normal
2026-02-10 16:14:17.211781,Dubai-1ddb,45,63,Normal
2026-02-10 16:14:18.211781,Dubai-1ddb,-4,95,Normal
2026-02-10 16:14:19.211781,Dubai-1ddb,34,57,Normal
2026-02-10 16:14:20.211781,Dubai-1ddb,44,67,Normal
2026-02-10 16:14:21.211781,Dubai-1ddb,28,1,Normal
2026-02-10 16:14:22.211781,Dubai-1ddb,-27,15,Normal
2026-02-10 16:14:23.211781,Dubai-1ddb,3,43,Normal
2026-02-10 16:14:24.211781,Dubai-1ddb,-8,0,Normal
2026-02-10 16:14:25.211781,Dubai-1ddb,3,36,Normal
2026-02-10 16:14:26.211781,Dubai-1ddb,-24,13,Normal
2026-02-10 16:14:27.211781,Dubai-1ddb,38,72,Normal
2026-02-10 16:14:28.211781,Dubai-1ddb,43,69,Normal
2026-02-10 16:14:29.211781,Dubai-1ddb,43,87,Normal
2026-02-10 16:14:30.211781,Dubai-1ddb,16,46,Normal
2026-02-10 16:14:31.211781,Dubai-1ddb,26,75,Normal
2026-02-10 16:14:32.211781,Dubai-1ddb,18,91,Normal
2026-02-10 16:14:33.211781,Dubai-1ddb,-23,75,Normal
2026-02-10 16:14:34.211781,Dubai-1ddb,-11,35,Normal
2026-02-10 16:14:35.211781,Dubai-1ddb,30,31,Normal
2026-02-10 16:14:36.211781,Dubai-1ddb,-28,59,Normal
2026-02-10 16:14:37.211781,Dubai-1ddb,9,87,Normal
2026-02-10 16:14:38.211781,Dubai-1ddb,1,97,Normal
2026-02-10 16:14:39.211781,Dubai-1ddb,25,60,Normal
2026-02-10 16:14:40.211781,Dubai-1ddb,50,32,Normal
2026-02-10 16:14:41.211781,Dubai-1ddb,46,50,Normal
2026-02-10 16:14:42.211781,Dubai-1ddb,-22,6,Normal
2026-02-10 16:14:43.211781,Dubai-1ddb,-30,11,Normal
2026-02-10 16:14:44.211781,Dubai-1ddb,-14,45,Normal
2026-02-10 16:14:45.211781,Dubai-1ddb,14,71,Normal
2026-02-10 16:14:46.211781,Dubai-1ddb,33,74,Normal
2026-02-10 16:14:47.211781,Dubai-1ddb,-28,31,Normal
2026-02-10 16:14:48.211781,Dubai-1ddb,10,56,Normal
2026-02-10 16:14:49.211781,Dubai-1ddb,6,61,Normal
2026-02-10 16:14:50.211781,Dubai-1ddb,-14,93,Normal
2026-02-10 16:14:51.211781,Dubai-1ddb,8,75,Normal
2026-02-10 16:14:52.211781,Dubai-1ddb,-24,31,Normal
2026-02-10 16:14:53.211781,Dubai-1ddb,40,1,Normal
2026-02-10 16:14:54.211781,Dubai-1ddb,-4,52,Normal
2026-02-10 16:14:55.211781,Dubai-1ddb,32,96,Normal
2026-02-10 16:14:56.211781,Dubai-1ddb,-27,54,Normal
2026-02-10 16:14:57.211781,Dubai-1ddb,5,75,Normal
2026-02-10 16:14:58.211781,Dubai-1ddb,-22,0,Normal
2026-02-10 16:14:59.211781,Dubai-1ddb,-25,21,Normal
2026-02-10 16:15:00.211781,Dubai-1ddb,35,66,Normal
2026-02-10 16:15:01.211781,Dubai-1ddb,44,59,Normal
2026-02-10 16:15:02.211781,Dubai-1ddb,21,29,Normal
2026-02-10 16:15:03.211781,Dubai-1ddb,-18,65,Normal
2026-02-10 16:15:04.211781,Dubai-1ddb,-23,16,Normal
2026-02-10 16:15:05.211781,Dubai-1ddb,-20,8,Normal
2026-02-10 16:15:06.211781,Dubai-1ddb,28,2,Normal
2026-02-10 16:15:07.211781,Dubai-1ddb,49,32,Normal
2026-02-10 16:15:08.211781,Dubai-1ddb,-21,5,Normal
2026-02-10 16:15:09.211781,Dubai-1ddb,26,53,Normal
2026-02-10 16:15:10.211781,Dubai-1ddb,-19,5,Normal
2026-02-10 16:15:11.211781,Dubai-1ddb,33,31,Normal
2026-02-10 16:15:12.211781,Dubai-1ddb,15,87,Normal
2026-02-10 16:15:13.211781,Dubai-1ddb,-30,32,Normal
2026-02-10 16:15:14.211781,Dubai-1ddb,12,21,Normal
2026-02-10 16:15:15.211781,Dubai-1ddb,48,87,Normal
2026-02-10 16:15:16.211781,Dubai-1ddb,30,37,Normal
2026-02-10 16:15:17.211781,Dubai-1ddb,-13,23,Normal
2026-02-10 16:15:18.211781,Dubai-1ddb,39,14,Normal
2026-02-10 16:15:19.211781,Dubai-1ddb,-21,30,Normal
2026-02-10 16:15:20.211781,Dubai-1ddb,-5,8,Normal
2026-02-10 16:15:21.211781,Dubai-1ddb,40,98,Normal
2026-02-10 16:15:22.211781,Dubai-1ddb,11,94,Normal
2026-02-10 16:15:23.211781,Dubai-1ddb,16,93,Normal
2026-02-10 16:15:24.211781,Dubai-1ddb,-20,41,Normal
2026-02-10 16:15:25.211781,Dubai-1ddb,-13,89,Normal
2026-02-10 16:15:26.211781,Dubai-1ddb,-18,74,Normal
2026-02-10 16:15:27.211781,Dubai-1ddb,30,86,Normal
2026-02-10 16:15:28.211781,Dubai-1ddb,-23,95,Normal
2026-02-10 16:15:29.211781,Dubai-1ddb,-25,46,Normal
2026-02-10 16:15:30.211781,Dubai-1ddb,-5,93,Normal
2026-02-10 16:15:31.211781,Dubai-1ddb,-5,73,Normal
2026-02-10 16:15:32.211781,Dubai-1ddb,45,4,Normal
2026-02-10 16:15:33.211781,Dubai-1ddb,22,5,Normal
2026-02-10 16:15:34.211781,Dubai-1ddb,-24,62,Normal
2026-02-10 16:15:35.211781,Dubai-1ddb,-11,91,Normal
2026-02-10 16:15:36.211781,Dubai-1ddb,31,69,Normal
2026-02-10 16:15:37.211781,Dubai-1ddb,24,15,Normal
2026-02-10 16:15:38.211781,Dubai-1ddb,-23,81,Normal
2026-02-10 16:15:39.211781,Dubai-1ddb,48,50,Normal
2026-02-10 16:15:40.211781,Dubai-1ddb,-8,11,Normal
2026-02-10 16:15:41.211781,Dubai-1ddb,38,13,Normal
2026-02-10 16:15:42.211781,Dubai-1ddb,28,4,Normal
2026-02-10 16:15:43.211781,Dubai-1ddb,4,24,Normal
2026-02-10 16:15:44.211781,Dubai-1ddb,16,26,Normal
2026-02-10 16:15:45.211781,Dubai-1ddb,-27,11,Normal
2026-02-10 16:15:46.211781,Dubai-1ddb,22,80,Normal
2026-02-10 16:15:47.211781,Dubai-1ddb,8,71,Normal
2026-02-10 16:15:48.211781,Dubai-1ddb,23,59,Normal
2026-02-10 16:15:49.211781,Dubai-1ddb,39,45,Normal
2026-02-10 16:15:50.211781,Dubai-1ddb,4,64,Normal
2026-02-10 16:15:51.211781,Dubai-1ddb,18,40,Normal
2026-02-10 16:15:52.211781,Dubai-1ddb,9,28,Normal
2026-02-10 16:15:53.211781,Dubai-1ddb,28,40,Normal
2026-02-10 16:15:54.211781,Dubai-1ddb,-2,3,Normal
2026-02-10 16:15:55.211781,Dubai-1ddb,4,32,Normal
2026-02-10 16:15:56.211781,Dubai-1ddb,15,31,Normal
2026-02-10 16:15:57.211781,Dubai-1ddb,-10,57,Normal
2026-02-10 16:15:58.211781,Dubai-1ddb,-11,92,Normal
2026-02-10 16:15:59.211781,Dubai-1ddb,17,25,Normal
2026-02-10 16:16:00.211781,Dubai-1ddb,-16,11,Normal
2026-02-10 16:16:01.211781,Dubai-1ddb,-13,13,Normal
2026-02-10 16:16:02.211781,Dubai-1ddb,-5,7,Normal
2026-02-10 16:16:03.211781,Dubai-1ddb,37,66,Normal
2026-02-10 16:16:04.211781,Dubai-1ddb,21,64,Normal
2026-02-10 16:16:05.211781,Dubai-1ddb,38,72,Normal
2026-02-10 16:16:06.211781,Dubai-1ddb,37,70,Normal
2026-02-10 16:16:07.211781,Dubai-1ddb,14,92,Normal
2026-02-10 16:16:08.211781,Dubai-1ddb,-22,69,Normal
2026-02-10 16:16:09.211781,Dubai-1ddb,-8,78,Normal
2026-02-10 16:16:10.211781,Dubai-1ddb,9,53,Normal
2026-02-10 16:16:11.211781,Dubai-1ddb,37,100,Normal
2026-02-10 16:16:12.211781,Dubai-1ddb,-25,7,Normal
2026-02-10 16:16:13.211781,Dubai-1ddb,25,84,Normal
2026-02-10 16:16:14.211781,Dubai-1ddb,29,96,Normal
2026-02-10 16:16:15.211781,Dubai-1ddb,8,10,Normal
2026-02-10 16:16:16.211781,Dubai-1ddb,-4,59,Normal
2026-02-10 16:16:17.211781,Dubai-1ddb,-7,54,Normal
2026-02-10 16:16:18.211781,Dubai-1ddb,34,40,Normal
2026-02-10 16:16:19.211781,Dubai-1ddb,43,47,Normal
2026-02-10 16:16:20.211781,Dubai-1ddb,46,54,Normal
2026-02-10 16:16:21.211781,Dubai-1ddb,49,11,Normal
2026-02-10 16:16:22.211781,Dubai-1ddb,-28,81,Normal
2026-02-10 16:16:23.211781,Dubai-1ddb,4,77,Normal
2026-02-10 16:16:24.211781,Dubai-1ddb,44,68,Normal
2026-02-10 16:16:25.211781,Dubai-1ddb,-4,94,Normal
2026-02-10 16:16:26.211781,Dubai-1ddb,42,75,Normal
2026-02-10 16:16:27.211781,Dubai-1ddb,-28,60,Normal
2026-02-10 16:16:28.211781,Dubai-1ddb,30,32,Normal
2026-02-10 16:16:29.211781,Dubai-1ddb,-18,65,Normal
2026-02-10 16:16:30.211781,Dubai-1ddb,-18,99,Normal
2026-02-10 16:16:31.211781,Dubai-1ddb,-25,72,Normal
2026-02-10 16:16:32.211781,Dubai-1ddb,-5,76,Normal
2026-02-10 16:16:33.211781,Dubai-1ddb,45,87,Normal
2026-02-10 16:16:34.211781,Dubai-1ddb,35,31,Normal
2026-02-10 16:16:35.211781,Dubai-1ddb,11,91,Normal
2026-02-10 16:16:36.211781,Dubai-1ddb,-30,44,Normal
2026-02-10 16:16:37.211781,Dubai-1ddb,11,93,Normal
2026-02-10 16:16:38.211781,Dubai-1ddb,48,74,Normal
2026-02-10 16:16:39.211781,Dubai-1ddb,38,40,Normal
2026-02-10 16:16:40.211781,Dubai-1ddb,7,9,Normal
2026-02-10 16:16:41.211781,Dubai-1ddb,-26,46,Normal
2026-02-10 16:16:42.211781,Dubai-1ddb,45,71,Normal
2026-02-10 16:16:43.211781,Dubai-1ddb,34,96,Normal
2026-02-10 16:16:44.211781,Dubai-1ddb,30,87,Normal
2026-02-10 16:16:45.211781,Dubai-1ddb,-12,9,Normal
2026-02-10 16:16:46.211781,Dubai-1ddb,48,93,Normal
2026-02-10 16:16:47.211781,Dubai-1ddb,22,5,Normal
2026-02-10 16:16:48.211781,Dubai-1ddb,-27,27,Normal
2026-02-10 16:16:49.211781,Dubai-1ddb,-4,7,Normal
2026-02-10 16:16:50.211781,Dubai-1ddb,1,55,Normal
2026-02-10 16:16:51.211781,Dubai-1ddb,39,99,Normal
2026-02-10 16:16:52.211781,Dubai-1ddb,40,34,Normal
2026-02-10 16:16:53.211781,Dubai-1ddb,37,44,Normal
2026-02-10 16:16:54.211781,Dubai-1ddb,14,96,Normal
2026-02-10 16:16:55.211781,Dubai-1ddb,-27,83,Normal
2026-02-10 16:16:56.211781,Dubai-1ddb,18,25,Normal
2026-02-10 16:16:57.211781,Dubai-1ddb,12,43,Normal
2026-02-10 16:16:58.211781,Dubai-1ddb,7,43,Normal
2026-02-10 16:16:59.211781,Dubai-1ddb,11,27,Normal
2026-02-10 16:17:00.211781,Dubai-1ddb,-20,22,Normal
2026-02-10 16:17:01.211781,Dubai-1ddb,26,46,Normal
2026-02-10 16:17:02.211781,Dubai-1ddb,20,98,Normal
2026-02-10 16:17:03.211781,Dubai-1ddb,31,47,Normal
2026-02-10 16:17:04.211781,Dubai-1ddb,7,55,Normal
2026-02-10 16:17:05.211781,Dubai-1ddb,38,68,Normal
2026-02-10 16:17:06.211781,Dubai-1ddb,2,29,Normal
2026-02-10 16:17:07.211781,Dubai-1ddb,7,15,Normal
2026-02-10 16:17:08.211781,Dubai-1ddb,41,42,Normal
2026-02-10 16:17:09.211781,Dubai-1ddb,10,85,Normal
2026-02-10 16:17:10.211781,Dubai-1ddb,-14,1,Normal
2026-02-10 16:17:11.211781,Dubai-1ddb,28,58,Normal
2026-02-10 16:17:12.211781,Dubai-1ddb,48,55,Normal
2026-02-10 16:17:13.211781,Dubai-1ddb,5,68,Normal
2026-02-10 16:17:14.211781,Dubai-1ddb,50,80,Normal
2026-02-10 16:17:15.211781,Dubai-1ddb,46,71,Normal
2026-02-10 16:17:16.211781,Dubai-1ddb,50,55,Normal
2026-02-10 16:17:17.211781,Dubai-1ddb,-5,44,Normal
2026-02-10 16:17:18.211781,Dubai-1ddb,38,10,Normal
2026-02-10 16:17:19.211781,Dubai-1ddb,13,40,Normal
2026-02-10 16:17:20.211781,Dubai-1ddb,50,63,Normal
2026-02-10 16:17:21.211781,Dubai-1ddb,37,10,Normal
2026-02-10 16:17:22.211781,Dubai-1ddb,-5,73,Normal
2026-02-10 16:17:23.211781,Dubai-1ddb,-5,49,Normal
2026-02-10 16:17:24.211781,Dubai-1ddb,-12,47,Normal
2026-02-10 16:17:25.211781,Dubai-1ddb,46,49,Normal
2026-02-10 16:17:26.211781,Dubai-1ddb,26,10,Normal
2026-02-10 16:17:27.211781,Dubai-1ddb,-8,61,Normal
2026-02-10 16:17:28.211781,Dubai-1ddb,28,86,Normal
2026-02-10 16:17:29.211781,Dubai-1ddb,30,78,Normal
2026-02-10 16:17:30.211781,Dubai-1ddb,-22,6,Normal
2026-02-10 16:17:31.211781,Dubai-1ddb,36,69,Normal
2026-02-10 16:17:32.211781,Dubai-1ddb,-25,13,Normal
2026-02-10 16:17:33.211781,Dubai-1ddb,41,33,Normal
2026-02-10 16:17:34.211781,Dubai-1ddb,26,53,Normal
2026-02-10 16:17:35.211781,Dubai-1ddb,-7,65,Normal
2026-02-10 16:17:36.211781,Dubai-1ddb,46,52,Normal
2026-02-10 16:17:37.211781,Dubai-1ddb,18,15,Normal
2026-02-10 16:17:38.211781,Dubai-1ddb,-6,70,Normal
2026-02-10 16:17:39.211781,Dubai-1ddb,3,45,Normal
2026-02-10 16:17:40.211781,Dubai-1ddb,-8,87,Normal
2026-02-10 16:17:41.211781,Dubai-1ddb,45,27,Normal
2026-02-10 16:17:42.211781,Dubai-1ddb,-23,77,Normal
2026-02-10 16:17:43.211781,Dubai-1ddb,37,88,Normal
2026-02-10 16:17:44.211781,Dubai-1ddb,31,31,Normal
2026-02-10 16:17:45.211781,Dubai-1ddb,20,100,Normal
2026-02-10 16:17:46.211781,Dubai-1ddb,15,66,Normal
2026-02-10 16:17:47.211781,Dubai-1ddb,42,16,Normal
2026-02-10 16:17:48.211781,Dubai-1ddb,20,93,Normal
2026-02-10 16:17:49.211781,Dubai-1ddb,38,17,Normal
2026-02-10 16:17:50.211781,Dubai-1ddb,40,94,Normal
2026-02-10 16:17:51.211781,Dubai-1ddb,-2,0,Normal
2026-02-10 16:17:52.211781,Dubai-1ddb,1,100,Normal
2026-02-10 16:17:53.211781,Dubai-1ddb,-30,34,Normal
2026-02-10 16:17:54.211781,Dubai-1ddb,-5,19,Normal
2026-02-10 16:17:55.211781,Dubai-1ddb,-28,73,Normal
2026-02-10 16:17:56.211781,Dubai-1ddb,25,90,Normal
2026-02-10 16:17:57.211781,Dubai-1ddb,31,24,Normal
2026-02-10 16:17:58.211781,Dubai-1ddb,32,73,Normal
2026-02-10 16:17:59.211781,Dubai-1ddb,5,19,Normal
2026-02-10 16:18:00.211781,Dubai-1ddb,38,97,Normal
2026-02-10 16:18:01.211781,Dubai-1ddb,36,58,Normal
2026-02-10 16:18:02.211781,Dubai-1ddb,-16,81,Normal
2026-02-10 16:18:03.211781,Dubai-1ddb,7,17,Normal
2026-02-10 16:18:04.211781,Dubai-1ddb,-9,66,Normal
2026-02-10 16:18:05.211781,Dubai-1ddb,-7,94,Normal
2026-02-10 16:18:06.211781,Dubai-1ddb,14,33,Normal
2026-02-10 16:18:07.211781,Dubai-1ddb,-3,15,Normal
2026-02-10 16:18:08.211781,Dubai-1ddb,-24,0,Normal
2026-02-10 16:18:09.211781,Dubai-1ddb,43,85,Normal
2026-02-10 16:18:10.211781,Dubai-1ddb,15,46,Normal
2026-02-10 16:18:11.211781,Dubai-1ddb,14,29,Normal
2026-02-10 16:18:12.211781,Dubai-1ddb,41,95,Normal
2026-02-10 16:18:13.211781,Dubai-1ddb,46,70,Normal
2026-02-10 16:18:14.211781,Dubai-1ddb,-3,46,Normal
2026-02-10 16:18:15.211781,Dubai-1ddb,-30,10,Normal
2026-02-10 16:18:16.211781,Dubai-1ddb,-4,100,Normal
2026-02-10 16:18:17.211781,Dubai-1ddb,-19,86,Normal
2026-02-10 16:18:18.211781,Dubai-1ddb,44,49,Normal
2026-02-10 16:18:19.211781,Dubai-1ddb,-5,92,Normal
2026-02-10 16:18:20.211781,Dubai-1ddb,-21,83,Normal
2026-02-10 16:18:21.211781,Dubai-1ddb,25,24,Normal
2026-02-10 16:18:22.211781,Dubai-1ddb,18,69,Normal
2026-02-10 16:18:23.211781,Dubai-1ddb,47,50,Normal
2026-02-10 16:18:24.211781,Dubai-1ddb,0,15,Normal
2026-02-10 16:18:25.211781,Dubai-1ddb,24,26,Normal
2026-02-10 16:18:26.211781,Dubai-1ddb,-18,96,Normal
2026-02-10 16:18:27.211781,Dubai-1ddb,4,69,Normal
2026-02-10 16:18:28.211781,Dubai-1ddb,6,26,Normal
2026-02-10 16:18:29.211781,Dubai-1ddb,9,27,Normal
2026-02-10 16:18:30.211781,Dubai-1ddb,-14,12,Normal
2026-02-10 16:18:31.211781,Dubai-1ddb,28,63,Normal
2026-02-10 16:18:32.211781,Dubai-1ddb,40,98,Normal
2026-02-10 16:18:33.211781,Dubai-1ddb,-14,8,Normal
2026-02-10 16:18:34.211781,Dubai-1ddb,-16,53,Normal
2026-02-10 16:18:35.211781,Dubai-1ddb,26,81,Normal
2026-02-10 16:18:36.211781,Dubai-1ddb,39,90,Normal
2026-02-10 16:18:37.211781,Dubai-1ddb,-27,95,Normal
2026-02-10 16:18:38.211781,Dubai-1ddb,8,3,Normal
2026-02-10 16:18:39.211781,Dubai-1ddb,42,25,Normal
2026-02-10 16:18:40.211781,Dubai-1ddb,34,71,Normal
2026-02-10 16:18:41.211781,Dubai-1ddb,23,83,Normal
2026-02-10 16:18:42.211781,Dubai-1ddb,40,67,Normal
2026-02-10 16:18:43.211781,Dubai-1ddb,-22,10,Normal
2026-02-10 16:18:44.211781,Dubai-1ddb,26,69,Normal
2026-02-10 16:18:45.211781,Dubai-1ddb,-14,67,Normal
2026-02-10 16:18:46.211781,Dubai-1ddb,32,58,Normal
2026-02-10 16:18:47.211781,Dubai-1ddb,38,39,Normal
2026-02-10 16:18:48.211781,Dubai-1ddb,0,88,Normal
2026-02-10 16:18:49.211781,Dubai-1ddb,8,79,Normal
2026-02-10 16:18:50.211781,Dubai-1ddb,21,14,Normal
2026-02-10 16:18:51.211781,Dubai-1ddb,46,9,Normal
2026-02-10 16:18:52.211781,Dubai-1ddb,7,40,Normal
2026-02-10 16:18:53.211781,Dubai-1ddb,-23,40,Normal
2026-02-10 16:18:54.211781,Dubai-1ddb,44,79,Normal
2026-02-10 16:18:55.211781,Dubai-1ddb,42,87,Normal
2026-02-10 16:18:56.211781,Dubai-1ddb,49,10,Normal
2026-02-10 16:18:57.211781,Dubai-1ddb,5,65,Normal
2026-02-10 16:18:58.211781,Dubai-1ddb,31,92,Normal
2026-02-10 16:18:59.211781,Dubai-1ddb,7,19,Normal
2026-02-10 16:19:00.211781,Dubai-1ddb,38,33,Normal
2026-02-10 16:19:01.211781,Dubai-1ddb,43,81,Normal
2026-02-10 16:19:02.211781,Dubai-1ddb,8,74,Normal
2026-02-10 16:19:03.211781,Dubai-1ddb,23,9,Normal
2026-02-10 16:19:04.211781,Dubai-1ddb,16,9,Normal
2026-02-10 16:19:05.211781,Dubai-1ddb,-13,58,Normal
2026-02-10 16:19:06.211781,Dubai-1ddb,-9,22,Normal
2026-02-10 16:19:07.211781,Dubai-1ddb,-2,14,Normal
2026-02-10 16:19:08.211781,Dubai-1ddb,-18,85,Normal
2026-02-10 16:19:09.211781,Dubai-1ddb,9,70,Normal
2026-02-10 16:19:10.211781,Dubai-1ddb,33,86,Normal
2026-02-10 16:19:11.211781,Dubai-1ddb,28,25,Normal
2026-02-10 16:19:12.211781,Dubai-1ddb,22,86,Normal
2026-02-10 16:19:13.211781,Dubai-1ddb,-24,58,Normal
2026-02-10 16:19:14.211781,Dubai-1ddb,-11,83,Normal
2026-02-10 16:19:15.211781,Dubai-1ddb,-6,54,Normal
2026-02-10 16:19:16.211781,Dubai-1ddb,33,86,Normal
2026-02-10 16:19:17.211781,Dubai-1ddb,20,46,Normal
2026-02-10 16:19:18.211781,Dubai-1ddb,-14,88,Normal
2026-02-10 16:19:19.211781,Dubai-1ddb,-14,24,Normal
2026-02-10 16:19:20.211781,Dubai-1ddb,21,2,Normal
2026-02-10 16:19:21.211781,Dubai-1ddb,-4,66,Normal
2026-02-10 16:19:22.211781,Dubai-1ddb,50,84,Normal
2026-02-10 16:19:23.211781,Dubai-1ddb,-8,88,Normal
2026-02-10 16:19:24.211781,Dubai-1ddb,44,82,Normal
2026-02-10 16:19:25.211781,Dubai-1ddb,-11,59,Normal
2026-02-10 16:19:26.211781,Dubai-1ddb,44,14,Normal
2026-02-10 16:19:27.211781,Dubai-1ddb,-9,65,Normal
2026-02-10 16:19:28.211781,Dubai-1ddb,-10,50,Normal
2026-02-10 16:19:29.211781,Dubai-1ddb,31,95,Normal
2026-02-10 16:19:30.211781,Dubai-1ddb,-3,53,Normal
2026-02-10 16:19:31.211781,Dubai-1ddb,46,70,Normal
2026-02-10 16:19:32.211781,Dubai-1ddb,44,89,Normal
2026-02-10 16:19:33.211781,Dubai-1ddb,0,79,Normal
2026-02-10 16:19:34.211781,Dubai-1ddb,32,42,Normal
2026-02-10 16:19:35.211781,Dubai-1ddb,17,98,Normal
2026-02-10 16:19:36.211781,Dubai-1ddb,-29,88,Normal
2026-02-10 16:19:37.211781,Dubai-1ddb,14,20,Normal
2026-02-10 16:19:38.211781,Dubai-1ddb,20,64,Normal
2026-02-10 16:19:39.211781,Dubai-1ddb,-22,68,Normal
2026-02-10 16:19:40.211781,Dubai-1ddb,-10,50,Normal
2026-02-10 16:19:41.211781,Dubai-1ddb,10,94,Normal
2026-02-10 16:19:42.211781,Dubai-1ddb,48,52,Normal
2026-02-10 16:19:43.211781,Dubai-1ddb,30,34,Normal
2026-02-10 16:19:44.211781,Dubai-1ddb,49,75,Normal
2026-02-10 16:19:45.211781,Dubai-1ddb,11,49,Normal
2026-02-10 16:19:46.211781,Dubai-1ddb,47,19,Normal
2026-02-10 16:19:47.211781,Dubai-1ddb,-14,11,Normal
2026-02-10 16:19:48.211781,Dubai-1ddb,36,12,Normal
2026-02-10 16:19:49.211781,Dubai-1ddb,37,63,Normal
2026-02-10 16:19:50.211781,Dubai-1ddb,18,66,Normal
2026-02-10 16:19:51.211781,Dubai-1ddb,-9,75,Normal
2026-02-10 16:19:52.211781,Dubai-1ddb,42,19,Normal
2026-02-10 16:19:53.211781,Dubai-1ddb,-14,18,Normal
2026-02-10 16:19:54.211781,Dubai-1ddb,5,99,Normal
2026-02-10 16:19:55.211781,Dubai-1ddb,-17,5,Normal
2026-02-10 16:19:56.211781,Dubai-1ddb,-19,4,Normal
2026-02-10 16:19:57.211781,Dubai-1ddb,17,35,Normal
2026-02-10 16:19:58.211781,Dubai-1ddb,25,38,Normal
2026-02-10 16:19:59.211781,Dubai-1ddb,38,90,Normal
2026-02-10 16:20:00.211781,Dubai-1ddb,29,4,Normal
2026-02-10 16:20:01.211781,Dubai-1ddb,14,95,Normal
2026-02-10 16:20:02.211781,Dubai-1ddb,-2,43,Normal
2026-02-10 16:20:03.211781,Dubai-1ddb,29,39,Normal
2026-02-10 16:20:04.211781,Dubai-1ddb,-21,65,Normal
2026-02-10 16:20:05.211781,Dubai-1ddb,-15,61,Normal
2026-02-10 16:20:06.211781,Dubai-1ddb,34,66,Normal
2026-02-10 16:20:07.211781,Dubai-1ddb,-4,15,Normal
2026-02-10 16:20:08.211781,Dubai-1ddb,-8,81,Normal
2026-02-10 16:20:09.211781,Dubai-1ddb,0,16,Normal
2026-02-10 16:20:10.211781,Dubai-1ddb,-18,16,Normal
2026-02-10 16:20:11.211781,Dubai-1ddb,12,67,Normal
2026-02-10 16:20:12.211781,Dubai-1ddb,36,35,Normal
2026-02-10 16:20:13.211781,Dubai-1ddb,-27,92,Normal
2026-02-10 16:20:14.211781,Dubai-1ddb,17,90,Normal
2026-02-10 16:20:15.211781,Dubai-1ddb,-13,11,Normal
2026-02-10 16:20:16.211781,Dubai-1ddb,28,41,Normal
2026-02-10 16:20:17.211781,Dubai-1ddb,6,68,Normal
2026-02-10 16:20:18.211781,Dubai-1ddb,-10,93,Normal
2026-02-10 16:20:19.211781,Dubai-1ddb,38,52,Normal
2026-02-10 16:20:20.211781,Dubai-1ddb,-28,47,Normal
2026-02-10 16:20:21.211781,Dubai-1ddb,44,53,Normal
2026-02-10 16:20:22.211781,Dubai-1ddb,8,91,Normal
2026-02-10 16:20:23.211781,Dubai-1ddb,38,49,Normal
2026-02-10 16:20:24.211781,Dubai-1ddb,42,73,Normal
2026-02-10 16:20:25.211781,Dubai-1ddb,-5,87,Normal
2026-02-10 16:20:26.211781,Dubai-1ddb,37,20,Normal
2026-02-10 16:20:27.211781,Dubai-1ddb,20,96,Normal
2026-02-10 16:20:28.211781,Dubai-1ddb,-9,46,Normal
2026-02-10 16:20:29.211781,Dubai-1ddb,42,89,Normal
2026-02-10 16:20:30.211781,Dubai-1ddb,21,50,Normal
2026-02-10 16:20:31.211781,Dubai-1ddb,26,78,Normal
2026-02-10 16:20:32.211781,Dubai-1ddb,-17,1,Normal
2026-02-10 16:20:33.211781,Dubai-1ddb,31,81,Normal
2026-02-10 16:20:34.211781,Dubai-1ddb,23,15,Normal
2026-02-10 16:20:35.211781,Dubai-1ddb,37,35,Normal
2026-02-10 16:20:36.211781,Dubai-1ddb,18,13,Normal
2026-02-10 16:20:37.211781,Dubai-1ddb,-14,57,Normal
2026-02-10 16:20:38.211781,Dubai-1ddb,27,90,Normal
2026-02-10 16:20:39.211781,Dubai-1ddb,2,10,Normal
2026-02-10 16:20:40.211781,Dubai-1ddb,18,94,Normal
2026-02-10 16:20:41.211781,Dubai-1ddb,15,10,Normal
2026-02-10 16:20:42.211781,Dubai-1ddb,23,93,Normal
2026-02-10 16:20:43.211781,Dubai-1ddb,49,49,Normal
2026-02-10 16:20:44.211781,Dubai-1ddb,-5,45,Normal
2026-02-10 16:20:45.211781,Dubai-1ddb,-5,90,Normal
2026-02-10 16:20:46.211781,Dubai-1ddb,1,16,Normal
2026-02-10 16:20:47.211781,Dubai-1ddb,9,56,Normal
2026-02-10 16:20:48.211781,Dubai-1ddb,11,54,Normal
2026-02-10 16:20:49.211781,Dubai-1ddb,28,28,Normal
2026-02-10 16:20:50.211781,Dubai-1ddb,47,46,Normal
2026-02-10 16:20:51.211781,Dubai-1ddb,1,28,Normal
2026-02-10 16:20:52.211781,Dubai-1ddb,-27,2,Normal
2026-02-10 16:20:53.211781,Dubai-1ddb,15,15,Normal
2026-02-10 16:20:54.211781,Dubai-1ddb,-4,53,Normal
2026-02-10 16:20:55.211781,Dubai-1ddb,35,83,Normal
2026-02-10 16:20:56.211781,Dubai-1ddb,25,26,Normal
2026-02-10 16:20:57.211781,Dubai-1ddb,-10,67,Normal
2026-02-10 16:20:58.211781,Dubai-1ddb,-13,56,Normal
2026-02-10 16:20:59.211781,Dubai-1ddb,15,68,Normal
2026-02-10 16:21:00.211781,Dubai-1ddb,40,13,Normal
2026-02-10 16:21:01.211781,Dubai-1ddb,36,16,Normal
2026-02-10 16:21:02.211781,Dubai-1ddb,30,6,Normal
2026-02-10 16:21:03.211781,Dubai-1ddb,17,66,Normal
2026-02-10 16:21:04.211781,Dubai-1ddb,11,78,Normal
2026-02-10 16:21:05.211781,Dubai-1ddb,45,50,Normal
2026-02-10 16:21:06.211781,Dubai-1ddb,16,12,Normal
2026-02-10 16:21:07.211781,Dubai-1ddb,3,82,Normal
2026-02-10 16:21:08.211781,Dubai-1ddb,-26,83,Normal
2026-02-10 16:21:09.211781,Dubai-1ddb,-7,21,Normal
2026-02-10 16:21:10.211781,Dubai-1ddb,41,69,Normal
2026-02-10 16:21:11.211781,Dubai-1ddb,9,90,Normal
2026-02-10 16:21:12.211781,Dubai-1ddb,-13,78,Normal
2026-02-10 16:21:13.211781,Dubai-1ddb,-16,13,Normal
2026-02-10 16:21:14.211781,Dubai-1ddb,16,71,Normal
2026-02-10 16:21:15.211781,Dubai-1ddb,-8,46,Normal
2026-02-10 16:21:16.211781,Dubai-1ddb,-18,56,Normal
2026-02-10 16:21:17.211781,Dubai-1ddb,7,70,Normal
2026-02-10 16:21:18.211781,Dubai-1ddb,10,9,Normal
2026-02-10 16:21:19.211781,Dubai-1ddb,32,71,Normal
2026-02-10 16:21:20.211781,Dubai-1ddb,-28,12,Normal
2026-02-10 16:21:21.211781,Dubai-1ddb,24,20,Normal
2026-02-10 16:21:22.211781,Dubai-1ddb,-26,12,Normal
2026-02-10 16:21:23.211781,Dubai-1ddb,-7,85,Normal
2026-02-10 16:21:24.211781,Dubai-1ddb,19,13,Normal
2026-02-10 16:21:25.211781,Dubai-1ddb,-8,74,Normal
2026-02-10 16:21:26.211781,Dubai-1ddb,-8,15,Normal
2026-02-10 16:21:27.211781,Dubai-1ddb,-15,69,Normal
2026-02-10 16:21:28.211781,Dubai-1ddb,39,75,Normal
2026-02-10 16:21:29.211781,Dubai-1ddb,3,99,Normal
2026-02-10 16:21:30.211781,Dubai-1ddb,21,47,Normal
2026-02-10 16:21:31.211781,Dubai-1ddb,-21,67,Normal
2026-02-10 16:21:32.211781,Dubai-1ddb,32,56,Normal
2026-02-10 16:21:33.211781,Dubai-1ddb,34,84,Normal
2026-02-10 16:21:34.211781,Dubai-1ddb,-28,39,Normal
2026-02-10 16:21:35.211781,Dubai-1ddb,47,5,Normal
2026-02-10 16:21:36.211781,Dubai-1ddb,50,45,Normal
2026-02-10 16:21:37.211781,Dubai-1ddb,-7,40,Normal
2026-02-10 16:21:38.211781,Dubai-1ddb,20,39,Normal
2026-02-10 16:21:39.211781,Dubai-1ddb,-17,11,Normal
2026-02-10 16:21:40.211781,Dubai-1ddb,-5,26,Normal
2026-02-10 16:21:41.211781,Dubai-1ddb,19,19,Normal
2026-02-10 16:21:42.211781,Dubai-1ddb,-9,57,Normal
2026-02-10 16:21:43.211781,Dubai-1ddb,7,58,Normal
2026-02-10 16:21:44.211781,Dubai-1ddb,27,39,Normal
2026-02-10 16:21:45.211781,Dubai-1ddb,-3,66,Normal
2026-02-10 16:21:46.211781,Dubai-1ddb,16,45,Normal
2026-02-10 16:21:47.211781,Dubai-1ddb,0,58,Normal
2026-02-10 16:21:48.211781,Dubai-1ddb,33,52,Normal
2026-02-10 16:21:49.211781,Dubai-1ddb,10,35,Normal
2026-02-10 16:21:50.211781,Dubai-1ddb,-7,3,Normal
2026-02-10 16:21:51.211781,Dubai-1ddb,32,78,Normal
2026-02-10 16:21:52.211781,Dubai-1ddb,-9,50,Normal
2026-02-10 16:21:53.211781,Dubai-1ddb,-20,94,Normal
