timestamp,station_id,temp,humid,condition
2026-02-10 21:16:32.981239,Paris-8608,-27,45,Normal
2026-02-10 21:16:33.981239,Paris-8608,-6,52,Normal
2026-02-10 21:16:34.981239,Paris-8608,45,87,Normal
2026-02-10 21:16:35.981239,Paris-8608,-25,59,Normal
2026-02-10 21:16:36.981239,Paris-8608,7,40,Normal
2026-02-10 21:16:37.981239,Paris-8608,-28,26,Normal
2026-02-10 21:16:38.981239,Paris-8608,-9,4,Normal
2026-02-10 21:16:39.981239,Paris-8608,46,98,Normal
2026-02-10 21:16:40.981239,Paris-8608,-26,44,Normal
2026-02-10 21:16:41.981239,Paris-8608,-16,86,Normal
2026-02-10 21:16:42.981239,Paris-8608,43,80,Normal
2026-02-10 21:16:43.981239,Paris-8608,19,24,Normal
2026-02-10 21:16:44.981239,Paris-8608,6,47,Normal
2026-02-10 21:16:45.981239,Paris-8608,-26,21,Normal
2026-02-10 21:16:46.981239,Paris-8608,17,93,Normal
2026-02-10 21:16:47.981239,Paris-8608,4,44,Normal
2026-02-10 21:16:48.981239,Paris-8608,17,7,Normal
2026-02-10 21:16:49.981239,Paris-8608,-5,100,Normal
2026-02-10 21:16:50.981239,Paris-8608,27,78,Normal
2026-02-10 21:16:51.981239,Paris-8608,-13,9,Normal
2026-02-10 21:16:52.981239,Paris-8608,-17,3,Normal
2026-02-10 21:16:53.981239,Paris-8608,42,52,Normal
2026-02-10 21:16:54.981239,Paris-8608,-14,24,Normal
2026-02-10 21:16:55.981239,Paris-8608,42,26,Normal
2026-02-10 21:16:56.981239,Paris-8608,-1,49,Normal
2026-02-10 21:16:57.981239,Paris-8608,-21,81,Normal
2026-02-10 21:16:58.981239,Paris-8608,42,56,Normal
2026-02-10 21:16:59.981239,Paris-8608,22,99,Normal
2026-02-10 21:17:00.981239,Paris-8608,-9,67,Normal
2026-02-10 21:17:01.981239,Paris-8608,-18,51,Normal
2026-02-10 21:17:02.981239,Paris-8608,7,54,Normal
2026-02-10 21:17:03.981239,Paris-8608,30,21,Normal
2026-02-10 21:17:04.981239,Paris-8608,23,96,Normal
2026-02-10 21:17:05.981239,Paris-8608,-25,73,Normal
2026-02-10 21:17:06.981239,Paris-8608,37,33,Normal
2026-02-10 21:17:07.981239,Paris-8608,-1,3,Normal
2026-02-10 21:17:08.981239,Paris-8608,48,77,Normal
2026-02-10 21:17:09.981239,Paris-8608,33,70,Normal
2026-02-10 21:17:10.981239,Paris-8608,-10,40,Normal
2026-02-10 21:17:11.981239,Paris-8608,21,11,Normal
2026-02-10 21:17:12.981239,Paris-8608,37,97,Normal
2026-02-10 21:17:13.981239,Paris-8608,-27,10,Normal
2026-02-10 21:17:14.981239,Paris-8608,-3,27,Normal
2026-02-10 21:17:15.981239,Paris-8608,-21,79,Normal
2026-02-10 21:17:16.981239,Paris-8608,-28,26,Normal
2026-02-10 21:17:17.981239,Paris-8608,50,75,Normal
2026-02-10 21:17:18.981239,Paris-8608,13,24,Normal
2026-02-10 21:17:19.981239,Paris-8608,-2,41,Normal
2026-02-10 21:17:20.981239,Paris-8608,-30,22,Normal
2026-02-10 21:17:21.981239,Paris-8608,17,29,Normal
2026-02-10 21:17:22.981239,Paris-8608,16,54,Normal
2026-02-10 21:17:23.981239,Paris-8608,23,75,Normal
2026-02-10 21:17:24.981239,Paris-8608,28,60,Normal
2026-02-10 21:17:25.981239,Paris-8608,41,3,Normal
2026-02-10 21:17:26.981239,Paris-8608,44,96,Normal
2026-02-10 21:17:27.981239,Paris-8608,15,55,Normal
2026-02-10 21:17:28.981239,Paris-8608,5,83,Normal
2026-02-10 21:17:29.981239,Paris-8608,17,3,Normal
2026-02-10 21:17:30.981239,Paris-8608,14,60,Normal
2026-02-10 21:17:31.981239,Paris-8608,1,34,Normal
2026-02-10 21:17:32.981239,Paris-8608,-1,82,Normal
2026-02-10 21:17:33.981239,Paris-8608,39,15,Normal
2026-02-10 21:17:34.981239,Paris-8608,-3,72,Normal
2026-02-10 21:17:35.981239,Paris-8608,-19,90,Normal
2026-02-10 21:17:36.981239,Paris-8608,-2,0,Normal
2026-02-10 21:17:37.981239,Paris-8608,14,16,Normal
2026-02-10 21:17:38.981239,Paris-8608,50,98,Normal
2026-02-10 21:17:39.981239,Paris-8608,24,91,Normal
2026-02-10 21:17:40.981239,Paris-8608,-3,34,Normal
2026-02-10 21:17:41.981239,Paris-8608,-6,71,Normal
2026-02-10 21:17:42.981239,Paris-8608,-15,11,Normal
2026-02-10 21:17:43.981239,Paris-8608,47,47,Normal
2026-02-10 21:17:44.981239,Paris-8608,-24,65,Normal
2026-02-10 21:17:45.981239,Paris-8608,21,61,Normal
2026-02-10 21:17:46.981239,Paris-8608,26,74,Normal
2026-02-10 21:17:47.981239,Paris-8608,-27,39,Normal
2026-02-10 21:17:48.981239,Paris-8608,34,58,Normal
2026-02-10 21:17:49.981239,Paris-8608,-3,6,Normal
2026-02-10 21:17:50.981239,Paris-8608,-26,77,Normal
2026-02-10 21:17:51.981239,Paris-8608,-21,37,Normal
2026-02-10 21:17:52.981239,Paris-8608,-12,32,Normal
2026-02-10 21:17:53.981239,Paris-8608,-24,35,Normal
2026-02-10 21:17:54.981239,Paris-8608,27,60,Normal
2026-02-10 21:17:55.981239,Paris-8608,23,12,Normal
2026-02-10 21:17:56.981239,Paris-8608,6,52,Normal
2026-02-10 21:17:57.981239,Paris-8608,8,80,Normal
2026-02-10 21:17:58.981239,Paris-8608,-19,57,Normal
2026-02-10 21:17:59.981239,Paris-8608,11,46,Normal
2026-02-10 21:18:00.981239,Paris-8608,41,82,Normal
2026-02-10 21:18:01.981239,Paris-8608,20,61,Normal
2026-02-10 21:18:02.981239,Paris-8608,48,70,Normal
2026-02-10 21:18:03.981239,Paris-8608,9,17,Normal
2026-02-10 21:18:04.981239,Paris-8608,15,39,Normal
2026-02-10 21:18:05.981239,Paris-8608,-5,87,Normal
2026-02-10 21:18:06.981239,Paris-8608,4,68,Normal
2026-02-10 21:18:07.981239,Paris-8608,35,44,Normal
2026-02-10 21:18:08.981239,Paris-8608,37,62,Normal
2026-02-10 21:18:09.981239,Paris-8608,-20,80,Normal
2026-02-10 21:18:10.981239,Paris-8608,43,89,Normal
2026-02-10 21:18:11.981239,Paris-8608,49,55,Normal
2026-02-10 21:18:12.981239,Paris-8608,-8,8,Normal
2026-02-10 21:18:13.981239,Paris-8608,0,49,Normal
2026-02-10 21:18:14.981239,Paris-8608,50,16,Normal
2026-02-10 21:18:15.981239,Paris-8608,16,91,Normal
2026-02-10 21:18:16.981239,Paris-8608,1,86,Normal
2026-02-10 21:18:17.981239,Paris-8608,0,95,Normal
2026-02-10 21:18:18.981239,Paris-8608,9,26,Normal
2026-02-10 21:18:19.981239,Paris-8608,21,64,Normal
2026-02-10 21:18:20.981239,Paris-8608,22,12,Normal
2026-02-10 21:18:21.981239,Paris-8608,33,18,Normal
2026-02-10 21:18:22.981239,Paris-8608,48,22,Normal
2026-02-10 21:18:23.981239,Paris-8608,-23,69,Normal
2026-02-10 21:18:24.981239,Paris-8608,0,72,Normal
2026-02-10 21:18:25.981239,Paris-8608,41,80,Normal
2026-02-10 21:18:26.981239,Paris-8608,36,80,Normal
2026-02-10 21:18:27.981239,Paris-8608,24,68,Normal
2026-02-10 21:18:28.981239,Paris-8608,-6,72,Normal
2026-02-10 21:18:29.981239,Paris-8608,12,18,Normal
2026-02-10 21:18:30.981239,Paris-8608,1,31,Normal
2026-02-10 21:18:31.981239,Paris-8608,12,67,Normal
2026-02-10 21:18:32.981239,Paris-8608,-25,84,Normal
2026-02-10 21:18:33.981239,Paris-8608,-14,38,Normal
2026-02-10 21:18:34.981239,Paris-8608,10,22,Normal
2026-02-10 21:18:35.981239,Paris-8608,-3,68,Normal
2026-02-10 21:18:36.981239,Paris-8608,-19,92,Normal
2026-02-10 21:18:37.981239,Paris-8608,-26,58,Normal
2026-02-10 21:18:38.981239,Paris-8608,50,54,Normal
2026-02-10 21:18:39.981239,Paris-8608,31,9,Normal
2026-02-10 21:18:40.981239,Paris-8608,-4,74,Normal
2026-02-10 21:18:41.981239,Paris-8608,12,86,Normal
2026-02-10 21:18:42.981239,Paris-8608,33,32,Normal
2026-02-10 21:18:43.981239,Paris-8608,9,61,Normal
2026-02-10 21:18:44.981239,Paris-8608,-8,98,Normal
2026-02-10 21:18:45.981239,Paris-8608,11,0,Normal
2026-02-10 21:18:46.981239,Paris-8608,24,19,Normal
2026-02-10 21:18:47.981239,Paris-8608,26,72,Normal
2026-02-10 21:18:48.981239,Paris-8608,-15,32,Normal
2026-02-10 21:18:49.981239,Paris-8608,16,11,Normal
2026-02-10 21:18:50.981239,Paris-8608,-9,35,Normal
2026-02-10 21:18:51.981239,Paris-8608,6,31,Normal
2026-02-10 21:18:52.981239,Paris-8608,23,90,Normal
2026-02-10 21:18:53.981239,Paris-8608,35,69,Normal
2026-02-10 21:18:54.981239,Paris-8608,-7,51,Normal
2026-02-10 21:18:55.981239,Paris-8608,-19,73,Normal
2026-02-10 21:18:56.981239,Paris-8608,-21,1,Normal
2026-02-10 21:18:57.981239,Paris-8608,28,35,Normal
2026-02-10 21:18:58.981239,Paris-8608,14,84,Normal
2026-02-10 21:18:59.981239,Paris-8608,-15,47,Normal
2026-02-10 21:19:00.981239,Paris-8608,-15,68,Normal
2026-02-10 21:19:01.981239,Paris-8608,-25,77,Normal
2026-02-10 21:19:02.981239,Paris-8608,-27,66,Normal
2026-02-10 21:19:03.981239,Paris-8608,0,21,Normal
2026-02-10 21:19:04.981239,Paris-8608,-15,82,Normal
2026-02-10 21:19:05.981239,Paris-8608,15,64,Normal
2026-02-10 21:19:06.981239,Paris-8608,24,97,Normal
2026-02-10 21:19:07.981239,Paris-8608,-19,63,Normal
2026-02-10 21:19:08.981239,Paris-8608,38,94,Normal
2026-02-10 21:19:09.981239,Paris-8608,-3,69,Normal
2026-02-10 21:19:10.981239,Paris-8608,-7,91,Normal
2026-02-10 21:19:11.981239,Paris-8608,40,61,Normal
2026-02-10 21:19:12.981239,Paris-8608,-16,73,Normal
2026-02-10 21:19:13.981239,Paris-8608,11,41,Normal
2026-02-10 21:19:14.981239,Paris-8608,-24,93,Normal
2026-02-10 21:19:15.981239,Paris-8608,22,11,Normal
2026-02-10 21:19:16.981239,Paris-8608,0,21,Normal
2026-02-10 21:19:17.981239,Paris-8608,-3,80,Normal
2026-02-10 21:19:18.981239,Paris-8608,-6,74,Normal
2026-02-10 21:19:19.981239,Paris-8608,-1,33,Normal
2026-02-10 21:19:20.981239,Paris-8608,8,55,Normal
2026-02-10 21:19:21.981239,Paris-8608,-18,56,Normal
2026-02-10 21:19:22.981239,Paris-8608,23,40,Normal
2026-02-10 21:19:23.981239,Paris-8608,-7,33,Normal
2026-02-10 21:19:24.981239,Paris-8608,-6,36,Normal
2026-02-10 21:19:25.981239,Paris-8608,10,70,Normal
2026-02-10 21:19:26.981239,Paris-8608,23,4,Normal
2026-02-10 21:19:27.981239,Paris-8608,-28,43,Normal
2026-02-10 21:19:28.981239,Paris-8608,-7,78,Normal
2026-02-10 21:19:29.981239,Paris-8608,32,32,Normal
2026-02-10 21:19:30.981239,Paris-8608,-19,85,Normal
2026-02-10 21:19:31.981239,Paris-8608,15,9,Normal
2026-02-10 21:19:32.981239,Paris-8608,25,67,Normal
2026-02-10 21:19:33.981239,Paris-8608,-14,70,Normal
2026-02-10 21:19:34.981239,Paris-8608,41,39,Normal
2026-02-10 21:19:35.981239,Paris-8608,15,3,Normal
2026-02-10 21:19:36.981239,Paris-8608,25,10,Normal
2026-02-10 21:19:37.981239,Paris-8608,-21,27,Normal
2026-02-10 21:19:38.981239,Paris-8608,-9,24,Normal
2026-02-10 21:19:39.981239,Paris-8608,32,19,Normal
2026-02-10 21:19:40.981239,Paris-8608,3,74,Normal
2026-02-10 21:19:41.981239,Paris-8608,40,82,Normal
2026-02-10 21:19:42.981239,Paris-8608,13,98,Normal
2026-02-10 21:19:43.981239,Paris-8608,46,100,Normal
2026-02-10 21:19:44.981239,Paris-8608,-14,2,Normal
2026-02-10 21:19:45.981239,Paris-8608,28,29,Normal
2026-02-10 21:19:46.981239,Paris-8608,8,20,Normal
2026-02-10 21:19:47.981239,Paris-8608,11,48,Normal
2026-02-10 21:19:48.981239,Paris-8608,29,27,Normal
2026-02-10 21:19:49.981239,Paris-8608,18,53,Normal
2026-02-10 21:19:50.981239,Paris-8608,-21,16,Normal
2026-02-10 21:19:51.981239,Paris-8608,46,75,Normal
2026-02-10 21:19:52.981239,Paris-8608,-25,45,Normal
2026-02-10 21:19:53.981239,Paris-8608,41,72,Normal
2026-02-10 21:19:54.981239,Paris-8608,28,92,Normal
2026-02-10 21:19:55.981239,Paris-8608,-23,23,Normal
2026-02-10 21:19:56.981239,Paris-8608,-1,86,Normal
2026-02-10 21:19:57.981239,Paris-8608,13,5,Normal
2026-02-10 21:19:58.981239,Paris-8608,-17,93,Normal
2026-02-10 21:19:59.981239,Paris-8608,-9,38,Normal
2026-02-10 21:20:00.981239,Paris-8608,43,13,Normal
2026-02-10 21:20:01.981239,Paris-8608,6,98,Normal
2026-02-10 21:20:02.981239,Paris-8608,-30,73,Normal
2026-02-10 21:20:03.981239,Paris-8608,42,11,Normal
2026-02-10 21:20:04.981239,Paris-8608,-3,14,Normal
2026-02-10 21:20:05.981239,Paris-8608,-14,18,Normal
2026-02-10 21:20:06.981239,Paris-8608,-19,85,Normal
2026-02-10 21:20:07.981239,Paris-8608,11,100,Normal
2026-02-10 21:20:08.981239,Paris-8608,-3,54,Normal
2026-02-10 21:20:09.981239,Paris-8608,19,44,Normal
2026-02-10 21:20:10.981239,Paris-8608,-27,15,Normal
2026-02-10 21:20:11.981239,Paris-8608,20,68,Normal
2026-02-10 21:20:12.981239,Paris-8608,19,62,Normal
2026-02-10 21:20:13.981239,Paris-8608,34,45,Normal
2026-02-10 21:20:14.981239,Paris-8608,32,90,Normal
2026-02-10 21:20:15.981239,Paris-8608,17,54,Normal
2026-02-10 21:20:16.981239,Paris-8608,-23,39,Normal
2026-02-10 21:20:17.981239,Paris-8608,5,70,Normal
2026-02-10 21:20:18.981239,Paris-8608,25,54,Normal
2026-02-10 21:20:19.981239,Paris-8608,20,52,Normal
2026-02-10 21:20:20.981239,Paris-8608,8,28,Normal
2026-02-10 21:20:21.981239,Paris-8608,38,11,Normal
2026-02-10 21:20:22.981239,Paris-8608,-9,94,Normal
2026-02-10 21:20:23.981239,Paris-8608,-30,94,Normal
2026-02-10 21:20:24.981239,Paris-8608,-1,64,Normal
2026-02-10 21:20:25.981239,Paris-8608,12,54,Normal
2026-02-10 21:20:26.981239,Paris-8608,14,44,Normal
2026-02-10 21:20:27.981239,Paris-8608,-13,53,Normal
2026-02-10 21:20:28.981239,Paris-8608,-18,45,Normal
2026-02-10 21:20:29.981239,Paris-8608,13,35,Normal
2026-02-10 21:20:30.981239,Paris-8608,46,100,Normal
2026-02-10 21:20:31.981239,Paris-8608,-26,22,Normal
2026-02-10 21:20:32.981239,Paris-8608,28,66,Normal
2026-02-10 21:20:33.981239,Paris-8608,-2,39,Normal
2026-02-10 21:20:34.981239,Paris-8608,11,1,Normal
2026-02-10 21:20:35.981239,Paris-8608,-26,79,Normal
2026-02-10 21:20:36.981239,Paris-8608,8,88,Normal
2026-02-10 21:20:37.981239,Paris-8608,40,83,Normal
2026-02-10 21:20:38.981239,Paris-8608,-29,98,Normal
2026-02-10 21:20:39.981239,Paris-8608,1,13,Normal
2026-02-10 21:20:40.981239,Paris-8608,23,65,Normal
2026-02-10 21:20:41.981239,Paris-8608,35,85,Normal
2026-02-10 21:20:42.981239,Paris-8608,33,41,Normal
2026-02-10 21:20:43.981239,Paris-8608,16,57,Normal
2026-02-10 21:20:44.981239,Paris-8608,-7,99,Normal
2026-02-10 21:20:45.981239,Paris-8608,-7,9,Normal
2026-02-10 21:20:46.981239,Paris-8608,40,51,Normal
2026-02-10 21:20:47.981239,Paris-8608,-18,15,Normal
2026-02-10 21:20:48.981239,Paris-8608,50,83,Normal
2026-02-10 21:20:49.981239,Paris-8608,-26,97,Normal
2026-02-10 21:20:50.981239,Paris-8608,41,39,Normal
2026-02-10 21:20:51.981239,Paris-8608,3,84,Normal
2026-02-10 21:20:52.981239,Paris-8608,-6,35,Normal
2026-02-10 21:20:53.981239,Paris-8608,43,51,Normal
2026-02-10 21:20:54.981239,Paris-8608,41,28,Normal
2026-02-10 21:20:55.981239,Paris-8608,26,37,Normal
2026-02-10 21:20:56.981239,Paris-8608,11,74,Normal
2026-02-10 21:20:57.981239,Paris-8608,25,14,Normal
2026-02-10 21:20:58.981239,Paris-8608,8,29,Normal
2026-02-10 21:20:59.981239,Paris-8608,46,64,Normal
2026-02-10 21:21:00.981239,Paris-8608,49,6,Normal
2026-02-10 21:21:01.981239,Paris-8608,19,30,Normal
2026-02-10 21:21:02.981239,Paris-8608,27,49,Normal
2026-02-10 21:21:03.981239,Paris-8608,34,17,Normal
2026-02-10 21:21:04.981239,Paris-8608,12,16,Normal
2026-02-10 21:21:05.981239,Paris-8608,21,11,Normal
2026-02-10 21:21:06.981239,Paris-8608,50,25,Normal
2026-02-10 21:21:07.981239,Paris-8608,22,35,Normal
2026-02-10 21:21:08.981239,Paris-8608,-9,47,Normal
2026-02-10 21:21:09.981239,Paris-8608,6,9,Normal
2026-02-10 21:21:10.981239,Paris-8608,49,24,Normal
2026-02-10 21:21:11.981239,Paris-8608,-1,32,Normal
2026-02-10 21:21:12.981239,Paris-8608,-25,95,Normal
2026-02-10 21:21:13.981239,Paris-8608,-12,87,Normal
2026-02-10 21:21:14.981239,Paris-8608,32,55,Normal
2026-02-10 21:21:15.981239,Paris-8608,16,41,Normal
2026-02-10 21:21:16.981239,Paris-8608,-27,75,Normal
2026-02-10 21:21:17.981239,Paris-8608,12,63,Normal
2026-02-10 21:21:18.981239,Paris-8608,24,73,Normal
2026-02-10 21:21:19.981239,Paris-8608,-8,25,Normal
2026-02-10 21:21:20.981239,Paris-8608,49,41,Normal
2026-02-10 21:21:21.981239,Paris-8608,-28,69,Normal
2026-02-10 21:21:22.981239,Paris-8608,25,21,Normal
2026-02-10 21:21:23.981239,Paris-8608,46,27,Normal
2026-02-10 21:21:24.981239,Paris-8608,-16,31,Normal
2026-02-10 21:21:25.981239,Paris-8608,32,1,Normal
2026-02-10 21:21:26.981239,Paris-8608,-24,94,Normal
2026-02-10 21:21:27.981239,Paris-8608,-27,96,Normal
2026-02-10 21:21:28.981239,Paris-8608,20,2,Normal
2026-02-10 21:21:29.981239,Paris-8608,48,16,Normal
2026-02-10 21:21:30.981239,Paris-8608,18,15,Normal
2026-02-10 21:21:31.981239,Paris-8608,-7,67,Normal
2026-02-10 21:21:32.981239,Paris-8608,9,54,Normal
2026-02-10 21:21:33.981239,Paris-8608,40,37,Normal
2026-02-10 21:21:34.981239,Paris-8608,26,65,Normal
2026-02-10 21:21:35.981239,Paris-8608,49,23,Normal
2026-02-10 21:21:36.981239,Paris-8608,30,74,Normal
2026-02-10 21:21:37.981239,Paris-8608,4,42,Normal
2026-02-10 21:21:38.981239,Paris-8608,16,62,Normal
2026-02-10 21:21:39.981239,Paris-8608,-9,40,Normal
2026-02-10 21:21:40.981239,Paris-8608,11,83,Normal
2026-02-10 21:21:41.981239,Paris-8608,-2,46,Normal
2026-02-10 21:21:42.981239,Paris-8608,46,25,Normal
2026-02-10 21:21:43.981239,Paris-8608,17,53,Normal
2026-02-10 21:21:44.981239,Paris-8608,49,67,Normal
2026-02-10 21:21:45.981239,Paris-8608,45,56,Normal
2026-02-10 21:21:46.981239,Paris-8608,-15,59,Normal
2026-02-10 21:21:47.981239,Paris-8608,14,26,Normal
2026-02-10 21:21:48.981239,Paris-8608,38,36,Normal
2026-02-10 21:21:49.981239,Paris-8608,10,0,Normal
2026-02-10 21:21:50.981239,Paris-8608,-3,2,Normal
2026-02-10 21:21:51.981239,Paris-8608,-16,60,Normal
2026-02-10 21:21:52.981239,Paris-8608,37,10,Normal
2026-02-10 21:21:53.981239,Paris-8608,-25,94,Normal
2026-02-10 21:21:54.981239,Paris-8608,41,9,Normal
2026-02-10 21:21:55.981239,Paris-8608,43,70,Normal
2026-02-10 21:21:56.981239,Paris-8608,29,28,Normal
2026-02-10 21:21:57.981239,Paris-8608,8,97,Normal
2026-02-10 21:21:58.981239,Paris-8608,33,53,Normal
2026-02-10 21:21:59.981239,Paris-8608,-7,32,Normal
2026-02-10 21:22:00.981239,Paris-8608,-24,1,Normal
2026-02-10 21:22:01.981239,Paris-8608,-2,7,Normal
2026-02-10 21:22:02.981239,Paris-8608,-1,70,Normal
2026-02-10 21:22:03.981239,Paris-8608,13,10,Normal
2026-02-10 21:22:04.981239,Paris-8608,-23,70,Normal
2026-02-10 21:22:05.981239,Paris-8608,2,93,Normal
2026-02-10 21:22:06.981239,Paris-8608,21,94,Normal
2026-02-10 21:22:07.981239,Paris-8608,10,74,Normal
2026-02-10 21:22:08.981239,Paris-8608,-25,62,Normal
2026-02-10 21:22:09.981239,Paris-8608,40,93,Normal
2026-02-10 21:22:10.981239,Paris-8608,-25,86,Normal
2026-02-10 21:22:11.981239,Paris-8608,33,5,Normal
2026-02-10 21:22:12.981239,Paris-8608,36,8,Normal
2026-02-10 21:22:13.981239,Paris-8608,6,62,Normal
2026-02-10 21:22:14.981239,Paris-8608,-11,38,Normal
2026-02-10 21:22:15.981239,Paris-8608,49,45,Normal
2026-02-10 21:22:16.981239,Paris-8608,16,19,Normal
2026-02-10 21:22:17.981239,Paris-8608,45,3,Normal
2026-02-10 21:22:18.981239,Paris-8608,4,82,Normal
2026-02-10 21:22:19.981239,Paris-8608,32,22,Normal
2026-02-10 21:22:20.981239,Paris-8608,24,85,Normal
2026-02-10 21:22:21.981239,Paris-8608,47,57,Normal
2026-02-10 21:22:22.981239,Paris-8608,37,41,Normal
2026-02-10 21:22:23.981239,Paris-8608,-3,70,Normal
2026-02-10 21:22:24.981239,Paris-8608,-24,13,Normal
2026-02-10 21:22:25.981239,Paris-8608,-10,19,Normal
2026-02-10 21:22:26.981239,Paris-8608,7,0,Normal
2026-02-10 21:22:27.981239,Paris-8608,3,80,Normal
2026-02-10 21:22:28.981239,Paris-8608,12,5,Normal
2026-02-10 21:22:29.981239,Paris-8608,30,69,Normal
2026-02-10 21:22:30.981239,Paris-8608,0,34,Normal
2026-02-10 21:22:31.981239,Paris-8608,4,97,Normal
2026-02-10 21:22:32.981239,Paris-8608,31,63,Normal
2026-02-10 21:22:33.981239,Paris-8608,7,47,Normal
2026-02-10 21:22:34.981239,Paris-8608,8,95,Normal
2026-02-10 21:22:35.981239,Paris-8608,6,19,Normal
2026-02-10 21:22:36.981239,Paris-8608,-19,98,Normal
2026-02-10 21:22:37.981239,Paris-8608,2,96,Normal
2026-02-10 21:22:38.981239,Paris-8608,-22,40,Normal
2026-02-10 21:22:39.981239,Paris-8608,0,76,Normal
2026-02-10 21:22:40.981239,Paris-8608,46,57,Normal
2026-02-10 21:22:41.981239,Paris-8608,-12,59,Normal
2026-02-10 21:22:42.981239,Paris-8608,-21,34,Normal
2026-02-10 21:22:43.981239,Paris-8608,-19,81,Normal
2026-02-10 21:22:44.981239,Paris-8608,11,85,Normal
2026-02-10 21:22:45.981239,Paris-8608,-13,31,Normal
2026-02-10 21:22:46.981239,Paris-8608,37,100,Normal
2026-02-10 21:22:47.981239,Paris-8608,-26,34,Normal
2026-02-10 21:22:48.981239,Paris-8608,-27,85,Normal
2026-02-10 21:22:49.981239,Paris-8608,-24,79,Normal
2026-02-10 21:22:50.981239,Paris-8608,-21,57,Normal
2026-02-10 21:22:51.981239,Paris-8608,50,55,Normal
2026-02-10 21:22:52.981239,Paris-8608,48,79,Normal
2026-02-10 21:22:53.981239,Paris-8608,19,60,Normal
2026-02-10 21:22:54.981239,Paris-8608,0,38,Normal
2026-02-10 21:22:55.981239,Paris-8608,7,79,Normal
2026-02-10 21:22:56.981239,Paris-8608,-20,73,Normal
2026-02-10 21:22:57.981239,Paris-8608,41,84,Normal
2026-02-10 21:22:58.981239,Paris-8608,41,83,Normal
2026-02-10 21:22:59.981239,Paris-8608,10,24,Normal
2026-02-10 21:23:00.981239,Paris-8608,4,18,Normal
2026-02-10 21:23:01.981239,Paris-8608,-6,11,Normal
2026-02-10 21:23:02.981239,Paris-8608,-17,45,Normal
2026-02-10 21:23:03.981239,Paris-8608,43,42,Normal
2026-02-10 21:23:04.981239,Paris-8608,-16,3,Normal
2026-02-10 21:23:05.981239,Paris-8608,22,26,Normal
2026-02-10 21:23:06.981239,Paris-8608,-22,62,Normal
2026-02-10 21:23:07.981239,Paris-8608,50,2,Normal
2026-02-10 21:23:08.981239,Paris-8608,23,55,Normal
2026-02-10 21:23:09.981239,Paris-8608,-23,85,Normal
2026-02-10 21:23:10.981239,Paris-8608,9,76,Normal
2026-02-10 21:23:11.981239,Paris-8608,-12,93,Normal
2026-02-10 21:23:12.981239,Paris-8608,6,84,Normal
2026-02-10 21:23:13.981239,Paris-8608,-21,28,Normal
2026-02-10 21:23:14.981239,Paris-8608,1,78,Normal
2026-02-10 21:23:15.981239,Paris-8608,-24,65,Normal
2026-02-10 21:23:16.981239,Paris-8608,30,29,Normal
2026-02-10 21:23:17.981239,Paris-8608,40,58,Normal
2026-02-10 21:23:18.981239,Paris-8608,-20,42,Normal
2026-02-10 21:23:19.981239,Paris-8608,-7,71,Normal
2026-02-10 21:23:20.981239,Paris-8608,-1,74,Normal
2026-02-10 21:23:21.981239,Paris-8608,34,7,Normal
2026-02-10 21:23:22.981239,Paris-8608,36,14,Normal
2026-02-10 21:23:23.981239,Paris-8608,-23,31,Normal
2026-02-10 21:23:24.981239,Paris-8608,4,78,Normal
2026-02-10 21:23:25.981239,Paris-8608,-22,86,Normal
2026-02-10 21:23:26.981239,Paris-8608,44,58,Normal
2026-02-10 21:23:27.981239,Paris-8608,18,35,Normal
2026-02-10 21:23:28.981239,Paris-8608,-24,79,Normal
2026-02-10 21:23:29.981239,Paris-8608,-12,88,Normal
2026-02-10 21:23:30.981239,Paris-8608,19,54,Normal
2026-02-10 21:23:31.981239,Paris-8608,36,43,Normal
2026-02-10 21:23:32.981239,Paris-8608,-30,59,Normal
2026-02-10 21:23:33.981239,Paris-8608,46,67,Normal
2026-02-10 21:23:34.981239,Paris-8608,-27,20,Normal
2026-02-10 21:23:35.981239,Paris-8608,34,29,Normal
2026-02-10 21:23:36.981239,Paris-8608,-21,16,Normal
2026-02-10 21:23:37.981239,Paris-8608,12,36,Normal
2026-02-10 21:23:38.981239,Paris-8608,6,14,Normal
2026-02-10 21:23:39.981239,Paris-8608,-3,2,Normal
2026-02-10 21:23:40.981239,Paris-8608,11,10,Normal
2026-02-10 21:23:41.981239,Paris-8608,-1,11,Normal
2026-02-10 21:23:42.981239,Paris-8608,37,71,Normal
2026-02-10 21:23:43.981239,Paris-8608,-19,53,Normal
2026-02-10 21:23:44.981239,Paris-8608,-20,55,Normal
2026-02-10 21:23:45.981239,Paris-8608,30,48,Normal
2026-02-10 21:23:46.981239,Paris-8608,35,96,Normal
2026-02-10 21:23:47.981239,Paris-8608,5,74,Normal
2026-02-10 21:23:48.981239,Paris-8608,-10,46,Normal
2026-02-10 21:23:49.981239,Paris-8608,14,9,Normal
2026-02-10 21:23:50.981239,Paris-8608,-1,34,Normal
2026-02-10 21:23:51.981239,Paris-8608,-25,23,Normal
2026-02-10 21:23:52.981239,Paris-8608,-22,41,Normal
2026-02-10 21:23:53.981239,Paris-8608,1,1,Normal
2026-02-10 21:23:54.981239,Paris-8608,-6,25,Normal
2026-02-10 21:23:55.981239,Paris-8608,-7,54,Normal
2026-02-10 21:23:56.981239,Paris-8608,-27,1,Normal
2026-02-10 21:23:57.981239,Paris-8608,3,50,Normal
2026-02-10 21:23:58.981239,Paris-8608,35,91,Normal
2026-02-10 21:23:59.981239,Paris-8608,3,4,Normal
2026-02-10 21:24:00.981239,Paris-8608,-28,90,Normal
2026-02-10 21:24:01.981239,Paris-8608,2,96,Normal
2026-02-10 21:24:02.981239,Paris-8608,28,46,Normal
2026-02-10 21:24:03.981239,Paris-8608,-19,72,Normal
2026-02-10 21:24:04.981239,Paris-8608,-11,57,Normal
2026-02-10 21:24:05.981239,Paris-8608,-7,5,Normal
2026-02-10 21:24:06.981239,Paris-8608,-17,59,Normal
2026-02-10 21:24:07.981239,Paris-8608,33,20,Normal
2026-02-10 21:24:08.981239,Paris-8608,29,74,Normal
2026-02-10 21:24:09.981239,Paris-8608,24,97,Normal
2026-02-10 21:24:10.981239,Paris-8608,19,74,Normal
2026-02-10 21:24:11.981239,Paris-8608,-20,52,Normal
2026-02-10 21:24:12.981239,Paris-8608,-17,99,Normal
2026-02-10 21:24:13.981239,Paris-8608,20,78,Normal
2026-02-10 21:24:14.981239,Paris-8608,-20,38,Normal
2026-02-10 21:24:15.981239,Paris-8608,45,62,Normal
2026-02-10 21:24:16.981239,Paris-8608,21,43,Normal
2026-02-10 21:24:17.981239,Paris-8608,22,28,Normal
2026-02-10 21:24:18.981239,Paris-8608,-4,57,Normal
2026-02-10 21:24:19.981239,Paris-8608,-18,6,Normal
2026-02-10 21:24:20.981239,Paris-8608,-27,2,Normal
2026-02-10 21:24:21.981239,Paris-8608,45,89,Normal
2026-02-10 21:24:22.981239,Paris-8608,-13,88,Normal
2026-02-10 21:24:23.981239,Paris-8608,-18,26,Normal
2026-02-10 21:24:24.981239,Paris-8608,-22,55,Normal
2026-02-10 21:24:25.981239,Paris-8608,39,25,Normal
2026-02-10 21:24:26.981239,Paris-8608,-16,20,Normal
2026-02-10 21:24:27.981239,Paris-8608,43,2,Normal
2026-02-10 21:24:28.981239,Paris-8608,4,83,Normal
2026-02-10 21:24:29.981239,Paris-8608,-10,74,Normal
2026-02-10 21:24:30.981239,Paris-8608,-19,50,Normal
2026-02-10 21:24:31.981239,Paris-8608,-28,60,Normal
2026-02-10 21:24:32.981239,Paris-8608,33,69,Normal
2026-02-10 21:24:33.981239,Paris-8608,-27,59,Normal
2026-02-10 21:24:34.981239,Paris-8608,-28,22,Normal
2026-02-10 21:24:35.981239,Paris-8608,49,24,Normal
2026-02-10 21:24:36.981239,Paris-8608,-3,74,Normal
2026-02-10 21:24:37.981239,Paris-8608,31,98,Normal
2026-02-10 21:24:38.981239,Paris-8608,-29,62,Normal
2026-02-10 21:24:39.981239,Paris-8608,-22,0,Normal
2026-02-10 21:24:40.981239,Paris-8608,39,23,Normal
2026-02-10 21:24:41.981239,Paris-8608,47,87,Normal
2026-02-10 21:24:42.981239,Paris-8608,-19,16,Normal
2026-02-10 21:24:43.981239,Paris-8608,-8,2,Normal
2026-02-10 21:24:44.981239,Paris-8608,-22,45,Normal
2026-02-10 21:24:45.981239,Paris-8608,4,97,Normal
2026-02-10 21:24:46.981239,Paris-8608,33,66,Normal
2026-02-10 21:24:47.981239,Paris-8608,38,85,Normal
2026-02-10 21:24:48.981239,Paris-8608,-22,65,Normal
2026-02-10 21:24:49.981239,Paris-8608,23,15,Normal
2026-02-10 21:24:50.981239,Paris-8608,18,12,Normal
2026-02-10 21:24:51.981239,Paris-8608,39,43,Normal
2026-02-10 21:24:52.981239,Paris-8608,-7,41,Normal
2026-02-10 21:24:53.981239,Paris-8608,-17,60,Normal
2026-02-10 21:24:54.981239,Paris-8608,19,45,Normal
2026-02-10 21:24:55.981239,Paris-8608,29,76,Normal
2026-02-10 21:24:56.981239,Paris-8608,32,32,Normal
2026-02-10 21:24:57.981239,Paris-8608,11,45,Normal
2026-02-10 21:24:58.981239,Paris-8608,-7,42,Normal
2026-02-10 21:24:59.981239,Paris-8608,36,56,Normal
2026-02-10 21:25:00.981239,Paris-8608,-30,100,Normal
2026-02-10 21:25:01.981239,Paris-8608,42,15,Normal
2026-02-10 21:25:02.981239,Paris-8608,2,84,Normal
2026-02-10 21:25:03.981239,Paris-8608,19,19,Normal
2026-02-10 21:25:04.981239,Paris-8608,50,81,Normal
2026-02-10 21:25:05.981239,Paris-8608,-21,78,Normal
2026-02-10 21:25:06.981239,Paris-8608,13,22,Normal
2026-02-10 21:25:07.981239,Paris-8608,-5,1,Normal
2026-02-10 21:25:08.981239,Paris-8608,25,13,Normal
2026-02-10 21:25:09.981239,Paris-8608,-7,22,Normal
2026-02-10 21:25:10.981239,Paris-8608,23,85,Normal
2026-02-10 21:25:11.981239,Paris-8608,-5,80,Normal
2026-02-10 21:25:12.981239,Paris-8608,-11,33,Normal
2026-02-10 21:25:13.981239,Paris-8608,-10,51,Normal
2026-02-10 21:25:14.981239,Paris-8608,21,69,Normal
2026-02-10 21:25:15.981239,Paris-8608,0,45,Normal
2026-02-10 21:25:16.981239,Paris-8608,49,49,Normal
2026-02-10 21:25:17.981239,Paris-8608,5,45,Normal
2026-02-10 21:25:18.981239,Paris-8608,10,10,Normal
2026-02-10 21:25:19.981239,Paris-8608,14,44,Normal
2026-02-10 21:25:20.981239,Paris-8608,49,70,Normal
2026-02-10 21:25:21.981239,Paris-8608,12,68,Normal
2026-02-10 21:25:22.981239,Paris-8608,8,72,Normal
2026-02-10 21:25:23.981239,Paris-8608,-27,77,Normal
2026-02-10 21:25:24.981239,Paris-8608,28,78,Normal
2026-02-10 21:25:25.981239,Paris-8608,45,89,Normal
2026-02-10 21:25:26.981239,Paris-8608,48,54,Normal
2026-02-10 21:25:27.981239,Paris-8608,22,77,Normal
2026-02-10 21:25:28.981239,Paris-8608,35,11,Normal
2026-02-10 21:25:29.981239,Paris-8608,-25,64,Normal
2026-02-10 21:25:30.981239,Paris-8608,10,68,Normal
2026-02-10 21:25:31.981239,Paris-8608,41,72,Normal
2026-02-10 21:25:32.981239,Paris-8608,-28,98,Normal
2026-02-10 21:25:33.981239,Paris-8608,-27,95,Normal
2026-02-10 21:25:34.981239,Paris-8608,-30,88,Normal
2026-02-10 21:25:35.981239,Paris-8608,35,38,Normal
2026-02-10 21:25:36.981239,Paris-8608,45,8,Normal
2026-02-10 21:25:37.981239,Paris-8608,41,53,Normal
2026-02-10 21:25:38.981239,Paris-8608,13,51,Normal
2026-02-10 21:25:39.981239,Paris-8608,27,5,Normal
2026-02-10 21:25:40.981239,Paris-8608,27,2,Normal
2026-02-10 21:25:41.981239,Paris-8608,27,30,Normal
2026-02-10 21:25:42.981239,Paris-8608,21,100,Normal
2026-02-10 21:25:43.981239,Paris-8608,4,51,Normal
2026-02-10 21:25:44.981239,Paris-8608,-24,67,Normal
2026-02-10 21:25:45.981239,Paris-8608,43,2,Normal
2026-02-10 21:25:46.981239,Paris-8608,20,27,Normal
2026-02-10 21:25:47.981239,Paris-8608,36,53,Normal
2026-02-10 21:25:48.981239,Paris-8608,24,47,Normal
2026-02-10 21:25:49.981239,Paris-8608,32,54,Normal
2026-02-10 21:25:50.981239,Paris-8608,22,82,Normal
2026-02-10 21:25:51.981239,Paris-8608,-4,85,Normal
2026-02-10 21:25:52.981239,Paris-8608,40,37,Normal
2026-02-10 21:25:53.981239,Paris-8608,37,45,Normal
2026-02-10 21:25:54.981239,Paris-8608,48,58,Normal
2026-02-10 21:25:55.981239,Paris-8608,34,6,Normal
2026-02-10 21:25:56.981239,Paris-8608,37,78,Normal
2026-02-10 21:25:57.981239,Paris-8608,7,98,Normal
2026-02-10 21:25:58.981239,Paris-8608,10,98,Normal
2026-02-10 21:25:59.981239,Paris-8608,50,18,Normal
2026-02-10 21:26:00.981239,Paris-8608,-27,7,Normal
2026-02-10 21:26:01.981239,Paris-8608,43,36,Normal
2026-02-10 21:26:02.981239,Paris-8608,44,23,Normal
2026-02-10 21:26:03.981239,Paris-8608,-29,79,Normal
2026-02-10 21:26:04.981239,Paris-8608,21,11,Normal
2026-02-10 21:26:05.981239,Paris-8608,27,84,Normal
2026-02-10 21:26:06.981239,Paris-8608,26,46,Normal
2026-02-10 21:26:07.981239,Paris-8608,14,71,Normal
2026-02-10 21:26:08.981239,Paris-8608,17,0,Normal
2026-02-10 21:26:09.981239,Paris-8608,22,82,Normal
2026-02-10 21:26:10.981239,Paris-8608,7,72,Normal
2026-02-10 21:26:11.981239,Paris-8608,36,13,Normal
2026-02-10 21:26:12.981239,Paris-8608,-11,88,Normal
2026-02-10 21:26:13.981239,Paris-8608,-16,22,Normal
2026-02-10 21:26:14.981239,Paris-8608,-2,14,Normal
2026-02-10 21:26:15.981239,Paris-8608,23,94,Normal
2026-02-10 21:26:16.981239,Paris-8608,0,39,Normal
2026-02-10 21:26:17.981239,Paris-8608,5,66,Normal
2026-02-10 21:26:18.981239,Paris-8608,-13,86,Normal
2026-02-10 21:26:19.981239,Paris-8608,31,54,Normal
2026-02-10 21:26:20.981239,Paris-8608,46,9,Normal
2026-02-10 21:26:21.981239,Paris-8608,-13,63,Normal
2026-02-10 21:26:22.981239,Paris-8608,44,33,Normal
2026-02-10 21:26:23.981239,Paris-8608,-15,80,Normal
2026-02-10 21:26:24.981239,Paris-8608,33,37,Normal
2026-02-10 21:26:25.981239,Paris-8608,-28,72,Normal
2026-02-10 21:26:26.981239,Paris-8608,-20,44,Normal
2026-02-10 21:26:27.981239,Paris-8608,-18,80,Normal
2026-02-10 21:26:28.981239,Paris-8608,-12,98,Normal
2026-02-10 21:26:29.981239,Paris-8608,35,91,Normal
2026-02-10 21:26:30.981239,Paris-8608,31,14,Normal
2026-02-10 21:26:31.981239,Paris-8608,15,7,Normal
2026-02-10 21:26:32.981239,Paris-8608,-3,50,Normal
2026-02-10 21:26:33.981239,Paris-8608,9,86,Normal
2026-02-10 21:26:34.981239,Paris-8608,-1,35,Normal
2026-02-10 21:26:35.981239,Paris-8608,12,27,Normal
2026-02-10 21:26:36.981239,Paris-8608,43,24,Normal
2026-02-10 21:26:37.981239,Paris-8608,-4,39,Normal
2026-02-10 21:26:38.981239,Paris-8608,49,12,Normal
2026-02-10 21:26:39.981239,Paris-8608,4,9,Normal
2026-02-10 21:26:40.981239,Paris-8608,46,54,Normal
2026-02-10 21:26:41.981239,Paris-8608,2,16,Normal
2026-02-10 21:26:42.981239,Paris-8608,46,80,Normal
2026-02-10 21:26:43.981239,Paris-8608,-4,1,Normal
2026-02-10 21:26:44.981239,Paris-8608,6,39,Normal
2026-02-10 21:26:45.981239,Paris-8608,28,51,Normal
2026-02-10 21:26:46.981239,Paris-8608,41,45,Normal
2026-02-10 21:26:47.981239,Paris-8608,-27,41,Normal
2026-02-10 21:26:48.981239,Paris-8608,-2,32,Normal
2026-02-10 21:26:49.981239,Paris-8608,43,4,Normal
2026-02-10 21:26:50.981239,Paris-8608,-29,41,Normal
2026-02-10 21:26:51.981239,Paris-8608,7,51,Normal
2026-02-10 21:26:52.981239,Paris-8608,43,100,Normal
2026-02-10 21:26:53.981239,Paris-8608,4,9,Normal
2026-02-10 21:26:54.981239,Paris-8608,24,23,Normal
2026-02-10 21:26:55.981239,Paris-8608,-5,47,Normal
2026-02-10 21:26:56.981239,Paris-8608,26,54,Normal
2026-02-10 21:26:57.981239,Paris-8608,-30,67,Normal
2026-02-10 21:26:58.981239,Paris-8608,7,90,Normal
2026-02-10 21:26:59.981239,Paris-8608,3,57,Normal
2026-02-10 21:27:00.981239,Paris-8608,41,79,Normal
2026-02-10 21:27:01.981239,Paris-8608,1,27,Normal
2026-02-10 21:27:02.981239,Paris-8608,40,49,Normal
2026-02-10 21:27:03.981239,Paris-8608,3,37,Normal
2026-02-10 21:27:04.981239,Paris-8608,12,66,Normal
2026-02-10 21:27:05.981239,Paris-8608,-18,92,Normal
2026-02-10 21:27:06.981239,Paris-8608,32,84,Normal
2026-02-10 21:27:07.981239,Paris-8608,-6,2,Normal
2026-02-10 21:27:08.981239,Paris-8608,35,88,Normal
2026-02-10 21:27:09.981239,Paris-8608,27,68,Normal
2026-02-10 21:27:10.981239,Paris-8608,21,12,Normal
2026-02-10 21:27:11.981239,Paris-8608,41,55,Normal
2026-02-10 21:27:12.981239,Paris-8608,-11,50,Normal
2026-02-10 21:27:13.981239,Paris-8608,-16,73,Normal
2026-02-10 21:27:14.981239,Paris-8608,4,47,Normal
2026-02-10 21:27:15.981239,Paris-8608,13,1,Normal
2026-02-10 21:27:16.981239,Paris-8608,31,29,Normal
2026-02-10 21:27:17.981239,Paris-8608,-9,15,Normal
2026-02-10 21:27:18.981239,Paris-8608,25,1,Normal
2026-02-10 21:27:19.981239,Paris-8608,50,7,Normal
2026-02-10 21:27:20.981239,Paris-8608,3,60,Normal
2026-02-10 21:27:21.981239,Paris-8608,-7,64,Normal
2026-02-10 21:27:22.981239,Paris-8608,29,80,Normal
2026-02-10 21:27:23.981239,Paris-8608,-20,93,Normal
2026-02-10 21:27:24.981239,Paris-8608,29,3,Normal
2026-02-10 21:27:25.981239,Paris-8608,4,40,Normal
2026-02-10 21:27:26.981239,Paris-8608,37,69,Normal
2026-02-10 21:27:27.981239,Paris-8608,-20,25,Normal
2026-02-10 21:27:28.981239,Paris-8608,-16,69,Normal
2026-02-10 21:27:29.981239,Paris-8608,48,10,Normal
2026-02-10 21:27:30.981239,Paris-8608,20,44,Normal
2026-02-10 21:27:31.981239,Paris-8608,46,44,Normal
2026-02-10 21:27:32.981239,Paris-8608,10,83,Normal
2026-02-10 21:27:33.981239,Paris-8608,12,47,Normal
2026-02-10 21:27:34.981239,Paris-8608,6,42,Normal
2026-02-10 21:27:35.981239,Paris-8608,36,7,Normal
2026-02-10 21:27:36.981239,Paris-8608,10,7,Normal
2026-02-10 21:27:37.981239,Paris-8608,-6,4,Normal
2026-02-10 21:27:38.981239,Paris-8608,-14,64,Normal
2026-02-10 21:27:39.981239,Paris-8608,-28,23,Normal
2026-02-10 21:27:40.981239,Paris-8608,36,92,Normal
2026-02-10 21:27:41.981239,Paris-8608,-18,11,Normal
2026-02-10 21:27:42.981239,Paris-8608,-11,69,Normal
2026-02-10 21:27:43.981239,Paris-8608,14,16,Normal
2026-02-10 21:27:44.981239,Paris-8608,24,4,Normal
2026-02-10 21:27:45.981239,Paris-8608,0,23,Normal
2026-02-10 21:27:46.981239,Paris-8608,15,19,Normal
2026-02-10 21:27:47.981239,Paris-8608,11,93,Normal
2026-02-10 21:27:48.981239,Paris-8608,4,60,Normal
2026-02-10 21:27:49.981239,Paris-8608,-6,2,Normal
2026-02-10 21:27:50.981239,Paris-8608,34,4,Normal
2026-02-10 21:27:51.981239,Paris-8608,21,10,Normal
2026-02-10 21:27:52.981239,Paris-8608,10,8,Normal
2026-02-10 21:27:53.981239,Paris-8608,-29,44,Normal
2026-02-10 21:27:54.981239,Paris-8608,-20,78,Normal
2026-02-10 21:27:55.981239,Paris-8608,-18,65,Normal
2026-02-10 21:27:56.981239,Paris-8608,5,97,Normal
2026-02-10 21:27:57.981239,Paris-8608,-8,34,Normal
2026-02-10 21:27:58.981239,Paris-8608,27,23,Normal
2026-02-10 21:27:59.981239,Paris-8608,-22,34,Normal
2026-02-10 21:28:00.981239,Paris-8608,32,10,Normal
2026-02-10 21:28:01.981239,Paris-8608,26,75,Normal
2026-02-10 21:28:02.981239,Paris-8608,10,20,Normal
2026-02-10 21:28:03.981239,Paris-8608,16,57,Normal
2026-02-10 21:28:04.981239,Paris-8608,37,16,Normal
2026-02-10 21:28:05.981239,Paris-8608,16,19,Normal
2026-02-10 21:28:06.981239,Paris-8608,33,75,Normal
2026-02-10 21:28:07.981239,Paris-8608,3,69,Normal
2026-02-10 21:28:08.981239,Paris-8608,-20,98,Normal
2026-02-10 21:28:09.981239,Paris-8608,-24,67,Normal
2026-02-10 21:28:10.981239,Paris-8608,11,78,Normal
2026-02-10 21:28:11.981239,Paris-8608,48,67,Normal
2026-02-10 21:28:12.981239,Paris-8608,30,48,Normal
2026-02-10 21:28:13.981239,Paris-8608,-5,19,Normal
2026-02-10 21:28:14.981239,Paris-8608,49,51,Normal
2026-02-10 21:28:15.981239,Paris-8608,5,43,Normal
2026-02-10 21:28:16.981239,Paris-8608,-26,74,Normal
2026-02-10 21:28:17.981239,Paris-8608,16,46,Normal
2026-02-10 21:28:18.981239,Paris-8608,-1,87,Normal
2026-02-10 21:28:19.981239,Paris-8608,50,42,Normal
2026-02-10 21:28:20.981239,Paris-8608,8,91,Normal
2026-02-10 21:28:21.981239,Paris-8608,35,23,Normal
2026-02-10 21:28:22.981239,Paris-8608,39,51,Normal
2026-02-10 21:28:23.981239,Paris-8608,21,56,Normal
2026-02-10 21:28:24.981239,Paris-8608,25,57,Normal
2026-02-10 21:28:25.981239,Paris-8608,-6,24,Normal
2026-02-10 21:28:26.981239,Paris-8608,16,6,Normal
2026-02-10 21:28:27.981239,Paris-8608,-20,96,Normal
2026-02-10 21:28:28.981239,Paris-8608,-16,21,Normal
2026-02-10 21:28:29.981239,Paris-8608,24,25,Normal
2026-02-10 21:28:30.981239,Paris-8608,-23,2,Normal
2026-02-10 21:28:31.981239,Paris-8608,31,57,Normal
2026-02-10 21:28:32.981239,Paris-8608,-22,43,Normal
2026-02-10 21:28:33.981239,Paris-8608,27,32,Normal
2026-02-10 21:28:34.981239,Paris-8608,13,85,Normal
2026-02-10 21:28:35.981239,Paris-8608,26,41,Normal
2026-02-10 21:28:36.981239,Paris-8608,-28,1,Normal
2026-02-10 21:28:37.981239,Paris-8608,23,97,Normal
2026-02-10 21:28:38.981239,Paris-8608,42,72,Normal
2026-02-10 21:28:39.981239,Paris-8608,-24,68,Normal
2026-02-10 21:28:40.981239,Paris-8608,13,57,Normal
2026-02-10 21:28:41.981239,Paris-8608,14,84,Normal
2026-02-10 21:28:42.981239,Paris-8608,19,59,Normal
2026-02-10 21:28:43.981239,Paris-8608,38,66,Normal
2026-02-10 21:28:44.981239,Paris-8608,-23,23,Normal
2026-02-10 21:28:45.981239,Paris-8608,41,7,Normal
2026-02-10 21:28:46.981239,Paris-8608,-11,54,Normal
2026-02-10 21:28:47.981239,Paris-8608,43,57,Normal
2026-02-10 21:28:48.981239,Paris-8608,35,63,Normal
2026-02-10 21:28:49.981239,Paris-8608,-25,27,Normal
2026-02-10 21:28:50.981239,Paris-8608,48,18,Normal
2026-02-10 21:28:51.981239,Paris-8608,40,83,Normal
2026-02-10 21:28:52.981239,Paris-8608,-24,28,Normal
2026-02-10 21:28:53.981239,Paris-8608,-3,7,Normal
2026-02-10 21:28:54.981239,Paris-8608,46,22,Normal
2026-02-10 21:28:55.981239,Paris-8608,-30,50,Normal
2026-02-10 21:28:56.981239,Paris-8608,49,81,Normal
2026-02-10 21:28:57.981239,Paris-8608,-11,71,Normal
2026-02-10 21:28:58.981239,Paris-8608,11,24,Normal
2026-02-10 21:28:59.981239,Paris-8608,41,72,Normal
2026-02-10 21:29:00.981239,Paris-8608,43,37,Normal
2026-02-10 21:29:01.981239,Paris-8608,-5,14,Normal
2026-02-10 21:29:02.981239,Paris-8608,-4,99,Normal
2026-02-10 21:29:03.981239,Paris-8608,9,94,Normal
2026-02-10 21:29:04.981239,Paris-8608,-4,32,Normal
2026-02-10 21:29:05.981239,Paris-8608,7,74,Normal
2026-02-10 21:29:06.981239,Paris-8608,-10,37,Normal
2026-02-10 21:29:07.981239,Paris-8608,29,16,Normal
2026-02-10 21:29:08.981239,Paris-8608,21,23,Normal
2026-02-10 21:29:09.981239,Paris-8608,6,61,Normal
2026-02-10 21:29:10.981239,Paris-8608,-19,92,Normal
2026-02-10 21:29:11.981239,Paris-8608,-20,31,Normal
2026-02-10 21:29:12.981239,Paris-8608,22,73,Normal
2026-02-10 21:29:13.981239,Paris-8608,31,35,Normal
2026-02-10 21:29:14.981239,Paris-8608,20,89,Normal
2026-02-10 21:29:15.981239,Paris-8608,-29,22,Normal
2026-02-10 21:29:16.981239,Paris-8608,45,28,Normal
2026-02-10 21:29:17.981239,Paris-8608,-17,12,Normal
2026-02-10 21:29:18.981239,Paris-8608,13,35,Normal
2026-02-10 21:29:19.981239,Paris-8608,39,63,Normal
2026-02-10 21:29:20.981239,Paris-8608,44,81,Normal
2026-02-10 21:29:21.981239,Paris-8608,-29,2,Normal
2026-02-10 21:29:22.981239,Paris-8608,50,71,Normal
2026-02-10 21:29:23.981239,Paris-8608,4,98,Normal
2026-02-10 21:29:24.981239,Paris-8608,25,21,Normal
2026-02-10 21:29:25.981239,Paris-8608,-4,36,Normal
2026-02-10 21:29:26.981239,Paris-8608,26,25,Normal
2026-02-10 21:29:27.981239,Paris-8608,30,28,Normal
2026-02-10 21:29:28.981239,Paris-8608,9,57,Normal
2026-02-10 21:29:29.981239,Paris-8608,-14,57,Normal
2026-02-10 21:29:30.981239,Paris-8608,-5,37,Normal
2026-02-10 21:29:31.981239,Paris-8608,9,56,Normal
2026-02-10 21:29:32.981239,Paris-8608,5,21,Normal
2026-02-10 21:29:33.981239,Paris-8608,-23,75,Normal
2026-02-10 21:29:34.981239,Paris-8608,-16,29,Normal
2026-02-10 21:29:35.981239,Paris-8608,-23,93,Normal
2026-02-10 21:29:36.981239,Paris-8608,42,76,Normal
2026-02-10 21:29:37.981239,Paris-8608,-5,40,Normal
2026-02-10 21:29:38.981239,Paris-8608,41,28,Normal
2026-02-10 21:29:39.981239,Paris-8608,-23,74,Normal
2026-02-10 21:29:40.981239,Paris-8608,35,19,Normal
2026-02-10 21:29:41.981239,Paris-8608,6,28,Normal
2026-02-10 21:29:42.981239,Paris-8608,20,84,Normal
2026-02-10 21:29:43.981239,Paris-8608,-20,59,Normal
2026-02-10 21:29:44.981239,Paris-8608,46,70,Normal
2026-02-10 21:29:45.981239,Paris-8608,-11,68,Normal
2026-02-10 21:29:46.981239,Paris-8608,16,18,Normal
2026-02-10 21:29:47.981239,Paris-8608,-22,5,Normal
2026-02-10 21:29:48.981239,Paris-8608,41,70,Normal
2026-02-10 21:29:49.981239,Paris-8608,-28,97,Normal
2026-02-10 21:29:50.981239,Paris-8608,15,39,Normal
2026-02-10 21:29:51.981239,Paris-8608,30,91,Normal
2026-02-10 21:29:52.981239,Paris-8608,6,75,Normal
2026-02-10 21:29:53.981239,Paris-8608,-5,52,Normal
2026-02-10 21:29:54.981239,Paris-8608,-11,95,Normal
2026-02-10 21:29:55.981239,Paris-8608,3,77,Normal
2026-02-10 21:29:56.981239,Paris-8608,24,61,Normal
2026-02-10 21:29:57.981239,Paris-8608,-10,14,Normal
2026-02-10 21:29:58.981239,Paris-8608,44,89,Normal
2026-02-10 21:29:59.981239,Paris-8608,-5,48,Normal
2026-02-10 21:30:00.981239,Paris-8608,-28,64,Normal
2026-02-10 21:30:01.981239,Paris-8608,-28,16,Normal
2026-02-10 21:30:02.981239,Paris-8608,39,44,Normal
2026-02-10 21:30:03.981239,Paris-8608,19,25,Normal
2026-02-10 21:30:04.981239,Paris-8608,-13,58,Normal
2026-02-10 21:30:05.981239,Paris-8608,9,93,Normal
2026-02-10 21:30:06.981239,Paris-8608,-27,74,Normal
2026-02-10 21:30:07.981239,Paris-8608,-9,11,Normal
2026-02-10 21:30:08.981239,Paris-8608,19,31,Normal
2026-02-10 21:30:09.981239,Paris-8608,43,5,Normal
2026-02-10 21:30:10.981239,Paris-8608,20,75,Normal
2026-02-10 21:30:11.981239,Paris-8608,-6,34,Normal
2026-02-10 21:30:12.981239,Paris-8608,15,13,Normal
2026-02-10 21:30:13.981239,Paris-8608,1,32,Normal
2026-02-10 21:30:14.981239,Paris-8608,48,47,Normal
2026-02-10 21:30:15.981239,Paris-8608,34,3,Normal
2026-02-10 21:30:16.981239,Paris-8608,39,99,Normal
2026-02-10 21:30:17.981239,Paris-8608,20,16,Normal
2026-02-10 21:30:18.981239,Paris-8608,-12,6,Normal
2026-02-10 21:30:19.981239,Paris-8608,-15,85,Normal
2026-02-10 21:30:20.981239,Paris-8608,-11,48,Normal
2026-02-10 21:30:21.981239,Paris-8608,-21,18,Normal
2026-02-10 21:30:22.981239,Paris-8608,44,76,Normal
2026-02-10 21:30:23.981239,Paris-8608,38,6,Normal
2026-02-10 21:30:24.981239,Paris-8608,-6,7,Normal
2026-02-10 21:30:25.981239,Paris-8608,33,61,Normal
2026-02-10 21:30:26.981239,Paris-8608,16,15,Normal
2026-02-10 21:30:27.981239,Paris-8608,37,92,Normal
2026-02-10 21:30:28.981239,Paris-8608,48,61,Normal
2026-02-10 21:30:29.981239,Paris-8608,15,37,Normal
2026-02-10 21:30:30.981239,Paris-8608,7,90,Normal
2026-02-10 21:30:31.981239,Paris-8608,0,1,Normal
2026-02-10 21:30:32.981239,Paris-8608,4,62,Normal
2026-02-10 21:30:33.981239,Paris-8608,-28,31,Normal
2026-02-10 21:30:34.981239,Paris-8608,-17,59,Normal
2026-02-10 21:30:35.981239,Paris-8608,-21,9,Normal
2026-02-10 21:30:36.981239,Paris-8608,-8,18,Normal
2026-02-10 21:30:37.981239,Paris-8608,15,88,Normal
2026-02-10 21:30:38.981239,Paris-8608,50,100,Normal
2026-02-10 21:30:39.981239,Paris-8608,-9,64,Normal
2026-02-10 21:30:40.981239,Paris-8608,-21,13,Normal
2026-02-10 21:30:41.981239,Paris-8608,-8,6,Normal
2026-02-10 21:30:42.981239,Paris-8608,-13,29,Normal
2026-02-10 21:30:43.981239,Paris-8608,-12,68,Normal
2026-02-10 21:30:44.981239,Paris-8608,48,10,Normal
2026-02-10 21:30:45.981239,Paris-8608,-28,60,Normal
2026-02-10 21:30:46.981239,Paris-8608,13,27,Normal
2026-02-10 21:30:47.981239,Paris-8608,7,18,Normal
2026-02-10 21:30:48.981239,Paris-8608,-21,60,Normal
2026-02-10 21:30:49.981239,Paris-8608,11,40,Normal
2026-02-10 21:30:50.981239,Paris-8608,-14,95,Normal
2026-02-10 21:30:51.981239,Paris-8608,-30,72,Normal
2026-02-10 21:30:52.981239,Paris-8608,37,43,Normal
2026-02-10 21:30:53.981239,Paris-8608,50,70,Normal
2026-02-10 21:30:54.981239,Paris-8608,-12,52,Normal
2026-02-10 21:30:55.981239,Paris-8608,-23,87,Normal
2026-02-10 21:30:56.981239,Paris-8608,27,23,Normal
2026-02-10 21:30:57.981239,Paris-8608,36,91,Normal
2026-02-10 21:30:58.981239,Paris-8608,-23,74,Normal
2026-02-10 21:30:59.981239,Paris-8608,9,53,Normal
2026-02-10 21:31:00.981239,Paris-8608,-17,11,Normal
2026-02-10 21:31:01.981239,Paris-8608,-19,38,Normal
2026-02-10 21:31:02.981239,Paris-8608,-22,53,Normal
2026-02-10 21:31:03.981239,Paris-8608,29,40,Normal
2026-02-10 21:31:04.981239,Paris-8608,17,84,Normal
2026-02-10 21:31:05.981239,Paris-8608,37,16,Normal
2026-02-10 21:31:06.981239,Paris-8608,35,56,Normal
2026-02-10 21:31:07.981239,Paris-8608,44,53,Normal
2026-02-10 21:31:08.981239,Paris-8608,46,19,Normal
2026-02-10 21:31:09.981239,Paris-8608,-19,43,Normal
2026-02-10 21:31:10.981239,Paris-8608,2,26,Normal
2026-02-10 21:31:11.981239,Paris-8608,-17,5,Normal
2026-02-10 21:31:12.981239,Paris-8608,-14,96,Normal
2026-02-10 21:31:13.981239,Paris-8608,-22,95,Normal
2026-02-10 21:31:14.981239,Paris-8608,6,18,Normal
2026-02-10 21:31:15.981239,Paris-8608,-1,64,Normal
2026-02-10 21:31:16.981239,Paris-8608,22,4,Normal
2026-02-10 21:31:17.981239,Paris-8608,8,63,Normal
2026-02-10 21:31:18.981239,Paris-8608,-10,73,Normal
2026-02-10 21:31:19.981239,Paris-8608,11,38,Normal
2026-02-10 21:31:20.981239,Paris-8608,41,24,Normal
2026-02-10 21:31:21.981239,Paris-8608,-26,71,Normal
2026-02-10 21:31:22.981239,Paris-8608,24,12,Normal
2026-02-10 21:31:23.981239,Paris-8608,19,43,Normal
2026-02-10 21:31:24.981239,Paris-8608,30,45,Normal
2026-02-10 21:31:25.981239,Paris-8608,-19,13,Normal
2026-02-10 21:31:26.981239,Paris-8608,9,61,Normal
2026-02-10 21:31:27.981239,Paris-8608,-1,80,Normal
2026-02-10 21:31:28.981239,Paris-8608,-24,75,Normal
2026-02-10 21:31:29.981239,Paris-8608,-8,15,Normal
2026-02-10 21:31:30.981239,Paris-8608,47,36,Normal
2026-02-10 21:31:31.981239,Paris-8608,3,90,Normal
2026-02-10 21:31:32.981239,Paris-8608,20,14,Normal
2026-02-10 21:31:33.981239,Paris-8608,-14,15,Normal
2026-02-10 21:31:34.981239,Paris-8608,-13,40,Normal
2026-02-10 21:31:35.981239,Paris-8608,29,43,Normal
2026-02-10 21:31:36.981239,Paris-8608,50,54,Normal
2026-02-10 21:31:37.981239,Paris-8608,37,7,Normal
2026-02-10 21:31:38.981239,Paris-8608,-25,91,Normal
2026-02-10 21:31:39.981239,Paris-8608,-5,60,Normal
2026-02-10 21:31:40.981239,Paris-8608,31,29,Normal
2026-02-10 21:31:41.981239,Paris-8608,22,43,Normal
2026-02-10 21:31:42.981239,Paris-8608,-20,100,Normal
2026-02-10 21:31:43.981239,Paris-8608,-26,9,Normal
2026-02-10 21:31:44.981239,Paris-8608,13,84,Normal
2026-02-10 21:31:45.981239,Paris-8608,46,16,Normal
2026-02-10 21:31:46.981239,Paris-8608,17,97,Normal
2026-02-10 21:31:47.981239,Paris-8608,9,36,Normal
2026-02-10 21:31:48.981239,Paris-8608,-15,94,Normal
2026-02-10 21:31:49.981239,Paris-8608,12,36,Normal
2026-02-10 21:31:50.981239,Paris-8608,-23,38,Normal
2026-02-10 21:31:51.981239,Paris-8608,23,93,Normal
2026-02-10 21:31:52.981239,Paris-8608,-30,29,Normal
2026-02-10 21:31:53.981239,Paris-8608,-8,98,Normal
2026-02-10 21:31:54.981239,Paris-8608,2,37,Normal
2026-02-10 21:31:55.981239,Paris-8608,9,39,Normal
2026-02-10 21:31:56.981239,Paris-8608,9,94,Normal
2026-02-10 21:31:57.981239,Paris-8608,31,56,Normal
2026-02-10 21:31:58.981239,Paris-8608,24,62,Normal
2026-02-10 21:31:59.981239,Paris-8608,-7,24,Normal
2026-02-10 21:32:00.981239,Paris-8608,-9,62,Normal
2026-02-10 21:32:01.981239,Paris-8608,2,21,Normal
2026-02-10 21:32:02.981239,Paris-8608,36,75,Normal
2026-02-10 21:32:03.981239,Paris-8608,23,22,Normal
2026-02-10 21:32:04.981239,Paris-8608,49,49,Normal
2026-02-10 21:32:05.981239,Paris-8608,-1,97,Normal
2026-02-10 21:32:06.981239,Paris-8608,35,74,Normal
2026-02-10 21:32:07.981239,Paris-8608,-18,19,Normal
2026-02-10 21:32:08.981239,Paris-8608,45,70,Normal
2026-02-10 21:32:09.981239,Paris-8608,9,19,Normal
2026-02-10 21:32:10.981239,Paris-8608,25,79,Normal
2026-02-10 21:32:11.981239,Paris-8608,16,88,Normal
2026-02-10 21:32:12.981239,Paris-8608,-12,94,Normal
2026-02-10 21:32:13.981239,Paris-8608,-7,33,Normal
2026-02-10 21:32:14.981239,Paris-8608,33,97,Normal
2026-02-10 21:32:15.981239,Paris-8608,29,29,Normal
2026-02-10 21:32:16.981239,Paris-8608,0,31,Normal
2026-02-10 21:32:17.981239,Paris-8608,32,19,Normal
2026-02-10 21:32:18.981239,Paris-8608,10,30,Normal
2026-02-10 21:32:19.981239,Paris-8608,-17,70,Normal
2026-02-10 21:32:20.981239,Paris-8608,12,89,Normal
2026-02-10 21:32:21.981239,Paris-8608,0,27,Normal
2026-02-10 21:32:22.981239,Paris-8608,-8,68,Normal
2026-02-10 21:32:23.981239,Paris-8608,39,4,Normal
2026-02-10 21:32:24.981239,Paris-8608,-8,48,Normal
2026-02-10 21:32:25.981239,Paris-8608,29,62,Normal
2026-02-10 21:32:26.981239,Paris-8608,20,22,Normal
2026-02-10 21:32:27.981239,Paris-8608,-23,74,Normal
2026-02-10 21:32:28.981239,Paris-8608,28,96,Normal
2026-02-10 21:32:29.981239,Paris-8608,3,16,Normal
2026-02-10 21:32:30.981239,Paris-8608,17,65,Normal
2026-02-10 21:32:31.981239,Paris-8608,-17,37,Normal
2026-02-10 21:32:32.981239,Paris-8608,-21,33,Normal
2026-02-10 21:32:33.981239,Paris-8608,7,69,Normal
2026-02-10 21:32:34.981239,Paris-8608,45,92,Normal
2026-02-10 21:32:35.981239,Paris-8608,48,5,Normal
2026-02-10 21:32:36.981239,Paris-8608,33,99,Normal
2026-02-10 21:32:37.981239,Paris-8608,-8,19,Normal
2026-02-10 21:32:38.981239,Paris-8608,-2,2,Normal
2026-02-10 21:32:39.981239,Paris-8608,29,0,Normal
2026-02-10 21:32:40.981239,Paris-8608,-18,45,Normal
2026-02-10 21:32:41.981239,Paris-8608,23,63,Normal
2026-02-10 21:32:42.981239,Paris-8608,7,13,Normal
2026-02-10 21:32:43.981239,Paris-8608,22,54,Normal
2026-02-10 21:32:44.981239,Paris-8608,48,27,Normal
2026-02-10 21:32:45.981239,Paris-8608,36,22,Normal
2026-02-10 21:32:46.981239,Paris-8608,-14,90,Normal
2026-02-10 21:32:47.981239,Paris-8608,21,95,Normal
2026-02-10 21:32:48.981239,Paris-8608,33,52,Normal
2026-02-10 21:32:49.981239,Paris-8608,-16,47,Normal
2026-02-10 21:32:50.981239,Paris-8608,26,52,Normal
2026-02-10 21:32:51.981239,Paris-8608,-11,33,Normal
2026-02-10 21:32:52.981239,Paris-8608,42,85,Normal
2026-02-10 21:32:53.981239,Paris-8608,34,2,Normal
2026-02-10 21:32:54.981239,Paris-8608,17,56,Normal
2026-02-10 21:32:55.981239,Paris-8608,22,75,Normal
2026-02-10 21:32:56.981239,Paris-8608,-12,11,Normal
2026-02-10 21:32:57.981239,Paris-8608,-16,27,Normal
2026-02-10 21:32:58.981239,Paris-8608,2,76,Normal
2026-02-10 21:32:59.981239,Paris-8608,14,55,Normal
2026-02-10 21:33:00.981239,Paris-8608,-22,7,Normal
2026-02-10 21:33:01.981239,Paris-8608,47,80,Normal
2026-02-10 21:33:02.981239,Paris-8608,22,73,Normal
2026-02-10 21:33:03.981239,Paris-8608,15,21,Normal
2026-02-10 21:33:04.981239,Paris-8608,46,38,Normal
2026-02-10 21:33:05.981239,Paris-8608,-27,53,Normal
2026-02-10 21:33:06.981239,Paris-8608,-12,85,Normal
2026-02-10 21:33:07.981239,Paris-8608,-29,82,Normal
2026-02-10 21:33:08.981239,Paris-8608,-23,100,Normal
2026-02-10 21:33:09.981239,Paris-8608,11,60,Normal
2026-02-10 21:33:10.981239,Paris-8608,20,73,Normal
2026-02-10 21:33:11.981239,Paris-8608,49,78,Normal
2026-02-10 21:33:12.981239,Paris-8608,5,13,Normal
2026-02-10 21:33:13.981239,Paris-8608,-11,34,Normal
2026-02-10 21:33:14.981239,Paris-8608,33,48,Normal
2026-02-10 21:33:15.981239,Paris-8608,32,31,Normal
2026-02-10 21:33:16.981239,Paris-8608,-21,61,Normal
2026-02-10 21:33:17.981239,Paris-8608,13,15,Normal
2026-02-10 21:33:18.981239,Paris-8608,33,40,Normal
2026-02-10 21:33:19.981239,Paris-8608,13,75,Normal
2026-02-10 21:33:20.981239,Paris-8608,48,9,Normal
2026-02-10 21:33:21.981239,Paris-8608,0,39,Normal
2026-02-10 21:33:22.981239,Paris-8608,17,27,Normal
2026-02-10 21:33:23.981239,Paris-8608,17,33,Normal
2026-02-10 21:33:24.981239,Paris-8608,2,7,Normal
2026-02-10 21:33:25.981239,Paris-8608,17,93,Normal
2026-02-10 21:33:26.981239,Paris-8608,39,36,Normal
2026-02-10 21:33:27.981239,Paris-8608,38,67,Normal
2026-02-10 21:33:28.981239,Paris-8608,7,8,Normal
2026-02-10 21:33:29.981239,Paris-8608,36,40,Normal
2026-02-10 21:33:30.981239,Paris-8608,41,87,Normal
2026-02-10 21:33:31.981239,Paris-8608,7,59,Normal
2026-02-10 21:33:32.981239,Paris-8608,39,50,Normal
2026-02-10 21:33:33.981239,Paris-8608,-6,59,Normal
2026-02-10 21:33:34.981239,Paris-8608,17,100,Normal
2026-02-10 21:33:35.981239,Paris-8608,-10,82,Normal
2026-02-10 21:33:36.981239,Paris-8608,39,25,Normal
2026-02-10 21:33:37.981239,Paris-8608,-26,80,Normal
2026-02-10 21:33:38.981239,Paris-8608,-17,38,Normal
2026-02-10 21:33:39.981239,Paris-8608,8,87,Normal
2026-02-10 21:33:40.981239,Paris-8608,28,55,Normal
2026-02-10 21:33:41.981239,Paris-8608,0,13,Normal
2026-02-10 21:33:42.981239,Paris-8608,5,57,Normal
2026-02-10 21:33:43.981239,Paris-8608,-7,96,Normal
2026-02-10 21:33:44.981239,Paris-8608,14,71,Normal
2026-02-10 21:33:45.981239,Paris-8608,1,40,Normal
2026-02-10 21:33:46.981239,Paris-8608,8,19,Normal
2026-02-10 21:33:47.981239,Paris-8608,50,41,Normal
2026-02-10 21:33:48.981239,Paris-8608,15,28,Normal
2026-02-10 21:33:49.981239,Paris-8608,37,43,Normal
2026-02-10 21:33:50.981239,Paris-8608,-17,66,Normal
2026-02-10 21:33:51.981239,Paris-8608,-13,94,Normal
2026-02-10 21:33:52.981239,Paris-8608,-6,46,Normal
2026-02-10 21:33:53.981239,Paris-8608,-12,33,Normal
2026-02-10 21:33:54.981239,Paris-8608,-2,32,Normal
2026-02-10 21:33:55.981239,Paris-8608,-6,53,Normal
2026-02-10 21:33:56.981239,Paris-8608,47,10,Normal
2026-02-10 21:33:57.981239,Paris-8608,13,100,Normal
2026-02-10 21:33:58.981239,Paris-8608,-8,58,Normal
2026-02-10 21:33:59.981239,Paris-8608,16,81,Normal
2026-02-10 21:34:00.981239,Paris-8608,1,95,Normal
2026-02-10 21:34:01.981239,Paris-8608,15,79,Normal
2026-02-10 21:34:02.981239,Paris-8608,33,25,Normal
2026-02-10 21:34:03.981239,Paris-8608,-14,65,Normal
2026-02-10 21:34:04.981239,Paris-8608,-12,7,Normal
2026-02-10 21:34:05.981239,Paris-8608,2,58,Normal
2026-02-10 21:34:06.981239,Paris-8608,-28,65,Normal
2026-02-10 21:34:07.981239,Paris-8608,-18,66,Normal
2026-02-10 21:34:08.981239,Paris-8608,-17,90,Normal
2026-02-10 21:34:09.981239,Paris-8608,-21,52,Normal
2026-02-10 21:34:10.981239,Paris-8608,-23,77,Normal
2026-02-10 21:34:11.981239,Paris-8608,18,39,Normal
2026-02-10 21:34:12.981239,Paris-8608,-2,70,Normal
2026-02-10 21:34:13.981239,Paris-8608,46,80,Normal
2026-02-10 21:34:14.981239,Paris-8608,-9,100,Normal
2026-02-10 21:34:15.981239,Paris-8608,20,84,Normal
2026-02-10 21:34:16.981239,Paris-8608,40,68,Normal
2026-02-10 21:34:17.981239,Paris-8608,17,30,Normal
2026-02-10 21:34:18.981239,Paris-8608,16,47,Normal
2026-02-10 21:34:19.981239,Paris-8608,-20,44,Normal
2026-02-10 21:34:20.981239,Paris-8608,32,56,Normal
2026-02-10 21:34:21.981239,Paris-8608,-18,42,Normal
2026-02-10 21:34:22.981239,Paris-8608,11,46,Normal
2026-02-10 21:34:23.981239,Paris-8608,-2,87,Normal
2026-02-10 21:34:24.981239,Paris-8608,25,20,Normal
2026-02-10 21:34:25.981239,Paris-8608,32,32,Normal
2026-02-10 21:34:26.981239,Paris-8608,39,69,Normal
2026-02-10 21:34:27.981239,Paris-8608,47,96,Normal
2026-02-10 21:34:28.981239,Paris-8608,-27,73,Normal
2026-02-10 21:34:29.981239,Paris-8608,6,71,Normal
2026-02-10 21:34:30.981239,Paris-8608,1,88,Normal
2026-02-10 21:34:31.981239,Paris-8608,-15,16,Normal
2026-02-10 21:34:32.981239,Paris-8608,4,65,Normal
2026-02-10 21:34:33.981239,Paris-8608,40,29,Normal
2026-02-10 21:34:34.981239,Paris-8608,22,15,Normal
2026-02-10 21:34:35.981239,Paris-8608,-8,85,Normal
2026-02-10 21:34:36.981239,Paris-8608,-23,62,Normal
2026-02-10 21:34:37.981239,Paris-8608,-8,21,Normal
2026-02-10 21:34:38.981239,Paris-8608,-1,52,Normal
2026-02-10 21:34:39.981239,Paris-8608,28,67,Normal
2026-02-10 21:34:40.981239,Paris-8608,50,76,Normal
2026-02-10 21:34:41.981239,Paris-8608,46,96,Normal
2026-02-10 21:34:42.981239,Paris-8608,-29,79,Normal
2026-02-10 21:34:43.981239,Paris-8608,16,99,Normal
2026-02-10 21:34:44.981239,Paris-8608,50,40,Normal
2026-02-10 21:34:45.981239,Paris-8608,-18,55,Normal
2026-02-10 21:34:46.981239,Paris-8608,35,65,Normal
2026-02-10 21:34:47.981239,Paris-8608,21,75,Normal
2026-02-10 21:34:48.981239,Paris-8608,0,1,Normal
2026-02-10 21:34:49.981239,Paris-8608,-10,48,Normal
2026-02-10 21:34:50.981239,Paris-8608,-20,58,Normal
2026-02-10 21:34:51.981239,Paris-8608,31,28,Normal
2026-02-10 21:34:52.981239,Paris-8608,30,88,Normal
2026-02-10 21:34:53.981239,Paris-8608,16,56,Normal
2026-02-10 21:34:54.981239,Paris-8608,19,8,Normal
2026-02-10 21:34:55.981239,Paris-8608,-10,40,Normal
2026-02-10 21:34:56.981239,Paris-8608,-21,29,Normal
2026-02-10 21:34:57.981239,Paris-8608,45,49,Normal
2026-02-10 21:34:58.981239,Paris-8608,21,2,Normal
2026-02-10 21:34:59.981239,Paris-8608,1,50,Normal
2026-02-10 21:35:00.981239,Paris-8608,43,52,Normal
2026-02-10 21:35:01.981239,Paris-8608,-26,64,Normal
2026-02-10 21:35:02.981239,Paris-8608,-19,7,Normal
2026-02-10 21:35:03.981239,Paris-8608,-2,63,Normal
2026-02-10 21:35:04.981239,Paris-8608,-6,62,Normal
2026-02-10 21:35:05.981239,Paris-8608,42,46,Normal
2026-02-10 21:35:06.981239,Paris-8608,-8,58,Normal
2026-02-10 21:35:07.981239,Paris-8608,-21,25,Normal
2026-02-10 21:35:08.981239,Paris-8608,39,56,Normal
2026-02-10 21:35:09.981239,Paris-8608,13,14,Normal
2026-02-10 21:35:10.981239,Paris-8608,-12,51,Normal
2026-02-10 21:35:11.981239,Paris-8608,36,84,Normal
2026-02-10 21:35:12.981239,Paris-8608,-19,46,Normal
2026-02-10 21:35:13.981239,Paris-8608,0,39,Normal
2026-02-10 21:35:14.981239,Paris-8608,3,15,Normal
2026-02-10 21:35:15.981239,Paris-8608,-27,1,Normal
2026-02-10 21:35:16.981239,Paris-8608,33,38,Normal
2026-02-10 21:35:17.981239,Paris-8608,28,91,Normal
2026-02-10 21:35:18.981239,Paris-8608,-5,30,Normal
2026-02-10 21:35:19.981239,Paris-8608,-16,50,Normal
2026-02-10 21:35:20.981239,Paris-8608,13,33,Normal
2026-02-10 21:35:21.981239,Paris-8608,-19,28,Normal
2026-02-10 21:35:22.981239,Paris-8608,9,72,Normal
2026-02-10 21:35:23.981239,Paris-8608,38,56,Normal
2026-02-10 21:35:24.981239,Paris-8608,13,37,Normal
2026-02-10 21:35:25.981239,Paris-8608,30,89,Normal
2026-02-10 21:35:26.981239,Paris-8608,47,89,Normal
2026-02-10 21:35:27.981239,Paris-8608,5,16,Normal
2026-02-10 21:35:28.981239,Paris-8608,18,19,Normal
2026-02-10 21:35:29.981239,Paris-8608,9,25,Normal
2026-02-10 21:35:30.981239,Paris-8608,-6,60,Normal
2026-02-10 21:35:31.981239,Paris-8608,26,81,Normal
2026-02-10 21:35:32.981239,Paris-8608,37,8,Normal
2026-02-10 21:35:33.981239,Paris-8608,13,75,Normal
2026-02-10 21:35:34.981239,Paris-8608,-16,77,Normal
2026-02-10 21:35:35.981239,Paris-8608,33,94,Normal
2026-02-10 21:35:36.981239,Paris-8608,-14,46,Normal
2026-02-10 21:35:37.981239,Paris-8608,0,52,Normal
2026-02-10 21:35:38.981239,Paris-8608,46,98,Normal
2026-02-10 21:35:39.981239,Paris-8608,37,69,Normal
2026-02-10 21:35:40.981239,Paris-8608,4,97,Normal
2026-02-10 21:35:41.981239,Paris-8608,28,77,Normal
2026-02-10 21:35:42.981239,Paris-8608,17,1,Normal
2026-02-10 21:35:43.981239,Paris-8608,20,72,Normal
2026-02-10 21:35:44.981239,Paris-8608,35,2,Normal
2026-02-10 21:35:45.981239,Paris-8608,-2,76,Normal
2026-02-10 21:35:46.981239,Paris-8608,27,37,Normal
2026-02-10 21:35:47.981239,Paris-8608,2,11,Normal
2026-02-10 21:35:48.981239,Paris-8608,47,30,Normal
2026-02-10 21:35:49.981239,Paris-8608,-12,90,Normal
2026-02-10 21:35:50.981239,Paris-8608,28,72,Normal
2026-02-10 21:35:51.981239,Paris-8608,48,68,Normal
2026-02-10 21:35:52.981239,Paris-8608,20,21,Normal
2026-02-10 21:35:53.981239,Paris-8608,-19,83,Normal
2026-02-10 21:35:54.981239,Paris-8608,4,82,Normal
2026-02-10 21:35:55.981239,Paris-8608,20,55,Normal
2026-02-10 21:35:56.981239,Paris-8608,-21,34,Normal
2026-02-10 21:35:57.981239,Paris-8608,-15,76,Normal
2026-02-10 21:35:58.981239,Paris-8608,38,60,Normal
2026-02-10 21:35:59.981239,Paris-8608,-2,46,Normal
2026-02-10 21:36:00.981239,Paris-8608,7,60,Normal
2026-02-10 21:36:01.981239,Paris-8608,-7,12,Normal
2026-02-10 21:36:02.981239,Paris-8608,-5,72,Normal
2026-02-10 21:36:03.981239,Paris-8608,28,73,Normal
2026-02-10 21:36:04.981239,Paris-8608,-15,5,Normal
2026-02-10 21:36:05.981239,Paris-8608,6,37,Normal
2026-02-10 21:36:06.981239,Paris-8608,14,70,Normal
2026-02-10 21:36:07.981239,Paris-8608,40,4,Normal
2026-02-10 21:36:08.981239,Paris-8608,31,19,Normal
2026-02-10 21:36:09.981239,Paris-8608,35,48,Normal
2026-02-10 21:36:10.981239,Paris-8608,12,82,Normal
2026-02-10 21:36:11.981239,Paris-8608,-24,16,Normal
2026-02-10 21:36:12.981239,Paris-8608,46,37,Normal
2026-02-10 21:36:13.981239,Paris-8608,4,31,Normal
2026-02-10 21:36:14.981239,Paris-8608,29,87,Normal
2026-02-10 21:36:15.981239,Paris-8608,-19,59,Normal
2026-02-10 21:36:16.981239,Paris-8608,-29,3,Normal
2026-02-10 21:36:17.981239,Paris-8608,45,37,Normal
2026-02-10 21:36:18.981239,Paris-8608,-22,33,Normal
2026-02-10 21:36:19.981239,Paris-8608,-24,69,Normal
2026-02-10 21:36:20.981239,Paris-8608,33,92,Normal
2026-02-10 21:36:21.981239,Paris-8608,-6,32,Normal
2026-02-10 21:36:22.981239,Paris-8608,31,88,Normal
2026-02-10 21:36:23.981239,Paris-8608,25,48,Normal
2026-02-10 21:36:24.981239,Paris-8608,-13,11,Normal
2026-02-10 21:36:25.981239,Paris-8608,-7,8,Normal
2026-02-10 21:36:26.981239,Paris-8608,-30,66,Normal
2026-02-10 21:36:27.981239,Paris-8608,18,60,Normal
2026-02-10 21:36:28.981239,Paris-8608,-9,2,Normal
2026-02-10 21:36:29.981239,Paris-8608,-5,60,Normal
2026-02-10 21:36:30.981239,Paris-8608,6,22,Normal
2026-02-10 21:36:31.981239,Paris-8608,35,77,Normal
2026-02-10 21:36:32.981239,Paris-8608,0,16,Normal
2026-02-10 21:36:33.981239,Paris-8608,14,100,Normal
2026-02-10 21:36:34.981239,Paris-8608,27,20,Normal
2026-02-10 21:36:35.981239,Paris-8608,43,2,Normal
2026-02-10 21:36:36.981239,Paris-8608,12,11,Normal
2026-02-10 21:36:37.981239,Paris-8608,1,53,Normal
2026-02-10 21:36:38.981239,Paris-8608,-5,8,Normal
2026-02-10 21:36:39.981239,Paris-8608,-18,38,Normal
2026-02-10 21:36:40.981239,Paris-8608,13,79,Normal
2026-02-10 21:36:41.981239,Paris-8608,-4,45,Normal
2026-02-10 21:36:42.981239,Paris-8608,-21,88,Normal
2026-02-10 21:36:43.981239,Paris-8608,49,20,Normal
2026-02-10 21:36:44.981239,Paris-8608,-22,83,Normal
2026-02-10 21:36:45.981239,Paris-8608,-21,50,Normal
2026-02-10 21:36:46.981239,Paris-8608,-25,92,Normal
2026-02-10 21:36:47.981239,Paris-8608,-29,22,Normal
2026-02-10 21:36:48.981239,Paris-8608,0,24,Normal
2026-02-10 21:36:49.981239,Paris-8608,23,61,Normal
2026-02-10 21:36:50.981239,Paris-8608,14,20,Normal
2026-02-10 21:36:51.981239,Paris-8608,38,93,Normal
2026-02-10 21:36:52.981239,Paris-8608,12,37,Normal
2026-02-10 21:36:53.981239,Paris-8608,-11,7,Normal
2026-02-10 21:36:54.981239,Paris-8608,-5,68,Normal
2026-02-10 21:36:55.981239,Paris-8608,27,2,Normal
2026-02-10 21:36:56.981239,Paris-8608,4,14,Normal
2026-02-10 21:36:57.981239,Paris-8608,-15,73,Normal
2026-02-10 21:36:58.981239,Paris-8608,17,99,Normal
2026-02-10 21:36:59.981239,Paris-8608,16,12,Normal
2026-02-10 21:37:00.981239,Paris-8608,-22,2,Normal
2026-02-10 21:37:01.981239,Paris-8608,-17,2,Normal
2026-02-10 21:37:02.981239,Paris-8608,-13,94,Normal
2026-02-10 21:37:03.981239,Paris-8608,10,61,Normal
2026-02-10 21:37:04.981239,Paris-8608,20,98,Normal
2026-02-10 21:37:05.981239,Paris-8608,24,92,Normal
2026-02-10 21:37:06.981239,Paris-8608,22,21,Normal
2026-02-10 21:37:07.981239,Paris-8608,30,94,Normal
2026-02-10 21:37:08.981239,Paris-8608,3,80,Normal
2026-02-10 21:37:09.981239,Paris-8608,-9,5,Normal
2026-02-10 21:37:10.981239,Paris-8608,-11,48,Normal
2026-02-10 21:37:11.981239,Paris-8608,43,1,Normal
2026-02-10 21:37:12.981239,Paris-8608,4,46,Normal
2026-02-10 21:37:13.981239,Paris-8608,4,95,Normal
2026-02-10 21:37:14.981239,Paris-8608,-10,9,Normal
2026-02-10 21:37:15.981239,Paris-8608,-25,0,Normal
2026-02-10 21:37:16.981239,Paris-8608,-9,49,Normal
2026-02-10 21:37:17.981239,Paris-8608,34,83,Normal
2026-02-10 21:37:18.981239,Paris-8608,20,74,Normal
2026-02-10 21:37:19.981239,Paris-8608,34,15,Normal
2026-02-10 21:37:20.981239,Paris-8608,14,88,Normal
2026-02-10 21:37:21.981239,Paris-8608,-15,57,Normal
2026-02-10 21:37:22.981239,Paris-8608,31,47,Normal
2026-02-10 21:37:23.981239,Paris-8608,25,73,Normal
2026-02-10 21:37:24.981239,Paris-8608,-3,71,Normal
2026-02-10 21:37:25.981239,Paris-8608,20,26,Normal
2026-02-10 21:37:26.981239,Paris-8608,-8,51,Normal
2026-02-10 21:37:27.981239,Paris-8608,22,13,Normal
2026-02-10 21:37:28.981239,Paris-8608,25,37,Normal
2026-02-10 21:37:29.981239,Paris-8608,-1,36,Normal
2026-02-10 21:37:30.981239,Paris-8608,-4,16,Normal
2026-02-10 21:37:31.981239,Paris-8608,-3,30,Normal
2026-02-10 21:37:32.981239,Paris-8608,-12,45,Normal
2026-02-10 21:37:33.981239,Paris-8608,-9,4,Normal
2026-02-10 21:37:34.981239,Paris-8608,33,22,Normal
2026-02-10 21:37:35.981239,Paris-8608,11,22,Normal
2026-02-10 21:37:36.981239,Paris-8608,5,78,Normal
2026-02-10 21:37:37.981239,Paris-8608,39,6,Normal
2026-02-10 21:37:38.981239,Paris-8608,27,79,Normal
2026-02-10 21:37:39.981239,Paris-8608,0,8,Normal
2026-02-10 21:37:40.981239,Paris-8608,-17,6,Normal
2026-02-10 21:37:41.981239,Paris-8608,15,24,Normal
2026-02-10 21:37:42.981239,Paris-8608,47,71,Normal
2026-02-10 21:37:43.981239,Paris-8608,26,28,Normal
2026-02-10 21:37:44.981239,Paris-8608,-1,7,Normal
2026-02-10 21:37:45.981239,Paris-8608,28,9,Normal
2026-02-10 21:37:46.981239,Paris-8608,-24,55,Normal
2026-02-10 21:37:47.981239,Paris-8608,4,7,Normal
2026-02-10 21:37:48.981239,Paris-8608,-24,43,Normal
2026-02-10 21:37:49.981239,Paris-8608,18,88,Normal
2026-02-10 21:37:50.981239,Paris-8608,16,77,Normal
2026-02-10 21:37:51.981239,Paris-8608,-4,11,Normal
2026-02-10 21:37:52.981239,Paris-8608,-4,57,Normal
2026-02-10 21:37:53.981239,Paris-8608,34,8,Normal
2026-02-10 21:37:54.981239,Paris-8608,32,77,Normal
2026-02-10 21:37:55.981239,Paris-8608,-25,20,Normal
2026-02-10 21:37:56.981239,Paris-8608,36,52,Normal
2026-02-10 21:37:57.981239,Paris-8608,50,92,Normal
2026-02-10 21:37:58.981239,Paris-8608,1,69,Normal
2026-02-10 21:37:59.981239,Paris-8608,42,50,Normal
2026-02-10 21:38:00.981239,Paris-8608,17,53,Normal
2026-02-10 21:38:01.981239,Paris-8608,28,39,Normal
2026-02-10 21:38:02.981239,Paris-8608,-24,86,Normal
2026-02-10 21:38:03.981239,Paris-8608,21,34,Normal
2026-02-10 21:38:04.981239,Paris-8608,-16,61,Normal
2026-02-10 21:38:05.981239,Paris-8608,11,15,Normal
2026-02-10 21:38:06.981239,Paris-8608,-2,75,Normal
2026-02-10 21:38:07.981239,Paris-8608,25,95,Normal
2026-02-10 21:38:08.981239,Paris-8608,-7,50,Normal
2026-02-10 21:38:09.981239,Paris-8608,-20,45,Normal
2026-02-10 21:38:10.981239,Paris-8608,-29,89,Normal
2026-02-10 21:38:11.981239,Paris-8608,36,71,Normal
2026-02-10 21:38:12.981239,Paris-8608,13,9,Normal
2026-02-10 21:38:13.981239,Paris-8608,14,5,Normal
2026-02-10 21:38:14.981239,Paris-8608,29,70,Normal
2026-02-10 21:38:15.981239,Paris-8608,17,70,Normal
2026-02-10 21:38:16.981239,Paris-8608,33,59,Normal
2026-02-10 21:38:17.981239,Paris-8608,12,84,Normal
2026-02-10 21:38:18.981239,Paris-8608,30,28,Normal
2026-02-10 21:38:19.981239,Paris-8608,18,26,Normal
2026-02-10 21:38:20.981239,Paris-8608,-18,5,Normal
2026-02-10 21:38:21.981239,Paris-8608,-30,41,Normal
2026-02-10 21:38:22.981239,Paris-8608,15,60,Normal
2026-02-10 21:38:23.981239,Paris-8608,4,1,Normal
2026-02-10 21:38:24.981239,Paris-8608,45,2,Normal
2026-02-10 21:38:25.981239,Paris-8608,24,99,Normal
2026-02-10 21:38:26.981239,Paris-8608,-26,74,Normal
2026-02-10 21:38:27.981239,Paris-8608,10,4,Normal
2026-02-10 21:38:28.981239,Paris-8608,7,83,Normal
2026-02-10 21:38:29.981239,Paris-8608,14,86,Normal
2026-02-10 21:38:30.981239,Paris-8608,36,45,Normal
2026-02-10 21:38:31.981239,Paris-8608,-12,77,Normal
2026-02-10 21:38:32.981239,Paris-8608,23,19,Normal
2026-02-10 21:38:33.981239,Paris-8608,-5,9,Normal
2026-02-10 21:38:34.981239,Paris-8608,28,74,Normal
2026-02-10 21:38:35.981239,Paris-8608,38,53,Normal
2026-02-10 21:38:36.981239,Paris-8608,-28,82,Normal
2026-02-10 21:38:37.981239,Paris-8608,-9,37,Normal
2026-02-10 21:38:38.981239,Paris-8608,23,76,Normal
2026-02-10 21:38:39.981239,Paris-8608,44,27,Normal
2026-02-10 21:38:40.981239,Paris-8608,-21,23,Normal
2026-02-10 21:38:41.981239,Paris-8608,-6,39,Normal
2026-02-10 21:38:42.981239,Paris-8608,30,8,Normal
2026-02-10 21:38:43.981239,Paris-8608,22,70,Normal
2026-02-10 21:38:44.981239,Paris-8608,49,69,Normal
2026-02-10 21:38:45.981239,Paris-8608,27,53,Normal
2026-02-10 21:38:46.981239,Paris-8608,42,91,Normal
2026-02-10 21:38:47.981239,Paris-8608,12,98,Normal
2026-02-10 21:38:48.981239,Paris-8608,-25,56,Normal
2026-02-10 21:38:49.981239,Paris-8608,-29,34,Normal
2026-02-10 21:38:50.981239,Paris-8608,42,69,Normal
2026-02-10 21:38:51.981239,Paris-8608,-14,85,Normal
2026-02-10 21:38:52.981239,Paris-8608,-17,18,Normal
2026-02-10 21:38:53.981239,Paris-8608,7,28,Normal
2026-02-10 21:38:54.981239,Paris-8608,49,8,Normal
2026-02-10 21:38:55.981239,Paris-8608,-11,13,Normal
2026-02-10 21:38:56.981239,Paris-8608,27,4,Normal
2026-02-10 21:38:57.981239,Paris-8608,5,99,Normal
2026-02-10 21:38:58.981239,Paris-8608,-4,49,Normal
2026-02-10 21:38:59.981239,Paris-8608,-4,47,Normal
2026-02-10 21:39:00.981239,Paris-8608,-4,32,Normal
2026-02-10 21:39:01.981239,Paris-8608,46,55,Normal
2026-02-10 21:39:02.981239,Paris-8608,-6,80,Normal
2026-02-10 21:39:03.981239,Paris-8608,42,9,Normal
2026-02-10 21:39:04.981239,Paris-8608,-5,79,Normal
2026-02-10 21:39:05.981239,Paris-8608,9,100,Normal
2026-02-10 21:39:06.981239,Paris-8608,40,62,Normal
2026-02-10 21:39:07.981239,Paris-8608,16,39,Normal
2026-02-10 21:39:08.981239,Paris-8608,2,35,Normal
2026-02-10 21:39:09.981239,Paris-8608,15,18,Normal
2026-02-10 21:39:10.981239,Paris-8608,12,30,Normal
2026-02-10 21:39:11.981239,Paris-8608,33,62,Normal
2026-02-10 21:39:12.981239,Paris-8608,12,44,Normal
2026-02-10 21:39:13.981239,Paris-8608,35,22,Normal
2026-02-10 21:39:14.981239,Paris-8608,4,52,Normal
2026-02-10 21:39:15.981239,Paris-8608,-12,44,Normal
2026-02-10 21:39:16.981239,Paris-8608,46,88,Normal
2026-02-10 21:39:17.981239,Paris-8608,44,58,Normal
2026-02-10 21:39:18.981239,Paris-8608,36,98,Normal
2026-02-10 21:39:19.981239,Paris-8608,-21,96,Normal
2026-02-10 21:39:20.981239,Paris-8608,-4,64,Normal
2026-02-10 21:39:21.981239,Paris-8608,-15,25,Normal
2026-02-10 21:39:22.981239,Paris-8608,17,27,Normal
2026-02-10 21:39:23.981239,Paris-8608,-22,68,Normal
2026-02-10 21:39:24.981239,Paris-8608,11,36,Normal
2026-02-10 21:39:25.981239,Paris-8608,34,44,Normal
2026-02-10 21:39:26.981239,Paris-8608,-14,25,Normal
2026-02-10 21:39:27.981239,Paris-8608,17,59,Normal
2026-02-10 21:39:28.981239,Paris-8608,21,40,Normal
2026-02-10 21:39:29.981239,Paris-8608,47,27,Normal
2026-02-10 21:39:30.981239,Paris-8608,-5,29,Normal
2026-02-10 21:39:31.981239,Paris-8608,44,19,Normal
2026-02-10 21:39:32.981239,Paris-8608,26,58,Normal
2026-02-10 21:39:33.981239,Paris-8608,38,7,Normal
2026-02-10 21:39:34.981239,Paris-8608,33,22,Normal
2026-02-10 21:39:35.981239,Paris-8608,-12,8,Normal
2026-02-10 21:39:36.981239,Paris-8608,5,40,Normal
2026-02-10 21:39:37.981239,Paris-8608,8,79,Normal
2026-02-10 21:39:38.981239,Paris-8608,-11,32,Normal
2026-02-10 21:39:39.981239,Paris-8608,26,83,Normal
2026-02-10 21:39:40.981239,Paris-8608,27,2,Normal
2026-02-10 21:39:41.981239,Paris-8608,-7,93,Normal
2026-02-10 21:39:42.981239,Paris-8608,0,89,Normal
2026-02-10 21:39:43.981239,Paris-8608,30,47,Normal
2026-02-10 21:39:44.981239,Paris-8608,41,8,Normal
2026-02-10 21:39:45.981239,Paris-8608,42,85,Normal
2026-02-10 21:39:46.981239,Paris-8608,33,39,Normal
2026-02-10 21:39:47.981239,Paris-8608,28,89,Normal
2026-02-10 21:39:48.981239,Paris-8608,20,82,Normal
2026-02-10 21:39:49.981239,Paris-8608,24,96,Normal
2026-02-10 21:39:50.981239,Paris-8608,-20,98,Normal
2026-02-10 21:39:51.981239,Paris-8608,7,73,Normal
2026-02-10 21:39:52.981239,Paris-8608,20,98,Normal
2026-02-10 21:39:53.981239,Paris-8608,43,18,Normal
2026-02-10 21:39:54.981239,Paris-8608,-9,38,Normal
2026-02-10 21:39:55.981239,Paris-8608,44,5,Normal
2026-02-10 21:39:56.981239,Paris-8608,2,20,Normal
2026-02-10 21:39:57.981239,Paris-8608,-11,73,Normal
2026-02-10 21:39:58.981239,Paris-8608,37,49,Normal
2026-02-10 21:39:59.981239,Paris-8608,-29,80,Normal
2026-02-10 21:40:00.981239,Paris-8608,46,2,Normal
2026-02-10 21:40:01.981239,Paris-8608,42,79,Normal
2026-02-10 21:40:02.981239,Paris-8608,-19,20,Normal
2026-02-10 21:40:03.981239,Paris-8608,27,38,Normal
2026-02-10 21:40:04.981239,Paris-8608,-18,84,Normal
2026-02-10 21:40:05.981239,Paris-8608,29,57,Normal
2026-02-10 21:40:06.981239,Paris-8608,48,11,Normal
2026-02-10 21:40:07.981239,Paris-8608,7,56,Normal
2026-02-10 21:40:08.981239,Paris-8608,27,95,Normal
2026-02-10 21:40:09.981239,Paris-8608,-29,27,Normal
2026-02-10 21:40:10.981239,Paris-8608,-27,18,Normal
2026-02-10 21:40:11.981239,Paris-8608,30,92,Normal
2026-02-10 21:40:12.981239,Paris-8608,21,67,Normal
2026-02-10 21:40:13.981239,Paris-8608,-27,53,Normal
2026-02-10 21:40:14.981239,Paris-8608,-22,19,Normal
2026-02-10 21:40:15.981239,Paris-8608,20,76,Normal
2026-02-10 21:40:16.981239,Paris-8608,-27,12,Normal
2026-02-10 21:40:17.981239,Paris-8608,-17,93,Normal
2026-02-10 21:40:18.981239,Paris-8608,-19,96,Normal
2026-02-10 21:40:19.981239,Paris-8608,-2,67,Normal
2026-02-10 21:40:20.981239,Paris-8608,-27,41,Normal
2026-02-10 21:40:21.981239,Paris-8608,25,90,Normal
2026-02-10 21:40:22.981239,Paris-8608,8,54,Normal
2026-02-10 21:40:23.981239,Paris-8608,38,23,Normal
2026-02-10 21:40:24.981239,Paris-8608,-16,16,Normal
2026-02-10 21:40:25.981239,Paris-8608,30,86,Normal
2026-02-10 21:40:26.981239,Paris-8608,39,83,Normal
2026-02-10 21:40:27.981239,Paris-8608,28,5,Normal
2026-02-10 21:40:28.981239,Paris-8608,43,7,Normal
2026-02-10 21:40:29.981239,Paris-8608,-28,84,Normal
2026-02-10 21:40:30.981239,Paris-8608,-28,7,Normal
2026-02-10 21:40:31.981239,Paris-8608,40,22,Normal
2026-02-10 21:40:32.981239,Paris-8608,-8,8,Normal
2026-02-10 21:40:33.981239,Paris-8608,24,64,Normal
2026-02-10 21:40:34.981239,Paris-8608,18,28,Normal
2026-02-10 21:40:35.981239,Paris-8608,-12,86,Normal
2026-02-10 21:40:36.981239,Paris-8608,5,99,Normal
2026-02-10 21:40:37.981239,Paris-8608,29,27,Normal
2026-02-10 21:40:38.981239,Paris-8608,0,96,Normal
2026-02-10 21:40:39.981239,Paris-8608,50,15,Normal
2026-02-10 21:40:40.981239,Paris-8608,-23,29,Normal
2026-02-10 21:40:41.981239,Paris-8608,48,38,Normal
2026-02-10 21:40:42.981239,Paris-8608,21,6,Normal
2026-02-10 21:40:43.981239,Paris-8608,-9,95,Normal
2026-02-10 21:40:44.981239,Paris-8608,-15,63,Normal
2026-02-10 21:40:45.981239,Paris-8608,-10,88,Normal
2026-02-10 21:40:46.981239,Paris-8608,28,23,Normal
2026-02-10 21:40:47.981239,Paris-8608,30,80,Normal
2026-02-10 21:40:48.981239,Paris-8608,20,91,Normal
2026-02-10 21:40:49.981239,Paris-8608,8,38,Normal
2026-02-10 21:40:50.981239,Paris-8608,-25,80,Normal
2026-02-10 21:40:51.981239,Paris-8608,35,71,Normal
2026-02-10 21:40:52.981239,Paris-8608,-5,75,Normal
2026-02-10 21:40:53.981239,Paris-8608,-9,17,Normal
2026-02-10 21:40:54.981239,Paris-8608,-10,84,Normal
2026-02-10 21:40:55.981239,Paris-8608,-2,94,Normal
2026-02-10 21:40:56.981239,Paris-8608,48,79,Normal
2026-02-10 21:40:57.981239,Paris-8608,-13,67,Normal
2026-02-10 21:40:58.981239,Paris-8608,14,99,Normal
2026-02-10 21:40:59.981239,Paris-8608,39,45,Normal
2026-02-10 21:41:00.981239,Paris-8608,12,82,Normal
2026-02-10 21:41:01.981239,Paris-8608,-6,83,Normal
2026-02-10 21:41:02.981239,Paris-8608,-8,8,Normal
2026-02-10 21:41:03.981239,Paris-8608,36,99,Normal
2026-02-10 21:41:04.981239,Paris-8608,-28,16,Normal
2026-02-10 21:41:05.981239,Paris-8608,5,42,Normal
2026-02-10 21:41:06.981239,Paris-8608,23,41,Normal
2026-02-10 21:41:07.981239,Paris-8608,46,16,Normal
2026-02-10 21:41:08.981239,Paris-8608,-14,40,Normal
2026-02-10 21:41:09.981239,Paris-8608,35,36,Normal
2026-02-10 21:41:10.981239,Paris-8608,27,33,Normal
2026-02-10 21:41:11.981239,Paris-8608,0,62,Normal
2026-02-10 21:41:12.981239,Paris-8608,5,13,Normal
2026-02-10 21:41:13.981239,Paris-8608,0,83,Normal
2026-02-10 21:41:14.981239,Paris-8608,30,19,Normal
2026-02-10 21:41:15.981239,Paris-8608,-4,76,Normal
2026-02-10 21:41:16.981239,Paris-8608,19,41,Normal
2026-02-10 21:41:17.981239,Paris-8608,41,43,Normal
2026-02-10 21:41:18.981239,Paris-8608,21,22,Normal
2026-02-10 21:41:19.981239,Paris-8608,34,87,Normal
2026-02-10 21:41:20.981239,Paris-8608,-18,7,Normal
2026-02-10 21:41:21.981239,Paris-8608,2,11,Normal
2026-02-10 21:41:22.981239,Paris-8608,12,46,Normal
2026-02-10 21:41:23.981239,Paris-8608,25,90,Normal
2026-02-10 21:41:24.981239,Paris-8608,6,49,Normal
2026-02-10 21:41:25.981239,Paris-8608,45,54,Normal
2026-02-10 21:41:26.981239,Paris-8608,-18,0,Normal
2026-02-10 21:41:27.981239,Paris-8608,19,63,Normal
2026-02-10 21:41:28.981239,Paris-8608,20,35,Normal
2026-02-10 21:41:29.981239,Paris-8608,-11,26,Normal
2026-02-10 21:41:30.981239,Paris-8608,-3,89,Normal
2026-02-10 21:41:31.981239,Paris-8608,48,1,Normal
2026-02-10 21:41:32.981239,Paris-8608,-5,2,Normal
2026-02-10 21:41:33.981239,Paris-8608,-17,30,Normal
2026-02-10 21:41:34.981239,Paris-8608,28,9,Normal
2026-02-10 21:41:35.981239,Paris-8608,-9,74,Normal
2026-02-10 21:41:36.981239,Paris-8608,42,13,Normal
2026-02-10 21:41:37.981239,Paris-8608,-12,3,Normal
2026-02-10 21:41:38.981239,Paris-8608,-14,55,Normal
2026-02-10 21:41:39.981239,Paris-8608,14,63,Normal
2026-02-10 21:41:40.981239,Paris-8608,38,59,Normal
2026-02-10 21:41:41.981239,Paris-8608,28,16,Normal
2026-02-10 21:41:42.981239,Paris-8608,36,91,Normal
2026-02-10 21:41:43.981239,Paris-8608,29,58,Normal
2026-02-10 21:41:44.981239,Paris-8608,9,100,Normal
2026-02-10 21:41:45.981239,Paris-8608,7,12,Normal
2026-02-10 21:41:46.981239,Paris-8608,-9,29,Normal
2026-02-10 21:41:47.981239,Paris-8608,-2,77,Normal
2026-02-10 21:41:48.981239,Paris-8608,18,81,Normal
2026-02-10 21:41:49.981239,Paris-8608,9,17,Normal
2026-02-10 21:41:50.981239,Paris-8608,-2,75,Normal
2026-02-10 21:41:51.981239,Paris-8608,-17,50,Normal
2026-02-10 21:41:52.981239,Paris-8608,-21,49,Normal
2026-02-10 21:41:53.981239,Paris-8608,-6,67,Normal
2026-02-10 21:41:54.981239,Paris-8608,-27,64,Normal
2026-02-10 21:41:55.981239,Paris-8608,-5,78,Normal
2026-02-10 21:41:56.981239,Paris-8608,41,25,Normal
2026-02-10 21:41:57.981239,Paris-8608,19,15,Normal
2026-02-10 21:41:58.981239,Paris-8608,21,13,Normal
2026-02-10 21:41:59.981239,Paris-8608,16,21,Normal
2026-02-10 21:42:00.981239,Paris-8608,50,54,Normal
2026-02-10 21:42:01.981239,Paris-8608,-12,17,Normal
2026-02-10 21:42:02.981239,Paris-8608,-14,74,Normal
2026-02-10 21:42:03.981239,Paris-8608,-24,25,Normal
2026-02-10 21:42:04.981239,Paris-8608,-9,96,Normal
2026-02-10 21:42:05.981239,Paris-8608,50,36,Normal
2026-02-10 21:42:06.981239,Paris-8608,12,31,Normal
2026-02-10 21:42:07.981239,Paris-8608,-21,43,Normal
2026-02-10 21:42:08.981239,Paris-8608,-25,77,Normal
2026-02-10 21:42:09.981239,Paris-8608,26,9,Normal
2026-02-10 21:42:10.981239,Paris-8608,47,41,Normal
2026-02-10 21:42:11.981239,Paris-8608,-6,1,Normal
2026-02-10 21:42:12.981239,Paris-8608,9,55,Normal
2026-02-10 21:42:13.981239,Paris-8608,-19,19,Normal
2026-02-10 21:42:14.981239,Paris-8608,24,0,Normal
2026-02-10 21:42:15.981239,Paris-8608,-26,90,Normal
2026-02-10 21:42:16.981239,Paris-8608,48,51,Normal
2026-02-10 21:42:17.981239,Paris-8608,39,88,Normal
2026-02-10 21:42:18.981239,Paris-8608,-30,61,Normal
2026-02-10 21:42:19.981239,Paris-8608,-10,36,Normal
2026-02-10 21:42:20.981239,Paris-8608,-1,33,Normal
2026-02-10 21:42:21.981239,Paris-8608,-6,52,Normal
2026-02-10 21:42:22.981239,Paris-8608,1,81,Normal
2026-02-10 21:42:23.981239,Paris-8608,41,68,Normal
2026-02-10 21:42:24.981239,Paris-8608,-7,3,Normal
2026-02-10 21:42:25.981239,Paris-8608,-30,66,Normal
2026-02-10 21:42:26.981239,Paris-8608,35,42,Normal
2026-02-10 21:42:27.981239,Paris-8608,-29,48,Normal
2026-02-10 21:42:28.981239,Paris-8608,2,50,Normal
2026-02-10 21:42:29.981239,Paris-8608,9,3,Normal
2026-02-10 21:42:30.981239,Paris-8608,-11,100,Normal
2026-02-10 21:42:31.981239,Paris-8608,1,25,Normal
2026-02-10 21:42:32.981239,Paris-8608,-2,27,Normal
2026-02-10 21:42:33.981239,Paris-8608,-19,0,Normal
2026-02-10 21:42:34.981239,Paris-8608,36,10,Normal
2026-02-10 21:42:35.981239,Paris-8608,-3,35,Normal
2026-02-10 21:42:36.981239,Paris-8608,8,38,Normal
2026-02-10 21:42:37.981239,Paris-8608,-11,51,Normal
2026-02-10 21:42:38.981239,Paris-8608,14,67,Normal
2026-02-10 21:42:39.981239,Paris-8608,7,84,Normal
2026-02-10 21:42:40.981239,Paris-8608,35,30,Normal
2026-02-10 21:42:41.981239,Paris-8608,0,65,Normal
2026-02-10 21:42:42.981239,Paris-8608,17,100,Normal
2026-02-10 21:42:43.981239,Paris-8608,20,68,Normal
2026-02-10 21:42:44.981239,Paris-8608,48,30,Normal
2026-02-10 21:42:45.981239,Paris-8608,29,85,Normal
2026-02-10 21:42:46.981239,Paris-8608,-1,46,Normal
2026-02-10 21:42:47.981239,Paris-8608,21,62,Normal
2026-02-10 21:42:48.981239,Paris-8608,-17,14,Normal
2026-02-10 21:42:49.981239,Paris-8608,14,30,Normal
2026-02-10 21:42:50.981239,Paris-8608,-6,19,Normal
2026-02-10 21:42:51.981239,Paris-8608,-3,98,Normal
2026-02-10 21:42:52.981239,Paris-8608,50,41,Normal
2026-02-10 21:42:53.981239,Paris-8608,28,1,Normal
2026-02-10 21:42:54.981239,Paris-8608,-6,51,Normal
2026-02-10 21:42:55.981239,Paris-8608,-30,38,Normal
2026-02-10 21:42:56.981239,Paris-8608,35,0,Normal
2026-02-10 21:42:57.981239,Paris-8608,41,31,Normal
2026-02-10 21:42:58.981239,Paris-8608,29,83,Normal
2026-02-10 21:42:59.981239,Paris-8608,2,5,Normal
2026-02-10 21:43:00.981239,Paris-8608,-19,51,Normal
2026-02-10 21:43:01.981239,Paris-8608,27,24,Normal
2026-02-10 21:43:02.981239,Paris-8608,16,36,Normal
2026-02-10 21:43:03.981239,Paris-8608,-7,72,Normal
2026-02-10 21:43:04.981239,Paris-8608,-9,57,Normal
2026-02-10 21:43:05.981239,Paris-8608,42,100,Normal
2026-02-10 21:43:06.981239,Paris-8608,50,45,Normal
2026-02-10 21:43:07.981239,Paris-8608,18,95,Normal
2026-02-10 21:43:08.981239,Paris-8608,-20,55,Normal
2026-02-10 21:43:09.981239,Paris-8608,14,53,Normal
2026-02-10 21:43:10.981239,Paris-8608,-25,68,Normal
2026-02-10 21:43:11.981239,Paris-8608,28,14,Normal
2026-02-10 21:43:12.981239,Paris-8608,3,31,Normal
2026-02-10 21:43:13.981239,Paris-8608,46,68,Normal
2026-02-10 21:43:14.981239,Paris-8608,27,40,Normal
2026-02-10 21:43:15.981239,Paris-8608,49,92,Normal
2026-02-10 21:43:16.981239,Paris-8608,-20,33,Normal
2026-02-10 21:43:17.981239,Paris-8608,12,15,Normal
2026-02-10 21:43:18.981239,Paris-8608,-22,94,Normal
2026-02-10 21:43:19.981239,Paris-8608,19,3,Normal
2026-02-10 21:43:20.981239,Paris-8608,27,23,Normal
2026-02-10 21:43:21.981239,Paris-8608,24,12,Normal
2026-02-10 21:43:22.981239,Paris-8608,49,16,Normal
2026-02-10 21:43:23.981239,Paris-8608,-27,67,Normal
2026-02-10 21:43:24.981239,Paris-8608,45,4,Normal
2026-02-10 21:43:25.981239,Paris-8608,-22,68,Normal
2026-02-10 21:43:26.981239,Paris-8608,-19,59,Normal
2026-02-10 21:43:27.981239,Paris-8608,19,81,Normal
2026-02-10 21:43:28.981239,Paris-8608,-14,23,Normal
2026-02-10 21:43:29.981239,Paris-8608,25,79,Normal
2026-02-10 21:43:30.981239,Paris-8608,38,83,Normal
2026-02-10 21:43:31.981239,Paris-8608,12,70,Normal
2026-02-10 21:43:32.981239,Paris-8608,13,18,Normal
2026-02-10 21:43:33.981239,Paris-8608,6,79,Normal
2026-02-10 21:43:34.981239,Paris-8608,-24,74,Normal
2026-02-10 21:43:35.981239,Paris-8608,45,37,Normal
2026-02-10 21:43:36.981239,Paris-8608,27,47,Normal
2026-02-10 21:43:37.981239,Paris-8608,16,89,Normal
2026-02-10 21:43:38.981239,Paris-8608,-15,27,Normal
2026-02-10 21:43:39.981239,Paris-8608,-19,0,Normal
2026-02-10 21:43:40.981239,Paris-8608,15,52,Normal
2026-02-10 21:43:41.981239,Paris-8608,42,29,Normal
2026-02-10 21:43:42.981239,Paris-8608,42,3,Normal
2026-02-10 21:43:43.981239,Paris-8608,1,8,Normal
2026-02-10 21:43:44.981239,Paris-8608,-11,100,Normal
2026-02-10 21:43:45.981239,Paris-8608,26,22,Normal
2026-02-10 21:43:46.981239,Paris-8608,26,78,Normal
2026-02-10 21:43:47.981239,Paris-8608,-7,77,Normal
2026-02-10 21:43:48.981239,Paris-8608,-20,24,Normal
2026-02-10 21:43:49.981239,Paris-8608,45,15,Normal
2026-02-10 21:43:50.981239,Paris-8608,-28,12,Normal
2026-02-10 21:43:51.981239,Paris-8608,39,74,Normal
2026-02-10 21:43:52.981239,Paris-8608,14,11,Normal
2026-02-10 21:43:53.981239,Paris-8608,-23,40,Normal
2026-02-10 21:43:54.981239,Paris-8608,-16,24,Normal
2026-02-10 21:43:55.981239,Paris-8608,-13,82,Normal
2026-02-10 21:43:56.981239,Paris-8608,6,40,Normal
2026-02-10 21:43:57.981239,Paris-8608,4,19,Normal
2026-02-10 21:43:58.981239,Paris-8608,-27,66,Normal
2026-02-10 21:43:59.981239,Paris-8608,19,96,Normal
2026-02-10 21:44:00.981239,Paris-8608,4,92,Normal
2026-02-10 21:44:01.981239,Paris-8608,-6,26,Normal
2026-02-10 21:44:02.981239,Paris-8608,22,7,Normal
2026-02-10 21:44:03.981239,Paris-8608,27,38,Normal
2026-02-10 21:44:04.981239,Paris-8608,-25,76,Normal
2026-02-10 21:44:05.981239,Paris-8608,-25,94,Normal
2026-02-10 21:44:06.981239,Paris-8608,2,33,Normal
2026-02-10 21:44:07.981239,Paris-8608,33,42,Normal
2026-02-10 21:44:08.981239,Paris-8608,-8,18,Normal
2026-02-10 21:44:09.981239,Paris-8608,11,45,Normal
2026-02-10 21:44:10.981239,Paris-8608,45,25,Normal
2026-02-10 21:44:11.981239,Paris-8608,-30,69,Normal
2026-02-10 21:44:12.981239,Paris-8608,37,24,Normal
2026-02-10 21:44:13.981239,Paris-8608,23,37,Normal
2026-02-10 21:44:14.981239,Paris-8608,45,75,Normal
2026-02-10 21:44:15.981239,Paris-8608,-16,9,Normal
2026-02-10 21:44:16.981239,Paris-8608,14,84,Normal
2026-02-10 21:44:17.981239,Paris-8608,21,59,Normal
2026-02-10 21:44:18.981239,Paris-8608,1,48,Normal
2026-02-10 21:44:19.981239,Paris-8608,34,91,Normal
2026-02-10 21:44:20.981239,Paris-8608,48,67,Normal
2026-02-10 21:44:21.981239,Paris-8608,-5,30,Normal
2026-02-10 21:44:22.981239,Paris-8608,7,83,Normal
2026-02-10 21:44:23.981239,Paris-8608,48,14,Normal
2026-02-10 21:44:24.981239,Paris-8608,2,71,Normal
2026-02-10 21:44:25.981239,Paris-8608,47,97,Normal
2026-02-10 21:44:26.981239,Paris-8608,21,11,Normal
2026-02-10 21:44:27.981239,Paris-8608,9,90,Normal
2026-02-10 21:44:28.981239,Paris-8608,28,47,Normal
2026-02-10 21:44:29.981239,Paris-8608,5,17,Normal
2026-02-10 21:44:30.981239,Paris-8608,-30,75,Normal
2026-02-10 21:44:31.981239,Paris-8608,3,51,Normal
2026-02-10 21:44:32.981239,Paris-8608,-10,83,Normal
2026-02-10 21:44:33.981239,Paris-8608,26,67,Normal
2026-02-10 21:44:34.981239,Paris-8608,-26,70,Normal
2026-02-10 21:44:35.981239,Paris-8608,22,26,Normal
2026-02-10 21:44:36.981239,Paris-8608,36,32,Normal
2026-02-10 21:44:37.981239,Paris-8608,34,51,Normal
2026-02-10 21:44:38.981239,Paris-8608,9,53,Normal
2026-02-10 21:44:39.981239,Paris-8608,36,50,Normal
2026-02-10 21:44:40.981239,Paris-8608,-24,99,Normal
2026-02-10 21:44:41.981239,Paris-8608,10,50,Normal
2026-02-10 21:44:42.981239,Paris-8608,12,29,Normal
2026-02-10 21:44:43.981239,Paris-8608,5,72,Normal
2026-02-10 21:44:44.981239,Paris-8608,45,51,Normal
2026-02-10 21:44:45.981239,Paris-8608,-16,85,Normal
2026-02-10 21:44:46.981239,Paris-8608,15,21,Normal
2026-02-10 21:44:47.981239,Paris-8608,-10,62,Normal
2026-02-10 21:44:48.981239,Paris-8608,4,5,Normal
2026-02-10 21:44:49.981239,Paris-8608,31,100,Normal
2026-02-10 21:44:50.981239,Paris-8608,-14,25,Normal
2026-02-10 21:44:51.981239,Paris-8608,-24,65,Normal
2026-02-10 21:44:52.981239,Paris-8608,39,61,Normal
2026-02-10 21:44:53.981239,Paris-8608,-10,45,Normal
2026-02-10 21:44:54.981239,Paris-8608,48,75,Normal
2026-02-10 21:44:55.981239,Paris-8608,-6,78,Normal
2026-02-10 21:44:56.981239,Paris-8608,-12,5,Normal
2026-02-10 21:44:57.981239,Paris-8608,-5,49,Normal
2026-02-10 21:44:58.981239,Paris-8608,13,88,Normal
2026-02-10 21:44:59.981239,Paris-8608,-4,86,Normal
2026-02-10 21:45:00.981239,Paris-8608,-2,12,Normal
2026-02-10 21:45:01.981239,Paris-8608,35,13,Normal
2026-02-10 21:45:02.981239,Paris-8608,-27,89,Normal
2026-02-10 21:45:03.981239,Paris-8608,-28,37,Normal
2026-02-10 21:45:04.981239,Paris-8608,21,56,Normal
2026-02-10 21:45:05.981239,Paris-8608,26,100,Normal
2026-02-10 21:45:06.981239,Paris-8608,-23,100,Normal
2026-02-10 21:45:07.981239,Paris-8608,12,74,Normal
2026-02-10 21:45:08.981239,Paris-8608,6,70,Normal
2026-02-10 21:45:09.981239,Paris-8608,14,24,Normal
2026-02-10 21:45:10.981239,Paris-8608,2,89,Normal
2026-02-10 21:45:11.981239,Paris-8608,-18,32,Normal
2026-02-10 21:45:12.981239,Paris-8608,14,63,Normal
2026-02-10 21:45:13.981239,Paris-8608,-8,88,Normal
2026-02-10 21:45:14.981239,Paris-8608,0,43,Normal
2026-02-10 21:45:15.981239,Paris-8608,2,93,Normal
2026-02-10 21:45:16.981239,Paris-8608,-3,5,Normal
2026-02-10 21:45:17.981239,Paris-8608,-23,51,Normal
2026-02-10 21:45:18.981239,Paris-8608,50,10,Normal
2026-02-10 21:45:19.981239,Paris-8608,-18,34,Normal
2026-02-10 21:45:20.981239,Paris-8608,-26,91,Normal
2026-02-10 21:45:21.981239,Paris-8608,17,58,Normal
2026-02-10 21:45:22.981239,Paris-8608,21,80,Normal
2026-02-10 21:45:23.981239,Paris-8608,36,79,Normal
2026-02-10 21:45:24.981239,Paris-8608,41,10,Normal
2026-02-10 21:45:25.981239,Paris-8608,1,38,Normal
2026-02-10 21:45:26.981239,Paris-8608,5,6,Normal
2026-02-10 21:45:27.981239,Paris-8608,-6,36,Normal
2026-02-10 21:45:28.981239,Paris-8608,-7,5,Normal
2026-02-10 21:45:29.981239,Paris-8608,2,61,Normal
2026-02-10 21:45:30.981239,Paris-8608,1,43,Normal
2026-02-10 21:45:31.981239,Paris-8608,20,61,Normal
2026-02-10 21:45:32.981239,Paris-8608,47,1,Normal
2026-02-10 21:45:33.981239,Paris-8608,41,78,Normal
2026-02-10 21:45:34.981239,Paris-8608,39,73,Normal
2026-02-10 21:45:35.981239,Paris-8608,21,38,Normal
2026-02-10 21:45:36.981239,Paris-8608,30,47,Normal
2026-02-10 21:45:37.981239,Paris-8608,-21,17,Normal
2026-02-10 21:45:38.981239,Paris-8608,8,41,Normal
2026-02-10 21:45:39.981239,Paris-8608,-26,84,Normal
2026-02-10 21:45:40.981239,Paris-8608,-24,32,Normal
2026-02-10 21:45:41.981239,Paris-8608,-24,96,Normal
2026-02-10 21:45:42.981239,Paris-8608,41,38,Normal
2026-02-10 21:45:43.981239,Paris-8608,23,55,Normal
2026-02-10 21:45:44.981239,Paris-8608,47,43,Normal
2026-02-10 21:45:45.981239,Paris-8608,-12,34,Normal
2026-02-10 21:45:46.981239,Paris-8608,-27,96,Normal
2026-02-10 21:45:47.981239,Paris-8608,22,56,Normal
2026-02-10 21:45:48.981239,Paris-8608,43,88,Normal
2026-02-10 21:45:49.981239,Paris-8608,-4,51,Normal
2026-02-10 21:45:50.981239,Paris-8608,15,51,Normal
2026-02-10 21:45:51.981239,Paris-8608,23,89,Normal
2026-02-10 21:45:52.981239,Paris-8608,32,6,Normal
2026-02-10 21:45:53.981239,Paris-8608,-21,51,Normal
2026-02-10 21:45:54.981239,Paris-8608,-6,0,Normal
2026-02-10 21:45:55.981239,Paris-8608,31,58,Normal
2026-02-10 21:45:56.981239,Paris-8608,-12,66,Normal
2026-02-10 21:45:57.981239,Paris-8608,-22,57,Normal
2026-02-10 21:45:58.981239,Paris-8608,2,24,Normal
2026-02-10 21:45:59.981239,Paris-8608,31,51,Normal
2026-02-10 21:46:00.981239,Paris-8608,22,24,Normal
2026-02-10 21:46:01.981239,Paris-8608,10,92,Normal
2026-02-10 21:46:02.981239,Paris-8608,4,66,Normal
2026-02-10 21:46:03.981239,Paris-8608,42,37,Normal
2026-02-10 21:46:04.981239,Paris-8608,-27,21,Normal
2026-02-10 21:46:05.981239,Paris-8608,43,15,Normal
2026-02-10 21:46:06.981239,Paris-8608,-18,80,Normal
2026-02-10 21:46:07.981239,Paris-8608,-3,78,Normal
2026-02-10 21:46:08.981239,Paris-8608,-5,29,Normal
2026-02-10 21:46:09.981239,Paris-8608,33,63,Normal
2026-02-10 21:46:10.981239,Paris-8608,-17,44,Normal
2026-02-10 21:46:11.981239,Paris-8608,-2,53,Normal
2026-02-10 21:46:12.981239,Paris-8608,22,84,Normal
2026-02-10 21:46:13.981239,Paris-8608,-24,70,Normal
2026-02-10 21:46:14.981239,Paris-8608,-25,20,Normal
2026-02-10 21:46:15.981239,Paris-8608,-15,50,Normal
2026-02-10 21:46:16.981239,Paris-8608,-4,82,Normal
2026-02-10 21:46:17.981239,Paris-8608,-8,44,Normal
2026-02-10 21:46:18.981239,Paris-8608,34,10,Normal
2026-02-10 21:46:19.981239,Paris-8608,35,80,Normal
2026-02-10 21:46:20.981239,Paris-8608,10,29,Normal
2026-02-10 21:46:21.981239,Paris-8608,21,21,Normal
2026-02-10 21:46:22.981239,Paris-8608,-4,9,Normal
2026-02-10 21:46:23.981239,Paris-8608,-24,17,Normal
2026-02-10 21:46:24.981239,Paris-8608,9,37,Normal
2026-02-10 21:46:25.981239,Paris-8608,32,37,Normal
2026-02-10 21:46:26.981239,Paris-8608,45,52,Normal
2026-02-10 21:46:27.981239,Paris-8608,10,83,Normal
2026-02-10 21:46:28.981239,Paris-8608,48,88,Normal
2026-02-10 21:46:29.981239,Paris-8608,41,98,Normal
2026-02-10 21:46:30.981239,Paris-8608,-22,76,Normal
2026-02-10 21:46:31.981239,Paris-8608,-28,35,Normal
2026-02-10 21:46:32.981239,Paris-8608,-16,58,Normal
2026-02-10 21:46:33.981239,Paris-8608,-23,99,Normal
2026-02-10 21:46:34.981239,Paris-8608,26,94,Normal
2026-02-10 21:46:35.981239,Paris-8608,-12,27,Normal
2026-02-10 21:46:36.981239,Paris-8608,41,76,Normal
2026-02-10 21:46:37.981239,Paris-8608,-25,28,Normal
2026-02-10 21:46:38.981239,Paris-8608,-3,82,Normal
2026-02-10 21:46:39.981239,Paris-8608,-8,45,Normal
2026-02-10 21:46:40.981239,Paris-8608,24,39,Normal
2026-02-10 21:46:41.981239,Paris-8608,35,90,Normal
2026-02-10 21:46:42.981239,Paris-8608,3,42,Normal
2026-02-10 21:46:43.981239,Paris-8608,-7,20,Normal
2026-02-10 21:46:44.981239,Paris-8608,20,13,Normal
2026-02-10 21:46:45.981239,Paris-8608,48,2,Normal
2026-02-10 21:46:46.981239,Paris-8608,-28,89,Normal
2026-02-10 21:46:47.981239,Paris-8608,-26,14,Normal
2026-02-10 21:46:48.981239,Paris-8608,1,59,Normal
2026-02-10 21:46:49.981239,Paris-8608,32,34,Normal
2026-02-10 21:46:50.981239,Paris-8608,41,67,Normal
2026-02-10 21:46:51.981239,Paris-8608,12,36,Normal
2026-02-10 21:46:52.981239,Paris-8608,-21,30,Normal
2026-02-10 21:46:53.981239,Paris-8608,-26,44,Normal
2026-02-10 21:46:54.981239,Paris-8608,32,57,Normal
2026-02-10 21:46:55.981239,Paris-8608,-16,82,Normal
2026-02-10 21:46:56.981239,Paris-8608,-8,31,Normal
2026-02-10 21:46:57.981239,Paris-8608,7,63,Normal
2026-02-10 21:46:58.981239,Paris-8608,2,24,Normal
2026-02-10 21:46:59.981239,Paris-8608,29,56,Normal
2026-02-10 21:47:00.981239,Paris-8608,47,72,Normal
2026-02-10 21:47:01.981239,Paris-8608,7,5,Normal
2026-02-10 21:47:02.981239,Paris-8608,7,63,Normal
2026-02-10 21:47:03.981239,Paris-8608,-26,59,Normal
2026-02-10 21:47:04.981239,Paris-8608,42,7,Normal
2026-02-10 21:47:05.981239,Paris-8608,-10,13,Normal
2026-02-10 21:47:06.981239,Paris-8608,12,81,Normal
2026-02-10 21:47:07.981239,Paris-8608,-30,58,Normal
2026-02-10 21:47:08.981239,Paris-8608,12,72,Normal
2026-02-10 21:47:09.981239,Paris-8608,48,75,Normal
2026-02-10 21:47:10.981239,Paris-8608,-6,79,Normal
2026-02-10 21:47:11.981239,Paris-8608,-29,88,Normal
2026-02-10 21:47:12.981239,Paris-8608,8,85,Normal
2026-02-10 21:47:13.981239,Paris-8608,-28,42,Normal
2026-02-10 21:47:14.981239,Paris-8608,-6,74,Normal
2026-02-10 21:47:15.981239,Paris-8608,-4,50,Normal
2026-02-10 21:47:16.981239,Paris-8608,-2,40,Normal
2026-02-10 21:47:17.981239,Paris-8608,13,94,Normal
2026-02-10 21:47:18.981239,Paris-8608,39,15,Normal
2026-02-10 21:47:19.981239,Paris-8608,33,51,Normal
2026-02-10 21:47:20.981239,Paris-8608,-29,61,Normal
2026-02-10 21:47:21.981239,Paris-8608,1,79,Normal
2026-02-10 21:47:22.981239,Paris-8608,50,60,Normal
2026-02-10 21:47:23.981239,Paris-8608,-20,43,Normal
2026-02-10 21:47:24.981239,Paris-8608,-3,23,Normal
2026-02-10 21:47:25.981239,Paris-8608,4,86,Normal
2026-02-10 21:47:26.981239,Paris-8608,24,100,Normal
2026-02-10 21:47:27.981239,Paris-8608,-14,91,Normal
2026-02-10 21:47:28.981239,Paris-8608,23,35,Normal
2026-02-10 21:47:29.981239,Paris-8608,6,25,Normal
2026-02-10 21:47:30.981239,Paris-8608,31,44,Normal
2026-02-10 21:47:31.981239,Paris-8608,-5,95,Normal
2026-02-10 21:47:32.981239,Paris-8608,15,17,Normal
2026-02-10 21:47:33.981239,Paris-8608,33,16,Normal
2026-02-10 21:47:34.981239,Paris-8608,11,38,Normal
2026-02-10 21:47:35.981239,Paris-8608,46,64,Normal
2026-02-10 21:47:36.981239,Paris-8608,11,82,Normal
2026-02-10 21:47:37.981239,Paris-8608,-9,47,Normal
2026-02-10 21:47:38.981239,Paris-8608,-1,14,Normal
2026-02-10 21:47:39.981239,Paris-8608,1,36,Normal
2026-02-10 21:47:40.981239,Paris-8608,28,90,Normal
2026-02-10 21:47:41.981239,Paris-8608,14,69,Normal
2026-02-10 21:47:42.981239,Paris-8608,-19,97,Normal
2026-02-10 21:47:43.981239,Paris-8608,32,62,Normal
2026-02-10 21:47:44.981239,Paris-8608,44,62,Normal
2026-02-10 21:47:45.981239,Paris-8608,47,97,Normal
2026-02-10 21:47:46.981239,Paris-8608,-11,55,Normal
2026-02-10 21:47:47.981239,Paris-8608,-25,38,Normal
2026-02-10 21:47:48.981239,Paris-8608,16,75,Normal
2026-02-10 21:47:49.981239,Paris-8608,45,33,Normal
2026-02-10 21:47:50.981239,Paris-8608,29,76,Normal
2026-02-10 21:47:51.981239,Paris-8608,18,32,Normal
2026-02-10 21:47:52.981239,Paris-8608,43,59,Normal
2026-02-10 21:47:53.981239,Paris-8608,45,67,Normal
2026-02-10 21:47:54.981239,Paris-8608,-11,41,Normal
2026-02-10 21:47:55.981239,Paris-8608,1,44,Normal
2026-02-10 21:47:56.981239,Paris-8608,40,21,Normal
2026-02-10 21:47:57.981239,Paris-8608,-3,99,Normal
2026-02-10 21:47:58.981239,Paris-8608,43,16,Normal
2026-02-10 21:47:59.981239,Paris-8608,-26,86,Normal
2026-02-10 21:48:00.981239,Paris-8608,31,99,Normal
2026-02-10 21:48:01.981239,Paris-8608,-25,46,Normal
2026-02-10 21:48:02.981239,Paris-8608,-9,6,Normal
2026-02-10 21:48:03.981239,Paris-8608,15,54,Normal
2026-02-10 21:48:04.981239,Paris-8608,15,42,Normal
2026-02-10 21:48:05.981239,Paris-8608,13,82,Normal
2026-02-10 21:48:06.981239,Paris-8608,30,1,Normal
2026-02-10 21:48:07.981239,Paris-8608,33,22,Normal
2026-02-10 21:48:08.981239,Paris-8608,26,43,Normal
2026-02-10 21:48:09.981239,Paris-8608,-3,6,Normal
2026-02-10 21:48:10.981239,Paris-8608,13,53,Normal
2026-02-10 21:48:11.981239,Paris-8608,3,29,Normal
2026-02-10 21:48:12.981239,Paris-8608,-28,71,Normal
2026-02-10 21:48:13.981239,Paris-8608,0,97,Normal
2026-02-10 21:48:14.981239,Paris-8608,40,49,Normal
2026-02-10 21:48:15.981239,Paris-8608,-17,38,Normal
2026-02-10 21:48:16.981239,Paris-8608,40,36,Normal
2026-02-10 21:48:17.981239,Paris-8608,23,25,Normal
2026-02-10 21:48:18.981239,Paris-8608,46,82,Normal
2026-02-10 21:48:19.981239,Paris-8608,-23,53,Normal
2026-02-10 21:48:20.981239,Paris-8608,-22,87,Normal
2026-02-10 21:48:21.981239,Paris-8608,-14,36,Normal
2026-02-10 21:48:22.981239,Paris-8608,5,33,Normal
2026-02-10 21:48:23.981239,Paris-8608,-27,36,Normal
2026-02-10 21:48:24.981239,Paris-8608,-4,40,Normal
2026-02-10 21:48:25.981239,Paris-8608,45,40,Normal
2026-02-10 21:48:26.981239,Paris-8608,43,68,Normal
2026-02-10 21:48:27.981239,Paris-8608,-2,50,Normal
2026-02-10 21:48:28.981239,Paris-8608,-1,7,Normal
2026-02-10 21:48:29.981239,Paris-8608,-28,58,Normal
2026-02-10 21:48:30.981239,Paris-8608,-22,88,Normal
2026-02-10 21:48:31.981239,Paris-8608,8,61,Normal
2026-02-10 21:48:32.981239,Paris-8608,-9,44,Normal
2026-02-10 21:48:33.981239,Paris-8608,-22,90,Normal
2026-02-10 21:48:34.981239,Paris-8608,-15,11,Normal
2026-02-10 21:48:35.981239,Paris-8608,-7,63,Normal
2026-02-10 21:48:36.981239,Paris-8608,-12,81,Normal
2026-02-10 21:48:37.981239,Paris-8608,8,25,Normal
2026-02-10 21:48:38.981239,Paris-8608,-5,3,Normal
2026-02-10 21:48:39.981239,Paris-8608,20,36,Normal
2026-02-10 21:48:40.981239,Paris-8608,-17,60,Normal
2026-02-10 21:48:41.981239,Paris-8608,42,78,Normal
2026-02-10 21:48:42.981239,Paris-8608,-17,52,Normal
2026-02-10 21:48:43.981239,Paris-8608,47,49,Normal
2026-02-10 21:48:44.981239,Paris-8608,-25,60,Normal
2026-02-10 21:48:45.981239,Paris-8608,-24,52,Normal
2026-02-10 21:48:46.981239,Paris-8608,-27,42,Normal
2026-02-10 21:48:47.981239,Paris-8608,38,7,Normal
2026-02-10 21:48:48.981239,Paris-8608,6,95,Normal
2026-02-10 21:48:49.981239,Paris-8608,-25,7,Normal
2026-02-10 21:48:50.981239,Paris-8608,29,17,Normal
2026-02-10 21:48:51.981239,Paris-8608,26,80,Normal
2026-02-10 21:48:52.981239,Paris-8608,4,90,Normal
2026-02-10 21:48:53.981239,Paris-8608,-5,91,Normal
2026-02-10 21:48:54.981239,Paris-8608,-12,61,Normal
2026-02-10 21:48:55.981239,Paris-8608,5,42,Normal
2026-02-10 21:48:56.981239,Paris-8608,47,20,Normal
2026-02-10 21:48:57.981239,Paris-8608,44,6,Normal
2026-02-10 21:48:58.981239,Paris-8608,31,72,Normal
2026-02-10 21:48:59.981239,Paris-8608,-16,67,Normal
2026-02-10 21:49:00.981239,Paris-8608,-30,54,Normal
2026-02-10 21:49:01.981239,Paris-8608,-10,20,Normal
2026-02-10 21:49:02.981239,Paris-8608,43,66,Normal
2026-02-10 21:49:03.981239,Paris-8608,-2,56,Normal
2026-02-10 21:49:04.981239,Paris-8608,14,26,Normal
2026-02-10 21:49:05.981239,Paris-8608,-10,16,Normal
2026-02-10 21:49:06.981239,Paris-8608,50,28,Normal
2026-02-10 21:49:07.981239,Paris-8608,-7,50,Normal
2026-02-10 21:49:08.981239,Paris-8608,28,54,Normal
2026-02-10 21:49:09.981239,Paris-8608,4,57,Normal
2026-02-10 21:49:10.981239,Paris-8608,-4,59,Normal
2026-02-10 21:49:11.981239,Paris-8608,-17,66,Normal
2026-02-10 21:49:12.981239,Paris-8608,31,36,Normal
2026-02-10 21:49:13.981239,Paris-8608,40,47,Normal
2026-02-10 21:49:14.981239,Paris-8608,-25,71,Normal
2026-02-10 21:49:15.981239,Paris-8608,34,78,Normal
2026-02-10 21:49:16.981239,Paris-8608,1,66,Normal
2026-02-10 21:49:17.981239,Paris-8608,16,74,Normal
2026-02-10 21:49:18.981239,Paris-8608,-5,29,Normal
2026-02-10 21:49:19.981239,Paris-8608,-18,18,Normal
2026-02-10 21:49:20.981239,Paris-8608,22,63,Normal
2026-02-10 21:49:21.981239,Paris-8608,-5,94,Normal
2026-02-10 21:49:22.981239,Paris-8608,12,1,Normal
2026-02-10 21:49:23.981239,Paris-8608,-10,27,Normal
2026-02-10 21:49:24.981239,Paris-8608,-19,52,Normal
2026-02-10 21:49:25.981239,Paris-8608,23,42,Normal
2026-02-10 21:49:26.981239,Paris-8608,40,50,Normal
2026-02-10 21:49:27.981239,Paris-8608,-13,26,Normal
2026-02-10 21:49:28.981239,Paris-8608,-19,86,Normal
2026-02-10 21:49:29.981239,Paris-8608,10,51,Normal
2026-02-10 21:49:30.981239,Paris-8608,24,8,Normal
2026-02-10 21:49:31.981239,Paris-8608,36,26,Normal
2026-02-10 21:49:32.981239,Paris-8608,30,36,Normal
2026-02-10 21:49:33.981239,Paris-8608,29,2,Normal
2026-02-10 21:49:34.981239,Paris-8608,-22,27,Normal
2026-02-10 21:49:35.981239,Paris-8608,46,44,Normal
2026-02-10 21:49:36.981239,Paris-8608,38,90,Normal
2026-02-10 21:49:37.981239,Paris-8608,40,79,Normal
2026-02-10 21:49:38.981239,Paris-8608,38,46,Normal
2026-02-10 21:49:39.981239,Paris-8608,-5,89,Normal
2026-02-10 21:49:40.981239,Paris-8608,-30,8,Normal
2026-02-10 21:49:41.981239,Paris-8608,-6,21,Normal
2026-02-10 21:49:42.981239,Paris-8608,3,47,Normal
2026-02-10 21:49:43.981239,Paris-8608,25,98,Normal
2026-02-10 21:49:44.981239,Paris-8608,48,38,Normal
2026-02-10 21:49:45.981239,Paris-8608,-18,17,Normal
2026-02-10 21:49:46.981239,Paris-8608,-10,53,Normal
2026-02-10 21:49:47.981239,Paris-8608,-8,57,Normal
2026-02-10 21:49:48.981239,Paris-8608,44,69,Normal
2026-02-10 21:49:49.981239,Paris-8608,14,18,Normal
2026-02-10 21:49:50.981239,Paris-8608,-5,98,Normal
2026-02-10 21:49:51.981239,Paris-8608,7,59,Normal
