timestamp,station_id,temp,humid,condition
2026-02-15 04:31:15.073222,Tokyo-f6b3,37,81,Normal
2026-02-15 04:31:16.073222,Tokyo-f6b3,9,22,Normal
2026-02-15 04:31:17.073222,Tokyo-f6b3,28,77,Normal
2026-02-15 04:31:18.073222,Tokyo-f6b3,4,40,Normal
2026-02-15 04:31:19.073222,Tokyo-f6b3,37,60,Normal
2026-02-15 04:31:20.073222,Tokyo-f6b3,-15,98,Normal
2026-02-15 04:31:21.073222,Tokyo-f6b3,-26,3,Normal
2026-02-15 04:31:22.073222,Tokyo-f6b3,3,0,Normal
2026-02-15 04:31:23.073222,Tokyo-f6b3,12,46,Normal
2026-02-15 04:31:24.073222,Tokyo-f6b3,37,59,Normal
2026-02-15 04:31:25.073222,Tokyo-f6b3,-4,47,Normal
2026-02-15 04:31:26.073222,Tokyo-f6b3,44,77,Normal
2026-02-15 04:31:27.073222,Tokyo-f6b3,-21,80,Normal
2026-02-15 04:31:28.073222,Tokyo-f6b3,-2,26,Normal
2026-02-15 04:31:29.073222,Tokyo-f6b3,-12,90,Normal
2026-02-15 04:31:30.073222,Tokyo-f6b3,-11,7,Normal
2026-02-15 04:31:31.073222,Tokyo-f6b3,-10,53,Normal
2026-02-15 04:31:32.073222,Tokyo-f6b3,50,3,Normal
2026-02-15 04:31:33.073222,Tokyo-f6b3,17,35,Normal
2026-02-15 04:31:34.073222,Tokyo-f6b3,19,90,Normal
2026-02-15 04:31:35.073222,Tokyo-f6b3,15,81,Normal
2026-02-15 04:31:36.073222,Tokyo-f6b3,-18,72,Normal
2026-02-15 04:31:37.073222,Tokyo-f6b3,50,70,Normal
2026-02-15 04:31:38.073222,Tokyo-f6b3,45,95,Normal
2026-02-15 04:31:39.073222,Tokyo-f6b3,4,69,Normal
2026-02-15 04:31:40.073222,Tokyo-f6b3,47,53,Normal
2026-02-15 04:31:41.073222,Tokyo-f6b3,7,54,Normal
2026-02-15 04:31:42.073222,Tokyo-f6b3,-1,52,Normal
2026-02-15 04:31:43.073222,Tokyo-f6b3,30,62,Normal
2026-02-15 04:31:44.073222,Tokyo-f6b3,-8,12,Normal
2026-02-15 04:31:45.073222,Tokyo-f6b3,3,73,Normal
2026-02-15 04:31:46.073222,Tokyo-f6b3,24,91,Normal
2026-02-15 04:31:47.073222,Tokyo-f6b3,-10,38,Normal
2026-02-15 04:31:48.073222,Tokyo-f6b3,-7,27,Normal
2026-02-15 04:31:49.073222,Tokyo-f6b3,48,42,Normal
2026-02-15 04:31:50.073222,Tokyo-f6b3,-25,34,Normal
2026-02-15 04:31:51.073222,Tokyo-f6b3,40,16,Normal
2026-02-15 04:31:52.073222,Tokyo-f6b3,30,35,Normal
2026-02-15 04:31:53.073222,Tokyo-f6b3,-11,96,Normal
2026-02-15 04:31:54.073222,Tokyo-f6b3,28,45,Normal
2026-02-15 04:31:55.073222,Tokyo-f6b3,16,21,Normal
2026-02-15 04:31:56.073222,Tokyo-f6b3,46,7,Normal
2026-02-15 04:31:57.073222,Tokyo-f6b3,7,36,Normal
2026-02-15 04:31:58.073222,Tokyo-f6b3,-26,74,Normal
2026-02-15 04:31:59.073222,Tokyo-f6b3,12,62,Normal
2026-02-15 04:32:00.073222,Tokyo-f6b3,10,37,Normal
2026-02-15 04:32:01.073222,Tokyo-f6b3,-7,45,Normal
2026-02-15 04:32:02.073222,Tokyo-f6b3,-29,71,Normal
2026-02-15 04:32:03.073222,Tokyo-f6b3,-3,10,Normal
2026-02-15 04:32:04.073222,Tokyo-f6b3,-8,13,Normal
2026-02-15 04:32:05.073222,Tokyo-f6b3,35,54,Normal
2026-02-15 04:32:06.073222,Tokyo-f6b3,-15,60,Normal
2026-02-15 04:32:07.073222,Tokyo-f6b3,-23,6,Normal
2026-02-15 04:32:08.073222,Tokyo-f6b3,-14,48,Normal
2026-02-15 04:32:09.073222,Tokyo-f6b3,31,47,Normal
2026-02-15 04:32:10.073222,Tokyo-f6b3,37,39,Normal
2026-02-15 04:32:11.073222,Tokyo-f6b3,25,29,Normal
2026-02-15 04:32:12.073222,Tokyo-f6b3,4,54,Normal
2026-02-15 04:32:13.073222,Tokyo-f6b3,-26,53,Normal
2026-02-15 04:32:14.073222,Tokyo-f6b3,7,67,Normal
2026-02-15 04:32:15.073222,Tokyo-f6b3,38,11,Normal
2026-02-15 04:32:16.073222,Tokyo-f6b3,20,0,Normal
2026-02-15 04:32:17.073222,Tokyo-f6b3,47,84,Normal
2026-02-15 04:32:18.073222,Tokyo-f6b3,-2,35,Normal
2026-02-15 04:32:19.073222,Tokyo-f6b3,32,43,Normal
2026-02-15 04:32:20.073222,Tokyo-f6b3,29,36,Normal
2026-02-15 04:32:21.073222,Tokyo-f6b3,30,58,Normal
2026-02-15 04:32:22.073222,Tokyo-f6b3,-12,5,Normal
2026-02-15 04:32:23.073222,Tokyo-f6b3,35,50,Normal
2026-02-15 04:32:24.073222,Tokyo-f6b3,-2,32,Normal
2026-02-15 04:32:25.073222,Tokyo-f6b3,-26,96,Normal
2026-02-15 04:32:26.073222,Tokyo-f6b3,42,10,Normal
2026-02-15 04:32:27.073222,Tokyo-f6b3,38,20,Normal
2026-02-15 04:32:28.073222,Tokyo-f6b3,48,33,Normal
2026-02-15 04:32:29.073222,Tokyo-f6b3,23,69,Normal
2026-02-15 04:32:30.073222,Tokyo-f6b3,9,8,Normal
2026-02-15 04:32:31.073222,Tokyo-f6b3,-12,85,Normal
2026-02-15 04:32:32.073222,Tokyo-f6b3,23,96,Normal
2026-02-15 04:32:33.073222,Tokyo-f6b3,-15,27,Normal
2026-02-15 04:32:34.073222,Tokyo-f6b3,3,30,Normal
2026-02-15 04:32:35.073222,Tokyo-f6b3,28,53,Normal
2026-02-15 04:32:36.073222,Tokyo-f6b3,-6,88,Normal
2026-02-15 04:32:37.073222,Tokyo-f6b3,-6,54,Normal
2026-02-15 04:32:38.073222,Tokyo-f6b3,9,59,Normal
2026-02-15 04:32:39.073222,Tokyo-f6b3,21,86,Normal
2026-02-15 04:32:40.073222,Tokyo-f6b3,5,30,Normal
2026-02-15 04:32:41.073222,Tokyo-f6b3,27,97,Normal
2026-02-15 04:32:42.073222,Tokyo-f6b3,48,72,Normal
2026-02-15 04:32:43.073222,Tokyo-f6b3,31,57,Normal
2026-02-15 04:32:44.073222,Tokyo-f6b3,-29,23,Normal
2026-02-15 04:32:45.073222,Tokyo-f6b3,27,92,Normal
2026-02-15 04:32:46.073222,Tokyo-f6b3,-16,46,Normal
2026-02-15 04:32:47.073222,Tokyo-f6b3,-20,36,Normal
2026-02-15 04:32:48.073222,Tokyo-f6b3,10,42,Normal
2026-02-15 04:32:49.073222,Tokyo-f6b3,46,61,Normal
2026-02-15 04:32:50.073222,Tokyo-f6b3,49,91,Normal
2026-02-15 04:32:51.073222,Tokyo-f6b3,-7,41,Normal
2026-02-15 04:32:52.073222,Tokyo-f6b3,9,24,Normal
2026-02-15 04:32:53.073222,Tokyo-f6b3,31,88,Normal
2026-02-15 04:32:54.073222,Tokyo-f6b3,-5,0,Normal
2026-02-15 04:32:55.073222,Tokyo-f6b3,42,58,Normal
2026-02-15 04:32:56.073222,Tokyo-f6b3,41,79,Normal
2026-02-15 04:32:57.073222,Tokyo-f6b3,2,74,Normal
2026-02-15 04:32:58.073222,Tokyo-f6b3,2,59,Normal
2026-02-15 04:32:59.073222,Tokyo-f6b3,9,94,Normal
2026-02-15 04:33:00.073222,Tokyo-f6b3,-30,66,Normal
2026-02-15 04:33:01.073222,Tokyo-f6b3,39,21,Normal
2026-02-15 04:33:02.073222,Tokyo-f6b3,-7,94,Normal
2026-02-15 04:33:03.073222,Tokyo-f6b3,5,70,Normal
2026-02-15 04:33:04.073222,Tokyo-f6b3,27,84,Normal
2026-02-15 04:33:05.073222,Tokyo-f6b3,-10,59,Normal
2026-02-15 04:33:06.073222,Tokyo-f6b3,1,23,Normal
2026-02-15 04:33:07.073222,Tokyo-f6b3,-20,9,Normal
2026-02-15 04:33:08.073222,Tokyo-f6b3,25,98,Normal
2026-02-15 04:33:09.073222,Tokyo-f6b3,42,52,Normal
2026-02-15 04:33:10.073222,Tokyo-f6b3,-13,47,Normal
2026-02-15 04:33:11.073222,Tokyo-f6b3,-30,67,Normal
2026-02-15 04:33:12.073222,Tokyo-f6b3,-26,29,Normal
2026-02-15 04:33:13.073222,Tokyo-f6b3,32,76,Normal
2026-02-15 04:33:14.073222,Tokyo-f6b3,0,21,Normal
2026-02-15 04:33:15.073222,Tokyo-f6b3,21,52,Normal
2026-02-15 04:33:16.073222,Tokyo-f6b3,-24,100,Normal
2026-02-15 04:33:17.073222,Tokyo-f6b3,12,62,Normal
2026-02-15 04:33:18.073222,Tokyo-f6b3,2,97,Normal
2026-02-15 04:33:19.073222,Tokyo-f6b3,-20,31,Normal
2026-02-15 04:33:20.073222,Tokyo-f6b3,0,19,Normal
2026-02-15 04:33:21.073222,Tokyo-f6b3,18,39,Normal
2026-02-15 04:33:22.073222,Tokyo-f6b3,29,81,Normal
2026-02-15 04:33:23.073222,Tokyo-f6b3,29,53,Normal
2026-02-15 04:33:24.073222,Tokyo-f6b3,46,95,Normal
2026-02-15 04:33:25.073222,Tokyo-f6b3,9,39,Normal
2026-02-15 04:33:26.073222,Tokyo-f6b3,14,75,Normal
2026-02-15 04:33:27.073222,Tokyo-f6b3,11,55,Normal
2026-02-15 04:33:28.073222,Tokyo-f6b3,45,30,Normal
2026-02-15 04:33:29.073222,Tokyo-f6b3,42,15,Normal
2026-02-15 04:33:30.073222,Tokyo-f6b3,35,79,Normal
2026-02-15 04:33:31.073222,Tokyo-f6b3,7,31,Normal
2026-02-15 04:33:32.073222,Tokyo-f6b3,-9,9,Normal
2026-02-15 04:33:33.073222,Tokyo-f6b3,50,21,Normal
2026-02-15 04:33:34.073222,Tokyo-f6b3,-29,95,Normal
2026-02-15 04:33:35.073222,Tokyo-f6b3,34,48,Normal
2026-02-15 04:33:36.073222,Tokyo-f6b3,-2,13,Normal
2026-02-15 04:33:37.073222,Tokyo-f6b3,-28,46,Normal
2026-02-15 04:33:38.073222,Tokyo-f6b3,39,89,Normal
2026-02-15 04:33:39.073222,Tokyo-f6b3,-17,60,Normal
2026-02-15 04:33:40.073222,Tokyo-f6b3,29,31,Normal
2026-02-15 04:33:41.073222,Tokyo-f6b3,41,13,Normal
2026-02-15 04:33:42.073222,Tokyo-f6b3,32,9,Normal
2026-02-15 04:33:43.073222,Tokyo-f6b3,23,63,Normal
2026-02-15 04:33:44.073222,Tokyo-f6b3,-10,52,Normal
2026-02-15 04:33:45.073222,Tokyo-f6b3,37,76,Normal
2026-02-15 04:33:46.073222,Tokyo-f6b3,43,40,Normal
2026-02-15 04:33:47.073222,Tokyo-f6b3,46,10,Normal
2026-02-15 04:33:48.073222,Tokyo-f6b3,10,28,Normal
2026-02-15 04:33:49.073222,Tokyo-f6b3,15,84,Normal
2026-02-15 04:33:50.073222,Tokyo-f6b3,-12,41,Normal
2026-02-15 04:33:51.073222,Tokyo-f6b3,-16,31,Normal
2026-02-15 04:33:52.073222,Tokyo-f6b3,47,69,Normal
2026-02-15 04:33:53.073222,Tokyo-f6b3,44,38,Normal
2026-02-15 04:33:54.073222,Tokyo-f6b3,-24,51,Normal
2026-02-15 04:33:55.073222,Tokyo-f6b3,-26,23,Normal
2026-02-15 04:33:56.073222,Tokyo-f6b3,-26,21,Normal
2026-02-15 04:33:57.073222,Tokyo-f6b3,25,9,Normal
2026-02-15 04:33:58.073222,Tokyo-f6b3,28,55,Normal
2026-02-15 04:33:59.073222,Tokyo-f6b3,39,8,Normal
2026-02-15 04:34:00.073222,Tokyo-f6b3,-27,80,Normal
2026-02-15 04:34:01.073222,Tokyo-f6b3,-21,36,Normal
2026-02-15 04:34:02.073222,Tokyo-f6b3,8,53,Normal
2026-02-15 04:34:03.073222,Tokyo-f6b3,-30,91,Normal
2026-02-15 04:34:04.073222,Tokyo-f6b3,50,69,Normal
2026-02-15 04:34:05.073222,Tokyo-f6b3,-3,53,Normal
2026-02-15 04:34:06.073222,Tokyo-f6b3,25,76,Normal
2026-02-15 04:34:07.073222,Tokyo-f6b3,35,20,Normal
2026-02-15 04:34:08.073222,Tokyo-f6b3,8,25,Normal
2026-02-15 04:34:09.073222,Tokyo-f6b3,-6,55,Normal
2026-02-15 04:34:10.073222,Tokyo-f6b3,22,54,Normal
2026-02-15 04:34:11.073222,Tokyo-f6b3,24,36,Normal
2026-02-15 04:34:12.073222,Tokyo-f6b3,4,18,Normal
2026-02-15 04:34:13.073222,Tokyo-f6b3,14,78,Normal
2026-02-15 04:34:14.073222,Tokyo-f6b3,15,37,Normal
2026-02-15 04:34:15.073222,Tokyo-f6b3,11,27,Normal
2026-02-15 04:34:16.073222,Tokyo-f6b3,12,97,Normal
2026-02-15 04:34:17.073222,Tokyo-f6b3,-26,88,Normal
2026-02-15 04:34:18.073222,Tokyo-f6b3,-19,45,Normal
2026-02-15 04:34:19.073222,Tokyo-f6b3,4,70,Normal
2026-02-15 04:34:20.073222,Tokyo-f6b3,38,44,Normal
2026-02-15 04:34:21.073222,Tokyo-f6b3,-28,70,Normal
2026-02-15 04:34:22.073222,Tokyo-f6b3,-9,85,Normal
2026-02-15 04:34:23.073222,Tokyo-f6b3,14,50,Normal
2026-02-15 04:34:24.073222,Tokyo-f6b3,-14,36,Normal
2026-02-15 04:34:25.073222,Tokyo-f6b3,-13,72,Normal
2026-02-15 04:34:26.073222,Tokyo-f6b3,28,34,Normal
2026-02-15 04:34:27.073222,Tokyo-f6b3,-28,83,Normal
2026-02-15 04:34:28.073222,Tokyo-f6b3,-4,45,Normal
2026-02-15 04:34:29.073222,Tokyo-f6b3,-20,17,Normal
2026-02-15 04:34:30.073222,Tokyo-f6b3,-20,97,Normal
2026-02-15 04:34:31.073222,Tokyo-f6b3,38,39,Normal
2026-02-15 04:34:32.073222,Tokyo-f6b3,-23,84,Normal
2026-02-15 04:34:33.073222,Tokyo-f6b3,36,34,Normal
2026-02-15 04:34:34.073222,Tokyo-f6b3,21,15,Normal
2026-02-15 04:34:35.073222,Tokyo-f6b3,10,81,Normal
2026-02-15 04:34:36.073222,Tokyo-f6b3,40,6,Normal
2026-02-15 04:34:37.073222,Tokyo-f6b3,43,5,Normal
2026-02-15 04:34:38.073222,Tokyo-f6b3,13,27,Normal
2026-02-15 04:34:39.073222,Tokyo-f6b3,-21,32,Normal
2026-02-15 04:34:40.073222,Tokyo-f6b3,30,64,Normal
2026-02-15 04:34:41.073222,Tokyo-f6b3,0,62,Normal
2026-02-15 04:34:42.073222,Tokyo-f6b3,48,42,Normal
2026-02-15 04:34:43.073222,Tokyo-f6b3,44,15,Normal
2026-02-15 04:34:44.073222,Tokyo-f6b3,-18,33,Normal
2026-02-15 04:34:45.073222,Tokyo-f6b3,15,21,Normal
2026-02-15 04:34:46.073222,Tokyo-f6b3,14,21,Normal
2026-02-15 04:34:47.073222,Tokyo-f6b3,-30,99,Normal
2026-02-15 04:34:48.073222,Tokyo-f6b3,-18,42,Normal
2026-02-15 04:34:49.073222,Tokyo-f6b3,-1,87,Normal
2026-02-15 04:34:50.073222,Tokyo-f6b3,-28,22,Normal
2026-02-15 04:34:51.073222,Tokyo-f6b3,-17,1,Normal
2026-02-15 04:34:52.073222,Tokyo-f6b3,35,52,Normal
2026-02-15 04:34:53.073222,Tokyo-f6b3,49,19,Normal
2026-02-15 04:34:54.073222,Tokyo-f6b3,-6,29,Normal
2026-02-15 04:34:55.073222,Tokyo-f6b3,21,23,Normal
2026-02-15 04:34:56.073222,Tokyo-f6b3,31,52,Normal
2026-02-15 04:34:57.073222,Tokyo-f6b3,47,23,Normal
2026-02-15 04:34:58.073222,Tokyo-f6b3,-25,46,Normal
2026-02-15 04:34:59.073222,Tokyo-f6b3,-17,15,Normal
2026-02-15 04:35:00.073222,Tokyo-f6b3,15,2,Normal
2026-02-15 04:35:01.073222,Tokyo-f6b3,12,21,Normal
2026-02-15 04:35:02.073222,Tokyo-f6b3,0,24,Normal
2026-02-15 04:35:03.073222,Tokyo-f6b3,23,16,Normal
2026-02-15 04:35:04.073222,Tokyo-f6b3,1,17,Normal
2026-02-15 04:35:05.073222,Tokyo-f6b3,28,17,Normal
2026-02-15 04:35:06.073222,Tokyo-f6b3,2,30,Normal
2026-02-15 04:35:07.073222,Tokyo-f6b3,-23,21,Normal
2026-02-15 04:35:08.073222,Tokyo-f6b3,27,88,Normal
2026-02-15 04:35:09.073222,Tokyo-f6b3,26,2,Normal
2026-02-15 04:35:10.073222,Tokyo-f6b3,50,59,Normal
2026-02-15 04:35:11.073222,Tokyo-f6b3,26,60,Normal
2026-02-15 04:35:12.073222,Tokyo-f6b3,32,64,Normal
2026-02-15 04:35:13.073222,Tokyo-f6b3,-30,26,Normal
2026-02-15 04:35:14.073222,Tokyo-f6b3,4,53,Normal
2026-02-15 04:35:15.073222,Tokyo-f6b3,44,2,Normal
2026-02-15 04:35:16.073222,Tokyo-f6b3,24,60,Normal
2026-02-15 04:35:17.073222,Tokyo-f6b3,-27,46,Normal
2026-02-15 04:35:18.073222,Tokyo-f6b3,-28,65,Normal
2026-02-15 04:35:19.073222,Tokyo-f6b3,26,14,Normal
2026-02-15 04:35:20.073222,Tokyo-f6b3,47,32,Normal
2026-02-15 04:35:21.073222,Tokyo-f6b3,-21,83,Normal
2026-02-15 04:35:22.073222,Tokyo-f6b3,42,39,Normal
2026-02-15 04:35:23.073222,Tokyo-f6b3,4,82,Normal
2026-02-15 04:35:24.073222,Tokyo-f6b3,41,60,Normal
2026-02-15 04:35:25.073222,Tokyo-f6b3,-14,2,Normal
2026-02-15 04:35:26.073222,Tokyo-f6b3,-30,90,Normal
2026-02-15 04:35:27.073222,Tokyo-f6b3,42,79,Normal
2026-02-15 04:35:28.073222,Tokyo-f6b3,-11,48,Normal
2026-02-15 04:35:29.073222,Tokyo-f6b3,-3,91,Normal
2026-02-15 04:35:30.073222,Tokyo-f6b3,-13,60,Normal
2026-02-15 04:35:31.073222,Tokyo-f6b3,-9,31,Normal
2026-02-15 04:35:32.073222,Tokyo-f6b3,49,70,Normal
2026-02-15 04:35:33.073222,Tokyo-f6b3,42,21,Normal
2026-02-15 04:35:34.073222,Tokyo-f6b3,-2,12,Normal
2026-02-15 04:35:35.073222,Tokyo-f6b3,35,7,Normal
2026-02-15 04:35:36.073222,Tokyo-f6b3,24,55,Normal
2026-02-15 04:35:37.073222,Tokyo-f6b3,-29,31,Normal
2026-02-15 04:35:38.073222,Tokyo-f6b3,-9,3,Normal
2026-02-15 04:35:39.073222,Tokyo-f6b3,18,62,Normal
2026-02-15 04:35:40.073222,Tokyo-f6b3,-12,11,Normal
2026-02-15 04:35:41.073222,Tokyo-f6b3,46,8,Normal
2026-02-15 04:35:42.073222,Tokyo-f6b3,26,100,Normal
2026-02-15 04:35:43.073222,Tokyo-f6b3,-26,68,Normal
2026-02-15 04:35:44.073222,Tokyo-f6b3,28,66,Normal
2026-02-15 04:35:45.073222,Tokyo-f6b3,-9,48,Normal
2026-02-15 04:35:46.073222,Tokyo-f6b3,40,18,Normal
2026-02-15 04:35:47.073222,Tokyo-f6b3,8,0,Normal
2026-02-15 04:35:48.073222,Tokyo-f6b3,26,67,Normal
2026-02-15 04:35:49.073222,Tokyo-f6b3,45,83,Normal
2026-02-15 04:35:50.073222,Tokyo-f6b3,29,71,Normal
2026-02-15 04:35:51.073222,Tokyo-f6b3,-7,86,Normal
2026-02-15 04:35:52.073222,Tokyo-f6b3,-17,74,Normal
2026-02-15 04:35:53.073222,Tokyo-f6b3,4,89,Normal
2026-02-15 04:35:54.073222,Tokyo-f6b3,14,93,Normal
2026-02-15 04:35:55.073222,Tokyo-f6b3,-8,47,Normal
2026-02-15 04:35:56.073222,Tokyo-f6b3,8,98,Normal
2026-02-15 04:35:57.073222,Tokyo-f6b3,-16,97,Normal
2026-02-15 04:35:58.073222,Tokyo-f6b3,35,94,Normal
2026-02-15 04:35:59.073222,Tokyo-f6b3,4,85,Normal
2026-02-15 04:36:00.073222,Tokyo-f6b3,-23,4,Normal
2026-02-15 04:36:01.073222,Tokyo-f6b3,-6,25,Normal
2026-02-15 04:36:02.073222,Tokyo-f6b3,39,70,Normal
2026-02-15 04:36:03.073222,Tokyo-f6b3,-1,44,Normal
2026-02-15 04:36:04.073222,Tokyo-f6b3,48,91,Normal
2026-02-15 04:36:05.073222,Tokyo-f6b3,34,55,Normal
2026-02-15 04:36:06.073222,Tokyo-f6b3,13,57,Normal
2026-02-15 04:36:07.073222,Tokyo-f6b3,22,17,Normal
2026-02-15 04:36:08.073222,Tokyo-f6b3,17,10,Normal
2026-02-15 04:36:09.073222,Tokyo-f6b3,14,7,Normal
2026-02-15 04:36:10.073222,Tokyo-f6b3,18,26,Normal
2026-02-15 04:36:11.073222,Tokyo-f6b3,-4,42,Normal
2026-02-15 04:36:12.073222,Tokyo-f6b3,-8,18,Normal
2026-02-15 04:36:13.073222,Tokyo-f6b3,-13,28,Normal
2026-02-15 04:36:14.073222,Tokyo-f6b3,-10,60,Normal
2026-02-15 04:36:15.073222,Tokyo-f6b3,36,95,Normal
2026-02-15 04:36:16.073222,Tokyo-f6b3,43,75,Normal
2026-02-15 04:36:17.073222,Tokyo-f6b3,19,43,Normal
2026-02-15 04:36:18.073222,Tokyo-f6b3,0,93,Normal
2026-02-15 04:36:19.073222,Tokyo-f6b3,-14,46,Normal
2026-02-15 04:36:20.073222,Tokyo-f6b3,-15,86,Normal
2026-02-15 04:36:21.073222,Tokyo-f6b3,-11,34,Normal
2026-02-15 04:36:22.073222,Tokyo-f6b3,19,2,Normal
2026-02-15 04:36:23.073222,Tokyo-f6b3,8,75,Normal
2026-02-15 04:36:24.073222,Tokyo-f6b3,47,23,Normal
2026-02-15 04:36:25.073222,Tokyo-f6b3,-3,55,Normal
2026-02-15 04:36:26.073222,Tokyo-f6b3,48,87,Normal
2026-02-15 04:36:27.073222,Tokyo-f6b3,11,23,Normal
2026-02-15 04:36:28.073222,Tokyo-f6b3,34,71,Normal
2026-02-15 04:36:29.073222,Tokyo-f6b3,-29,43,Normal
2026-02-15 04:36:30.073222,Tokyo-f6b3,35,15,Normal
2026-02-15 04:36:31.073222,Tokyo-f6b3,13,72,Normal
2026-02-15 04:36:32.073222,Tokyo-f6b3,-10,37,Normal
2026-02-15 04:36:33.073222,Tokyo-f6b3,44,19,Normal
2026-02-15 04:36:34.073222,Tokyo-f6b3,1,23,Normal
2026-02-15 04:36:35.073222,Tokyo-f6b3,-18,66,Normal
2026-02-15 04:36:36.073222,Tokyo-f6b3,28,62,Normal
2026-02-15 04:36:37.073222,Tokyo-f6b3,48,65,Normal
2026-02-15 04:36:38.073222,Tokyo-f6b3,15,56,Normal
2026-02-15 04:36:39.073222,Tokyo-f6b3,-10,73,Normal
2026-02-15 04:36:40.073222,Tokyo-f6b3,-7,62,Normal
2026-02-15 04:36:41.073222,Tokyo-f6b3,5,16,Normal
2026-02-15 04:36:42.073222,Tokyo-f6b3,21,54,Normal
2026-02-15 04:36:43.073222,Tokyo-f6b3,-23,53,Normal
2026-02-15 04:36:44.073222,Tokyo-f6b3,3,97,Normal
2026-02-15 04:36:45.073222,Tokyo-f6b3,24,71,Normal
2026-02-15 04:36:46.073222,Tokyo-f6b3,-5,97,Normal
2026-02-15 04:36:47.073222,Tokyo-f6b3,42,43,Normal
2026-02-15 04:36:48.073222,Tokyo-f6b3,-16,55,Normal
2026-02-15 04:36:49.073222,Tokyo-f6b3,-28,11,Normal
2026-02-15 04:36:50.073222,Tokyo-f6b3,17,19,Normal
2026-02-15 04:36:51.073222,Tokyo-f6b3,-14,31,Normal
2026-02-15 04:36:52.073222,Tokyo-f6b3,43,48,Normal
2026-02-15 04:36:53.073222,Tokyo-f6b3,-27,60,Normal
2026-02-15 04:36:54.073222,Tokyo-f6b3,50,40,Normal
2026-02-15 04:36:55.073222,Tokyo-f6b3,35,82,Normal
2026-02-15 04:36:56.073222,Tokyo-f6b3,-14,65,Normal
2026-02-15 04:36:57.073222,Tokyo-f6b3,17,69,Normal
2026-02-15 04:36:58.073222,Tokyo-f6b3,4,41,Normal
2026-02-15 04:36:59.073222,Tokyo-f6b3,-10,51,Normal
2026-02-15 04:37:00.073222,Tokyo-f6b3,-19,94,Normal
2026-02-15 04:37:01.073222,Tokyo-f6b3,-8,59,Normal
2026-02-15 04:37:02.073222,Tokyo-f6b3,-15,1,Normal
2026-02-15 04:37:03.073222,Tokyo-f6b3,11,56,Normal
2026-02-15 04:37:04.073222,Tokyo-f6b3,4,45,Normal
2026-02-15 04:37:05.073222,Tokyo-f6b3,-15,24,Normal
2026-02-15 04:37:06.073222,Tokyo-f6b3,-26,68,Normal
2026-02-15 04:37:07.073222,Tokyo-f6b3,46,22,Normal
2026-02-15 04:37:08.073222,Tokyo-f6b3,44,68,Normal
2026-02-15 04:37:09.073222,Tokyo-f6b3,29,92,Normal
2026-02-15 04:37:10.073222,Tokyo-f6b3,-20,71,Normal
2026-02-15 04:37:11.073222,Tokyo-f6b3,6,98,Normal
2026-02-15 04:37:12.073222,Tokyo-f6b3,28,24,Normal
2026-02-15 04:37:13.073222,Tokyo-f6b3,35,3,Normal
2026-02-15 04:37:14.073222,Tokyo-f6b3,48,62,Normal
2026-02-15 04:37:15.073222,Tokyo-f6b3,42,35,Normal
2026-02-15 04:37:16.073222,Tokyo-f6b3,37,13,Normal
2026-02-15 04:37:17.073222,Tokyo-f6b3,-20,15,Normal
2026-02-15 04:37:18.073222,Tokyo-f6b3,28,76,Normal
2026-02-15 04:37:19.073222,Tokyo-f6b3,-30,94,Normal
2026-02-15 04:37:20.073222,Tokyo-f6b3,19,48,Normal
2026-02-15 04:37:21.073222,Tokyo-f6b3,-18,67,Normal
2026-02-15 04:37:22.073222,Tokyo-f6b3,-17,65,Normal
2026-02-15 04:37:23.073222,Tokyo-f6b3,-7,89,Normal
2026-02-15 04:37:24.073222,Tokyo-f6b3,37,17,Normal
2026-02-15 04:37:25.073222,Tokyo-f6b3,-6,81,Normal
2026-02-15 04:37:26.073222,Tokyo-f6b3,49,2,Normal
2026-02-15 04:37:27.073222,Tokyo-f6b3,42,4,Normal
2026-02-15 04:37:28.073222,Tokyo-f6b3,8,34,Normal
2026-02-15 04:37:29.073222,Tokyo-f6b3,49,62,Normal
2026-02-15 04:37:30.073222,Tokyo-f6b3,3,20,Normal
2026-02-15 04:37:31.073222,Tokyo-f6b3,49,55,Normal
2026-02-15 04:37:32.073222,Tokyo-f6b3,-10,71,Normal
2026-02-15 04:37:33.073222,Tokyo-f6b3,17,96,Normal
2026-02-15 04:37:34.073222,Tokyo-f6b3,-26,13,Normal
2026-02-15 04:37:35.073222,Tokyo-f6b3,11,48,Normal
2026-02-15 04:37:36.073222,Tokyo-f6b3,-18,67,Normal
2026-02-15 04:37:37.073222,Tokyo-f6b3,47,80,Normal
2026-02-15 04:37:38.073222,Tokyo-f6b3,26,3,Normal
2026-02-15 04:37:39.073222,Tokyo-f6b3,-23,39,Normal
2026-02-15 04:37:40.073222,Tokyo-f6b3,37,50,Normal
2026-02-15 04:37:41.073222,Tokyo-f6b3,40,75,Normal
2026-02-15 04:37:42.073222,Tokyo-f6b3,39,55,Normal
2026-02-15 04:37:43.073222,Tokyo-f6b3,-17,67,Normal
2026-02-15 04:37:44.073222,Tokyo-f6b3,9,17,Normal
2026-02-15 04:37:45.073222,Tokyo-f6b3,-12,51,Normal
2026-02-15 04:37:46.073222,Tokyo-f6b3,12,36,Normal
2026-02-15 04:37:47.073222,Tokyo-f6b3,-21,9,Normal
2026-02-15 04:37:48.073222,Tokyo-f6b3,-14,2,Normal
2026-02-15 04:37:49.073222,Tokyo-f6b3,43,6,Normal
2026-02-15 04:37:50.073222,Tokyo-f6b3,33,23,Normal
2026-02-15 04:37:51.073222,Tokyo-f6b3,46,64,Normal
2026-02-15 04:37:52.073222,Tokyo-f6b3,27,23,Normal
2026-02-15 04:37:53.073222,Tokyo-f6b3,36,51,Normal
2026-02-15 04:37:54.073222,Tokyo-f6b3,28,84,Normal
2026-02-15 04:37:55.073222,Tokyo-f6b3,34,81,Normal
2026-02-15 04:37:56.073222,Tokyo-f6b3,-27,65,Normal
2026-02-15 04:37:57.073222,Tokyo-f6b3,-17,68,Normal
2026-02-15 04:37:58.073222,Tokyo-f6b3,46,72,Normal
2026-02-15 04:37:59.073222,Tokyo-f6b3,28,0,Normal
2026-02-15 04:38:00.073222,Tokyo-f6b3,-14,64,Normal
2026-02-15 04:38:01.073222,Tokyo-f6b3,-18,89,Normal
2026-02-15 04:38:02.073222,Tokyo-f6b3,18,11,Normal
2026-02-15 04:38:03.073222,Tokyo-f6b3,19,76,Normal
2026-02-15 04:38:04.073222,Tokyo-f6b3,7,7,Normal
2026-02-15 04:38:05.073222,Tokyo-f6b3,21,27,Normal
2026-02-15 04:38:06.073222,Tokyo-f6b3,8,91,Normal
2026-02-15 04:38:07.073222,Tokyo-f6b3,-19,78,Normal
2026-02-15 04:38:08.073222,Tokyo-f6b3,49,51,Normal
2026-02-15 04:38:09.073222,Tokyo-f6b3,25,38,Normal
2026-02-15 04:38:10.073222,Tokyo-f6b3,24,78,Normal
2026-02-15 04:38:11.073222,Tokyo-f6b3,11,65,Normal
2026-02-15 04:38:12.073222,Tokyo-f6b3,6,90,Normal
2026-02-15 04:38:13.073222,Tokyo-f6b3,38,38,Normal
2026-02-15 04:38:14.073222,Tokyo-f6b3,-22,32,Normal
2026-02-15 04:38:15.073222,Tokyo-f6b3,50,33,Normal
2026-02-15 04:38:16.073222,Tokyo-f6b3,-3,49,Normal
2026-02-15 04:38:17.073222,Tokyo-f6b3,34,66,Normal
2026-02-15 04:38:18.073222,Tokyo-f6b3,-24,89,Normal
2026-02-15 04:38:19.073222,Tokyo-f6b3,38,78,Normal
2026-02-15 04:38:20.073222,Tokyo-f6b3,15,79,Normal
2026-02-15 04:38:21.073222,Tokyo-f6b3,5,49,Normal
2026-02-15 04:38:22.073222,Tokyo-f6b3,-22,53,Normal
2026-02-15 04:38:23.073222,Tokyo-f6b3,37,81,Normal
2026-02-15 04:38:24.073222,Tokyo-f6b3,10,76,Normal
2026-02-15 04:38:25.073222,Tokyo-f6b3,-28,63,Normal
2026-02-15 04:38:26.073222,Tokyo-f6b3,-12,17,Normal
2026-02-15 04:38:27.073222,Tokyo-f6b3,27,14,Normal
2026-02-15 04:38:28.073222,Tokyo-f6b3,5,81,Normal
2026-02-15 04:38:29.073222,Tokyo-f6b3,14,24,Normal
2026-02-15 04:38:30.073222,Tokyo-f6b3,-24,33,Normal
2026-02-15 04:38:31.073222,Tokyo-f6b3,-5,88,Normal
2026-02-15 04:38:32.073222,Tokyo-f6b3,2,57,Normal
2026-02-15 04:38:33.073222,Tokyo-f6b3,9,10,Normal
2026-02-15 04:38:34.073222,Tokyo-f6b3,16,90,Normal
2026-02-15 04:38:35.073222,Tokyo-f6b3,0,52,Normal
2026-02-15 04:38:36.073222,Tokyo-f6b3,4,11,Normal
2026-02-15 04:38:37.073222,Tokyo-f6b3,2,79,Normal
2026-02-15 04:38:38.073222,Tokyo-f6b3,10,46,Normal
2026-02-15 04:38:39.073222,Tokyo-f6b3,-6,29,Normal
2026-02-15 04:38:40.073222,Tokyo-f6b3,-2,2,Normal
2026-02-15 04:38:41.073222,Tokyo-f6b3,7,45,Normal
2026-02-15 04:38:42.073222,Tokyo-f6b3,35,8,Normal
2026-02-15 04:38:43.073222,Tokyo-f6b3,-1,51,Normal
2026-02-15 04:38:44.073222,Tokyo-f6b3,29,69,Normal
2026-02-15 04:38:45.073222,Tokyo-f6b3,-16,93,Normal
2026-02-15 04:38:46.073222,Tokyo-f6b3,33,36,Normal
2026-02-15 04:38:47.073222,Tokyo-f6b3,13,29,Normal
2026-02-15 04:38:48.073222,Tokyo-f6b3,-7,16,Normal
2026-02-15 04:38:49.073222,Tokyo-f6b3,-4,3,Normal
2026-02-15 04:38:50.073222,Tokyo-f6b3,8,84,Normal
2026-02-15 04:38:51.073222,Tokyo-f6b3,33,4,Normal
2026-02-15 04:38:52.073222,Tokyo-f6b3,10,18,Normal
2026-02-15 04:38:53.073222,Tokyo-f6b3,41,61,Normal
2026-02-15 04:38:54.073222,Tokyo-f6b3,31,98,Normal
2026-02-15 04:38:55.073222,Tokyo-f6b3,21,23,Normal
2026-02-15 04:38:56.073222,Tokyo-f6b3,2,80,Normal
2026-02-15 04:38:57.073222,Tokyo-f6b3,24,55,Normal
2026-02-15 04:38:58.073222,Tokyo-f6b3,10,11,Normal
2026-02-15 04:38:59.073222,Tokyo-f6b3,9,9,Normal
2026-02-15 04:39:00.073222,Tokyo-f6b3,29,44,Normal
2026-02-15 04:39:01.073222,Tokyo-f6b3,-4,76,Normal
2026-02-15 04:39:02.073222,Tokyo-f6b3,44,22,Normal
2026-02-15 04:39:03.073222,Tokyo-f6b3,-30,11,Normal
2026-02-15 04:39:04.073222,Tokyo-f6b3,22,40,Normal
2026-02-15 04:39:05.073222,Tokyo-f6b3,6,16,Normal
2026-02-15 04:39:06.073222,Tokyo-f6b3,0,22,Normal
2026-02-15 04:39:07.073222,Tokyo-f6b3,-29,85,Normal
2026-02-15 04:39:08.073222,Tokyo-f6b3,26,20,Normal
2026-02-15 04:39:09.073222,Tokyo-f6b3,-11,85,Normal
2026-02-15 04:39:10.073222,Tokyo-f6b3,-19,31,Normal
2026-02-15 04:39:11.073222,Tokyo-f6b3,-6,59,Normal
2026-02-15 04:39:12.073222,Tokyo-f6b3,-21,30,Normal
2026-02-15 04:39:13.073222,Tokyo-f6b3,-18,5,Normal
2026-02-15 04:39:14.073222,Tokyo-f6b3,-2,48,Normal
2026-02-15 04:39:15.073222,Tokyo-f6b3,4,75,Normal
2026-02-15 04:39:16.073222,Tokyo-f6b3,46,25,Normal
2026-02-15 04:39:17.073222,Tokyo-f6b3,-17,6,Normal
2026-02-15 04:39:18.073222,Tokyo-f6b3,23,45,Normal
2026-02-15 04:39:19.073222,Tokyo-f6b3,39,23,Normal
2026-02-15 04:39:20.073222,Tokyo-f6b3,0,6,Normal
2026-02-15 04:39:21.073222,Tokyo-f6b3,-18,65,Normal
2026-02-15 04:39:22.073222,Tokyo-f6b3,50,13,Normal
2026-02-15 04:39:23.073222,Tokyo-f6b3,21,61,Normal
2026-02-15 04:39:24.073222,Tokyo-f6b3,49,17,Normal
2026-02-15 04:39:25.073222,Tokyo-f6b3,20,88,Normal
2026-02-15 04:39:26.073222,Tokyo-f6b3,-17,20,Normal
2026-02-15 04:39:27.073222,Tokyo-f6b3,-4,34,Normal
2026-02-15 04:39:28.073222,Tokyo-f6b3,24,10,Normal
2026-02-15 04:39:29.073222,Tokyo-f6b3,-9,95,Normal
2026-02-15 04:39:30.073222,Tokyo-f6b3,27,26,Normal
2026-02-15 04:39:31.073222,Tokyo-f6b3,35,57,Normal
2026-02-15 04:39:32.073222,Tokyo-f6b3,-21,66,Normal
2026-02-15 04:39:33.073222,Tokyo-f6b3,-30,80,Normal
2026-02-15 04:39:34.073222,Tokyo-f6b3,3,83,Normal
2026-02-15 04:39:35.073222,Tokyo-f6b3,-11,20,Normal
2026-02-15 04:39:36.073222,Tokyo-f6b3,-26,27,Normal
2026-02-15 04:39:37.073222,Tokyo-f6b3,-20,14,Normal
2026-02-15 04:39:38.073222,Tokyo-f6b3,48,98,Normal
2026-02-15 04:39:39.073222,Tokyo-f6b3,33,28,Normal
2026-02-15 04:39:40.073222,Tokyo-f6b3,23,22,Normal
2026-02-15 04:39:41.073222,Tokyo-f6b3,49,9,Normal
2026-02-15 04:39:42.073222,Tokyo-f6b3,-27,31,Normal
2026-02-15 04:39:43.073222,Tokyo-f6b3,19,60,Normal
2026-02-15 04:39:44.073222,Tokyo-f6b3,19,83,Normal
2026-02-15 04:39:45.073222,Tokyo-f6b3,21,46,Normal
2026-02-15 04:39:46.073222,Tokyo-f6b3,31,99,Normal
2026-02-15 04:39:47.073222,Tokyo-f6b3,6,22,Normal
2026-02-15 04:39:48.073222,Tokyo-f6b3,-18,62,Normal
2026-02-15 04:39:49.073222,Tokyo-f6b3,10,63,Normal
2026-02-15 04:39:50.073222,Tokyo-f6b3,8,58,Normal
2026-02-15 04:39:51.073222,Tokyo-f6b3,44,30,Normal
2026-02-15 04:39:52.073222,Tokyo-f6b3,42,60,Normal
2026-02-15 04:39:53.073222,Tokyo-f6b3,-27,85,Normal
2026-02-15 04:39:54.073222,Tokyo-f6b3,-27,79,Normal
2026-02-15 04:39:55.073222,Tokyo-f6b3,42,12,Normal
2026-02-15 04:39:56.073222,Tokyo-f6b3,-6,58,Normal
2026-02-15 04:39:57.073222,Tokyo-f6b3,7,30,Normal
2026-02-15 04:39:58.073222,Tokyo-f6b3,0,77,Normal
2026-02-15 04:39:59.073222,Tokyo-f6b3,18,46,Normal
2026-02-15 04:40:00.073222,Tokyo-f6b3,34,71,Normal
2026-02-15 04:40:01.073222,Tokyo-f6b3,24,64,Normal
2026-02-15 04:40:02.073222,Tokyo-f6b3,44,5,Normal
2026-02-15 04:40:03.073222,Tokyo-f6b3,21,35,Normal
2026-02-15 04:40:04.073222,Tokyo-f6b3,15,7,Normal
2026-02-15 04:40:05.073222,Tokyo-f6b3,-11,95,Normal
2026-02-15 04:40:06.073222,Tokyo-f6b3,-19,88,Normal
2026-02-15 04:40:07.073222,Tokyo-f6b3,36,10,Normal
2026-02-15 04:40:08.073222,Tokyo-f6b3,46,48,Normal
2026-02-15 04:40:09.073222,Tokyo-f6b3,36,85,Normal
2026-02-15 04:40:10.073222,Tokyo-f6b3,-1,22,Normal
2026-02-15 04:40:11.073222,Tokyo-f6b3,27,1,Normal
2026-02-15 04:40:12.073222,Tokyo-f6b3,1,77,Normal
2026-02-15 04:40:13.073222,Tokyo-f6b3,48,88,Normal
2026-02-15 04:40:14.073222,Tokyo-f6b3,1,89,Normal
2026-02-15 04:40:15.073222,Tokyo-f6b3,-18,74,Normal
2026-02-15 04:40:16.073222,Tokyo-f6b3,0,92,Normal
2026-02-15 04:40:17.073222,Tokyo-f6b3,5,51,Normal
2026-02-15 04:40:18.073222,Tokyo-f6b3,-8,60,Normal
2026-02-15 04:40:19.073222,Tokyo-f6b3,-20,18,Normal
2026-02-15 04:40:20.073222,Tokyo-f6b3,42,65,Normal
2026-02-15 04:40:21.073222,Tokyo-f6b3,11,66,Normal
2026-02-15 04:40:22.073222,Tokyo-f6b3,-22,96,Normal
2026-02-15 04:40:23.073222,Tokyo-f6b3,32,68,Normal
2026-02-15 04:40:24.073222,Tokyo-f6b3,30,51,Normal
2026-02-15 04:40:25.073222,Tokyo-f6b3,6,65,Normal
2026-02-15 04:40:26.073222,Tokyo-f6b3,11,22,Normal
2026-02-15 04:40:27.073222,Tokyo-f6b3,-18,41,Normal
2026-02-15 04:40:28.073222,Tokyo-f6b3,4,31,Normal
2026-02-15 04:40:29.073222,Tokyo-f6b3,37,79,Normal
2026-02-15 04:40:30.073222,Tokyo-f6b3,-7,31,Normal
2026-02-15 04:40:31.073222,Tokyo-f6b3,-17,6,Normal
2026-02-15 04:40:32.073222,Tokyo-f6b3,-15,38,Normal
2026-02-15 04:40:33.073222,Tokyo-f6b3,11,39,Normal
2026-02-15 04:40:34.073222,Tokyo-f6b3,-7,32,Normal
2026-02-15 04:40:35.073222,Tokyo-f6b3,43,81,Normal
2026-02-15 04:40:36.073222,Tokyo-f6b3,47,55,Normal
2026-02-15 04:40:37.073222,Tokyo-f6b3,50,23,Normal
2026-02-15 04:40:38.073222,Tokyo-f6b3,19,62,Normal
2026-02-15 04:40:39.073222,Tokyo-f6b3,29,6,Normal
2026-02-15 04:40:40.073222,Tokyo-f6b3,-19,61,Normal
2026-02-15 04:40:41.073222,Tokyo-f6b3,49,50,Normal
2026-02-15 04:40:42.073222,Tokyo-f6b3,38,27,Normal
2026-02-15 04:40:43.073222,Tokyo-f6b3,-14,41,Normal
2026-02-15 04:40:44.073222,Tokyo-f6b3,-20,30,Normal
2026-02-15 04:40:45.073222,Tokyo-f6b3,21,27,Normal
2026-02-15 04:40:46.073222,Tokyo-f6b3,-22,63,Normal
2026-02-15 04:40:47.073222,Tokyo-f6b3,33,97,Normal
2026-02-15 04:40:48.073222,Tokyo-f6b3,8,37,Normal
2026-02-15 04:40:49.073222,Tokyo-f6b3,23,73,Normal
2026-02-15 04:40:50.073222,Tokyo-f6b3,29,44,Normal
2026-02-15 04:40:51.073222,Tokyo-f6b3,8,14,Normal
2026-02-15 04:40:52.073222,Tokyo-f6b3,-24,12,Normal
2026-02-15 04:40:53.073222,Tokyo-f6b3,-27,39,Normal
2026-02-15 04:40:54.073222,Tokyo-f6b3,23,49,Normal
2026-02-15 04:40:55.073222,Tokyo-f6b3,-10,71,Normal
2026-02-15 04:40:56.073222,Tokyo-f6b3,34,69,Normal
2026-02-15 04:40:57.073222,Tokyo-f6b3,19,40,Normal
2026-02-15 04:40:58.073222,Tokyo-f6b3,-30,75,Normal
2026-02-15 04:40:59.073222,Tokyo-f6b3,-12,80,Normal
2026-02-15 04:41:00.073222,Tokyo-f6b3,20,29,Normal
2026-02-15 04:41:01.073222,Tokyo-f6b3,-15,81,Normal
2026-02-15 04:41:02.073222,Tokyo-f6b3,5,84,Normal
2026-02-15 04:41:03.073222,Tokyo-f6b3,27,46,Normal
2026-02-15 04:41:04.073222,Tokyo-f6b3,23,99,Normal
2026-02-15 04:41:05.073222,Tokyo-f6b3,-5,68,Normal
2026-02-15 04:41:06.073222,Tokyo-f6b3,-15,13,Normal
2026-02-15 04:41:07.073222,Tokyo-f6b3,38,23,Normal
2026-02-15 04:41:08.073222,Tokyo-f6b3,26,15,Normal
2026-02-15 04:41:09.073222,Tokyo-f6b3,20,25,Normal
2026-02-15 04:41:10.073222,Tokyo-f6b3,-5,6,Normal
2026-02-15 04:41:11.073222,Tokyo-f6b3,33,17,Normal
2026-02-15 04:41:12.073222,Tokyo-f6b3,-18,44,Normal
2026-02-15 04:41:13.073222,Tokyo-f6b3,1,0,Normal
2026-02-15 04:41:14.073222,Tokyo-f6b3,28,90,Normal
2026-02-15 04:41:15.073222,Tokyo-f6b3,37,7,Normal
2026-02-15 04:41:16.073222,Tokyo-f6b3,33,48,Normal
2026-02-15 04:41:17.073222,Tokyo-f6b3,-26,21,Normal
2026-02-15 04:41:18.073222,Tokyo-f6b3,47,21,Normal
2026-02-15 04:41:19.073222,Tokyo-f6b3,8,2,Normal
2026-02-15 04:41:20.073222,Tokyo-f6b3,46,48,Normal
2026-02-15 04:41:21.073222,Tokyo-f6b3,44,19,Normal
2026-02-15 04:41:22.073222,Tokyo-f6b3,28,12,Normal
2026-02-15 04:41:23.073222,Tokyo-f6b3,-28,59,Normal
2026-02-15 04:41:24.073222,Tokyo-f6b3,9,63,Normal
2026-02-15 04:41:25.073222,Tokyo-f6b3,26,9,Normal
2026-02-15 04:41:26.073222,Tokyo-f6b3,38,74,Normal
2026-02-15 04:41:27.073222,Tokyo-f6b3,21,20,Normal
2026-02-15 04:41:28.073222,Tokyo-f6b3,-1,4,Normal
2026-02-15 04:41:29.073222,Tokyo-f6b3,-18,50,Normal
2026-02-15 04:41:30.073222,Tokyo-f6b3,45,98,Normal
2026-02-15 04:41:31.073222,Tokyo-f6b3,-19,20,Normal
2026-02-15 04:41:32.073222,Tokyo-f6b3,40,55,Normal
2026-02-15 04:41:33.073222,Tokyo-f6b3,11,57,Normal
2026-02-15 04:41:34.073222,Tokyo-f6b3,20,30,Normal
2026-02-15 04:41:35.073222,Tokyo-f6b3,29,25,Normal
2026-02-15 04:41:36.073222,Tokyo-f6b3,-23,59,Normal
2026-02-15 04:41:37.073222,Tokyo-f6b3,8,9,Normal
2026-02-15 04:41:38.073222,Tokyo-f6b3,-22,2,Normal
2026-02-15 04:41:39.073222,Tokyo-f6b3,21,56,Normal
2026-02-15 04:41:40.073222,Tokyo-f6b3,44,74,Normal
2026-02-15 04:41:41.073222,Tokyo-f6b3,-8,94,Normal
2026-02-15 04:41:42.073222,Tokyo-f6b3,-23,91,Normal
2026-02-15 04:41:43.073222,Tokyo-f6b3,1,39,Normal
2026-02-15 04:41:44.073222,Tokyo-f6b3,-21,85,Normal
2026-02-15 04:41:45.073222,Tokyo-f6b3,-1,49,Normal
2026-02-15 04:41:46.073222,Tokyo-f6b3,46,66,Normal
2026-02-15 04:41:47.073222,Tokyo-f6b3,13,38,Normal
2026-02-15 04:41:48.073222,Tokyo-f6b3,-7,18,Normal
2026-02-15 04:41:49.073222,Tokyo-f6b3,31,24,Normal
2026-02-15 04:41:50.073222,Tokyo-f6b3,1,93,Normal
2026-02-15 04:41:51.073222,Tokyo-f6b3,4,31,Normal
2026-02-15 04:41:52.073222,Tokyo-f6b3,24,67,Normal
2026-02-15 04:41:53.073222,Tokyo-f6b3,1,2,Normal
2026-02-15 04:41:54.073222,Tokyo-f6b3,14,33,Normal
2026-02-15 04:41:55.073222,Tokyo-f6b3,-10,18,Normal
2026-02-15 04:41:56.073222,Tokyo-f6b3,-29,91,Normal
2026-02-15 04:41:57.073222,Tokyo-f6b3,33,61,Normal
2026-02-15 04:41:58.073222,Tokyo-f6b3,18,17,Normal
2026-02-15 04:41:59.073222,Tokyo-f6b3,23,29,Normal
2026-02-15 04:42:00.073222,Tokyo-f6b3,12,39,Normal
2026-02-15 04:42:01.073222,Tokyo-f6b3,0,42,Normal
2026-02-15 04:42:02.073222,Tokyo-f6b3,37,97,Normal
2026-02-15 04:42:03.073222,Tokyo-f6b3,45,52,Normal
2026-02-15 04:42:04.073222,Tokyo-f6b3,-21,60,Normal
2026-02-15 04:42:05.073222,Tokyo-f6b3,13,49,Normal
2026-02-15 04:42:06.073222,Tokyo-f6b3,-22,87,Normal
2026-02-15 04:42:07.073222,Tokyo-f6b3,18,99,Normal
2026-02-15 04:42:08.073222,Tokyo-f6b3,4,19,Normal
2026-02-15 04:42:09.073222,Tokyo-f6b3,17,4,Normal
2026-02-15 04:42:10.073222,Tokyo-f6b3,32,91,Normal
2026-02-15 04:42:11.073222,Tokyo-f6b3,11,30,Normal
2026-02-15 04:42:12.073222,Tokyo-f6b3,-7,66,Normal
2026-02-15 04:42:13.073222,Tokyo-f6b3,-9,47,Normal
2026-02-15 04:42:14.073222,Tokyo-f6b3,12,3,Normal
2026-02-15 04:42:15.073222,Tokyo-f6b3,-13,13,Normal
2026-02-15 04:42:16.073222,Tokyo-f6b3,36,37,Normal
2026-02-15 04:42:17.073222,Tokyo-f6b3,41,92,Normal
2026-02-15 04:42:18.073222,Tokyo-f6b3,-20,14,Normal
2026-02-15 04:42:19.073222,Tokyo-f6b3,48,25,Normal
2026-02-15 04:42:20.073222,Tokyo-f6b3,-1,47,Normal
2026-02-15 04:42:21.073222,Tokyo-f6b3,32,32,Normal
2026-02-15 04:42:22.073222,Tokyo-f6b3,48,35,Normal
2026-02-15 04:42:23.073222,Tokyo-f6b3,-11,47,Normal
2026-02-15 04:42:24.073222,Tokyo-f6b3,20,27,Normal
2026-02-15 04:42:25.073222,Tokyo-f6b3,17,60,Normal
2026-02-15 04:42:26.073222,Tokyo-f6b3,18,15,Normal
2026-02-15 04:42:27.073222,Tokyo-f6b3,-11,13,Normal
2026-02-15 04:42:28.073222,Tokyo-f6b3,-9,28,Normal
2026-02-15 04:42:29.073222,Tokyo-f6b3,-20,9,Normal
2026-02-15 04:42:30.073222,Tokyo-f6b3,-23,89,Normal
2026-02-15 04:42:31.073222,Tokyo-f6b3,39,60,Normal
2026-02-15 04:42:32.073222,Tokyo-f6b3,-6,76,Normal
2026-02-15 04:42:33.073222,Tokyo-f6b3,30,18,Normal
2026-02-15 04:42:34.073222,Tokyo-f6b3,-25,44,Normal
2026-02-15 04:42:35.073222,Tokyo-f6b3,41,19,Normal
2026-02-15 04:42:36.073222,Tokyo-f6b3,34,53,Normal
2026-02-15 04:42:37.073222,Tokyo-f6b3,50,12,Normal
2026-02-15 04:42:38.073222,Tokyo-f6b3,-27,73,Normal
2026-02-15 04:42:39.073222,Tokyo-f6b3,42,17,Normal
2026-02-15 04:42:40.073222,Tokyo-f6b3,26,10,Normal
2026-02-15 04:42:41.073222,Tokyo-f6b3,-30,31,Normal
2026-02-15 04:42:42.073222,Tokyo-f6b3,43,12,Normal
2026-02-15 04:42:43.073222,Tokyo-f6b3,29,13,Normal
2026-02-15 04:42:44.073222,Tokyo-f6b3,-14,34,Normal
2026-02-15 04:42:45.073222,Tokyo-f6b3,-15,45,Normal
2026-02-15 04:42:46.073222,Tokyo-f6b3,42,57,Normal
2026-02-15 04:42:47.073222,Tokyo-f6b3,2,85,Normal
2026-02-15 04:42:48.073222,Tokyo-f6b3,7,25,Normal
2026-02-15 04:42:49.073222,Tokyo-f6b3,-4,19,Normal
2026-02-15 04:42:50.073222,Tokyo-f6b3,-21,87,Normal
2026-02-15 04:42:51.073222,Tokyo-f6b3,18,47,Normal
2026-02-15 04:42:52.073222,Tokyo-f6b3,-14,99,Normal
2026-02-15 04:42:53.073222,Tokyo-f6b3,37,69,Normal
2026-02-15 04:42:54.073222,Tokyo-f6b3,-21,64,Normal
2026-02-15 04:42:55.073222,Tokyo-f6b3,20,35,Normal
2026-02-15 04:42:56.073222,Tokyo-f6b3,39,68,Normal
2026-02-15 04:42:57.073222,Tokyo-f6b3,17,13,Normal
2026-02-15 04:42:58.073222,Tokyo-f6b3,-22,25,Normal
2026-02-15 04:42:59.073222,Tokyo-f6b3,-1,82,Normal
2026-02-15 04:43:00.073222,Tokyo-f6b3,5,94,Normal
2026-02-15 04:43:01.073222,Tokyo-f6b3,33,95,Normal
2026-02-15 04:43:02.073222,Tokyo-f6b3,30,37,Normal
2026-02-15 04:43:03.073222,Tokyo-f6b3,42,56,Normal
2026-02-15 04:43:04.073222,Tokyo-f6b3,10,19,Normal
2026-02-15 04:43:05.073222,Tokyo-f6b3,13,7,Normal
2026-02-15 04:43:06.073222,Tokyo-f6b3,21,23,Normal
2026-02-15 04:43:07.073222,Tokyo-f6b3,26,18,Normal
2026-02-15 04:43:08.073222,Tokyo-f6b3,-24,39,Normal
2026-02-15 04:43:09.073222,Tokyo-f6b3,28,0,Normal
2026-02-15 04:43:10.073222,Tokyo-f6b3,46,88,Normal
2026-02-15 04:43:11.073222,Tokyo-f6b3,-13,9,Normal
2026-02-15 04:43:12.073222,Tokyo-f6b3,-10,52,Normal
2026-02-15 04:43:13.073222,Tokyo-f6b3,22,71,Normal
2026-02-15 04:43:14.073222,Tokyo-f6b3,-23,48,Normal
2026-02-15 04:43:15.073222,Tokyo-f6b3,-8,7,Normal
2026-02-15 04:43:16.073222,Tokyo-f6b3,16,57,Normal
2026-02-15 04:43:17.073222,Tokyo-f6b3,13,4,Normal
2026-02-15 04:43:18.073222,Tokyo-f6b3,-23,32,Normal
2026-02-15 04:43:19.073222,Tokyo-f6b3,15,15,Normal
2026-02-15 04:43:20.073222,Tokyo-f6b3,-1,3,Normal
2026-02-15 04:43:21.073222,Tokyo-f6b3,0,39,Normal
2026-02-15 04:43:22.073222,Tokyo-f6b3,42,7,Normal
2026-02-15 04:43:23.073222,Tokyo-f6b3,5,94,Normal
2026-02-15 04:43:24.073222,Tokyo-f6b3,32,42,Normal
2026-02-15 04:43:25.073222,Tokyo-f6b3,4,51,Normal
2026-02-15 04:43:26.073222,Tokyo-f6b3,19,42,Normal
2026-02-15 04:43:27.073222,Tokyo-f6b3,-13,86,Normal
2026-02-15 04:43:28.073222,Tokyo-f6b3,48,6,Normal
2026-02-15 04:43:29.073222,Tokyo-f6b3,13,98,Normal
2026-02-15 04:43:30.073222,Tokyo-f6b3,15,92,Normal
2026-02-15 04:43:31.073222,Tokyo-f6b3,-29,22,Normal
2026-02-15 04:43:32.073222,Tokyo-f6b3,47,98,Normal
2026-02-15 04:43:33.073222,Tokyo-f6b3,11,7,Normal
2026-02-15 04:43:34.073222,Tokyo-f6b3,7,5,Normal
2026-02-15 04:43:35.073222,Tokyo-f6b3,49,31,Normal
2026-02-15 04:43:36.073222,Tokyo-f6b3,-21,59,Normal
2026-02-15 04:43:37.073222,Tokyo-f6b3,34,70,Normal
2026-02-15 04:43:38.073222,Tokyo-f6b3,34,1,Normal
2026-02-15 04:43:39.073222,Tokyo-f6b3,47,10,Normal
2026-02-15 04:43:40.073222,Tokyo-f6b3,-2,83,Normal
2026-02-15 04:43:41.073222,Tokyo-f6b3,-1,94,Normal
2026-02-15 04:43:42.073222,Tokyo-f6b3,22,12,Normal
2026-02-15 04:43:43.073222,Tokyo-f6b3,2,51,Normal
2026-02-15 04:43:44.073222,Tokyo-f6b3,-4,87,Normal
2026-02-15 04:43:45.073222,Tokyo-f6b3,22,38,Normal
2026-02-15 04:43:46.073222,Tokyo-f6b3,-3,20,Normal
2026-02-15 04:43:47.073222,Tokyo-f6b3,-8,53,Normal
2026-02-15 04:43:48.073222,Tokyo-f6b3,40,67,Normal
2026-02-15 04:43:49.073222,Tokyo-f6b3,33,16,Normal
2026-02-15 04:43:50.073222,Tokyo-f6b3,41,47,Normal
2026-02-15 04:43:51.073222,Tokyo-f6b3,23,53,Normal
2026-02-15 04:43:52.073222,Tokyo-f6b3,16,63,Normal
2026-02-15 04:43:53.073222,Tokyo-f6b3,-8,20,Normal
2026-02-15 04:43:54.073222,Tokyo-f6b3,36,63,Normal
2026-02-15 04:43:55.073222,Tokyo-f6b3,9,76,Normal
2026-02-15 04:43:56.073222,Tokyo-f6b3,21,7,Normal
2026-02-15 04:43:57.073222,Tokyo-f6b3,-6,29,Normal
2026-02-15 04:43:58.073222,Tokyo-f6b3,-9,41,Normal
2026-02-15 04:43:59.073222,Tokyo-f6b3,-17,8,Normal
2026-02-15 04:44:00.073222,Tokyo-f6b3,24,14,Normal
2026-02-15 04:44:01.073222,Tokyo-f6b3,-8,44,Normal
2026-02-15 04:44:02.073222,Tokyo-f6b3,23,99,Normal
2026-02-15 04:44:03.073222,Tokyo-f6b3,37,52,Normal
2026-02-15 04:44:04.073222,Tokyo-f6b3,-8,28,Normal
2026-02-15 04:44:05.073222,Tokyo-f6b3,34,69,Normal
2026-02-15 04:44:06.073222,Tokyo-f6b3,-26,83,Normal
2026-02-15 04:44:07.073222,Tokyo-f6b3,-8,92,Normal
2026-02-15 04:44:08.073222,Tokyo-f6b3,-28,70,Normal
2026-02-15 04:44:09.073222,Tokyo-f6b3,0,45,Normal
2026-02-15 04:44:10.073222,Tokyo-f6b3,34,60,Normal
2026-02-15 04:44:11.073222,Tokyo-f6b3,32,61,Normal
2026-02-15 04:44:12.073222,Tokyo-f6b3,14,91,Normal
2026-02-15 04:44:13.073222,Tokyo-f6b3,16,25,Normal
2026-02-15 04:44:14.073222,Tokyo-f6b3,45,60,Normal
2026-02-15 04:44:15.073222,Tokyo-f6b3,8,22,Normal
2026-02-15 04:44:16.073222,Tokyo-f6b3,-22,13,Normal
2026-02-15 04:44:17.073222,Tokyo-f6b3,43,47,Normal
2026-02-15 04:44:18.073222,Tokyo-f6b3,48,23,Normal
2026-02-15 04:44:19.073222,Tokyo-f6b3,35,71,Normal
2026-02-15 04:44:20.073222,Tokyo-f6b3,20,35,Normal
2026-02-15 04:44:21.073222,Tokyo-f6b3,-24,95,Normal
2026-02-15 04:44:22.073222,Tokyo-f6b3,-22,6,Normal
2026-02-15 04:44:23.073222,Tokyo-f6b3,12,21,Normal
2026-02-15 04:44:24.073222,Tokyo-f6b3,-4,87,Normal
2026-02-15 04:44:25.073222,Tokyo-f6b3,-15,0,Normal
2026-02-15 04:44:26.073222,Tokyo-f6b3,0,44,Normal
2026-02-15 04:44:27.073222,Tokyo-f6b3,15,18,Normal
2026-02-15 04:44:28.073222,Tokyo-f6b3,-7,89,Normal
2026-02-15 04:44:29.073222,Tokyo-f6b3,32,61,Normal
2026-02-15 04:44:30.073222,Tokyo-f6b3,42,88,Normal
2026-02-15 04:44:31.073222,Tokyo-f6b3,-11,11,Normal
2026-02-15 04:44:32.073222,Tokyo-f6b3,38,95,Normal
2026-02-15 04:44:33.073222,Tokyo-f6b3,-1,26,Normal
2026-02-15 04:44:34.073222,Tokyo-f6b3,32,35,Normal
2026-02-15 04:44:35.073222,Tokyo-f6b3,1,58,Normal
2026-02-15 04:44:36.073222,Tokyo-f6b3,13,33,Normal
2026-02-15 04:44:37.073222,Tokyo-f6b3,-27,44,Normal
2026-02-15 04:44:38.073222,Tokyo-f6b3,50,67,Normal
2026-02-15 04:44:39.073222,Tokyo-f6b3,47,98,Normal
2026-02-15 04:44:40.073222,Tokyo-f6b3,35,69,Normal
2026-02-15 04:44:41.073222,Tokyo-f6b3,-2,86,Normal
2026-02-15 04:44:42.073222,Tokyo-f6b3,-5,75,Normal
2026-02-15 04:44:43.073222,Tokyo-f6b3,-18,57,Normal
2026-02-15 04:44:44.073222,Tokyo-f6b3,40,81,Normal
2026-02-15 04:44:45.073222,Tokyo-f6b3,1,54,Normal
2026-02-15 04:44:46.073222,Tokyo-f6b3,-30,17,Normal
2026-02-15 04:44:47.073222,Tokyo-f6b3,-9,9,Normal
2026-02-15 04:44:48.073222,Tokyo-f6b3,24,82,Normal
2026-02-15 04:44:49.073222,Tokyo-f6b3,7,3,Normal
2026-02-15 04:44:50.073222,Tokyo-f6b3,-17,11,Normal
2026-02-15 04:44:51.073222,Tokyo-f6b3,33,94,Normal
2026-02-15 04:44:52.073222,Tokyo-f6b3,-15,63,Normal
2026-02-15 04:44:53.073222,Tokyo-f6b3,38,23,Normal
2026-02-15 04:44:54.073222,Tokyo-f6b3,45,71,Normal
2026-02-15 04:44:55.073222,Tokyo-f6b3,-20,56,Normal
2026-02-15 04:44:56.073222,Tokyo-f6b3,1,50,Normal
2026-02-15 04:44:57.073222,Tokyo-f6b3,2,30,Normal
2026-02-15 04:44:58.073222,Tokyo-f6b3,1,87,Normal
2026-02-15 04:44:59.073222,Tokyo-f6b3,21,38,Normal
2026-02-15 04:45:00.073222,Tokyo-f6b3,22,79,Normal
2026-02-15 04:45:01.073222,Tokyo-f6b3,32,44,Normal
2026-02-15 04:45:02.073222,Tokyo-f6b3,28,46,Normal
2026-02-15 04:45:03.073222,Tokyo-f6b3,18,14,Normal
2026-02-15 04:45:04.073222,Tokyo-f6b3,45,22,Normal
2026-02-15 04:45:05.073222,Tokyo-f6b3,1,71,Normal
2026-02-15 04:45:06.073222,Tokyo-f6b3,-1,98,Normal
2026-02-15 04:45:07.073222,Tokyo-f6b3,22,84,Normal
2026-02-15 04:45:08.073222,Tokyo-f6b3,-16,34,Normal
2026-02-15 04:45:09.073222,Tokyo-f6b3,7,61,Normal
2026-02-15 04:45:10.073222,Tokyo-f6b3,21,14,Normal
2026-02-15 04:45:11.073222,Tokyo-f6b3,-1,79,Normal
2026-02-15 04:45:12.073222,Tokyo-f6b3,49,77,Normal
2026-02-15 04:45:13.073222,Tokyo-f6b3,50,30,Normal
2026-02-15 04:45:14.073222,Tokyo-f6b3,28,57,Normal
2026-02-15 04:45:15.073222,Tokyo-f6b3,30,94,Normal
2026-02-15 04:45:16.073222,Tokyo-f6b3,36,93,Normal
2026-02-15 04:45:17.073222,Tokyo-f6b3,8,89,Normal
2026-02-15 04:45:18.073222,Tokyo-f6b3,50,89,Normal
2026-02-15 04:45:19.073222,Tokyo-f6b3,32,45,Normal
2026-02-15 04:45:20.073222,Tokyo-f6b3,21,58,Normal
2026-02-15 04:45:21.073222,Tokyo-f6b3,-28,33,Normal
2026-02-15 04:45:22.073222,Tokyo-f6b3,45,32,Normal
2026-02-15 04:45:23.073222,Tokyo-f6b3,15,22,Normal
2026-02-15 04:45:24.073222,Tokyo-f6b3,-20,11,Normal
2026-02-15 04:45:25.073222,Tokyo-f6b3,-22,20,Normal
2026-02-15 04:45:26.073222,Tokyo-f6b3,7,73,Normal
2026-02-15 04:45:27.073222,Tokyo-f6b3,-14,77,Normal
2026-02-15 04:45:28.073222,Tokyo-f6b3,-27,19,Normal
2026-02-15 04:45:29.073222,Tokyo-f6b3,41,10,Normal
2026-02-15 04:45:30.073222,Tokyo-f6b3,23,39,Normal
2026-02-15 04:45:31.073222,Tokyo-f6b3,-26,76,Normal
2026-02-15 04:45:32.073222,Tokyo-f6b3,45,52,Normal
2026-02-15 04:45:33.073222,Tokyo-f6b3,30,87,Normal
2026-02-15 04:45:34.073222,Tokyo-f6b3,43,90,Normal
2026-02-15 04:45:35.073222,Tokyo-f6b3,-1,36,Normal
2026-02-15 04:45:36.073222,Tokyo-f6b3,23,42,Normal
2026-02-15 04:45:37.073222,Tokyo-f6b3,26,11,Normal
2026-02-15 04:45:38.073222,Tokyo-f6b3,-24,77,Normal
2026-02-15 04:45:39.073222,Tokyo-f6b3,40,42,Normal
2026-02-15 04:45:40.073222,Tokyo-f6b3,45,39,Normal
2026-02-15 04:45:41.073222,Tokyo-f6b3,40,64,Normal
2026-02-15 04:45:42.073222,Tokyo-f6b3,38,90,Normal
2026-02-15 04:45:43.073222,Tokyo-f6b3,24,24,Normal
2026-02-15 04:45:44.073222,Tokyo-f6b3,33,83,Normal
2026-02-15 04:45:45.073222,Tokyo-f6b3,0,18,Normal
2026-02-15 04:45:46.073222,Tokyo-f6b3,44,82,Normal
2026-02-15 04:45:47.073222,Tokyo-f6b3,7,20,Normal
2026-02-15 04:45:48.073222,Tokyo-f6b3,49,79,Normal
2026-02-15 04:45:49.073222,Tokyo-f6b3,6,49,Normal
2026-02-15 04:45:50.073222,Tokyo-f6b3,9,92,Normal
2026-02-15 04:45:51.073222,Tokyo-f6b3,23,6,Normal
2026-02-15 04:45:52.073222,Tokyo-f6b3,28,31,Normal
2026-02-15 04:45:53.073222,Tokyo-f6b3,2,92,Normal
2026-02-15 04:45:54.073222,Tokyo-f6b3,-20,54,Normal
2026-02-15 04:45:55.073222,Tokyo-f6b3,-1,65,Normal
2026-02-15 04:45:56.073222,Tokyo-f6b3,-23,19,Normal
2026-02-15 04:45:57.073222,Tokyo-f6b3,-9,21,Normal
2026-02-15 04:45:58.073222,Tokyo-f6b3,8,85,Normal
2026-02-15 04:45:59.073222,Tokyo-f6b3,37,62,Normal
2026-02-15 04:46:00.073222,Tokyo-f6b3,32,88,Normal
2026-02-15 04:46:01.073222,Tokyo-f6b3,-9,92,Normal
2026-02-15 04:46:02.073222,Tokyo-f6b3,1,28,Normal
2026-02-15 04:46:03.073222,Tokyo-f6b3,-18,28,Normal
2026-02-15 04:46:04.073222,Tokyo-f6b3,16,95,Normal
2026-02-15 04:46:05.073222,Tokyo-f6b3,9,98,Normal
2026-02-15 04:46:06.073222,Tokyo-f6b3,-7,60,Normal
2026-02-15 04:46:07.073222,Tokyo-f6b3,40,34,Normal
2026-02-15 04:46:08.073222,Tokyo-f6b3,-16,67,Normal
2026-02-15 04:46:09.073222,Tokyo-f6b3,2,2,Normal
2026-02-15 04:46:10.073222,Tokyo-f6b3,20,83,Normal
2026-02-15 04:46:11.073222,Tokyo-f6b3,-25,70,Normal
2026-02-15 04:46:12.073222,Tokyo-f6b3,-8,82,Normal
2026-02-15 04:46:13.073222,Tokyo-f6b3,25,6,Normal
2026-02-15 04:46:14.073222,Tokyo-f6b3,-24,97,Normal
2026-02-15 04:46:15.073222,Tokyo-f6b3,5,13,Normal
2026-02-15 04:46:16.073222,Tokyo-f6b3,5,38,Normal
2026-02-15 04:46:17.073222,Tokyo-f6b3,23,5,Normal
2026-02-15 04:46:18.073222,Tokyo-f6b3,38,57,Normal
2026-02-15 04:46:19.073222,Tokyo-f6b3,-20,39,Normal
2026-02-15 04:46:20.073222,Tokyo-f6b3,11,41,Normal
2026-02-15 04:46:21.073222,Tokyo-f6b3,-5,32,Normal
2026-02-15 04:46:22.073222,Tokyo-f6b3,6,96,Normal
2026-02-15 04:46:23.073222,Tokyo-f6b3,49,69,Normal
2026-02-15 04:46:24.073222,Tokyo-f6b3,-9,97,Normal
2026-02-15 04:46:25.073222,Tokyo-f6b3,-26,49,Normal
2026-02-15 04:46:26.073222,Tokyo-f6b3,7,93,Normal
2026-02-15 04:46:27.073222,Tokyo-f6b3,-28,8,Normal
2026-02-15 04:46:28.073222,Tokyo-f6b3,-17,47,Normal
2026-02-15 04:46:29.073222,Tokyo-f6b3,23,44,Normal
2026-02-15 04:46:30.073222,Tokyo-f6b3,-25,56,Normal
2026-02-15 04:46:31.073222,Tokyo-f6b3,-1,0,Normal
2026-02-15 04:46:32.073222,Tokyo-f6b3,13,53,Normal
2026-02-15 04:46:33.073222,Tokyo-f6b3,27,54,Normal
2026-02-15 04:46:34.073222,Tokyo-f6b3,-2,19,Normal
2026-02-15 04:46:35.073222,Tokyo-f6b3,0,28,Normal
2026-02-15 04:46:36.073222,Tokyo-f6b3,-24,16,Normal
2026-02-15 04:46:37.073222,Tokyo-f6b3,-21,12,Normal
2026-02-15 04:46:38.073222,Tokyo-f6b3,-29,2,Normal
2026-02-15 04:46:39.073222,Tokyo-f6b3,-12,75,Normal
2026-02-15 04:46:40.073222,Tokyo-f6b3,26,41,Normal
2026-02-15 04:46:41.073222,Tokyo-f6b3,-29,53,Normal
2026-02-15 04:46:42.073222,Tokyo-f6b3,14,27,Normal
2026-02-15 04:46:43.073222,Tokyo-f6b3,45,84,Normal
2026-02-15 04:46:44.073222,Tokyo-f6b3,18,43,Normal
2026-02-15 04:46:45.073222,Tokyo-f6b3,-16,43,Normal
2026-02-15 04:46:46.073222,Tokyo-f6b3,-8,5,Normal
2026-02-15 04:46:47.073222,Tokyo-f6b3,16,58,Normal
2026-02-15 04:46:48.073222,Tokyo-f6b3,36,64,Normal
2026-02-15 04:46:49.073222,Tokyo-f6b3,42,74,Normal
2026-02-15 04:46:50.073222,Tokyo-f6b3,30,15,Normal
2026-02-15 04:46:51.073222,Tokyo-f6b3,11,87,Normal
2026-02-15 04:46:52.073222,Tokyo-f6b3,10,75,Normal
2026-02-15 04:46:53.073222,Tokyo-f6b3,14,1,Normal
2026-02-15 04:46:54.073222,Tokyo-f6b3,43,57,Normal
2026-02-15 04:46:55.073222,Tokyo-f6b3,42,4,Normal
2026-02-15 04:46:56.073222,Tokyo-f6b3,-28,38,Normal
2026-02-15 04:46:57.073222,Tokyo-f6b3,2,66,Normal
2026-02-15 04:46:58.073222,Tokyo-f6b3,18,97,Normal
2026-02-15 04:46:59.073222,Tokyo-f6b3,13,96,Normal
2026-02-15 04:47:00.073222,Tokyo-f6b3,23,23,Normal
2026-02-15 04:47:01.073222,Tokyo-f6b3,0,44,Normal
2026-02-15 04:47:02.073222,Tokyo-f6b3,6,86,Normal
2026-02-15 04:47:03.073222,Tokyo-f6b3,16,51,Normal
2026-02-15 04:47:04.073222,Tokyo-f6b3,-11,63,Normal
2026-02-15 04:47:05.073222,Tokyo-f6b3,-13,51,Normal
2026-02-15 04:47:06.073222,Tokyo-f6b3,15,50,Normal
2026-02-15 04:47:07.073222,Tokyo-f6b3,-16,69,Normal
2026-02-15 04:47:08.073222,Tokyo-f6b3,7,56,Normal
2026-02-15 04:47:09.073222,Tokyo-f6b3,-6,86,Normal
2026-02-15 04:47:10.073222,Tokyo-f6b3,4,92,Normal
2026-02-15 04:47:11.073222,Tokyo-f6b3,-17,12,Normal
2026-02-15 04:47:12.073222,Tokyo-f6b3,33,6,Normal
2026-02-15 04:47:13.073222,Tokyo-f6b3,1,35,Normal
2026-02-15 04:47:14.073222,Tokyo-f6b3,-28,12,Normal
2026-02-15 04:47:15.073222,Tokyo-f6b3,-27,97,Normal
2026-02-15 04:47:16.073222,Tokyo-f6b3,-5,46,Normal
2026-02-15 04:47:17.073222,Tokyo-f6b3,26,96,Normal
2026-02-15 04:47:18.073222,Tokyo-f6b3,17,54,Normal
2026-02-15 04:47:19.073222,Tokyo-f6b3,6,52,Normal
2026-02-15 04:47:20.073222,Tokyo-f6b3,36,12,Normal
2026-02-15 04:47:21.073222,Tokyo-f6b3,9,7,Normal
2026-02-15 04:47:22.073222,Tokyo-f6b3,19,69,Normal
2026-02-15 04:47:23.073222,Tokyo-f6b3,33,46,Normal
2026-02-15 04:47:24.073222,Tokyo-f6b3,25,1,Normal
2026-02-15 04:47:25.073222,Tokyo-f6b3,-9,54,Normal
2026-02-15 04:47:26.073222,Tokyo-f6b3,10,34,Normal
2026-02-15 04:47:27.073222,Tokyo-f6b3,11,83,Normal
2026-02-15 04:47:28.073222,Tokyo-f6b3,36,25,Normal
2026-02-15 04:47:29.073222,Tokyo-f6b3,20,50,Normal
2026-02-15 04:47:30.073222,Tokyo-f6b3,4,83,Normal
2026-02-15 04:47:31.073222,Tokyo-f6b3,0,63,Normal
2026-02-15 04:47:32.073222,Tokyo-f6b3,45,100,Normal
2026-02-15 04:47:33.073222,Tokyo-f6b3,48,79,Normal
2026-02-15 04:47:34.073222,Tokyo-f6b3,50,58,Normal
2026-02-15 04:47:35.073222,Tokyo-f6b3,-18,22,Normal
2026-02-15 04:47:36.073222,Tokyo-f6b3,43,15,Normal
2026-02-15 04:47:37.073222,Tokyo-f6b3,-24,89,Normal
2026-02-15 04:47:38.073222,Tokyo-f6b3,11,68,Normal
2026-02-15 04:47:39.073222,Tokyo-f6b3,41,73,Normal
2026-02-15 04:47:40.073222,Tokyo-f6b3,-25,73,Normal
2026-02-15 04:47:41.073222,Tokyo-f6b3,-5,74,Normal
2026-02-15 04:47:42.073222,Tokyo-f6b3,-24,49,Normal
2026-02-15 04:47:43.073222,Tokyo-f6b3,43,37,Normal
2026-02-15 04:47:44.073222,Tokyo-f6b3,-9,67,Normal
2026-02-15 04:47:45.073222,Tokyo-f6b3,42,51,Normal
2026-02-15 04:47:46.073222,Tokyo-f6b3,13,92,Normal
2026-02-15 04:47:47.073222,Tokyo-f6b3,30,86,Normal
2026-02-15 04:47:48.073222,Tokyo-f6b3,-18,60,Normal
2026-02-15 04:47:49.073222,Tokyo-f6b3,34,44,Normal
2026-02-15 04:47:50.073222,Tokyo-f6b3,30,33,Normal
2026-02-15 04:47:51.073222,Tokyo-f6b3,43,84,Normal
2026-02-15 04:47:52.073222,Tokyo-f6b3,-16,4,Normal
2026-02-15 04:47:53.073222,Tokyo-f6b3,30,44,Normal
2026-02-15 04:47:54.073222,Tokyo-f6b3,19,51,Normal
2026-02-15 04:47:55.073222,Tokyo-f6b3,16,15,Normal
2026-02-15 04:47:56.073222,Tokyo-f6b3,42,23,Normal
2026-02-15 04:47:57.073222,Tokyo-f6b3,22,67,Normal
2026-02-15 04:47:58.073222,Tokyo-f6b3,-2,0,Normal
2026-02-15 04:47:59.073222,Tokyo-f6b3,-21,16,Normal
2026-02-15 04:48:00.073222,Tokyo-f6b3,37,66,Normal
2026-02-15 04:48:01.073222,Tokyo-f6b3,6,93,Normal
2026-02-15 04:48:02.073222,Tokyo-f6b3,43,56,Normal
2026-02-15 04:48:03.073222,Tokyo-f6b3,14,19,Normal
2026-02-15 04:48:04.073222,Tokyo-f6b3,41,72,Normal
2026-02-15 04:48:05.073222,Tokyo-f6b3,28,87,Normal
2026-02-15 04:48:06.073222,Tokyo-f6b3,5,27,Normal
2026-02-15 04:48:07.073222,Tokyo-f6b3,-16,99,Normal
2026-02-15 04:48:08.073222,Tokyo-f6b3,35,91,Normal
2026-02-15 04:48:09.073222,Tokyo-f6b3,-24,89,Normal
2026-02-15 04:48:10.073222,Tokyo-f6b3,39,53,Normal
2026-02-15 04:48:11.073222,Tokyo-f6b3,9,86,Normal
2026-02-15 04:48:12.073222,Tokyo-f6b3,-16,91,Normal
2026-02-15 04:48:13.073222,Tokyo-f6b3,-4,95,Normal
2026-02-15 04:48:14.073222,Tokyo-f6b3,-18,32,Normal
2026-02-15 04:48:15.073222,Tokyo-f6b3,38,27,Normal
2026-02-15 04:48:16.073222,Tokyo-f6b3,42,78,Normal
2026-02-15 04:48:17.073222,Tokyo-f6b3,18,42,Normal
2026-02-15 04:48:18.073222,Tokyo-f6b3,32,56,Normal
2026-02-15 04:48:19.073222,Tokyo-f6b3,-19,23,Normal
2026-02-15 04:48:20.073222,Tokyo-f6b3,44,98,Normal
2026-02-15 04:48:21.073222,Tokyo-f6b3,27,35,Normal
2026-02-15 04:48:22.073222,Tokyo-f6b3,-29,11,Normal
2026-02-15 04:48:23.073222,Tokyo-f6b3,-26,18,Normal
2026-02-15 04:48:24.073222,Tokyo-f6b3,-19,54,Normal
2026-02-15 04:48:25.073222,Tokyo-f6b3,16,35,Normal
2026-02-15 04:48:26.073222,Tokyo-f6b3,-6,55,Normal
2026-02-15 04:48:27.073222,Tokyo-f6b3,4,63,Normal
2026-02-15 04:48:28.073222,Tokyo-f6b3,-20,90,Normal
2026-02-15 04:48:29.073222,Tokyo-f6b3,25,88,Normal
2026-02-15 04:48:30.073222,Tokyo-f6b3,37,3,Normal
2026-02-15 04:48:31.073222,Tokyo-f6b3,47,4,Normal
2026-02-15 04:48:32.073222,Tokyo-f6b3,6,83,Normal
2026-02-15 04:48:33.073222,Tokyo-f6b3,-28,6,Normal
2026-02-15 04:48:34.073222,Tokyo-f6b3,42,71,Normal
2026-02-15 04:48:35.073222,Tokyo-f6b3,7,90,Normal
2026-02-15 04:48:36.073222,Tokyo-f6b3,33,56,Normal
2026-02-15 04:48:37.073222,Tokyo-f6b3,0,85,Normal
2026-02-15 04:48:38.073222,Tokyo-f6b3,35,62,Normal
2026-02-15 04:48:39.073222,Tokyo-f6b3,-12,23,Normal
2026-02-15 04:48:40.073222,Tokyo-f6b3,-26,76,Normal
2026-02-15 04:48:41.073222,Tokyo-f6b3,-18,29,Normal
2026-02-15 04:48:42.073222,Tokyo-f6b3,-3,51,Normal
2026-02-15 04:48:43.073222,Tokyo-f6b3,-23,51,Normal
2026-02-15 04:48:44.073222,Tokyo-f6b3,-28,7,Normal
2026-02-15 04:48:45.073222,Tokyo-f6b3,11,90,Normal
2026-02-15 04:48:46.073222,Tokyo-f6b3,8,7,Normal
2026-02-15 04:48:47.073222,Tokyo-f6b3,10,24,Normal
2026-02-15 04:48:48.073222,Tokyo-f6b3,-18,19,Normal
2026-02-15 04:48:49.073222,Tokyo-f6b3,41,41,Normal
2026-02-15 04:48:50.073222,Tokyo-f6b3,-1,89,Normal
2026-02-15 04:48:51.073222,Tokyo-f6b3,-17,21,Normal
2026-02-15 04:48:52.073222,Tokyo-f6b3,9,5,Normal
2026-02-15 04:48:53.073222,Tokyo-f6b3,-7,15,Normal
2026-02-15 04:48:54.073222,Tokyo-f6b3,45,91,Normal
2026-02-15 04:48:55.073222,Tokyo-f6b3,-27,57,Normal
2026-02-15 04:48:56.073222,Tokyo-f6b3,24,23,Normal
2026-02-15 04:48:57.073222,Tokyo-f6b3,-20,59,Normal
2026-02-15 04:48:58.073222,Tokyo-f6b3,-29,89,Normal
2026-02-15 04:48:59.073222,Tokyo-f6b3,3,13,Normal
2026-02-15 04:49:00.073222,Tokyo-f6b3,6,31,Normal
2026-02-15 04:49:01.073222,Tokyo-f6b3,47,4,Normal
2026-02-15 04:49:02.073222,Tokyo-f6b3,37,3,Normal
2026-02-15 04:49:03.073222,Tokyo-f6b3,43,85,Normal
2026-02-15 04:49:04.073222,Tokyo-f6b3,11,71,Normal
2026-02-15 04:49:05.073222,Tokyo-f6b3,-20,3,Normal
2026-02-15 04:49:06.073222,Tokyo-f6b3,-25,42,Normal
2026-02-15 04:49:07.073222,Tokyo-f6b3,-2,27,Normal
2026-02-15 04:49:08.073222,Tokyo-f6b3,33,48,Normal
2026-02-15 04:49:09.073222,Tokyo-f6b3,7,58,Normal
2026-02-15 04:49:10.073222,Tokyo-f6b3,18,14,Normal
2026-02-15 04:49:11.073222,Tokyo-f6b3,-21,64,Normal
2026-02-15 04:49:12.073222,Tokyo-f6b3,-21,44,Normal
2026-02-15 04:49:13.073222,Tokyo-f6b3,-27,1,Normal
2026-02-15 04:49:14.073222,Tokyo-f6b3,1,97,Normal
2026-02-15 04:49:15.073222,Tokyo-f6b3,31,2,Normal
2026-02-15 04:49:16.073222,Tokyo-f6b3,44,85,Normal
2026-02-15 04:49:17.073222,Tokyo-f6b3,-5,82,Normal
2026-02-15 04:49:18.073222,Tokyo-f6b3,24,50,Normal
2026-02-15 04:49:19.073222,Tokyo-f6b3,-26,8,Normal
2026-02-15 04:49:20.073222,Tokyo-f6b3,16,90,Normal
2026-02-15 04:49:21.073222,Tokyo-f6b3,-1,70,Normal
2026-02-15 04:49:22.073222,Tokyo-f6b3,23,44,Normal
2026-02-15 04:49:23.073222,Tokyo-f6b3,40,15,Normal
2026-02-15 04:49:24.073222,Tokyo-f6b3,12,57,Normal
2026-02-15 04:49:25.073222,Tokyo-f6b3,43,80,Normal
2026-02-15 04:49:26.073222,Tokyo-f6b3,-15,50,Normal
2026-02-15 04:49:27.073222,Tokyo-f6b3,30,69,Normal
2026-02-15 04:49:28.073222,Tokyo-f6b3,46,18,Normal
2026-02-15 04:49:29.073222,Tokyo-f6b3,29,17,Normal
2026-02-15 04:49:30.073222,Tokyo-f6b3,14,53,Normal
2026-02-15 04:49:31.073222,Tokyo-f6b3,30,100,Normal
2026-02-15 04:49:32.073222,Tokyo-f6b3,-15,98,Normal
2026-02-15 04:49:33.073222,Tokyo-f6b3,-16,85,Normal
2026-02-15 04:49:34.073222,Tokyo-f6b3,27,54,Normal
2026-02-15 04:49:35.073222,Tokyo-f6b3,-22,44,Normal
2026-02-15 04:49:36.073222,Tokyo-f6b3,3,64,Normal
2026-02-15 04:49:37.073222,Tokyo-f6b3,-11,50,Normal
2026-02-15 04:49:38.073222,Tokyo-f6b3,19,30,Normal
2026-02-15 04:49:39.073222,Tokyo-f6b3,-15,10,Normal
2026-02-15 04:49:40.073222,Tokyo-f6b3,7,23,Normal
2026-02-15 04:49:41.073222,Tokyo-f6b3,46,94,Normal
2026-02-15 04:49:42.073222,Tokyo-f6b3,-13,33,Normal
2026-02-15 04:49:43.073222,Tokyo-f6b3,4,88,Normal
2026-02-15 04:49:44.073222,Tokyo-f6b3,22,7,Normal
2026-02-15 04:49:45.073222,Tokyo-f6b3,-13,13,Normal
2026-02-15 04:49:46.073222,Tokyo-f6b3,25,9,Normal
2026-02-15 04:49:47.073222,Tokyo-f6b3,26,76,Normal
2026-02-15 04:49:48.073222,Tokyo-f6b3,49,11,Normal
2026-02-15 04:49:49.073222,Tokyo-f6b3,1,77,Normal
2026-02-15 04:49:50.073222,Tokyo-f6b3,18,23,Normal
2026-02-15 04:49:51.073222,Tokyo-f6b3,-10,7,Normal
2026-02-15 04:49:52.073222,Tokyo-f6b3,35,40,Normal
2026-02-15 04:49:53.073222,Tokyo-f6b3,39,94,Normal
2026-02-15 04:49:54.073222,Tokyo-f6b3,-12,29,Normal
2026-02-15 04:49:55.073222,Tokyo-f6b3,11,38,Normal
2026-02-15 04:49:56.073222,Tokyo-f6b3,-21,92,Normal
2026-02-15 04:49:57.073222,Tokyo-f6b3,11,48,Normal
2026-02-15 04:49:58.073222,Tokyo-f6b3,47,28,Normal
2026-02-15 04:49:59.073222,Tokyo-f6b3,-12,31,Normal
2026-02-15 04:50:00.073222,Tokyo-f6b3,-13,85,Normal
2026-02-15 04:50:01.073222,Tokyo-f6b3,-15,72,Normal
2026-02-15 04:50:02.073222,Tokyo-f6b3,-20,48,Normal
2026-02-15 04:50:03.073222,Tokyo-f6b3,-15,7,Normal
2026-02-15 04:50:04.073222,Tokyo-f6b3,-27,45,Normal
2026-02-15 04:50:05.073222,Tokyo-f6b3,48,59,Normal
2026-02-15 04:50:06.073222,Tokyo-f6b3,15,13,Normal
2026-02-15 04:50:07.073222,Tokyo-f6b3,30,71,Normal
2026-02-15 04:50:08.073222,Tokyo-f6b3,-17,57,Normal
2026-02-15 04:50:09.073222,Tokyo-f6b3,45,46,Normal
2026-02-15 04:50:10.073222,Tokyo-f6b3,-30,90,Normal
2026-02-15 04:50:11.073222,Tokyo-f6b3,-19,39,Normal
2026-02-15 04:50:12.073222,Tokyo-f6b3,-6,66,Normal
2026-02-15 04:50:13.073222,Tokyo-f6b3,30,38,Normal
2026-02-15 04:50:14.073222,Tokyo-f6b3,18,45,Normal
2026-02-15 04:50:15.073222,Tokyo-f6b3,26,58,Normal
2026-02-15 04:50:16.073222,Tokyo-f6b3,-1,38,Normal
2026-02-15 04:50:17.073222,Tokyo-f6b3,11,44,Normal
2026-02-15 04:50:18.073222,Tokyo-f6b3,-4,78,Normal
2026-02-15 04:50:19.073222,Tokyo-f6b3,19,28,Normal
2026-02-15 04:50:20.073222,Tokyo-f6b3,30,66,Normal
2026-02-15 04:50:21.073222,Tokyo-f6b3,-25,35,Normal
2026-02-15 04:50:22.073222,Tokyo-f6b3,0,64,Normal
2026-02-15 04:50:23.073222,Tokyo-f6b3,35,91,Normal
2026-02-15 04:50:24.073222,Tokyo-f6b3,-24,79,Normal
2026-02-15 04:50:25.073222,Tokyo-f6b3,35,93,Normal
2026-02-15 04:50:26.073222,Tokyo-f6b3,0,34,Normal
2026-02-15 04:50:27.073222,Tokyo-f6b3,-3,1,Normal
2026-02-15 04:50:28.073222,Tokyo-f6b3,45,82,Normal
2026-02-15 04:50:29.073222,Tokyo-f6b3,10,82,Normal
2026-02-15 04:50:30.073222,Tokyo-f6b3,13,47,Normal
2026-02-15 04:50:31.073222,Tokyo-f6b3,-29,56,Normal
2026-02-15 04:50:32.073222,Tokyo-f6b3,12,48,Normal
2026-02-15 04:50:33.073222,Tokyo-f6b3,-23,46,Normal
2026-02-15 04:50:34.073222,Tokyo-f6b3,-1,30,Normal
2026-02-15 04:50:35.073222,Tokyo-f6b3,-14,88,Normal
2026-02-15 04:50:36.073222,Tokyo-f6b3,31,37,Normal
2026-02-15 04:50:37.073222,Tokyo-f6b3,27,74,Normal
2026-02-15 04:50:38.073222,Tokyo-f6b3,-4,85,Normal
2026-02-15 04:50:39.073222,Tokyo-f6b3,45,80,Normal
2026-02-15 04:50:40.073222,Tokyo-f6b3,1,57,Normal
2026-02-15 04:50:41.073222,Tokyo-f6b3,-23,75,Normal
2026-02-15 04:50:42.073222,Tokyo-f6b3,-7,71,Normal
2026-02-15 04:50:43.073222,Tokyo-f6b3,-7,54,Normal
2026-02-15 04:50:44.073222,Tokyo-f6b3,-7,95,Normal
2026-02-15 04:50:45.073222,Tokyo-f6b3,-11,19,Normal
2026-02-15 04:50:46.073222,Tokyo-f6b3,24,50,Normal
2026-02-15 04:50:47.073222,Tokyo-f6b3,42,58,Normal
2026-02-15 04:50:48.073222,Tokyo-f6b3,26,77,Normal
2026-02-15 04:50:49.073222,Tokyo-f6b3,-17,37,Normal
2026-02-15 04:50:50.073222,Tokyo-f6b3,-4,79,Normal
2026-02-15 04:50:51.073222,Tokyo-f6b3,0,58,Normal
2026-02-15 04:50:52.073222,Tokyo-f6b3,-14,14,Normal
2026-02-15 04:50:53.073222,Tokyo-f6b3,29,2,Normal
2026-02-15 04:50:54.073222,Tokyo-f6b3,2,26,Normal
2026-02-15 04:50:55.073222,Tokyo-f6b3,3,96,Normal
2026-02-15 04:50:56.073222,Tokyo-f6b3,8,16,Normal
2026-02-15 04:50:57.073222,Tokyo-f6b3,-26,62,Normal
2026-02-15 04:50:58.073222,Tokyo-f6b3,29,2,Normal
2026-02-15 04:50:59.073222,Tokyo-f6b3,43,62,Normal
2026-02-15 04:51:00.073222,Tokyo-f6b3,-25,45,Normal
2026-02-15 04:51:01.073222,Tokyo-f6b3,39,14,Normal
2026-02-15 04:51:02.073222,Tokyo-f6b3,16,68,Normal
2026-02-15 04:51:03.073222,Tokyo-f6b3,6,52,Normal
2026-02-15 04:51:04.073222,Tokyo-f6b3,16,21,Normal
2026-02-15 04:51:05.073222,Tokyo-f6b3,-20,40,Normal
2026-02-15 04:51:06.073222,Tokyo-f6b3,-28,79,Normal
2026-02-15 04:51:07.073222,Tokyo-f6b3,-23,29,Normal
2026-02-15 04:51:08.073222,Tokyo-f6b3,44,64,Normal
2026-02-15 04:51:09.073222,Tokyo-f6b3,-10,84,Normal
2026-02-15 04:51:10.073222,Tokyo-f6b3,15,21,Normal
2026-02-15 04:51:11.073222,Tokyo-f6b3,-30,1,Normal
2026-02-15 04:51:12.073222,Tokyo-f6b3,25,26,Normal
2026-02-15 04:51:13.073222,Tokyo-f6b3,7,96,Normal
2026-02-15 04:51:14.073222,Tokyo-f6b3,-7,62,Normal
2026-02-15 04:51:15.073222,Tokyo-f6b3,32,99,Normal
2026-02-15 04:51:16.073222,Tokyo-f6b3,34,96,Normal
2026-02-15 04:51:17.073222,Tokyo-f6b3,7,100,Normal
2026-02-15 04:51:18.073222,Tokyo-f6b3,8,93,Normal
2026-02-15 04:51:19.073222,Tokyo-f6b3,46,95,Normal
2026-02-15 04:51:20.073222,Tokyo-f6b3,6,35,Normal
2026-02-15 04:51:21.073222,Tokyo-f6b3,-25,40,Normal
2026-02-15 04:51:22.073222,Tokyo-f6b3,18,96,Normal
2026-02-15 04:51:23.073222,Tokyo-f6b3,45,79,Normal
2026-02-15 04:51:24.073222,Tokyo-f6b3,6,36,Normal
2026-02-15 04:51:25.073222,Tokyo-f6b3,36,24,Normal
2026-02-15 04:51:26.073222,Tokyo-f6b3,-12,40,Normal
2026-02-15 04:51:27.073222,Tokyo-f6b3,-19,71,Normal
2026-02-15 04:51:28.073222,Tokyo-f6b3,30,91,Normal
2026-02-15 04:51:29.073222,Tokyo-f6b3,21,1,Normal
2026-02-15 04:51:30.073222,Tokyo-f6b3,-16,72,Normal
2026-02-15 04:51:31.073222,Tokyo-f6b3,-3,88,Normal
2026-02-15 04:51:32.073222,Tokyo-f6b3,-25,42,Normal
2026-02-15 04:51:33.073222,Tokyo-f6b3,23,3,Normal
2026-02-15 04:51:34.073222,Tokyo-f6b3,29,46,Normal
2026-02-15 04:51:35.073222,Tokyo-f6b3,17,94,Normal
2026-02-15 04:51:36.073222,Tokyo-f6b3,-28,41,Normal
2026-02-15 04:51:37.073222,Tokyo-f6b3,1,29,Normal
2026-02-15 04:51:38.073222,Tokyo-f6b3,8,66,Normal
2026-02-15 04:51:39.073222,Tokyo-f6b3,3,30,Normal
2026-02-15 04:51:40.073222,Tokyo-f6b3,-29,49,Normal
2026-02-15 04:51:41.073222,Tokyo-f6b3,36,93,Normal
2026-02-15 04:51:42.073222,Tokyo-f6b3,4,66,Normal
2026-02-15 04:51:43.073222,Tokyo-f6b3,-2,98,Normal
2026-02-15 04:51:44.073222,Tokyo-f6b3,2,37,Normal
2026-02-15 04:51:45.073222,Tokyo-f6b3,-3,14,Normal
2026-02-15 04:51:46.073222,Tokyo-f6b3,-7,44,Normal
2026-02-15 04:51:47.073222,Tokyo-f6b3,-20,79,Normal
2026-02-15 04:51:48.073222,Tokyo-f6b3,-27,39,Normal
2026-02-15 04:51:49.073222,Tokyo-f6b3,20,61,Normal
2026-02-15 04:51:50.073222,Tokyo-f6b3,15,64,Normal
2026-02-15 04:51:51.073222,Tokyo-f6b3,-30,73,Normal
2026-02-15 04:51:52.073222,Tokyo-f6b3,12,50,Normal
2026-02-15 04:51:53.073222,Tokyo-f6b3,-23,4,Normal
2026-02-15 04:51:54.073222,Tokyo-f6b3,19,34,Normal
2026-02-15 04:51:55.073222,Tokyo-f6b3,-2,23,Normal
2026-02-15 04:51:56.073222,Tokyo-f6b3,-17,60,Normal
2026-02-15 04:51:57.073222,Tokyo-f6b3,43,13,Normal
2026-02-15 04:51:58.073222,Tokyo-f6b3,15,21,Normal
2026-02-15 04:51:59.073222,Tokyo-f6b3,-21,70,Normal
2026-02-15 04:52:00.073222,Tokyo-f6b3,8,64,Normal
2026-02-15 04:52:01.073222,Tokyo-f6b3,-20,0,Normal
2026-02-15 04:52:02.073222,Tokyo-f6b3,10,91,Normal
2026-02-15 04:52:03.073222,Tokyo-f6b3,29,0,Normal
2026-02-15 04:52:04.073222,Tokyo-f6b3,26,7,Normal
2026-02-15 04:52:05.073222,Tokyo-f6b3,-16,100,Normal
2026-02-15 04:52:06.073222,Tokyo-f6b3,-4,94,Normal
2026-02-15 04:52:07.073222,Tokyo-f6b3,32,80,Normal
2026-02-15 04:52:08.073222,Tokyo-f6b3,35,46,Normal
2026-02-15 04:52:09.073222,Tokyo-f6b3,-28,21,Normal
2026-02-15 04:52:10.073222,Tokyo-f6b3,35,48,Normal
2026-02-15 04:52:11.073222,Tokyo-f6b3,3,41,Normal
2026-02-15 04:52:12.073222,Tokyo-f6b3,24,68,Normal
2026-02-15 04:52:13.073222,Tokyo-f6b3,-29,35,Normal
2026-02-15 04:52:14.073222,Tokyo-f6b3,-15,100,Normal
2026-02-15 04:52:15.073222,Tokyo-f6b3,8,98,Normal
2026-02-15 04:52:16.073222,Tokyo-f6b3,2,20,Normal
2026-02-15 04:52:17.073222,Tokyo-f6b3,45,75,Normal
2026-02-15 04:52:18.073222,Tokyo-f6b3,-13,91,Normal
2026-02-15 04:52:19.073222,Tokyo-f6b3,-16,39,Normal
2026-02-15 04:52:20.073222,Tokyo-f6b3,-26,38,Normal
2026-02-15 04:52:21.073222,Tokyo-f6b3,16,13,Normal
2026-02-15 04:52:22.073222,Tokyo-f6b3,5,71,Normal
2026-02-15 04:52:23.073222,Tokyo-f6b3,47,30,Normal
2026-02-15 04:52:24.073222,Tokyo-f6b3,-1,9,Normal
2026-02-15 04:52:25.073222,Tokyo-f6b3,-20,66,Normal
2026-02-15 04:52:26.073222,Tokyo-f6b3,21,25,Normal
2026-02-15 04:52:27.073222,Tokyo-f6b3,22,69,Normal
2026-02-15 04:52:28.073222,Tokyo-f6b3,-24,79,Normal
2026-02-15 04:52:29.073222,Tokyo-f6b3,-29,54,Normal
2026-02-15 04:52:30.073222,Tokyo-f6b3,-28,73,Normal
2026-02-15 04:52:31.073222,Tokyo-f6b3,18,86,Normal
2026-02-15 04:52:32.073222,Tokyo-f6b3,26,2,Normal
2026-02-15 04:52:33.073222,Tokyo-f6b3,-6,19,Normal
2026-02-15 04:52:34.073222,Tokyo-f6b3,-18,22,Normal
2026-02-15 04:52:35.073222,Tokyo-f6b3,40,51,Normal
2026-02-15 04:52:36.073222,Tokyo-f6b3,-7,53,Normal
2026-02-15 04:52:37.073222,Tokyo-f6b3,40,14,Normal
2026-02-15 04:52:38.073222,Tokyo-f6b3,4,16,Normal
2026-02-15 04:52:39.073222,Tokyo-f6b3,23,30,Normal
2026-02-15 04:52:40.073222,Tokyo-f6b3,-23,37,Normal
2026-02-15 04:52:41.073222,Tokyo-f6b3,-4,76,Normal
2026-02-15 04:52:42.073222,Tokyo-f6b3,-6,33,Normal
2026-02-15 04:52:43.073222,Tokyo-f6b3,-4,100,Normal
2026-02-15 04:52:44.073222,Tokyo-f6b3,-29,78,Normal
2026-02-15 04:52:45.073222,Tokyo-f6b3,25,55,Normal
2026-02-15 04:52:46.073222,Tokyo-f6b3,-7,57,Normal
2026-02-15 04:52:47.073222,Tokyo-f6b3,37,48,Normal
2026-02-15 04:52:48.073222,Tokyo-f6b3,-22,19,Normal
2026-02-15 04:52:49.073222,Tokyo-f6b3,22,48,Normal
2026-02-15 04:52:50.073222,Tokyo-f6b3,41,45,Normal
2026-02-15 04:52:51.073222,Tokyo-f6b3,-21,31,Normal
2026-02-15 04:52:52.073222,Tokyo-f6b3,-25,45,Normal
2026-02-15 04:52:53.073222,Tokyo-f6b3,4,74,Normal
2026-02-15 04:52:54.073222,Tokyo-f6b3,14,21,Normal
2026-02-15 04:52:55.073222,Tokyo-f6b3,-24,73,Normal
2026-02-15 04:52:56.073222,Tokyo-f6b3,-2,72,Normal
2026-02-15 04:52:57.073222,Tokyo-f6b3,-15,55,Normal
2026-02-15 04:52:58.073222,Tokyo-f6b3,24,43,Normal
2026-02-15 04:52:59.073222,Tokyo-f6b3,0,53,Normal
2026-02-15 04:53:00.073222,Tokyo-f6b3,10,31,Normal
2026-02-15 04:53:01.073222,Tokyo-f6b3,-15,2,Normal
2026-02-15 04:53:02.073222,Tokyo-f6b3,-27,87,Normal
2026-02-15 04:53:03.073222,Tokyo-f6b3,21,48,Normal
2026-02-15 04:53:04.073222,Tokyo-f6b3,-30,87,Normal
2026-02-15 04:53:05.073222,Tokyo-f6b3,2,66,Normal
2026-02-15 04:53:06.073222,Tokyo-f6b3,30,38,Normal
2026-02-15 04:53:07.073222,Tokyo-f6b3,-21,82,Normal
2026-02-15 04:53:08.073222,Tokyo-f6b3,-19,25,Normal
2026-02-15 04:53:09.073222,Tokyo-f6b3,31,49,Normal
2026-02-15 04:53:10.073222,Tokyo-f6b3,10,4,Normal
2026-02-15 04:53:11.073222,Tokyo-f6b3,-3,81,Normal
2026-02-15 04:53:12.073222,Tokyo-f6b3,20,24,Normal
2026-02-15 04:53:13.073222,Tokyo-f6b3,-5,90,Normal
2026-02-15 04:53:14.073222,Tokyo-f6b3,30,2,Normal
2026-02-15 04:53:15.073222,Tokyo-f6b3,10,8,Normal
2026-02-15 04:53:16.073222,Tokyo-f6b3,45,1,Normal
2026-02-15 04:53:17.073222,Tokyo-f6b3,-24,15,Normal
2026-02-15 04:53:18.073222,Tokyo-f6b3,29,32,Normal
2026-02-15 04:53:19.073222,Tokyo-f6b3,16,75,Normal
2026-02-15 04:53:20.073222,Tokyo-f6b3,13,97,Normal
2026-02-15 04:53:21.073222,Tokyo-f6b3,50,74,Normal
2026-02-15 04:53:22.073222,Tokyo-f6b3,14,99,Normal
2026-02-15 04:53:23.073222,Tokyo-f6b3,38,63,Normal
2026-02-15 04:53:24.073222,Tokyo-f6b3,1,96,Normal
2026-02-15 04:53:25.073222,Tokyo-f6b3,-24,66,Normal
2026-02-15 04:53:26.073222,Tokyo-f6b3,-26,42,Normal
2026-02-15 04:53:27.073222,Tokyo-f6b3,26,87,Normal
2026-02-15 04:53:28.073222,Tokyo-f6b3,15,30,Normal
2026-02-15 04:53:29.073222,Tokyo-f6b3,38,100,Normal
2026-02-15 04:53:30.073222,Tokyo-f6b3,8,100,Normal
2026-02-15 04:53:31.073222,Tokyo-f6b3,47,67,Normal
2026-02-15 04:53:32.073222,Tokyo-f6b3,-7,65,Normal
2026-02-15 04:53:33.073222,Tokyo-f6b3,4,46,Normal
2026-02-15 04:53:34.073222,Tokyo-f6b3,-21,77,Normal
2026-02-15 04:53:35.073222,Tokyo-f6b3,7,99,Normal
2026-02-15 04:53:36.073222,Tokyo-f6b3,37,71,Normal
2026-02-15 04:53:37.073222,Tokyo-f6b3,44,15,Normal
2026-02-15 04:53:38.073222,Tokyo-f6b3,42,1,Normal
2026-02-15 04:53:39.073222,Tokyo-f6b3,45,24,Normal
2026-02-15 04:53:40.073222,Tokyo-f6b3,-4,40,Normal
2026-02-15 04:53:41.073222,Tokyo-f6b3,-21,95,Normal
2026-02-15 04:53:42.073222,Tokyo-f6b3,22,65,Normal
2026-02-15 04:53:43.073222,Tokyo-f6b3,-4,89,Normal
2026-02-15 04:53:44.073222,Tokyo-f6b3,-1,78,Normal
2026-02-15 04:53:45.073222,Tokyo-f6b3,20,46,Normal
2026-02-15 04:53:46.073222,Tokyo-f6b3,13,38,Normal
2026-02-15 04:53:47.073222,Tokyo-f6b3,-25,98,Normal
2026-02-15 04:53:48.073222,Tokyo-f6b3,13,47,Normal
2026-02-15 04:53:49.073222,Tokyo-f6b3,26,40,Normal
2026-02-15 04:53:50.073222,Tokyo-f6b3,46,25,Normal
2026-02-15 04:53:51.073222,Tokyo-f6b3,-20,24,Normal
2026-02-15 04:53:52.073222,Tokyo-f6b3,-8,30,Normal
2026-02-15 04:53:53.073222,Tokyo-f6b3,-28,66,Normal
2026-02-15 04:53:54.073222,Tokyo-f6b3,-16,7,Normal
2026-02-15 04:53:55.073222,Tokyo-f6b3,49,38,Normal
2026-02-15 04:53:56.073222,Tokyo-f6b3,-15,26,Normal
2026-02-15 04:53:57.073222,Tokyo-f6b3,2,81,Normal
2026-02-15 04:53:58.073222,Tokyo-f6b3,-28,30,Normal
2026-02-15 04:53:59.073222,Tokyo-f6b3,45,95,Normal
2026-02-15 04:54:00.073222,Tokyo-f6b3,-12,13,Normal
2026-02-15 04:54:01.073222,Tokyo-f6b3,17,88,Normal
2026-02-15 04:54:02.073222,Tokyo-f6b3,35,48,Normal
2026-02-15 04:54:03.073222,Tokyo-f6b3,30,43,Normal
2026-02-15 04:54:04.073222,Tokyo-f6b3,44,78,Normal
2026-02-15 04:54:05.073222,Tokyo-f6b3,23,5,Normal
2026-02-15 04:54:06.073222,Tokyo-f6b3,34,60,Normal
2026-02-15 04:54:07.073222,Tokyo-f6b3,23,73,Normal
2026-02-15 04:54:08.073222,Tokyo-f6b3,37,45,Normal
2026-02-15 04:54:09.073222,Tokyo-f6b3,-8,49,Normal
2026-02-15 04:54:10.073222,Tokyo-f6b3,2,31,Normal
2026-02-15 04:54:11.073222,Tokyo-f6b3,26,12,Normal
2026-02-15 04:54:12.073222,Tokyo-f6b3,9,54,Normal
2026-02-15 04:54:13.073222,Tokyo-f6b3,13,8,Normal
2026-02-15 04:54:14.073222,Tokyo-f6b3,-6,83,Normal
2026-02-15 04:54:15.073222,Tokyo-f6b3,-25,95,Normal
2026-02-15 04:54:16.073222,Tokyo-f6b3,22,76,Normal
2026-02-15 04:54:17.073222,Tokyo-f6b3,40,22,Normal
2026-02-15 04:54:18.073222,Tokyo-f6b3,-12,71,Normal
2026-02-15 04:54:19.073222,Tokyo-f6b3,4,91,Normal
2026-02-15 04:54:20.073222,Tokyo-f6b3,18,73,Normal
2026-02-15 04:54:21.073222,Tokyo-f6b3,-6,70,Normal
2026-02-15 04:54:22.073222,Tokyo-f6b3,6,76,Normal
2026-02-15 04:54:23.073222,Tokyo-f6b3,26,100,Normal
2026-02-15 04:54:24.073222,Tokyo-f6b3,-29,24,Normal
2026-02-15 04:54:25.073222,Tokyo-f6b3,32,61,Normal
2026-02-15 04:54:26.073222,Tokyo-f6b3,-16,36,Normal
2026-02-15 04:54:27.073222,Tokyo-f6b3,-17,77,Normal
2026-02-15 04:54:28.073222,Tokyo-f6b3,35,34,Normal
2026-02-15 04:54:29.073222,Tokyo-f6b3,29,52,Normal
2026-02-15 04:54:30.073222,Tokyo-f6b3,33,74,Normal
2026-02-15 04:54:31.073222,Tokyo-f6b3,-13,73,Normal
2026-02-15 04:54:32.073222,Tokyo-f6b3,35,99,Normal
2026-02-15 04:54:33.073222,Tokyo-f6b3,39,14,Normal
2026-02-15 04:54:34.073222,Tokyo-f6b3,22,72,Normal
2026-02-15 04:54:35.073222,Tokyo-f6b3,9,75,Normal
2026-02-15 04:54:36.073222,Tokyo-f6b3,6,34,Normal
2026-02-15 04:54:37.073222,Tokyo-f6b3,5,8,Normal
2026-02-15 04:54:38.073222,Tokyo-f6b3,27,33,Normal
2026-02-15 04:54:39.073222,Tokyo-f6b3,11,72,Normal
2026-02-15 04:54:40.073222,Tokyo-f6b3,14,14,Normal
2026-02-15 04:54:41.073222,Tokyo-f6b3,-17,61,Normal
2026-02-15 04:54:42.073222,Tokyo-f6b3,0,49,Normal
2026-02-15 04:54:43.073222,Tokyo-f6b3,-5,49,Normal
2026-02-15 04:54:44.073222,Tokyo-f6b3,-23,71,Normal
2026-02-15 04:54:45.073222,Tokyo-f6b3,-5,66,Normal
2026-02-15 04:54:46.073222,Tokyo-f6b3,-21,39,Normal
2026-02-15 04:54:47.073222,Tokyo-f6b3,13,30,Normal
2026-02-15 04:54:48.073222,Tokyo-f6b3,-8,30,Normal
2026-02-15 04:54:49.073222,Tokyo-f6b3,-11,57,Normal
2026-02-15 04:54:50.073222,Tokyo-f6b3,17,45,Normal
2026-02-15 04:54:51.073222,Tokyo-f6b3,0,66,Normal
2026-02-15 04:54:52.073222,Tokyo-f6b3,-3,63,Normal
2026-02-15 04:54:53.073222,Tokyo-f6b3,34,38,Normal
2026-02-15 04:54:54.073222,Tokyo-f6b3,-22,1,Normal
2026-02-15 04:54:55.073222,Tokyo-f6b3,27,27,Normal
2026-02-15 04:54:56.073222,Tokyo-f6b3,-29,67,Normal
2026-02-15 04:54:57.073222,Tokyo-f6b3,-1,39,Normal
2026-02-15 04:54:58.073222,Tokyo-f6b3,-26,55,Normal
2026-02-15 04:54:59.073222,Tokyo-f6b3,28,64,Normal
2026-02-15 04:55:00.073222,Tokyo-f6b3,33,21,Normal
2026-02-15 04:55:01.073222,Tokyo-f6b3,2,50,Normal
2026-02-15 04:55:02.073222,Tokyo-f6b3,-29,8,Normal
2026-02-15 04:55:03.073222,Tokyo-f6b3,0,48,Normal
2026-02-15 04:55:04.073222,Tokyo-f6b3,-30,88,Normal
2026-02-15 04:55:05.073222,Tokyo-f6b3,46,83,Normal
2026-02-15 04:55:06.073222,Tokyo-f6b3,-19,32,Normal
2026-02-15 04:55:07.073222,Tokyo-f6b3,-18,19,Normal
2026-02-15 04:55:08.073222,Tokyo-f6b3,44,63,Normal
2026-02-15 04:55:09.073222,Tokyo-f6b3,38,100,Normal
2026-02-15 04:55:10.073222,Tokyo-f6b3,45,29,Normal
2026-02-15 04:55:11.073222,Tokyo-f6b3,-2,9,Normal
2026-02-15 04:55:12.073222,Tokyo-f6b3,32,90,Normal
2026-02-15 04:55:13.073222,Tokyo-f6b3,21,42,Normal
2026-02-15 04:55:14.073222,Tokyo-f6b3,-24,42,Normal
2026-02-15 04:55:15.073222,Tokyo-f6b3,22,44,Normal
2026-02-15 04:55:16.073222,Tokyo-f6b3,9,36,Normal
2026-02-15 04:55:17.073222,Tokyo-f6b3,4,73,Normal
2026-02-15 04:55:18.073222,Tokyo-f6b3,-29,91,Normal
2026-02-15 04:55:19.073222,Tokyo-f6b3,20,3,Normal
2026-02-15 04:55:20.073222,Tokyo-f6b3,12,99,Normal
2026-02-15 04:55:21.073222,Tokyo-f6b3,-29,1,Normal
2026-02-15 04:55:22.073222,Tokyo-f6b3,48,11,Normal
2026-02-15 04:55:23.073222,Tokyo-f6b3,48,72,Normal
2026-02-15 04:55:24.073222,Tokyo-f6b3,-30,100,Normal
2026-02-15 04:55:25.073222,Tokyo-f6b3,31,77,Normal
2026-02-15 04:55:26.073222,Tokyo-f6b3,28,19,Normal
2026-02-15 04:55:27.073222,Tokyo-f6b3,-9,2,Normal
2026-02-15 04:55:28.073222,Tokyo-f6b3,-28,100,Normal
2026-02-15 04:55:29.073222,Tokyo-f6b3,1,100,Normal
2026-02-15 04:55:30.073222,Tokyo-f6b3,48,72,Normal
2026-02-15 04:55:31.073222,Tokyo-f6b3,-12,9,Normal
2026-02-15 04:55:32.073222,Tokyo-f6b3,7,8,Normal
2026-02-15 04:55:33.073222,Tokyo-f6b3,46,54,Normal
2026-02-15 04:55:34.073222,Tokyo-f6b3,27,24,Normal
2026-02-15 04:55:35.073222,Tokyo-f6b3,-28,90,Normal
2026-02-15 04:55:36.073222,Tokyo-f6b3,14,26,Normal
2026-02-15 04:55:37.073222,Tokyo-f6b3,45,11,Normal
2026-02-15 04:55:38.073222,Tokyo-f6b3,-30,62,Normal
2026-02-15 04:55:39.073222,Tokyo-f6b3,5,28,Normal
2026-02-15 04:55:40.073222,Tokyo-f6b3,-20,48,Normal
2026-02-15 04:55:41.073222,Tokyo-f6b3,-27,66,Normal
2026-02-15 04:55:42.073222,Tokyo-f6b3,9,94,Normal
2026-02-15 04:55:43.073222,Tokyo-f6b3,22,49,Normal
2026-02-15 04:55:44.073222,Tokyo-f6b3,45,8,Normal
2026-02-15 04:55:45.073222,Tokyo-f6b3,29,56,Normal
2026-02-15 04:55:46.073222,Tokyo-f6b3,38,62,Normal
2026-02-15 04:55:47.073222,Tokyo-f6b3,-15,74,Normal
2026-02-15 04:55:48.073222,Tokyo-f6b3,13,84,Normal
2026-02-15 04:55:49.073222,Tokyo-f6b3,-15,92,Normal
2026-02-15 04:55:50.073222,Tokyo-f6b3,3,2,Normal
2026-02-15 04:55:51.073222,Tokyo-f6b3,3,98,Normal
2026-02-15 04:55:52.073222,Tokyo-f6b3,15,57,Normal
2026-02-15 04:55:53.073222,Tokyo-f6b3,12,50,Normal
2026-02-15 04:55:54.073222,Tokyo-f6b3,-24,38,Normal
2026-02-15 04:55:55.073222,Tokyo-f6b3,49,96,Normal
2026-02-15 04:55:56.073222,Tokyo-f6b3,-27,21,Normal
2026-02-15 04:55:57.073222,Tokyo-f6b3,-18,73,Normal
2026-02-15 04:55:58.073222,Tokyo-f6b3,19,67,Normal
2026-02-15 04:55:59.073222,Tokyo-f6b3,8,9,Normal
2026-02-15 04:56:00.073222,Tokyo-f6b3,3,84,Normal
2026-02-15 04:56:01.073222,Tokyo-f6b3,-19,72,Normal
2026-02-15 04:56:02.073222,Tokyo-f6b3,31,13,Normal
2026-02-15 04:56:03.073222,Tokyo-f6b3,39,69,Normal
2026-02-15 04:56:04.073222,Tokyo-f6b3,50,51,Normal
2026-02-15 04:56:05.073222,Tokyo-f6b3,39,66,Normal
2026-02-15 04:56:06.073222,Tokyo-f6b3,-10,64,Normal
2026-02-15 04:56:07.073222,Tokyo-f6b3,7,15,Normal
2026-02-15 04:56:08.073222,Tokyo-f6b3,19,51,Normal
2026-02-15 04:56:09.073222,Tokyo-f6b3,48,3,Normal
2026-02-15 04:56:10.073222,Tokyo-f6b3,-29,23,Normal
2026-02-15 04:56:11.073222,Tokyo-f6b3,24,32,Normal
2026-02-15 04:56:12.073222,Tokyo-f6b3,-28,69,Normal
2026-02-15 04:56:13.073222,Tokyo-f6b3,14,98,Normal
2026-02-15 04:56:14.073222,Tokyo-f6b3,2,71,Normal
2026-02-15 04:56:15.073222,Tokyo-f6b3,30,100,Normal
2026-02-15 04:56:16.073222,Tokyo-f6b3,37,14,Normal
2026-02-15 04:56:17.073222,Tokyo-f6b3,47,17,Normal
2026-02-15 04:56:18.073222,Tokyo-f6b3,-13,80,Normal
2026-02-15 04:56:19.073222,Tokyo-f6b3,-30,99,Normal
2026-02-15 04:56:20.073222,Tokyo-f6b3,-2,13,Normal
2026-02-15 04:56:21.073222,Tokyo-f6b3,18,1,Normal
2026-02-15 04:56:22.073222,Tokyo-f6b3,32,71,Normal
2026-02-15 04:56:23.073222,Tokyo-f6b3,-14,6,Normal
2026-02-15 04:56:24.073222,Tokyo-f6b3,5,6,Normal
2026-02-15 04:56:25.073222,Tokyo-f6b3,30,10,Normal
2026-02-15 04:56:26.073222,Tokyo-f6b3,15,55,Normal
2026-02-15 04:56:27.073222,Tokyo-f6b3,-12,12,Normal
2026-02-15 04:56:28.073222,Tokyo-f6b3,-7,77,Normal
2026-02-15 04:56:29.073222,Tokyo-f6b3,-6,28,Normal
2026-02-15 04:56:30.073222,Tokyo-f6b3,-2,96,Normal
2026-02-15 04:56:31.073222,Tokyo-f6b3,42,88,Normal
2026-02-15 04:56:32.073222,Tokyo-f6b3,32,95,Normal
2026-02-15 04:56:33.073222,Tokyo-f6b3,13,35,Normal
2026-02-15 04:56:34.073222,Tokyo-f6b3,-8,18,Normal
2026-02-15 04:56:35.073222,Tokyo-f6b3,-12,89,Normal
2026-02-15 04:56:36.073222,Tokyo-f6b3,-1,74,Normal
2026-02-15 04:56:37.073222,Tokyo-f6b3,4,88,Normal
2026-02-15 04:56:38.073222,Tokyo-f6b3,46,63,Normal
2026-02-15 04:56:39.073222,Tokyo-f6b3,17,33,Normal
2026-02-15 04:56:40.073222,Tokyo-f6b3,-4,65,Normal
2026-02-15 04:56:41.073222,Tokyo-f6b3,11,23,Normal
2026-02-15 04:56:42.073222,Tokyo-f6b3,-20,64,Normal
2026-02-15 04:56:43.073222,Tokyo-f6b3,19,99,Normal
2026-02-15 04:56:44.073222,Tokyo-f6b3,-14,67,Normal
2026-02-15 04:56:45.073222,Tokyo-f6b3,36,10,Normal
2026-02-15 04:56:46.073222,Tokyo-f6b3,44,91,Normal
2026-02-15 04:56:47.073222,Tokyo-f6b3,28,42,Normal
2026-02-15 04:56:48.073222,Tokyo-f6b3,17,37,Normal
2026-02-15 04:56:49.073222,Tokyo-f6b3,-4,39,Normal
2026-02-15 04:56:50.073222,Tokyo-f6b3,-20,60,Normal
2026-02-15 04:56:51.073222,Tokyo-f6b3,-25,62,Normal
2026-02-15 04:56:52.073222,Tokyo-f6b3,39,60,Normal
2026-02-15 04:56:53.073222,Tokyo-f6b3,-21,17,Normal
2026-02-15 04:56:54.073222,Tokyo-f6b3,16,56,Normal
2026-02-15 04:56:55.073222,Tokyo-f6b3,37,92,Normal
2026-02-15 04:56:56.073222,Tokyo-f6b3,49,62,Normal
2026-02-15 04:56:57.073222,Tokyo-f6b3,-20,73,Normal
2026-02-15 04:56:58.073222,Tokyo-f6b3,-3,27,Normal
2026-02-15 04:56:59.073222,Tokyo-f6b3,27,75,Normal
2026-02-15 04:57:00.073222,Tokyo-f6b3,-1,68,Normal
2026-02-15 04:57:01.073222,Tokyo-f6b3,23,41,Normal
2026-02-15 04:57:02.073222,Tokyo-f6b3,6,77,Normal
2026-02-15 04:57:03.073222,Tokyo-f6b3,-4,88,Normal
2026-02-15 04:57:04.073222,Tokyo-f6b3,42,31,Normal
2026-02-15 04:57:05.073222,Tokyo-f6b3,43,32,Normal
2026-02-15 04:57:06.073222,Tokyo-f6b3,-17,67,Normal
2026-02-15 04:57:07.073222,Tokyo-f6b3,-24,66,Normal
2026-02-15 04:57:08.073222,Tokyo-f6b3,-14,46,Normal
2026-02-15 04:57:09.073222,Tokyo-f6b3,12,100,Normal
2026-02-15 04:57:10.073222,Tokyo-f6b3,44,100,Normal
2026-02-15 04:57:11.073222,Tokyo-f6b3,-8,27,Normal
2026-02-15 04:57:12.073222,Tokyo-f6b3,24,5,Normal
2026-02-15 04:57:13.073222,Tokyo-f6b3,49,19,Normal
2026-02-15 04:57:14.073222,Tokyo-f6b3,23,7,Normal
2026-02-15 04:57:15.073222,Tokyo-f6b3,29,71,Normal
2026-02-15 04:57:16.073222,Tokyo-f6b3,39,83,Normal
2026-02-15 04:57:17.073222,Tokyo-f6b3,34,65,Normal
2026-02-15 04:57:18.073222,Tokyo-f6b3,12,61,Normal
2026-02-15 04:57:19.073222,Tokyo-f6b3,33,66,Normal
2026-02-15 04:57:20.073222,Tokyo-f6b3,-13,3,Normal
2026-02-15 04:57:21.073222,Tokyo-f6b3,-6,38,Normal
2026-02-15 04:57:22.073222,Tokyo-f6b3,9,95,Normal
2026-02-15 04:57:23.073222,Tokyo-f6b3,38,76,Normal
2026-02-15 04:57:24.073222,Tokyo-f6b3,13,80,Normal
2026-02-15 04:57:25.073222,Tokyo-f6b3,-3,48,Normal
2026-02-15 04:57:26.073222,Tokyo-f6b3,46,7,Normal
2026-02-15 04:57:27.073222,Tokyo-f6b3,-26,77,Normal
2026-02-15 04:57:28.073222,Tokyo-f6b3,47,16,Normal
2026-02-15 04:57:29.073222,Tokyo-f6b3,-21,95,Normal
2026-02-15 04:57:30.073222,Tokyo-f6b3,36,94,Normal
2026-02-15 04:57:31.073222,Tokyo-f6b3,1,85,Normal
2026-02-15 04:57:32.073222,Tokyo-f6b3,-5,84,Normal
2026-02-15 04:57:33.073222,Tokyo-f6b3,28,77,Normal
2026-02-15 04:57:34.073222,Tokyo-f6b3,46,63,Normal
2026-02-15 04:57:35.073222,Tokyo-f6b3,-30,25,Normal
2026-02-15 04:57:36.073222,Tokyo-f6b3,23,88,Normal
2026-02-15 04:57:37.073222,Tokyo-f6b3,47,27,Normal
2026-02-15 04:57:38.073222,Tokyo-f6b3,4,39,Normal
2026-02-15 04:57:39.073222,Tokyo-f6b3,-27,15,Normal
2026-02-15 04:57:40.073222,Tokyo-f6b3,18,11,Normal
2026-02-15 04:57:41.073222,Tokyo-f6b3,25,68,Normal
2026-02-15 04:57:42.073222,Tokyo-f6b3,-4,39,Normal
2026-02-15 04:57:43.073222,Tokyo-f6b3,-29,15,Normal
2026-02-15 04:57:44.073222,Tokyo-f6b3,11,0,Normal
2026-02-15 04:57:45.073222,Tokyo-f6b3,-24,94,Normal
2026-02-15 04:57:46.073222,Tokyo-f6b3,-13,20,Normal
2026-02-15 04:57:47.073222,Tokyo-f6b3,46,75,Normal
2026-02-15 04:57:48.073222,Tokyo-f6b3,21,72,Normal
2026-02-15 04:57:49.073222,Tokyo-f6b3,46,98,Normal
2026-02-15 04:57:50.073222,Tokyo-f6b3,-26,79,Normal
2026-02-15 04:57:51.073222,Tokyo-f6b3,-19,37,Normal
2026-02-15 04:57:52.073222,Tokyo-f6b3,30,79,Normal
2026-02-15 04:57:53.073222,Tokyo-f6b3,33,87,Normal
2026-02-15 04:57:54.073222,Tokyo-f6b3,-13,18,Normal
2026-02-15 04:57:55.073222,Tokyo-f6b3,5,97,Normal
2026-02-15 04:57:56.073222,Tokyo-f6b3,-5,86,Normal
2026-02-15 04:57:57.073222,Tokyo-f6b3,-4,8,Normal
2026-02-15 04:57:58.073222,Tokyo-f6b3,21,97,Normal
2026-02-15 04:57:59.073222,Tokyo-f6b3,4,45,Normal
2026-02-15 04:58:00.073222,Tokyo-f6b3,-4,20,Normal
2026-02-15 04:58:01.073222,Tokyo-f6b3,6,10,Normal
2026-02-15 04:58:02.073222,Tokyo-f6b3,-10,53,Normal
2026-02-15 04:58:03.073222,Tokyo-f6b3,-19,73,Normal
2026-02-15 04:58:04.073222,Tokyo-f6b3,27,29,Normal
2026-02-15 04:58:05.073222,Tokyo-f6b3,22,43,Normal
2026-02-15 04:58:06.073222,Tokyo-f6b3,0,73,Normal
2026-02-15 04:58:07.073222,Tokyo-f6b3,12,54,Normal
2026-02-15 04:58:08.073222,Tokyo-f6b3,-24,73,Normal
2026-02-15 04:58:09.073222,Tokyo-f6b3,24,67,Normal
2026-02-15 04:58:10.073222,Tokyo-f6b3,-18,19,Normal
2026-02-15 04:58:11.073222,Tokyo-f6b3,36,75,Normal
2026-02-15 04:58:12.073222,Tokyo-f6b3,-1,93,Normal
2026-02-15 04:58:13.073222,Tokyo-f6b3,46,92,Normal
2026-02-15 04:58:14.073222,Tokyo-f6b3,34,17,Normal
2026-02-15 04:58:15.073222,Tokyo-f6b3,6,75,Normal
2026-02-15 04:58:16.073222,Tokyo-f6b3,-1,29,Normal
2026-02-15 04:58:17.073222,Tokyo-f6b3,32,48,Normal
2026-02-15 04:58:18.073222,Tokyo-f6b3,-11,92,Normal
2026-02-15 04:58:19.073222,Tokyo-f6b3,32,61,Normal
2026-02-15 04:58:20.073222,Tokyo-f6b3,40,36,Normal
2026-02-15 04:58:21.073222,Tokyo-f6b3,28,40,Normal
2026-02-15 04:58:22.073222,Tokyo-f6b3,36,52,Normal
2026-02-15 04:58:23.073222,Tokyo-f6b3,-20,0,Normal
2026-02-15 04:58:24.073222,Tokyo-f6b3,-29,73,Normal
2026-02-15 04:58:25.073222,Tokyo-f6b3,19,58,Normal
2026-02-15 04:58:26.073222,Tokyo-f6b3,-29,4,Normal
2026-02-15 04:58:27.073222,Tokyo-f6b3,1,29,Normal
2026-02-15 04:58:28.073222,Tokyo-f6b3,8,60,Normal
2026-02-15 04:58:29.073222,Tokyo-f6b3,-7,3,Normal
2026-02-15 04:58:30.073222,Tokyo-f6b3,32,52,Normal
2026-02-15 04:58:31.073222,Tokyo-f6b3,-24,84,Normal
2026-02-15 04:58:32.073222,Tokyo-f6b3,-28,88,Normal
2026-02-15 04:58:33.073222,Tokyo-f6b3,14,66,Normal
2026-02-15 04:58:34.073222,Tokyo-f6b3,-30,0,Normal
2026-02-15 04:58:35.073222,Tokyo-f6b3,-15,99,Normal
2026-02-15 04:58:36.073222,Tokyo-f6b3,13,64,Normal
2026-02-15 04:58:37.073222,Tokyo-f6b3,39,84,Normal
2026-02-15 04:58:38.073222,Tokyo-f6b3,-14,69,Normal
2026-02-15 04:58:39.073222,Tokyo-f6b3,-23,98,Normal
2026-02-15 04:58:40.073222,Tokyo-f6b3,-24,64,Normal
2026-02-15 04:58:41.073222,Tokyo-f6b3,0,90,Normal
2026-02-15 04:58:42.073222,Tokyo-f6b3,39,47,Normal
2026-02-15 04:58:43.073222,Tokyo-f6b3,49,66,Normal
2026-02-15 04:58:44.073222,Tokyo-f6b3,5,25,Normal
2026-02-15 04:58:45.073222,Tokyo-f6b3,-23,63,Normal
2026-02-15 04:58:46.073222,Tokyo-f6b3,-10,89,Normal
2026-02-15 04:58:47.073222,Tokyo-f6b3,26,21,Normal
2026-02-15 04:58:48.073222,Tokyo-f6b3,7,30,Normal
2026-02-15 04:58:49.073222,Tokyo-f6b3,-26,100,Normal
2026-02-15 04:58:50.073222,Tokyo-f6b3,32,25,Normal
2026-02-15 04:58:51.073222,Tokyo-f6b3,12,16,Normal
2026-02-15 04:58:52.073222,Tokyo-f6b3,30,98,Normal
2026-02-15 04:58:53.073222,Tokyo-f6b3,19,14,Normal
2026-02-15 04:58:54.073222,Tokyo-f6b3,-22,78,Normal
2026-02-15 04:58:55.073222,Tokyo-f6b3,-3,79,Normal
2026-02-15 04:58:56.073222,Tokyo-f6b3,6,13,Normal
2026-02-15 04:58:57.073222,Tokyo-f6b3,46,76,Normal
2026-02-15 04:58:58.073222,Tokyo-f6b3,-18,53,Normal
2026-02-15 04:58:59.073222,Tokyo-f6b3,1,32,Normal
2026-02-15 04:59:00.073222,Tokyo-f6b3,19,98,Normal
2026-02-15 04:59:01.073222,Tokyo-f6b3,-22,24,Normal
2026-02-15 04:59:02.073222,Tokyo-f6b3,-15,30,Normal
2026-02-15 04:59:03.073222,Tokyo-f6b3,28,20,Normal
2026-02-15 04:59:04.073222,Tokyo-f6b3,-1,39,Normal
2026-02-15 04:59:05.073222,Tokyo-f6b3,39,91,Normal
2026-02-15 04:59:06.073222,Tokyo-f6b3,-1,59,Normal
2026-02-15 04:59:07.073222,Tokyo-f6b3,26,62,Normal
2026-02-15 04:59:08.073222,Tokyo-f6b3,25,93,Normal
2026-02-15 04:59:09.073222,Tokyo-f6b3,26,65,Normal
2026-02-15 04:59:10.073222,Tokyo-f6b3,7,79,Normal
2026-02-15 04:59:11.073222,Tokyo-f6b3,3,85,Normal
2026-02-15 04:59:12.073222,Tokyo-f6b3,4,96,Normal
2026-02-15 04:59:13.073222,Tokyo-f6b3,-2,48,Normal
2026-02-15 04:59:14.073222,Tokyo-f6b3,42,42,Normal
2026-02-15 04:59:15.073222,Tokyo-f6b3,-25,35,Normal
2026-02-15 04:59:16.073222,Tokyo-f6b3,-22,55,Normal
2026-02-15 04:59:17.073222,Tokyo-f6b3,-8,12,Normal
2026-02-15 04:59:18.073222,Tokyo-f6b3,-3,16,Normal
2026-02-15 04:59:19.073222,Tokyo-f6b3,-29,54,Normal
2026-02-15 04:59:20.073222,Tokyo-f6b3,46,1,Normal
2026-02-15 04:59:21.073222,Tokyo-f6b3,-30,51,Normal
2026-02-15 04:59:22.073222,Tokyo-f6b3,40,99,Normal
2026-02-15 04:59:23.073222,Tokyo-f6b3,36,34,Normal
2026-02-15 04:59:24.073222,Tokyo-f6b3,-23,86,Normal
2026-02-15 04:59:25.073222,Tokyo-f6b3,-26,60,Normal
2026-02-15 04:59:26.073222,Tokyo-f6b3,-18,42,Normal
2026-02-15 04:59:27.073222,Tokyo-f6b3,-23,96,Normal
2026-02-15 04:59:28.073222,Tokyo-f6b3,0,6,Normal
2026-02-15 04:59:29.073222,Tokyo-f6b3,5,89,Normal
2026-02-15 04:59:30.073222,Tokyo-f6b3,42,66,Normal
2026-02-15 04:59:31.073222,Tokyo-f6b3,-30,75,Normal
2026-02-15 04:59:32.073222,Tokyo-f6b3,-28,16,Normal
2026-02-15 04:59:33.073222,Tokyo-f6b3,32,51,Normal
2026-02-15 04:59:34.073222,Tokyo-f6b3,28,15,Normal
2026-02-15 04:59:35.073222,Tokyo-f6b3,2,87,Normal
2026-02-15 04:59:36.073222,Tokyo-f6b3,14,86,Normal
2026-02-15 04:59:37.073222,Tokyo-f6b3,-20,24,Normal
2026-02-15 04:59:38.073222,Tokyo-f6b3,-25,54,Normal
2026-02-15 04:59:39.073222,Tokyo-f6b3,-20,50,Normal
2026-02-15 04:59:40.073222,Tokyo-f6b3,-18,5,Normal
2026-02-15 04:59:41.073222,Tokyo-f6b3,-12,38,Normal
2026-02-15 04:59:42.073222,Tokyo-f6b3,36,26,Normal
2026-02-15 04:59:43.073222,Tokyo-f6b3,21,19,Normal
2026-02-15 04:59:44.073222,Tokyo-f6b3,-2,26,Normal
2026-02-15 04:59:45.073222,Tokyo-f6b3,21,54,Normal
2026-02-15 04:59:46.073222,Tokyo-f6b3,-10,56,Normal
2026-02-15 04:59:47.073222,Tokyo-f6b3,0,14,Normal
2026-02-15 04:59:48.073222,Tokyo-f6b3,35,85,Normal
2026-02-15 04:59:49.073222,Tokyo-f6b3,-13,56,Normal
2026-02-15 04:59:50.073222,Tokyo-f6b3,-14,17,Normal
2026-02-15 04:59:51.073222,Tokyo-f6b3,50,62,Normal
2026-02-15 04:59:52.073222,Tokyo-f6b3,12,13,Normal
2026-02-15 04:59:53.073222,Tokyo-f6b3,22,48,Normal
2026-02-15 04:59:54.073222,Tokyo-f6b3,-7,50,Normal
2026-02-15 04:59:55.073222,Tokyo-f6b3,-15,76,Normal
2026-02-15 04:59:56.073222,Tokyo-f6b3,21,96,Normal
2026-02-15 04:59:57.073222,Tokyo-f6b3,2,25,Normal
2026-02-15 04:59:58.073222,Tokyo-f6b3,19,62,Normal
2026-02-15 04:59:59.073222,Tokyo-f6b3,25,8,Normal
2026-02-15 05:00:00.073222,Tokyo-f6b3,35,77,Normal
2026-02-15 05:00:01.073222,Tokyo-f6b3,-5,5,Normal
2026-02-15 05:00:02.073222,Tokyo-f6b3,41,96,Normal
2026-02-15 05:00:03.073222,Tokyo-f6b3,-28,3,Normal
2026-02-15 05:00:04.073222,Tokyo-f6b3,-20,20,Normal
2026-02-15 05:00:05.073222,Tokyo-f6b3,42,62,Normal
2026-02-15 05:00:06.073222,Tokyo-f6b3,11,0,Normal
2026-02-15 05:00:07.073222,Tokyo-f6b3,46,29,Normal
2026-02-15 05:00:08.073222,Tokyo-f6b3,24,77,Normal
2026-02-15 05:00:09.073222,Tokyo-f6b3,-16,14,Normal
2026-02-15 05:00:10.073222,Tokyo-f6b3,10,30,Normal
2026-02-15 05:00:11.073222,Tokyo-f6b3,-12,98,Normal
2026-02-15 05:00:12.073222,Tokyo-f6b3,22,29,Normal
2026-02-15 05:00:13.073222,Tokyo-f6b3,5,69,Normal
2026-02-15 05:00:14.073222,Tokyo-f6b3,24,95,Normal
2026-02-15 05:00:15.073222,Tokyo-f6b3,47,86,Normal
2026-02-15 05:00:16.073222,Tokyo-f6b3,-27,62,Normal
2026-02-15 05:00:17.073222,Tokyo-f6b3,40,76,Normal
2026-02-15 05:00:18.073222,Tokyo-f6b3,47,24,Normal
2026-02-15 05:00:19.073222,Tokyo-f6b3,-28,60,Normal
2026-02-15 05:00:20.073222,Tokyo-f6b3,1,64,Normal
2026-02-15 05:00:21.073222,Tokyo-f6b3,-23,97,Normal
2026-02-15 05:00:22.073222,Tokyo-f6b3,-1,60,Normal
2026-02-15 05:00:23.073222,Tokyo-f6b3,8,77,Normal
2026-02-15 05:00:24.073222,Tokyo-f6b3,15,88,Normal
2026-02-15 05:00:25.073222,Tokyo-f6b3,42,54,Normal
2026-02-15 05:00:26.073222,Tokyo-f6b3,-19,87,Normal
2026-02-15 05:00:27.073222,Tokyo-f6b3,39,37,Normal
2026-02-15 05:00:28.073222,Tokyo-f6b3,6,50,Normal
2026-02-15 05:00:29.073222,Tokyo-f6b3,-18,3,Normal
2026-02-15 05:00:30.073222,Tokyo-f6b3,-12,48,Normal
2026-02-15 05:00:31.073222,Tokyo-f6b3,16,56,Normal
2026-02-15 05:00:32.073222,Tokyo-f6b3,38,71,Normal
2026-02-15 05:00:33.073222,Tokyo-f6b3,-10,71,Normal
2026-02-15 05:00:34.073222,Tokyo-f6b3,14,0,Normal
2026-02-15 05:00:35.073222,Tokyo-f6b3,-3,58,Normal
2026-02-15 05:00:36.073222,Tokyo-f6b3,-3,0,Normal
2026-02-15 05:00:37.073222,Tokyo-f6b3,-10,44,Normal
2026-02-15 05:00:38.073222,Tokyo-f6b3,0,51,Normal
2026-02-15 05:00:39.073222,Tokyo-f6b3,22,19,Normal
2026-02-15 05:00:40.073222,Tokyo-f6b3,34,35,Normal
2026-02-15 05:00:41.073222,Tokyo-f6b3,17,2,Normal
2026-02-15 05:00:42.073222,Tokyo-f6b3,22,85,Normal
2026-02-15 05:00:43.073222,Tokyo-f6b3,34,12,Normal
2026-02-15 05:00:44.073222,Tokyo-f6b3,-1,99,Normal
2026-02-15 05:00:45.073222,Tokyo-f6b3,-30,79,Normal
2026-02-15 05:00:46.073222,Tokyo-f6b3,29,3,Normal
2026-02-15 05:00:47.073222,Tokyo-f6b3,16,53,Normal
2026-02-15 05:00:48.073222,Tokyo-f6b3,-25,18,Normal
2026-02-15 05:00:49.073222,Tokyo-f6b3,-19,78,Normal
2026-02-15 05:00:50.073222,Tokyo-f6b3,11,67,Normal
2026-02-15 05:00:51.073222,Tokyo-f6b3,-2,8,Normal
2026-02-15 05:00:52.073222,Tokyo-f6b3,-20,55,Normal
2026-02-15 05:00:53.073222,Tokyo-f6b3,-30,0,Normal
2026-02-15 05:00:54.073222,Tokyo-f6b3,50,50,Normal
2026-02-15 05:00:55.073222,Tokyo-f6b3,-28,7,Normal
2026-02-15 05:00:56.073222,Tokyo-f6b3,6,51,Normal
2026-02-15 05:00:57.073222,Tokyo-f6b3,-4,32,Normal
2026-02-15 05:00:58.073222,Tokyo-f6b3,39,55,Normal
2026-02-15 05:00:59.073222,Tokyo-f6b3,4,73,Normal
2026-02-15 05:01:00.073222,Tokyo-f6b3,23,52,Normal
2026-02-15 05:01:01.073222,Tokyo-f6b3,-1,70,Normal
2026-02-15 05:01:02.073222,Tokyo-f6b3,28,81,Normal
2026-02-15 05:01:03.073222,Tokyo-f6b3,24,4,Normal
2026-02-15 05:01:04.073222,Tokyo-f6b3,22,99,Normal
2026-02-15 05:01:05.073222,Tokyo-f6b3,13,60,Normal
2026-02-15 05:01:06.073222,Tokyo-f6b3,31,63,Normal
2026-02-15 05:01:07.073222,Tokyo-f6b3,14,51,Normal
2026-02-15 05:01:08.073222,Tokyo-f6b3,16,42,Normal
2026-02-15 05:01:09.073222,Tokyo-f6b3,-3,90,Normal
2026-02-15 05:01:10.073222,Tokyo-f6b3,-16,9,Normal
2026-02-15 05:01:11.073222,Tokyo-f6b3,-24,18,Normal
2026-02-15 05:01:12.073222,Tokyo-f6b3,16,62,Normal
2026-02-15 05:01:13.073222,Tokyo-f6b3,41,57,Normal
2026-02-15 05:01:14.073222,Tokyo-f6b3,28,44,Normal
2026-02-15 05:01:15.073222,Tokyo-f6b3,48,24,Normal
2026-02-15 05:01:16.073222,Tokyo-f6b3,-12,32,Normal
2026-02-15 05:01:17.073222,Tokyo-f6b3,-26,41,Normal
2026-02-15 05:01:18.073222,Tokyo-f6b3,-23,19,Normal
2026-02-15 05:01:19.073222,Tokyo-f6b3,-14,93,Normal
2026-02-15 05:01:20.073222,Tokyo-f6b3,30,90,Normal
2026-02-15 05:01:21.073222,Tokyo-f6b3,50,17,Normal
2026-02-15 05:01:22.073222,Tokyo-f6b3,-10,39,Normal
2026-02-15 05:01:23.073222,Tokyo-f6b3,19,70,Normal
2026-02-15 05:01:24.073222,Tokyo-f6b3,-3,49,Normal
2026-02-15 05:01:25.073222,Tokyo-f6b3,-23,27,Normal
2026-02-15 05:01:26.073222,Tokyo-f6b3,-24,19,Normal
2026-02-15 05:01:27.073222,Tokyo-f6b3,-3,34,Normal
2026-02-15 05:01:28.073222,Tokyo-f6b3,44,45,Normal
2026-02-15 05:01:29.073222,Tokyo-f6b3,8,94,Normal
2026-02-15 05:01:30.073222,Tokyo-f6b3,19,86,Normal
2026-02-15 05:01:31.073222,Tokyo-f6b3,-17,13,Normal
2026-02-15 05:01:32.073222,Tokyo-f6b3,3,64,Normal
2026-02-15 05:01:33.073222,Tokyo-f6b3,8,25,Normal
2026-02-15 05:01:34.073222,Tokyo-f6b3,-10,28,Normal
2026-02-15 05:01:35.073222,Tokyo-f6b3,-26,52,Normal
2026-02-15 05:01:36.073222,Tokyo-f6b3,12,64,Normal
2026-02-15 05:01:37.073222,Tokyo-f6b3,7,25,Normal
2026-02-15 05:01:38.073222,Tokyo-f6b3,42,75,Normal
2026-02-15 05:01:39.073222,Tokyo-f6b3,10,75,Normal
2026-02-15 05:01:40.073222,Tokyo-f6b3,4,64,Normal
2026-02-15 05:01:41.073222,Tokyo-f6b3,-27,46,Normal
2026-02-15 05:01:42.073222,Tokyo-f6b3,30,83,Normal
2026-02-15 05:01:43.073222,Tokyo-f6b3,-30,81,Normal
2026-02-15 05:01:44.073222,Tokyo-f6b3,-11,61,Normal
2026-02-15 05:01:45.073222,Tokyo-f6b3,45,90,Normal
2026-02-15 05:01:46.073222,Tokyo-f6b3,44,86,Normal
2026-02-15 05:01:47.073222,Tokyo-f6b3,38,68,Normal
2026-02-15 05:01:48.073222,Tokyo-f6b3,33,27,Normal
2026-02-15 05:01:49.073222,Tokyo-f6b3,33,5,Normal
2026-02-15 05:01:50.073222,Tokyo-f6b3,2,38,Normal
2026-02-15 05:01:51.073222,Tokyo-f6b3,-10,13,Normal
2026-02-15 05:01:52.073222,Tokyo-f6b3,9,73,Normal
2026-02-15 05:01:53.073222,Tokyo-f6b3,-22,59,Normal
2026-02-15 05:01:54.073222,Tokyo-f6b3,43,78,Normal
2026-02-15 05:01:55.073222,Tokyo-f6b3,-20,5,Normal
2026-02-15 05:01:56.073222,Tokyo-f6b3,26,27,Normal
2026-02-15 05:01:57.073222,Tokyo-f6b3,4,65,Normal
2026-02-15 05:01:58.073222,Tokyo-f6b3,-22,19,Normal
2026-02-15 05:01:59.073222,Tokyo-f6b3,-15,22,Normal
2026-02-15 05:02:00.073222,Tokyo-f6b3,41,42,Normal
2026-02-15 05:02:01.073222,Tokyo-f6b3,38,91,Normal
2026-02-15 05:02:02.073222,Tokyo-f6b3,40,57,Normal
2026-02-15 05:02:03.073222,Tokyo-f6b3,40,18,Normal
2026-02-15 05:02:04.073222,Tokyo-f6b3,12,6,Normal
2026-02-15 05:02:05.073222,Tokyo-f6b3,-16,75,Normal
2026-02-15 05:02:06.073222,Tokyo-f6b3,11,84,Normal
2026-02-15 05:02:07.073222,Tokyo-f6b3,47,17,Normal
2026-02-15 05:02:08.073222,Tokyo-f6b3,33,99,Normal
2026-02-15 05:02:09.073222,Tokyo-f6b3,46,22,Normal
2026-02-15 05:02:10.073222,Tokyo-f6b3,34,39,Normal
2026-02-15 05:02:11.073222,Tokyo-f6b3,21,42,Normal
2026-02-15 05:02:12.073222,Tokyo-f6b3,-11,36,Normal
2026-02-15 05:02:13.073222,Tokyo-f6b3,-25,62,Normal
2026-02-15 05:02:14.073222,Tokyo-f6b3,34,38,Normal
2026-02-15 05:02:15.073222,Tokyo-f6b3,14,14,Normal
2026-02-15 05:02:16.073222,Tokyo-f6b3,9,78,Normal
2026-02-15 05:02:17.073222,Tokyo-f6b3,41,17,Normal
2026-02-15 05:02:18.073222,Tokyo-f6b3,20,72,Normal
2026-02-15 05:02:19.073222,Tokyo-f6b3,36,2,Normal
2026-02-15 05:02:20.073222,Tokyo-f6b3,36,87,Normal
2026-02-15 05:02:21.073222,Tokyo-f6b3,14,34,Normal
2026-02-15 05:02:22.073222,Tokyo-f6b3,4,54,Normal
2026-02-15 05:02:23.073222,Tokyo-f6b3,43,7,Normal
2026-02-15 05:02:24.073222,Tokyo-f6b3,46,72,Normal
2026-02-15 05:02:25.073222,Tokyo-f6b3,-23,92,Normal
2026-02-15 05:02:26.073222,Tokyo-f6b3,-1,72,Normal
2026-02-15 05:02:27.073222,Tokyo-f6b3,2,67,Normal
2026-02-15 05:02:28.073222,Tokyo-f6b3,0,85,Normal
2026-02-15 05:02:29.073222,Tokyo-f6b3,-6,53,Normal
2026-02-15 05:02:30.073222,Tokyo-f6b3,-21,25,Normal
2026-02-15 05:02:31.073222,Tokyo-f6b3,-20,86,Normal
2026-02-15 05:02:32.073222,Tokyo-f6b3,45,37,Normal
2026-02-15 05:02:33.073222,Tokyo-f6b3,15,40,Normal
2026-02-15 05:02:34.073222,Tokyo-f6b3,-4,47,Normal
2026-02-15 05:02:35.073222,Tokyo-f6b3,-18,100,Normal
2026-02-15 05:02:36.073222,Tokyo-f6b3,3,1,Normal
2026-02-15 05:02:37.073222,Tokyo-f6b3,19,63,Normal
2026-02-15 05:02:38.073222,Tokyo-f6b3,-6,71,Normal
2026-02-15 05:02:39.073222,Tokyo-f6b3,41,57,Normal
2026-02-15 05:02:40.073222,Tokyo-f6b3,43,79,Normal
2026-02-15 05:02:41.073222,Tokyo-f6b3,-28,10,Normal
2026-02-15 05:02:42.073222,Tokyo-f6b3,-5,81,Normal
2026-02-15 05:02:43.073222,Tokyo-f6b3,41,25,Normal
2026-02-15 05:02:44.073222,Tokyo-f6b3,8,99,Normal
2026-02-15 05:02:45.073222,Tokyo-f6b3,-6,31,Normal
2026-02-15 05:02:46.073222,Tokyo-f6b3,4,63,Normal
2026-02-15 05:02:47.073222,Tokyo-f6b3,-28,59,Normal
2026-02-15 05:02:48.073222,Tokyo-f6b3,31,2,Normal
2026-02-15 05:02:49.073222,Tokyo-f6b3,-2,47,Normal
2026-02-15 05:02:50.073222,Tokyo-f6b3,-10,86,Normal
2026-02-15 05:02:51.073222,Tokyo-f6b3,18,14,Normal
2026-02-15 05:02:52.073222,Tokyo-f6b3,24,91,Normal
2026-02-15 05:02:53.073222,Tokyo-f6b3,-7,9,Normal
2026-02-15 05:02:54.073222,Tokyo-f6b3,10,85,Normal
2026-02-15 05:02:55.073222,Tokyo-f6b3,-29,33,Normal
2026-02-15 05:02:56.073222,Tokyo-f6b3,-3,80,Normal
2026-02-15 05:02:57.073222,Tokyo-f6b3,-23,8,Normal
2026-02-15 05:02:58.073222,Tokyo-f6b3,11,60,Normal
2026-02-15 05:02:59.073222,Tokyo-f6b3,36,62,Normal
2026-02-15 05:03:00.073222,Tokyo-f6b3,-18,73,Normal
2026-02-15 05:03:01.073222,Tokyo-f6b3,9,39,Normal
2026-02-15 05:03:02.073222,Tokyo-f6b3,-25,41,Normal
2026-02-15 05:03:03.073222,Tokyo-f6b3,-5,27,Normal
2026-02-15 05:03:04.073222,Tokyo-f6b3,-26,12,Normal
2026-02-15 05:03:05.073222,Tokyo-f6b3,-27,56,Normal
2026-02-15 05:03:06.073222,Tokyo-f6b3,21,56,Normal
2026-02-15 05:03:07.073222,Tokyo-f6b3,42,95,Normal
2026-02-15 05:03:08.073222,Tokyo-f6b3,46,80,Normal
2026-02-15 05:03:09.073222,Tokyo-f6b3,5,66,Normal
2026-02-15 05:03:10.073222,Tokyo-f6b3,16,8,Normal
2026-02-15 05:03:11.073222,Tokyo-f6b3,-19,5,Normal
2026-02-15 05:03:12.073222,Tokyo-f6b3,20,16,Normal
2026-02-15 05:03:13.073222,Tokyo-f6b3,30,28,Normal
2026-02-15 05:03:14.073222,Tokyo-f6b3,27,48,Normal
2026-02-15 05:03:15.073222,Tokyo-f6b3,-20,100,Normal
2026-02-15 05:03:16.073222,Tokyo-f6b3,-25,21,Normal
2026-02-15 05:03:17.073222,Tokyo-f6b3,18,49,Normal
2026-02-15 05:03:18.073222,Tokyo-f6b3,33,47,Normal
2026-02-15 05:03:19.073222,Tokyo-f6b3,7,10,Normal
2026-02-15 05:03:20.073222,Tokyo-f6b3,31,6,Normal
2026-02-15 05:03:21.073222,Tokyo-f6b3,8,94,Normal
2026-02-15 05:03:22.073222,Tokyo-f6b3,12,55,Normal
2026-02-15 05:03:23.073222,Tokyo-f6b3,34,82,Normal
2026-02-15 05:03:24.073222,Tokyo-f6b3,-17,75,Normal
2026-02-15 05:03:25.073222,Tokyo-f6b3,45,47,Normal
2026-02-15 05:03:26.073222,Tokyo-f6b3,39,1,Normal
2026-02-15 05:03:27.073222,Tokyo-f6b3,-6,46,Normal
2026-02-15 05:03:28.073222,Tokyo-f6b3,4,35,Normal
2026-02-15 05:03:29.073222,Tokyo-f6b3,50,34,Normal
2026-02-15 05:03:30.073222,Tokyo-f6b3,-12,10,Normal
2026-02-15 05:03:31.073222,Tokyo-f6b3,-29,80,Normal
2026-02-15 05:03:32.073222,Tokyo-f6b3,-4,76,Normal
2026-02-15 05:03:33.073222,Tokyo-f6b3,8,2,Normal
2026-02-15 05:03:34.073222,Tokyo-f6b3,39,90,Normal
2026-02-15 05:03:35.073222,Tokyo-f6b3,36,38,Normal
2026-02-15 05:03:36.073222,Tokyo-f6b3,46,37,Normal
2026-02-15 05:03:37.073222,Tokyo-f6b3,-23,59,Normal
2026-02-15 05:03:38.073222,Tokyo-f6b3,47,62,Normal
2026-02-15 05:03:39.073222,Tokyo-f6b3,33,53,Normal
2026-02-15 05:03:40.073222,Tokyo-f6b3,-30,80,Normal
2026-02-15 05:03:41.073222,Tokyo-f6b3,40,27,Normal
2026-02-15 05:03:42.073222,Tokyo-f6b3,-27,1,Normal
2026-02-15 05:03:43.073222,Tokyo-f6b3,0,1,Normal
2026-02-15 05:03:44.073222,Tokyo-f6b3,36,91,Normal
2026-02-15 05:03:45.073222,Tokyo-f6b3,-11,25,Normal
2026-02-15 05:03:46.073222,Tokyo-f6b3,42,0,Normal
2026-02-15 05:03:47.073222,Tokyo-f6b3,44,46,Normal
2026-02-15 05:03:48.073222,Tokyo-f6b3,-16,35,Normal
2026-02-15 05:03:49.073222,Tokyo-f6b3,-14,81,Normal
2026-02-15 05:03:50.073222,Tokyo-f6b3,36,40,Normal
2026-02-15 05:03:51.073222,Tokyo-f6b3,19,90,Normal
2026-02-15 05:03:52.073222,Tokyo-f6b3,8,56,Normal
2026-02-15 05:03:53.073222,Tokyo-f6b3,-15,61,Normal
2026-02-15 05:03:54.073222,Tokyo-f6b3,24,29,Normal
2026-02-15 05:03:55.073222,Tokyo-f6b3,-22,38,Normal
2026-02-15 05:03:56.073222,Tokyo-f6b3,-14,88,Normal
2026-02-15 05:03:57.073222,Tokyo-f6b3,44,32,Normal
2026-02-15 05:03:58.073222,Tokyo-f6b3,1,85,Normal
2026-02-15 05:03:59.073222,Tokyo-f6b3,13,39,Normal
2026-02-15 05:04:00.073222,Tokyo-f6b3,27,58,Normal
2026-02-15 05:04:01.073222,Tokyo-f6b3,37,10,Normal
2026-02-15 05:04:02.073222,Tokyo-f6b3,31,66,Normal
2026-02-15 05:04:03.073222,Tokyo-f6b3,19,94,Normal
2026-02-15 05:04:04.073222,Tokyo-f6b3,3,33,Normal
2026-02-15 05:04:05.073222,Tokyo-f6b3,13,79,Normal
2026-02-15 05:04:06.073222,Tokyo-f6b3,-22,87,Normal
2026-02-15 05:04:07.073222,Tokyo-f6b3,41,68,Normal
2026-02-15 05:04:08.073222,Tokyo-f6b3,49,99,Normal
2026-02-15 05:04:09.073222,Tokyo-f6b3,27,73,Normal
2026-02-15 05:04:10.073222,Tokyo-f6b3,-8,48,Normal
2026-02-15 05:04:11.073222,Tokyo-f6b3,-9,32,Normal
2026-02-15 05:04:12.073222,Tokyo-f6b3,42,61,Normal
2026-02-15 05:04:13.073222,Tokyo-f6b3,13,100,Normal
2026-02-15 05:04:14.073222,Tokyo-f6b3,-17,48,Normal
2026-02-15 05:04:15.073222,Tokyo-f6b3,-14,13,Normal
2026-02-15 05:04:16.073222,Tokyo-f6b3,24,40,Normal
2026-02-15 05:04:17.073222,Tokyo-f6b3,-17,80,Normal
2026-02-15 05:04:18.073222,Tokyo-f6b3,12,63,Normal
2026-02-15 05:04:19.073222,Tokyo-f6b3,45,45,Normal
2026-02-15 05:04:20.073222,Tokyo-f6b3,21,88,Normal
2026-02-15 05:04:21.073222,Tokyo-f6b3,2,22,Normal
2026-02-15 05:04:22.073222,Tokyo-f6b3,-22,18,Normal
2026-02-15 05:04:23.073222,Tokyo-f6b3,-18,8,Normal
2026-02-15 05:04:24.073222,Tokyo-f6b3,-2,0,Normal
2026-02-15 05:04:25.073222,Tokyo-f6b3,-5,11,Normal
2026-02-15 05:04:26.073222,Tokyo-f6b3,-11,32,Normal
2026-02-15 05:04:27.073222,Tokyo-f6b3,-20,0,Normal
2026-02-15 05:04:28.073222,Tokyo-f6b3,12,86,Normal
2026-02-15 05:04:29.073222,Tokyo-f6b3,15,52,Normal
2026-02-15 05:04:30.073222,Tokyo-f6b3,-10,42,Normal
2026-02-15 05:04:31.073222,Tokyo-f6b3,43,92,Normal
2026-02-15 05:04:32.073222,Tokyo-f6b3,23,22,Normal
2026-02-15 05:04:33.073222,Tokyo-f6b3,37,0,Normal
2026-02-15 05:04:34.073222,Tokyo-f6b3,19,65,Normal
