timestamp,station_id,temp,humid,condition
2026-02-14 15:51:32.008107,Tokyo-7623,28,61,Normal
2026-02-14 15:51:33.008107,Tokyo-7623,-28,28,Normal
2026-02-14 15:51:34.008107,Tokyo-7623,14,89,Normal
2026-02-14 15:51:35.008107,Tokyo-7623,40,20,Normal
2026-02-14 15:51:36.008107,Tokyo-7623,-8,2,Normal
2026-02-14 15:51:37.008107,Tokyo-7623,0,96,Normal
2026-02-14 15:51:38.008107,Tokyo-7623,43,16,Normal
2026-02-14 15:51:39.008107,Tokyo-7623,19,88,Normal
2026-02-14 15:51:40.008107,Tokyo-7623,13,9,Normal
2026-02-14 15:51:41.008107,Tokyo-7623,-3,38,Normal
2026-02-14 15:51:42.008107,Tokyo-7623,-8,57,Normal
2026-02-14 15:51:43.008107,Tokyo-7623,39,42,Normal
2026-02-14 15:51:44.008107,Tokyo-7623,3,10,Normal
2026-02-14 15:51:45.008107,Tokyo-7623,43,89,Normal
2026-02-14 15:51:46.008107,Tokyo-7623,13,9,Normal
2026-02-14 15:51:47.008107,Tokyo-7623,40,18,Normal
2026-02-14 15:51:48.008107,Tokyo-7623,21,62,Normal
2026-02-14 15:51:49.008107,Tokyo-7623,2,59,Normal
2026-02-14 15:51:50.008107,Tokyo-7623,-23,45,Normal
2026-02-14 15:51:51.008107,Tokyo-7623,13,98,Normal
2026-02-14 15:51:52.008107,Tokyo-7623,21,79,Normal
2026-02-14 15:51:53.008107,Tokyo-7623,26,58,Normal
2026-02-14 15:51:54.008107,Tokyo-7623,30,11,Normal
2026-02-14 15:51:55.008107,Tokyo-7623,9,46,Normal
2026-02-14 15:51:56.008107,Tokyo-7623,-2,44,Normal
2026-02-14 15:51:57.008107,Tokyo-7623,29,15,Normal
2026-02-14 15:51:58.008107,Tokyo-7623,-9,71,Normal
2026-02-14 15:51:59.008107,Tokyo-7623,-9,78,Normal
2026-02-14 15:52:00.008107,Tokyo-7623,-7,58,Normal
2026-02-14 15:52:01.008107,Tokyo-7623,19,73,Normal
2026-02-14 15:52:02.008107,Tokyo-7623,10,69,Normal
2026-02-14 15:52:03.008107,Tokyo-7623,29,48,Normal
2026-02-14 15:52:04.008107,Tokyo-7623,27,31,Normal
2026-02-14 15:52:05.008107,Tokyo-7623,-14,78,Normal
2026-02-14 15:52:06.008107,Tokyo-7623,48,73,Normal
2026-02-14 15:52:07.008107,Tokyo-7623,14,4,Normal
2026-02-14 15:52:08.008107,Tokyo-7623,-18,59,Normal
2026-02-14 15:52:09.008107,Tokyo-7623,48,73,Normal
2026-02-14 15:52:10.008107,Tokyo-7623,-25,84,Normal
2026-02-14 15:52:11.008107,Tokyo-7623,-25,38,Normal
2026-02-14 15:52:12.008107,Tokyo-7623,-28,78,Normal
2026-02-14 15:52:13.008107,Tokyo-7623,21,33,Normal
2026-02-14 15:52:14.008107,Tokyo-7623,28,57,Normal
2026-02-14 15:52:15.008107,Tokyo-7623,48,73,Normal
2026-02-14 15:52:16.008107,Tokyo-7623,-15,91,Normal
2026-02-14 15:52:17.008107,Tokyo-7623,45,58,Normal
2026-02-14 15:52:18.008107,Tokyo-7623,13,33,Normal
2026-02-14 15:52:19.008107,Tokyo-7623,13,27,Normal
2026-02-14 15:52:20.008107,Tokyo-7623,27,46,Normal
2026-02-14 15:52:21.008107,Tokyo-7623,-24,89,Normal
2026-02-14 15:52:22.008107,Tokyo-7623,29,60,Normal
2026-02-14 15:52:23.008107,Tokyo-7623,-30,51,Normal
2026-02-14 15:52:24.008107,Tokyo-7623,1,95,Normal
2026-02-14 15:52:25.008107,Tokyo-7623,-5,20,Normal
2026-02-14 15:52:26.008107,Tokyo-7623,29,39,Normal
2026-02-14 15:52:27.008107,Tokyo-7623,36,84,Normal
2026-02-14 15:52:28.008107,Tokyo-7623,0,49,Normal
2026-02-14 15:52:29.008107,Tokyo-7623,5,63,Normal
2026-02-14 15:52:30.008107,Tokyo-7623,47,12,Normal
2026-02-14 15:52:31.008107,Tokyo-7623,18,77,Normal
2026-02-14 15:52:32.008107,Tokyo-7623,13,1,Normal
2026-02-14 15:52:33.008107,Tokyo-7623,16,58,Normal
2026-02-14 15:52:34.008107,Tokyo-7623,24,76,Normal
2026-02-14 15:52:35.008107,Tokyo-7623,-14,10,Normal
2026-02-14 15:52:36.008107,Tokyo-7623,24,79,Normal
2026-02-14 15:52:37.008107,Tokyo-7623,-8,64,Normal
2026-02-14 15:52:38.008107,Tokyo-7623,-20,90,Normal
2026-02-14 15:52:39.008107,Tokyo-7623,12,0,Normal
2026-02-14 15:52:40.008107,Tokyo-7623,3,60,Normal
2026-02-14 15:52:41.008107,Tokyo-7623,5,7,Normal
2026-02-14 15:52:42.008107,Tokyo-7623,13,21,Normal
2026-02-14 15:52:43.008107,Tokyo-7623,-5,59,Normal
2026-02-14 15:52:44.008107,Tokyo-7623,-25,100,Normal
2026-02-14 15:52:45.008107,Tokyo-7623,41,43,Normal
2026-02-14 15:52:46.008107,Tokyo-7623,34,37,Normal
2026-02-14 15:52:47.008107,Tokyo-7623,13,88,Normal
2026-02-14 15:52:48.008107,Tokyo-7623,15,86,Normal
2026-02-14 15:52:49.008107,Tokyo-7623,22,40,Normal
2026-02-14 15:52:50.008107,Tokyo-7623,-21,71,Normal
2026-02-14 15:52:51.008107,Tokyo-7623,-26,100,Normal
2026-02-14 15:52:52.008107,Tokyo-7623,21,86,Normal
2026-02-14 15:52:53.008107,Tokyo-7623,12,15,Normal
2026-02-14 15:52:54.008107,Tokyo-7623,21,86,Normal
2026-02-14 15:52:55.008107,Tokyo-7623,11,17,Normal
2026-02-14 15:52:56.008107,Tokyo-7623,41,85,Normal
2026-02-14 15:52:57.008107,Tokyo-7623,1,84,Normal
2026-02-14 15:52:58.008107,Tokyo-7623,31,37,Normal
2026-02-14 15:52:59.008107,Tokyo-7623,25,75,Normal
2026-02-14 15:53:00.008107,Tokyo-7623,-19,7,Normal
2026-02-14 15:53:01.008107,Tokyo-7623,34,30,Normal
2026-02-14 15:53:02.008107,Tokyo-7623,44,0,Normal
2026-02-14 15:53:03.008107,Tokyo-7623,-19,80,Normal
2026-02-14 15:53:04.008107,Tokyo-7623,1,25,Normal
2026-02-14 15:53:05.008107,Tokyo-7623,2,59,Normal
2026-02-14 15:53:06.008107,Tokyo-7623,39,68,Normal
2026-02-14 15:53:07.008107,Tokyo-7623,-24,5,Normal
2026-02-14 15:53:08.008107,Tokyo-7623,-8,63,Normal
2026-02-14 15:53:09.008107,Tokyo-7623,11,95,Normal
2026-02-14 15:53:10.008107,Tokyo-7623,44,37,Normal
2026-02-14 15:53:11.008107,Tokyo-7623,17,48,Normal
2026-02-14 15:53:12.008107,Tokyo-7623,38,44,Normal
2026-02-14 15:53:13.008107,Tokyo-7623,35,87,Normal
2026-02-14 15:53:14.008107,Tokyo-7623,-2,78,Normal
2026-02-14 15:53:15.008107,Tokyo-7623,14,30,Normal
2026-02-14 15:53:16.008107,Tokyo-7623,18,83,Normal
2026-02-14 15:53:17.008107,Tokyo-7623,29,39,Normal
2026-02-14 15:53:18.008107,Tokyo-7623,-23,82,Normal
2026-02-14 15:53:19.008107,Tokyo-7623,-17,87,Normal
2026-02-14 15:53:20.008107,Tokyo-7623,5,67,Normal
2026-02-14 15:53:21.008107,Tokyo-7623,21,28,Normal
2026-02-14 15:53:22.008107,Tokyo-7623,-8,58,Normal
2026-02-14 15:53:23.008107,Tokyo-7623,28,96,Normal
2026-02-14 15:53:24.008107,Tokyo-7623,-4,47,Normal
2026-02-14 15:53:25.008107,Tokyo-7623,10,37,Normal
2026-02-14 15:53:26.008107,Tokyo-7623,45,54,Normal
2026-02-14 15:53:27.008107,Tokyo-7623,3,56,Normal
2026-02-14 15:53:28.008107,Tokyo-7623,39,30,Normal
2026-02-14 15:53:29.008107,Tokyo-7623,11,97,Normal
2026-02-14 15:53:30.008107,Tokyo-7623,-18,81,Normal
2026-02-14 15:53:31.008107,Tokyo-7623,32,1,Normal
2026-02-14 15:53:32.008107,Tokyo-7623,42,76,Normal
2026-02-14 15:53:33.008107,Tokyo-7623,-13,0,Normal
2026-02-14 15:53:34.008107,Tokyo-7623,32,21,Normal
2026-02-14 15:53:35.008107,Tokyo-7623,29,55,Normal
2026-02-14 15:53:36.008107,Tokyo-7623,-28,47,Normal
2026-02-14 15:53:37.008107,Tokyo-7623,-27,18,Normal
2026-02-14 15:53:38.008107,Tokyo-7623,-17,88,Normal
2026-02-14 15:53:39.008107,Tokyo-7623,21,71,Normal
2026-02-14 15:53:40.008107,Tokyo-7623,-21,49,Normal
2026-02-14 15:53:41.008107,Tokyo-7623,49,29,Normal
2026-02-14 15:53:42.008107,Tokyo-7623,41,44,Normal
2026-02-14 15:53:43.008107,Tokyo-7623,20,91,Normal
2026-02-14 15:53:44.008107,Tokyo-7623,17,53,Normal
2026-02-14 15:53:45.008107,Tokyo-7623,-9,17,Normal
2026-02-14 15:53:46.008107,Tokyo-7623,44,23,Normal
2026-02-14 15:53:47.008107,Tokyo-7623,-4,5,Normal
2026-02-14 15:53:48.008107,Tokyo-7623,40,40,Normal
2026-02-14 15:53:49.008107,Tokyo-7623,29,60,Normal
2026-02-14 15:53:50.008107,Tokyo-7623,-7,14,Normal
2026-02-14 15:53:51.008107,Tokyo-7623,-2,17,Normal
2026-02-14 15:53:52.008107,Tokyo-7623,-5,49,Normal
2026-02-14 15:53:53.008107,Tokyo-7623,43,93,Normal
2026-02-14 15:53:54.008107,Tokyo-7623,25,71,Normal
2026-02-14 15:53:55.008107,Tokyo-7623,41,28,Normal
2026-02-14 15:53:56.008107,Tokyo-7623,45,40,Normal
2026-02-14 15:53:57.008107,Tokyo-7623,28,53,Normal
2026-02-14 15:53:58.008107,Tokyo-7623,45,71,Normal
2026-02-14 15:53:59.008107,Tokyo-7623,16,0,Normal
2026-02-14 15:54:00.008107,Tokyo-7623,16,69,Normal
2026-02-14 15:54:01.008107,Tokyo-7623,44,59,Normal
2026-02-14 15:54:02.008107,Tokyo-7623,25,46,Normal
2026-02-14 15:54:03.008107,Tokyo-7623,29,7,Normal
2026-02-14 15:54:04.008107,Tokyo-7623,8,10,Normal
2026-02-14 15:54:05.008107,Tokyo-7623,11,71,Normal
2026-02-14 15:54:06.008107,Tokyo-7623,-16,0,Normal
2026-02-14 15:54:07.008107,Tokyo-7623,-7,38,Normal
2026-02-14 15:54:08.008107,Tokyo-7623,8,20,Normal
2026-02-14 15:54:09.008107,Tokyo-7623,-17,61,Normal
2026-02-14 15:54:10.008107,Tokyo-7623,-20,94,Normal
2026-02-14 15:54:11.008107,Tokyo-7623,35,6,Normal
2026-02-14 15:54:12.008107,Tokyo-7623,-6,98,Normal
2026-02-14 15:54:13.008107,Tokyo-7623,2,78,Normal
2026-02-14 15:54:14.008107,Tokyo-7623,-16,23,Normal
2026-02-14 15:54:15.008107,Tokyo-7623,-16,53,Normal
2026-02-14 15:54:16.008107,Tokyo-7623,-9,16,Normal
2026-02-14 15:54:17.008107,Tokyo-7623,30,14,Normal
2026-02-14 15:54:18.008107,Tokyo-7623,-22,85,Normal
2026-02-14 15:54:19.008107,Tokyo-7623,-27,70,Normal
2026-02-14 15:54:20.008107,Tokyo-7623,-27,57,Normal
2026-02-14 15:54:21.008107,Tokyo-7623,16,39,Normal
2026-02-14 15:54:22.008107,Tokyo-7623,38,78,Normal
2026-02-14 15:54:23.008107,Tokyo-7623,1,51,Normal
2026-02-14 15:54:24.008107,Tokyo-7623,-5,99,Normal
2026-02-14 15:54:25.008107,Tokyo-7623,37,21,Normal
2026-02-14 15:54:26.008107,Tokyo-7623,35,44,Normal
2026-02-14 15:54:27.008107,Tokyo-7623,1,45,Normal
2026-02-14 15:54:28.008107,Tokyo-7623,-25,42,Normal
2026-02-14 15:54:29.008107,Tokyo-7623,-4,18,Normal
2026-02-14 15:54:30.008107,Tokyo-7623,23,66,Normal
2026-02-14 15:54:31.008107,Tokyo-7623,33,91,Normal
2026-02-14 15:54:32.008107,Tokyo-7623,16,36,Normal
2026-02-14 15:54:33.008107,Tokyo-7623,-14,27,Normal
2026-02-14 15:54:34.008107,Tokyo-7623,26,23,Normal
2026-02-14 15:54:35.008107,Tokyo-7623,3,45,Normal
2026-02-14 15:54:36.008107,Tokyo-7623,14,88,Normal
2026-02-14 15:54:37.008107,Tokyo-7623,-17,23,Normal
2026-02-14 15:54:38.008107,Tokyo-7623,-29,49,Normal
2026-02-14 15:54:39.008107,Tokyo-7623,-2,79,Normal
2026-02-14 15:54:40.008107,Tokyo-7623,-10,75,Normal
2026-02-14 15:54:41.008107,Tokyo-7623,8,48,Normal
2026-02-14 15:54:42.008107,Tokyo-7623,24,22,Normal
2026-02-14 15:54:43.008107,Tokyo-7623,41,58,Normal
2026-02-14 15:54:44.008107,Tokyo-7623,30,98,Normal
2026-02-14 15:54:45.008107,Tokyo-7623,21,21,Normal
2026-02-14 15:54:46.008107,Tokyo-7623,43,93,Normal
2026-02-14 15:54:47.008107,Tokyo-7623,-17,78,Normal
2026-02-14 15:54:48.008107,Tokyo-7623,-27,85,Normal
2026-02-14 15:54:49.008107,Tokyo-7623,42,26,Normal
2026-02-14 15:54:50.008107,Tokyo-7623,-24,99,Normal
2026-02-14 15:54:51.008107,Tokyo-7623,-3,9,Normal
2026-02-14 15:54:52.008107,Tokyo-7623,-21,2,Normal
2026-02-14 15:54:53.008107,Tokyo-7623,33,29,Normal
2026-02-14 15:54:54.008107,Tokyo-7623,-2,39,Normal
2026-02-14 15:54:55.008107,Tokyo-7623,-24,52,Normal
2026-02-14 15:54:56.008107,Tokyo-7623,30,27,Normal
2026-02-14 15:54:57.008107,Tokyo-7623,42,57,Normal
2026-02-14 15:54:58.008107,Tokyo-7623,4,90,Normal
2026-02-14 15:54:59.008107,Tokyo-7623,10,28,Normal
2026-02-14 15:55:00.008107,Tokyo-7623,46,99,Normal
2026-02-14 15:55:01.008107,Tokyo-7623,41,42,Normal
2026-02-14 15:55:02.008107,Tokyo-7623,27,29,Normal
2026-02-14 15:55:03.008107,Tokyo-7623,39,60,Normal
2026-02-14 15:55:04.008107,Tokyo-7623,-13,0,Normal
2026-02-14 15:55:05.008107,Tokyo-7623,46,47,Normal
2026-02-14 15:55:06.008107,Tokyo-7623,22,45,Normal
2026-02-14 15:55:07.008107,Tokyo-7623,0,98,Normal
2026-02-14 15:55:08.008107,Tokyo-7623,-25,18,Normal
2026-02-14 15:55:09.008107,Tokyo-7623,24,71,Normal
2026-02-14 15:55:10.008107,Tokyo-7623,-15,90,Normal
2026-02-14 15:55:11.008107,Tokyo-7623,-17,10,Normal
2026-02-14 15:55:12.008107,Tokyo-7623,11,18,Normal
2026-02-14 15:55:13.008107,Tokyo-7623,12,17,Normal
2026-02-14 15:55:14.008107,Tokyo-7623,-27,56,Normal
2026-02-14 15:55:15.008107,Tokyo-7623,20,6,Normal
2026-02-14 15:55:16.008107,Tokyo-7623,-29,88,Normal
2026-02-14 15:55:17.008107,Tokyo-7623,47,46,Normal
2026-02-14 15:55:18.008107,Tokyo-7623,15,28,Normal
2026-02-14 15:55:19.008107,Tokyo-7623,46,23,Normal
2026-02-14 15:55:20.008107,Tokyo-7623,-10,68,Normal
2026-02-14 15:55:21.008107,Tokyo-7623,9,71,Normal
2026-02-14 15:55:22.008107,Tokyo-7623,39,44,Normal
2026-02-14 15:55:23.008107,Tokyo-7623,-17,2,Normal
2026-02-14 15:55:24.008107,Tokyo-7623,-25,100,Normal
2026-02-14 15:55:25.008107,Tokyo-7623,-17,91,Normal
2026-02-14 15:55:26.008107,Tokyo-7623,45,98,Normal
2026-02-14 15:55:27.008107,Tokyo-7623,-10,28,Normal
2026-02-14 15:55:28.008107,Tokyo-7623,-15,68,Normal
2026-02-14 15:55:29.008107,Tokyo-7623,-26,92,Normal
2026-02-14 15:55:30.008107,Tokyo-7623,40,83,Normal
2026-02-14 15:55:31.008107,Tokyo-7623,-21,59,Normal
2026-02-14 15:55:32.008107,Tokyo-7623,50,2,Normal
2026-02-14 15:55:33.008107,Tokyo-7623,18,67,Normal
2026-02-14 15:55:34.008107,Tokyo-7623,-30,9,Normal
2026-02-14 15:55:35.008107,Tokyo-7623,36,54,Normal
2026-02-14 15:55:36.008107,Tokyo-7623,-9,53,Normal
2026-02-14 15:55:37.008107,Tokyo-7623,35,9,Normal
2026-02-14 15:55:38.008107,Tokyo-7623,34,64,Normal
2026-02-14 15:55:39.008107,Tokyo-7623,2,100,Normal
2026-02-14 15:55:40.008107,Tokyo-7623,26,24,Normal
2026-02-14 15:55:41.008107,Tokyo-7623,12,35,Normal
2026-02-14 15:55:42.008107,Tokyo-7623,-17,81,Normal
2026-02-14 15:55:43.008107,Tokyo-7623,28,28,Normal
2026-02-14 15:55:44.008107,Tokyo-7623,-12,89,Normal
2026-02-14 15:55:45.008107,Tokyo-7623,50,91,Normal
2026-02-14 15:55:46.008107,Tokyo-7623,49,29,Normal
2026-02-14 15:55:47.008107,Tokyo-7623,49,100,Normal
2026-02-14 15:55:48.008107,Tokyo-7623,25,15,Normal
2026-02-14 15:55:49.008107,Tokyo-7623,8,70,Normal
2026-02-14 15:55:50.008107,Tokyo-7623,-3,6,Normal
2026-02-14 15:55:51.008107,Tokyo-7623,48,0,Normal
2026-02-14 15:55:52.008107,Tokyo-7623,-10,72,Normal
2026-02-14 15:55:53.008107,Tokyo-7623,3,88,Normal
2026-02-14 15:55:54.008107,Tokyo-7623,-12,33,Normal
2026-02-14 15:55:55.008107,Tokyo-7623,5,73,Normal
2026-02-14 15:55:56.008107,Tokyo-7623,12,14,Normal
2026-02-14 15:55:57.008107,Tokyo-7623,39,72,Normal
2026-02-14 15:55:58.008107,Tokyo-7623,7,76,Normal
2026-02-14 15:55:59.008107,Tokyo-7623,19,17,Normal
2026-02-14 15:56:00.008107,Tokyo-7623,34,45,Normal
2026-02-14 15:56:01.008107,Tokyo-7623,-21,27,Normal
2026-02-14 15:56:02.008107,Tokyo-7623,-22,37,Normal
2026-02-14 15:56:03.008107,Tokyo-7623,-1,2,Normal
2026-02-14 15:56:04.008107,Tokyo-7623,2,8,Normal
2026-02-14 15:56:05.008107,Tokyo-7623,39,100,Normal
2026-02-14 15:56:06.008107,Tokyo-7623,35,58,Normal
2026-02-14 15:56:07.008107,Tokyo-7623,-12,68,Normal
2026-02-14 15:56:08.008107,Tokyo-7623,-18,30,Normal
2026-02-14 15:56:09.008107,Tokyo-7623,-15,27,Normal
2026-02-14 15:56:10.008107,Tokyo-7623,31,53,Normal
2026-02-14 15:56:11.008107,Tokyo-7623,39,1,Normal
2026-02-14 15:56:12.008107,Tokyo-7623,-30,36,Normal
2026-02-14 15:56:13.008107,Tokyo-7623,-21,86,Normal
2026-02-14 15:56:14.008107,Tokyo-7623,-11,89,Normal
2026-02-14 15:56:15.008107,Tokyo-7623,28,43,Normal
2026-02-14 15:56:16.008107,Tokyo-7623,19,3,Normal
2026-02-14 15:56:17.008107,Tokyo-7623,31,66,Normal
2026-02-14 15:56:18.008107,Tokyo-7623,-15,13,Normal
2026-02-14 15:56:19.008107,Tokyo-7623,35,1,Normal
2026-02-14 15:56:20.008107,Tokyo-7623,46,34,Normal
2026-02-14 15:56:21.008107,Tokyo-7623,29,29,Normal
2026-02-14 15:56:22.008107,Tokyo-7623,-20,18,Normal
2026-02-14 15:56:23.008107,Tokyo-7623,-28,81,Normal
2026-02-14 15:56:24.008107,Tokyo-7623,35,26,Normal
2026-02-14 15:56:25.008107,Tokyo-7623,-1,7,Normal
2026-02-14 15:56:26.008107,Tokyo-7623,49,96,Normal
2026-02-14 15:56:27.008107,Tokyo-7623,-12,75,Normal
2026-02-14 15:56:28.008107,Tokyo-7623,29,52,Normal
2026-02-14 15:56:29.008107,Tokyo-7623,-19,20,Normal
2026-02-14 15:56:30.008107,Tokyo-7623,17,14,Normal
2026-02-14 15:56:31.008107,Tokyo-7623,44,55,Normal
2026-02-14 15:56:32.008107,Tokyo-7623,35,99,Normal
2026-02-14 15:56:33.008107,Tokyo-7623,16,73,Normal
2026-02-14 15:56:34.008107,Tokyo-7623,5,34,Normal
2026-02-14 15:56:35.008107,Tokyo-7623,50,18,Normal
2026-02-14 15:56:36.008107,Tokyo-7623,33,90,Normal
2026-02-14 15:56:37.008107,Tokyo-7623,30,99,Normal
2026-02-14 15:56:38.008107,Tokyo-7623,44,83,Normal
2026-02-14 15:56:39.008107,Tokyo-7623,5,50,Normal
2026-02-14 15:56:40.008107,Tokyo-7623,21,12,Normal
2026-02-14 15:56:41.008107,Tokyo-7623,40,83,Normal
2026-02-14 15:56:42.008107,Tokyo-7623,22,5,Normal
2026-02-14 15:56:43.008107,Tokyo-7623,13,99,Normal
2026-02-14 15:56:44.008107,Tokyo-7623,-27,46,Normal
2026-02-14 15:56:45.008107,Tokyo-7623,25,98,Normal
2026-02-14 15:56:46.008107,Tokyo-7623,-27,9,Normal
2026-02-14 15:56:47.008107,Tokyo-7623,-18,8,Normal
2026-02-14 15:56:48.008107,Tokyo-7623,5,3,Normal
2026-02-14 15:56:49.008107,Tokyo-7623,-11,85,Normal
2026-02-14 15:56:50.008107,Tokyo-7623,37,68,Normal
2026-02-14 15:56:51.008107,Tokyo-7623,45,44,Normal
2026-02-14 15:56:52.008107,Tokyo-7623,5,38,Normal
2026-02-14 15:56:53.008107,Tokyo-7623,10,62,Normal
2026-02-14 15:56:54.008107,Tokyo-7623,13,70,Normal
2026-02-14 15:56:55.008107,Tokyo-7623,50,99,Normal
2026-02-14 15:56:56.008107,Tokyo-7623,-9,44,Normal
2026-02-14 15:56:57.008107,Tokyo-7623,-6,65,Normal
2026-02-14 15:56:58.008107,Tokyo-7623,-30,56,Normal
2026-02-14 15:56:59.008107,Tokyo-7623,-24,1,Normal
2026-02-14 15:57:00.008107,Tokyo-7623,3,16,Normal
2026-02-14 15:57:01.008107,Tokyo-7623,-12,42,Normal
2026-02-14 15:57:02.008107,Tokyo-7623,38,27,Normal
2026-02-14 15:57:03.008107,Tokyo-7623,22,95,Normal
2026-02-14 15:57:04.008107,Tokyo-7623,19,16,Normal
2026-02-14 15:57:05.008107,Tokyo-7623,28,7,Normal
2026-02-14 15:57:06.008107,Tokyo-7623,31,14,Normal
2026-02-14 15:57:07.008107,Tokyo-7623,44,58,Normal
2026-02-14 15:57:08.008107,Tokyo-7623,45,52,Normal
2026-02-14 15:57:09.008107,Tokyo-7623,-13,53,Normal
2026-02-14 15:57:10.008107,Tokyo-7623,-30,97,Normal
2026-02-14 15:57:11.008107,Tokyo-7623,-16,68,Normal
2026-02-14 15:57:12.008107,Tokyo-7623,-3,59,Normal
2026-02-14 15:57:13.008107,Tokyo-7623,21,56,Normal
2026-02-14 15:57:14.008107,Tokyo-7623,45,100,Normal
2026-02-14 15:57:15.008107,Tokyo-7623,-29,45,Normal
2026-02-14 15:57:16.008107,Tokyo-7623,-25,65,Normal
2026-02-14 15:57:17.008107,Tokyo-7623,-29,62,Normal
2026-02-14 15:57:18.008107,Tokyo-7623,17,5,Normal
2026-02-14 15:57:19.008107,Tokyo-7623,7,85,Normal
2026-02-14 15:57:20.008107,Tokyo-7623,50,98,Normal
2026-02-14 15:57:21.008107,Tokyo-7623,4,6,Normal
2026-02-14 15:57:22.008107,Tokyo-7623,-11,20,Normal
2026-02-14 15:57:23.008107,Tokyo-7623,25,63,Normal
2026-02-14 15:57:24.008107,Tokyo-7623,-9,95,Normal
2026-02-14 15:57:25.008107,Tokyo-7623,-27,54,Normal
2026-02-14 15:57:26.008107,Tokyo-7623,30,1,Normal
2026-02-14 15:57:27.008107,Tokyo-7623,13,60,Normal
2026-02-14 15:57:28.008107,Tokyo-7623,46,10,Normal
2026-02-14 15:57:29.008107,Tokyo-7623,48,66,Normal
2026-02-14 15:57:30.008107,Tokyo-7623,1,49,Normal
2026-02-14 15:57:31.008107,Tokyo-7623,-11,57,Normal
2026-02-14 15:57:32.008107,Tokyo-7623,-1,96,Normal
2026-02-14 15:57:33.008107,Tokyo-7623,39,5,Normal
2026-02-14 15:57:34.008107,Tokyo-7623,7,38,Normal
2026-02-14 15:57:35.008107,Tokyo-7623,-25,10,Normal
2026-02-14 15:57:36.008107,Tokyo-7623,-10,33,Normal
2026-02-14 15:57:37.008107,Tokyo-7623,15,43,Normal
2026-02-14 15:57:38.008107,Tokyo-7623,22,50,Normal
2026-02-14 15:57:39.008107,Tokyo-7623,41,44,Normal
2026-02-14 15:57:40.008107,Tokyo-7623,6,54,Normal
2026-02-14 15:57:41.008107,Tokyo-7623,-19,39,Normal
2026-02-14 15:57:42.008107,Tokyo-7623,10,89,Normal
2026-02-14 15:57:43.008107,Tokyo-7623,-21,82,Normal
2026-02-14 15:57:44.008107,Tokyo-7623,36,68,Normal
2026-02-14 15:57:45.008107,Tokyo-7623,16,95,Normal
2026-02-14 15:57:46.008107,Tokyo-7623,-29,25,Normal
2026-02-14 15:57:47.008107,Tokyo-7623,-26,22,Normal
2026-02-14 15:57:48.008107,Tokyo-7623,-20,66,Normal
2026-02-14 15:57:49.008107,Tokyo-7623,33,47,Normal
2026-02-14 15:57:50.008107,Tokyo-7623,49,55,Normal
2026-02-14 15:57:51.008107,Tokyo-7623,-8,34,Normal
2026-02-14 15:57:52.008107,Tokyo-7623,45,75,Normal
2026-02-14 15:57:53.008107,Tokyo-7623,16,33,Normal
2026-02-14 15:57:54.008107,Tokyo-7623,-23,52,Normal
2026-02-14 15:57:55.008107,Tokyo-7623,-19,82,Normal
2026-02-14 15:57:56.008107,Tokyo-7623,-15,63,Normal
2026-02-14 15:57:57.008107,Tokyo-7623,-25,56,Normal
2026-02-14 15:57:58.008107,Tokyo-7623,37,89,Normal
2026-02-14 15:57:59.008107,Tokyo-7623,31,46,Normal
2026-02-14 15:58:00.008107,Tokyo-7623,47,72,Normal
2026-02-14 15:58:01.008107,Tokyo-7623,-5,17,Normal
2026-02-14 15:58:02.008107,Tokyo-7623,-16,9,Normal
2026-02-14 15:58:03.008107,Tokyo-7623,44,35,Normal
2026-02-14 15:58:04.008107,Tokyo-7623,-3,1,Normal
2026-02-14 15:58:05.008107,Tokyo-7623,17,62,Normal
2026-02-14 15:58:06.008107,Tokyo-7623,36,5,Normal
2026-02-14 15:58:07.008107,Tokyo-7623,-28,68,Normal
2026-02-14 15:58:08.008107,Tokyo-7623,13,62,Normal
2026-02-14 15:58:09.008107,Tokyo-7623,10,91,Normal
2026-02-14 15:58:10.008107,Tokyo-7623,-3,62,Normal
2026-02-14 15:58:11.008107,Tokyo-7623,40,50,Normal
2026-02-14 15:58:12.008107,Tokyo-7623,42,51,Normal
2026-02-14 15:58:13.008107,Tokyo-7623,-1,34,Normal
2026-02-14 15:58:14.008107,Tokyo-7623,1,17,Normal
2026-02-14 15:58:15.008107,Tokyo-7623,18,49,Normal
2026-02-14 15:58:16.008107,Tokyo-7623,-17,41,Normal
2026-02-14 15:58:17.008107,Tokyo-7623,-5,87,Normal
2026-02-14 15:58:18.008107,Tokyo-7623,-16,12,Normal
2026-02-14 15:58:19.008107,Tokyo-7623,-3,88,Normal
2026-02-14 15:58:20.008107,Tokyo-7623,31,1,Normal
2026-02-14 15:58:21.008107,Tokyo-7623,7,37,Normal
2026-02-14 15:58:22.008107,Tokyo-7623,23,43,Normal
2026-02-14 15:58:23.008107,Tokyo-7623,-10,24,Normal
2026-02-14 15:58:24.008107,Tokyo-7623,20,72,Normal
2026-02-14 15:58:25.008107,Tokyo-7623,14,49,Normal
2026-02-14 15:58:26.008107,Tokyo-7623,27,19,Normal
2026-02-14 15:58:27.008107,Tokyo-7623,27,0,Normal
2026-02-14 15:58:28.008107,Tokyo-7623,26,72,Normal
2026-02-14 15:58:29.008107,Tokyo-7623,33,2,Normal
2026-02-14 15:58:30.008107,Tokyo-7623,-1,13,Normal
2026-02-14 15:58:31.008107,Tokyo-7623,7,41,Normal
2026-02-14 15:58:32.008107,Tokyo-7623,46,23,Normal
2026-02-14 15:58:33.008107,Tokyo-7623,27,33,Normal
2026-02-14 15:58:34.008107,Tokyo-7623,4,50,Normal
2026-02-14 15:58:35.008107,Tokyo-7623,37,55,Normal
2026-02-14 15:58:36.008107,Tokyo-7623,28,40,Normal
2026-02-14 15:58:37.008107,Tokyo-7623,29,6,Normal
2026-02-14 15:58:38.008107,Tokyo-7623,45,29,Normal
2026-02-14 15:58:39.008107,Tokyo-7623,-11,27,Normal
2026-02-14 15:58:40.008107,Tokyo-7623,35,57,Normal
2026-02-14 15:58:41.008107,Tokyo-7623,-13,34,Normal
2026-02-14 15:58:42.008107,Tokyo-7623,-11,47,Normal
2026-02-14 15:58:43.008107,Tokyo-7623,28,60,Normal
2026-02-14 15:58:44.008107,Tokyo-7623,11,36,Normal
2026-02-14 15:58:45.008107,Tokyo-7623,43,87,Normal
2026-02-14 15:58:46.008107,Tokyo-7623,34,47,Normal
2026-02-14 15:58:47.008107,Tokyo-7623,-6,5,Normal
2026-02-14 15:58:48.008107,Tokyo-7623,-4,47,Normal
2026-02-14 15:58:49.008107,Tokyo-7623,19,54,Normal
2026-02-14 15:58:50.008107,Tokyo-7623,11,14,Normal
2026-02-14 15:58:51.008107,Tokyo-7623,27,78,Normal
2026-02-14 15:58:52.008107,Tokyo-7623,-2,79,Normal
2026-02-14 15:58:53.008107,Tokyo-7623,-9,8,Normal
2026-02-14 15:58:54.008107,Tokyo-7623,9,24,Normal
2026-02-14 15:58:55.008107,Tokyo-7623,49,17,Normal
2026-02-14 15:58:56.008107,Tokyo-7623,22,100,Normal
2026-02-14 15:58:57.008107,Tokyo-7623,-17,0,Normal
2026-02-14 15:58:58.008107,Tokyo-7623,-20,46,Normal
2026-02-14 15:58:59.008107,Tokyo-7623,20,24,Normal
2026-02-14 15:59:00.008107,Tokyo-7623,1,70,Normal
2026-02-14 15:59:01.008107,Tokyo-7623,25,86,Normal
2026-02-14 15:59:02.008107,Tokyo-7623,12,48,Normal
2026-02-14 15:59:03.008107,Tokyo-7623,11,48,Normal
2026-02-14 15:59:04.008107,Tokyo-7623,43,19,Normal
2026-02-14 15:59:05.008107,Tokyo-7623,33,50,Normal
2026-02-14 15:59:06.008107,Tokyo-7623,-5,31,Normal
2026-02-14 15:59:07.008107,Tokyo-7623,15,5,Normal
2026-02-14 15:59:08.008107,Tokyo-7623,22,100,Normal
2026-02-14 15:59:09.008107,Tokyo-7623,0,53,Normal
2026-02-14 15:59:10.008107,Tokyo-7623,-8,61,Normal
2026-02-14 15:59:11.008107,Tokyo-7623,7,16,Normal
2026-02-14 15:59:12.008107,Tokyo-7623,2,35,Normal
2026-02-14 15:59:13.008107,Tokyo-7623,-10,25,Normal
2026-02-14 15:59:14.008107,Tokyo-7623,-17,82,Normal
2026-02-14 15:59:15.008107,Tokyo-7623,-9,11,Normal
2026-02-14 15:59:16.008107,Tokyo-7623,33,8,Normal
2026-02-14 15:59:17.008107,Tokyo-7623,28,33,Normal
2026-02-14 15:59:18.008107,Tokyo-7623,19,37,Normal
2026-02-14 15:59:19.008107,Tokyo-7623,-18,2,Normal
2026-02-14 15:59:20.008107,Tokyo-7623,-22,18,Normal
2026-02-14 15:59:21.008107,Tokyo-7623,3,26,Normal
2026-02-14 15:59:22.008107,Tokyo-7623,-5,47,Normal
2026-02-14 15:59:23.008107,Tokyo-7623,11,4,Normal
2026-02-14 15:59:24.008107,Tokyo-7623,33,54,Normal
2026-02-14 15:59:25.008107,Tokyo-7623,11,72,Normal
2026-02-14 15:59:26.008107,Tokyo-7623,-17,3,Normal
2026-02-14 15:59:27.008107,Tokyo-7623,14,2,Normal
2026-02-14 15:59:28.008107,Tokyo-7623,7,23,Normal
2026-02-14 15:59:29.008107,Tokyo-7623,8,28,Normal
2026-02-14 15:59:30.008107,Tokyo-7623,-2,39,Normal
2026-02-14 15:59:31.008107,Tokyo-7623,-27,32,Normal
2026-02-14 15:59:32.008107,Tokyo-7623,31,60,Normal
2026-02-14 15:59:33.008107,Tokyo-7623,45,33,Normal
2026-02-14 15:59:34.008107,Tokyo-7623,14,75,Normal
2026-02-14 15:59:35.008107,Tokyo-7623,41,64,Normal
2026-02-14 15:59:36.008107,Tokyo-7623,47,92,Normal
2026-02-14 15:59:37.008107,Tokyo-7623,-17,96,Normal
2026-02-14 15:59:38.008107,Tokyo-7623,-28,75,Normal
2026-02-14 15:59:39.008107,Tokyo-7623,17,45,Normal
2026-02-14 15:59:40.008107,Tokyo-7623,42,64,Normal
2026-02-14 15:59:41.008107,Tokyo-7623,33,11,Normal
2026-02-14 15:59:42.008107,Tokyo-7623,-2,3,Normal
2026-02-14 15:59:43.008107,Tokyo-7623,18,27,Normal
2026-02-14 15:59:44.008107,Tokyo-7623,-19,48,Normal
2026-02-14 15:59:45.008107,Tokyo-7623,39,75,Normal
2026-02-14 15:59:46.008107,Tokyo-7623,12,59,Normal
2026-02-14 15:59:47.008107,Tokyo-7623,-8,35,Normal
2026-02-14 15:59:48.008107,Tokyo-7623,-17,86,Normal
2026-02-14 15:59:49.008107,Tokyo-7623,-17,27,Normal
2026-02-14 15:59:50.008107,Tokyo-7623,-1,68,Normal
2026-02-14 15:59:51.008107,Tokyo-7623,-20,47,Normal
2026-02-14 15:59:52.008107,Tokyo-7623,-12,43,Normal
2026-02-14 15:59:53.008107,Tokyo-7623,14,94,Normal
2026-02-14 15:59:54.008107,Tokyo-7623,4,56,Normal
2026-02-14 15:59:55.008107,Tokyo-7623,2,74,Normal
2026-02-14 15:59:56.008107,Tokyo-7623,40,33,Normal
2026-02-14 15:59:57.008107,Tokyo-7623,45,29,Normal
2026-02-14 15:59:58.008107,Tokyo-7623,28,84,Normal
2026-02-14 15:59:59.008107,Tokyo-7623,12,42,Normal
2026-02-14 16:00:00.008107,Tokyo-7623,-19,17,Normal
2026-02-14 16:00:01.008107,Tokyo-7623,41,46,Normal
2026-02-14 16:00:02.008107,Tokyo-7623,39,10,Normal
2026-02-14 16:00:03.008107,Tokyo-7623,-22,64,Normal
2026-02-14 16:00:04.008107,Tokyo-7623,27,25,Normal
2026-02-14 16:00:05.008107,Tokyo-7623,45,15,Normal
2026-02-14 16:00:06.008107,Tokyo-7623,-12,8,Normal
2026-02-14 16:00:07.008107,Tokyo-7623,25,10,Normal
2026-02-14 16:00:08.008107,Tokyo-7623,-5,36,Normal
2026-02-14 16:00:09.008107,Tokyo-7623,12,61,Normal
2026-02-14 16:00:10.008107,Tokyo-7623,46,89,Normal
2026-02-14 16:00:11.008107,Tokyo-7623,35,100,Normal
2026-02-14 16:00:12.008107,Tokyo-7623,18,90,Normal
2026-02-14 16:00:13.008107,Tokyo-7623,-8,24,Normal
2026-02-14 16:00:14.008107,Tokyo-7623,11,75,Normal
2026-02-14 16:00:15.008107,Tokyo-7623,28,76,Normal
2026-02-14 16:00:16.008107,Tokyo-7623,7,63,Normal
2026-02-14 16:00:17.008107,Tokyo-7623,45,37,Normal
2026-02-14 16:00:18.008107,Tokyo-7623,30,34,Normal
2026-02-14 16:00:19.008107,Tokyo-7623,39,38,Normal
2026-02-14 16:00:20.008107,Tokyo-7623,1,93,Normal
2026-02-14 16:00:21.008107,Tokyo-7623,50,60,Normal
2026-02-14 16:00:22.008107,Tokyo-7623,22,97,Normal
2026-02-14 16:00:23.008107,Tokyo-7623,16,44,Normal
2026-02-14 16:00:24.008107,Tokyo-7623,-24,57,Normal
2026-02-14 16:00:25.008107,Tokyo-7623,25,10,Normal
2026-02-14 16:00:26.008107,Tokyo-7623,-11,36,Normal
2026-02-14 16:00:27.008107,Tokyo-7623,-12,79,Normal
2026-02-14 16:00:28.008107,Tokyo-7623,25,49,Normal
2026-02-14 16:00:29.008107,Tokyo-7623,-28,25,Normal
2026-02-14 16:00:30.008107,Tokyo-7623,12,64,Normal
2026-02-14 16:00:31.008107,Tokyo-7623,-17,36,Normal
2026-02-14 16:00:32.008107,Tokyo-7623,24,51,Normal
2026-02-14 16:00:33.008107,Tokyo-7623,-23,10,Normal
2026-02-14 16:00:34.008107,Tokyo-7623,4,44,Normal
2026-02-14 16:00:35.008107,Tokyo-7623,50,37,Normal
2026-02-14 16:00:36.008107,Tokyo-7623,15,10,Normal
2026-02-14 16:00:37.008107,Tokyo-7623,18,12,Normal
2026-02-14 16:00:38.008107,Tokyo-7623,18,64,Normal
2026-02-14 16:00:39.008107,Tokyo-7623,-3,33,Normal
2026-02-14 16:00:40.008107,Tokyo-7623,19,55,Normal
2026-02-14 16:00:41.008107,Tokyo-7623,28,75,Normal
2026-02-14 16:00:42.008107,Tokyo-7623,24,50,Normal
2026-02-14 16:00:43.008107,Tokyo-7623,-10,63,Normal
2026-02-14 16:00:44.008107,Tokyo-7623,-13,10,Normal
2026-02-14 16:00:45.008107,Tokyo-7623,-24,97,Normal
2026-02-14 16:00:46.008107,Tokyo-7623,28,5,Normal
2026-02-14 16:00:47.008107,Tokyo-7623,13,82,Normal
2026-02-14 16:00:48.008107,Tokyo-7623,-9,75,Normal
2026-02-14 16:00:49.008107,Tokyo-7623,-11,34,Normal
2026-02-14 16:00:50.008107,Tokyo-7623,42,16,Normal
2026-02-14 16:00:51.008107,Tokyo-7623,50,76,Normal
2026-02-14 16:00:52.008107,Tokyo-7623,-10,47,Normal
2026-02-14 16:00:53.008107,Tokyo-7623,-27,72,Normal
2026-02-14 16:00:54.008107,Tokyo-7623,4,50,Normal
2026-02-14 16:00:55.008107,Tokyo-7623,21,92,Normal
2026-02-14 16:00:56.008107,Tokyo-7623,-18,92,Normal
2026-02-14 16:00:57.008107,Tokyo-7623,-30,77,Normal
2026-02-14 16:00:58.008107,Tokyo-7623,-20,59,Normal
2026-02-14 16:00:59.008107,Tokyo-7623,-14,52,Normal
2026-02-14 16:01:00.008107,Tokyo-7623,40,76,Normal
2026-02-14 16:01:01.008107,Tokyo-7623,24,22,Normal
2026-02-14 16:01:02.008107,Tokyo-7623,-20,17,Normal
2026-02-14 16:01:03.008107,Tokyo-7623,42,14,Normal
2026-02-14 16:01:04.008107,Tokyo-7623,-9,5,Normal
2026-02-14 16:01:05.008107,Tokyo-7623,49,89,Normal
2026-02-14 16:01:06.008107,Tokyo-7623,-28,76,Normal
2026-02-14 16:01:07.008107,Tokyo-7623,-23,33,Normal
2026-02-14 16:01:08.008107,Tokyo-7623,39,11,Normal
2026-02-14 16:01:09.008107,Tokyo-7623,38,65,Normal
2026-02-14 16:01:10.008107,Tokyo-7623,8,98,Normal
2026-02-14 16:01:11.008107,Tokyo-7623,20,7,Normal
2026-02-14 16:01:12.008107,Tokyo-7623,-6,40,Normal
2026-02-14 16:01:13.008107,Tokyo-7623,38,15,Normal
2026-02-14 16:01:14.008107,Tokyo-7623,-3,54,Normal
2026-02-14 16:01:15.008107,Tokyo-7623,-8,87,Normal
2026-02-14 16:01:16.008107,Tokyo-7623,16,94,Normal
2026-02-14 16:01:17.008107,Tokyo-7623,33,0,Normal
2026-02-14 16:01:18.008107,Tokyo-7623,-23,50,Normal
2026-02-14 16:01:19.008107,Tokyo-7623,-22,62,Normal
2026-02-14 16:01:20.008107,Tokyo-7623,-15,48,Normal
2026-02-14 16:01:21.008107,Tokyo-7623,-30,64,Normal
2026-02-14 16:01:22.008107,Tokyo-7623,26,33,Normal
2026-02-14 16:01:23.008107,Tokyo-7623,-7,75,Normal
2026-02-14 16:01:24.008107,Tokyo-7623,-30,13,Normal
2026-02-14 16:01:25.008107,Tokyo-7623,-23,44,Normal
2026-02-14 16:01:26.008107,Tokyo-7623,42,7,Normal
2026-02-14 16:01:27.008107,Tokyo-7623,50,32,Normal
2026-02-14 16:01:28.008107,Tokyo-7623,0,11,Normal
2026-02-14 16:01:29.008107,Tokyo-7623,48,38,Normal
2026-02-14 16:01:30.008107,Tokyo-7623,-5,49,Normal
2026-02-14 16:01:31.008107,Tokyo-7623,-24,60,Normal
2026-02-14 16:01:32.008107,Tokyo-7623,-23,7,Normal
2026-02-14 16:01:33.008107,Tokyo-7623,8,79,Normal
2026-02-14 16:01:34.008107,Tokyo-7623,21,0,Normal
2026-02-14 16:01:35.008107,Tokyo-7623,34,65,Normal
2026-02-14 16:01:36.008107,Tokyo-7623,-18,9,Normal
2026-02-14 16:01:37.008107,Tokyo-7623,-7,26,Normal
2026-02-14 16:01:38.008107,Tokyo-7623,-20,21,Normal
2026-02-14 16:01:39.008107,Tokyo-7623,20,87,Normal
2026-02-14 16:01:40.008107,Tokyo-7623,36,94,Normal
2026-02-14 16:01:41.008107,Tokyo-7623,25,84,Normal
2026-02-14 16:01:42.008107,Tokyo-7623,-25,61,Normal
2026-02-14 16:01:43.008107,Tokyo-7623,18,2,Normal
2026-02-14 16:01:44.008107,Tokyo-7623,-24,49,Normal
2026-02-14 16:01:45.008107,Tokyo-7623,-20,47,Normal
2026-02-14 16:01:46.008107,Tokyo-7623,-13,31,Normal
2026-02-14 16:01:47.008107,Tokyo-7623,40,99,Normal
2026-02-14 16:01:48.008107,Tokyo-7623,8,63,Normal
2026-02-14 16:01:49.008107,Tokyo-7623,19,69,Normal
2026-02-14 16:01:50.008107,Tokyo-7623,41,28,Normal
2026-02-14 16:01:51.008107,Tokyo-7623,24,5,Normal
2026-02-14 16:01:52.008107,Tokyo-7623,-27,56,Normal
2026-02-14 16:01:53.008107,Tokyo-7623,-16,53,Normal
2026-02-14 16:01:54.008107,Tokyo-7623,-15,21,Normal
2026-02-14 16:01:55.008107,Tokyo-7623,-11,24,Normal
2026-02-14 16:01:56.008107,Tokyo-7623,46,88,Normal
2026-02-14 16:01:57.008107,Tokyo-7623,-9,89,Normal
2026-02-14 16:01:58.008107,Tokyo-7623,3,1,Normal
2026-02-14 16:01:59.008107,Tokyo-7623,47,82,Normal
2026-02-14 16:02:00.008107,Tokyo-7623,-6,51,Normal
2026-02-14 16:02:01.008107,Tokyo-7623,3,20,Normal
2026-02-14 16:02:02.008107,Tokyo-7623,-17,82,Normal
2026-02-14 16:02:03.008107,Tokyo-7623,-1,39,Normal
2026-02-14 16:02:04.008107,Tokyo-7623,41,40,Normal
2026-02-14 16:02:05.008107,Tokyo-7623,-13,32,Normal
2026-02-14 16:02:06.008107,Tokyo-7623,25,15,Normal
2026-02-14 16:02:07.008107,Tokyo-7623,2,88,Normal
2026-02-14 16:02:08.008107,Tokyo-7623,-2,33,Normal
2026-02-14 16:02:09.008107,Tokyo-7623,36,34,Normal
2026-02-14 16:02:10.008107,Tokyo-7623,42,45,Normal
2026-02-14 16:02:11.008107,Tokyo-7623,29,49,Normal
2026-02-14 16:02:12.008107,Tokyo-7623,-9,64,Normal
2026-02-14 16:02:13.008107,Tokyo-7623,18,56,Normal
2026-02-14 16:02:14.008107,Tokyo-7623,-30,51,Normal
2026-02-14 16:02:15.008107,Tokyo-7623,-2,73,Normal
2026-02-14 16:02:16.008107,Tokyo-7623,20,72,Normal
2026-02-14 16:02:17.008107,Tokyo-7623,6,73,Normal
2026-02-14 16:02:18.008107,Tokyo-7623,-4,93,Normal
2026-02-14 16:02:19.008107,Tokyo-7623,39,48,Normal
2026-02-14 16:02:20.008107,Tokyo-7623,6,85,Normal
2026-02-14 16:02:21.008107,Tokyo-7623,26,63,Normal
2026-02-14 16:02:22.008107,Tokyo-7623,-19,35,Normal
2026-02-14 16:02:23.008107,Tokyo-7623,-8,65,Normal
2026-02-14 16:02:24.008107,Tokyo-7623,6,1,Normal
2026-02-14 16:02:25.008107,Tokyo-7623,38,7,Normal
2026-02-14 16:02:26.008107,Tokyo-7623,29,48,Normal
2026-02-14 16:02:27.008107,Tokyo-7623,7,72,Normal
2026-02-14 16:02:28.008107,Tokyo-7623,3,78,Normal
2026-02-14 16:02:29.008107,Tokyo-7623,9,33,Normal
2026-02-14 16:02:30.008107,Tokyo-7623,47,51,Normal
2026-02-14 16:02:31.008107,Tokyo-7623,47,30,Normal
2026-02-14 16:02:32.008107,Tokyo-7623,40,14,Normal
2026-02-14 16:02:33.008107,Tokyo-7623,-15,11,Normal
2026-02-14 16:02:34.008107,Tokyo-7623,12,40,Normal
2026-02-14 16:02:35.008107,Tokyo-7623,33,8,Normal
2026-02-14 16:02:36.008107,Tokyo-7623,28,1,Normal
2026-02-14 16:02:37.008107,Tokyo-7623,-23,50,Normal
2026-02-14 16:02:38.008107,Tokyo-7623,-30,17,Normal
2026-02-14 16:02:39.008107,Tokyo-7623,0,0,Normal
2026-02-14 16:02:40.008107,Tokyo-7623,-14,99,Normal
2026-02-14 16:02:41.008107,Tokyo-7623,-6,95,Normal
2026-02-14 16:02:42.008107,Tokyo-7623,2,70,Normal
2026-02-14 16:02:43.008107,Tokyo-7623,16,90,Normal
2026-02-14 16:02:44.008107,Tokyo-7623,4,89,Normal
2026-02-14 16:02:45.008107,Tokyo-7623,-25,91,Normal
2026-02-14 16:02:46.008107,Tokyo-7623,47,62,Normal
2026-02-14 16:02:47.008107,Tokyo-7623,32,9,Normal
2026-02-14 16:02:48.008107,Tokyo-7623,8,13,Normal
2026-02-14 16:02:49.008107,Tokyo-7623,36,100,Normal
2026-02-14 16:02:50.008107,Tokyo-7623,2,27,Normal
2026-02-14 16:02:51.008107,Tokyo-7623,49,34,Normal
2026-02-14 16:02:52.008107,Tokyo-7623,-26,44,Normal
2026-02-14 16:02:53.008107,Tokyo-7623,23,40,Normal
2026-02-14 16:02:54.008107,Tokyo-7623,-6,57,Normal
2026-02-14 16:02:55.008107,Tokyo-7623,3,58,Normal
2026-02-14 16:02:56.008107,Tokyo-7623,45,63,Normal
2026-02-14 16:02:57.008107,Tokyo-7623,9,13,Normal
2026-02-14 16:02:58.008107,Tokyo-7623,23,23,Normal
2026-02-14 16:02:59.008107,Tokyo-7623,2,16,Normal
2026-02-14 16:03:00.008107,Tokyo-7623,-14,90,Normal
2026-02-14 16:03:01.008107,Tokyo-7623,20,10,Normal
2026-02-14 16:03:02.008107,Tokyo-7623,19,19,Normal
2026-02-14 16:03:03.008107,Tokyo-7623,-21,33,Normal
2026-02-14 16:03:04.008107,Tokyo-7623,13,41,Normal
2026-02-14 16:03:05.008107,Tokyo-7623,48,77,Normal
2026-02-14 16:03:06.008107,Tokyo-7623,43,15,Normal
2026-02-14 16:03:07.008107,Tokyo-7623,43,39,Normal
2026-02-14 16:03:08.008107,Tokyo-7623,46,49,Normal
2026-02-14 16:03:09.008107,Tokyo-7623,-12,35,Normal
2026-02-14 16:03:10.008107,Tokyo-7623,-29,52,Normal
2026-02-14 16:03:11.008107,Tokyo-7623,24,34,Normal
2026-02-14 16:03:12.008107,Tokyo-7623,3,48,Normal
2026-02-14 16:03:13.008107,Tokyo-7623,-12,31,Normal
2026-02-14 16:03:14.008107,Tokyo-7623,-28,19,Normal
2026-02-14 16:03:15.008107,Tokyo-7623,20,0,Normal
2026-02-14 16:03:16.008107,Tokyo-7623,-14,31,Normal
2026-02-14 16:03:17.008107,Tokyo-7623,26,59,Normal
2026-02-14 16:03:18.008107,Tokyo-7623,41,0,Normal
2026-02-14 16:03:19.008107,Tokyo-7623,13,63,Normal
2026-02-14 16:03:20.008107,Tokyo-7623,23,73,Normal
2026-02-14 16:03:21.008107,Tokyo-7623,11,36,Normal
2026-02-14 16:03:22.008107,Tokyo-7623,1,71,Normal
2026-02-14 16:03:23.008107,Tokyo-7623,-12,88,Normal
2026-02-14 16:03:24.008107,Tokyo-7623,48,99,Normal
2026-02-14 16:03:25.008107,Tokyo-7623,33,73,Normal
2026-02-14 16:03:26.008107,Tokyo-7623,10,23,Normal
2026-02-14 16:03:27.008107,Tokyo-7623,30,82,Normal
2026-02-14 16:03:28.008107,Tokyo-7623,28,87,Normal
2026-02-14 16:03:29.008107,Tokyo-7623,-28,5,Normal
2026-02-14 16:03:30.008107,Tokyo-7623,22,49,Normal
2026-02-14 16:03:31.008107,Tokyo-7623,-20,65,Normal
2026-02-14 16:03:32.008107,Tokyo-7623,21,67,Normal
2026-02-14 16:03:33.008107,Tokyo-7623,25,88,Normal
2026-02-14 16:03:34.008107,Tokyo-7623,39,85,Normal
2026-02-14 16:03:35.008107,Tokyo-7623,50,94,Normal
2026-02-14 16:03:36.008107,Tokyo-7623,-4,33,Normal
2026-02-14 16:03:37.008107,Tokyo-7623,5,56,Normal
2026-02-14 16:03:38.008107,Tokyo-7623,-5,90,Normal
2026-02-14 16:03:39.008107,Tokyo-7623,-25,61,Normal
2026-02-14 16:03:40.008107,Tokyo-7623,0,91,Normal
2026-02-14 16:03:41.008107,Tokyo-7623,19,36,Normal
2026-02-14 16:03:42.008107,Tokyo-7623,-3,58,Normal
2026-02-14 16:03:43.008107,Tokyo-7623,-8,81,Normal
2026-02-14 16:03:44.008107,Tokyo-7623,1,45,Normal
2026-02-14 16:03:45.008107,Tokyo-7623,15,60,Normal
2026-02-14 16:03:46.008107,Tokyo-7623,49,36,Normal
2026-02-14 16:03:47.008107,Tokyo-7623,12,85,Normal
2026-02-14 16:03:48.008107,Tokyo-7623,5,21,Normal
2026-02-14 16:03:49.008107,Tokyo-7623,43,52,Normal
2026-02-14 16:03:50.008107,Tokyo-7623,41,54,Normal
2026-02-14 16:03:51.008107,Tokyo-7623,-30,99,Normal
2026-02-14 16:03:52.008107,Tokyo-7623,22,91,Normal
2026-02-14 16:03:53.008107,Tokyo-7623,23,94,Normal
2026-02-14 16:03:54.008107,Tokyo-7623,50,85,Normal
2026-02-14 16:03:55.008107,Tokyo-7623,-16,14,Normal
2026-02-14 16:03:56.008107,Tokyo-7623,14,89,Normal
2026-02-14 16:03:57.008107,Tokyo-7623,20,58,Normal
2026-02-14 16:03:58.008107,Tokyo-7623,33,4,Normal
2026-02-14 16:03:59.008107,Tokyo-7623,39,1,Normal
2026-02-14 16:04:00.008107,Tokyo-7623,-7,47,Normal
2026-02-14 16:04:01.008107,Tokyo-7623,6,0,Normal
2026-02-14 16:04:02.008107,Tokyo-7623,-23,24,Normal
2026-02-14 16:04:03.008107,Tokyo-7623,35,54,Normal
2026-02-14 16:04:04.008107,Tokyo-7623,1,73,Normal
2026-02-14 16:04:05.008107,Tokyo-7623,13,28,Normal
2026-02-14 16:04:06.008107,Tokyo-7623,2,75,Normal
2026-02-14 16:04:07.008107,Tokyo-7623,-25,60,Normal
2026-02-14 16:04:08.008107,Tokyo-7623,48,17,Normal
2026-02-14 16:04:09.008107,Tokyo-7623,49,97,Normal
2026-02-14 16:04:10.008107,Tokyo-7623,12,79,Normal
2026-02-14 16:04:11.008107,Tokyo-7623,48,23,Normal
2026-02-14 16:04:12.008107,Tokyo-7623,45,6,Normal
2026-02-14 16:04:13.008107,Tokyo-7623,-4,92,Normal
2026-02-14 16:04:14.008107,Tokyo-7623,23,59,Normal
2026-02-14 16:04:15.008107,Tokyo-7623,-23,28,Normal
2026-02-14 16:04:16.008107,Tokyo-7623,-17,60,Normal
2026-02-14 16:04:17.008107,Tokyo-7623,-7,94,Normal
2026-02-14 16:04:18.008107,Tokyo-7623,12,72,Normal
2026-02-14 16:04:19.008107,Tokyo-7623,-1,19,Normal
2026-02-14 16:04:20.008107,Tokyo-7623,-22,36,Normal
2026-02-14 16:04:21.008107,Tokyo-7623,17,66,Normal
2026-02-14 16:04:22.008107,Tokyo-7623,10,5,Normal
2026-02-14 16:04:23.008107,Tokyo-7623,-18,13,Normal
2026-02-14 16:04:24.008107,Tokyo-7623,20,31,Normal
2026-02-14 16:04:25.008107,Tokyo-7623,20,96,Normal
2026-02-14 16:04:26.008107,Tokyo-7623,1,45,Normal
2026-02-14 16:04:27.008107,Tokyo-7623,7,43,Normal
2026-02-14 16:04:28.008107,Tokyo-7623,5,47,Normal
2026-02-14 16:04:29.008107,Tokyo-7623,22,31,Normal
2026-02-14 16:04:30.008107,Tokyo-7623,33,90,Normal
2026-02-14 16:04:31.008107,Tokyo-7623,-10,99,Normal
2026-02-14 16:04:32.008107,Tokyo-7623,28,12,Normal
2026-02-14 16:04:33.008107,Tokyo-7623,-30,87,Normal
2026-02-14 16:04:34.008107,Tokyo-7623,3,88,Normal
2026-02-14 16:04:35.008107,Tokyo-7623,-22,71,Normal
2026-02-14 16:04:36.008107,Tokyo-7623,49,51,Normal
2026-02-14 16:04:37.008107,Tokyo-7623,-27,10,Normal
2026-02-14 16:04:38.008107,Tokyo-7623,-13,68,Normal
2026-02-14 16:04:39.008107,Tokyo-7623,44,39,Normal
2026-02-14 16:04:40.008107,Tokyo-7623,26,26,Normal
2026-02-14 16:04:41.008107,Tokyo-7623,-4,41,Normal
2026-02-14 16:04:42.008107,Tokyo-7623,30,51,Normal
2026-02-14 16:04:43.008107,Tokyo-7623,-16,68,Normal
2026-02-14 16:04:44.008107,Tokyo-7623,28,69,Normal
2026-02-14 16:04:45.008107,Tokyo-7623,-25,73,Normal
2026-02-14 16:04:46.008107,Tokyo-7623,8,86,Normal
2026-02-14 16:04:47.008107,Tokyo-7623,13,85,Normal
2026-02-14 16:04:48.008107,Tokyo-7623,-15,78,Normal
2026-02-14 16:04:49.008107,Tokyo-7623,2,94,Normal
2026-02-14 16:04:50.008107,Tokyo-7623,-28,93,Normal
2026-02-14 16:04:51.008107,Tokyo-7623,30,98,Normal
2026-02-14 16:04:52.008107,Tokyo-7623,-24,45,Normal
2026-02-14 16:04:53.008107,Tokyo-7623,2,100,Normal
2026-02-14 16:04:54.008107,Tokyo-7623,28,74,Normal
2026-02-14 16:04:55.008107,Tokyo-7623,-14,48,Normal
2026-02-14 16:04:56.008107,Tokyo-7623,14,64,Normal
2026-02-14 16:04:57.008107,Tokyo-7623,14,95,Normal
2026-02-14 16:04:58.008107,Tokyo-7623,15,23,Normal
2026-02-14 16:04:59.008107,Tokyo-7623,12,24,Normal
2026-02-14 16:05:00.008107,Tokyo-7623,3,39,Normal
2026-02-14 16:05:01.008107,Tokyo-7623,-10,52,Normal
2026-02-14 16:05:02.008107,Tokyo-7623,30,40,Normal
2026-02-14 16:05:03.008107,Tokyo-7623,-17,7,Normal
2026-02-14 16:05:04.008107,Tokyo-7623,38,97,Normal
2026-02-14 16:05:05.008107,Tokyo-7623,45,80,Normal
2026-02-14 16:05:06.008107,Tokyo-7623,-16,74,Normal
2026-02-14 16:05:07.008107,Tokyo-7623,5,69,Normal
2026-02-14 16:05:08.008107,Tokyo-7623,-4,76,Normal
2026-02-14 16:05:09.008107,Tokyo-7623,6,39,Normal
2026-02-14 16:05:10.008107,Tokyo-7623,4,33,Normal
2026-02-14 16:05:11.008107,Tokyo-7623,4,24,Normal
2026-02-14 16:05:12.008107,Tokyo-7623,4,51,Normal
2026-02-14 16:05:13.008107,Tokyo-7623,6,91,Normal
2026-02-14 16:05:14.008107,Tokyo-7623,-26,6,Normal
2026-02-14 16:05:15.008107,Tokyo-7623,-18,49,Normal
2026-02-14 16:05:16.008107,Tokyo-7623,44,17,Normal
2026-02-14 16:05:17.008107,Tokyo-7623,33,100,Normal
2026-02-14 16:05:18.008107,Tokyo-7623,8,32,Normal
2026-02-14 16:05:19.008107,Tokyo-7623,-3,71,Normal
2026-02-14 16:05:20.008107,Tokyo-7623,-8,66,Normal
2026-02-14 16:05:21.008107,Tokyo-7623,27,17,Normal
2026-02-14 16:05:22.008107,Tokyo-7623,19,0,Normal
2026-02-14 16:05:23.008107,Tokyo-7623,43,33,Normal
2026-02-14 16:05:24.008107,Tokyo-7623,-23,51,Normal
2026-02-14 16:05:25.008107,Tokyo-7623,43,52,Normal
2026-02-14 16:05:26.008107,Tokyo-7623,42,5,Normal
2026-02-14 16:05:27.008107,Tokyo-7623,25,22,Normal
2026-02-14 16:05:28.008107,Tokyo-7623,30,68,Normal
2026-02-14 16:05:29.008107,Tokyo-7623,31,11,Normal
2026-02-14 16:05:30.008107,Tokyo-7623,2,39,Normal
2026-02-14 16:05:31.008107,Tokyo-7623,49,93,Normal
2026-02-14 16:05:32.008107,Tokyo-7623,36,31,Normal
2026-02-14 16:05:33.008107,Tokyo-7623,-17,49,Normal
2026-02-14 16:05:34.008107,Tokyo-7623,-10,72,Normal
2026-02-14 16:05:35.008107,Tokyo-7623,-29,50,Normal
2026-02-14 16:05:36.008107,Tokyo-7623,31,68,Normal
2026-02-14 16:05:37.008107,Tokyo-7623,14,20,Normal
2026-02-14 16:05:38.008107,Tokyo-7623,44,5,Normal
2026-02-14 16:05:39.008107,Tokyo-7623,-5,86,Normal
2026-02-14 16:05:40.008107,Tokyo-7623,14,99,Normal
2026-02-14 16:05:41.008107,Tokyo-7623,25,81,Normal
2026-02-14 16:05:42.008107,Tokyo-7623,24,21,Normal
2026-02-14 16:05:43.008107,Tokyo-7623,25,1,Normal
2026-02-14 16:05:44.008107,Tokyo-7623,14,27,Normal
2026-02-14 16:05:45.008107,Tokyo-7623,37,78,Normal
2026-02-14 16:05:46.008107,Tokyo-7623,-14,77,Normal
2026-02-14 16:05:47.008107,Tokyo-7623,22,2,Normal
2026-02-14 16:05:48.008107,Tokyo-7623,11,10,Normal
2026-02-14 16:05:49.008107,Tokyo-7623,1,44,Normal
2026-02-14 16:05:50.008107,Tokyo-7623,38,97,Normal
2026-02-14 16:05:51.008107,Tokyo-7623,6,99,Normal
2026-02-14 16:05:52.008107,Tokyo-7623,5,35,Normal
2026-02-14 16:05:53.008107,Tokyo-7623,27,100,Normal
2026-02-14 16:05:54.008107,Tokyo-7623,19,16,Normal
2026-02-14 16:05:55.008107,Tokyo-7623,-26,85,Normal
2026-02-14 16:05:56.008107,Tokyo-7623,-9,4,Normal
2026-02-14 16:05:57.008107,Tokyo-7623,-28,91,Normal
2026-02-14 16:05:58.008107,Tokyo-7623,-6,0,Normal
2026-02-14 16:05:59.008107,Tokyo-7623,49,21,Normal
2026-02-14 16:06:00.008107,Tokyo-7623,-27,19,Normal
2026-02-14 16:06:01.008107,Tokyo-7623,-18,100,Normal
2026-02-14 16:06:02.008107,Tokyo-7623,3,96,Normal
2026-02-14 16:06:03.008107,Tokyo-7623,10,93,Normal
2026-02-14 16:06:04.008107,Tokyo-7623,-13,87,Normal
2026-02-14 16:06:05.008107,Tokyo-7623,50,53,Normal
2026-02-14 16:06:06.008107,Tokyo-7623,-14,44,Normal
2026-02-14 16:06:07.008107,Tokyo-7623,-8,58,Normal
2026-02-14 16:06:08.008107,Tokyo-7623,-5,37,Normal
2026-02-14 16:06:09.008107,Tokyo-7623,8,32,Normal
2026-02-14 16:06:10.008107,Tokyo-7623,37,78,Normal
2026-02-14 16:06:11.008107,Tokyo-7623,40,72,Normal
2026-02-14 16:06:12.008107,Tokyo-7623,-9,17,Normal
2026-02-14 16:06:13.008107,Tokyo-7623,-5,30,Normal
2026-02-14 16:06:14.008107,Tokyo-7623,-12,0,Normal
2026-02-14 16:06:15.008107,Tokyo-7623,-12,37,Normal
2026-02-14 16:06:16.008107,Tokyo-7623,-3,23,Normal
2026-02-14 16:06:17.008107,Tokyo-7623,33,3,Normal
2026-02-14 16:06:18.008107,Tokyo-7623,7,70,Normal
2026-02-14 16:06:19.008107,Tokyo-7623,48,17,Normal
2026-02-14 16:06:20.008107,Tokyo-7623,44,27,Normal
2026-02-14 16:06:21.008107,Tokyo-7623,1,69,Normal
2026-02-14 16:06:22.008107,Tokyo-7623,7,50,Normal
2026-02-14 16:06:23.008107,Tokyo-7623,27,61,Normal
2026-02-14 16:06:24.008107,Tokyo-7623,1,65,Normal
2026-02-14 16:06:25.008107,Tokyo-7623,45,24,Normal
2026-02-14 16:06:26.008107,Tokyo-7623,31,68,Normal
2026-02-14 16:06:27.008107,Tokyo-7623,-8,53,Normal
2026-02-14 16:06:28.008107,Tokyo-7623,10,65,Normal
2026-02-14 16:06:29.008107,Tokyo-7623,31,46,Normal
2026-02-14 16:06:30.008107,Tokyo-7623,-20,21,Normal
2026-02-14 16:06:31.008107,Tokyo-7623,25,52,Normal
2026-02-14 16:06:32.008107,Tokyo-7623,-25,2,Normal
2026-02-14 16:06:33.008107,Tokyo-7623,9,32,Normal
2026-02-14 16:06:34.008107,Tokyo-7623,21,17,Normal
2026-02-14 16:06:35.008107,Tokyo-7623,-16,87,Normal
2026-02-14 16:06:36.008107,Tokyo-7623,-27,46,Normal
2026-02-14 16:06:37.008107,Tokyo-7623,-26,36,Normal
2026-02-14 16:06:38.008107,Tokyo-7623,45,29,Normal
2026-02-14 16:06:39.008107,Tokyo-7623,12,69,Normal
2026-02-14 16:06:40.008107,Tokyo-7623,46,16,Normal
2026-02-14 16:06:41.008107,Tokyo-7623,-26,31,Normal
2026-02-14 16:06:42.008107,Tokyo-7623,50,98,Normal
2026-02-14 16:06:43.008107,Tokyo-7623,13,41,Normal
2026-02-14 16:06:44.008107,Tokyo-7623,4,46,Normal
2026-02-14 16:06:45.008107,Tokyo-7623,-23,39,Normal
2026-02-14 16:06:46.008107,Tokyo-7623,14,90,Normal
2026-02-14 16:06:47.008107,Tokyo-7623,15,42,Normal
2026-02-14 16:06:48.008107,Tokyo-7623,44,66,Normal
2026-02-14 16:06:49.008107,Tokyo-7623,-11,51,Normal
2026-02-14 16:06:50.008107,Tokyo-7623,47,55,Normal
2026-02-14 16:06:51.008107,Tokyo-7623,10,88,Normal
2026-02-14 16:06:52.008107,Tokyo-7623,-17,42,Normal
2026-02-14 16:06:53.008107,Tokyo-7623,-20,68,Normal
2026-02-14 16:06:54.008107,Tokyo-7623,-15,95,Normal
2026-02-14 16:06:55.008107,Tokyo-7623,-24,83,Normal
2026-02-14 16:06:56.008107,Tokyo-7623,15,49,Normal
2026-02-14 16:06:57.008107,Tokyo-7623,27,32,Normal
2026-02-14 16:06:58.008107,Tokyo-7623,-14,28,Normal
2026-02-14 16:06:59.008107,Tokyo-7623,7,46,Normal
2026-02-14 16:07:00.008107,Tokyo-7623,39,32,Normal
2026-02-14 16:07:01.008107,Tokyo-7623,10,19,Normal
2026-02-14 16:07:02.008107,Tokyo-7623,8,98,Normal
2026-02-14 16:07:03.008107,Tokyo-7623,1,89,Normal
2026-02-14 16:07:04.008107,Tokyo-7623,49,22,Normal
2026-02-14 16:07:05.008107,Tokyo-7623,-3,1,Normal
2026-02-14 16:07:06.008107,Tokyo-7623,5,3,Normal
2026-02-14 16:07:07.008107,Tokyo-7623,7,73,Normal
2026-02-14 16:07:08.008107,Tokyo-7623,50,38,Normal
2026-02-14 16:07:09.008107,Tokyo-7623,-25,29,Normal
2026-02-14 16:07:10.008107,Tokyo-7623,-1,56,Normal
2026-02-14 16:07:11.008107,Tokyo-7623,16,76,Normal
2026-02-14 16:07:12.008107,Tokyo-7623,17,77,Normal
2026-02-14 16:07:13.008107,Tokyo-7623,27,15,Normal
2026-02-14 16:07:14.008107,Tokyo-7623,39,23,Normal
2026-02-14 16:07:15.008107,Tokyo-7623,50,8,Normal
2026-02-14 16:07:16.008107,Tokyo-7623,-19,26,Normal
2026-02-14 16:07:17.008107,Tokyo-7623,40,3,Normal
2026-02-14 16:07:18.008107,Tokyo-7623,1,51,Normal
2026-02-14 16:07:19.008107,Tokyo-7623,-1,81,Normal
2026-02-14 16:07:20.008107,Tokyo-7623,-4,5,Normal
2026-02-14 16:07:21.008107,Tokyo-7623,42,85,Normal
2026-02-14 16:07:22.008107,Tokyo-7623,-16,8,Normal
2026-02-14 16:07:23.008107,Tokyo-7623,50,29,Normal
2026-02-14 16:07:24.008107,Tokyo-7623,31,11,Normal
2026-02-14 16:07:25.008107,Tokyo-7623,1,4,Normal
2026-02-14 16:07:26.008107,Tokyo-7623,50,67,Normal
2026-02-14 16:07:27.008107,Tokyo-7623,-28,27,Normal
2026-02-14 16:07:28.008107,Tokyo-7623,38,25,Normal
2026-02-14 16:07:29.008107,Tokyo-7623,34,53,Normal
2026-02-14 16:07:30.008107,Tokyo-7623,-26,12,Normal
2026-02-14 16:07:31.008107,Tokyo-7623,-30,41,Normal
2026-02-14 16:07:32.008107,Tokyo-7623,-19,97,Normal
2026-02-14 16:07:33.008107,Tokyo-7623,17,77,Normal
2026-02-14 16:07:34.008107,Tokyo-7623,13,22,Normal
2026-02-14 16:07:35.008107,Tokyo-7623,-2,68,Normal
2026-02-14 16:07:36.008107,Tokyo-7623,49,42,Normal
2026-02-14 16:07:37.008107,Tokyo-7623,11,97,Normal
2026-02-14 16:07:38.008107,Tokyo-7623,49,94,Normal
2026-02-14 16:07:39.008107,Tokyo-7623,18,90,Normal
2026-02-14 16:07:40.008107,Tokyo-7623,6,51,Normal
2026-02-14 16:07:41.008107,Tokyo-7623,-28,100,Normal
2026-02-14 16:07:42.008107,Tokyo-7623,-10,61,Normal
2026-02-14 16:07:43.008107,Tokyo-7623,-14,46,Normal
2026-02-14 16:07:44.008107,Tokyo-7623,40,58,Normal
2026-02-14 16:07:45.008107,Tokyo-7623,12,90,Normal
2026-02-14 16:07:46.008107,Tokyo-7623,45,79,Normal
2026-02-14 16:07:47.008107,Tokyo-7623,-5,0,Normal
2026-02-14 16:07:48.008107,Tokyo-7623,49,90,Normal
2026-02-14 16:07:49.008107,Tokyo-7623,-6,75,Normal
2026-02-14 16:07:50.008107,Tokyo-7623,48,4,Normal
2026-02-14 16:07:51.008107,Tokyo-7623,45,3,Normal
2026-02-14 16:07:52.008107,Tokyo-7623,3,75,Normal
2026-02-14 16:07:53.008107,Tokyo-7623,17,32,Normal
2026-02-14 16:07:54.008107,Tokyo-7623,36,93,Normal
2026-02-14 16:07:55.008107,Tokyo-7623,32,35,Normal
2026-02-14 16:07:56.008107,Tokyo-7623,10,86,Normal
2026-02-14 16:07:57.008107,Tokyo-7623,40,7,Normal
2026-02-14 16:07:58.008107,Tokyo-7623,-13,35,Normal
2026-02-14 16:07:59.008107,Tokyo-7623,-27,41,Normal
2026-02-14 16:08:00.008107,Tokyo-7623,-20,48,Normal
2026-02-14 16:08:01.008107,Tokyo-7623,45,37,Normal
2026-02-14 16:08:02.008107,Tokyo-7623,39,36,Normal
2026-02-14 16:08:03.008107,Tokyo-7623,13,21,Normal
2026-02-14 16:08:04.008107,Tokyo-7623,-6,46,Normal
2026-02-14 16:08:05.008107,Tokyo-7623,14,44,Normal
2026-02-14 16:08:06.008107,Tokyo-7623,-11,18,Normal
2026-02-14 16:08:07.008107,Tokyo-7623,-11,70,Normal
2026-02-14 16:08:08.008107,Tokyo-7623,6,61,Normal
2026-02-14 16:08:09.008107,Tokyo-7623,-23,36,Normal
2026-02-14 16:08:10.008107,Tokyo-7623,37,93,Normal
2026-02-14 16:08:11.008107,Tokyo-7623,20,43,Normal
2026-02-14 16:08:12.008107,Tokyo-7623,27,74,Normal
2026-02-14 16:08:13.008107,Tokyo-7623,42,90,Normal
2026-02-14 16:08:14.008107,Tokyo-7623,32,75,Normal
2026-02-14 16:08:15.008107,Tokyo-7623,32,9,Normal
2026-02-14 16:08:16.008107,Tokyo-7623,3,74,Normal
2026-02-14 16:08:17.008107,Tokyo-7623,-29,23,Normal
2026-02-14 16:08:18.008107,Tokyo-7623,-16,7,Normal
2026-02-14 16:08:19.008107,Tokyo-7623,44,83,Normal
2026-02-14 16:08:20.008107,Tokyo-7623,43,65,Normal
2026-02-14 16:08:21.008107,Tokyo-7623,-24,30,Normal
2026-02-14 16:08:22.008107,Tokyo-7623,18,85,Normal
2026-02-14 16:08:23.008107,Tokyo-7623,-8,82,Normal
2026-02-14 16:08:24.008107,Tokyo-7623,37,57,Normal
2026-02-14 16:08:25.008107,Tokyo-7623,26,95,Normal
2026-02-14 16:08:26.008107,Tokyo-7623,-5,64,Normal
2026-02-14 16:08:27.008107,Tokyo-7623,-5,44,Normal
2026-02-14 16:08:28.008107,Tokyo-7623,42,64,Normal
2026-02-14 16:08:29.008107,Tokyo-7623,23,71,Normal
2026-02-14 16:08:30.008107,Tokyo-7623,37,66,Normal
2026-02-14 16:08:31.008107,Tokyo-7623,-23,81,Normal
2026-02-14 16:08:32.008107,Tokyo-7623,-1,97,Normal
2026-02-14 16:08:33.008107,Tokyo-7623,47,15,Normal
2026-02-14 16:08:34.008107,Tokyo-7623,-5,37,Normal
2026-02-14 16:08:35.008107,Tokyo-7623,21,83,Normal
2026-02-14 16:08:36.008107,Tokyo-7623,-6,11,Normal
2026-02-14 16:08:37.008107,Tokyo-7623,6,55,Normal
2026-02-14 16:08:38.008107,Tokyo-7623,-20,49,Normal
2026-02-14 16:08:39.008107,Tokyo-7623,-9,54,Normal
2026-02-14 16:08:40.008107,Tokyo-7623,12,96,Normal
2026-02-14 16:08:41.008107,Tokyo-7623,8,63,Normal
2026-02-14 16:08:42.008107,Tokyo-7623,-9,47,Normal
2026-02-14 16:08:43.008107,Tokyo-7623,27,51,Normal
2026-02-14 16:08:44.008107,Tokyo-7623,44,52,Normal
2026-02-14 16:08:45.008107,Tokyo-7623,-27,43,Normal
2026-02-14 16:08:46.008107,Tokyo-7623,12,52,Normal
2026-02-14 16:08:47.008107,Tokyo-7623,41,86,Normal
2026-02-14 16:08:48.008107,Tokyo-7623,-8,10,Normal
2026-02-14 16:08:49.008107,Tokyo-7623,26,65,Normal
2026-02-14 16:08:50.008107,Tokyo-7623,2,71,Normal
2026-02-14 16:08:51.008107,Tokyo-7623,-4,31,Normal
2026-02-14 16:08:52.008107,Tokyo-7623,31,67,Normal
2026-02-14 16:08:53.008107,Tokyo-7623,49,7,Normal
2026-02-14 16:08:54.008107,Tokyo-7623,19,8,Normal
2026-02-14 16:08:55.008107,Tokyo-7623,31,7,Normal
2026-02-14 16:08:56.008107,Tokyo-7623,-17,49,Normal
2026-02-14 16:08:57.008107,Tokyo-7623,13,56,Normal
2026-02-14 16:08:58.008107,Tokyo-7623,0,79,Normal
2026-02-14 16:08:59.008107,Tokyo-7623,40,48,Normal
2026-02-14 16:09:00.008107,Tokyo-7623,15,89,Normal
2026-02-14 16:09:01.008107,Tokyo-7623,12,64,Normal
2026-02-14 16:09:02.008107,Tokyo-7623,41,17,Normal
2026-02-14 16:09:03.008107,Tokyo-7623,50,25,Normal
2026-02-14 16:09:04.008107,Tokyo-7623,22,65,Normal
2026-02-14 16:09:05.008107,Tokyo-7623,-9,72,Normal
2026-02-14 16:09:06.008107,Tokyo-7623,13,9,Normal
2026-02-14 16:09:07.008107,Tokyo-7623,47,87,Normal
2026-02-14 16:09:08.008107,Tokyo-7623,40,76,Normal
2026-02-14 16:09:09.008107,Tokyo-7623,-8,2,Normal
2026-02-14 16:09:10.008107,Tokyo-7623,26,31,Normal
2026-02-14 16:09:11.008107,Tokyo-7623,-9,85,Normal
2026-02-14 16:09:12.008107,Tokyo-7623,20,93,Normal
2026-02-14 16:09:13.008107,Tokyo-7623,-19,1,Normal
2026-02-14 16:09:14.008107,Tokyo-7623,0,83,Normal
2026-02-14 16:09:15.008107,Tokyo-7623,-21,55,Normal
2026-02-14 16:09:16.008107,Tokyo-7623,41,44,Normal
2026-02-14 16:09:17.008107,Tokyo-7623,32,35,Normal
2026-02-14 16:09:18.008107,Tokyo-7623,-6,14,Normal
2026-02-14 16:09:19.008107,Tokyo-7623,11,18,Normal
2026-02-14 16:09:20.008107,Tokyo-7623,-3,97,Normal
2026-02-14 16:09:21.008107,Tokyo-7623,40,48,Normal
2026-02-14 16:09:22.008107,Tokyo-7623,-5,13,Normal
2026-02-14 16:09:23.008107,Tokyo-7623,-13,33,Normal
2026-02-14 16:09:24.008107,Tokyo-7623,0,20,Normal
2026-02-14 16:09:25.008107,Tokyo-7623,34,13,Normal
2026-02-14 16:09:26.008107,Tokyo-7623,-29,5,Normal
2026-02-14 16:09:27.008107,Tokyo-7623,18,100,Normal
2026-02-14 16:09:28.008107,Tokyo-7623,12,38,Normal
2026-02-14 16:09:29.008107,Tokyo-7623,-18,69,Normal
2026-02-14 16:09:30.008107,Tokyo-7623,35,80,Normal
2026-02-14 16:09:31.008107,Tokyo-7623,-15,72,Normal
2026-02-14 16:09:32.008107,Tokyo-7623,-16,95,Normal
2026-02-14 16:09:33.008107,Tokyo-7623,-20,64,Normal
2026-02-14 16:09:34.008107,Tokyo-7623,41,70,Normal
2026-02-14 16:09:35.008107,Tokyo-7623,14,34,Normal
2026-02-14 16:09:36.008107,Tokyo-7623,28,19,Normal
2026-02-14 16:09:37.008107,Tokyo-7623,49,60,Normal
2026-02-14 16:09:38.008107,Tokyo-7623,-12,20,Normal
2026-02-14 16:09:39.008107,Tokyo-7623,15,71,Normal
2026-02-14 16:09:40.008107,Tokyo-7623,-29,66,Normal
2026-02-14 16:09:41.008107,Tokyo-7623,-7,89,Normal
2026-02-14 16:09:42.008107,Tokyo-7623,46,22,Normal
2026-02-14 16:09:43.008107,Tokyo-7623,44,3,Normal
2026-02-14 16:09:44.008107,Tokyo-7623,-16,62,Normal
2026-02-14 16:09:45.008107,Tokyo-7623,-25,46,Normal
2026-02-14 16:09:46.008107,Tokyo-7623,16,36,Normal
2026-02-14 16:09:47.008107,Tokyo-7623,-1,20,Normal
2026-02-14 16:09:48.008107,Tokyo-7623,-16,48,Normal
2026-02-14 16:09:49.008107,Tokyo-7623,-11,25,Normal
2026-02-14 16:09:50.008107,Tokyo-7623,32,56,Normal
2026-02-14 16:09:51.008107,Tokyo-7623,-23,30,Normal
2026-02-14 16:09:52.008107,Tokyo-7623,0,10,Normal
2026-02-14 16:09:53.008107,Tokyo-7623,-21,64,Normal
2026-02-14 16:09:54.008107,Tokyo-7623,25,0,Normal
2026-02-14 16:09:55.008107,Tokyo-7623,43,100,Normal
2026-02-14 16:09:56.008107,Tokyo-7623,14,84,Normal
2026-02-14 16:09:57.008107,Tokyo-7623,-14,0,Normal
2026-02-14 16:09:58.008107,Tokyo-7623,4,7,Normal
2026-02-14 16:09:59.008107,Tokyo-7623,-24,23,Normal
2026-02-14 16:10:00.008107,Tokyo-7623,17,85,Normal
2026-02-14 16:10:01.008107,Tokyo-7623,5,26,Normal
2026-02-14 16:10:02.008107,Tokyo-7623,-4,31,Normal
2026-02-14 16:10:03.008107,Tokyo-7623,50,62,Normal
2026-02-14 16:10:04.008107,Tokyo-7623,18,40,Normal
2026-02-14 16:10:05.008107,Tokyo-7623,34,88,Normal
2026-02-14 16:10:06.008107,Tokyo-7623,48,27,Normal
2026-02-14 16:10:07.008107,Tokyo-7623,43,66,Normal
2026-02-14 16:10:08.008107,Tokyo-7623,28,9,Normal
2026-02-14 16:10:09.008107,Tokyo-7623,18,18,Normal
2026-02-14 16:10:10.008107,Tokyo-7623,0,65,Normal
2026-02-14 16:10:11.008107,Tokyo-7623,-28,46,Normal
2026-02-14 16:10:12.008107,Tokyo-7623,-30,8,Normal
2026-02-14 16:10:13.008107,Tokyo-7623,-10,96,Normal
2026-02-14 16:10:14.008107,Tokyo-7623,35,42,Normal
2026-02-14 16:10:15.008107,Tokyo-7623,-30,8,Normal
2026-02-14 16:10:16.008107,Tokyo-7623,-29,59,Normal
2026-02-14 16:10:17.008107,Tokyo-7623,-2,59,Normal
2026-02-14 16:10:18.008107,Tokyo-7623,-14,61,Normal
2026-02-14 16:10:19.008107,Tokyo-7623,-28,14,Normal
2026-02-14 16:10:20.008107,Tokyo-7623,14,25,Normal
2026-02-14 16:10:21.008107,Tokyo-7623,49,84,Normal
2026-02-14 16:10:22.008107,Tokyo-7623,4,3,Normal
2026-02-14 16:10:23.008107,Tokyo-7623,39,80,Normal
2026-02-14 16:10:24.008107,Tokyo-7623,-6,12,Normal
2026-02-14 16:10:25.008107,Tokyo-7623,18,72,Normal
2026-02-14 16:10:26.008107,Tokyo-7623,46,19,Normal
2026-02-14 16:10:27.008107,Tokyo-7623,8,66,Normal
2026-02-14 16:10:28.008107,Tokyo-7623,-11,95,Normal
2026-02-14 16:10:29.008107,Tokyo-7623,-18,96,Normal
2026-02-14 16:10:30.008107,Tokyo-7623,23,78,Normal
2026-02-14 16:10:31.008107,Tokyo-7623,-30,4,Normal
2026-02-14 16:10:32.008107,Tokyo-7623,-20,88,Normal
2026-02-14 16:10:33.008107,Tokyo-7623,48,92,Normal
2026-02-14 16:10:34.008107,Tokyo-7623,-2,87,Normal
2026-02-14 16:10:35.008107,Tokyo-7623,7,79,Normal
2026-02-14 16:10:36.008107,Tokyo-7623,32,15,Normal
2026-02-14 16:10:37.008107,Tokyo-7623,-10,23,Normal
2026-02-14 16:10:38.008107,Tokyo-7623,-24,60,Normal
2026-02-14 16:10:39.008107,Tokyo-7623,22,66,Normal
2026-02-14 16:10:40.008107,Tokyo-7623,24,64,Normal
2026-02-14 16:10:41.008107,Tokyo-7623,-17,36,Normal
2026-02-14 16:10:42.008107,Tokyo-7623,48,40,Normal
2026-02-14 16:10:43.008107,Tokyo-7623,-12,61,Normal
2026-02-14 16:10:44.008107,Tokyo-7623,-8,38,Normal
2026-02-14 16:10:45.008107,Tokyo-7623,-14,7,Normal
2026-02-14 16:10:46.008107,Tokyo-7623,43,31,Normal
2026-02-14 16:10:47.008107,Tokyo-7623,6,12,Normal
2026-02-14 16:10:48.008107,Tokyo-7623,45,63,Normal
2026-02-14 16:10:49.008107,Tokyo-7623,24,61,Normal
2026-02-14 16:10:50.008107,Tokyo-7623,-16,9,Normal
2026-02-14 16:10:51.008107,Tokyo-7623,45,90,Normal
2026-02-14 16:10:52.008107,Tokyo-7623,36,50,Normal
2026-02-14 16:10:53.008107,Tokyo-7623,-27,71,Normal
2026-02-14 16:10:54.008107,Tokyo-7623,45,71,Normal
2026-02-14 16:10:55.008107,Tokyo-7623,43,100,Normal
2026-02-14 16:10:56.008107,Tokyo-7623,-20,51,Normal
2026-02-14 16:10:57.008107,Tokyo-7623,7,87,Normal
2026-02-14 16:10:58.008107,Tokyo-7623,-3,67,Normal
2026-02-14 16:10:59.008107,Tokyo-7623,-6,37,Normal
2026-02-14 16:11:00.008107,Tokyo-7623,25,71,Normal
2026-02-14 16:11:01.008107,Tokyo-7623,26,25,Normal
2026-02-14 16:11:02.008107,Tokyo-7623,36,10,Normal
2026-02-14 16:11:03.008107,Tokyo-7623,25,35,Normal
2026-02-14 16:11:04.008107,Tokyo-7623,14,67,Normal
2026-02-14 16:11:05.008107,Tokyo-7623,44,27,Normal
2026-02-14 16:11:06.008107,Tokyo-7623,20,34,Normal
2026-02-14 16:11:07.008107,Tokyo-7623,37,65,Normal
2026-02-14 16:11:08.008107,Tokyo-7623,33,95,Normal
2026-02-14 16:11:09.008107,Tokyo-7623,-28,47,Normal
2026-02-14 16:11:10.008107,Tokyo-7623,37,61,Normal
2026-02-14 16:11:11.008107,Tokyo-7623,44,47,Normal
2026-02-14 16:11:12.008107,Tokyo-7623,22,99,Normal
2026-02-14 16:11:13.008107,Tokyo-7623,-11,57,Normal
2026-02-14 16:11:14.008107,Tokyo-7623,34,95,Normal
2026-02-14 16:11:15.008107,Tokyo-7623,23,41,Normal
2026-02-14 16:11:16.008107,Tokyo-7623,41,8,Normal
2026-02-14 16:11:17.008107,Tokyo-7623,13,58,Normal
2026-02-14 16:11:18.008107,Tokyo-7623,6,96,Normal
2026-02-14 16:11:19.008107,Tokyo-7623,45,67,Normal
2026-02-14 16:11:20.008107,Tokyo-7623,31,97,Normal
2026-02-14 16:11:21.008107,Tokyo-7623,-1,25,Normal
2026-02-14 16:11:22.008107,Tokyo-7623,-8,7,Normal
2026-02-14 16:11:23.008107,Tokyo-7623,43,21,Normal
2026-02-14 16:11:24.008107,Tokyo-7623,-13,27,Normal
2026-02-14 16:11:25.008107,Tokyo-7623,41,56,Normal
2026-02-14 16:11:26.008107,Tokyo-7623,2,54,Normal
2026-02-14 16:11:27.008107,Tokyo-7623,40,29,Normal
2026-02-14 16:11:28.008107,Tokyo-7623,33,3,Normal
2026-02-14 16:11:29.008107,Tokyo-7623,26,55,Normal
2026-02-14 16:11:30.008107,Tokyo-7623,-5,18,Normal
2026-02-14 16:11:31.008107,Tokyo-7623,33,17,Normal
2026-02-14 16:11:32.008107,Tokyo-7623,18,22,Normal
2026-02-14 16:11:33.008107,Tokyo-7623,12,54,Normal
2026-02-14 16:11:34.008107,Tokyo-7623,30,66,Normal
2026-02-14 16:11:35.008107,Tokyo-7623,-24,66,Normal
2026-02-14 16:11:36.008107,Tokyo-7623,13,14,Normal
2026-02-14 16:11:37.008107,Tokyo-7623,-17,53,Normal
2026-02-14 16:11:38.008107,Tokyo-7623,-14,89,Normal
2026-02-14 16:11:39.008107,Tokyo-7623,-18,36,Normal
2026-02-14 16:11:40.008107,Tokyo-7623,37,69,Normal
2026-02-14 16:11:41.008107,Tokyo-7623,-16,75,Normal
2026-02-14 16:11:42.008107,Tokyo-7623,42,43,Normal
2026-02-14 16:11:43.008107,Tokyo-7623,45,43,Normal
2026-02-14 16:11:44.008107,Tokyo-7623,13,86,Normal
2026-02-14 16:11:45.008107,Tokyo-7623,-4,64,Normal
2026-02-14 16:11:46.008107,Tokyo-7623,8,16,Normal
2026-02-14 16:11:47.008107,Tokyo-7623,40,84,Normal
2026-02-14 16:11:48.008107,Tokyo-7623,13,5,Normal
2026-02-14 16:11:49.008107,Tokyo-7623,34,3,Normal
2026-02-14 16:11:50.008107,Tokyo-7623,48,74,Normal
2026-02-14 16:11:51.008107,Tokyo-7623,15,14,Normal
2026-02-14 16:11:52.008107,Tokyo-7623,-8,100,Normal
2026-02-14 16:11:53.008107,Tokyo-7623,9,8,Normal
2026-02-14 16:11:54.008107,Tokyo-7623,-28,92,Normal
2026-02-14 16:11:55.008107,Tokyo-7623,-24,31,Normal
2026-02-14 16:11:56.008107,Tokyo-7623,39,89,Normal
2026-02-14 16:11:57.008107,Tokyo-7623,27,31,Normal
2026-02-14 16:11:58.008107,Tokyo-7623,-19,73,Normal
2026-02-14 16:11:59.008107,Tokyo-7623,-24,31,Normal
2026-02-14 16:12:00.008107,Tokyo-7623,6,68,Normal
2026-02-14 16:12:01.008107,Tokyo-7623,16,21,Normal
2026-02-14 16:12:02.008107,Tokyo-7623,-22,94,Normal
2026-02-14 16:12:03.008107,Tokyo-7623,4,47,Normal
2026-02-14 16:12:04.008107,Tokyo-7623,39,11,Normal
2026-02-14 16:12:05.008107,Tokyo-7623,19,59,Normal
2026-02-14 16:12:06.008107,Tokyo-7623,22,46,Normal
2026-02-14 16:12:07.008107,Tokyo-7623,2,85,Normal
2026-02-14 16:12:08.008107,Tokyo-7623,11,85,Normal
2026-02-14 16:12:09.008107,Tokyo-7623,49,35,Normal
2026-02-14 16:12:10.008107,Tokyo-7623,49,35,Normal
2026-02-14 16:12:11.008107,Tokyo-7623,-14,80,Normal
2026-02-14 16:12:12.008107,Tokyo-7623,31,93,Normal
2026-02-14 16:12:13.008107,Tokyo-7623,31,14,Normal
2026-02-14 16:12:14.008107,Tokyo-7623,34,46,Normal
2026-02-14 16:12:15.008107,Tokyo-7623,35,0,Normal
2026-02-14 16:12:16.008107,Tokyo-7623,23,71,Normal
2026-02-14 16:12:17.008107,Tokyo-7623,-24,42,Normal
2026-02-14 16:12:18.008107,Tokyo-7623,34,98,Normal
2026-02-14 16:12:19.008107,Tokyo-7623,-8,90,Normal
2026-02-14 16:12:20.008107,Tokyo-7623,44,63,Normal
2026-02-14 16:12:21.008107,Tokyo-7623,14,80,Normal
2026-02-14 16:12:22.008107,Tokyo-7623,26,92,Normal
2026-02-14 16:12:23.008107,Tokyo-7623,30,8,Normal
2026-02-14 16:12:24.008107,Tokyo-7623,13,32,Normal
2026-02-14 16:12:25.008107,Tokyo-7623,-25,100,Normal
2026-02-14 16:12:26.008107,Tokyo-7623,-19,51,Normal
2026-02-14 16:12:27.008107,Tokyo-7623,22,36,Normal
2026-02-14 16:12:28.008107,Tokyo-7623,-1,12,Normal
2026-02-14 16:12:29.008107,Tokyo-7623,-4,84,Normal
2026-02-14 16:12:30.008107,Tokyo-7623,8,34,Normal
2026-02-14 16:12:31.008107,Tokyo-7623,-28,58,Normal
2026-02-14 16:12:32.008107,Tokyo-7623,11,6,Normal
2026-02-14 16:12:33.008107,Tokyo-7623,34,28,Normal
2026-02-14 16:12:34.008107,Tokyo-7623,-24,7,Normal
2026-02-14 16:12:35.008107,Tokyo-7623,3,46,Normal
2026-02-14 16:12:36.008107,Tokyo-7623,0,19,Normal
2026-02-14 16:12:37.008107,Tokyo-7623,43,76,Normal
2026-02-14 16:12:38.008107,Tokyo-7623,-18,97,Normal
2026-02-14 16:12:39.008107,Tokyo-7623,-11,37,Normal
2026-02-14 16:12:40.008107,Tokyo-7623,37,1,Normal
2026-02-14 16:12:41.008107,Tokyo-7623,-23,8,Normal
2026-02-14 16:12:42.008107,Tokyo-7623,-23,92,Normal
2026-02-14 16:12:43.008107,Tokyo-7623,-20,0,Normal
2026-02-14 16:12:44.008107,Tokyo-7623,29,4,Normal
2026-02-14 16:12:45.008107,Tokyo-7623,36,80,Normal
2026-02-14 16:12:46.008107,Tokyo-7623,44,90,Normal
2026-02-14 16:12:47.008107,Tokyo-7623,34,15,Normal
2026-02-14 16:12:48.008107,Tokyo-7623,44,82,Normal
2026-02-14 16:12:49.008107,Tokyo-7623,-16,21,Normal
2026-02-14 16:12:50.008107,Tokyo-7623,4,80,Normal
2026-02-14 16:12:51.008107,Tokyo-7623,18,5,Normal
2026-02-14 16:12:52.008107,Tokyo-7623,28,7,Normal
2026-02-14 16:12:53.008107,Tokyo-7623,-17,95,Normal
2026-02-14 16:12:54.008107,Tokyo-7623,33,26,Normal
2026-02-14 16:12:55.008107,Tokyo-7623,30,19,Normal
2026-02-14 16:12:56.008107,Tokyo-7623,-8,12,Normal
2026-02-14 16:12:57.008107,Tokyo-7623,-27,25,Normal
2026-02-14 16:12:58.008107,Tokyo-7623,-9,98,Normal
2026-02-14 16:12:59.008107,Tokyo-7623,45,22,Normal
2026-02-14 16:13:00.008107,Tokyo-7623,15,23,Normal
2026-02-14 16:13:01.008107,Tokyo-7623,47,98,Normal
2026-02-14 16:13:02.008107,Tokyo-7623,-28,27,Normal
2026-02-14 16:13:03.008107,Tokyo-7623,26,45,Normal
2026-02-14 16:13:04.008107,Tokyo-7623,-12,9,Normal
2026-02-14 16:13:05.008107,Tokyo-7623,-18,28,Normal
2026-02-14 16:13:06.008107,Tokyo-7623,32,27,Normal
2026-02-14 16:13:07.008107,Tokyo-7623,19,20,Normal
2026-02-14 16:13:08.008107,Tokyo-7623,-21,6,Normal
2026-02-14 16:13:09.008107,Tokyo-7623,-22,32,Normal
2026-02-14 16:13:10.008107,Tokyo-7623,26,23,Normal
2026-02-14 16:13:11.008107,Tokyo-7623,-22,77,Normal
2026-02-14 16:13:12.008107,Tokyo-7623,16,90,Normal
2026-02-14 16:13:13.008107,Tokyo-7623,6,81,Normal
2026-02-14 16:13:14.008107,Tokyo-7623,50,69,Normal
2026-02-14 16:13:15.008107,Tokyo-7623,-13,72,Normal
2026-02-14 16:13:16.008107,Tokyo-7623,-27,68,Normal
2026-02-14 16:13:17.008107,Tokyo-7623,45,14,Normal
2026-02-14 16:13:18.008107,Tokyo-7623,28,2,Normal
2026-02-14 16:13:19.008107,Tokyo-7623,28,51,Normal
2026-02-14 16:13:20.008107,Tokyo-7623,-17,43,Normal
2026-02-14 16:13:21.008107,Tokyo-7623,2,83,Normal
2026-02-14 16:13:22.008107,Tokyo-7623,8,93,Normal
2026-02-14 16:13:23.008107,Tokyo-7623,43,31,Normal
2026-02-14 16:13:24.008107,Tokyo-7623,42,49,Normal
2026-02-14 16:13:25.008107,Tokyo-7623,0,98,Normal
2026-02-14 16:13:26.008107,Tokyo-7623,-27,6,Normal
2026-02-14 16:13:27.008107,Tokyo-7623,-17,44,Normal
2026-02-14 16:13:28.008107,Tokyo-7623,4,59,Normal
2026-02-14 16:13:29.008107,Tokyo-7623,39,13,Normal
2026-02-14 16:13:30.008107,Tokyo-7623,25,35,Normal
2026-02-14 16:13:31.008107,Tokyo-7623,-20,69,Normal
2026-02-14 16:13:32.008107,Tokyo-7623,-27,21,Normal
2026-02-14 16:13:33.008107,Tokyo-7623,-30,17,Normal
2026-02-14 16:13:34.008107,Tokyo-7623,47,48,Normal
2026-02-14 16:13:35.008107,Tokyo-7623,14,58,Normal
2026-02-14 16:13:36.008107,Tokyo-7623,29,36,Normal
2026-02-14 16:13:37.008107,Tokyo-7623,33,97,Normal
2026-02-14 16:13:38.008107,Tokyo-7623,-8,79,Normal
2026-02-14 16:13:39.008107,Tokyo-7623,-5,38,Normal
2026-02-14 16:13:40.008107,Tokyo-7623,14,82,Normal
2026-02-14 16:13:41.008107,Tokyo-7623,10,89,Normal
2026-02-14 16:13:42.008107,Tokyo-7623,-26,97,Normal
2026-02-14 16:13:43.008107,Tokyo-7623,-24,12,Normal
2026-02-14 16:13:44.008107,Tokyo-7623,-11,0,Normal
2026-02-14 16:13:45.008107,Tokyo-7623,-11,4,Normal
2026-02-14 16:13:46.008107,Tokyo-7623,37,83,Normal
2026-02-14 16:13:47.008107,Tokyo-7623,7,42,Normal
2026-02-14 16:13:48.008107,Tokyo-7623,-1,32,Normal
2026-02-14 16:13:49.008107,Tokyo-7623,-26,1,Normal
2026-02-14 16:13:50.008107,Tokyo-7623,-4,38,Normal
2026-02-14 16:13:51.008107,Tokyo-7623,-13,22,Normal
2026-02-14 16:13:52.008107,Tokyo-7623,36,100,Normal
2026-02-14 16:13:53.008107,Tokyo-7623,-8,47,Normal
2026-02-14 16:13:54.008107,Tokyo-7623,14,36,Normal
2026-02-14 16:13:55.008107,Tokyo-7623,21,9,Normal
2026-02-14 16:13:56.008107,Tokyo-7623,-10,7,Normal
2026-02-14 16:13:57.008107,Tokyo-7623,17,80,Normal
2026-02-14 16:13:58.008107,Tokyo-7623,28,81,Normal
2026-02-14 16:13:59.008107,Tokyo-7623,22,93,Normal
2026-02-14 16:14:00.008107,Tokyo-7623,23,15,Normal
2026-02-14 16:14:01.008107,Tokyo-7623,-24,47,Normal
2026-02-14 16:14:02.008107,Tokyo-7623,21,65,Normal
2026-02-14 16:14:03.008107,Tokyo-7623,20,23,Normal
2026-02-14 16:14:04.008107,Tokyo-7623,32,35,Normal
2026-02-14 16:14:05.008107,Tokyo-7623,34,24,Normal
2026-02-14 16:14:06.008107,Tokyo-7623,27,32,Normal
2026-02-14 16:14:07.008107,Tokyo-7623,-18,87,Normal
2026-02-14 16:14:08.008107,Tokyo-7623,-6,42,Normal
2026-02-14 16:14:09.008107,Tokyo-7623,-24,25,Normal
2026-02-14 16:14:10.008107,Tokyo-7623,8,63,Normal
2026-02-14 16:14:11.008107,Tokyo-7623,7,8,Normal
2026-02-14 16:14:12.008107,Tokyo-7623,27,59,Normal
2026-02-14 16:14:13.008107,Tokyo-7623,-11,56,Normal
2026-02-14 16:14:14.008107,Tokyo-7623,-11,55,Normal
2026-02-14 16:14:15.008107,Tokyo-7623,-11,90,Normal
2026-02-14 16:14:16.008107,Tokyo-7623,-28,1,Normal
2026-02-14 16:14:17.008107,Tokyo-7623,30,0,Normal
2026-02-14 16:14:18.008107,Tokyo-7623,-12,38,Normal
2026-02-14 16:14:19.008107,Tokyo-7623,6,19,Normal
2026-02-14 16:14:20.008107,Tokyo-7623,-28,35,Normal
2026-02-14 16:14:21.008107,Tokyo-7623,-28,2,Normal
2026-02-14 16:14:22.008107,Tokyo-7623,35,30,Normal
2026-02-14 16:14:23.008107,Tokyo-7623,50,63,Normal
2026-02-14 16:14:24.008107,Tokyo-7623,46,93,Normal
2026-02-14 16:14:25.008107,Tokyo-7623,6,38,Normal
2026-02-14 16:14:26.008107,Tokyo-7623,33,22,Normal
2026-02-14 16:14:27.008107,Tokyo-7623,49,93,Normal
2026-02-14 16:14:28.008107,Tokyo-7623,8,83,Normal
2026-02-14 16:14:29.008107,Tokyo-7623,-15,67,Normal
2026-02-14 16:14:30.008107,Tokyo-7623,25,78,Normal
2026-02-14 16:14:31.008107,Tokyo-7623,46,59,Normal
2026-02-14 16:14:32.008107,Tokyo-7623,45,89,Normal
2026-02-14 16:14:33.008107,Tokyo-7623,-2,95,Normal
2026-02-14 16:14:34.008107,Tokyo-7623,4,19,Normal
2026-02-14 16:14:35.008107,Tokyo-7623,6,94,Normal
2026-02-14 16:14:36.008107,Tokyo-7623,-4,69,Normal
2026-02-14 16:14:37.008107,Tokyo-7623,6,79,Normal
2026-02-14 16:14:38.008107,Tokyo-7623,16,52,Normal
2026-02-14 16:14:39.008107,Tokyo-7623,42,57,Normal
2026-02-14 16:14:40.008107,Tokyo-7623,37,78,Normal
2026-02-14 16:14:41.008107,Tokyo-7623,-23,89,Normal
2026-02-14 16:14:42.008107,Tokyo-7623,-3,12,Normal
2026-02-14 16:14:43.008107,Tokyo-7623,9,82,Normal
2026-02-14 16:14:44.008107,Tokyo-7623,26,30,Normal
2026-02-14 16:14:45.008107,Tokyo-7623,-5,42,Normal
2026-02-14 16:14:46.008107,Tokyo-7623,-5,19,Normal
2026-02-14 16:14:47.008107,Tokyo-7623,-26,72,Normal
2026-02-14 16:14:48.008107,Tokyo-7623,18,34,Normal
2026-02-14 16:14:49.008107,Tokyo-7623,0,33,Normal
2026-02-14 16:14:50.008107,Tokyo-7623,-11,100,Normal
2026-02-14 16:14:51.008107,Tokyo-7623,25,2,Normal
2026-02-14 16:14:52.008107,Tokyo-7623,23,47,Normal
2026-02-14 16:14:53.008107,Tokyo-7623,50,58,Normal
2026-02-14 16:14:54.008107,Tokyo-7623,10,28,Normal
2026-02-14 16:14:55.008107,Tokyo-7623,36,82,Normal
2026-02-14 16:14:56.008107,Tokyo-7623,-17,76,Normal
2026-02-14 16:14:57.008107,Tokyo-7623,15,27,Normal
2026-02-14 16:14:58.008107,Tokyo-7623,-14,49,Normal
2026-02-14 16:14:59.008107,Tokyo-7623,46,86,Normal
2026-02-14 16:15:00.008107,Tokyo-7623,-24,59,Normal
2026-02-14 16:15:01.008107,Tokyo-7623,-19,84,Normal
2026-02-14 16:15:02.008107,Tokyo-7623,20,28,Normal
2026-02-14 16:15:03.008107,Tokyo-7623,7,8,Normal
2026-02-14 16:15:04.008107,Tokyo-7623,23,37,Normal
2026-02-14 16:15:05.008107,Tokyo-7623,14,28,Normal
2026-02-14 16:15:06.008107,Tokyo-7623,-24,59,Normal
2026-02-14 16:15:07.008107,Tokyo-7623,15,17,Normal
2026-02-14 16:15:08.008107,Tokyo-7623,33,35,Normal
2026-02-14 16:15:09.008107,Tokyo-7623,-30,96,Normal
2026-02-14 16:15:10.008107,Tokyo-7623,38,77,Normal
2026-02-14 16:15:11.008107,Tokyo-7623,24,32,Normal
2026-02-14 16:15:12.008107,Tokyo-7623,23,60,Normal
2026-02-14 16:15:13.008107,Tokyo-7623,16,96,Normal
2026-02-14 16:15:14.008107,Tokyo-7623,-20,27,Normal
2026-02-14 16:15:15.008107,Tokyo-7623,11,69,Normal
2026-02-14 16:15:16.008107,Tokyo-7623,-10,12,Normal
2026-02-14 16:15:17.008107,Tokyo-7623,-7,49,Normal
2026-02-14 16:15:18.008107,Tokyo-7623,17,91,Normal
2026-02-14 16:15:19.008107,Tokyo-7623,41,89,Normal
2026-02-14 16:15:20.008107,Tokyo-7623,-7,56,Normal
2026-02-14 16:15:21.008107,Tokyo-7623,-11,46,Normal
2026-02-14 16:15:22.008107,Tokyo-7623,-23,6,Normal
2026-02-14 16:15:23.008107,Tokyo-7623,-1,9,Normal
2026-02-14 16:15:24.008107,Tokyo-7623,36,40,Normal
2026-02-14 16:15:25.008107,Tokyo-7623,45,0,Normal
2026-02-14 16:15:26.008107,Tokyo-7623,43,5,Normal
2026-02-14 16:15:27.008107,Tokyo-7623,20,84,Normal
2026-02-14 16:15:28.008107,Tokyo-7623,-18,32,Normal
2026-02-14 16:15:29.008107,Tokyo-7623,28,64,Normal
2026-02-14 16:15:30.008107,Tokyo-7623,-4,20,Normal
2026-02-14 16:15:31.008107,Tokyo-7623,10,49,Normal
2026-02-14 16:15:32.008107,Tokyo-7623,14,19,Normal
2026-02-14 16:15:33.008107,Tokyo-7623,-28,81,Normal
2026-02-14 16:15:34.008107,Tokyo-7623,18,1,Normal
2026-02-14 16:15:35.008107,Tokyo-7623,-23,68,Normal
2026-02-14 16:15:36.008107,Tokyo-7623,5,87,Normal
2026-02-14 16:15:37.008107,Tokyo-7623,-1,3,Normal
2026-02-14 16:15:38.008107,Tokyo-7623,-3,88,Normal
2026-02-14 16:15:39.008107,Tokyo-7623,48,4,Normal
2026-02-14 16:15:40.008107,Tokyo-7623,-25,34,Normal
2026-02-14 16:15:41.008107,Tokyo-7623,11,9,Normal
2026-02-14 16:15:42.008107,Tokyo-7623,36,82,Normal
2026-02-14 16:15:43.008107,Tokyo-7623,34,50,Normal
2026-02-14 16:15:44.008107,Tokyo-7623,30,6,Normal
2026-02-14 16:15:45.008107,Tokyo-7623,-26,46,Normal
2026-02-14 16:15:46.008107,Tokyo-7623,-21,46,Normal
2026-02-14 16:15:47.008107,Tokyo-7623,1,31,Normal
2026-02-14 16:15:48.008107,Tokyo-7623,29,47,Normal
2026-02-14 16:15:49.008107,Tokyo-7623,-8,97,Normal
2026-02-14 16:15:50.008107,Tokyo-7623,39,61,Normal
2026-02-14 16:15:51.008107,Tokyo-7623,38,24,Normal
2026-02-14 16:15:52.008107,Tokyo-7623,-14,93,Normal
2026-02-14 16:15:53.008107,Tokyo-7623,15,86,Normal
2026-02-14 16:15:54.008107,Tokyo-7623,-25,46,Normal
2026-02-14 16:15:55.008107,Tokyo-7623,43,73,Normal
2026-02-14 16:15:56.008107,Tokyo-7623,-15,76,Normal
2026-02-14 16:15:57.008107,Tokyo-7623,-26,2,Normal
2026-02-14 16:15:58.008107,Tokyo-7623,40,35,Normal
2026-02-14 16:15:59.008107,Tokyo-7623,-29,90,Normal
2026-02-14 16:16:00.008107,Tokyo-7623,47,30,Normal
2026-02-14 16:16:01.008107,Tokyo-7623,9,42,Normal
2026-02-14 16:16:02.008107,Tokyo-7623,-20,61,Normal
2026-02-14 16:16:03.008107,Tokyo-7623,28,77,Normal
2026-02-14 16:16:04.008107,Tokyo-7623,28,27,Normal
2026-02-14 16:16:05.008107,Tokyo-7623,43,88,Normal
2026-02-14 16:16:06.008107,Tokyo-7623,-27,45,Normal
2026-02-14 16:16:07.008107,Tokyo-7623,48,22,Normal
2026-02-14 16:16:08.008107,Tokyo-7623,-1,6,Normal
2026-02-14 16:16:09.008107,Tokyo-7623,20,97,Normal
2026-02-14 16:16:10.008107,Tokyo-7623,8,59,Normal
2026-02-14 16:16:11.008107,Tokyo-7623,-10,67,Normal
2026-02-14 16:16:12.008107,Tokyo-7623,43,1,Normal
2026-02-14 16:16:13.008107,Tokyo-7623,-11,38,Normal
2026-02-14 16:16:14.008107,Tokyo-7623,26,17,Normal
2026-02-14 16:16:15.008107,Tokyo-7623,-5,90,Normal
2026-02-14 16:16:16.008107,Tokyo-7623,7,35,Normal
2026-02-14 16:16:17.008107,Tokyo-7623,-8,69,Normal
2026-02-14 16:16:18.008107,Tokyo-7623,-16,27,Normal
2026-02-14 16:16:19.008107,Tokyo-7623,30,95,Normal
2026-02-14 16:16:20.008107,Tokyo-7623,47,4,Normal
2026-02-14 16:16:21.008107,Tokyo-7623,-5,13,Normal
2026-02-14 16:16:22.008107,Tokyo-7623,-25,7,Normal
2026-02-14 16:16:23.008107,Tokyo-7623,36,31,Normal
2026-02-14 16:16:24.008107,Tokyo-7623,38,69,Normal
2026-02-14 16:16:25.008107,Tokyo-7623,6,93,Normal
2026-02-14 16:16:26.008107,Tokyo-7623,50,73,Normal
2026-02-14 16:16:27.008107,Tokyo-7623,27,40,Normal
2026-02-14 16:16:28.008107,Tokyo-7623,8,41,Normal
2026-02-14 16:16:29.008107,Tokyo-7623,11,47,Normal
2026-02-14 16:16:30.008107,Tokyo-7623,-12,64,Normal
2026-02-14 16:16:31.008107,Tokyo-7623,10,44,Normal
2026-02-14 16:16:32.008107,Tokyo-7623,50,98,Normal
2026-02-14 16:16:33.008107,Tokyo-7623,14,49,Normal
2026-02-14 16:16:34.008107,Tokyo-7623,-22,13,Normal
2026-02-14 16:16:35.008107,Tokyo-7623,11,83,Normal
2026-02-14 16:16:36.008107,Tokyo-7623,42,42,Normal
2026-02-14 16:16:37.008107,Tokyo-7623,43,59,Normal
2026-02-14 16:16:38.008107,Tokyo-7623,-13,65,Normal
2026-02-14 16:16:39.008107,Tokyo-7623,-24,28,Normal
2026-02-14 16:16:40.008107,Tokyo-7623,-30,39,Normal
2026-02-14 16:16:41.008107,Tokyo-7623,5,47,Normal
2026-02-14 16:16:42.008107,Tokyo-7623,34,11,Normal
2026-02-14 16:16:43.008107,Tokyo-7623,5,4,Normal
2026-02-14 16:16:44.008107,Tokyo-7623,3,52,Normal
2026-02-14 16:16:45.008107,Tokyo-7623,27,31,Normal
2026-02-14 16:16:46.008107,Tokyo-7623,-27,76,Normal
2026-02-14 16:16:47.008107,Tokyo-7623,2,58,Normal
2026-02-14 16:16:48.008107,Tokyo-7623,-27,65,Normal
2026-02-14 16:16:49.008107,Tokyo-7623,-13,75,Normal
2026-02-14 16:16:50.008107,Tokyo-7623,21,77,Normal
2026-02-14 16:16:51.008107,Tokyo-7623,14,26,Normal
2026-02-14 16:16:52.008107,Tokyo-7623,-30,24,Normal
2026-02-14 16:16:53.008107,Tokyo-7623,35,75,Normal
2026-02-14 16:16:54.008107,Tokyo-7623,34,26,Normal
2026-02-14 16:16:55.008107,Tokyo-7623,38,50,Normal
2026-02-14 16:16:56.008107,Tokyo-7623,13,88,Normal
2026-02-14 16:16:57.008107,Tokyo-7623,15,94,Normal
2026-02-14 16:16:58.008107,Tokyo-7623,-19,37,Normal
2026-02-14 16:16:59.008107,Tokyo-7623,-29,23,Normal
2026-02-14 16:17:00.008107,Tokyo-7623,41,39,Normal
2026-02-14 16:17:01.008107,Tokyo-7623,-1,1,Normal
2026-02-14 16:17:02.008107,Tokyo-7623,-30,95,Normal
2026-02-14 16:17:03.008107,Tokyo-7623,39,60,Normal
2026-02-14 16:17:04.008107,Tokyo-7623,44,17,Normal
2026-02-14 16:17:05.008107,Tokyo-7623,0,58,Normal
2026-02-14 16:17:06.008107,Tokyo-7623,5,67,Normal
2026-02-14 16:17:07.008107,Tokyo-7623,1,70,Normal
2026-02-14 16:17:08.008107,Tokyo-7623,26,11,Normal
2026-02-14 16:17:09.008107,Tokyo-7623,-22,9,Normal
2026-02-14 16:17:10.008107,Tokyo-7623,12,37,Normal
2026-02-14 16:17:11.008107,Tokyo-7623,7,85,Normal
2026-02-14 16:17:12.008107,Tokyo-7623,12,97,Normal
2026-02-14 16:17:13.008107,Tokyo-7623,7,24,Normal
2026-02-14 16:17:14.008107,Tokyo-7623,5,9,Normal
2026-02-14 16:17:15.008107,Tokyo-7623,-11,85,Normal
2026-02-14 16:17:16.008107,Tokyo-7623,-26,65,Normal
2026-02-14 16:17:17.008107,Tokyo-7623,-17,56,Normal
2026-02-14 16:17:18.008107,Tokyo-7623,0,10,Normal
2026-02-14 16:17:19.008107,Tokyo-7623,4,40,Normal
2026-02-14 16:17:20.008107,Tokyo-7623,28,39,Normal
2026-02-14 16:17:21.008107,Tokyo-7623,-24,12,Normal
2026-02-14 16:17:22.008107,Tokyo-7623,34,51,Normal
2026-02-14 16:17:23.008107,Tokyo-7623,49,45,Normal
2026-02-14 16:17:24.008107,Tokyo-7623,-25,32,Normal
2026-02-14 16:17:25.008107,Tokyo-7623,-30,85,Normal
2026-02-14 16:17:26.008107,Tokyo-7623,9,21,Normal
2026-02-14 16:17:27.008107,Tokyo-7623,4,20,Normal
2026-02-14 16:17:28.008107,Tokyo-7623,17,9,Normal
2026-02-14 16:17:29.008107,Tokyo-7623,-28,100,Normal
2026-02-14 16:17:30.008107,Tokyo-7623,-16,81,Normal
2026-02-14 16:17:31.008107,Tokyo-7623,17,22,Normal
2026-02-14 16:17:32.008107,Tokyo-7623,49,65,Normal
2026-02-14 16:17:33.008107,Tokyo-7623,-5,73,Normal
2026-02-14 16:17:34.008107,Tokyo-7623,-12,82,Normal
2026-02-14 16:17:35.008107,Tokyo-7623,-8,100,Normal
2026-02-14 16:17:36.008107,Tokyo-7623,10,47,Normal
2026-02-14 16:17:37.008107,Tokyo-7623,-2,55,Normal
2026-02-14 16:17:38.008107,Tokyo-7623,0,80,Normal
2026-02-14 16:17:39.008107,Tokyo-7623,32,13,Normal
2026-02-14 16:17:40.008107,Tokyo-7623,-18,32,Normal
2026-02-14 16:17:41.008107,Tokyo-7623,24,58,Normal
2026-02-14 16:17:42.008107,Tokyo-7623,1,28,Normal
2026-02-14 16:17:43.008107,Tokyo-7623,39,52,Normal
2026-02-14 16:17:44.008107,Tokyo-7623,4,81,Normal
2026-02-14 16:17:45.008107,Tokyo-7623,-22,3,Normal
2026-02-14 16:17:46.008107,Tokyo-7623,24,61,Normal
2026-02-14 16:17:47.008107,Tokyo-7623,-24,69,Normal
2026-02-14 16:17:48.008107,Tokyo-7623,48,61,Normal
2026-02-14 16:17:49.008107,Tokyo-7623,-4,3,Normal
2026-02-14 16:17:50.008107,Tokyo-7623,-15,36,Normal
2026-02-14 16:17:51.008107,Tokyo-7623,-11,64,Normal
2026-02-14 16:17:52.008107,Tokyo-7623,42,42,Normal
2026-02-14 16:17:53.008107,Tokyo-7623,20,13,Normal
2026-02-14 16:17:54.008107,Tokyo-7623,19,42,Normal
2026-02-14 16:17:55.008107,Tokyo-7623,19,12,Normal
2026-02-14 16:17:56.008107,Tokyo-7623,-30,78,Normal
2026-02-14 16:17:57.008107,Tokyo-7623,-8,64,Normal
2026-02-14 16:17:58.008107,Tokyo-7623,-6,51,Normal
2026-02-14 16:17:59.008107,Tokyo-7623,14,40,Normal
2026-02-14 16:18:00.008107,Tokyo-7623,2,81,Normal
2026-02-14 16:18:01.008107,Tokyo-7623,-19,60,Normal
2026-02-14 16:18:02.008107,Tokyo-7623,23,10,Normal
2026-02-14 16:18:03.008107,Tokyo-7623,-18,69,Normal
2026-02-14 16:18:04.008107,Tokyo-7623,35,76,Normal
2026-02-14 16:18:05.008107,Tokyo-7623,34,54,Normal
2026-02-14 16:18:06.008107,Tokyo-7623,41,22,Normal
2026-02-14 16:18:07.008107,Tokyo-7623,42,76,Normal
2026-02-14 16:18:08.008107,Tokyo-7623,32,77,Normal
2026-02-14 16:18:09.008107,Tokyo-7623,8,35,Normal
2026-02-14 16:18:10.008107,Tokyo-7623,7,21,Normal
2026-02-14 16:18:11.008107,Tokyo-7623,20,46,Normal
2026-02-14 16:18:12.008107,Tokyo-7623,48,99,Normal
2026-02-14 16:18:13.008107,Tokyo-7623,18,65,Normal
2026-02-14 16:18:14.008107,Tokyo-7623,24,27,Normal
2026-02-14 16:18:15.008107,Tokyo-7623,10,73,Normal
2026-02-14 16:18:16.008107,Tokyo-7623,38,45,Normal
2026-02-14 16:18:17.008107,Tokyo-7623,-21,66,Normal
2026-02-14 16:18:18.008107,Tokyo-7623,17,69,Normal
2026-02-14 16:18:19.008107,Tokyo-7623,-30,42,Normal
2026-02-14 16:18:20.008107,Tokyo-7623,-22,79,Normal
2026-02-14 16:18:21.008107,Tokyo-7623,-6,5,Normal
2026-02-14 16:18:22.008107,Tokyo-7623,30,59,Normal
2026-02-14 16:18:23.008107,Tokyo-7623,47,32,Normal
2026-02-14 16:18:24.008107,Tokyo-7623,-23,60,Normal
2026-02-14 16:18:25.008107,Tokyo-7623,0,1,Normal
2026-02-14 16:18:26.008107,Tokyo-7623,-8,64,Normal
2026-02-14 16:18:27.008107,Tokyo-7623,-17,75,Normal
2026-02-14 16:18:28.008107,Tokyo-7623,30,85,Normal
2026-02-14 16:18:29.008107,Tokyo-7623,-7,24,Normal
2026-02-14 16:18:30.008107,Tokyo-7623,7,94,Normal
2026-02-14 16:18:31.008107,Tokyo-7623,45,84,Normal
2026-02-14 16:18:32.008107,Tokyo-7623,24,9,Normal
2026-02-14 16:18:33.008107,Tokyo-7623,48,74,Normal
2026-02-14 16:18:34.008107,Tokyo-7623,49,77,Normal
2026-02-14 16:18:35.008107,Tokyo-7623,-10,83,Normal
2026-02-14 16:18:36.008107,Tokyo-7623,-20,3,Normal
2026-02-14 16:18:37.008107,Tokyo-7623,17,31,Normal
2026-02-14 16:18:38.008107,Tokyo-7623,13,14,Normal
2026-02-14 16:18:39.008107,Tokyo-7623,30,14,Normal
2026-02-14 16:18:40.008107,Tokyo-7623,8,79,Normal
2026-02-14 16:18:41.008107,Tokyo-7623,18,23,Normal
2026-02-14 16:18:42.008107,Tokyo-7623,16,99,Normal
2026-02-14 16:18:43.008107,Tokyo-7623,-19,72,Normal
2026-02-14 16:18:44.008107,Tokyo-7623,27,84,Normal
2026-02-14 16:18:45.008107,Tokyo-7623,29,77,Normal
2026-02-14 16:18:46.008107,Tokyo-7623,45,76,Normal
2026-02-14 16:18:47.008107,Tokyo-7623,46,86,Normal
2026-02-14 16:18:48.008107,Tokyo-7623,-28,80,Normal
2026-02-14 16:18:49.008107,Tokyo-7623,40,28,Normal
2026-02-14 16:18:50.008107,Tokyo-7623,-13,6,Normal
2026-02-14 16:18:51.008107,Tokyo-7623,11,31,Normal
2026-02-14 16:18:52.008107,Tokyo-7623,2,41,Normal
2026-02-14 16:18:53.008107,Tokyo-7623,-1,89,Normal
2026-02-14 16:18:54.008107,Tokyo-7623,17,51,Normal
2026-02-14 16:18:55.008107,Tokyo-7623,-27,11,Normal
2026-02-14 16:18:56.008107,Tokyo-7623,46,16,Normal
2026-02-14 16:18:57.008107,Tokyo-7623,23,44,Normal
2026-02-14 16:18:58.008107,Tokyo-7623,35,62,Normal
2026-02-14 16:18:59.008107,Tokyo-7623,-9,63,Normal
2026-02-14 16:19:00.008107,Tokyo-7623,20,90,Normal
2026-02-14 16:19:01.008107,Tokyo-7623,-27,40,Normal
2026-02-14 16:19:02.008107,Tokyo-7623,33,63,Normal
2026-02-14 16:19:03.008107,Tokyo-7623,39,21,Normal
2026-02-14 16:19:04.008107,Tokyo-7623,-13,55,Normal
2026-02-14 16:19:05.008107,Tokyo-7623,19,47,Normal
2026-02-14 16:19:06.008107,Tokyo-7623,-27,22,Normal
2026-02-14 16:19:07.008107,Tokyo-7623,-8,33,Normal
2026-02-14 16:19:08.008107,Tokyo-7623,-1,9,Normal
2026-02-14 16:19:09.008107,Tokyo-7623,36,76,Normal
2026-02-14 16:19:10.008107,Tokyo-7623,35,3,Normal
2026-02-14 16:19:11.008107,Tokyo-7623,-23,51,Normal
2026-02-14 16:19:12.008107,Tokyo-7623,-6,87,Normal
2026-02-14 16:19:13.008107,Tokyo-7623,-11,29,Normal
2026-02-14 16:19:14.008107,Tokyo-7623,8,53,Normal
2026-02-14 16:19:15.008107,Tokyo-7623,-16,92,Normal
2026-02-14 16:19:16.008107,Tokyo-7623,31,28,Normal
2026-02-14 16:19:17.008107,Tokyo-7623,20,87,Normal
2026-02-14 16:19:18.008107,Tokyo-7623,-30,1,Normal
2026-02-14 16:19:19.008107,Tokyo-7623,-23,76,Normal
2026-02-14 16:19:20.008107,Tokyo-7623,-14,94,Normal
2026-02-14 16:19:21.008107,Tokyo-7623,-6,25,Normal
2026-02-14 16:19:22.008107,Tokyo-7623,39,37,Normal
2026-02-14 16:19:23.008107,Tokyo-7623,-15,25,Normal
2026-02-14 16:19:24.008107,Tokyo-7623,-14,24,Normal
2026-02-14 16:19:25.008107,Tokyo-7623,10,77,Normal
2026-02-14 16:19:26.008107,Tokyo-7623,5,91,Normal
2026-02-14 16:19:27.008107,Tokyo-7623,-24,42,Normal
2026-02-14 16:19:28.008107,Tokyo-7623,-12,38,Normal
2026-02-14 16:19:29.008107,Tokyo-7623,15,94,Normal
2026-02-14 16:19:30.008107,Tokyo-7623,0,73,Normal
2026-02-14 16:19:31.008107,Tokyo-7623,33,96,Normal
2026-02-14 16:19:32.008107,Tokyo-7623,-17,96,Normal
2026-02-14 16:19:33.008107,Tokyo-7623,28,78,Normal
2026-02-14 16:19:34.008107,Tokyo-7623,-28,47,Normal
2026-02-14 16:19:35.008107,Tokyo-7623,-29,59,Normal
2026-02-14 16:19:36.008107,Tokyo-7623,39,37,Normal
2026-02-14 16:19:37.008107,Tokyo-7623,-25,11,Normal
2026-02-14 16:19:38.008107,Tokyo-7623,26,30,Normal
2026-02-14 16:19:39.008107,Tokyo-7623,1,52,Normal
2026-02-14 16:19:40.008107,Tokyo-7623,-26,99,Normal
2026-02-14 16:19:41.008107,Tokyo-7623,-28,57,Normal
2026-02-14 16:19:42.008107,Tokyo-7623,3,57,Normal
2026-02-14 16:19:43.008107,Tokyo-7623,3,32,Normal
2026-02-14 16:19:44.008107,Tokyo-7623,-3,60,Normal
2026-02-14 16:19:45.008107,Tokyo-7623,-17,47,Normal
2026-02-14 16:19:46.008107,Tokyo-7623,-1,1,Normal
2026-02-14 16:19:47.008107,Tokyo-7623,-20,91,Normal
2026-02-14 16:19:48.008107,Tokyo-7623,41,95,Normal
2026-02-14 16:19:49.008107,Tokyo-7623,-12,73,Normal
2026-02-14 16:19:50.008107,Tokyo-7623,-3,43,Normal
2026-02-14 16:19:51.008107,Tokyo-7623,11,13,Normal
2026-02-14 16:19:52.008107,Tokyo-7623,-12,58,Normal
2026-02-14 16:19:53.008107,Tokyo-7623,-13,96,Normal
2026-02-14 16:19:54.008107,Tokyo-7623,14,46,Normal
2026-02-14 16:19:55.008107,Tokyo-7623,-24,28,Normal
2026-02-14 16:19:56.008107,Tokyo-7623,27,70,Normal
2026-02-14 16:19:57.008107,Tokyo-7623,20,49,Normal
2026-02-14 16:19:58.008107,Tokyo-7623,4,1,Normal
2026-02-14 16:19:59.008107,Tokyo-7623,17,93,Normal
2026-02-14 16:20:00.008107,Tokyo-7623,20,43,Normal
2026-02-14 16:20:01.008107,Tokyo-7623,42,7,Normal
2026-02-14 16:20:02.008107,Tokyo-7623,14,41,Normal
2026-02-14 16:20:03.008107,Tokyo-7623,42,39,Normal
2026-02-14 16:20:04.008107,Tokyo-7623,47,83,Normal
2026-02-14 16:20:05.008107,Tokyo-7623,-7,20,Normal
2026-02-14 16:20:06.008107,Tokyo-7623,41,80,Normal
2026-02-14 16:20:07.008107,Tokyo-7623,20,80,Normal
2026-02-14 16:20:08.008107,Tokyo-7623,42,52,Normal
2026-02-14 16:20:09.008107,Tokyo-7623,-19,90,Normal
2026-02-14 16:20:10.008107,Tokyo-7623,49,11,Normal
2026-02-14 16:20:11.008107,Tokyo-7623,36,96,Normal
2026-02-14 16:20:12.008107,Tokyo-7623,-17,98,Normal
2026-02-14 16:20:13.008107,Tokyo-7623,33,75,Normal
2026-02-14 16:20:14.008107,Tokyo-7623,45,4,Normal
2026-02-14 16:20:15.008107,Tokyo-7623,9,60,Normal
2026-02-14 16:20:16.008107,Tokyo-7623,25,71,Normal
2026-02-14 16:20:17.008107,Tokyo-7623,22,54,Normal
2026-02-14 16:20:18.008107,Tokyo-7623,-2,80,Normal
2026-02-14 16:20:19.008107,Tokyo-7623,-19,50,Normal
2026-02-14 16:20:20.008107,Tokyo-7623,16,84,Normal
2026-02-14 16:20:21.008107,Tokyo-7623,-2,1,Normal
2026-02-14 16:20:22.008107,Tokyo-7623,14,30,Normal
2026-02-14 16:20:23.008107,Tokyo-7623,19,17,Normal
2026-02-14 16:20:24.008107,Tokyo-7623,27,6,Normal
2026-02-14 16:20:25.008107,Tokyo-7623,5,81,Normal
2026-02-14 16:20:26.008107,Tokyo-7623,0,69,Normal
2026-02-14 16:20:27.008107,Tokyo-7623,-23,29,Normal
2026-02-14 16:20:28.008107,Tokyo-7623,44,45,Normal
2026-02-14 16:20:29.008107,Tokyo-7623,-25,9,Normal
2026-02-14 16:20:30.008107,Tokyo-7623,35,88,Normal
2026-02-14 16:20:31.008107,Tokyo-7623,9,90,Normal
2026-02-14 16:20:32.008107,Tokyo-7623,-25,49,Normal
2026-02-14 16:20:33.008107,Tokyo-7623,-10,49,Normal
2026-02-14 16:20:34.008107,Tokyo-7623,-24,82,Normal
2026-02-14 16:20:35.008107,Tokyo-7623,-6,58,Normal
2026-02-14 16:20:36.008107,Tokyo-7623,40,38,Normal
2026-02-14 16:20:37.008107,Tokyo-7623,18,57,Normal
2026-02-14 16:20:38.008107,Tokyo-7623,41,31,Normal
2026-02-14 16:20:39.008107,Tokyo-7623,-26,6,Normal
2026-02-14 16:20:40.008107,Tokyo-7623,-4,26,Normal
2026-02-14 16:20:41.008107,Tokyo-7623,35,0,Normal
2026-02-14 16:20:42.008107,Tokyo-7623,-21,26,Normal
2026-02-14 16:20:43.008107,Tokyo-7623,-20,41,Normal
2026-02-14 16:20:44.008107,Tokyo-7623,48,63,Normal
2026-02-14 16:20:45.008107,Tokyo-7623,-2,94,Normal
2026-02-14 16:20:46.008107,Tokyo-7623,-2,2,Normal
2026-02-14 16:20:47.008107,Tokyo-7623,-8,25,Normal
2026-02-14 16:20:48.008107,Tokyo-7623,7,94,Normal
2026-02-14 16:20:49.008107,Tokyo-7623,7,42,Normal
2026-02-14 16:20:50.008107,Tokyo-7623,39,86,Normal
2026-02-14 16:20:51.008107,Tokyo-7623,-13,92,Normal
2026-02-14 16:20:52.008107,Tokyo-7623,-6,70,Normal
2026-02-14 16:20:53.008107,Tokyo-7623,-20,57,Normal
2026-02-14 16:20:54.008107,Tokyo-7623,43,20,Normal
2026-02-14 16:20:55.008107,Tokyo-7623,32,98,Normal
2026-02-14 16:20:56.008107,Tokyo-7623,29,48,Normal
2026-02-14 16:20:57.008107,Tokyo-7623,17,4,Normal
2026-02-14 16:20:58.008107,Tokyo-7623,-22,45,Normal
2026-02-14 16:20:59.008107,Tokyo-7623,31,1,Normal
2026-02-14 16:21:00.008107,Tokyo-7623,36,41,Normal
2026-02-14 16:21:01.008107,Tokyo-7623,-20,20,Normal
2026-02-14 16:21:02.008107,Tokyo-7623,-28,53,Normal
2026-02-14 16:21:03.008107,Tokyo-7623,18,57,Normal
2026-02-14 16:21:04.008107,Tokyo-7623,-2,44,Normal
2026-02-14 16:21:05.008107,Tokyo-7623,6,47,Normal
2026-02-14 16:21:06.008107,Tokyo-7623,-16,93,Normal
2026-02-14 16:21:07.008107,Tokyo-7623,-20,62,Normal
2026-02-14 16:21:08.008107,Tokyo-7623,-5,41,Normal
2026-02-14 16:21:09.008107,Tokyo-7623,26,84,Normal
2026-02-14 16:21:10.008107,Tokyo-7623,-4,56,Normal
2026-02-14 16:21:11.008107,Tokyo-7623,46,79,Normal
2026-02-14 16:21:12.008107,Tokyo-7623,31,6,Normal
2026-02-14 16:21:13.008107,Tokyo-7623,-21,80,Normal
2026-02-14 16:21:14.008107,Tokyo-7623,-17,86,Normal
2026-02-14 16:21:15.008107,Tokyo-7623,34,54,Normal
2026-02-14 16:21:16.008107,Tokyo-7623,-29,66,Normal
2026-02-14 16:21:17.008107,Tokyo-7623,25,87,Normal
2026-02-14 16:21:18.008107,Tokyo-7623,-13,82,Normal
2026-02-14 16:21:19.008107,Tokyo-7623,-12,38,Normal
2026-02-14 16:21:20.008107,Tokyo-7623,30,11,Normal
2026-02-14 16:21:21.008107,Tokyo-7623,49,25,Normal
2026-02-14 16:21:22.008107,Tokyo-7623,-23,83,Normal
2026-02-14 16:21:23.008107,Tokyo-7623,8,49,Normal
2026-02-14 16:21:24.008107,Tokyo-7623,-25,27,Normal
2026-02-14 16:21:25.008107,Tokyo-7623,-29,85,Normal
2026-02-14 16:21:26.008107,Tokyo-7623,46,14,Normal
2026-02-14 16:21:27.008107,Tokyo-7623,14,70,Normal
2026-02-14 16:21:28.008107,Tokyo-7623,12,4,Normal
2026-02-14 16:21:29.008107,Tokyo-7623,-5,91,Normal
2026-02-14 16:21:30.008107,Tokyo-7623,27,58,Normal
2026-02-14 16:21:31.008107,Tokyo-7623,47,88,Normal
2026-02-14 16:21:32.008107,Tokyo-7623,16,34,Normal
2026-02-14 16:21:33.008107,Tokyo-7623,6,83,Normal
2026-02-14 16:21:34.008107,Tokyo-7623,40,8,Normal
2026-02-14 16:21:35.008107,Tokyo-7623,16,72,Normal
2026-02-14 16:21:36.008107,Tokyo-7623,-9,89,Normal
2026-02-14 16:21:37.008107,Tokyo-7623,-16,58,Normal
2026-02-14 16:21:38.008107,Tokyo-7623,2,97,Normal
2026-02-14 16:21:39.008107,Tokyo-7623,22,86,Normal
2026-02-14 16:21:40.008107,Tokyo-7623,35,22,Normal
2026-02-14 16:21:41.008107,Tokyo-7623,-17,82,Normal
2026-02-14 16:21:42.008107,Tokyo-7623,10,99,Normal
2026-02-14 16:21:43.008107,Tokyo-7623,-15,82,Normal
2026-02-14 16:21:44.008107,Tokyo-7623,-29,23,Normal
2026-02-14 16:21:45.008107,Tokyo-7623,-10,79,Normal
2026-02-14 16:21:46.008107,Tokyo-7623,48,8,Normal
2026-02-14 16:21:47.008107,Tokyo-7623,-23,69,Normal
2026-02-14 16:21:48.008107,Tokyo-7623,21,15,Normal
2026-02-14 16:21:49.008107,Tokyo-7623,23,37,Normal
2026-02-14 16:21:50.008107,Tokyo-7623,4,21,Normal
2026-02-14 16:21:51.008107,Tokyo-7623,13,12,Normal
2026-02-14 16:21:52.008107,Tokyo-7623,-28,60,Normal
2026-02-14 16:21:53.008107,Tokyo-7623,22,49,Normal
2026-02-14 16:21:54.008107,Tokyo-7623,-10,47,Normal
2026-02-14 16:21:55.008107,Tokyo-7623,12,88,Normal
2026-02-14 16:21:56.008107,Tokyo-7623,-11,23,Normal
2026-02-14 16:21:57.008107,Tokyo-7623,22,71,Normal
2026-02-14 16:21:58.008107,Tokyo-7623,44,94,Normal
2026-02-14 16:21:59.008107,Tokyo-7623,46,84,Normal
2026-02-14 16:22:00.008107,Tokyo-7623,-13,64,Normal
2026-02-14 16:22:01.008107,Tokyo-7623,50,35,Normal
2026-02-14 16:22:02.008107,Tokyo-7623,41,43,Normal
2026-02-14 16:22:03.008107,Tokyo-7623,18,62,Normal
2026-02-14 16:22:04.008107,Tokyo-7623,-6,24,Normal
2026-02-14 16:22:05.008107,Tokyo-7623,34,67,Normal
2026-02-14 16:22:06.008107,Tokyo-7623,36,47,Normal
2026-02-14 16:22:07.008107,Tokyo-7623,-1,87,Normal
2026-02-14 16:22:08.008107,Tokyo-7623,-16,84,Normal
2026-02-14 16:22:09.008107,Tokyo-7623,-23,71,Normal
2026-02-14 16:22:10.008107,Tokyo-7623,-24,42,Normal
2026-02-14 16:22:11.008107,Tokyo-7623,-25,84,Normal
2026-02-14 16:22:12.008107,Tokyo-7623,35,42,Normal
2026-02-14 16:22:13.008107,Tokyo-7623,-1,39,Normal
2026-02-14 16:22:14.008107,Tokyo-7623,-22,59,Normal
2026-02-14 16:22:15.008107,Tokyo-7623,-9,83,Normal
2026-02-14 16:22:16.008107,Tokyo-7623,49,46,Normal
2026-02-14 16:22:17.008107,Tokyo-7623,4,54,Normal
2026-02-14 16:22:18.008107,Tokyo-7623,27,51,Normal
2026-02-14 16:22:19.008107,Tokyo-7623,14,30,Normal
2026-02-14 16:22:20.008107,Tokyo-7623,-1,51,Normal
2026-02-14 16:22:21.008107,Tokyo-7623,-28,62,Normal
2026-02-14 16:22:22.008107,Tokyo-7623,27,80,Normal
2026-02-14 16:22:23.008107,Tokyo-7623,23,33,Normal
2026-02-14 16:22:24.008107,Tokyo-7623,2,92,Normal
2026-02-14 16:22:25.008107,Tokyo-7623,-13,8,Normal
2026-02-14 16:22:26.008107,Tokyo-7623,20,33,Normal
2026-02-14 16:22:27.008107,Tokyo-7623,4,55,Normal
2026-02-14 16:22:28.008107,Tokyo-7623,6,92,Normal
2026-02-14 16:22:29.008107,Tokyo-7623,46,32,Normal
2026-02-14 16:22:30.008107,Tokyo-7623,-1,40,Normal
2026-02-14 16:22:31.008107,Tokyo-7623,-30,50,Normal
2026-02-14 16:22:32.008107,Tokyo-7623,43,71,Normal
2026-02-14 16:22:33.008107,Tokyo-7623,8,41,Normal
2026-02-14 16:22:34.008107,Tokyo-7623,-19,23,Normal
2026-02-14 16:22:35.008107,Tokyo-7623,29,76,Normal
2026-02-14 16:22:36.008107,Tokyo-7623,37,99,Normal
2026-02-14 16:22:37.008107,Tokyo-7623,33,93,Normal
2026-02-14 16:22:38.008107,Tokyo-7623,7,72,Normal
2026-02-14 16:22:39.008107,Tokyo-7623,-19,52,Normal
2026-02-14 16:22:40.008107,Tokyo-7623,-8,36,Normal
2026-02-14 16:22:41.008107,Tokyo-7623,3,98,Normal
2026-02-14 16:22:42.008107,Tokyo-7623,15,14,Normal
2026-02-14 16:22:43.008107,Tokyo-7623,5,22,Normal
2026-02-14 16:22:44.008107,Tokyo-7623,-18,73,Normal
2026-02-14 16:22:45.008107,Tokyo-7623,-1,3,Normal
2026-02-14 16:22:46.008107,Tokyo-7623,48,5,Normal
2026-02-14 16:22:47.008107,Tokyo-7623,45,96,Normal
2026-02-14 16:22:48.008107,Tokyo-7623,3,64,Normal
2026-02-14 16:22:49.008107,Tokyo-7623,-23,37,Normal
2026-02-14 16:22:50.008107,Tokyo-7623,-23,50,Normal
2026-02-14 16:22:51.008107,Tokyo-7623,-26,56,Normal
2026-02-14 16:22:52.008107,Tokyo-7623,26,49,Normal
2026-02-14 16:22:53.008107,Tokyo-7623,31,14,Normal
2026-02-14 16:22:54.008107,Tokyo-7623,35,13,Normal
2026-02-14 16:22:55.008107,Tokyo-7623,6,69,Normal
2026-02-14 16:22:56.008107,Tokyo-7623,-23,99,Normal
2026-02-14 16:22:57.008107,Tokyo-7623,-17,37,Normal
2026-02-14 16:22:58.008107,Tokyo-7623,0,2,Normal
2026-02-14 16:22:59.008107,Tokyo-7623,-14,99,Normal
2026-02-14 16:23:00.008107,Tokyo-7623,40,41,Normal
2026-02-14 16:23:01.008107,Tokyo-7623,40,19,Normal
2026-02-14 16:23:02.008107,Tokyo-7623,-18,76,Normal
2026-02-14 16:23:03.008107,Tokyo-7623,44,75,Normal
2026-02-14 16:23:04.008107,Tokyo-7623,3,88,Normal
2026-02-14 16:23:05.008107,Tokyo-7623,42,37,Normal
2026-02-14 16:23:06.008107,Tokyo-7623,22,54,Normal
2026-02-14 16:23:07.008107,Tokyo-7623,30,32,Normal
2026-02-14 16:23:08.008107,Tokyo-7623,-11,52,Normal
2026-02-14 16:23:09.008107,Tokyo-7623,4,30,Normal
2026-02-14 16:23:10.008107,Tokyo-7623,37,38,Normal
2026-02-14 16:23:11.008107,Tokyo-7623,44,20,Normal
2026-02-14 16:23:12.008107,Tokyo-7623,-1,35,Normal
2026-02-14 16:23:13.008107,Tokyo-7623,-20,11,Normal
2026-02-14 16:23:14.008107,Tokyo-7623,46,29,Normal
2026-02-14 16:23:15.008107,Tokyo-7623,-26,59,Normal
2026-02-14 16:23:16.008107,Tokyo-7623,-24,62,Normal
2026-02-14 16:23:17.008107,Tokyo-7623,-30,81,Normal
2026-02-14 16:23:18.008107,Tokyo-7623,12,48,Normal
2026-02-14 16:23:19.008107,Tokyo-7623,-9,90,Normal
2026-02-14 16:23:20.008107,Tokyo-7623,-5,33,Normal
2026-02-14 16:23:21.008107,Tokyo-7623,-24,72,Normal
2026-02-14 16:23:22.008107,Tokyo-7623,48,28,Normal
2026-02-14 16:23:23.008107,Tokyo-7623,-22,90,Normal
2026-02-14 16:23:24.008107,Tokyo-7623,-6,31,Normal
2026-02-14 16:23:25.008107,Tokyo-7623,30,92,Normal
2026-02-14 16:23:26.008107,Tokyo-7623,-21,28,Normal
2026-02-14 16:23:27.008107,Tokyo-7623,-4,17,Normal
2026-02-14 16:23:28.008107,Tokyo-7623,1,1,Normal
2026-02-14 16:23:29.008107,Tokyo-7623,18,90,Normal
2026-02-14 16:23:30.008107,Tokyo-7623,43,26,Normal
2026-02-14 16:23:31.008107,Tokyo-7623,-11,40,Normal
2026-02-14 16:23:32.008107,Tokyo-7623,-11,16,Normal
2026-02-14 16:23:33.008107,Tokyo-7623,-5,57,Normal
2026-02-14 16:23:34.008107,Tokyo-7623,0,73,Normal
2026-02-14 16:23:35.008107,Tokyo-7623,-28,99,Normal
2026-02-14 16:23:36.008107,Tokyo-7623,42,80,Normal
2026-02-14 16:23:37.008107,Tokyo-7623,46,72,Normal
2026-02-14 16:23:38.008107,Tokyo-7623,13,1,Normal
2026-02-14 16:23:39.008107,Tokyo-7623,33,27,Normal
2026-02-14 16:23:40.008107,Tokyo-7623,2,58,Normal
2026-02-14 16:23:41.008107,Tokyo-7623,19,77,Normal
2026-02-14 16:23:42.008107,Tokyo-7623,12,19,Normal
2026-02-14 16:23:43.008107,Tokyo-7623,-24,54,Normal
2026-02-14 16:23:44.008107,Tokyo-7623,0,33,Normal
2026-02-14 16:23:45.008107,Tokyo-7623,8,53,Normal
2026-02-14 16:23:46.008107,Tokyo-7623,17,3,Normal
2026-02-14 16:23:47.008107,Tokyo-7623,-10,96,Normal
2026-02-14 16:23:48.008107,Tokyo-7623,-29,3,Normal
2026-02-14 16:23:49.008107,Tokyo-7623,13,84,Normal
2026-02-14 16:23:50.008107,Tokyo-7623,13,70,Normal
2026-02-14 16:23:51.008107,Tokyo-7623,-5,72,Normal
2026-02-14 16:23:52.008107,Tokyo-7623,-9,1,Normal
2026-02-14 16:23:53.008107,Tokyo-7623,-16,9,Normal
2026-02-14 16:23:54.008107,Tokyo-7623,47,87,Normal
2026-02-14 16:23:55.008107,Tokyo-7623,25,42,Normal
2026-02-14 16:23:56.008107,Tokyo-7623,0,4,Normal
2026-02-14 16:23:57.008107,Tokyo-7623,37,92,Normal
2026-02-14 16:23:58.008107,Tokyo-7623,30,0,Normal
2026-02-14 16:23:59.008107,Tokyo-7623,-24,82,Normal
2026-02-14 16:24:00.008107,Tokyo-7623,19,17,Normal
2026-02-14 16:24:01.008107,Tokyo-7623,-28,99,Normal
2026-02-14 16:24:02.008107,Tokyo-7623,-27,69,Normal
2026-02-14 16:24:03.008107,Tokyo-7623,29,17,Normal
2026-02-14 16:24:04.008107,Tokyo-7623,28,37,Normal
2026-02-14 16:24:05.008107,Tokyo-7623,37,5,Normal
2026-02-14 16:24:06.008107,Tokyo-7623,11,77,Normal
2026-02-14 16:24:07.008107,Tokyo-7623,31,22,Normal
2026-02-14 16:24:08.008107,Tokyo-7623,-16,56,Normal
2026-02-14 16:24:09.008107,Tokyo-7623,36,46,Normal
2026-02-14 16:24:10.008107,Tokyo-7623,31,63,Normal
2026-02-14 16:24:11.008107,Tokyo-7623,49,4,Normal
2026-02-14 16:24:12.008107,Tokyo-7623,41,39,Normal
2026-02-14 16:24:13.008107,Tokyo-7623,33,91,Normal
2026-02-14 16:24:14.008107,Tokyo-7623,-8,7,Normal
2026-02-14 16:24:15.008107,Tokyo-7623,-12,77,Normal
2026-02-14 16:24:16.008107,Tokyo-7623,31,7,Normal
2026-02-14 16:24:17.008107,Tokyo-7623,32,48,Normal
2026-02-14 16:24:18.008107,Tokyo-7623,44,71,Normal
2026-02-14 16:24:19.008107,Tokyo-7623,-12,21,Normal
2026-02-14 16:24:20.008107,Tokyo-7623,13,57,Normal
2026-02-14 16:24:21.008107,Tokyo-7623,-19,65,Normal
2026-02-14 16:24:22.008107,Tokyo-7623,15,92,Normal
2026-02-14 16:24:23.008107,Tokyo-7623,5,29,Normal
2026-02-14 16:24:24.008107,Tokyo-7623,-19,22,Normal
2026-02-14 16:24:25.008107,Tokyo-7623,17,63,Normal
2026-02-14 16:24:26.008107,Tokyo-7623,23,37,Normal
2026-02-14 16:24:27.008107,Tokyo-7623,28,67,Normal
2026-02-14 16:24:28.008107,Tokyo-7623,0,69,Normal
2026-02-14 16:24:29.008107,Tokyo-7623,29,39,Normal
2026-02-14 16:24:30.008107,Tokyo-7623,-22,98,Normal
2026-02-14 16:24:31.008107,Tokyo-7623,50,91,Normal
2026-02-14 16:24:32.008107,Tokyo-7623,3,6,Normal
2026-02-14 16:24:33.008107,Tokyo-7623,0,6,Normal
2026-02-14 16:24:34.008107,Tokyo-7623,32,90,Normal
2026-02-14 16:24:35.008107,Tokyo-7623,-19,51,Normal
2026-02-14 16:24:36.008107,Tokyo-7623,-4,39,Normal
2026-02-14 16:24:37.008107,Tokyo-7623,42,43,Normal
2026-02-14 16:24:38.008107,Tokyo-7623,19,40,Normal
2026-02-14 16:24:39.008107,Tokyo-7623,-12,29,Normal
2026-02-14 16:24:40.008107,Tokyo-7623,-25,82,Normal
2026-02-14 16:24:41.008107,Tokyo-7623,6,6,Normal
2026-02-14 16:24:42.008107,Tokyo-7623,-17,2,Normal
2026-02-14 16:24:43.008107,Tokyo-7623,43,97,Normal
2026-02-14 16:24:44.008107,Tokyo-7623,24,96,Normal
2026-02-14 16:24:45.008107,Tokyo-7623,-15,65,Normal
2026-02-14 16:24:46.008107,Tokyo-7623,1,80,Normal
2026-02-14 16:24:47.008107,Tokyo-7623,3,14,Normal
2026-02-14 16:24:48.008107,Tokyo-7623,-2,23,Normal
2026-02-14 16:24:49.008107,Tokyo-7623,26,7,Normal
2026-02-14 16:24:50.008107,Tokyo-7623,-1,63,Normal
2026-02-14 16:24:51.008107,Tokyo-7623,-7,88,Normal
