timestamp,station_id,temp,humid,condition
2026-02-09 15:04:10.525058,Dubai-802c,6,32,Normal
2026-02-09 15:04:11.525058,Dubai-802c,29,87,Normal
2026-02-09 15:04:12.525058,Dubai-802c,-6,54,Normal
2026-02-09 15:04:13.525058,Dubai-802c,45,4,Normal
2026-02-09 15:04:14.525058,Dubai-802c,8,74,Normal
2026-02-09 15:04:15.525058,Dubai-802c,49,46,Normal
2026-02-09 15:04:16.525058,Dubai-802c,27,18,Normal
2026-02-09 15:04:17.525058,Dubai-802c,-15,36,Normal
2026-02-09 15:04:18.525058,Dubai-802c,-29,60,Normal
2026-02-09 15:04:19.525058,Dubai-802c,12,28,Normal
2026-02-09 15:04:20.525058,Dubai-802c,13,47,Normal
2026-02-09 15:04:21.525058,Dubai-802c,39,16,Normal
2026-02-09 15:04:22.525058,Dubai-802c,33,40,Normal
2026-02-09 15:04:23.525058,Dubai-802c,-13,40,Normal
2026-02-09 15:04:24.525058,Dubai-802c,-27,51,Normal
2026-02-09 15:04:25.525058,Dubai-802c,13,100,Normal
2026-02-09 15:04:26.525058,Dubai-802c,-29,97,Normal
2026-02-09 15:04:27.525058,Dubai-802c,0,65,Normal
2026-02-09 15:04:28.525058,Dubai-802c,41,41,Normal
2026-02-09 15:04:29.525058,Dubai-802c,31,13,Normal
2026-02-09 15:04:30.525058,Dubai-802c,-18,60,Normal
2026-02-09 15:04:31.525058,Dubai-802c,46,57,Normal
2026-02-09 15:04:32.525058,Dubai-802c,-8,5,Normal
2026-02-09 15:04:33.525058,Dubai-802c,-20,28,Normal
2026-02-09 15:04:34.525058,Dubai-802c,-9,80,Normal
2026-02-09 15:04:35.525058,Dubai-802c,13,59,Normal
2026-02-09 15:04:36.525058,Dubai-802c,-24,89,Normal
2026-02-09 15:04:37.525058,Dubai-802c,50,80,Normal
2026-02-09 15:04:38.525058,Dubai-802c,-28,62,Normal
2026-02-09 15:04:39.525058,Dubai-802c,-2,41,Normal
2026-02-09 15:04:40.525058,Dubai-802c,14,26,Normal
2026-02-09 15:04:41.525058,Dubai-802c,3,27,Normal
2026-02-09 15:04:42.525058,Dubai-802c,19,47,Normal
2026-02-09 15:04:43.525058,Dubai-802c,18,99,Normal
2026-02-09 15:04:44.525058,Dubai-802c,-12,5,Normal
2026-02-09 15:04:45.525058,Dubai-802c,25,84,Normal
2026-02-09 15:04:46.525058,Dubai-802c,42,29,Normal
2026-02-09 15:04:47.525058,Dubai-802c,24,90,Normal
2026-02-09 15:04:48.525058,Dubai-802c,-24,37,Normal
2026-02-09 15:04:49.525058,Dubai-802c,24,38,Normal
2026-02-09 15:04:50.525058,Dubai-802c,29,7,Normal
2026-02-09 15:04:51.525058,Dubai-802c,-25,27,Normal
2026-02-09 15:04:52.525058,Dubai-802c,-17,46,Normal
2026-02-09 15:04:53.525058,Dubai-802c,-6,86,Normal
2026-02-09 15:04:54.525058,Dubai-802c,-18,45,Normal
2026-02-09 15:04:55.525058,Dubai-802c,-10,57,Normal
2026-02-09 15:04:56.525058,Dubai-802c,-10,3,Normal
2026-02-09 15:04:57.525058,Dubai-802c,40,89,Normal
2026-02-09 15:04:58.525058,Dubai-802c,36,32,Normal
2026-02-09 15:04:59.525058,Dubai-802c,24,19,Normal
2026-02-09 15:05:00.525058,Dubai-802c,7,23,Normal
2026-02-09 15:05:01.525058,Dubai-802c,-25,95,Normal
2026-02-09 15:05:02.525058,Dubai-802c,49,33,Normal
2026-02-09 15:05:03.525058,Dubai-802c,49,14,Normal
2026-02-09 15:05:04.525058,Dubai-802c,-8,44,Normal
2026-02-09 15:05:05.525058,Dubai-802c,-3,47,Normal
2026-02-09 15:05:06.525058,Dubai-802c,28,41,Normal
2026-02-09 15:05:07.525058,Dubai-802c,-24,39,Normal
2026-02-09 15:05:08.525058,Dubai-802c,-20,38,Normal
2026-02-09 15:05:09.525058,Dubai-802c,33,69,Normal
2026-02-09 15:05:10.525058,Dubai-802c,26,19,Normal
2026-02-09 15:05:11.525058,Dubai-802c,-30,46,Normal
2026-02-09 15:05:12.525058,Dubai-802c,38,45,Normal
2026-02-09 15:05:13.525058,Dubai-802c,-5,56,Normal
2026-02-09 15:05:14.525058,Dubai-802c,3,22,Normal
2026-02-09 15:05:15.525058,Dubai-802c,22,98,Normal
2026-02-09 15:05:16.525058,Dubai-802c,16,78,Normal
2026-02-09 15:05:17.525058,Dubai-802c,44,68,Normal
2026-02-09 15:05:18.525058,Dubai-802c,8,7,Normal
2026-02-09 15:05:19.525058,Dubai-802c,9,46,Normal
2026-02-09 15:05:20.525058,Dubai-802c,36,31,Normal
2026-02-09 15:05:21.525058,Dubai-802c,-13,18,Normal
2026-02-09 15:05:22.525058,Dubai-802c,-29,88,Normal
2026-02-09 15:05:23.525058,Dubai-802c,-18,65,Normal
2026-02-09 15:05:24.525058,Dubai-802c,17,20,Normal
2026-02-09 15:05:25.525058,Dubai-802c,-9,48,Normal
2026-02-09 15:05:26.525058,Dubai-802c,-7,90,Normal
2026-02-09 15:05:27.525058,Dubai-802c,1,86,Normal
2026-02-09 15:05:28.525058,Dubai-802c,22,15,Normal
2026-02-09 15:05:29.525058,Dubai-802c,34,100,Normal
2026-02-09 15:05:30.525058,Dubai-802c,-9,22,Normal
2026-02-09 15:05:31.525058,Dubai-802c,9,94,Normal
2026-02-09 15:05:32.525058,Dubai-802c,21,90,Normal
2026-02-09 15:05:33.525058,Dubai-802c,-24,13,Normal
2026-02-09 15:05:34.525058,Dubai-802c,0,37,Normal
2026-02-09 15:05:35.525058,Dubai-802c,19,71,Normal
2026-02-09 15:05:36.525058,Dubai-802c,43,81,Normal
2026-02-09 15:05:37.525058,Dubai-802c,13,61,Normal
2026-02-09 15:05:38.525058,Dubai-802c,12,57,Normal
2026-02-09 15:05:39.525058,Dubai-802c,15,29,Normal
2026-02-09 15:05:40.525058,Dubai-802c,-18,79,Normal
2026-02-09 15:05:41.525058,Dubai-802c,8,15,Normal
2026-02-09 15:05:42.525058,Dubai-802c,10,53,Normal
2026-02-09 15:05:43.525058,Dubai-802c,36,20,Normal
2026-02-09 15:05:44.525058,Dubai-802c,36,39,Normal
2026-02-09 15:05:45.525058,Dubai-802c,41,60,Normal
2026-02-09 15:05:46.525058,Dubai-802c,9,11,Normal
2026-02-09 15:05:47.525058,Dubai-802c,6,40,Normal
2026-02-09 15:05:48.525058,Dubai-802c,12,24,Normal
2026-02-09 15:05:49.525058,Dubai-802c,7,9,Normal
2026-02-09 15:05:50.525058,Dubai-802c,-1,25,Normal
2026-02-09 15:05:51.525058,Dubai-802c,-12,75,Normal
2026-02-09 15:05:52.525058,Dubai-802c,12,98,Normal
2026-02-09 15:05:53.525058,Dubai-802c,-28,50,Normal
2026-02-09 15:05:54.525058,Dubai-802c,32,46,Normal
2026-02-09 15:05:55.525058,Dubai-802c,38,55,Normal
2026-02-09 15:05:56.525058,Dubai-802c,40,54,Normal
2026-02-09 15:05:57.525058,Dubai-802c,49,11,Normal
2026-02-09 15:05:58.525058,Dubai-802c,31,54,Normal
2026-02-09 15:05:59.525058,Dubai-802c,19,54,Normal
2026-02-09 15:06:00.525058,Dubai-802c,-6,5,Normal
2026-02-09 15:06:01.525058,Dubai-802c,40,78,Normal
2026-02-09 15:06:02.525058,Dubai-802c,21,3,Normal
2026-02-09 15:06:03.525058,Dubai-802c,-1,30,Normal
2026-02-09 15:06:04.525058,Dubai-802c,11,81,Normal
2026-02-09 15:06:05.525058,Dubai-802c,20,33,Normal
2026-02-09 15:06:06.525058,Dubai-802c,39,66,Normal
2026-02-09 15:06:07.525058,Dubai-802c,27,10,Normal
2026-02-09 15:06:08.525058,Dubai-802c,7,8,Normal
2026-02-09 15:06:09.525058,Dubai-802c,-23,70,Normal
2026-02-09 15:06:10.525058,Dubai-802c,9,37,Normal
2026-02-09 15:06:11.525058,Dubai-802c,2,82,Normal
2026-02-09 15:06:12.525058,Dubai-802c,-24,44,Normal
2026-02-09 15:06:13.525058,Dubai-802c,8,48,Normal
2026-02-09 15:06:14.525058,Dubai-802c,-2,3,Normal
2026-02-09 15:06:15.525058,Dubai-802c,29,52,Normal
2026-02-09 15:06:16.525058,Dubai-802c,-28,9,Normal
2026-02-09 15:06:17.525058,Dubai-802c,43,9,Normal
2026-02-09 15:06:18.525058,Dubai-802c,39,76,Normal
2026-02-09 15:06:19.525058,Dubai-802c,-8,21,Normal
2026-02-09 15:06:20.525058,Dubai-802c,3,13,Normal
2026-02-09 15:06:21.525058,Dubai-802c,25,35,Normal
2026-02-09 15:06:22.525058,Dubai-802c,47,53,Normal
2026-02-09 15:06:23.525058,Dubai-802c,14,81,Normal
2026-02-09 15:06:24.525058,Dubai-802c,-21,9,Normal
2026-02-09 15:06:25.525058,Dubai-802c,-1,23,Normal
2026-02-09 15:06:26.525058,Dubai-802c,-26,30,Normal
2026-02-09 15:06:27.525058,Dubai-802c,-15,68,Normal
2026-02-09 15:06:28.525058,Dubai-802c,5,5,Normal
2026-02-09 15:06:29.525058,Dubai-802c,-5,94,Normal
2026-02-09 15:06:30.525058,Dubai-802c,48,35,Normal
2026-02-09 15:06:31.525058,Dubai-802c,1,1,Normal
2026-02-09 15:06:32.525058,Dubai-802c,-7,82,Normal
2026-02-09 15:06:33.525058,Dubai-802c,-14,29,Normal
2026-02-09 15:06:34.525058,Dubai-802c,50,14,Normal
2026-02-09 15:06:35.525058,Dubai-802c,39,64,Normal
2026-02-09 15:06:36.525058,Dubai-802c,-11,28,Normal
2026-02-09 15:06:37.525058,Dubai-802c,23,99,Normal
2026-02-09 15:06:38.525058,Dubai-802c,27,49,Normal
2026-02-09 15:06:39.525058,Dubai-802c,-24,80,Normal
2026-02-09 15:06:40.525058,Dubai-802c,-20,57,Normal
2026-02-09 15:06:41.525058,Dubai-802c,-17,63,Normal
2026-02-09 15:06:42.525058,Dubai-802c,23,22,Normal
2026-02-09 15:06:43.525058,Dubai-802c,30,19,Normal
2026-02-09 15:06:44.525058,Dubai-802c,3,17,Normal
2026-02-09 15:06:45.525058,Dubai-802c,46,85,Normal
2026-02-09 15:06:46.525058,Dubai-802c,17,57,Normal
2026-02-09 15:06:47.525058,Dubai-802c,-2,75,Normal
2026-02-09 15:06:48.525058,Dubai-802c,-26,68,Normal
2026-02-09 15:06:49.525058,Dubai-802c,45,62,Normal
2026-02-09 15:06:50.525058,Dubai-802c,6,17,Normal
2026-02-09 15:06:51.525058,Dubai-802c,18,64,Normal
2026-02-09 15:06:52.525058,Dubai-802c,5,21,Normal
2026-02-09 15:06:53.525058,Dubai-802c,-2,21,Normal
2026-02-09 15:06:54.525058,Dubai-802c,7,41,Normal
2026-02-09 15:06:55.525058,Dubai-802c,49,66,Normal
2026-02-09 15:06:56.525058,Dubai-802c,-20,73,Normal
2026-02-09 15:06:57.525058,Dubai-802c,-30,57,Normal
2026-02-09 15:06:58.525058,Dubai-802c,-12,28,Normal
2026-02-09 15:06:59.525058,Dubai-802c,4,23,Normal
2026-02-09 15:07:00.525058,Dubai-802c,17,2,Normal
2026-02-09 15:07:01.525058,Dubai-802c,10,60,Normal
2026-02-09 15:07:02.525058,Dubai-802c,-2,47,Normal
2026-02-09 15:07:03.525058,Dubai-802c,47,14,Normal
2026-02-09 15:07:04.525058,Dubai-802c,21,22,Normal
2026-02-09 15:07:05.525058,Dubai-802c,0,89,Normal
2026-02-09 15:07:06.525058,Dubai-802c,30,32,Normal
2026-02-09 15:07:07.525058,Dubai-802c,16,43,Normal
2026-02-09 15:07:08.525058,Dubai-802c,46,65,Normal
2026-02-09 15:07:09.525058,Dubai-802c,-21,84,Normal
2026-02-09 15:07:10.525058,Dubai-802c,-6,12,Normal
2026-02-09 15:07:11.525058,Dubai-802c,-17,40,Normal
2026-02-09 15:07:12.525058,Dubai-802c,47,30,Normal
2026-02-09 15:07:13.525058,Dubai-802c,-4,76,Normal
2026-02-09 15:07:14.525058,Dubai-802c,1,41,Normal
2026-02-09 15:07:15.525058,Dubai-802c,50,29,Normal
2026-02-09 15:07:16.525058,Dubai-802c,-3,61,Normal
2026-02-09 15:07:17.525058,Dubai-802c,7,80,Normal
2026-02-09 15:07:18.525058,Dubai-802c,29,38,Normal
2026-02-09 15:07:19.525058,Dubai-802c,2,11,Normal
2026-02-09 15:07:20.525058,Dubai-802c,-15,41,Normal
2026-02-09 15:07:21.525058,Dubai-802c,48,82,Normal
2026-02-09 15:07:22.525058,Dubai-802c,-28,36,Normal
2026-02-09 15:07:23.525058,Dubai-802c,-23,47,Normal
2026-02-09 15:07:24.525058,Dubai-802c,-19,87,Normal
2026-02-09 15:07:25.525058,Dubai-802c,-5,90,Normal
2026-02-09 15:07:26.525058,Dubai-802c,-21,12,Normal
2026-02-09 15:07:27.525058,Dubai-802c,11,6,Normal
2026-02-09 15:07:28.525058,Dubai-802c,41,29,Normal
2026-02-09 15:07:29.525058,Dubai-802c,-11,38,Normal
2026-02-09 15:07:30.525058,Dubai-802c,43,84,Normal
2026-02-09 15:07:31.525058,Dubai-802c,27,45,Normal
2026-02-09 15:07:32.525058,Dubai-802c,28,60,Normal
2026-02-09 15:07:33.525058,Dubai-802c,-28,79,Normal
2026-02-09 15:07:34.525058,Dubai-802c,16,9,Normal
2026-02-09 15:07:35.525058,Dubai-802c,41,15,Normal
2026-02-09 15:07:36.525058,Dubai-802c,46,75,Normal
2026-02-09 15:07:37.525058,Dubai-802c,6,17,Normal
2026-02-09 15:07:38.525058,Dubai-802c,-14,86,Normal
2026-02-09 15:07:39.525058,Dubai-802c,20,96,Normal
2026-02-09 15:07:40.525058,Dubai-802c,-19,14,Normal
2026-02-09 15:07:41.525058,Dubai-802c,13,78,Normal
2026-02-09 15:07:42.525058,Dubai-802c,-12,0,Normal
2026-02-09 15:07:43.525058,Dubai-802c,6,28,Normal
2026-02-09 15:07:44.525058,Dubai-802c,21,8,Normal
2026-02-09 15:07:45.525058,Dubai-802c,-22,99,Normal
2026-02-09 15:07:46.525058,Dubai-802c,30,41,Normal
2026-02-09 15:07:47.525058,Dubai-802c,21,84,Normal
2026-02-09 15:07:48.525058,Dubai-802c,46,48,Normal
2026-02-09 15:07:49.525058,Dubai-802c,18,63,Normal
2026-02-09 15:07:50.525058,Dubai-802c,17,51,Normal
2026-02-09 15:07:51.525058,Dubai-802c,50,44,Normal
2026-02-09 15:07:52.525058,Dubai-802c,37,5,Normal
2026-02-09 15:07:53.525058,Dubai-802c,29,96,Normal
2026-02-09 15:07:54.525058,Dubai-802c,-28,42,Normal
2026-02-09 15:07:55.525058,Dubai-802c,-2,93,Normal
2026-02-09 15:07:56.525058,Dubai-802c,-4,23,Normal
2026-02-09 15:07:57.525058,Dubai-802c,18,40,Normal
2026-02-09 15:07:58.525058,Dubai-802c,22,3,Normal
2026-02-09 15:07:59.525058,Dubai-802c,-5,98,Normal
2026-02-09 15:08:00.525058,Dubai-802c,-5,69,Normal
2026-02-09 15:08:01.525058,Dubai-802c,49,19,Normal
2026-02-09 15:08:02.525058,Dubai-802c,-19,3,Normal
2026-02-09 15:08:03.525058,Dubai-802c,29,15,Normal
2026-02-09 15:08:04.525058,Dubai-802c,40,51,Normal
2026-02-09 15:08:05.525058,Dubai-802c,-18,58,Normal
2026-02-09 15:08:06.525058,Dubai-802c,24,67,Normal
2026-02-09 15:08:07.525058,Dubai-802c,-21,14,Normal
2026-02-09 15:08:08.525058,Dubai-802c,-5,32,Normal
2026-02-09 15:08:09.525058,Dubai-802c,17,4,Normal
2026-02-09 15:08:10.525058,Dubai-802c,40,69,Normal
2026-02-09 15:08:11.525058,Dubai-802c,8,97,Normal
2026-02-09 15:08:12.525058,Dubai-802c,43,59,Normal
2026-02-09 15:08:13.525058,Dubai-802c,-29,19,Normal
2026-02-09 15:08:14.525058,Dubai-802c,4,61,Normal
2026-02-09 15:08:15.525058,Dubai-802c,38,72,Normal
2026-02-09 15:08:16.525058,Dubai-802c,41,33,Normal
2026-02-09 15:08:17.525058,Dubai-802c,44,12,Normal
2026-02-09 15:08:18.525058,Dubai-802c,35,39,Normal
2026-02-09 15:08:19.525058,Dubai-802c,1,35,Normal
2026-02-09 15:08:20.525058,Dubai-802c,8,80,Normal
2026-02-09 15:08:21.525058,Dubai-802c,-27,30,Normal
2026-02-09 15:08:22.525058,Dubai-802c,-28,43,Normal
2026-02-09 15:08:23.525058,Dubai-802c,-27,78,Normal
2026-02-09 15:08:24.525058,Dubai-802c,26,65,Normal
2026-02-09 15:08:25.525058,Dubai-802c,26,3,Normal
2026-02-09 15:08:26.525058,Dubai-802c,-20,41,Normal
2026-02-09 15:08:27.525058,Dubai-802c,-29,86,Normal
2026-02-09 15:08:28.525058,Dubai-802c,31,47,Normal
2026-02-09 15:08:29.525058,Dubai-802c,-12,17,Normal
2026-02-09 15:08:30.525058,Dubai-802c,45,31,Normal
2026-02-09 15:08:31.525058,Dubai-802c,14,100,Normal
2026-02-09 15:08:32.525058,Dubai-802c,46,35,Normal
2026-02-09 15:08:33.525058,Dubai-802c,21,86,Normal
2026-02-09 15:08:34.525058,Dubai-802c,20,20,Normal
2026-02-09 15:08:35.525058,Dubai-802c,2,37,Normal
2026-02-09 15:08:36.525058,Dubai-802c,0,29,Normal
2026-02-09 15:08:37.525058,Dubai-802c,40,68,Normal
2026-02-09 15:08:38.525058,Dubai-802c,13,86,Normal
2026-02-09 15:08:39.525058,Dubai-802c,-8,4,Normal
2026-02-09 15:08:40.525058,Dubai-802c,49,11,Normal
2026-02-09 15:08:41.525058,Dubai-802c,10,81,Normal
2026-02-09 15:08:42.525058,Dubai-802c,-15,6,Normal
2026-02-09 15:08:43.525058,Dubai-802c,22,93,Normal
2026-02-09 15:08:44.525058,Dubai-802c,50,20,Normal
2026-02-09 15:08:45.525058,Dubai-802c,-11,81,Normal
2026-02-09 15:08:46.525058,Dubai-802c,-7,75,Normal
2026-02-09 15:08:47.525058,Dubai-802c,-24,82,Normal
2026-02-09 15:08:48.525058,Dubai-802c,-9,11,Normal
2026-02-09 15:08:49.525058,Dubai-802c,26,13,Normal
2026-02-09 15:08:50.525058,Dubai-802c,29,62,Normal
2026-02-09 15:08:51.525058,Dubai-802c,24,75,Normal
2026-02-09 15:08:52.525058,Dubai-802c,20,29,Normal
2026-02-09 15:08:53.525058,Dubai-802c,-17,21,Normal
2026-02-09 15:08:54.525058,Dubai-802c,0,69,Normal
2026-02-09 15:08:55.525058,Dubai-802c,39,95,Normal
2026-02-09 15:08:56.525058,Dubai-802c,6,88,Normal
2026-02-09 15:08:57.525058,Dubai-802c,19,17,Normal
2026-02-09 15:08:58.525058,Dubai-802c,13,12,Normal
2026-02-09 15:08:59.525058,Dubai-802c,7,74,Normal
2026-02-09 15:09:00.525058,Dubai-802c,-8,2,Normal
2026-02-09 15:09:01.525058,Dubai-802c,-2,50,Normal
2026-02-09 15:09:02.525058,Dubai-802c,36,32,Normal
2026-02-09 15:09:03.525058,Dubai-802c,-30,62,Normal
2026-02-09 15:09:04.525058,Dubai-802c,46,39,Normal
2026-02-09 15:09:05.525058,Dubai-802c,-25,47,Normal
2026-02-09 15:09:06.525058,Dubai-802c,16,68,Normal
2026-02-09 15:09:07.525058,Dubai-802c,-11,97,Normal
2026-02-09 15:09:08.525058,Dubai-802c,47,42,Normal
2026-02-09 15:09:09.525058,Dubai-802c,-26,46,Normal
2026-02-09 15:09:10.525058,Dubai-802c,47,81,Normal
2026-02-09 15:09:11.525058,Dubai-802c,-13,67,Normal
2026-02-09 15:09:12.525058,Dubai-802c,0,70,Normal
2026-02-09 15:09:13.525058,Dubai-802c,7,25,Normal
2026-02-09 15:09:14.525058,Dubai-802c,-13,29,Normal
2026-02-09 15:09:15.525058,Dubai-802c,8,67,Normal
2026-02-09 15:09:16.525058,Dubai-802c,-21,5,Normal
2026-02-09 15:09:17.525058,Dubai-802c,46,5,Normal
2026-02-09 15:09:18.525058,Dubai-802c,39,96,Normal
2026-02-09 15:09:19.525058,Dubai-802c,-6,71,Normal
2026-02-09 15:09:20.525058,Dubai-802c,33,67,Normal
2026-02-09 15:09:21.525058,Dubai-802c,20,37,Normal
2026-02-09 15:09:22.525058,Dubai-802c,35,44,Normal
2026-02-09 15:09:23.525058,Dubai-802c,-30,1,Normal
2026-02-09 15:09:24.525058,Dubai-802c,-28,33,Normal
2026-02-09 15:09:25.525058,Dubai-802c,22,75,Normal
2026-02-09 15:09:26.525058,Dubai-802c,-17,6,Normal
2026-02-09 15:09:27.525058,Dubai-802c,34,97,Normal
2026-02-09 15:09:28.525058,Dubai-802c,49,31,Normal
2026-02-09 15:09:29.525058,Dubai-802c,3,27,Normal
2026-02-09 15:09:30.525058,Dubai-802c,41,77,Normal
2026-02-09 15:09:31.525058,Dubai-802c,41,54,Normal
2026-02-09 15:09:32.525058,Dubai-802c,44,92,Normal
2026-02-09 15:09:33.525058,Dubai-802c,-5,81,Normal
2026-02-09 15:09:34.525058,Dubai-802c,46,26,Normal
2026-02-09 15:09:35.525058,Dubai-802c,35,78,Normal
2026-02-09 15:09:36.525058,Dubai-802c,-12,35,Normal
2026-02-09 15:09:37.525058,Dubai-802c,26,69,Normal
2026-02-09 15:09:38.525058,Dubai-802c,20,58,Normal
2026-02-09 15:09:39.525058,Dubai-802c,32,60,Normal
2026-02-09 15:09:40.525058,Dubai-802c,40,84,Normal
2026-02-09 15:09:41.525058,Dubai-802c,-30,20,Normal
2026-02-09 15:09:42.525058,Dubai-802c,-2,96,Normal
2026-02-09 15:09:43.525058,Dubai-802c,50,100,Normal
2026-02-09 15:09:44.525058,Dubai-802c,40,10,Normal
2026-02-09 15:09:45.525058,Dubai-802c,14,33,Normal
2026-02-09 15:09:46.525058,Dubai-802c,48,7,Normal
2026-02-09 15:09:47.525058,Dubai-802c,25,32,Normal
2026-02-09 15:09:48.525058,Dubai-802c,2,74,Normal
2026-02-09 15:09:49.525058,Dubai-802c,-20,55,Normal
2026-02-09 15:09:50.525058,Dubai-802c,14,96,Normal
2026-02-09 15:09:51.525058,Dubai-802c,41,97,Normal
2026-02-09 15:09:52.525058,Dubai-802c,19,9,Normal
2026-02-09 15:09:53.525058,Dubai-802c,-11,4,Normal
2026-02-09 15:09:54.525058,Dubai-802c,-25,66,Normal
2026-02-09 15:09:55.525058,Dubai-802c,26,19,Normal
2026-02-09 15:09:56.525058,Dubai-802c,12,27,Normal
2026-02-09 15:09:57.525058,Dubai-802c,2,20,Normal
2026-02-09 15:09:58.525058,Dubai-802c,-10,64,Normal
2026-02-09 15:09:59.525058,Dubai-802c,18,63,Normal
2026-02-09 15:10:00.525058,Dubai-802c,18,46,Normal
2026-02-09 15:10:01.525058,Dubai-802c,-16,82,Normal
2026-02-09 15:10:02.525058,Dubai-802c,31,30,Normal
2026-02-09 15:10:03.525058,Dubai-802c,6,49,Normal
2026-02-09 15:10:04.525058,Dubai-802c,-12,7,Normal
2026-02-09 15:10:05.525058,Dubai-802c,41,57,Normal
2026-02-09 15:10:06.525058,Dubai-802c,22,84,Normal
2026-02-09 15:10:07.525058,Dubai-802c,45,74,Normal
2026-02-09 15:10:08.525058,Dubai-802c,22,67,Normal
2026-02-09 15:10:09.525058,Dubai-802c,-30,31,Normal
2026-02-09 15:10:10.525058,Dubai-802c,-15,47,Normal
2026-02-09 15:10:11.525058,Dubai-802c,-9,66,Normal
2026-02-09 15:10:12.525058,Dubai-802c,22,6,Normal
2026-02-09 15:10:13.525058,Dubai-802c,47,61,Normal
2026-02-09 15:10:14.525058,Dubai-802c,41,50,Normal
2026-02-09 15:10:15.525058,Dubai-802c,-17,34,Normal
2026-02-09 15:10:16.525058,Dubai-802c,-24,93,Normal
2026-02-09 15:10:17.525058,Dubai-802c,19,66,Normal
2026-02-09 15:10:18.525058,Dubai-802c,-16,66,Normal
2026-02-09 15:10:19.525058,Dubai-802c,-13,19,Normal
2026-02-09 15:10:20.525058,Dubai-802c,34,12,Normal
2026-02-09 15:10:21.525058,Dubai-802c,40,66,Normal
2026-02-09 15:10:22.525058,Dubai-802c,-4,1,Normal
2026-02-09 15:10:23.525058,Dubai-802c,-30,79,Normal
2026-02-09 15:10:24.525058,Dubai-802c,39,87,Normal
2026-02-09 15:10:25.525058,Dubai-802c,43,85,Normal
2026-02-09 15:10:26.525058,Dubai-802c,-30,67,Normal
2026-02-09 15:10:27.525058,Dubai-802c,27,53,Normal
2026-02-09 15:10:28.525058,Dubai-802c,21,58,Normal
2026-02-09 15:10:29.525058,Dubai-802c,25,59,Normal
2026-02-09 15:10:30.525058,Dubai-802c,10,56,Normal
2026-02-09 15:10:31.525058,Dubai-802c,36,73,Normal
2026-02-09 15:10:32.525058,Dubai-802c,-10,65,Normal
2026-02-09 15:10:33.525058,Dubai-802c,-3,56,Normal
2026-02-09 15:10:34.525058,Dubai-802c,8,27,Normal
2026-02-09 15:10:35.525058,Dubai-802c,-29,62,Normal
2026-02-09 15:10:36.525058,Dubai-802c,-22,34,Normal
2026-02-09 15:10:37.525058,Dubai-802c,-18,87,Normal
2026-02-09 15:10:38.525058,Dubai-802c,-26,79,Normal
2026-02-09 15:10:39.525058,Dubai-802c,0,79,Normal
2026-02-09 15:10:40.525058,Dubai-802c,-19,72,Normal
2026-02-09 15:10:41.525058,Dubai-802c,-28,5,Normal
2026-02-09 15:10:42.525058,Dubai-802c,13,75,Normal
2026-02-09 15:10:43.525058,Dubai-802c,-14,16,Normal
2026-02-09 15:10:44.525058,Dubai-802c,41,61,Normal
2026-02-09 15:10:45.525058,Dubai-802c,2,67,Normal
2026-02-09 15:10:46.525058,Dubai-802c,39,32,Normal
2026-02-09 15:10:47.525058,Dubai-802c,21,22,Normal
2026-02-09 15:10:48.525058,Dubai-802c,4,31,Normal
2026-02-09 15:10:49.525058,Dubai-802c,21,96,Normal
2026-02-09 15:10:50.525058,Dubai-802c,24,1,Normal
2026-02-09 15:10:51.525058,Dubai-802c,13,21,Normal
2026-02-09 15:10:52.525058,Dubai-802c,36,63,Normal
2026-02-09 15:10:53.525058,Dubai-802c,12,81,Normal
2026-02-09 15:10:54.525058,Dubai-802c,30,65,Normal
2026-02-09 15:10:55.525058,Dubai-802c,-11,21,Normal
2026-02-09 15:10:56.525058,Dubai-802c,-21,55,Normal
2026-02-09 15:10:57.525058,Dubai-802c,-23,42,Normal
2026-02-09 15:10:58.525058,Dubai-802c,-20,42,Normal
2026-02-09 15:10:59.525058,Dubai-802c,-27,59,Normal
2026-02-09 15:11:00.525058,Dubai-802c,-29,86,Normal
2026-02-09 15:11:01.525058,Dubai-802c,47,22,Normal
2026-02-09 15:11:02.525058,Dubai-802c,-2,92,Normal
2026-02-09 15:11:03.525058,Dubai-802c,31,34,Normal
2026-02-09 15:11:04.525058,Dubai-802c,16,72,Normal
2026-02-09 15:11:05.525058,Dubai-802c,-9,46,Normal
2026-02-09 15:11:06.525058,Dubai-802c,37,34,Normal
2026-02-09 15:11:07.525058,Dubai-802c,-13,32,Normal
2026-02-09 15:11:08.525058,Dubai-802c,35,7,Normal
2026-02-09 15:11:09.525058,Dubai-802c,22,72,Normal
2026-02-09 15:11:10.525058,Dubai-802c,42,62,Normal
2026-02-09 15:11:11.525058,Dubai-802c,0,3,Normal
2026-02-09 15:11:12.525058,Dubai-802c,13,57,Normal
2026-02-09 15:11:13.525058,Dubai-802c,-16,41,Normal
2026-02-09 15:11:14.525058,Dubai-802c,20,87,Normal
2026-02-09 15:11:15.525058,Dubai-802c,18,43,Normal
2026-02-09 15:11:16.525058,Dubai-802c,49,24,Normal
2026-02-09 15:11:17.525058,Dubai-802c,-7,18,Normal
2026-02-09 15:11:18.525058,Dubai-802c,47,91,Normal
2026-02-09 15:11:19.525058,Dubai-802c,41,68,Normal
2026-02-09 15:11:20.525058,Dubai-802c,-24,100,Normal
2026-02-09 15:11:21.525058,Dubai-802c,-21,44,Normal
2026-02-09 15:11:22.525058,Dubai-802c,0,31,Normal
2026-02-09 15:11:23.525058,Dubai-802c,50,65,Normal
2026-02-09 15:11:24.525058,Dubai-802c,26,51,Normal
2026-02-09 15:11:25.525058,Dubai-802c,11,77,Normal
2026-02-09 15:11:26.525058,Dubai-802c,-1,10,Normal
2026-02-09 15:11:27.525058,Dubai-802c,38,48,Normal
2026-02-09 15:11:28.525058,Dubai-802c,33,4,Normal
2026-02-09 15:11:29.525058,Dubai-802c,-19,52,Normal
2026-02-09 15:11:30.525058,Dubai-802c,9,82,Normal
2026-02-09 15:11:31.525058,Dubai-802c,-9,83,Normal
2026-02-09 15:11:32.525058,Dubai-802c,43,47,Normal
2026-02-09 15:11:33.525058,Dubai-802c,5,14,Normal
2026-02-09 15:11:34.525058,Dubai-802c,-29,37,Normal
2026-02-09 15:11:35.525058,Dubai-802c,-20,0,Normal
2026-02-09 15:11:36.525058,Dubai-802c,-27,97,Normal
2026-02-09 15:11:37.525058,Dubai-802c,-17,6,Normal
2026-02-09 15:11:38.525058,Dubai-802c,-14,40,Normal
2026-02-09 15:11:39.525058,Dubai-802c,24,31,Normal
2026-02-09 15:11:40.525058,Dubai-802c,37,66,Normal
2026-02-09 15:11:41.525058,Dubai-802c,46,90,Normal
2026-02-09 15:11:42.525058,Dubai-802c,-28,88,Normal
2026-02-09 15:11:43.525058,Dubai-802c,-29,0,Normal
2026-02-09 15:11:44.525058,Dubai-802c,4,10,Normal
2026-02-09 15:11:45.525058,Dubai-802c,-10,76,Normal
2026-02-09 15:11:46.525058,Dubai-802c,48,79,Normal
2026-02-09 15:11:47.525058,Dubai-802c,10,1,Normal
2026-02-09 15:11:48.525058,Dubai-802c,18,46,Normal
2026-02-09 15:11:49.525058,Dubai-802c,-1,56,Normal
2026-02-09 15:11:50.525058,Dubai-802c,3,42,Normal
2026-02-09 15:11:51.525058,Dubai-802c,22,65,Normal
2026-02-09 15:11:52.525058,Dubai-802c,-6,45,Normal
2026-02-09 15:11:53.525058,Dubai-802c,50,43,Normal
2026-02-09 15:11:54.525058,Dubai-802c,10,77,Normal
2026-02-09 15:11:55.525058,Dubai-802c,25,0,Normal
2026-02-09 15:11:56.525058,Dubai-802c,10,65,Normal
2026-02-09 15:11:57.525058,Dubai-802c,-15,25,Normal
2026-02-09 15:11:58.525058,Dubai-802c,0,73,Normal
2026-02-09 15:11:59.525058,Dubai-802c,41,1,Normal
2026-02-09 15:12:00.525058,Dubai-802c,-5,10,Normal
2026-02-09 15:12:01.525058,Dubai-802c,-8,96,Normal
2026-02-09 15:12:02.525058,Dubai-802c,12,66,Normal
2026-02-09 15:12:03.525058,Dubai-802c,-26,51,Normal
2026-02-09 15:12:04.525058,Dubai-802c,-13,72,Normal
2026-02-09 15:12:05.525058,Dubai-802c,-6,5,Normal
2026-02-09 15:12:06.525058,Dubai-802c,26,55,Normal
2026-02-09 15:12:07.525058,Dubai-802c,-7,13,Normal
2026-02-09 15:12:08.525058,Dubai-802c,-15,76,Normal
2026-02-09 15:12:09.525058,Dubai-802c,19,3,Normal
2026-02-09 15:12:10.525058,Dubai-802c,37,7,Normal
2026-02-09 15:12:11.525058,Dubai-802c,10,99,Normal
2026-02-09 15:12:12.525058,Dubai-802c,42,39,Normal
2026-02-09 15:12:13.525058,Dubai-802c,7,60,Normal
2026-02-09 15:12:14.525058,Dubai-802c,13,73,Normal
2026-02-09 15:12:15.525058,Dubai-802c,-29,53,Normal
2026-02-09 15:12:16.525058,Dubai-802c,7,16,Normal
2026-02-09 15:12:17.525058,Dubai-802c,-22,81,Normal
2026-02-09 15:12:18.525058,Dubai-802c,-1,64,Normal
2026-02-09 15:12:19.525058,Dubai-802c,35,34,Normal
2026-02-09 15:12:20.525058,Dubai-802c,5,94,Normal
2026-02-09 15:12:21.525058,Dubai-802c,-9,95,Normal
2026-02-09 15:12:22.525058,Dubai-802c,-15,2,Normal
2026-02-09 15:12:23.525058,Dubai-802c,30,20,Normal
2026-02-09 15:12:24.525058,Dubai-802c,5,3,Normal
2026-02-09 15:12:25.525058,Dubai-802c,-7,26,Normal
2026-02-09 15:12:26.525058,Dubai-802c,-22,65,Normal
2026-02-09 15:12:27.525058,Dubai-802c,26,63,Normal
2026-02-09 15:12:28.525058,Dubai-802c,38,57,Normal
2026-02-09 15:12:29.525058,Dubai-802c,36,15,Normal
2026-02-09 15:12:30.525058,Dubai-802c,-1,25,Normal
2026-02-09 15:12:31.525058,Dubai-802c,-14,79,Normal
2026-02-09 15:12:32.525058,Dubai-802c,-20,56,Normal
2026-02-09 15:12:33.525058,Dubai-802c,-28,38,Normal
2026-02-09 15:12:34.525058,Dubai-802c,3,26,Normal
2026-02-09 15:12:35.525058,Dubai-802c,17,66,Normal
2026-02-09 15:12:36.525058,Dubai-802c,14,30,Normal
2026-02-09 15:12:37.525058,Dubai-802c,33,98,Normal
2026-02-09 15:12:38.525058,Dubai-802c,15,46,Normal
2026-02-09 15:12:39.525058,Dubai-802c,46,91,Normal
2026-02-09 15:12:40.525058,Dubai-802c,34,48,Normal
2026-02-09 15:12:41.525058,Dubai-802c,36,44,Normal
2026-02-09 15:12:42.525058,Dubai-802c,7,91,Normal
2026-02-09 15:12:43.525058,Dubai-802c,46,50,Normal
2026-02-09 15:12:44.525058,Dubai-802c,31,65,Normal
2026-02-09 15:12:45.525058,Dubai-802c,-24,33,Normal
2026-02-09 15:12:46.525058,Dubai-802c,-7,88,Normal
2026-02-09 15:12:47.525058,Dubai-802c,-13,53,Normal
2026-02-09 15:12:48.525058,Dubai-802c,0,20,Normal
2026-02-09 15:12:49.525058,Dubai-802c,29,45,Normal
2026-02-09 15:12:50.525058,Dubai-802c,31,68,Normal
2026-02-09 15:12:51.525058,Dubai-802c,-22,48,Normal
2026-02-09 15:12:52.525058,Dubai-802c,-2,92,Normal
2026-02-09 15:12:53.525058,Dubai-802c,38,29,Normal
2026-02-09 15:12:54.525058,Dubai-802c,47,67,Normal
2026-02-09 15:12:55.525058,Dubai-802c,11,11,Normal
2026-02-09 15:12:56.525058,Dubai-802c,-24,80,Normal
2026-02-09 15:12:57.525058,Dubai-802c,-14,8,Normal
2026-02-09 15:12:58.525058,Dubai-802c,48,24,Normal
2026-02-09 15:12:59.525058,Dubai-802c,-30,75,Normal
2026-02-09 15:13:00.525058,Dubai-802c,37,13,Normal
2026-02-09 15:13:01.525058,Dubai-802c,-30,48,Normal
2026-02-09 15:13:02.525058,Dubai-802c,11,94,Normal
2026-02-09 15:13:03.525058,Dubai-802c,-15,52,Normal
2026-02-09 15:13:04.525058,Dubai-802c,30,36,Normal
2026-02-09 15:13:05.525058,Dubai-802c,-30,64,Normal
2026-02-09 15:13:06.525058,Dubai-802c,32,40,Normal
2026-02-09 15:13:07.525058,Dubai-802c,-5,51,Normal
2026-02-09 15:13:08.525058,Dubai-802c,2,49,Normal
2026-02-09 15:13:09.525058,Dubai-802c,14,14,Normal
2026-02-09 15:13:10.525058,Dubai-802c,38,49,Normal
2026-02-09 15:13:11.525058,Dubai-802c,-17,74,Normal
2026-02-09 15:13:12.525058,Dubai-802c,-13,41,Normal
2026-02-09 15:13:13.525058,Dubai-802c,-11,87,Normal
2026-02-09 15:13:14.525058,Dubai-802c,-16,59,Normal
2026-02-09 15:13:15.525058,Dubai-802c,-28,10,Normal
2026-02-09 15:13:16.525058,Dubai-802c,-5,51,Normal
2026-02-09 15:13:17.525058,Dubai-802c,41,87,Normal
2026-02-09 15:13:18.525058,Dubai-802c,41,54,Normal
2026-02-09 15:13:19.525058,Dubai-802c,33,65,Normal
2026-02-09 15:13:20.525058,Dubai-802c,-16,91,Normal
2026-02-09 15:13:21.525058,Dubai-802c,35,96,Normal
2026-02-09 15:13:22.525058,Dubai-802c,50,58,Normal
2026-02-09 15:13:23.525058,Dubai-802c,-16,1,Normal
2026-02-09 15:13:24.525058,Dubai-802c,-14,64,Normal
2026-02-09 15:13:25.525058,Dubai-802c,45,16,Normal
2026-02-09 15:13:26.525058,Dubai-802c,42,44,Normal
2026-02-09 15:13:27.525058,Dubai-802c,-16,79,Normal
2026-02-09 15:13:28.525058,Dubai-802c,40,6,Normal
2026-02-09 15:13:29.525058,Dubai-802c,46,67,Normal
2026-02-09 15:13:30.525058,Dubai-802c,-25,88,Normal
2026-02-09 15:13:31.525058,Dubai-802c,-30,11,Normal
2026-02-09 15:13:32.525058,Dubai-802c,7,46,Normal
2026-02-09 15:13:33.525058,Dubai-802c,-23,90,Normal
2026-02-09 15:13:34.525058,Dubai-802c,49,27,Normal
2026-02-09 15:13:35.525058,Dubai-802c,50,70,Normal
2026-02-09 15:13:36.525058,Dubai-802c,50,32,Normal
2026-02-09 15:13:37.525058,Dubai-802c,3,71,Normal
2026-02-09 15:13:38.525058,Dubai-802c,-25,24,Normal
2026-02-09 15:13:39.525058,Dubai-802c,-21,74,Normal
2026-02-09 15:13:40.525058,Dubai-802c,-24,35,Normal
2026-02-09 15:13:41.525058,Dubai-802c,14,80,Normal
2026-02-09 15:13:42.525058,Dubai-802c,49,39,Normal
2026-02-09 15:13:43.525058,Dubai-802c,33,84,Normal
2026-02-09 15:13:44.525058,Dubai-802c,-15,65,Normal
2026-02-09 15:13:45.525058,Dubai-802c,-19,92,Normal
2026-02-09 15:13:46.525058,Dubai-802c,29,43,Normal
2026-02-09 15:13:47.525058,Dubai-802c,-10,64,Normal
2026-02-09 15:13:48.525058,Dubai-802c,31,87,Normal
2026-02-09 15:13:49.525058,Dubai-802c,26,31,Normal
2026-02-09 15:13:50.525058,Dubai-802c,32,25,Normal
2026-02-09 15:13:51.525058,Dubai-802c,1,30,Normal
2026-02-09 15:13:52.525058,Dubai-802c,35,8,Normal
2026-02-09 15:13:53.525058,Dubai-802c,-20,9,Normal
2026-02-09 15:13:54.525058,Dubai-802c,-23,24,Normal
2026-02-09 15:13:55.525058,Dubai-802c,33,16,Normal
2026-02-09 15:13:56.525058,Dubai-802c,-16,36,Normal
2026-02-09 15:13:57.525058,Dubai-802c,43,11,Normal
2026-02-09 15:13:58.525058,Dubai-802c,39,26,Normal
2026-02-09 15:13:59.525058,Dubai-802c,47,0,Normal
2026-02-09 15:14:00.525058,Dubai-802c,-17,58,Normal
2026-02-09 15:14:01.525058,Dubai-802c,0,1,Normal
2026-02-09 15:14:02.525058,Dubai-802c,-11,66,Normal
2026-02-09 15:14:03.525058,Dubai-802c,-11,40,Normal
2026-02-09 15:14:04.525058,Dubai-802c,29,2,Normal
2026-02-09 15:14:05.525058,Dubai-802c,23,77,Normal
2026-02-09 15:14:06.525058,Dubai-802c,-5,63,Normal
2026-02-09 15:14:07.525058,Dubai-802c,-26,15,Normal
2026-02-09 15:14:08.525058,Dubai-802c,-4,61,Normal
2026-02-09 15:14:09.525058,Dubai-802c,-29,38,Normal
2026-02-09 15:14:10.525058,Dubai-802c,46,84,Normal
2026-02-09 15:14:11.525058,Dubai-802c,47,49,Normal
2026-02-09 15:14:12.525058,Dubai-802c,13,2,Normal
2026-02-09 15:14:13.525058,Dubai-802c,18,19,Normal
2026-02-09 15:14:14.525058,Dubai-802c,49,33,Normal
2026-02-09 15:14:15.525058,Dubai-802c,-15,60,Normal
2026-02-09 15:14:16.525058,Dubai-802c,50,77,Normal
2026-02-09 15:14:17.525058,Dubai-802c,-9,16,Normal
2026-02-09 15:14:18.525058,Dubai-802c,32,45,Normal
2026-02-09 15:14:19.525058,Dubai-802c,-21,58,Normal
2026-02-09 15:14:20.525058,Dubai-802c,-8,85,Normal
2026-02-09 15:14:21.525058,Dubai-802c,19,21,Normal
2026-02-09 15:14:22.525058,Dubai-802c,-19,38,Normal
2026-02-09 15:14:23.525058,Dubai-802c,35,54,Normal
2026-02-09 15:14:24.525058,Dubai-802c,18,65,Normal
2026-02-09 15:14:25.525058,Dubai-802c,21,36,Normal
2026-02-09 15:14:26.525058,Dubai-802c,4,17,Normal
2026-02-09 15:14:27.525058,Dubai-802c,0,89,Normal
2026-02-09 15:14:28.525058,Dubai-802c,-28,96,Normal
2026-02-09 15:14:29.525058,Dubai-802c,16,9,Normal
2026-02-09 15:14:30.525058,Dubai-802c,20,50,Normal
2026-02-09 15:14:31.525058,Dubai-802c,36,18,Normal
2026-02-09 15:14:32.525058,Dubai-802c,-24,71,Normal
2026-02-09 15:14:33.525058,Dubai-802c,28,70,Normal
2026-02-09 15:14:34.525058,Dubai-802c,-15,76,Normal
2026-02-09 15:14:35.525058,Dubai-802c,43,84,Normal
2026-02-09 15:14:36.525058,Dubai-802c,0,5,Normal
2026-02-09 15:14:37.525058,Dubai-802c,9,68,Normal
2026-02-09 15:14:38.525058,Dubai-802c,-17,56,Normal
2026-02-09 15:14:39.525058,Dubai-802c,3,72,Normal
2026-02-09 15:14:40.525058,Dubai-802c,29,4,Normal
2026-02-09 15:14:41.525058,Dubai-802c,21,37,Normal
2026-02-09 15:14:42.525058,Dubai-802c,37,89,Normal
2026-02-09 15:14:43.525058,Dubai-802c,-15,76,Normal
2026-02-09 15:14:44.525058,Dubai-802c,-24,7,Normal
2026-02-09 15:14:45.525058,Dubai-802c,43,48,Normal
2026-02-09 15:14:46.525058,Dubai-802c,46,83,Normal
2026-02-09 15:14:47.525058,Dubai-802c,0,25,Normal
2026-02-09 15:14:48.525058,Dubai-802c,-29,52,Normal
2026-02-09 15:14:49.525058,Dubai-802c,24,60,Normal
2026-02-09 15:14:50.525058,Dubai-802c,-15,59,Normal
2026-02-09 15:14:51.525058,Dubai-802c,15,57,Normal
2026-02-09 15:14:52.525058,Dubai-802c,32,74,Normal
2026-02-09 15:14:53.525058,Dubai-802c,-23,61,Normal
2026-02-09 15:14:54.525058,Dubai-802c,-20,20,Normal
2026-02-09 15:14:55.525058,Dubai-802c,6,18,Normal
2026-02-09 15:14:56.525058,Dubai-802c,14,6,Normal
2026-02-09 15:14:57.525058,Dubai-802c,2,51,Normal
2026-02-09 15:14:58.525058,Dubai-802c,-13,85,Normal
2026-02-09 15:14:59.525058,Dubai-802c,-8,19,Normal
2026-02-09 15:15:00.525058,Dubai-802c,34,22,Normal
2026-02-09 15:15:01.525058,Dubai-802c,-1,6,Normal
2026-02-09 15:15:02.525058,Dubai-802c,31,58,Normal
2026-02-09 15:15:03.525058,Dubai-802c,-27,46,Normal
2026-02-09 15:15:04.525058,Dubai-802c,34,70,Normal
2026-02-09 15:15:05.525058,Dubai-802c,-16,44,Normal
2026-02-09 15:15:06.525058,Dubai-802c,29,94,Normal
2026-02-09 15:15:07.525058,Dubai-802c,-1,24,Normal
2026-02-09 15:15:08.525058,Dubai-802c,47,64,Normal
2026-02-09 15:15:09.525058,Dubai-802c,21,93,Normal
2026-02-09 15:15:10.525058,Dubai-802c,24,66,Normal
2026-02-09 15:15:11.525058,Dubai-802c,-9,34,Normal
2026-02-09 15:15:12.525058,Dubai-802c,47,28,Normal
2026-02-09 15:15:13.525058,Dubai-802c,-28,11,Normal
2026-02-09 15:15:14.525058,Dubai-802c,19,30,Normal
2026-02-09 15:15:15.525058,Dubai-802c,50,17,Normal
2026-02-09 15:15:16.525058,Dubai-802c,40,60,Normal
2026-02-09 15:15:17.525058,Dubai-802c,44,27,Normal
2026-02-09 15:15:18.525058,Dubai-802c,-12,57,Normal
2026-02-09 15:15:19.525058,Dubai-802c,-27,79,Normal
2026-02-09 15:15:20.525058,Dubai-802c,-9,75,Normal
2026-02-09 15:15:21.525058,Dubai-802c,19,74,Normal
2026-02-09 15:15:22.525058,Dubai-802c,-2,25,Normal
2026-02-09 15:15:23.525058,Dubai-802c,-19,77,Normal
2026-02-09 15:15:24.525058,Dubai-802c,45,78,Normal
2026-02-09 15:15:25.525058,Dubai-802c,-4,39,Normal
2026-02-09 15:15:26.525058,Dubai-802c,-6,27,Normal
2026-02-09 15:15:27.525058,Dubai-802c,39,37,Normal
2026-02-09 15:15:28.525058,Dubai-802c,46,57,Normal
2026-02-09 15:15:29.525058,Dubai-802c,8,71,Normal
2026-02-09 15:15:30.525058,Dubai-802c,-2,71,Normal
2026-02-09 15:15:31.525058,Dubai-802c,-8,5,Normal
2026-02-09 15:15:32.525058,Dubai-802c,2,81,Normal
2026-02-09 15:15:33.525058,Dubai-802c,48,39,Normal
2026-02-09 15:15:34.525058,Dubai-802c,11,2,Normal
2026-02-09 15:15:35.525058,Dubai-802c,36,37,Normal
2026-02-09 15:15:36.525058,Dubai-802c,-15,0,Normal
2026-02-09 15:15:37.525058,Dubai-802c,28,12,Normal
2026-02-09 15:15:38.525058,Dubai-802c,-13,91,Normal
2026-02-09 15:15:39.525058,Dubai-802c,-10,65,Normal
2026-02-09 15:15:40.525058,Dubai-802c,15,23,Normal
2026-02-09 15:15:41.525058,Dubai-802c,7,18,Normal
2026-02-09 15:15:42.525058,Dubai-802c,44,52,Normal
2026-02-09 15:15:43.525058,Dubai-802c,-29,20,Normal
2026-02-09 15:15:44.525058,Dubai-802c,37,24,Normal
2026-02-09 15:15:45.525058,Dubai-802c,14,57,Normal
2026-02-09 15:15:46.525058,Dubai-802c,21,40,Normal
2026-02-09 15:15:47.525058,Dubai-802c,14,6,Normal
2026-02-09 15:15:48.525058,Dubai-802c,-30,44,Normal
2026-02-09 15:15:49.525058,Dubai-802c,30,10,Normal
2026-02-09 15:15:50.525058,Dubai-802c,-4,0,Normal
2026-02-09 15:15:51.525058,Dubai-802c,16,79,Normal
2026-02-09 15:15:52.525058,Dubai-802c,-25,46,Normal
2026-02-09 15:15:53.525058,Dubai-802c,-10,43,Normal
2026-02-09 15:15:54.525058,Dubai-802c,33,92,Normal
2026-02-09 15:15:55.525058,Dubai-802c,38,72,Normal
2026-02-09 15:15:56.525058,Dubai-802c,5,96,Normal
2026-02-09 15:15:57.525058,Dubai-802c,19,92,Normal
2026-02-09 15:15:58.525058,Dubai-802c,1,1,Normal
2026-02-09 15:15:59.525058,Dubai-802c,43,26,Normal
2026-02-09 15:16:00.525058,Dubai-802c,-13,88,Normal
2026-02-09 15:16:01.525058,Dubai-802c,26,64,Normal
2026-02-09 15:16:02.525058,Dubai-802c,22,37,Normal
2026-02-09 15:16:03.525058,Dubai-802c,0,97,Normal
2026-02-09 15:16:04.525058,Dubai-802c,40,43,Normal
2026-02-09 15:16:05.525058,Dubai-802c,6,47,Normal
2026-02-09 15:16:06.525058,Dubai-802c,2,22,Normal
2026-02-09 15:16:07.525058,Dubai-802c,-12,59,Normal
2026-02-09 15:16:08.525058,Dubai-802c,-26,48,Normal
2026-02-09 15:16:09.525058,Dubai-802c,-10,27,Normal
2026-02-09 15:16:10.525058,Dubai-802c,1,8,Normal
2026-02-09 15:16:11.525058,Dubai-802c,-16,25,Normal
2026-02-09 15:16:12.525058,Dubai-802c,31,35,Normal
2026-02-09 15:16:13.525058,Dubai-802c,49,13,Normal
2026-02-09 15:16:14.525058,Dubai-802c,15,10,Normal
2026-02-09 15:16:15.525058,Dubai-802c,18,54,Normal
2026-02-09 15:16:16.525058,Dubai-802c,-10,75,Normal
2026-02-09 15:16:17.525058,Dubai-802c,21,20,Normal
2026-02-09 15:16:18.525058,Dubai-802c,-24,18,Normal
2026-02-09 15:16:19.525058,Dubai-802c,6,71,Normal
2026-02-09 15:16:20.525058,Dubai-802c,-18,52,Normal
2026-02-09 15:16:21.525058,Dubai-802c,20,99,Normal
2026-02-09 15:16:22.525058,Dubai-802c,11,12,Normal
2026-02-09 15:16:23.525058,Dubai-802c,29,60,Normal
2026-02-09 15:16:24.525058,Dubai-802c,6,52,Normal
2026-02-09 15:16:25.525058,Dubai-802c,35,37,Normal
2026-02-09 15:16:26.525058,Dubai-802c,47,79,Normal
2026-02-09 15:16:27.525058,Dubai-802c,30,7,Normal
2026-02-09 15:16:28.525058,Dubai-802c,14,72,Normal
2026-02-09 15:16:29.525058,Dubai-802c,-9,73,Normal
2026-02-09 15:16:30.525058,Dubai-802c,-17,87,Normal
2026-02-09 15:16:31.525058,Dubai-802c,46,100,Normal
2026-02-09 15:16:32.525058,Dubai-802c,-3,25,Normal
2026-02-09 15:16:33.525058,Dubai-802c,-5,91,Normal
2026-02-09 15:16:34.525058,Dubai-802c,17,76,Normal
2026-02-09 15:16:35.525058,Dubai-802c,12,94,Normal
2026-02-09 15:16:36.525058,Dubai-802c,34,53,Normal
2026-02-09 15:16:37.525058,Dubai-802c,-29,80,Normal
2026-02-09 15:16:38.525058,Dubai-802c,38,93,Normal
2026-02-09 15:16:39.525058,Dubai-802c,30,36,Normal
2026-02-09 15:16:40.525058,Dubai-802c,1,15,Normal
2026-02-09 15:16:41.525058,Dubai-802c,-24,75,Normal
2026-02-09 15:16:42.525058,Dubai-802c,27,75,Normal
2026-02-09 15:16:43.525058,Dubai-802c,-20,75,Normal
2026-02-09 15:16:44.525058,Dubai-802c,-18,65,Normal
2026-02-09 15:16:45.525058,Dubai-802c,-24,34,Normal
2026-02-09 15:16:46.525058,Dubai-802c,43,68,Normal
2026-02-09 15:16:47.525058,Dubai-802c,19,14,Normal
2026-02-09 15:16:48.525058,Dubai-802c,10,3,Normal
2026-02-09 15:16:49.525058,Dubai-802c,-15,29,Normal
2026-02-09 15:16:50.525058,Dubai-802c,44,60,Normal
2026-02-09 15:16:51.525058,Dubai-802c,-24,85,Normal
2026-02-09 15:16:52.525058,Dubai-802c,-9,77,Normal
2026-02-09 15:16:53.525058,Dubai-802c,10,0,Normal
2026-02-09 15:16:54.525058,Dubai-802c,34,46,Normal
2026-02-09 15:16:55.525058,Dubai-802c,42,93,Normal
2026-02-09 15:16:56.525058,Dubai-802c,7,35,Normal
2026-02-09 15:16:57.525058,Dubai-802c,9,62,Normal
2026-02-09 15:16:58.525058,Dubai-802c,32,62,Normal
2026-02-09 15:16:59.525058,Dubai-802c,24,22,Normal
2026-02-09 15:17:00.525058,Dubai-802c,25,63,Normal
2026-02-09 15:17:01.525058,Dubai-802c,-2,14,Normal
2026-02-09 15:17:02.525058,Dubai-802c,44,38,Normal
2026-02-09 15:17:03.525058,Dubai-802c,43,76,Normal
2026-02-09 15:17:04.525058,Dubai-802c,12,4,Normal
2026-02-09 15:17:05.525058,Dubai-802c,-10,85,Normal
2026-02-09 15:17:06.525058,Dubai-802c,27,98,Normal
2026-02-09 15:17:07.525058,Dubai-802c,-5,5,Normal
2026-02-09 15:17:08.525058,Dubai-802c,45,88,Normal
2026-02-09 15:17:09.525058,Dubai-802c,7,85,Normal
2026-02-09 15:17:10.525058,Dubai-802c,20,96,Normal
2026-02-09 15:17:11.525058,Dubai-802c,-13,65,Normal
2026-02-09 15:17:12.525058,Dubai-802c,1,62,Normal
2026-02-09 15:17:13.525058,Dubai-802c,-4,50,Normal
2026-02-09 15:17:14.525058,Dubai-802c,-30,8,Normal
2026-02-09 15:17:15.525058,Dubai-802c,14,65,Normal
2026-02-09 15:17:16.525058,Dubai-802c,-23,35,Normal
2026-02-09 15:17:17.525058,Dubai-802c,45,94,Normal
2026-02-09 15:17:18.525058,Dubai-802c,11,86,Normal
2026-02-09 15:17:19.525058,Dubai-802c,-30,11,Normal
2026-02-09 15:17:20.525058,Dubai-802c,-8,12,Normal
2026-02-09 15:17:21.525058,Dubai-802c,12,89,Normal
2026-02-09 15:17:22.525058,Dubai-802c,-30,0,Normal
2026-02-09 15:17:23.525058,Dubai-802c,39,32,Normal
2026-02-09 15:17:24.525058,Dubai-802c,-15,23,Normal
2026-02-09 15:17:25.525058,Dubai-802c,29,42,Normal
2026-02-09 15:17:26.525058,Dubai-802c,47,94,Normal
2026-02-09 15:17:27.525058,Dubai-802c,-29,92,Normal
2026-02-09 15:17:28.525058,Dubai-802c,-23,71,Normal
2026-02-09 15:17:29.525058,Dubai-802c,28,68,Normal
2026-02-09 15:17:30.525058,Dubai-802c,24,86,Normal
2026-02-09 15:17:31.525058,Dubai-802c,24,26,Normal
2026-02-09 15:17:32.525058,Dubai-802c,-9,34,Normal
2026-02-09 15:17:33.525058,Dubai-802c,3,15,Normal
2026-02-09 15:17:34.525058,Dubai-802c,-13,53,Normal
2026-02-09 15:17:35.525058,Dubai-802c,-29,51,Normal
2026-02-09 15:17:36.525058,Dubai-802c,-21,100,Normal
2026-02-09 15:17:37.525058,Dubai-802c,43,74,Normal
2026-02-09 15:17:38.525058,Dubai-802c,-13,49,Normal
2026-02-09 15:17:39.525058,Dubai-802c,8,63,Normal
2026-02-09 15:17:40.525058,Dubai-802c,34,89,Normal
2026-02-09 15:17:41.525058,Dubai-802c,-11,94,Normal
2026-02-09 15:17:42.525058,Dubai-802c,14,83,Normal
2026-02-09 15:17:43.525058,Dubai-802c,15,32,Normal
2026-02-09 15:17:44.525058,Dubai-802c,50,62,Normal
2026-02-09 15:17:45.525058,Dubai-802c,8,46,Normal
2026-02-09 15:17:46.525058,Dubai-802c,49,27,Normal
2026-02-09 15:17:47.525058,Dubai-802c,-13,15,Normal
2026-02-09 15:17:48.525058,Dubai-802c,-15,2,Normal
2026-02-09 15:17:49.525058,Dubai-802c,41,82,Normal
2026-02-09 15:17:50.525058,Dubai-802c,-20,63,Normal
2026-02-09 15:17:51.525058,Dubai-802c,2,2,Normal
2026-02-09 15:17:52.525058,Dubai-802c,15,95,Normal
2026-02-09 15:17:53.525058,Dubai-802c,-11,56,Normal
2026-02-09 15:17:54.525058,Dubai-802c,50,52,Normal
2026-02-09 15:17:55.525058,Dubai-802c,48,63,Normal
2026-02-09 15:17:56.525058,Dubai-802c,-14,28,Normal
2026-02-09 15:17:57.525058,Dubai-802c,1,39,Normal
2026-02-09 15:17:58.525058,Dubai-802c,26,14,Normal
2026-02-09 15:17:59.525058,Dubai-802c,-15,12,Normal
2026-02-09 15:18:00.525058,Dubai-802c,-28,27,Normal
2026-02-09 15:18:01.525058,Dubai-802c,-26,0,Normal
2026-02-09 15:18:02.525058,Dubai-802c,34,12,Normal
2026-02-09 15:18:03.525058,Dubai-802c,45,83,Normal
2026-02-09 15:18:04.525058,Dubai-802c,38,12,Normal
2026-02-09 15:18:05.525058,Dubai-802c,-10,14,Normal
2026-02-09 15:18:06.525058,Dubai-802c,34,5,Normal
2026-02-09 15:18:07.525058,Dubai-802c,-3,33,Normal
2026-02-09 15:18:08.525058,Dubai-802c,-5,58,Normal
2026-02-09 15:18:09.525058,Dubai-802c,42,79,Normal
2026-02-09 15:18:10.525058,Dubai-802c,29,27,Normal
2026-02-09 15:18:11.525058,Dubai-802c,30,96,Normal
2026-02-09 15:18:12.525058,Dubai-802c,0,88,Normal
2026-02-09 15:18:13.525058,Dubai-802c,16,4,Normal
2026-02-09 15:18:14.525058,Dubai-802c,-18,47,Normal
2026-02-09 15:18:15.525058,Dubai-802c,41,70,Normal
2026-02-09 15:18:16.525058,Dubai-802c,27,67,Normal
2026-02-09 15:18:17.525058,Dubai-802c,-16,7,Normal
2026-02-09 15:18:18.525058,Dubai-802c,49,98,Normal
2026-02-09 15:18:19.525058,Dubai-802c,38,14,Normal
2026-02-09 15:18:20.525058,Dubai-802c,43,95,Normal
2026-02-09 15:18:21.525058,Dubai-802c,-28,95,Normal
2026-02-09 15:18:22.525058,Dubai-802c,-23,47,Normal
2026-02-09 15:18:23.525058,Dubai-802c,-3,30,Normal
2026-02-09 15:18:24.525058,Dubai-802c,-30,98,Normal
2026-02-09 15:18:25.525058,Dubai-802c,39,53,Normal
2026-02-09 15:18:26.525058,Dubai-802c,-12,35,Normal
2026-02-09 15:18:27.525058,Dubai-802c,20,32,Normal
2026-02-09 15:18:28.525058,Dubai-802c,47,42,Normal
2026-02-09 15:18:29.525058,Dubai-802c,5,69,Normal
2026-02-09 15:18:30.525058,Dubai-802c,-25,22,Normal
2026-02-09 15:18:31.525058,Dubai-802c,28,8,Normal
2026-02-09 15:18:32.525058,Dubai-802c,-19,42,Normal
2026-02-09 15:18:33.525058,Dubai-802c,40,55,Normal
2026-02-09 15:18:34.525058,Dubai-802c,-20,16,Normal
2026-02-09 15:18:35.525058,Dubai-802c,-4,27,Normal
2026-02-09 15:18:36.525058,Dubai-802c,31,80,Normal
2026-02-09 15:18:37.525058,Dubai-802c,-30,13,Normal
2026-02-09 15:18:38.525058,Dubai-802c,8,82,Normal
2026-02-09 15:18:39.525058,Dubai-802c,47,12,Normal
2026-02-09 15:18:40.525058,Dubai-802c,30,63,Normal
2026-02-09 15:18:41.525058,Dubai-802c,-11,99,Normal
2026-02-09 15:18:42.525058,Dubai-802c,-24,94,Normal
2026-02-09 15:18:43.525058,Dubai-802c,15,50,Normal
2026-02-09 15:18:44.525058,Dubai-802c,39,30,Normal
2026-02-09 15:18:45.525058,Dubai-802c,0,20,Normal
2026-02-09 15:18:46.525058,Dubai-802c,0,60,Normal
2026-02-09 15:18:47.525058,Dubai-802c,42,9,Normal
2026-02-09 15:18:48.525058,Dubai-802c,13,28,Normal
2026-02-09 15:18:49.525058,Dubai-802c,-30,96,Normal
2026-02-09 15:18:50.525058,Dubai-802c,-24,91,Normal
2026-02-09 15:18:51.525058,Dubai-802c,33,100,Normal
2026-02-09 15:18:52.525058,Dubai-802c,-24,19,Normal
2026-02-09 15:18:53.525058,Dubai-802c,37,42,Normal
2026-02-09 15:18:54.525058,Dubai-802c,49,39,Normal
2026-02-09 15:18:55.525058,Dubai-802c,-11,24,Normal
2026-02-09 15:18:56.525058,Dubai-802c,-3,35,Normal
2026-02-09 15:18:57.525058,Dubai-802c,35,87,Normal
2026-02-09 15:18:58.525058,Dubai-802c,20,14,Normal
2026-02-09 15:18:59.525058,Dubai-802c,34,52,Normal
2026-02-09 15:19:00.525058,Dubai-802c,39,34,Normal
2026-02-09 15:19:01.525058,Dubai-802c,-23,92,Normal
2026-02-09 15:19:02.525058,Dubai-802c,37,76,Normal
2026-02-09 15:19:03.525058,Dubai-802c,47,33,Normal
2026-02-09 15:19:04.525058,Dubai-802c,6,2,Normal
2026-02-09 15:19:05.525058,Dubai-802c,11,56,Normal
2026-02-09 15:19:06.525058,Dubai-802c,-19,91,Normal
2026-02-09 15:19:07.525058,Dubai-802c,37,82,Normal
2026-02-09 15:19:08.525058,Dubai-802c,31,42,Normal
2026-02-09 15:19:09.525058,Dubai-802c,-22,75,Normal
2026-02-09 15:19:10.525058,Dubai-802c,19,44,Normal
2026-02-09 15:19:11.525058,Dubai-802c,38,24,Normal
2026-02-09 15:19:12.525058,Dubai-802c,-23,89,Normal
2026-02-09 15:19:13.525058,Dubai-802c,19,87,Normal
2026-02-09 15:19:14.525058,Dubai-802c,-25,97,Normal
2026-02-09 15:19:15.525058,Dubai-802c,18,36,Normal
2026-02-09 15:19:16.525058,Dubai-802c,-12,23,Normal
2026-02-09 15:19:17.525058,Dubai-802c,-11,77,Normal
2026-02-09 15:19:18.525058,Dubai-802c,7,13,Normal
2026-02-09 15:19:19.525058,Dubai-802c,-2,81,Normal
2026-02-09 15:19:20.525058,Dubai-802c,-9,36,Normal
2026-02-09 15:19:21.525058,Dubai-802c,26,20,Normal
2026-02-09 15:19:22.525058,Dubai-802c,-19,77,Normal
2026-02-09 15:19:23.525058,Dubai-802c,11,22,Normal
2026-02-09 15:19:24.525058,Dubai-802c,-18,7,Normal
2026-02-09 15:19:25.525058,Dubai-802c,3,7,Normal
2026-02-09 15:19:26.525058,Dubai-802c,28,72,Normal
2026-02-09 15:19:27.525058,Dubai-802c,5,21,Normal
2026-02-09 15:19:28.525058,Dubai-802c,36,7,Normal
2026-02-09 15:19:29.525058,Dubai-802c,25,86,Normal
2026-02-09 15:19:30.525058,Dubai-802c,25,95,Normal
2026-02-09 15:19:31.525058,Dubai-802c,-30,49,Normal
2026-02-09 15:19:32.525058,Dubai-802c,24,96,Normal
2026-02-09 15:19:33.525058,Dubai-802c,46,52,Normal
2026-02-09 15:19:34.525058,Dubai-802c,41,11,Normal
2026-02-09 15:19:35.525058,Dubai-802c,45,60,Normal
2026-02-09 15:19:36.525058,Dubai-802c,5,32,Normal
2026-02-09 15:19:37.525058,Dubai-802c,-30,64,Normal
2026-02-09 15:19:38.525058,Dubai-802c,26,78,Normal
2026-02-09 15:19:39.525058,Dubai-802c,21,59,Normal
2026-02-09 15:19:40.525058,Dubai-802c,-5,3,Normal
2026-02-09 15:19:41.525058,Dubai-802c,-22,44,Normal
2026-02-09 15:19:42.525058,Dubai-802c,26,19,Normal
2026-02-09 15:19:43.525058,Dubai-802c,19,35,Normal
2026-02-09 15:19:44.525058,Dubai-802c,17,99,Normal
2026-02-09 15:19:45.525058,Dubai-802c,-16,11,Normal
2026-02-09 15:19:46.525058,Dubai-802c,46,61,Normal
2026-02-09 15:19:47.525058,Dubai-802c,40,84,Normal
2026-02-09 15:19:48.525058,Dubai-802c,46,35,Normal
2026-02-09 15:19:49.525058,Dubai-802c,-26,88,Normal
2026-02-09 15:19:50.525058,Dubai-802c,27,63,Normal
2026-02-09 15:19:51.525058,Dubai-802c,20,28,Normal
2026-02-09 15:19:52.525058,Dubai-802c,2,28,Normal
2026-02-09 15:19:53.525058,Dubai-802c,33,33,Normal
2026-02-09 15:19:54.525058,Dubai-802c,7,67,Normal
2026-02-09 15:19:55.525058,Dubai-802c,-5,24,Normal
2026-02-09 15:19:56.525058,Dubai-802c,36,47,Normal
2026-02-09 15:19:57.525058,Dubai-802c,38,36,Normal
2026-02-09 15:19:58.525058,Dubai-802c,4,0,Normal
2026-02-09 15:19:59.525058,Dubai-802c,23,95,Normal
2026-02-09 15:20:00.525058,Dubai-802c,-11,72,Normal
2026-02-09 15:20:01.525058,Dubai-802c,40,63,Normal
2026-02-09 15:20:02.525058,Dubai-802c,-12,60,Normal
2026-02-09 15:20:03.525058,Dubai-802c,8,50,Normal
2026-02-09 15:20:04.525058,Dubai-802c,23,36,Normal
2026-02-09 15:20:05.525058,Dubai-802c,-18,9,Normal
2026-02-09 15:20:06.525058,Dubai-802c,37,56,Normal
2026-02-09 15:20:07.525058,Dubai-802c,14,12,Normal
2026-02-09 15:20:08.525058,Dubai-802c,6,4,Normal
2026-02-09 15:20:09.525058,Dubai-802c,49,12,Normal
2026-02-09 15:20:10.525058,Dubai-802c,0,35,Normal
2026-02-09 15:20:11.525058,Dubai-802c,3,48,Normal
2026-02-09 15:20:12.525058,Dubai-802c,46,73,Normal
2026-02-09 15:20:13.525058,Dubai-802c,46,40,Normal
2026-02-09 15:20:14.525058,Dubai-802c,47,87,Normal
2026-02-09 15:20:15.525058,Dubai-802c,30,64,Normal
2026-02-09 15:20:16.525058,Dubai-802c,-20,4,Normal
2026-02-09 15:20:17.525058,Dubai-802c,-19,57,Normal
2026-02-09 15:20:18.525058,Dubai-802c,-18,54,Normal
2026-02-09 15:20:19.525058,Dubai-802c,3,89,Normal
2026-02-09 15:20:20.525058,Dubai-802c,-11,6,Normal
2026-02-09 15:20:21.525058,Dubai-802c,24,97,Normal
2026-02-09 15:20:22.525058,Dubai-802c,-26,32,Normal
2026-02-09 15:20:23.525058,Dubai-802c,16,65,Normal
2026-02-09 15:20:24.525058,Dubai-802c,-14,4,Normal
2026-02-09 15:20:25.525058,Dubai-802c,-18,38,Normal
2026-02-09 15:20:26.525058,Dubai-802c,-1,27,Normal
2026-02-09 15:20:27.525058,Dubai-802c,-8,99,Normal
2026-02-09 15:20:28.525058,Dubai-802c,-5,86,Normal
2026-02-09 15:20:29.525058,Dubai-802c,-13,53,Normal
2026-02-09 15:20:30.525058,Dubai-802c,16,68,Normal
2026-02-09 15:20:31.525058,Dubai-802c,33,3,Normal
2026-02-09 15:20:32.525058,Dubai-802c,9,32,Normal
2026-02-09 15:20:33.525058,Dubai-802c,-10,2,Normal
2026-02-09 15:20:34.525058,Dubai-802c,40,44,Normal
2026-02-09 15:20:35.525058,Dubai-802c,22,92,Normal
2026-02-09 15:20:36.525058,Dubai-802c,0,33,Normal
2026-02-09 15:20:37.525058,Dubai-802c,28,34,Normal
2026-02-09 15:20:38.525058,Dubai-802c,43,68,Normal
2026-02-09 15:20:39.525058,Dubai-802c,28,53,Normal
2026-02-09 15:20:40.525058,Dubai-802c,38,1,Normal
2026-02-09 15:20:41.525058,Dubai-802c,-8,42,Normal
2026-02-09 15:20:42.525058,Dubai-802c,11,3,Normal
2026-02-09 15:20:43.525058,Dubai-802c,17,48,Normal
2026-02-09 15:20:44.525058,Dubai-802c,4,29,Normal
2026-02-09 15:20:45.525058,Dubai-802c,21,73,Normal
2026-02-09 15:20:46.525058,Dubai-802c,-26,9,Normal
2026-02-09 15:20:47.525058,Dubai-802c,-15,97,Normal
2026-02-09 15:20:48.525058,Dubai-802c,18,46,Normal
2026-02-09 15:20:49.525058,Dubai-802c,-7,83,Normal
2026-02-09 15:20:50.525058,Dubai-802c,-23,76,Normal
2026-02-09 15:20:51.525058,Dubai-802c,49,9,Normal
2026-02-09 15:20:52.525058,Dubai-802c,21,99,Normal
2026-02-09 15:20:53.525058,Dubai-802c,-2,75,Normal
2026-02-09 15:20:54.525058,Dubai-802c,-12,10,Normal
2026-02-09 15:20:55.525058,Dubai-802c,41,11,Normal
2026-02-09 15:20:56.525058,Dubai-802c,37,100,Normal
2026-02-09 15:20:57.525058,Dubai-802c,15,75,Normal
2026-02-09 15:20:58.525058,Dubai-802c,3,31,Normal
2026-02-09 15:20:59.525058,Dubai-802c,30,100,Normal
2026-02-09 15:21:00.525058,Dubai-802c,-10,100,Normal
2026-02-09 15:21:01.525058,Dubai-802c,-20,57,Normal
2026-02-09 15:21:02.525058,Dubai-802c,46,42,Normal
2026-02-09 15:21:03.525058,Dubai-802c,48,77,Normal
2026-02-09 15:21:04.525058,Dubai-802c,-21,97,Normal
2026-02-09 15:21:05.525058,Dubai-802c,32,18,Normal
2026-02-09 15:21:06.525058,Dubai-802c,1,81,Normal
2026-02-09 15:21:07.525058,Dubai-802c,40,24,Normal
2026-02-09 15:21:08.525058,Dubai-802c,-8,68,Normal
2026-02-09 15:21:09.525058,Dubai-802c,-28,69,Normal
2026-02-09 15:21:10.525058,Dubai-802c,32,50,Normal
2026-02-09 15:21:11.525058,Dubai-802c,7,5,Normal
2026-02-09 15:21:12.525058,Dubai-802c,42,84,Normal
2026-02-09 15:21:13.525058,Dubai-802c,36,68,Normal
2026-02-09 15:21:14.525058,Dubai-802c,-4,3,Normal
2026-02-09 15:21:15.525058,Dubai-802c,-22,53,Normal
2026-02-09 15:21:16.525058,Dubai-802c,-19,23,Normal
2026-02-09 15:21:17.525058,Dubai-802c,-2,28,Normal
2026-02-09 15:21:18.525058,Dubai-802c,-21,22,Normal
2026-02-09 15:21:19.525058,Dubai-802c,46,84,Normal
2026-02-09 15:21:20.525058,Dubai-802c,-22,38,Normal
2026-02-09 15:21:21.525058,Dubai-802c,-14,29,Normal
2026-02-09 15:21:22.525058,Dubai-802c,40,33,Normal
2026-02-09 15:21:23.525058,Dubai-802c,2,56,Normal
2026-02-09 15:21:24.525058,Dubai-802c,-9,97,Normal
2026-02-09 15:21:25.525058,Dubai-802c,-27,16,Normal
2026-02-09 15:21:26.525058,Dubai-802c,-11,27,Normal
2026-02-09 15:21:27.525058,Dubai-802c,12,79,Normal
2026-02-09 15:21:28.525058,Dubai-802c,28,28,Normal
2026-02-09 15:21:29.525058,Dubai-802c,-18,93,Normal
2026-02-09 15:21:30.525058,Dubai-802c,5,23,Normal
2026-02-09 15:21:31.525058,Dubai-802c,41,20,Normal
2026-02-09 15:21:32.525058,Dubai-802c,33,78,Normal
2026-02-09 15:21:33.525058,Dubai-802c,1,44,Normal
2026-02-09 15:21:34.525058,Dubai-802c,5,81,Normal
2026-02-09 15:21:35.525058,Dubai-802c,29,53,Normal
2026-02-09 15:21:36.525058,Dubai-802c,4,93,Normal
2026-02-09 15:21:37.525058,Dubai-802c,40,48,Normal
2026-02-09 15:21:38.525058,Dubai-802c,37,98,Normal
2026-02-09 15:21:39.525058,Dubai-802c,42,47,Normal
2026-02-09 15:21:40.525058,Dubai-802c,-19,88,Normal
2026-02-09 15:21:41.525058,Dubai-802c,39,21,Normal
2026-02-09 15:21:42.525058,Dubai-802c,16,51,Normal
2026-02-09 15:21:43.525058,Dubai-802c,37,24,Normal
2026-02-09 15:21:44.525058,Dubai-802c,32,87,Normal
2026-02-09 15:21:45.525058,Dubai-802c,-6,14,Normal
2026-02-09 15:21:46.525058,Dubai-802c,46,34,Normal
2026-02-09 15:21:47.525058,Dubai-802c,-16,89,Normal
2026-02-09 15:21:48.525058,Dubai-802c,23,2,Normal
2026-02-09 15:21:49.525058,Dubai-802c,-1,33,Normal
2026-02-09 15:21:50.525058,Dubai-802c,-21,41,Normal
2026-02-09 15:21:51.525058,Dubai-802c,50,21,Normal
2026-02-09 15:21:52.525058,Dubai-802c,45,80,Normal
2026-02-09 15:21:53.525058,Dubai-802c,-19,82,Normal
2026-02-09 15:21:54.525058,Dubai-802c,-23,0,Normal
2026-02-09 15:21:55.525058,Dubai-802c,28,82,Normal
2026-02-09 15:21:56.525058,Dubai-802c,-6,88,Normal
2026-02-09 15:21:57.525058,Dubai-802c,38,38,Normal
2026-02-09 15:21:58.525058,Dubai-802c,-16,40,Normal
2026-02-09 15:21:59.525058,Dubai-802c,-21,63,Normal
2026-02-09 15:22:00.525058,Dubai-802c,47,41,Normal
2026-02-09 15:22:01.525058,Dubai-802c,14,35,Normal
2026-02-09 15:22:02.525058,Dubai-802c,-28,3,Normal
2026-02-09 15:22:03.525058,Dubai-802c,-18,49,Normal
2026-02-09 15:22:04.525058,Dubai-802c,44,60,Normal
2026-02-09 15:22:05.525058,Dubai-802c,-25,45,Normal
2026-02-09 15:22:06.525058,Dubai-802c,-21,20,Normal
2026-02-09 15:22:07.525058,Dubai-802c,48,35,Normal
2026-02-09 15:22:08.525058,Dubai-802c,23,3,Normal
2026-02-09 15:22:09.525058,Dubai-802c,37,65,Normal
2026-02-09 15:22:10.525058,Dubai-802c,13,64,Normal
2026-02-09 15:22:11.525058,Dubai-802c,-25,1,Normal
2026-02-09 15:22:12.525058,Dubai-802c,-16,16,Normal
2026-02-09 15:22:13.525058,Dubai-802c,-27,35,Normal
2026-02-09 15:22:14.525058,Dubai-802c,-2,71,Normal
2026-02-09 15:22:15.525058,Dubai-802c,-26,52,Normal
2026-02-09 15:22:16.525058,Dubai-802c,15,51,Normal
2026-02-09 15:22:17.525058,Dubai-802c,-20,92,Normal
2026-02-09 15:22:18.525058,Dubai-802c,-11,54,Normal
2026-02-09 15:22:19.525058,Dubai-802c,-12,41,Normal
2026-02-09 15:22:20.525058,Dubai-802c,4,26,Normal
2026-02-09 15:22:21.525058,Dubai-802c,5,36,Normal
2026-02-09 15:22:22.525058,Dubai-802c,49,50,Normal
2026-02-09 15:22:23.525058,Dubai-802c,32,67,Normal
2026-02-09 15:22:24.525058,Dubai-802c,-12,91,Normal
2026-02-09 15:22:25.525058,Dubai-802c,32,4,Normal
2026-02-09 15:22:26.525058,Dubai-802c,-1,96,Normal
2026-02-09 15:22:27.525058,Dubai-802c,-17,42,Normal
2026-02-09 15:22:28.525058,Dubai-802c,-16,90,Normal
2026-02-09 15:22:29.525058,Dubai-802c,8,27,Normal
2026-02-09 15:22:30.525058,Dubai-802c,-18,17,Normal
2026-02-09 15:22:31.525058,Dubai-802c,2,61,Normal
2026-02-09 15:22:32.525058,Dubai-802c,45,46,Normal
2026-02-09 15:22:33.525058,Dubai-802c,0,21,Normal
2026-02-09 15:22:34.525058,Dubai-802c,3,13,Normal
2026-02-09 15:22:35.525058,Dubai-802c,18,25,Normal
2026-02-09 15:22:36.525058,Dubai-802c,29,30,Normal
2026-02-09 15:22:37.525058,Dubai-802c,19,8,Normal
2026-02-09 15:22:38.525058,Dubai-802c,13,96,Normal
2026-02-09 15:22:39.525058,Dubai-802c,8,32,Normal
2026-02-09 15:22:40.525058,Dubai-802c,-7,63,Normal
2026-02-09 15:22:41.525058,Dubai-802c,35,8,Normal
2026-02-09 15:22:42.525058,Dubai-802c,47,21,Normal
2026-02-09 15:22:43.525058,Dubai-802c,18,17,Normal
2026-02-09 15:22:44.525058,Dubai-802c,-7,31,Normal
2026-02-09 15:22:45.525058,Dubai-802c,44,5,Normal
2026-02-09 15:22:46.525058,Dubai-802c,-21,79,Normal
2026-02-09 15:22:47.525058,Dubai-802c,-4,43,Normal
2026-02-09 15:22:48.525058,Dubai-802c,-16,25,Normal
2026-02-09 15:22:49.525058,Dubai-802c,26,61,Normal
2026-02-09 15:22:50.525058,Dubai-802c,21,57,Normal
2026-02-09 15:22:51.525058,Dubai-802c,-22,23,Normal
2026-02-09 15:22:52.525058,Dubai-802c,11,34,Normal
2026-02-09 15:22:53.525058,Dubai-802c,34,22,Normal
2026-02-09 15:22:54.525058,Dubai-802c,-7,3,Normal
2026-02-09 15:22:55.525058,Dubai-802c,-4,59,Normal
2026-02-09 15:22:56.525058,Dubai-802c,43,95,Normal
2026-02-09 15:22:57.525058,Dubai-802c,23,91,Normal
2026-02-09 15:22:58.525058,Dubai-802c,39,16,Normal
2026-02-09 15:22:59.525058,Dubai-802c,50,100,Normal
2026-02-09 15:23:00.525058,Dubai-802c,13,8,Normal
2026-02-09 15:23:01.525058,Dubai-802c,-15,39,Normal
2026-02-09 15:23:02.525058,Dubai-802c,19,97,Normal
2026-02-09 15:23:03.525058,Dubai-802c,-24,20,Normal
2026-02-09 15:23:04.525058,Dubai-802c,27,76,Normal
2026-02-09 15:23:05.525058,Dubai-802c,-15,28,Normal
2026-02-09 15:23:06.525058,Dubai-802c,-15,19,Normal
2026-02-09 15:23:07.525058,Dubai-802c,-3,69,Normal
2026-02-09 15:23:08.525058,Dubai-802c,-28,53,Normal
2026-02-09 15:23:09.525058,Dubai-802c,30,91,Normal
2026-02-09 15:23:10.525058,Dubai-802c,18,31,Normal
2026-02-09 15:23:11.525058,Dubai-802c,17,57,Normal
2026-02-09 15:23:12.525058,Dubai-802c,16,50,Normal
2026-02-09 15:23:13.525058,Dubai-802c,43,22,Normal
2026-02-09 15:23:14.525058,Dubai-802c,22,1,Normal
2026-02-09 15:23:15.525058,Dubai-802c,35,61,Normal
2026-02-09 15:23:16.525058,Dubai-802c,42,52,Normal
2026-02-09 15:23:17.525058,Dubai-802c,14,10,Normal
2026-02-09 15:23:18.525058,Dubai-802c,25,69,Normal
2026-02-09 15:23:19.525058,Dubai-802c,-2,49,Normal
2026-02-09 15:23:20.525058,Dubai-802c,7,89,Normal
2026-02-09 15:23:21.525058,Dubai-802c,-14,19,Normal
2026-02-09 15:23:22.525058,Dubai-802c,48,6,Normal
2026-02-09 15:23:23.525058,Dubai-802c,16,58,Normal
2026-02-09 15:23:24.525058,Dubai-802c,44,12,Normal
2026-02-09 15:23:25.525058,Dubai-802c,24,95,Normal
2026-02-09 15:23:26.525058,Dubai-802c,2,11,Normal
2026-02-09 15:23:27.525058,Dubai-802c,38,0,Normal
2026-02-09 15:23:28.525058,Dubai-802c,41,89,Normal
2026-02-09 15:23:29.525058,Dubai-802c,36,23,Normal
2026-02-09 15:23:30.525058,Dubai-802c,24,90,Normal
2026-02-09 15:23:31.525058,Dubai-802c,-22,41,Normal
2026-02-09 15:23:32.525058,Dubai-802c,23,38,Normal
2026-02-09 15:23:33.525058,Dubai-802c,16,6,Normal
2026-02-09 15:23:34.525058,Dubai-802c,50,45,Normal
2026-02-09 15:23:35.525058,Dubai-802c,11,6,Normal
2026-02-09 15:23:36.525058,Dubai-802c,-20,22,Normal
2026-02-09 15:23:37.525058,Dubai-802c,37,37,Normal
2026-02-09 15:23:38.525058,Dubai-802c,35,66,Normal
2026-02-09 15:23:39.525058,Dubai-802c,6,2,Normal
2026-02-09 15:23:40.525058,Dubai-802c,24,49,Normal
2026-02-09 15:23:41.525058,Dubai-802c,-10,47,Normal
2026-02-09 15:23:42.525058,Dubai-802c,32,69,Normal
2026-02-09 15:23:43.525058,Dubai-802c,30,45,Normal
2026-02-09 15:23:44.525058,Dubai-802c,7,11,Normal
2026-02-09 15:23:45.525058,Dubai-802c,38,92,Normal
2026-02-09 15:23:46.525058,Dubai-802c,-30,26,Normal
2026-02-09 15:23:47.525058,Dubai-802c,-29,22,Normal
2026-02-09 15:23:48.525058,Dubai-802c,24,61,Normal
2026-02-09 15:23:49.525058,Dubai-802c,49,0,Normal
2026-02-09 15:23:50.525058,Dubai-802c,14,54,Normal
2026-02-09 15:23:51.525058,Dubai-802c,18,2,Normal
2026-02-09 15:23:52.525058,Dubai-802c,12,95,Normal
2026-02-09 15:23:53.525058,Dubai-802c,-20,55,Normal
2026-02-09 15:23:54.525058,Dubai-802c,11,89,Normal
2026-02-09 15:23:55.525058,Dubai-802c,42,27,Normal
2026-02-09 15:23:56.525058,Dubai-802c,-18,94,Normal
2026-02-09 15:23:57.525058,Dubai-802c,8,100,Normal
2026-02-09 15:23:58.525058,Dubai-802c,-23,40,Normal
2026-02-09 15:23:59.525058,Dubai-802c,-6,45,Normal
2026-02-09 15:24:00.525058,Dubai-802c,-7,28,Normal
2026-02-09 15:24:01.525058,Dubai-802c,-16,52,Normal
2026-02-09 15:24:02.525058,Dubai-802c,40,59,Normal
2026-02-09 15:24:03.525058,Dubai-802c,28,16,Normal
2026-02-09 15:24:04.525058,Dubai-802c,-22,64,Normal
2026-02-09 15:24:05.525058,Dubai-802c,-8,93,Normal
2026-02-09 15:24:06.525058,Dubai-802c,26,1,Normal
2026-02-09 15:24:07.525058,Dubai-802c,30,23,Normal
2026-02-09 15:24:08.525058,Dubai-802c,-18,3,Normal
2026-02-09 15:24:09.525058,Dubai-802c,44,92,Normal
2026-02-09 15:24:10.525058,Dubai-802c,-25,34,Normal
2026-02-09 15:24:11.525058,Dubai-802c,34,68,Normal
2026-02-09 15:24:12.525058,Dubai-802c,-27,48,Normal
2026-02-09 15:24:13.525058,Dubai-802c,-26,39,Normal
2026-02-09 15:24:14.525058,Dubai-802c,13,1,Normal
2026-02-09 15:24:15.525058,Dubai-802c,43,2,Normal
2026-02-09 15:24:16.525058,Dubai-802c,15,82,Normal
2026-02-09 15:24:17.525058,Dubai-802c,21,40,Normal
2026-02-09 15:24:18.525058,Dubai-802c,13,5,Normal
2026-02-09 15:24:19.525058,Dubai-802c,-3,65,Normal
2026-02-09 15:24:20.525058,Dubai-802c,26,92,Normal
2026-02-09 15:24:21.525058,Dubai-802c,-17,87,Normal
2026-02-09 15:24:22.525058,Dubai-802c,29,64,Normal
2026-02-09 15:24:23.525058,Dubai-802c,17,77,Normal
2026-02-09 15:24:24.525058,Dubai-802c,43,63,Normal
2026-02-09 15:24:25.525058,Dubai-802c,5,100,Normal
2026-02-09 15:24:26.525058,Dubai-802c,16,51,Normal
2026-02-09 15:24:27.525058,Dubai-802c,17,32,Normal
2026-02-09 15:24:28.525058,Dubai-802c,-29,45,Normal
2026-02-09 15:24:29.525058,Dubai-802c,22,91,Normal
2026-02-09 15:24:30.525058,Dubai-802c,-25,43,Normal
2026-02-09 15:24:31.525058,Dubai-802c,-20,87,Normal
2026-02-09 15:24:32.525058,Dubai-802c,-17,99,Normal
2026-02-09 15:24:33.525058,Dubai-802c,28,65,Normal
2026-02-09 15:24:34.525058,Dubai-802c,9,95,Normal
2026-02-09 15:24:35.525058,Dubai-802c,-2,29,Normal
2026-02-09 15:24:36.525058,Dubai-802c,-6,80,Normal
2026-02-09 15:24:37.525058,Dubai-802c,-30,57,Normal
2026-02-09 15:24:38.525058,Dubai-802c,36,62,Normal
2026-02-09 15:24:39.525058,Dubai-802c,-10,9,Normal
2026-02-09 15:24:40.525058,Dubai-802c,-23,45,Normal
2026-02-09 15:24:41.525058,Dubai-802c,37,44,Normal
2026-02-09 15:24:42.525058,Dubai-802c,23,15,Normal
2026-02-09 15:24:43.525058,Dubai-802c,50,35,Normal
2026-02-09 15:24:44.525058,Dubai-802c,-24,14,Normal
2026-02-09 15:24:45.525058,Dubai-802c,6,9,Normal
2026-02-09 15:24:46.525058,Dubai-802c,41,88,Normal
2026-02-09 15:24:47.525058,Dubai-802c,9,75,Normal
2026-02-09 15:24:48.525058,Dubai-802c,-7,67,Normal
2026-02-09 15:24:49.525058,Dubai-802c,11,52,Normal
2026-02-09 15:24:50.525058,Dubai-802c,21,61,Normal
2026-02-09 15:24:51.525058,Dubai-802c,-18,56,Normal
2026-02-09 15:24:52.525058,Dubai-802c,46,47,Normal
2026-02-09 15:24:53.525058,Dubai-802c,40,33,Normal
2026-02-09 15:24:54.525058,Dubai-802c,3,99,Normal
2026-02-09 15:24:55.525058,Dubai-802c,-4,42,Normal
2026-02-09 15:24:56.525058,Dubai-802c,14,10,Normal
2026-02-09 15:24:57.525058,Dubai-802c,-11,3,Normal
2026-02-09 15:24:58.525058,Dubai-802c,-10,21,Normal
2026-02-09 15:24:59.525058,Dubai-802c,33,96,Normal
2026-02-09 15:25:00.525058,Dubai-802c,-2,81,Normal
2026-02-09 15:25:01.525058,Dubai-802c,4,7,Normal
2026-02-09 15:25:02.525058,Dubai-802c,11,29,Normal
2026-02-09 15:25:03.525058,Dubai-802c,30,76,Normal
2026-02-09 15:25:04.525058,Dubai-802c,46,30,Normal
2026-02-09 15:25:05.525058,Dubai-802c,-30,27,Normal
2026-02-09 15:25:06.525058,Dubai-802c,36,53,Normal
2026-02-09 15:25:07.525058,Dubai-802c,21,7,Normal
2026-02-09 15:25:08.525058,Dubai-802c,34,61,Normal
2026-02-09 15:25:09.525058,Dubai-802c,21,70,Normal
2026-02-09 15:25:10.525058,Dubai-802c,5,47,Normal
2026-02-09 15:25:11.525058,Dubai-802c,-12,60,Normal
2026-02-09 15:25:12.525058,Dubai-802c,36,77,Normal
2026-02-09 15:25:13.525058,Dubai-802c,5,91,Normal
2026-02-09 15:25:14.525058,Dubai-802c,20,43,Normal
2026-02-09 15:25:15.525058,Dubai-802c,50,90,Normal
2026-02-09 15:25:16.525058,Dubai-802c,-20,86,Normal
2026-02-09 15:25:17.525058,Dubai-802c,-4,47,Normal
2026-02-09 15:25:18.525058,Dubai-802c,-4,63,Normal
2026-02-09 15:25:19.525058,Dubai-802c,45,75,Normal
2026-02-09 15:25:20.525058,Dubai-802c,8,61,Normal
2026-02-09 15:25:21.525058,Dubai-802c,7,57,Normal
2026-02-09 15:25:22.525058,Dubai-802c,-12,84,Normal
2026-02-09 15:25:23.525058,Dubai-802c,48,33,Normal
2026-02-09 15:25:24.525058,Dubai-802c,49,44,Normal
2026-02-09 15:25:25.525058,Dubai-802c,37,25,Normal
2026-02-09 15:25:26.525058,Dubai-802c,22,75,Normal
2026-02-09 15:25:27.525058,Dubai-802c,-11,32,Normal
2026-02-09 15:25:28.525058,Dubai-802c,-22,67,Normal
2026-02-09 15:25:29.525058,Dubai-802c,1,76,Normal
2026-02-09 15:25:30.525058,Dubai-802c,-25,14,Normal
2026-02-09 15:25:31.525058,Dubai-802c,45,87,Normal
2026-02-09 15:25:32.525058,Dubai-802c,23,0,Normal
2026-02-09 15:25:33.525058,Dubai-802c,40,7,Normal
2026-02-09 15:25:34.525058,Dubai-802c,13,21,Normal
2026-02-09 15:25:35.525058,Dubai-802c,32,9,Normal
2026-02-09 15:25:36.525058,Dubai-802c,-3,31,Normal
2026-02-09 15:25:37.525058,Dubai-802c,-26,37,Normal
2026-02-09 15:25:38.525058,Dubai-802c,33,80,Normal
2026-02-09 15:25:39.525058,Dubai-802c,6,14,Normal
2026-02-09 15:25:40.525058,Dubai-802c,13,68,Normal
2026-02-09 15:25:41.525058,Dubai-802c,48,53,Normal
2026-02-09 15:25:42.525058,Dubai-802c,50,99,Normal
2026-02-09 15:25:43.525058,Dubai-802c,14,11,Normal
2026-02-09 15:25:44.525058,Dubai-802c,16,90,Normal
2026-02-09 15:25:45.525058,Dubai-802c,26,2,Normal
2026-02-09 15:25:46.525058,Dubai-802c,1,62,Normal
2026-02-09 15:25:47.525058,Dubai-802c,7,77,Normal
2026-02-09 15:25:48.525058,Dubai-802c,6,21,Normal
2026-02-09 15:25:49.525058,Dubai-802c,50,23,Normal
2026-02-09 15:25:50.525058,Dubai-802c,-22,75,Normal
2026-02-09 15:25:51.525058,Dubai-802c,-29,58,Normal
2026-02-09 15:25:52.525058,Dubai-802c,-15,87,Normal
2026-02-09 15:25:53.525058,Dubai-802c,-6,79,Normal
2026-02-09 15:25:54.525058,Dubai-802c,-14,34,Normal
2026-02-09 15:25:55.525058,Dubai-802c,38,7,Normal
2026-02-09 15:25:56.525058,Dubai-802c,-7,97,Normal
2026-02-09 15:25:57.525058,Dubai-802c,-29,29,Normal
2026-02-09 15:25:58.525058,Dubai-802c,38,15,Normal
2026-02-09 15:25:59.525058,Dubai-802c,25,11,Normal
2026-02-09 15:26:00.525058,Dubai-802c,29,30,Normal
2026-02-09 15:26:01.525058,Dubai-802c,-19,90,Normal
2026-02-09 15:26:02.525058,Dubai-802c,21,4,Normal
2026-02-09 15:26:03.525058,Dubai-802c,32,78,Normal
2026-02-09 15:26:04.525058,Dubai-802c,7,97,Normal
2026-02-09 15:26:05.525058,Dubai-802c,-11,39,Normal
2026-02-09 15:26:06.525058,Dubai-802c,26,100,Normal
2026-02-09 15:26:07.525058,Dubai-802c,-5,24,Normal
2026-02-09 15:26:08.525058,Dubai-802c,1,44,Normal
2026-02-09 15:26:09.525058,Dubai-802c,32,21,Normal
2026-02-09 15:26:10.525058,Dubai-802c,8,79,Normal
2026-02-09 15:26:11.525058,Dubai-802c,26,72,Normal
2026-02-09 15:26:12.525058,Dubai-802c,25,17,Normal
2026-02-09 15:26:13.525058,Dubai-802c,22,1,Normal
2026-02-09 15:26:14.525058,Dubai-802c,37,12,Normal
2026-02-09 15:26:15.525058,Dubai-802c,24,9,Normal
2026-02-09 15:26:16.525058,Dubai-802c,20,33,Normal
2026-02-09 15:26:17.525058,Dubai-802c,-9,77,Normal
2026-02-09 15:26:18.525058,Dubai-802c,2,90,Normal
2026-02-09 15:26:19.525058,Dubai-802c,49,51,Normal
2026-02-09 15:26:20.525058,Dubai-802c,-24,61,Normal
2026-02-09 15:26:21.525058,Dubai-802c,-13,82,Normal
2026-02-09 15:26:22.525058,Dubai-802c,-18,30,Normal
2026-02-09 15:26:23.525058,Dubai-802c,30,98,Normal
2026-02-09 15:26:24.525058,Dubai-802c,4,31,Normal
2026-02-09 15:26:25.525058,Dubai-802c,8,78,Normal
2026-02-09 15:26:26.525058,Dubai-802c,13,73,Normal
2026-02-09 15:26:27.525058,Dubai-802c,39,43,Normal
2026-02-09 15:26:28.525058,Dubai-802c,23,69,Normal
2026-02-09 15:26:29.525058,Dubai-802c,21,68,Normal
2026-02-09 15:26:30.525058,Dubai-802c,16,83,Normal
2026-02-09 15:26:31.525058,Dubai-802c,-12,3,Normal
2026-02-09 15:26:32.525058,Dubai-802c,-30,95,Normal
2026-02-09 15:26:33.525058,Dubai-802c,-27,27,Normal
2026-02-09 15:26:34.525058,Dubai-802c,-19,75,Normal
2026-02-09 15:26:35.525058,Dubai-802c,15,81,Normal
2026-02-09 15:26:36.525058,Dubai-802c,-18,32,Normal
2026-02-09 15:26:37.525058,Dubai-802c,-12,33,Normal
2026-02-09 15:26:38.525058,Dubai-802c,-10,23,Normal
2026-02-09 15:26:39.525058,Dubai-802c,48,20,Normal
2026-02-09 15:26:40.525058,Dubai-802c,-19,65,Normal
2026-02-09 15:26:41.525058,Dubai-802c,49,29,Normal
2026-02-09 15:26:42.525058,Dubai-802c,8,11,Normal
2026-02-09 15:26:43.525058,Dubai-802c,19,36,Normal
2026-02-09 15:26:44.525058,Dubai-802c,-29,12,Normal
2026-02-09 15:26:45.525058,Dubai-802c,44,82,Normal
2026-02-09 15:26:46.525058,Dubai-802c,-15,54,Normal
2026-02-09 15:26:47.525058,Dubai-802c,14,84,Normal
2026-02-09 15:26:48.525058,Dubai-802c,3,94,Normal
2026-02-09 15:26:49.525058,Dubai-802c,-5,73,Normal
2026-02-09 15:26:50.525058,Dubai-802c,46,4,Normal
2026-02-09 15:26:51.525058,Dubai-802c,0,99,Normal
2026-02-09 15:26:52.525058,Dubai-802c,46,49,Normal
2026-02-09 15:26:53.525058,Dubai-802c,39,87,Normal
2026-02-09 15:26:54.525058,Dubai-802c,17,2,Normal
2026-02-09 15:26:55.525058,Dubai-802c,42,29,Normal
2026-02-09 15:26:56.525058,Dubai-802c,-1,36,Normal
2026-02-09 15:26:57.525058,Dubai-802c,24,6,Normal
2026-02-09 15:26:58.525058,Dubai-802c,27,48,Normal
2026-02-09 15:26:59.525058,Dubai-802c,30,64,Normal
2026-02-09 15:27:00.525058,Dubai-802c,24,36,Normal
2026-02-09 15:27:01.525058,Dubai-802c,36,14,Normal
2026-02-09 15:27:02.525058,Dubai-802c,-3,13,Normal
2026-02-09 15:27:03.525058,Dubai-802c,-2,11,Normal
2026-02-09 15:27:04.525058,Dubai-802c,-19,76,Normal
2026-02-09 15:27:05.525058,Dubai-802c,-18,55,Normal
2026-02-09 15:27:06.525058,Dubai-802c,49,1,Normal
2026-02-09 15:27:07.525058,Dubai-802c,16,79,Normal
2026-02-09 15:27:08.525058,Dubai-802c,-25,46,Normal
2026-02-09 15:27:09.525058,Dubai-802c,19,9,Normal
2026-02-09 15:27:10.525058,Dubai-802c,39,74,Normal
2026-02-09 15:27:11.525058,Dubai-802c,-20,60,Normal
2026-02-09 15:27:12.525058,Dubai-802c,42,62,Normal
2026-02-09 15:27:13.525058,Dubai-802c,-22,1,Normal
2026-02-09 15:27:14.525058,Dubai-802c,-9,23,Normal
2026-02-09 15:27:15.525058,Dubai-802c,-13,52,Normal
2026-02-09 15:27:16.525058,Dubai-802c,44,76,Normal
2026-02-09 15:27:17.525058,Dubai-802c,-15,86,Normal
2026-02-09 15:27:18.525058,Dubai-802c,-4,10,Normal
2026-02-09 15:27:19.525058,Dubai-802c,-28,28,Normal
2026-02-09 15:27:20.525058,Dubai-802c,-13,56,Normal
2026-02-09 15:27:21.525058,Dubai-802c,31,3,Normal
2026-02-09 15:27:22.525058,Dubai-802c,27,70,Normal
2026-02-09 15:27:23.525058,Dubai-802c,-6,80,Normal
2026-02-09 15:27:24.525058,Dubai-802c,7,91,Normal
2026-02-09 15:27:25.525058,Dubai-802c,-23,52,Normal
2026-02-09 15:27:26.525058,Dubai-802c,-16,31,Normal
2026-02-09 15:27:27.525058,Dubai-802c,29,88,Normal
2026-02-09 15:27:28.525058,Dubai-802c,-21,53,Normal
2026-02-09 15:27:29.525058,Dubai-802c,26,26,Normal
2026-02-09 15:27:30.525058,Dubai-802c,37,15,Normal
2026-02-09 15:27:31.525058,Dubai-802c,-30,91,Normal
2026-02-09 15:27:32.525058,Dubai-802c,47,27,Normal
2026-02-09 15:27:33.525058,Dubai-802c,-24,21,Normal
2026-02-09 15:27:34.525058,Dubai-802c,-23,0,Normal
2026-02-09 15:27:35.525058,Dubai-802c,-13,81,Normal
2026-02-09 15:27:36.525058,Dubai-802c,-5,75,Normal
2026-02-09 15:27:37.525058,Dubai-802c,17,18,Normal
2026-02-09 15:27:38.525058,Dubai-802c,33,31,Normal
2026-02-09 15:27:39.525058,Dubai-802c,39,83,Normal
2026-02-09 15:27:40.525058,Dubai-802c,44,6,Normal
2026-02-09 15:27:41.525058,Dubai-802c,-11,62,Normal
2026-02-09 15:27:42.525058,Dubai-802c,44,36,Normal
2026-02-09 15:27:43.525058,Dubai-802c,23,68,Normal
2026-02-09 15:27:44.525058,Dubai-802c,50,16,Normal
2026-02-09 15:27:45.525058,Dubai-802c,40,52,Normal
2026-02-09 15:27:46.525058,Dubai-802c,39,91,Normal
2026-02-09 15:27:47.525058,Dubai-802c,45,99,Normal
2026-02-09 15:27:48.525058,Dubai-802c,37,12,Normal
2026-02-09 15:27:49.525058,Dubai-802c,-18,10,Normal
2026-02-09 15:27:50.525058,Dubai-802c,24,11,Normal
2026-02-09 15:27:51.525058,Dubai-802c,0,81,Normal
2026-02-09 15:27:52.525058,Dubai-802c,7,88,Normal
2026-02-09 15:27:53.525058,Dubai-802c,-16,33,Normal
2026-02-09 15:27:54.525058,Dubai-802c,28,78,Normal
2026-02-09 15:27:55.525058,Dubai-802c,-4,82,Normal
2026-02-09 15:27:56.525058,Dubai-802c,4,87,Normal
2026-02-09 15:27:57.525058,Dubai-802c,1,70,Normal
2026-02-09 15:27:58.525058,Dubai-802c,43,95,Normal
2026-02-09 15:27:59.525058,Dubai-802c,-30,11,Normal
2026-02-09 15:28:00.525058,Dubai-802c,26,29,Normal
2026-02-09 15:28:01.525058,Dubai-802c,3,92,Normal
2026-02-09 15:28:02.525058,Dubai-802c,16,28,Normal
2026-02-09 15:28:03.525058,Dubai-802c,6,98,Normal
2026-02-09 15:28:04.525058,Dubai-802c,43,86,Normal
2026-02-09 15:28:05.525058,Dubai-802c,16,24,Normal
2026-02-09 15:28:06.525058,Dubai-802c,-14,69,Normal
2026-02-09 15:28:07.525058,Dubai-802c,-8,70,Normal
2026-02-09 15:28:08.525058,Dubai-802c,-22,53,Normal
2026-02-09 15:28:09.525058,Dubai-802c,-9,31,Normal
2026-02-09 15:28:10.525058,Dubai-802c,-1,0,Normal
2026-02-09 15:28:11.525058,Dubai-802c,4,74,Normal
2026-02-09 15:28:12.525058,Dubai-802c,24,0,Normal
2026-02-09 15:28:13.525058,Dubai-802c,28,79,Normal
2026-02-09 15:28:14.525058,Dubai-802c,38,61,Normal
2026-02-09 15:28:15.525058,Dubai-802c,-24,74,Normal
2026-02-09 15:28:16.525058,Dubai-802c,15,87,Normal
2026-02-09 15:28:17.525058,Dubai-802c,14,79,Normal
2026-02-09 15:28:18.525058,Dubai-802c,50,57,Normal
2026-02-09 15:28:19.525058,Dubai-802c,-16,64,Normal
2026-02-09 15:28:20.525058,Dubai-802c,10,64,Normal
2026-02-09 15:28:21.525058,Dubai-802c,24,61,Normal
2026-02-09 15:28:22.525058,Dubai-802c,34,4,Normal
2026-02-09 15:28:23.525058,Dubai-802c,40,0,Normal
2026-02-09 15:28:24.525058,Dubai-802c,-14,17,Normal
2026-02-09 15:28:25.525058,Dubai-802c,40,42,Normal
2026-02-09 15:28:26.525058,Dubai-802c,46,34,Normal
2026-02-09 15:28:27.525058,Dubai-802c,20,37,Normal
2026-02-09 15:28:28.525058,Dubai-802c,20,35,Normal
2026-02-09 15:28:29.525058,Dubai-802c,-11,21,Normal
2026-02-09 15:28:30.525058,Dubai-802c,-18,100,Normal
2026-02-09 15:28:31.525058,Dubai-802c,7,81,Normal
2026-02-09 15:28:32.525058,Dubai-802c,14,24,Normal
2026-02-09 15:28:33.525058,Dubai-802c,33,47,Normal
2026-02-09 15:28:34.525058,Dubai-802c,-26,15,Normal
2026-02-09 15:28:35.525058,Dubai-802c,28,60,Normal
2026-02-09 15:28:36.525058,Dubai-802c,33,66,Normal
2026-02-09 15:28:37.525058,Dubai-802c,-9,33,Normal
2026-02-09 15:28:38.525058,Dubai-802c,14,98,Normal
2026-02-09 15:28:39.525058,Dubai-802c,-30,56,Normal
2026-02-09 15:28:40.525058,Dubai-802c,-2,24,Normal
2026-02-09 15:28:41.525058,Dubai-802c,14,57,Normal
2026-02-09 15:28:42.525058,Dubai-802c,0,37,Normal
2026-02-09 15:28:43.525058,Dubai-802c,-11,14,Normal
2026-02-09 15:28:44.525058,Dubai-802c,23,68,Normal
2026-02-09 15:28:45.525058,Dubai-802c,26,85,Normal
2026-02-09 15:28:46.525058,Dubai-802c,-24,81,Normal
2026-02-09 15:28:47.525058,Dubai-802c,-16,53,Normal
2026-02-09 15:28:48.525058,Dubai-802c,25,37,Normal
2026-02-09 15:28:49.525058,Dubai-802c,10,94,Normal
2026-02-09 15:28:50.525058,Dubai-802c,33,68,Normal
2026-02-09 15:28:51.525058,Dubai-802c,-3,46,Normal
2026-02-09 15:28:52.525058,Dubai-802c,48,73,Normal
2026-02-09 15:28:53.525058,Dubai-802c,-3,61,Normal
2026-02-09 15:28:54.525058,Dubai-802c,-24,60,Normal
2026-02-09 15:28:55.525058,Dubai-802c,-4,20,Normal
2026-02-09 15:28:56.525058,Dubai-802c,-8,40,Normal
2026-02-09 15:28:57.525058,Dubai-802c,-13,55,Normal
2026-02-09 15:28:58.525058,Dubai-802c,15,92,Normal
2026-02-09 15:28:59.525058,Dubai-802c,12,14,Normal
2026-02-09 15:29:00.525058,Dubai-802c,-8,84,Normal
2026-02-09 15:29:01.525058,Dubai-802c,21,25,Normal
2026-02-09 15:29:02.525058,Dubai-802c,-5,47,Normal
2026-02-09 15:29:03.525058,Dubai-802c,-8,95,Normal
2026-02-09 15:29:04.525058,Dubai-802c,-14,99,Normal
2026-02-09 15:29:05.525058,Dubai-802c,34,5,Normal
2026-02-09 15:29:06.525058,Dubai-802c,-14,98,Normal
2026-02-09 15:29:07.525058,Dubai-802c,2,53,Normal
2026-02-09 15:29:08.525058,Dubai-802c,27,84,Normal
2026-02-09 15:29:09.525058,Dubai-802c,34,24,Normal
2026-02-09 15:29:10.525058,Dubai-802c,-15,38,Normal
2026-02-09 15:29:11.525058,Dubai-802c,6,76,Normal
2026-02-09 15:29:12.525058,Dubai-802c,-26,70,Normal
2026-02-09 15:29:13.525058,Dubai-802c,-3,70,Normal
2026-02-09 15:29:14.525058,Dubai-802c,13,10,Normal
2026-02-09 15:29:15.525058,Dubai-802c,12,87,Normal
2026-02-09 15:29:16.525058,Dubai-802c,5,47,Normal
2026-02-09 15:29:17.525058,Dubai-802c,-27,89,Normal
2026-02-09 15:29:18.525058,Dubai-802c,-24,51,Normal
2026-02-09 15:29:19.525058,Dubai-802c,48,96,Normal
2026-02-09 15:29:20.525058,Dubai-802c,-5,42,Normal
2026-02-09 15:29:21.525058,Dubai-802c,27,21,Normal
2026-02-09 15:29:22.525058,Dubai-802c,15,43,Normal
2026-02-09 15:29:23.525058,Dubai-802c,-21,42,Normal
2026-02-09 15:29:24.525058,Dubai-802c,19,17,Normal
2026-02-09 15:29:25.525058,Dubai-802c,45,88,Normal
2026-02-09 15:29:26.525058,Dubai-802c,3,69,Normal
2026-02-09 15:29:27.525058,Dubai-802c,3,70,Normal
2026-02-09 15:29:28.525058,Dubai-802c,48,63,Normal
2026-02-09 15:29:29.525058,Dubai-802c,11,17,Normal
2026-02-09 15:29:30.525058,Dubai-802c,-12,50,Normal
2026-02-09 15:29:31.525058,Dubai-802c,-9,57,Normal
2026-02-09 15:29:32.525058,Dubai-802c,15,16,Normal
2026-02-09 15:29:33.525058,Dubai-802c,36,84,Normal
2026-02-09 15:29:34.525058,Dubai-802c,14,51,Normal
2026-02-09 15:29:35.525058,Dubai-802c,-21,4,Normal
2026-02-09 15:29:36.525058,Dubai-802c,-20,8,Normal
2026-02-09 15:29:37.525058,Dubai-802c,23,54,Normal
2026-02-09 15:29:38.525058,Dubai-802c,14,29,Normal
2026-02-09 15:29:39.525058,Dubai-802c,-27,48,Normal
2026-02-09 15:29:40.525058,Dubai-802c,22,71,Normal
2026-02-09 15:29:41.525058,Dubai-802c,11,48,Normal
2026-02-09 15:29:42.525058,Dubai-802c,-16,34,Normal
2026-02-09 15:29:43.525058,Dubai-802c,20,7,Normal
2026-02-09 15:29:44.525058,Dubai-802c,43,76,Normal
2026-02-09 15:29:45.525058,Dubai-802c,15,83,Normal
2026-02-09 15:29:46.525058,Dubai-802c,24,69,Normal
2026-02-09 15:29:47.525058,Dubai-802c,27,92,Normal
2026-02-09 15:29:48.525058,Dubai-802c,-30,16,Normal
2026-02-09 15:29:49.525058,Dubai-802c,31,41,Normal
2026-02-09 15:29:50.525058,Dubai-802c,-7,85,Normal
2026-02-09 15:29:51.525058,Dubai-802c,47,78,Normal
2026-02-09 15:29:52.525058,Dubai-802c,19,12,Normal
2026-02-09 15:29:53.525058,Dubai-802c,26,86,Normal
2026-02-09 15:29:54.525058,Dubai-802c,39,15,Normal
2026-02-09 15:29:55.525058,Dubai-802c,26,63,Normal
2026-02-09 15:29:56.525058,Dubai-802c,-2,52,Normal
2026-02-09 15:29:57.525058,Dubai-802c,11,82,Normal
2026-02-09 15:29:58.525058,Dubai-802c,33,52,Normal
2026-02-09 15:29:59.525058,Dubai-802c,47,56,Normal
2026-02-09 15:30:00.525058,Dubai-802c,-22,13,Normal
2026-02-09 15:30:01.525058,Dubai-802c,0,49,Normal
2026-02-09 15:30:02.525058,Dubai-802c,-12,34,Normal
2026-02-09 15:30:03.525058,Dubai-802c,23,15,Normal
2026-02-09 15:30:04.525058,Dubai-802c,-12,67,Normal
2026-02-09 15:30:05.525058,Dubai-802c,-18,59,Normal
2026-02-09 15:30:06.525058,Dubai-802c,-16,60,Normal
2026-02-09 15:30:07.525058,Dubai-802c,35,14,Normal
2026-02-09 15:30:08.525058,Dubai-802c,39,59,Normal
2026-02-09 15:30:09.525058,Dubai-802c,48,11,Normal
2026-02-09 15:30:10.525058,Dubai-802c,-25,90,Normal
2026-02-09 15:30:11.525058,Dubai-802c,19,44,Normal
2026-02-09 15:30:12.525058,Dubai-802c,17,46,Normal
2026-02-09 15:30:13.525058,Dubai-802c,33,96,Normal
2026-02-09 15:30:14.525058,Dubai-802c,3,14,Normal
2026-02-09 15:30:15.525058,Dubai-802c,-7,74,Normal
2026-02-09 15:30:16.525058,Dubai-802c,-1,37,Normal
2026-02-09 15:30:17.525058,Dubai-802c,-11,63,Normal
2026-02-09 15:30:18.525058,Dubai-802c,32,68,Normal
2026-02-09 15:30:19.525058,Dubai-802c,-11,9,Normal
2026-02-09 15:30:20.525058,Dubai-802c,42,75,Normal
2026-02-09 15:30:21.525058,Dubai-802c,45,25,Normal
2026-02-09 15:30:22.525058,Dubai-802c,-23,36,Normal
2026-02-09 15:30:23.525058,Dubai-802c,0,49,Normal
2026-02-09 15:30:24.525058,Dubai-802c,-30,96,Normal
2026-02-09 15:30:25.525058,Dubai-802c,-10,43,Normal
2026-02-09 15:30:26.525058,Dubai-802c,2,13,Normal
2026-02-09 15:30:27.525058,Dubai-802c,19,83,Normal
2026-02-09 15:30:28.525058,Dubai-802c,31,83,Normal
2026-02-09 15:30:29.525058,Dubai-802c,12,64,Normal
2026-02-09 15:30:30.525058,Dubai-802c,25,46,Normal
2026-02-09 15:30:31.525058,Dubai-802c,15,27,Normal
2026-02-09 15:30:32.525058,Dubai-802c,17,40,Normal
2026-02-09 15:30:33.525058,Dubai-802c,-4,11,Normal
2026-02-09 15:30:34.525058,Dubai-802c,47,63,Normal
2026-02-09 15:30:35.525058,Dubai-802c,27,85,Normal
2026-02-09 15:30:36.525058,Dubai-802c,8,61,Normal
2026-02-09 15:30:37.525058,Dubai-802c,-3,80,Normal
2026-02-09 15:30:38.525058,Dubai-802c,-25,41,Normal
2026-02-09 15:30:39.525058,Dubai-802c,17,45,Normal
2026-02-09 15:30:40.525058,Dubai-802c,12,88,Normal
2026-02-09 15:30:41.525058,Dubai-802c,0,0,Normal
2026-02-09 15:30:42.525058,Dubai-802c,-17,98,Normal
2026-02-09 15:30:43.525058,Dubai-802c,5,79,Normal
2026-02-09 15:30:44.525058,Dubai-802c,-28,40,Normal
2026-02-09 15:30:45.525058,Dubai-802c,42,19,Normal
2026-02-09 15:30:46.525058,Dubai-802c,17,90,Normal
2026-02-09 15:30:47.525058,Dubai-802c,31,49,Normal
2026-02-09 15:30:48.525058,Dubai-802c,22,38,Normal
2026-02-09 15:30:49.525058,Dubai-802c,34,42,Normal
2026-02-09 15:30:50.525058,Dubai-802c,-12,90,Normal
2026-02-09 15:30:51.525058,Dubai-802c,-25,8,Normal
2026-02-09 15:30:52.525058,Dubai-802c,32,70,Normal
2026-02-09 15:30:53.525058,Dubai-802c,-18,55,Normal
2026-02-09 15:30:54.525058,Dubai-802c,25,61,Normal
2026-02-09 15:30:55.525058,Dubai-802c,11,19,Normal
2026-02-09 15:30:56.525058,Dubai-802c,30,18,Normal
2026-02-09 15:30:57.525058,Dubai-802c,42,58,Normal
2026-02-09 15:30:58.525058,Dubai-802c,48,31,Normal
2026-02-09 15:30:59.525058,Dubai-802c,-12,48,Normal
2026-02-09 15:31:00.525058,Dubai-802c,2,48,Normal
2026-02-09 15:31:01.525058,Dubai-802c,45,15,Normal
2026-02-09 15:31:02.525058,Dubai-802c,25,8,Normal
2026-02-09 15:31:03.525058,Dubai-802c,38,54,Normal
2026-02-09 15:31:04.525058,Dubai-802c,48,95,Normal
2026-02-09 15:31:05.525058,Dubai-802c,29,58,Normal
2026-02-09 15:31:06.525058,Dubai-802c,13,78,Normal
2026-02-09 15:31:07.525058,Dubai-802c,-23,76,Normal
2026-02-09 15:31:08.525058,Dubai-802c,-23,3,Normal
2026-02-09 15:31:09.525058,Dubai-802c,3,29,Normal
2026-02-09 15:31:10.525058,Dubai-802c,-4,27,Normal
2026-02-09 15:31:11.525058,Dubai-802c,-17,4,Normal
2026-02-09 15:31:12.525058,Dubai-802c,41,59,Normal
2026-02-09 15:31:13.525058,Dubai-802c,15,35,Normal
2026-02-09 15:31:14.525058,Dubai-802c,-14,47,Normal
2026-02-09 15:31:15.525058,Dubai-802c,2,74,Normal
2026-02-09 15:31:16.525058,Dubai-802c,37,55,Normal
2026-02-09 15:31:17.525058,Dubai-802c,-29,84,Normal
2026-02-09 15:31:18.525058,Dubai-802c,46,38,Normal
2026-02-09 15:31:19.525058,Dubai-802c,46,46,Normal
2026-02-09 15:31:20.525058,Dubai-802c,7,43,Normal
2026-02-09 15:31:21.525058,Dubai-802c,12,8,Normal
2026-02-09 15:31:22.525058,Dubai-802c,-9,18,Normal
2026-02-09 15:31:23.525058,Dubai-802c,45,81,Normal
2026-02-09 15:31:24.525058,Dubai-802c,16,49,Normal
2026-02-09 15:31:25.525058,Dubai-802c,21,12,Normal
2026-02-09 15:31:26.525058,Dubai-802c,10,91,Normal
2026-02-09 15:31:27.525058,Dubai-802c,-19,98,Normal
2026-02-09 15:31:28.525058,Dubai-802c,-29,41,Normal
2026-02-09 15:31:29.525058,Dubai-802c,48,4,Normal
2026-02-09 15:31:30.525058,Dubai-802c,16,7,Normal
2026-02-09 15:31:31.525058,Dubai-802c,-23,27,Normal
2026-02-09 15:31:32.525058,Dubai-802c,49,30,Normal
2026-02-09 15:31:33.525058,Dubai-802c,-25,27,Normal
2026-02-09 15:31:34.525058,Dubai-802c,-21,61,Normal
2026-02-09 15:31:35.525058,Dubai-802c,20,48,Normal
2026-02-09 15:31:36.525058,Dubai-802c,37,64,Normal
2026-02-09 15:31:37.525058,Dubai-802c,8,1,Normal
2026-02-09 15:31:38.525058,Dubai-802c,36,43,Normal
2026-02-09 15:31:39.525058,Dubai-802c,12,54,Normal
2026-02-09 15:31:40.525058,Dubai-802c,-20,0,Normal
2026-02-09 15:31:41.525058,Dubai-802c,48,28,Normal
2026-02-09 15:31:42.525058,Dubai-802c,0,2,Normal
2026-02-09 15:31:43.525058,Dubai-802c,47,17,Normal
2026-02-09 15:31:44.525058,Dubai-802c,27,41,Normal
2026-02-09 15:31:45.525058,Dubai-802c,29,76,Normal
2026-02-09 15:31:46.525058,Dubai-802c,39,11,Normal
2026-02-09 15:31:47.525058,Dubai-802c,13,88,Normal
2026-02-09 15:31:48.525058,Dubai-802c,-15,87,Normal
2026-02-09 15:31:49.525058,Dubai-802c,-8,4,Normal
2026-02-09 15:31:50.525058,Dubai-802c,-18,51,Normal
2026-02-09 15:31:51.525058,Dubai-802c,-15,66,Normal
2026-02-09 15:31:52.525058,Dubai-802c,-28,93,Normal
2026-02-09 15:31:53.525058,Dubai-802c,25,76,Normal
2026-02-09 15:31:54.525058,Dubai-802c,-28,65,Normal
2026-02-09 15:31:55.525058,Dubai-802c,1,0,Normal
2026-02-09 15:31:56.525058,Dubai-802c,1,76,Normal
2026-02-09 15:31:57.525058,Dubai-802c,-9,48,Normal
2026-02-09 15:31:58.525058,Dubai-802c,10,67,Normal
2026-02-09 15:31:59.525058,Dubai-802c,-24,31,Normal
2026-02-09 15:32:00.525058,Dubai-802c,-26,59,Normal
2026-02-09 15:32:01.525058,Dubai-802c,-3,91,Normal
2026-02-09 15:32:02.525058,Dubai-802c,-1,34,Normal
2026-02-09 15:32:03.525058,Dubai-802c,40,4,Normal
2026-02-09 15:32:04.525058,Dubai-802c,33,88,Normal
2026-02-09 15:32:05.525058,Dubai-802c,40,67,Normal
2026-02-09 15:32:06.525058,Dubai-802c,47,36,Normal
2026-02-09 15:32:07.525058,Dubai-802c,31,41,Normal
2026-02-09 15:32:08.525058,Dubai-802c,24,58,Normal
2026-02-09 15:32:09.525058,Dubai-802c,2,13,Normal
2026-02-09 15:32:10.525058,Dubai-802c,26,2,Normal
2026-02-09 15:32:11.525058,Dubai-802c,39,59,Normal
2026-02-09 15:32:12.525058,Dubai-802c,18,84,Normal
2026-02-09 15:32:13.525058,Dubai-802c,1,68,Normal
2026-02-09 15:32:14.525058,Dubai-802c,-13,39,Normal
2026-02-09 15:32:15.525058,Dubai-802c,43,45,Normal
2026-02-09 15:32:16.525058,Dubai-802c,32,25,Normal
2026-02-09 15:32:17.525058,Dubai-802c,44,25,Normal
2026-02-09 15:32:18.525058,Dubai-802c,11,66,Normal
2026-02-09 15:32:19.525058,Dubai-802c,-19,9,Normal
2026-02-09 15:32:20.525058,Dubai-802c,-1,2,Normal
2026-02-09 15:32:21.525058,Dubai-802c,36,53,Normal
2026-02-09 15:32:22.525058,Dubai-802c,3,73,Normal
2026-02-09 15:32:23.525058,Dubai-802c,5,51,Normal
2026-02-09 15:32:24.525058,Dubai-802c,-7,10,Normal
2026-02-09 15:32:25.525058,Dubai-802c,13,7,Normal
2026-02-09 15:32:26.525058,Dubai-802c,24,88,Normal
2026-02-09 15:32:27.525058,Dubai-802c,44,78,Normal
2026-02-09 15:32:28.525058,Dubai-802c,50,4,Normal
2026-02-09 15:32:29.525058,Dubai-802c,-5,36,Normal
2026-02-09 15:32:30.525058,Dubai-802c,-15,25,Normal
2026-02-09 15:32:31.525058,Dubai-802c,22,90,Normal
2026-02-09 15:32:32.525058,Dubai-802c,-27,43,Normal
2026-02-09 15:32:33.525058,Dubai-802c,-12,91,Normal
2026-02-09 15:32:34.525058,Dubai-802c,-30,89,Normal
2026-02-09 15:32:35.525058,Dubai-802c,32,34,Normal
2026-02-09 15:32:36.525058,Dubai-802c,9,24,Normal
2026-02-09 15:32:37.525058,Dubai-802c,19,89,Normal
2026-02-09 15:32:38.525058,Dubai-802c,31,97,Normal
2026-02-09 15:32:39.525058,Dubai-802c,35,39,Normal
2026-02-09 15:32:40.525058,Dubai-802c,17,88,Normal
2026-02-09 15:32:41.525058,Dubai-802c,31,56,Normal
2026-02-09 15:32:42.525058,Dubai-802c,-19,9,Normal
2026-02-09 15:32:43.525058,Dubai-802c,-30,27,Normal
2026-02-09 15:32:44.525058,Dubai-802c,32,94,Normal
2026-02-09 15:32:45.525058,Dubai-802c,32,70,Normal
2026-02-09 15:32:46.525058,Dubai-802c,-5,65,Normal
2026-02-09 15:32:47.525058,Dubai-802c,36,80,Normal
2026-02-09 15:32:48.525058,Dubai-802c,50,59,Normal
2026-02-09 15:32:49.525058,Dubai-802c,43,76,Normal
2026-02-09 15:32:50.525058,Dubai-802c,-25,25,Normal
2026-02-09 15:32:51.525058,Dubai-802c,3,67,Normal
2026-02-09 15:32:52.525058,Dubai-802c,-5,41,Normal
2026-02-09 15:32:53.525058,Dubai-802c,42,37,Normal
2026-02-09 15:32:54.525058,Dubai-802c,-28,61,Normal
2026-02-09 15:32:55.525058,Dubai-802c,28,10,Normal
2026-02-09 15:32:56.525058,Dubai-802c,21,37,Normal
2026-02-09 15:32:57.525058,Dubai-802c,45,18,Normal
2026-02-09 15:32:58.525058,Dubai-802c,2,10,Normal
2026-02-09 15:32:59.525058,Dubai-802c,4,14,Normal
2026-02-09 15:33:00.525058,Dubai-802c,33,12,Normal
2026-02-09 15:33:01.525058,Dubai-802c,10,99,Normal
2026-02-09 15:33:02.525058,Dubai-802c,18,39,Normal
2026-02-09 15:33:03.525058,Dubai-802c,34,61,Normal
2026-02-09 15:33:04.525058,Dubai-802c,-4,67,Normal
2026-02-09 15:33:05.525058,Dubai-802c,-27,32,Normal
2026-02-09 15:33:06.525058,Dubai-802c,-4,50,Normal
2026-02-09 15:33:07.525058,Dubai-802c,-3,82,Normal
2026-02-09 15:33:08.525058,Dubai-802c,2,96,Normal
2026-02-09 15:33:09.525058,Dubai-802c,21,6,Normal
2026-02-09 15:33:10.525058,Dubai-802c,40,52,Normal
2026-02-09 15:33:11.525058,Dubai-802c,-27,8,Normal
2026-02-09 15:33:12.525058,Dubai-802c,-11,58,Normal
2026-02-09 15:33:13.525058,Dubai-802c,-7,53,Normal
2026-02-09 15:33:14.525058,Dubai-802c,-10,49,Normal
2026-02-09 15:33:15.525058,Dubai-802c,23,71,Normal
2026-02-09 15:33:16.525058,Dubai-802c,-8,6,Normal
2026-02-09 15:33:17.525058,Dubai-802c,-16,63,Normal
2026-02-09 15:33:18.525058,Dubai-802c,-20,50,Normal
2026-02-09 15:33:19.525058,Dubai-802c,-13,4,Normal
2026-02-09 15:33:20.525058,Dubai-802c,-25,52,Normal
2026-02-09 15:33:21.525058,Dubai-802c,37,23,Normal
2026-02-09 15:33:22.525058,Dubai-802c,-12,21,Normal
2026-02-09 15:33:23.525058,Dubai-802c,-30,40,Normal
2026-02-09 15:33:24.525058,Dubai-802c,-15,32,Normal
2026-02-09 15:33:25.525058,Dubai-802c,-17,36,Normal
2026-02-09 15:33:26.525058,Dubai-802c,9,79,Normal
2026-02-09 15:33:27.525058,Dubai-802c,45,86,Normal
2026-02-09 15:33:28.525058,Dubai-802c,-19,76,Normal
2026-02-09 15:33:29.525058,Dubai-802c,14,29,Normal
2026-02-09 15:33:30.525058,Dubai-802c,21,45,Normal
2026-02-09 15:33:31.525058,Dubai-802c,-16,5,Normal
2026-02-09 15:33:32.525058,Dubai-802c,-26,89,Normal
2026-02-09 15:33:33.525058,Dubai-802c,28,25,Normal
2026-02-09 15:33:34.525058,Dubai-802c,-13,33,Normal
2026-02-09 15:33:35.525058,Dubai-802c,38,16,Normal
2026-02-09 15:33:36.525058,Dubai-802c,46,38,Normal
2026-02-09 15:33:37.525058,Dubai-802c,40,12,Normal
2026-02-09 15:33:38.525058,Dubai-802c,3,4,Normal
2026-02-09 15:33:39.525058,Dubai-802c,-9,70,Normal
2026-02-09 15:33:40.525058,Dubai-802c,25,67,Normal
2026-02-09 15:33:41.525058,Dubai-802c,8,27,Normal
2026-02-09 15:33:42.525058,Dubai-802c,-8,16,Normal
2026-02-09 15:33:43.525058,Dubai-802c,-29,35,Normal
2026-02-09 15:33:44.525058,Dubai-802c,-23,74,Normal
2026-02-09 15:33:45.525058,Dubai-802c,32,94,Normal
2026-02-09 15:33:46.525058,Dubai-802c,-28,68,Normal
2026-02-09 15:33:47.525058,Dubai-802c,-11,13,Normal
2026-02-09 15:33:48.525058,Dubai-802c,30,88,Normal
2026-02-09 15:33:49.525058,Dubai-802c,32,81,Normal
2026-02-09 15:33:50.525058,Dubai-802c,15,75,Normal
2026-02-09 15:33:51.525058,Dubai-802c,19,20,Normal
2026-02-09 15:33:52.525058,Dubai-802c,46,87,Normal
2026-02-09 15:33:53.525058,Dubai-802c,6,66,Normal
2026-02-09 15:33:54.525058,Dubai-802c,-5,13,Normal
2026-02-09 15:33:55.525058,Dubai-802c,-13,15,Normal
2026-02-09 15:33:56.525058,Dubai-802c,-27,33,Normal
2026-02-09 15:33:57.525058,Dubai-802c,-3,59,Normal
2026-02-09 15:33:58.525058,Dubai-802c,40,96,Normal
2026-02-09 15:33:59.525058,Dubai-802c,19,98,Normal
2026-02-09 15:34:00.525058,Dubai-802c,-20,67,Normal
2026-02-09 15:34:01.525058,Dubai-802c,15,20,Normal
2026-02-09 15:34:02.525058,Dubai-802c,16,92,Normal
2026-02-09 15:34:03.525058,Dubai-802c,24,40,Normal
2026-02-09 15:34:04.525058,Dubai-802c,-6,98,Normal
2026-02-09 15:34:05.525058,Dubai-802c,47,15,Normal
2026-02-09 15:34:06.525058,Dubai-802c,20,33,Normal
2026-02-09 15:34:07.525058,Dubai-802c,37,76,Normal
2026-02-09 15:34:08.525058,Dubai-802c,44,94,Normal
2026-02-09 15:34:09.525058,Dubai-802c,-2,53,Normal
2026-02-09 15:34:10.525058,Dubai-802c,49,25,Normal
2026-02-09 15:34:11.525058,Dubai-802c,34,39,Normal
2026-02-09 15:34:12.525058,Dubai-802c,25,53,Normal
2026-02-09 15:34:13.525058,Dubai-802c,16,61,Normal
2026-02-09 15:34:14.525058,Dubai-802c,-9,61,Normal
2026-02-09 15:34:15.525058,Dubai-802c,46,46,Normal
2026-02-09 15:34:16.525058,Dubai-802c,39,34,Normal
2026-02-09 15:34:17.525058,Dubai-802c,41,5,Normal
2026-02-09 15:34:18.525058,Dubai-802c,22,56,Normal
2026-02-09 15:34:19.525058,Dubai-802c,22,18,Normal
2026-02-09 15:34:20.525058,Dubai-802c,-4,32,Normal
2026-02-09 15:34:21.525058,Dubai-802c,-13,99,Normal
2026-02-09 15:34:22.525058,Dubai-802c,-26,30,Normal
2026-02-09 15:34:23.525058,Dubai-802c,40,98,Normal
2026-02-09 15:34:24.525058,Dubai-802c,2,40,Normal
2026-02-09 15:34:25.525058,Dubai-802c,42,67,Normal
2026-02-09 15:34:26.525058,Dubai-802c,29,38,Normal
2026-02-09 15:34:27.525058,Dubai-802c,-30,71,Normal
2026-02-09 15:34:28.525058,Dubai-802c,32,95,Normal
2026-02-09 15:34:29.525058,Dubai-802c,29,17,Normal
2026-02-09 15:34:30.525058,Dubai-802c,-20,97,Normal
2026-02-09 15:34:31.525058,Dubai-802c,2,0,Normal
2026-02-09 15:34:32.525058,Dubai-802c,-16,29,Normal
2026-02-09 15:34:33.525058,Dubai-802c,27,49,Normal
2026-02-09 15:34:34.525058,Dubai-802c,47,10,Normal
2026-02-09 15:34:35.525058,Dubai-802c,49,48,Normal
2026-02-09 15:34:36.525058,Dubai-802c,9,12,Normal
2026-02-09 15:34:37.525058,Dubai-802c,22,16,Normal
2026-02-09 15:34:38.525058,Dubai-802c,-4,28,Normal
2026-02-09 15:34:39.525058,Dubai-802c,-12,75,Normal
2026-02-09 15:34:40.525058,Dubai-802c,26,37,Normal
2026-02-09 15:34:41.525058,Dubai-802c,24,53,Normal
2026-02-09 15:34:42.525058,Dubai-802c,8,80,Normal
2026-02-09 15:34:43.525058,Dubai-802c,-23,61,Normal
2026-02-09 15:34:44.525058,Dubai-802c,12,55,Normal
2026-02-09 15:34:45.525058,Dubai-802c,18,0,Normal
2026-02-09 15:34:46.525058,Dubai-802c,-27,80,Normal
2026-02-09 15:34:47.525058,Dubai-802c,1,98,Normal
2026-02-09 15:34:48.525058,Dubai-802c,48,100,Normal
2026-02-09 15:34:49.525058,Dubai-802c,-13,73,Normal
2026-02-09 15:34:50.525058,Dubai-802c,-23,11,Normal
2026-02-09 15:34:51.525058,Dubai-802c,-29,36,Normal
2026-02-09 15:34:52.525058,Dubai-802c,13,41,Normal
2026-02-09 15:34:53.525058,Dubai-802c,38,99,Normal
2026-02-09 15:34:54.525058,Dubai-802c,-24,86,Normal
2026-02-09 15:34:55.525058,Dubai-802c,-22,1,Normal
2026-02-09 15:34:56.525058,Dubai-802c,-1,87,Normal
2026-02-09 15:34:57.525058,Dubai-802c,16,89,Normal
2026-02-09 15:34:58.525058,Dubai-802c,47,27,Normal
2026-02-09 15:34:59.525058,Dubai-802c,10,66,Normal
2026-02-09 15:35:00.525058,Dubai-802c,-18,0,Normal
2026-02-09 15:35:01.525058,Dubai-802c,17,12,Normal
2026-02-09 15:35:02.525058,Dubai-802c,-24,13,Normal
2026-02-09 15:35:03.525058,Dubai-802c,40,24,Normal
2026-02-09 15:35:04.525058,Dubai-802c,36,7,Normal
2026-02-09 15:35:05.525058,Dubai-802c,45,35,Normal
2026-02-09 15:35:06.525058,Dubai-802c,27,43,Normal
2026-02-09 15:35:07.525058,Dubai-802c,4,30,Normal
2026-02-09 15:35:08.525058,Dubai-802c,13,6,Normal
2026-02-09 15:35:09.525058,Dubai-802c,19,22,Normal
2026-02-09 15:35:10.525058,Dubai-802c,17,87,Normal
2026-02-09 15:35:11.525058,Dubai-802c,12,19,Normal
2026-02-09 15:35:12.525058,Dubai-802c,-19,30,Normal
2026-02-09 15:35:13.525058,Dubai-802c,34,35,Normal
2026-02-09 15:35:14.525058,Dubai-802c,34,19,Normal
2026-02-09 15:35:15.525058,Dubai-802c,32,89,Normal
2026-02-09 15:35:16.525058,Dubai-802c,39,65,Normal
2026-02-09 15:35:17.525058,Dubai-802c,49,98,Normal
2026-02-09 15:35:18.525058,Dubai-802c,12,91,Normal
2026-02-09 15:35:19.525058,Dubai-802c,-3,54,Normal
2026-02-09 15:35:20.525058,Dubai-802c,42,71,Normal
2026-02-09 15:35:21.525058,Dubai-802c,-29,68,Normal
2026-02-09 15:35:22.525058,Dubai-802c,-29,44,Normal
2026-02-09 15:35:23.525058,Dubai-802c,14,37,Normal
2026-02-09 15:35:24.525058,Dubai-802c,-6,39,Normal
2026-02-09 15:35:25.525058,Dubai-802c,-9,0,Normal
2026-02-09 15:35:26.525058,Dubai-802c,-5,14,Normal
2026-02-09 15:35:27.525058,Dubai-802c,6,95,Normal
2026-02-09 15:35:28.525058,Dubai-802c,28,89,Normal
2026-02-09 15:35:29.525058,Dubai-802c,34,95,Normal
2026-02-09 15:35:30.525058,Dubai-802c,-9,39,Normal
2026-02-09 15:35:31.525058,Dubai-802c,36,65,Normal
2026-02-09 15:35:32.525058,Dubai-802c,-7,72,Normal
2026-02-09 15:35:33.525058,Dubai-802c,33,82,Normal
2026-02-09 15:35:34.525058,Dubai-802c,-28,96,Normal
2026-02-09 15:35:35.525058,Dubai-802c,-7,79,Normal
2026-02-09 15:35:36.525058,Dubai-802c,-11,18,Normal
2026-02-09 15:35:37.525058,Dubai-802c,19,29,Normal
2026-02-09 15:35:38.525058,Dubai-802c,37,34,Normal
2026-02-09 15:35:39.525058,Dubai-802c,19,38,Normal
2026-02-09 15:35:40.525058,Dubai-802c,37,70,Normal
2026-02-09 15:35:41.525058,Dubai-802c,-14,3,Normal
2026-02-09 15:35:42.525058,Dubai-802c,32,26,Normal
2026-02-09 15:35:43.525058,Dubai-802c,-23,70,Normal
2026-02-09 15:35:44.525058,Dubai-802c,21,71,Normal
2026-02-09 15:35:45.525058,Dubai-802c,-7,18,Normal
2026-02-09 15:35:46.525058,Dubai-802c,29,59,Normal
2026-02-09 15:35:47.525058,Dubai-802c,9,6,Normal
2026-02-09 15:35:48.525058,Dubai-802c,15,29,Normal
2026-02-09 15:35:49.525058,Dubai-802c,-17,37,Normal
2026-02-09 15:35:50.525058,Dubai-802c,-22,99,Normal
2026-02-09 15:35:51.525058,Dubai-802c,-1,15,Normal
2026-02-09 15:35:52.525058,Dubai-802c,-16,62,Normal
2026-02-09 15:35:53.525058,Dubai-802c,15,34,Normal
2026-02-09 15:35:54.525058,Dubai-802c,-13,37,Normal
2026-02-09 15:35:55.525058,Dubai-802c,31,53,Normal
2026-02-09 15:35:56.525058,Dubai-802c,-27,33,Normal
2026-02-09 15:35:57.525058,Dubai-802c,-10,91,Normal
2026-02-09 15:35:58.525058,Dubai-802c,6,93,Normal
2026-02-09 15:35:59.525058,Dubai-802c,-23,47,Normal
2026-02-09 15:36:00.525058,Dubai-802c,-27,11,Normal
2026-02-09 15:36:01.525058,Dubai-802c,16,49,Normal
2026-02-09 15:36:02.525058,Dubai-802c,23,72,Normal
2026-02-09 15:36:03.525058,Dubai-802c,-13,21,Normal
2026-02-09 15:36:04.525058,Dubai-802c,37,85,Normal
2026-02-09 15:36:05.525058,Dubai-802c,-20,4,Normal
2026-02-09 15:36:06.525058,Dubai-802c,41,60,Normal
2026-02-09 15:36:07.525058,Dubai-802c,30,1,Normal
2026-02-09 15:36:08.525058,Dubai-802c,-3,22,Normal
2026-02-09 15:36:09.525058,Dubai-802c,-17,36,Normal
2026-02-09 15:36:10.525058,Dubai-802c,8,19,Normal
2026-02-09 15:36:11.525058,Dubai-802c,-27,53,Normal
2026-02-09 15:36:12.525058,Dubai-802c,45,0,Normal
2026-02-09 15:36:13.525058,Dubai-802c,24,11,Normal
2026-02-09 15:36:14.525058,Dubai-802c,43,1,Normal
2026-02-09 15:36:15.525058,Dubai-802c,37,5,Normal
2026-02-09 15:36:16.525058,Dubai-802c,43,21,Normal
2026-02-09 15:36:17.525058,Dubai-802c,45,58,Normal
2026-02-09 15:36:18.525058,Dubai-802c,40,91,Normal
2026-02-09 15:36:19.525058,Dubai-802c,49,36,Normal
2026-02-09 15:36:20.525058,Dubai-802c,26,85,Normal
2026-02-09 15:36:21.525058,Dubai-802c,-15,99,Normal
2026-02-09 15:36:22.525058,Dubai-802c,6,38,Normal
2026-02-09 15:36:23.525058,Dubai-802c,-15,96,Normal
2026-02-09 15:36:24.525058,Dubai-802c,-14,16,Normal
2026-02-09 15:36:25.525058,Dubai-802c,35,5,Normal
2026-02-09 15:36:26.525058,Dubai-802c,45,54,Normal
2026-02-09 15:36:27.525058,Dubai-802c,15,52,Normal
2026-02-09 15:36:28.525058,Dubai-802c,-28,31,Normal
2026-02-09 15:36:29.525058,Dubai-802c,6,83,Normal
2026-02-09 15:36:30.525058,Dubai-802c,-17,82,Normal
2026-02-09 15:36:31.525058,Dubai-802c,9,66,Normal
2026-02-09 15:36:32.525058,Dubai-802c,-21,51,Normal
2026-02-09 15:36:33.525058,Dubai-802c,19,2,Normal
2026-02-09 15:36:34.525058,Dubai-802c,6,22,Normal
2026-02-09 15:36:35.525058,Dubai-802c,47,1,Normal
2026-02-09 15:36:36.525058,Dubai-802c,13,29,Normal
2026-02-09 15:36:37.525058,Dubai-802c,-2,17,Normal
2026-02-09 15:36:38.525058,Dubai-802c,50,25,Normal
2026-02-09 15:36:39.525058,Dubai-802c,-5,86,Normal
2026-02-09 15:36:40.525058,Dubai-802c,49,35,Normal
2026-02-09 15:36:41.525058,Dubai-802c,32,57,Normal
2026-02-09 15:36:42.525058,Dubai-802c,11,89,Normal
2026-02-09 15:36:43.525058,Dubai-802c,-5,1,Normal
2026-02-09 15:36:44.525058,Dubai-802c,43,26,Normal
2026-02-09 15:36:45.525058,Dubai-802c,-29,54,Normal
2026-02-09 15:36:46.525058,Dubai-802c,4,5,Normal
2026-02-09 15:36:47.525058,Dubai-802c,-15,98,Normal
2026-02-09 15:36:48.525058,Dubai-802c,-21,27,Normal
2026-02-09 15:36:49.525058,Dubai-802c,0,79,Normal
2026-02-09 15:36:50.525058,Dubai-802c,33,55,Normal
2026-02-09 15:36:51.525058,Dubai-802c,-8,93,Normal
2026-02-09 15:36:52.525058,Dubai-802c,42,19,Normal
2026-02-09 15:36:53.525058,Dubai-802c,16,1,Normal
2026-02-09 15:36:54.525058,Dubai-802c,50,14,Normal
2026-02-09 15:36:55.525058,Dubai-802c,3,45,Normal
2026-02-09 15:36:56.525058,Dubai-802c,17,9,Normal
2026-02-09 15:36:57.525058,Dubai-802c,39,67,Normal
2026-02-09 15:36:58.525058,Dubai-802c,26,7,Normal
2026-02-09 15:36:59.525058,Dubai-802c,-25,81,Normal
2026-02-09 15:37:00.525058,Dubai-802c,50,42,Normal
2026-02-09 15:37:01.525058,Dubai-802c,-25,12,Normal
2026-02-09 15:37:02.525058,Dubai-802c,42,42,Normal
2026-02-09 15:37:03.525058,Dubai-802c,15,9,Normal
2026-02-09 15:37:04.525058,Dubai-802c,13,96,Normal
2026-02-09 15:37:05.525058,Dubai-802c,17,59,Normal
2026-02-09 15:37:06.525058,Dubai-802c,36,12,Normal
2026-02-09 15:37:07.525058,Dubai-802c,-4,69,Normal
2026-02-09 15:37:08.525058,Dubai-802c,23,98,Normal
2026-02-09 15:37:09.525058,Dubai-802c,29,63,Normal
2026-02-09 15:37:10.525058,Dubai-802c,-28,18,Normal
2026-02-09 15:37:11.525058,Dubai-802c,12,7,Normal
2026-02-09 15:37:12.525058,Dubai-802c,-19,46,Normal
2026-02-09 15:37:13.525058,Dubai-802c,41,16,Normal
2026-02-09 15:37:14.525058,Dubai-802c,-16,11,Normal
2026-02-09 15:37:15.525058,Dubai-802c,-28,17,Normal
2026-02-09 15:37:16.525058,Dubai-802c,35,86,Normal
2026-02-09 15:37:17.525058,Dubai-802c,-12,96,Normal
2026-02-09 15:37:18.525058,Dubai-802c,37,91,Normal
2026-02-09 15:37:19.525058,Dubai-802c,34,22,Normal
2026-02-09 15:37:20.525058,Dubai-802c,-25,53,Normal
2026-02-09 15:37:21.525058,Dubai-802c,10,20,Normal
2026-02-09 15:37:22.525058,Dubai-802c,-5,73,Normal
2026-02-09 15:37:23.525058,Dubai-802c,-30,25,Normal
2026-02-09 15:37:24.525058,Dubai-802c,5,22,Normal
2026-02-09 15:37:25.525058,Dubai-802c,-13,22,Normal
2026-02-09 15:37:26.525058,Dubai-802c,-13,30,Normal
2026-02-09 15:37:27.525058,Dubai-802c,-11,5,Normal
2026-02-09 15:37:28.525058,Dubai-802c,26,75,Normal
2026-02-09 15:37:29.525058,Dubai-802c,49,51,Normal
