timestamp,station_id,temp,humid,condition
2026-02-08 08:49:38.971689,Berlin-6be7,12,51,Normal
2026-02-08 08:49:39.971689,Berlin-6be7,-24,6,Normal
2026-02-08 08:49:40.971689,Berlin-6be7,-4,12,Normal
2026-02-08 08:49:41.971689,Berlin-6be7,32,77,Normal
2026-02-08 08:49:42.971689,Berlin-6be7,47,73,Normal
2026-02-08 08:49:43.971689,Berlin-6be7,35,6,Normal
2026-02-08 08:49:44.971689,Berlin-6be7,-16,1,Normal
2026-02-08 08:49:45.971689,Berlin-6be7,-18,54,Normal
2026-02-08 08:49:46.971689,Berlin-6be7,26,56,Normal
2026-02-08 08:49:47.971689,Berlin-6be7,-22,16,Normal
2026-02-08 08:49:48.971689,Berlin-6be7,11,77,Normal
2026-02-08 08:49:49.971689,Berlin-6be7,10,14,Normal
2026-02-08 08:49:50.971689,Berlin-6be7,4,54,Normal
2026-02-08 08:49:51.971689,Berlin-6be7,1,69,Normal
2026-02-08 08:49:52.971689,Berlin-6be7,1,38,Normal
2026-02-08 08:49:53.971689,Berlin-6be7,-10,12,Normal
2026-02-08 08:49:54.971689,Berlin-6be7,13,14,Normal
2026-02-08 08:49:55.971689,Berlin-6be7,13,84,Normal
2026-02-08 08:49:56.971689,Berlin-6be7,30,18,Normal
2026-02-08 08:49:57.971689,Berlin-6be7,26,22,Normal
2026-02-08 08:49:58.971689,Berlin-6be7,-8,30,Normal
2026-02-08 08:49:59.971689,Berlin-6be7,-6,47,Normal
2026-02-08 08:50:00.971689,Berlin-6be7,28,49,Normal
2026-02-08 08:50:01.971689,Berlin-6be7,-16,27,Normal
2026-02-08 08:50:02.971689,Berlin-6be7,-10,63,Normal
2026-02-08 08:50:03.971689,Berlin-6be7,-11,59,Normal
2026-02-08 08:50:04.971689,Berlin-6be7,26,59,Normal
2026-02-08 08:50:05.971689,Berlin-6be7,-27,49,Normal
2026-02-08 08:50:06.971689,Berlin-6be7,18,54,Normal
2026-02-08 08:50:07.971689,Berlin-6be7,27,59,Normal
2026-02-08 08:50:08.971689,Berlin-6be7,10,56,Normal
2026-02-08 08:50:09.971689,Berlin-6be7,-20,14,Normal
2026-02-08 08:50:10.971689,Berlin-6be7,32,28,Normal
2026-02-08 08:50:11.971689,Berlin-6be7,-28,0,Normal
2026-02-08 08:50:12.971689,Berlin-6be7,-11,76,Normal
2026-02-08 08:50:13.971689,Berlin-6be7,25,13,Normal
2026-02-08 08:50:14.971689,Berlin-6be7,-26,38,Normal
2026-02-08 08:50:15.971689,Berlin-6be7,2,30,Normal
2026-02-08 08:50:16.971689,Berlin-6be7,24,62,Normal
2026-02-08 08:50:17.971689,Berlin-6be7,-12,41,Normal
2026-02-08 08:50:18.971689,Berlin-6be7,10,73,Normal
2026-02-08 08:50:19.971689,Berlin-6be7,-2,79,Normal
2026-02-08 08:50:20.971689,Berlin-6be7,-23,35,Normal
2026-02-08 08:50:21.971689,Berlin-6be7,3,98,Normal
2026-02-08 08:50:22.971689,Berlin-6be7,36,77,Normal
2026-02-08 08:50:23.971689,Berlin-6be7,-7,62,Normal
2026-02-08 08:50:24.971689,Berlin-6be7,-28,94,Normal
2026-02-08 08:50:25.971689,Berlin-6be7,29,25,Normal
2026-02-08 08:50:26.971689,Berlin-6be7,5,46,Normal
2026-02-08 08:50:27.971689,Berlin-6be7,27,65,Normal
2026-02-08 08:50:28.971689,Berlin-6be7,-13,43,Normal
2026-02-08 08:50:29.971689,Berlin-6be7,-10,38,Normal
2026-02-08 08:50:30.971689,Berlin-6be7,35,20,Normal
2026-02-08 08:50:31.971689,Berlin-6be7,17,42,Normal
2026-02-08 08:50:32.971689,Berlin-6be7,27,34,Normal
2026-02-08 08:50:33.971689,Berlin-6be7,32,66,Normal
2026-02-08 08:50:34.971689,Berlin-6be7,46,93,Normal
2026-02-08 08:50:35.971689,Berlin-6be7,15,81,Normal
2026-02-08 08:50:36.971689,Berlin-6be7,24,0,Normal
2026-02-08 08:50:37.971689,Berlin-6be7,-23,27,Normal
2026-02-08 08:50:38.971689,Berlin-6be7,21,43,Normal
2026-02-08 08:50:39.971689,Berlin-6be7,40,72,Normal
2026-02-08 08:50:40.971689,Berlin-6be7,4,59,Normal
2026-02-08 08:50:41.971689,Berlin-6be7,-28,23,Normal
2026-02-08 08:50:42.971689,Berlin-6be7,-15,94,Normal
2026-02-08 08:50:43.971689,Berlin-6be7,-27,74,Normal
2026-02-08 08:50:44.971689,Berlin-6be7,5,7,Normal
2026-02-08 08:50:45.971689,Berlin-6be7,-7,10,Normal
2026-02-08 08:50:46.971689,Berlin-6be7,45,50,Normal
2026-02-08 08:50:47.971689,Berlin-6be7,39,64,Normal
2026-02-08 08:50:48.971689,Berlin-6be7,19,44,Normal
2026-02-08 08:50:49.971689,Berlin-6be7,29,80,Normal
2026-02-08 08:50:50.971689,Berlin-6be7,28,17,Normal
2026-02-08 08:50:51.971689,Berlin-6be7,18,24,Normal
2026-02-08 08:50:52.971689,Berlin-6be7,21,69,Normal
2026-02-08 08:50:53.971689,Berlin-6be7,40,4,Normal
2026-02-08 08:50:54.971689,Berlin-6be7,-16,9,Normal
2026-02-08 08:50:55.971689,Berlin-6be7,-4,36,Normal
2026-02-08 08:50:56.971689,Berlin-6be7,-17,73,Normal
2026-02-08 08:50:57.971689,Berlin-6be7,17,3,Normal
2026-02-08 08:50:58.971689,Berlin-6be7,-5,53,Normal
2026-02-08 08:50:59.971689,Berlin-6be7,11,30,Normal
2026-02-08 08:51:00.971689,Berlin-6be7,-15,18,Normal
2026-02-08 08:51:01.971689,Berlin-6be7,-2,22,Normal
2026-02-08 08:51:02.971689,Berlin-6be7,13,30,Normal
2026-02-08 08:51:03.971689,Berlin-6be7,37,42,Normal
2026-02-08 08:51:04.971689,Berlin-6be7,-6,28,Normal
2026-02-08 08:51:05.971689,Berlin-6be7,1,52,Normal
2026-02-08 08:51:06.971689,Berlin-6be7,6,39,Normal
2026-02-08 08:51:07.971689,Berlin-6be7,-12,58,Normal
2026-02-08 08:51:08.971689,Berlin-6be7,-15,73,Normal
2026-02-08 08:51:09.971689,Berlin-6be7,2,4,Normal
2026-02-08 08:51:10.971689,Berlin-6be7,10,41,Normal
2026-02-08 08:51:11.971689,Berlin-6be7,35,31,Normal
2026-02-08 08:51:12.971689,Berlin-6be7,-20,29,Normal
2026-02-08 08:51:13.971689,Berlin-6be7,40,25,Normal
2026-02-08 08:51:14.971689,Berlin-6be7,19,23,Normal
2026-02-08 08:51:15.971689,Berlin-6be7,36,1,Normal
2026-02-08 08:51:16.971689,Berlin-6be7,-26,97,Normal
2026-02-08 08:51:17.971689,Berlin-6be7,43,85,Normal
2026-02-08 08:51:18.971689,Berlin-6be7,20,64,Normal
2026-02-08 08:51:19.971689,Berlin-6be7,6,27,Normal
2026-02-08 08:51:20.971689,Berlin-6be7,-23,80,Normal
2026-02-08 08:51:21.971689,Berlin-6be7,-3,6,Normal
2026-02-08 08:51:22.971689,Berlin-6be7,17,20,Normal
2026-02-08 08:51:23.971689,Berlin-6be7,19,66,Normal
2026-02-08 08:51:24.971689,Berlin-6be7,-17,64,Normal
2026-02-08 08:51:25.971689,Berlin-6be7,23,30,Normal
2026-02-08 08:51:26.971689,Berlin-6be7,8,38,Normal
2026-02-08 08:51:27.971689,Berlin-6be7,0,37,Normal
2026-02-08 08:51:28.971689,Berlin-6be7,-24,96,Normal
2026-02-08 08:51:29.971689,Berlin-6be7,6,67,Normal
2026-02-08 08:51:30.971689,Berlin-6be7,-23,91,Normal
2026-02-08 08:51:31.971689,Berlin-6be7,-28,50,Normal
2026-02-08 08:51:32.971689,Berlin-6be7,5,69,Normal
2026-02-08 08:51:33.971689,Berlin-6be7,42,70,Normal
2026-02-08 08:51:34.971689,Berlin-6be7,-7,93,Normal
2026-02-08 08:51:35.971689,Berlin-6be7,12,32,Normal
2026-02-08 08:51:36.971689,Berlin-6be7,15,100,Normal
2026-02-08 08:51:37.971689,Berlin-6be7,20,9,Normal
2026-02-08 08:51:38.971689,Berlin-6be7,13,51,Normal
2026-02-08 08:51:39.971689,Berlin-6be7,-12,88,Normal
2026-02-08 08:51:40.971689,Berlin-6be7,30,58,Normal
2026-02-08 08:51:41.971689,Berlin-6be7,29,30,Normal
2026-02-08 08:51:42.971689,Berlin-6be7,28,51,Normal
2026-02-08 08:51:43.971689,Berlin-6be7,35,43,Normal
2026-02-08 08:51:44.971689,Berlin-6be7,-22,32,Normal
2026-02-08 08:51:45.971689,Berlin-6be7,-2,69,Normal
2026-02-08 08:51:46.971689,Berlin-6be7,35,54,Normal
2026-02-08 08:51:47.971689,Berlin-6be7,-11,52,Normal
2026-02-08 08:51:48.971689,Berlin-6be7,27,91,Normal
2026-02-08 08:51:49.971689,Berlin-6be7,-4,75,Normal
2026-02-08 08:51:50.971689,Berlin-6be7,-1,38,Normal
2026-02-08 08:51:51.971689,Berlin-6be7,-1,11,Normal
2026-02-08 08:51:52.971689,Berlin-6be7,-7,96,Normal
2026-02-08 08:51:53.971689,Berlin-6be7,46,12,Normal
2026-02-08 08:51:54.971689,Berlin-6be7,-5,97,Normal
2026-02-08 08:51:55.971689,Berlin-6be7,19,35,Normal
2026-02-08 08:51:56.971689,Berlin-6be7,1,10,Normal
2026-02-08 08:51:57.971689,Berlin-6be7,38,55,Normal
2026-02-08 08:51:58.971689,Berlin-6be7,-27,1,Normal
2026-02-08 08:51:59.971689,Berlin-6be7,21,56,Normal
2026-02-08 08:52:00.971689,Berlin-6be7,-20,20,Normal
2026-02-08 08:52:01.971689,Berlin-6be7,5,49,Normal
2026-02-08 08:52:02.971689,Berlin-6be7,-28,78,Normal
2026-02-08 08:52:03.971689,Berlin-6be7,-3,53,Normal
2026-02-08 08:52:04.971689,Berlin-6be7,-3,96,Normal
2026-02-08 08:52:05.971689,Berlin-6be7,13,38,Normal
2026-02-08 08:52:06.971689,Berlin-6be7,33,18,Normal
2026-02-08 08:52:07.971689,Berlin-6be7,-27,54,Normal
2026-02-08 08:52:08.971689,Berlin-6be7,2,73,Normal
2026-02-08 08:52:09.971689,Berlin-6be7,42,28,Normal
2026-02-08 08:52:10.971689,Berlin-6be7,3,18,Normal
2026-02-08 08:52:11.971689,Berlin-6be7,45,42,Normal
2026-02-08 08:52:12.971689,Berlin-6be7,-16,90,Normal
2026-02-08 08:52:13.971689,Berlin-6be7,26,80,Normal
2026-02-08 08:52:14.971689,Berlin-6be7,28,18,Normal
2026-02-08 08:52:15.971689,Berlin-6be7,18,35,Normal
2026-02-08 08:52:16.971689,Berlin-6be7,46,39,Normal
2026-02-08 08:52:17.971689,Berlin-6be7,14,90,Normal
2026-02-08 08:52:18.971689,Berlin-6be7,-30,51,Normal
2026-02-08 08:52:19.971689,Berlin-6be7,-23,26,Normal
2026-02-08 08:52:20.971689,Berlin-6be7,44,57,Normal
2026-02-08 08:52:21.971689,Berlin-6be7,41,54,Normal
2026-02-08 08:52:22.971689,Berlin-6be7,-20,97,Normal
2026-02-08 08:52:23.971689,Berlin-6be7,36,94,Normal
2026-02-08 08:52:24.971689,Berlin-6be7,-3,32,Normal
2026-02-08 08:52:25.971689,Berlin-6be7,-8,50,Normal
2026-02-08 08:52:26.971689,Berlin-6be7,6,77,Normal
2026-02-08 08:52:27.971689,Berlin-6be7,3,99,Normal
2026-02-08 08:52:28.971689,Berlin-6be7,-25,92,Normal
2026-02-08 08:52:29.971689,Berlin-6be7,29,86,Normal
2026-02-08 08:52:30.971689,Berlin-6be7,20,45,Normal
2026-02-08 08:52:31.971689,Berlin-6be7,-22,1,Normal
2026-02-08 08:52:32.971689,Berlin-6be7,14,34,Normal
2026-02-08 08:52:33.971689,Berlin-6be7,-15,99,Normal
2026-02-08 08:52:34.971689,Berlin-6be7,48,47,Normal
2026-02-08 08:52:35.971689,Berlin-6be7,-11,60,Normal
2026-02-08 08:52:36.971689,Berlin-6be7,17,44,Normal
2026-02-08 08:52:37.971689,Berlin-6be7,20,70,Normal
2026-02-08 08:52:38.971689,Berlin-6be7,-20,28,Normal
2026-02-08 08:52:39.971689,Berlin-6be7,42,7,Normal
2026-02-08 08:52:40.971689,Berlin-6be7,6,81,Normal
2026-02-08 08:52:41.971689,Berlin-6be7,-8,52,Normal
2026-02-08 08:52:42.971689,Berlin-6be7,-21,29,Normal
2026-02-08 08:52:43.971689,Berlin-6be7,-19,11,Normal
2026-02-08 08:52:44.971689,Berlin-6be7,37,69,Normal
2026-02-08 08:52:45.971689,Berlin-6be7,48,27,Normal
2026-02-08 08:52:46.971689,Berlin-6be7,-14,98,Normal
2026-02-08 08:52:47.971689,Berlin-6be7,10,24,Normal
2026-02-08 08:52:48.971689,Berlin-6be7,-3,18,Normal
2026-02-08 08:52:49.971689,Berlin-6be7,0,48,Normal
2026-02-08 08:52:50.971689,Berlin-6be7,27,80,Normal
2026-02-08 08:52:51.971689,Berlin-6be7,-20,86,Normal
2026-02-08 08:52:52.971689,Berlin-6be7,-6,89,Normal
2026-02-08 08:52:53.971689,Berlin-6be7,27,51,Normal
2026-02-08 08:52:54.971689,Berlin-6be7,50,63,Normal
2026-02-08 08:52:55.971689,Berlin-6be7,-11,70,Normal
2026-02-08 08:52:56.971689,Berlin-6be7,-30,66,Normal
2026-02-08 08:52:57.971689,Berlin-6be7,-24,1,Normal
2026-02-08 08:52:58.971689,Berlin-6be7,-11,92,Normal
2026-02-08 08:52:59.971689,Berlin-6be7,-2,93,Normal
2026-02-08 08:53:00.971689,Berlin-6be7,1,21,Normal
2026-02-08 08:53:01.971689,Berlin-6be7,47,11,Normal
2026-02-08 08:53:02.971689,Berlin-6be7,28,21,Normal
2026-02-08 08:53:03.971689,Berlin-6be7,44,26,Normal
2026-02-08 08:53:04.971689,Berlin-6be7,-23,75,Normal
2026-02-08 08:53:05.971689,Berlin-6be7,-13,34,Normal
2026-02-08 08:53:06.971689,Berlin-6be7,19,25,Normal
2026-02-08 08:53:07.971689,Berlin-6be7,50,25,Normal
2026-02-08 08:53:08.971689,Berlin-6be7,46,77,Normal
2026-02-08 08:53:09.971689,Berlin-6be7,24,36,Normal
2026-02-08 08:53:10.971689,Berlin-6be7,13,22,Normal
2026-02-08 08:53:11.971689,Berlin-6be7,-10,62,Normal
2026-02-08 08:53:12.971689,Berlin-6be7,23,77,Normal
2026-02-08 08:53:13.971689,Berlin-6be7,43,32,Normal
2026-02-08 08:53:14.971689,Berlin-6be7,34,20,Normal
2026-02-08 08:53:15.971689,Berlin-6be7,33,23,Normal
2026-02-08 08:53:16.971689,Berlin-6be7,41,47,Normal
2026-02-08 08:53:17.971689,Berlin-6be7,-27,23,Normal
2026-02-08 08:53:18.971689,Berlin-6be7,-16,72,Normal
2026-02-08 08:53:19.971689,Berlin-6be7,34,70,Normal
2026-02-08 08:53:20.971689,Berlin-6be7,35,1,Normal
2026-02-08 08:53:21.971689,Berlin-6be7,-27,62,Normal
2026-02-08 08:53:22.971689,Berlin-6be7,-9,94,Normal
2026-02-08 08:53:23.971689,Berlin-6be7,-22,85,Normal
2026-02-08 08:53:24.971689,Berlin-6be7,-21,93,Normal
2026-02-08 08:53:25.971689,Berlin-6be7,-27,16,Normal
2026-02-08 08:53:26.971689,Berlin-6be7,16,24,Normal
2026-02-08 08:53:27.971689,Berlin-6be7,-22,71,Normal
2026-02-08 08:53:28.971689,Berlin-6be7,46,8,Normal
2026-02-08 08:53:29.971689,Berlin-6be7,42,64,Normal
2026-02-08 08:53:30.971689,Berlin-6be7,14,94,Normal
2026-02-08 08:53:31.971689,Berlin-6be7,40,46,Normal
2026-02-08 08:53:32.971689,Berlin-6be7,33,50,Normal
2026-02-08 08:53:33.971689,Berlin-6be7,28,75,Normal
2026-02-08 08:53:34.971689,Berlin-6be7,11,43,Normal
2026-02-08 08:53:35.971689,Berlin-6be7,-18,70,Normal
2026-02-08 08:53:36.971689,Berlin-6be7,13,40,Normal
2026-02-08 08:53:37.971689,Berlin-6be7,12,1,Normal
2026-02-08 08:53:38.971689,Berlin-6be7,-24,65,Normal
2026-02-08 08:53:39.971689,Berlin-6be7,7,38,Normal
2026-02-08 08:53:40.971689,Berlin-6be7,20,30,Normal
2026-02-08 08:53:41.971689,Berlin-6be7,12,94,Normal
2026-02-08 08:53:42.971689,Berlin-6be7,47,99,Normal
2026-02-08 08:53:43.971689,Berlin-6be7,3,24,Normal
2026-02-08 08:53:44.971689,Berlin-6be7,-13,41,Normal
2026-02-08 08:53:45.971689,Berlin-6be7,22,84,Normal
2026-02-08 08:53:46.971689,Berlin-6be7,-27,3,Normal
2026-02-08 08:53:47.971689,Berlin-6be7,-21,94,Normal
2026-02-08 08:53:48.971689,Berlin-6be7,42,7,Normal
2026-02-08 08:53:49.971689,Berlin-6be7,11,5,Normal
2026-02-08 08:53:50.971689,Berlin-6be7,9,1,Normal
2026-02-08 08:53:51.971689,Berlin-6be7,22,73,Normal
2026-02-08 08:53:52.971689,Berlin-6be7,-2,8,Normal
2026-02-08 08:53:53.971689,Berlin-6be7,1,44,Normal
2026-02-08 08:53:54.971689,Berlin-6be7,5,77,Normal
2026-02-08 08:53:55.971689,Berlin-6be7,-8,1,Normal
2026-02-08 08:53:56.971689,Berlin-6be7,-11,83,Normal
2026-02-08 08:53:57.971689,Berlin-6be7,-5,92,Normal
2026-02-08 08:53:58.971689,Berlin-6be7,45,91,Normal
2026-02-08 08:53:59.971689,Berlin-6be7,35,66,Normal
2026-02-08 08:54:00.971689,Berlin-6be7,47,94,Normal
2026-02-08 08:54:01.971689,Berlin-6be7,-18,59,Normal
2026-02-08 08:54:02.971689,Berlin-6be7,42,18,Normal
2026-02-08 08:54:03.971689,Berlin-6be7,30,83,Normal
2026-02-08 08:54:04.971689,Berlin-6be7,45,99,Normal
2026-02-08 08:54:05.971689,Berlin-6be7,4,31,Normal
2026-02-08 08:54:06.971689,Berlin-6be7,43,37,Normal
2026-02-08 08:54:07.971689,Berlin-6be7,-4,53,Normal
2026-02-08 08:54:08.971689,Berlin-6be7,-16,47,Normal
2026-02-08 08:54:09.971689,Berlin-6be7,-26,19,Normal
2026-02-08 08:54:10.971689,Berlin-6be7,-11,97,Normal
2026-02-08 08:54:11.971689,Berlin-6be7,-24,68,Normal
2026-02-08 08:54:12.971689,Berlin-6be7,-17,92,Normal
2026-02-08 08:54:13.971689,Berlin-6be7,21,52,Normal
2026-02-08 08:54:14.971689,Berlin-6be7,35,60,Normal
2026-02-08 08:54:15.971689,Berlin-6be7,14,25,Normal
2026-02-08 08:54:16.971689,Berlin-6be7,-9,68,Normal
2026-02-08 08:54:17.971689,Berlin-6be7,-9,94,Normal
2026-02-08 08:54:18.971689,Berlin-6be7,46,12,Normal
2026-02-08 08:54:19.971689,Berlin-6be7,5,16,Normal
2026-02-08 08:54:20.971689,Berlin-6be7,-19,85,Normal
2026-02-08 08:54:21.971689,Berlin-6be7,-29,88,Normal
2026-02-08 08:54:22.971689,Berlin-6be7,17,54,Normal
2026-02-08 08:54:23.971689,Berlin-6be7,18,90,Normal
2026-02-08 08:54:24.971689,Berlin-6be7,50,9,Normal
2026-02-08 08:54:25.971689,Berlin-6be7,0,78,Normal
2026-02-08 08:54:26.971689,Berlin-6be7,26,60,Normal
2026-02-08 08:54:27.971689,Berlin-6be7,-1,21,Normal
2026-02-08 08:54:28.971689,Berlin-6be7,-26,21,Normal
2026-02-08 08:54:29.971689,Berlin-6be7,40,90,Normal
2026-02-08 08:54:30.971689,Berlin-6be7,-8,77,Normal
2026-02-08 08:54:31.971689,Berlin-6be7,21,17,Normal
2026-02-08 08:54:32.971689,Berlin-6be7,43,36,Normal
2026-02-08 08:54:33.971689,Berlin-6be7,25,9,Normal
2026-02-08 08:54:34.971689,Berlin-6be7,-24,53,Normal
2026-02-08 08:54:35.971689,Berlin-6be7,-16,82,Normal
2026-02-08 08:54:36.971689,Berlin-6be7,15,44,Normal
2026-02-08 08:54:37.971689,Berlin-6be7,-19,68,Normal
2026-02-08 08:54:38.971689,Berlin-6be7,-5,60,Normal
2026-02-08 08:54:39.971689,Berlin-6be7,45,4,Normal
2026-02-08 08:54:40.971689,Berlin-6be7,-23,1,Normal
2026-02-08 08:54:41.971689,Berlin-6be7,27,78,Normal
2026-02-08 08:54:42.971689,Berlin-6be7,18,80,Normal
2026-02-08 08:54:43.971689,Berlin-6be7,-12,71,Normal
2026-02-08 08:54:44.971689,Berlin-6be7,28,100,Normal
2026-02-08 08:54:45.971689,Berlin-6be7,28,32,Normal
2026-02-08 08:54:46.971689,Berlin-6be7,38,11,Normal
2026-02-08 08:54:47.971689,Berlin-6be7,48,99,Normal
2026-02-08 08:54:48.971689,Berlin-6be7,12,29,Normal
2026-02-08 08:54:49.971689,Berlin-6be7,10,98,Normal
2026-02-08 08:54:50.971689,Berlin-6be7,-28,53,Normal
2026-02-08 08:54:51.971689,Berlin-6be7,8,48,Normal
2026-02-08 08:54:52.971689,Berlin-6be7,4,62,Normal
2026-02-08 08:54:53.971689,Berlin-6be7,-11,71,Normal
2026-02-08 08:54:54.971689,Berlin-6be7,40,32,Normal
2026-02-08 08:54:55.971689,Berlin-6be7,42,5,Normal
2026-02-08 08:54:56.971689,Berlin-6be7,-17,5,Normal
2026-02-08 08:54:57.971689,Berlin-6be7,41,23,Normal
2026-02-08 08:54:58.971689,Berlin-6be7,-26,17,Normal
2026-02-08 08:54:59.971689,Berlin-6be7,46,40,Normal
2026-02-08 08:55:00.971689,Berlin-6be7,16,81,Normal
2026-02-08 08:55:01.971689,Berlin-6be7,35,0,Normal
2026-02-08 08:55:02.971689,Berlin-6be7,30,34,Normal
2026-02-08 08:55:03.971689,Berlin-6be7,2,38,Normal
2026-02-08 08:55:04.971689,Berlin-6be7,16,5,Normal
2026-02-08 08:55:05.971689,Berlin-6be7,17,7,Normal
2026-02-08 08:55:06.971689,Berlin-6be7,36,50,Normal
2026-02-08 08:55:07.971689,Berlin-6be7,50,25,Normal
2026-02-08 08:55:08.971689,Berlin-6be7,-8,35,Normal
2026-02-08 08:55:09.971689,Berlin-6be7,-14,50,Normal
2026-02-08 08:55:10.971689,Berlin-6be7,29,29,Normal
2026-02-08 08:55:11.971689,Berlin-6be7,-30,31,Normal
2026-02-08 08:55:12.971689,Berlin-6be7,-16,75,Normal
2026-02-08 08:55:13.971689,Berlin-6be7,25,14,Normal
2026-02-08 08:55:14.971689,Berlin-6be7,29,25,Normal
2026-02-08 08:55:15.971689,Berlin-6be7,-4,98,Normal
2026-02-08 08:55:16.971689,Berlin-6be7,3,99,Normal
2026-02-08 08:55:17.971689,Berlin-6be7,31,72,Normal
2026-02-08 08:55:18.971689,Berlin-6be7,26,4,Normal
2026-02-08 08:55:19.971689,Berlin-6be7,33,22,Normal
2026-02-08 08:55:20.971689,Berlin-6be7,40,2,Normal
2026-02-08 08:55:21.971689,Berlin-6be7,-1,59,Normal
2026-02-08 08:55:22.971689,Berlin-6be7,-15,21,Normal
2026-02-08 08:55:23.971689,Berlin-6be7,-27,23,Normal
2026-02-08 08:55:24.971689,Berlin-6be7,-4,94,Normal
2026-02-08 08:55:25.971689,Berlin-6be7,18,7,Normal
2026-02-08 08:55:26.971689,Berlin-6be7,21,23,Normal
2026-02-08 08:55:27.971689,Berlin-6be7,15,72,Normal
2026-02-08 08:55:28.971689,Berlin-6be7,-25,5,Normal
2026-02-08 08:55:29.971689,Berlin-6be7,29,80,Normal
2026-02-08 08:55:30.971689,Berlin-6be7,-26,36,Normal
2026-02-08 08:55:31.971689,Berlin-6be7,37,11,Normal
2026-02-08 08:55:32.971689,Berlin-6be7,19,40,Normal
2026-02-08 08:55:33.971689,Berlin-6be7,33,17,Normal
2026-02-08 08:55:34.971689,Berlin-6be7,9,54,Normal
2026-02-08 08:55:35.971689,Berlin-6be7,31,67,Normal
2026-02-08 08:55:36.971689,Berlin-6be7,31,98,Normal
2026-02-08 08:55:37.971689,Berlin-6be7,17,0,Normal
2026-02-08 08:55:38.971689,Berlin-6be7,32,12,Normal
2026-02-08 08:55:39.971689,Berlin-6be7,40,33,Normal
2026-02-08 08:55:40.971689,Berlin-6be7,4,53,Normal
2026-02-08 08:55:41.971689,Berlin-6be7,-3,80,Normal
2026-02-08 08:55:42.971689,Berlin-6be7,0,79,Normal
2026-02-08 08:55:43.971689,Berlin-6be7,26,99,Normal
2026-02-08 08:55:44.971689,Berlin-6be7,-1,65,Normal
2026-02-08 08:55:45.971689,Berlin-6be7,-28,92,Normal
2026-02-08 08:55:46.971689,Berlin-6be7,35,100,Normal
2026-02-08 08:55:47.971689,Berlin-6be7,-5,37,Normal
2026-02-08 08:55:48.971689,Berlin-6be7,20,15,Normal
2026-02-08 08:55:49.971689,Berlin-6be7,17,41,Normal
2026-02-08 08:55:50.971689,Berlin-6be7,-19,1,Normal
2026-02-08 08:55:51.971689,Berlin-6be7,25,95,Normal
2026-02-08 08:55:52.971689,Berlin-6be7,-10,29,Normal
2026-02-08 08:55:53.971689,Berlin-6be7,24,4,Normal
2026-02-08 08:55:54.971689,Berlin-6be7,13,81,Normal
2026-02-08 08:55:55.971689,Berlin-6be7,43,81,Normal
2026-02-08 08:55:56.971689,Berlin-6be7,40,87,Normal
2026-02-08 08:55:57.971689,Berlin-6be7,-21,37,Normal
2026-02-08 08:55:58.971689,Berlin-6be7,3,67,Normal
2026-02-08 08:55:59.971689,Berlin-6be7,23,37,Normal
2026-02-08 08:56:00.971689,Berlin-6be7,37,93,Normal
2026-02-08 08:56:01.971689,Berlin-6be7,46,3,Normal
2026-02-08 08:56:02.971689,Berlin-6be7,43,34,Normal
2026-02-08 08:56:03.971689,Berlin-6be7,27,6,Normal
2026-02-08 08:56:04.971689,Berlin-6be7,25,40,Normal
2026-02-08 08:56:05.971689,Berlin-6be7,-28,12,Normal
2026-02-08 08:56:06.971689,Berlin-6be7,15,43,Normal
2026-02-08 08:56:07.971689,Berlin-6be7,3,21,Normal
2026-02-08 08:56:08.971689,Berlin-6be7,11,42,Normal
2026-02-08 08:56:09.971689,Berlin-6be7,38,26,Normal
2026-02-08 08:56:10.971689,Berlin-6be7,12,32,Normal
2026-02-08 08:56:11.971689,Berlin-6be7,37,63,Normal
2026-02-08 08:56:12.971689,Berlin-6be7,-8,53,Normal
2026-02-08 08:56:13.971689,Berlin-6be7,27,36,Normal
2026-02-08 08:56:14.971689,Berlin-6be7,48,76,Normal
2026-02-08 08:56:15.971689,Berlin-6be7,44,15,Normal
2026-02-08 08:56:16.971689,Berlin-6be7,15,95,Normal
2026-02-08 08:56:17.971689,Berlin-6be7,23,70,Normal
2026-02-08 08:56:18.971689,Berlin-6be7,-7,50,Normal
2026-02-08 08:56:19.971689,Berlin-6be7,43,100,Normal
2026-02-08 08:56:20.971689,Berlin-6be7,-9,16,Normal
2026-02-08 08:56:21.971689,Berlin-6be7,7,77,Normal
2026-02-08 08:56:22.971689,Berlin-6be7,-14,95,Normal
2026-02-08 08:56:23.971689,Berlin-6be7,-25,9,Normal
2026-02-08 08:56:24.971689,Berlin-6be7,-10,83,Normal
2026-02-08 08:56:25.971689,Berlin-6be7,-26,46,Normal
2026-02-08 08:56:26.971689,Berlin-6be7,38,88,Normal
2026-02-08 08:56:27.971689,Berlin-6be7,-21,3,Normal
2026-02-08 08:56:28.971689,Berlin-6be7,39,31,Normal
2026-02-08 08:56:29.971689,Berlin-6be7,-30,26,Normal
2026-02-08 08:56:30.971689,Berlin-6be7,49,22,Normal
2026-02-08 08:56:31.971689,Berlin-6be7,13,54,Normal
2026-02-08 08:56:32.971689,Berlin-6be7,-21,82,Normal
2026-02-08 08:56:33.971689,Berlin-6be7,22,74,Normal
2026-02-08 08:56:34.971689,Berlin-6be7,14,94,Normal
2026-02-08 08:56:35.971689,Berlin-6be7,46,3,Normal
2026-02-08 08:56:36.971689,Berlin-6be7,3,23,Normal
2026-02-08 08:56:37.971689,Berlin-6be7,-24,96,Normal
2026-02-08 08:56:38.971689,Berlin-6be7,-3,75,Normal
2026-02-08 08:56:39.971689,Berlin-6be7,18,4,Normal
2026-02-08 08:56:40.971689,Berlin-6be7,-6,88,Normal
2026-02-08 08:56:41.971689,Berlin-6be7,-20,98,Normal
2026-02-08 08:56:42.971689,Berlin-6be7,-7,62,Normal
2026-02-08 08:56:43.971689,Berlin-6be7,11,73,Normal
2026-02-08 08:56:44.971689,Berlin-6be7,31,15,Normal
2026-02-08 08:56:45.971689,Berlin-6be7,-12,98,Normal
2026-02-08 08:56:46.971689,Berlin-6be7,44,46,Normal
2026-02-08 08:56:47.971689,Berlin-6be7,2,46,Normal
2026-02-08 08:56:48.971689,Berlin-6be7,18,8,Normal
2026-02-08 08:56:49.971689,Berlin-6be7,44,86,Normal
2026-02-08 08:56:50.971689,Berlin-6be7,33,0,Normal
2026-02-08 08:56:51.971689,Berlin-6be7,-17,75,Normal
2026-02-08 08:56:52.971689,Berlin-6be7,31,37,Normal
2026-02-08 08:56:53.971689,Berlin-6be7,29,18,Normal
2026-02-08 08:56:54.971689,Berlin-6be7,49,74,Normal
2026-02-08 08:56:55.971689,Berlin-6be7,49,67,Normal
2026-02-08 08:56:56.971689,Berlin-6be7,-8,55,Normal
2026-02-08 08:56:57.971689,Berlin-6be7,-25,34,Normal
2026-02-08 08:56:58.971689,Berlin-6be7,-9,17,Normal
2026-02-08 08:56:59.971689,Berlin-6be7,42,84,Normal
2026-02-08 08:57:00.971689,Berlin-6be7,-21,14,Normal
2026-02-08 08:57:01.971689,Berlin-6be7,6,71,Normal
2026-02-08 08:57:02.971689,Berlin-6be7,24,63,Normal
2026-02-08 08:57:03.971689,Berlin-6be7,36,97,Normal
2026-02-08 08:57:04.971689,Berlin-6be7,-15,48,Normal
2026-02-08 08:57:05.971689,Berlin-6be7,28,90,Normal
2026-02-08 08:57:06.971689,Berlin-6be7,12,93,Normal
2026-02-08 08:57:07.971689,Berlin-6be7,30,0,Normal
2026-02-08 08:57:08.971689,Berlin-6be7,28,73,Normal
2026-02-08 08:57:09.971689,Berlin-6be7,1,69,Normal
2026-02-08 08:57:10.971689,Berlin-6be7,38,60,Normal
2026-02-08 08:57:11.971689,Berlin-6be7,39,67,Normal
2026-02-08 08:57:12.971689,Berlin-6be7,-11,52,Normal
2026-02-08 08:57:13.971689,Berlin-6be7,39,16,Normal
2026-02-08 08:57:14.971689,Berlin-6be7,25,50,Normal
2026-02-08 08:57:15.971689,Berlin-6be7,34,42,Normal
2026-02-08 08:57:16.971689,Berlin-6be7,-2,35,Normal
2026-02-08 08:57:17.971689,Berlin-6be7,25,21,Normal
2026-02-08 08:57:18.971689,Berlin-6be7,-20,47,Normal
2026-02-08 08:57:19.971689,Berlin-6be7,41,55,Normal
2026-02-08 08:57:20.971689,Berlin-6be7,-26,77,Normal
2026-02-08 08:57:21.971689,Berlin-6be7,38,7,Normal
2026-02-08 08:57:22.971689,Berlin-6be7,-24,45,Normal
2026-02-08 08:57:23.971689,Berlin-6be7,49,93,Normal
2026-02-08 08:57:24.971689,Berlin-6be7,29,77,Normal
2026-02-08 08:57:25.971689,Berlin-6be7,6,16,Normal
2026-02-08 08:57:26.971689,Berlin-6be7,17,24,Normal
2026-02-08 08:57:27.971689,Berlin-6be7,42,49,Normal
2026-02-08 08:57:28.971689,Berlin-6be7,28,30,Normal
2026-02-08 08:57:29.971689,Berlin-6be7,-16,14,Normal
2026-02-08 08:57:30.971689,Berlin-6be7,-19,77,Normal
2026-02-08 08:57:31.971689,Berlin-6be7,21,22,Normal
2026-02-08 08:57:32.971689,Berlin-6be7,-28,61,Normal
2026-02-08 08:57:33.971689,Berlin-6be7,31,5,Normal
2026-02-08 08:57:34.971689,Berlin-6be7,-10,5,Normal
2026-02-08 08:57:35.971689,Berlin-6be7,-23,54,Normal
2026-02-08 08:57:36.971689,Berlin-6be7,35,81,Normal
2026-02-08 08:57:37.971689,Berlin-6be7,-9,59,Normal
2026-02-08 08:57:38.971689,Berlin-6be7,45,40,Normal
2026-02-08 08:57:39.971689,Berlin-6be7,1,85,Normal
2026-02-08 08:57:40.971689,Berlin-6be7,-16,75,Normal
2026-02-08 08:57:41.971689,Berlin-6be7,-25,47,Normal
2026-02-08 08:57:42.971689,Berlin-6be7,-30,16,Normal
2026-02-08 08:57:43.971689,Berlin-6be7,3,76,Normal
2026-02-08 08:57:44.971689,Berlin-6be7,-18,16,Normal
2026-02-08 08:57:45.971689,Berlin-6be7,40,46,Normal
2026-02-08 08:57:46.971689,Berlin-6be7,-2,10,Normal
2026-02-08 08:57:47.971689,Berlin-6be7,-5,72,Normal
2026-02-08 08:57:48.971689,Berlin-6be7,8,52,Normal
2026-02-08 08:57:49.971689,Berlin-6be7,9,79,Normal
2026-02-08 08:57:50.971689,Berlin-6be7,-18,5,Normal
2026-02-08 08:57:51.971689,Berlin-6be7,-7,47,Normal
2026-02-08 08:57:52.971689,Berlin-6be7,42,11,Normal
2026-02-08 08:57:53.971689,Berlin-6be7,43,3,Normal
2026-02-08 08:57:54.971689,Berlin-6be7,45,29,Normal
2026-02-08 08:57:55.971689,Berlin-6be7,14,52,Normal
2026-02-08 08:57:56.971689,Berlin-6be7,34,36,Normal
2026-02-08 08:57:57.971689,Berlin-6be7,-30,25,Normal
2026-02-08 08:57:58.971689,Berlin-6be7,-4,22,Normal
2026-02-08 08:57:59.971689,Berlin-6be7,24,88,Normal
2026-02-08 08:58:00.971689,Berlin-6be7,36,98,Normal
2026-02-08 08:58:01.971689,Berlin-6be7,48,81,Normal
2026-02-08 08:58:02.971689,Berlin-6be7,22,85,Normal
2026-02-08 08:58:03.971689,Berlin-6be7,-23,50,Normal
2026-02-08 08:58:04.971689,Berlin-6be7,34,16,Normal
2026-02-08 08:58:05.971689,Berlin-6be7,2,86,Normal
2026-02-08 08:58:06.971689,Berlin-6be7,-29,34,Normal
2026-02-08 08:58:07.971689,Berlin-6be7,45,91,Normal
2026-02-08 08:58:08.971689,Berlin-6be7,34,64,Normal
2026-02-08 08:58:09.971689,Berlin-6be7,-25,85,Normal
2026-02-08 08:58:10.971689,Berlin-6be7,31,4,Normal
2026-02-08 08:58:11.971689,Berlin-6be7,0,53,Normal
2026-02-08 08:58:12.971689,Berlin-6be7,-1,68,Normal
2026-02-08 08:58:13.971689,Berlin-6be7,41,56,Normal
2026-02-08 08:58:14.971689,Berlin-6be7,-30,23,Normal
2026-02-08 08:58:15.971689,Berlin-6be7,34,18,Normal
2026-02-08 08:58:16.971689,Berlin-6be7,41,22,Normal
2026-02-08 08:58:17.971689,Berlin-6be7,32,31,Normal
2026-02-08 08:58:18.971689,Berlin-6be7,-13,66,Normal
2026-02-08 08:58:19.971689,Berlin-6be7,24,73,Normal
2026-02-08 08:58:20.971689,Berlin-6be7,20,44,Normal
2026-02-08 08:58:21.971689,Berlin-6be7,46,82,Normal
2026-02-08 08:58:22.971689,Berlin-6be7,22,52,Normal
2026-02-08 08:58:23.971689,Berlin-6be7,0,81,Normal
2026-02-08 08:58:24.971689,Berlin-6be7,49,68,Normal
2026-02-08 08:58:25.971689,Berlin-6be7,31,88,Normal
2026-02-08 08:58:26.971689,Berlin-6be7,-8,0,Normal
2026-02-08 08:58:27.971689,Berlin-6be7,6,12,Normal
2026-02-08 08:58:28.971689,Berlin-6be7,46,54,Normal
2026-02-08 08:58:29.971689,Berlin-6be7,-7,93,Normal
2026-02-08 08:58:30.971689,Berlin-6be7,-25,100,Normal
2026-02-08 08:58:31.971689,Berlin-6be7,-6,10,Normal
2026-02-08 08:58:32.971689,Berlin-6be7,12,82,Normal
2026-02-08 08:58:33.971689,Berlin-6be7,-25,36,Normal
2026-02-08 08:58:34.971689,Berlin-6be7,-10,68,Normal
2026-02-08 08:58:35.971689,Berlin-6be7,43,49,Normal
2026-02-08 08:58:36.971689,Berlin-6be7,18,46,Normal
2026-02-08 08:58:37.971689,Berlin-6be7,13,22,Normal
2026-02-08 08:58:38.971689,Berlin-6be7,4,94,Normal
2026-02-08 08:58:39.971689,Berlin-6be7,-21,53,Normal
2026-02-08 08:58:40.971689,Berlin-6be7,37,29,Normal
2026-02-08 08:58:41.971689,Berlin-6be7,-6,28,Normal
2026-02-08 08:58:42.971689,Berlin-6be7,24,4,Normal
2026-02-08 08:58:43.971689,Berlin-6be7,4,17,Normal
2026-02-08 08:58:44.971689,Berlin-6be7,-9,93,Normal
2026-02-08 08:58:45.971689,Berlin-6be7,13,93,Normal
2026-02-08 08:58:46.971689,Berlin-6be7,4,68,Normal
2026-02-08 08:58:47.971689,Berlin-6be7,47,5,Normal
2026-02-08 08:58:48.971689,Berlin-6be7,12,89,Normal
2026-02-08 08:58:49.971689,Berlin-6be7,13,91,Normal
2026-02-08 08:58:50.971689,Berlin-6be7,24,10,Normal
2026-02-08 08:58:51.971689,Berlin-6be7,-3,2,Normal
2026-02-08 08:58:52.971689,Berlin-6be7,-20,55,Normal
2026-02-08 08:58:53.971689,Berlin-6be7,3,43,Normal
2026-02-08 08:58:54.971689,Berlin-6be7,-12,100,Normal
2026-02-08 08:58:55.971689,Berlin-6be7,20,82,Normal
2026-02-08 08:58:56.971689,Berlin-6be7,34,32,Normal
2026-02-08 08:58:57.971689,Berlin-6be7,8,55,Normal
2026-02-08 08:58:58.971689,Berlin-6be7,33,52,Normal
2026-02-08 08:58:59.971689,Berlin-6be7,40,79,Normal
2026-02-08 08:59:00.971689,Berlin-6be7,27,59,Normal
2026-02-08 08:59:01.971689,Berlin-6be7,-4,12,Normal
2026-02-08 08:59:02.971689,Berlin-6be7,21,43,Normal
2026-02-08 08:59:03.971689,Berlin-6be7,0,68,Normal
2026-02-08 08:59:04.971689,Berlin-6be7,-11,87,Normal
2026-02-08 08:59:05.971689,Berlin-6be7,12,89,Normal
2026-02-08 08:59:06.971689,Berlin-6be7,46,76,Normal
2026-02-08 08:59:07.971689,Berlin-6be7,41,40,Normal
2026-02-08 08:59:08.971689,Berlin-6be7,-7,26,Normal
2026-02-08 08:59:09.971689,Berlin-6be7,19,45,Normal
2026-02-08 08:59:10.971689,Berlin-6be7,10,32,Normal
2026-02-08 08:59:11.971689,Berlin-6be7,38,9,Normal
2026-02-08 08:59:12.971689,Berlin-6be7,-4,13,Normal
2026-02-08 08:59:13.971689,Berlin-6be7,33,73,Normal
2026-02-08 08:59:14.971689,Berlin-6be7,10,23,Normal
2026-02-08 08:59:15.971689,Berlin-6be7,47,98,Normal
2026-02-08 08:59:16.971689,Berlin-6be7,-7,91,Normal
2026-02-08 08:59:17.971689,Berlin-6be7,17,75,Normal
2026-02-08 08:59:18.971689,Berlin-6be7,27,96,Normal
2026-02-08 08:59:19.971689,Berlin-6be7,-23,78,Normal
2026-02-08 08:59:20.971689,Berlin-6be7,-11,61,Normal
2026-02-08 08:59:21.971689,Berlin-6be7,14,59,Normal
2026-02-08 08:59:22.971689,Berlin-6be7,-26,96,Normal
2026-02-08 08:59:23.971689,Berlin-6be7,-11,0,Normal
2026-02-08 08:59:24.971689,Berlin-6be7,6,67,Normal
2026-02-08 08:59:25.971689,Berlin-6be7,48,59,Normal
2026-02-08 08:59:26.971689,Berlin-6be7,-14,86,Normal
2026-02-08 08:59:27.971689,Berlin-6be7,3,60,Normal
2026-02-08 08:59:28.971689,Berlin-6be7,35,69,Normal
2026-02-08 08:59:29.971689,Berlin-6be7,35,72,Normal
2026-02-08 08:59:30.971689,Berlin-6be7,40,34,Normal
2026-02-08 08:59:31.971689,Berlin-6be7,10,64,Normal
2026-02-08 08:59:32.971689,Berlin-6be7,-4,5,Normal
2026-02-08 08:59:33.971689,Berlin-6be7,-19,95,Normal
2026-02-08 08:59:34.971689,Berlin-6be7,-24,96,Normal
2026-02-08 08:59:35.971689,Berlin-6be7,5,60,Normal
2026-02-08 08:59:36.971689,Berlin-6be7,-14,28,Normal
2026-02-08 08:59:37.971689,Berlin-6be7,43,54,Normal
2026-02-08 08:59:38.971689,Berlin-6be7,-14,47,Normal
2026-02-08 08:59:39.971689,Berlin-6be7,48,76,Normal
2026-02-08 08:59:40.971689,Berlin-6be7,-16,88,Normal
2026-02-08 08:59:41.971689,Berlin-6be7,-20,31,Normal
2026-02-08 08:59:42.971689,Berlin-6be7,34,33,Normal
2026-02-08 08:59:43.971689,Berlin-6be7,-17,1,Normal
2026-02-08 08:59:44.971689,Berlin-6be7,5,95,Normal
2026-02-08 08:59:45.971689,Berlin-6be7,39,18,Normal
2026-02-08 08:59:46.971689,Berlin-6be7,33,1,Normal
2026-02-08 08:59:47.971689,Berlin-6be7,48,36,Normal
2026-02-08 08:59:48.971689,Berlin-6be7,28,69,Normal
2026-02-08 08:59:49.971689,Berlin-6be7,21,54,Normal
2026-02-08 08:59:50.971689,Berlin-6be7,46,31,Normal
2026-02-08 08:59:51.971689,Berlin-6be7,-29,99,Normal
2026-02-08 08:59:52.971689,Berlin-6be7,-21,65,Normal
2026-02-08 08:59:53.971689,Berlin-6be7,7,54,Normal
2026-02-08 08:59:54.971689,Berlin-6be7,-29,49,Normal
2026-02-08 08:59:55.971689,Berlin-6be7,15,14,Normal
2026-02-08 08:59:56.971689,Berlin-6be7,18,95,Normal
2026-02-08 08:59:57.971689,Berlin-6be7,-25,52,Normal
2026-02-08 08:59:58.971689,Berlin-6be7,32,7,Normal
2026-02-08 08:59:59.971689,Berlin-6be7,49,68,Normal
2026-02-08 09:00:00.971689,Berlin-6be7,50,96,Normal
2026-02-08 09:00:01.971689,Berlin-6be7,14,61,Normal
2026-02-08 09:00:02.971689,Berlin-6be7,16,70,Normal
2026-02-08 09:00:03.971689,Berlin-6be7,-2,55,Normal
2026-02-08 09:00:04.971689,Berlin-6be7,-6,97,Normal
2026-02-08 09:00:05.971689,Berlin-6be7,22,51,Normal
2026-02-08 09:00:06.971689,Berlin-6be7,0,61,Normal
2026-02-08 09:00:07.971689,Berlin-6be7,-16,35,Normal
2026-02-08 09:00:08.971689,Berlin-6be7,12,44,Normal
2026-02-08 09:00:09.971689,Berlin-6be7,-26,14,Normal
2026-02-08 09:00:10.971689,Berlin-6be7,-13,79,Normal
2026-02-08 09:00:11.971689,Berlin-6be7,4,86,Normal
2026-02-08 09:00:12.971689,Berlin-6be7,13,24,Normal
2026-02-08 09:00:13.971689,Berlin-6be7,10,94,Normal
2026-02-08 09:00:14.971689,Berlin-6be7,31,69,Normal
2026-02-08 09:00:15.971689,Berlin-6be7,37,0,Normal
2026-02-08 09:00:16.971689,Berlin-6be7,34,23,Normal
2026-02-08 09:00:17.971689,Berlin-6be7,1,100,Normal
2026-02-08 09:00:18.971689,Berlin-6be7,9,44,Normal
2026-02-08 09:00:19.971689,Berlin-6be7,-19,77,Normal
2026-02-08 09:00:20.971689,Berlin-6be7,9,4,Normal
2026-02-08 09:00:21.971689,Berlin-6be7,34,94,Normal
2026-02-08 09:00:22.971689,Berlin-6be7,-13,70,Normal
2026-02-08 09:00:23.971689,Berlin-6be7,-4,23,Normal
2026-02-08 09:00:24.971689,Berlin-6be7,-24,59,Normal
2026-02-08 09:00:25.971689,Berlin-6be7,47,74,Normal
2026-02-08 09:00:26.971689,Berlin-6be7,-17,82,Normal
2026-02-08 09:00:27.971689,Berlin-6be7,-20,44,Normal
2026-02-08 09:00:28.971689,Berlin-6be7,27,75,Normal
2026-02-08 09:00:29.971689,Berlin-6be7,8,31,Normal
2026-02-08 09:00:30.971689,Berlin-6be7,-24,80,Normal
2026-02-08 09:00:31.971689,Berlin-6be7,37,4,Normal
2026-02-08 09:00:32.971689,Berlin-6be7,45,56,Normal
2026-02-08 09:00:33.971689,Berlin-6be7,-4,62,Normal
2026-02-08 09:00:34.971689,Berlin-6be7,2,38,Normal
2026-02-08 09:00:35.971689,Berlin-6be7,0,53,Normal
2026-02-08 09:00:36.971689,Berlin-6be7,-18,12,Normal
2026-02-08 09:00:37.971689,Berlin-6be7,12,26,Normal
2026-02-08 09:00:38.971689,Berlin-6be7,-7,12,Normal
2026-02-08 09:00:39.971689,Berlin-6be7,3,20,Normal
2026-02-08 09:00:40.971689,Berlin-6be7,45,73,Normal
2026-02-08 09:00:41.971689,Berlin-6be7,13,17,Normal
2026-02-08 09:00:42.971689,Berlin-6be7,8,6,Normal
2026-02-08 09:00:43.971689,Berlin-6be7,37,49,Normal
2026-02-08 09:00:44.971689,Berlin-6be7,24,11,Normal
2026-02-08 09:00:45.971689,Berlin-6be7,37,63,Normal
2026-02-08 09:00:46.971689,Berlin-6be7,-21,35,Normal
2026-02-08 09:00:47.971689,Berlin-6be7,34,88,Normal
2026-02-08 09:00:48.971689,Berlin-6be7,8,100,Normal
2026-02-08 09:00:49.971689,Berlin-6be7,-21,96,Normal
2026-02-08 09:00:50.971689,Berlin-6be7,3,83,Normal
2026-02-08 09:00:51.971689,Berlin-6be7,5,60,Normal
2026-02-08 09:00:52.971689,Berlin-6be7,17,88,Normal
2026-02-08 09:00:53.971689,Berlin-6be7,1,56,Normal
2026-02-08 09:00:54.971689,Berlin-6be7,31,96,Normal
2026-02-08 09:00:55.971689,Berlin-6be7,37,10,Normal
2026-02-08 09:00:56.971689,Berlin-6be7,26,19,Normal
2026-02-08 09:00:57.971689,Berlin-6be7,41,8,Normal
2026-02-08 09:00:58.971689,Berlin-6be7,-10,62,Normal
2026-02-08 09:00:59.971689,Berlin-6be7,-12,96,Normal
2026-02-08 09:01:00.971689,Berlin-6be7,35,60,Normal
2026-02-08 09:01:01.971689,Berlin-6be7,-9,34,Normal
2026-02-08 09:01:02.971689,Berlin-6be7,12,16,Normal
2026-02-08 09:01:03.971689,Berlin-6be7,34,75,Normal
2026-02-08 09:01:04.971689,Berlin-6be7,10,21,Normal
2026-02-08 09:01:05.971689,Berlin-6be7,32,50,Normal
2026-02-08 09:01:06.971689,Berlin-6be7,29,3,Normal
2026-02-08 09:01:07.971689,Berlin-6be7,-12,51,Normal
2026-02-08 09:01:08.971689,Berlin-6be7,-1,48,Normal
2026-02-08 09:01:09.971689,Berlin-6be7,-2,40,Normal
2026-02-08 09:01:10.971689,Berlin-6be7,16,74,Normal
2026-02-08 09:01:11.971689,Berlin-6be7,-30,35,Normal
2026-02-08 09:01:12.971689,Berlin-6be7,17,54,Normal
2026-02-08 09:01:13.971689,Berlin-6be7,-19,63,Normal
2026-02-08 09:01:14.971689,Berlin-6be7,-12,33,Normal
2026-02-08 09:01:15.971689,Berlin-6be7,20,67,Normal
2026-02-08 09:01:16.971689,Berlin-6be7,-4,87,Normal
2026-02-08 09:01:17.971689,Berlin-6be7,-13,5,Normal
2026-02-08 09:01:18.971689,Berlin-6be7,37,1,Normal
2026-02-08 09:01:19.971689,Berlin-6be7,-25,12,Normal
2026-02-08 09:01:20.971689,Berlin-6be7,-13,78,Normal
2026-02-08 09:01:21.971689,Berlin-6be7,-17,51,Normal
2026-02-08 09:01:22.971689,Berlin-6be7,2,39,Normal
2026-02-08 09:01:23.971689,Berlin-6be7,42,95,Normal
2026-02-08 09:01:24.971689,Berlin-6be7,14,14,Normal
2026-02-08 09:01:25.971689,Berlin-6be7,37,49,Normal
2026-02-08 09:01:26.971689,Berlin-6be7,-2,96,Normal
2026-02-08 09:01:27.971689,Berlin-6be7,33,5,Normal
2026-02-08 09:01:28.971689,Berlin-6be7,-21,18,Normal
2026-02-08 09:01:29.971689,Berlin-6be7,9,8,Normal
2026-02-08 09:01:30.971689,Berlin-6be7,13,73,Normal
2026-02-08 09:01:31.971689,Berlin-6be7,7,71,Normal
2026-02-08 09:01:32.971689,Berlin-6be7,-26,52,Normal
2026-02-08 09:01:33.971689,Berlin-6be7,31,81,Normal
2026-02-08 09:01:34.971689,Berlin-6be7,21,72,Normal
2026-02-08 09:01:35.971689,Berlin-6be7,47,50,Normal
2026-02-08 09:01:36.971689,Berlin-6be7,21,2,Normal
2026-02-08 09:01:37.971689,Berlin-6be7,45,57,Normal
2026-02-08 09:01:38.971689,Berlin-6be7,21,17,Normal
2026-02-08 09:01:39.971689,Berlin-6be7,17,100,Normal
2026-02-08 09:01:40.971689,Berlin-6be7,26,59,Normal
2026-02-08 09:01:41.971689,Berlin-6be7,24,51,Normal
2026-02-08 09:01:42.971689,Berlin-6be7,44,63,Normal
2026-02-08 09:01:43.971689,Berlin-6be7,21,95,Normal
2026-02-08 09:01:44.971689,Berlin-6be7,36,95,Normal
2026-02-08 09:01:45.971689,Berlin-6be7,-9,93,Normal
2026-02-08 09:01:46.971689,Berlin-6be7,15,88,Normal
2026-02-08 09:01:47.971689,Berlin-6be7,49,89,Normal
2026-02-08 09:01:48.971689,Berlin-6be7,16,6,Normal
2026-02-08 09:01:49.971689,Berlin-6be7,13,57,Normal
2026-02-08 09:01:50.971689,Berlin-6be7,25,74,Normal
2026-02-08 09:01:51.971689,Berlin-6be7,44,23,Normal
2026-02-08 09:01:52.971689,Berlin-6be7,30,26,Normal
2026-02-08 09:01:53.971689,Berlin-6be7,12,34,Normal
2026-02-08 09:01:54.971689,Berlin-6be7,22,34,Normal
2026-02-08 09:01:55.971689,Berlin-6be7,30,30,Normal
2026-02-08 09:01:56.971689,Berlin-6be7,45,77,Normal
2026-02-08 09:01:57.971689,Berlin-6be7,-13,86,Normal
2026-02-08 09:01:58.971689,Berlin-6be7,-25,71,Normal
2026-02-08 09:01:59.971689,Berlin-6be7,36,100,Normal
2026-02-08 09:02:00.971689,Berlin-6be7,-6,41,Normal
2026-02-08 09:02:01.971689,Berlin-6be7,23,51,Normal
2026-02-08 09:02:02.971689,Berlin-6be7,38,80,Normal
2026-02-08 09:02:03.971689,Berlin-6be7,-6,65,Normal
2026-02-08 09:02:04.971689,Berlin-6be7,-21,90,Normal
2026-02-08 09:02:05.971689,Berlin-6be7,12,68,Normal
2026-02-08 09:02:06.971689,Berlin-6be7,28,42,Normal
2026-02-08 09:02:07.971689,Berlin-6be7,27,59,Normal
2026-02-08 09:02:08.971689,Berlin-6be7,47,85,Normal
2026-02-08 09:02:09.971689,Berlin-6be7,-15,66,Normal
2026-02-08 09:02:10.971689,Berlin-6be7,30,68,Normal
2026-02-08 09:02:11.971689,Berlin-6be7,29,96,Normal
2026-02-08 09:02:12.971689,Berlin-6be7,19,27,Normal
2026-02-08 09:02:13.971689,Berlin-6be7,44,52,Normal
2026-02-08 09:02:14.971689,Berlin-6be7,-18,56,Normal
2026-02-08 09:02:15.971689,Berlin-6be7,-22,77,Normal
2026-02-08 09:02:16.971689,Berlin-6be7,5,7,Normal
2026-02-08 09:02:17.971689,Berlin-6be7,-28,66,Normal
2026-02-08 09:02:18.971689,Berlin-6be7,8,90,Normal
2026-02-08 09:02:19.971689,Berlin-6be7,5,0,Normal
2026-02-08 09:02:20.971689,Berlin-6be7,40,74,Normal
2026-02-08 09:02:21.971689,Berlin-6be7,-28,97,Normal
2026-02-08 09:02:22.971689,Berlin-6be7,39,56,Normal
2026-02-08 09:02:23.971689,Berlin-6be7,36,96,Normal
2026-02-08 09:02:24.971689,Berlin-6be7,17,93,Normal
2026-02-08 09:02:25.971689,Berlin-6be7,47,29,Normal
2026-02-08 09:02:26.971689,Berlin-6be7,-22,9,Normal
2026-02-08 09:02:27.971689,Berlin-6be7,16,94,Normal
2026-02-08 09:02:28.971689,Berlin-6be7,-8,39,Normal
2026-02-08 09:02:29.971689,Berlin-6be7,27,97,Normal
2026-02-08 09:02:30.971689,Berlin-6be7,-26,6,Normal
2026-02-08 09:02:31.971689,Berlin-6be7,-26,51,Normal
2026-02-08 09:02:32.971689,Berlin-6be7,49,45,Normal
2026-02-08 09:02:33.971689,Berlin-6be7,8,67,Normal
2026-02-08 09:02:34.971689,Berlin-6be7,16,83,Normal
2026-02-08 09:02:35.971689,Berlin-6be7,-7,19,Normal
2026-02-08 09:02:36.971689,Berlin-6be7,26,5,Normal
2026-02-08 09:02:37.971689,Berlin-6be7,34,40,Normal
2026-02-08 09:02:38.971689,Berlin-6be7,-9,6,Normal
2026-02-08 09:02:39.971689,Berlin-6be7,10,8,Normal
2026-02-08 09:02:40.971689,Berlin-6be7,24,32,Normal
2026-02-08 09:02:41.971689,Berlin-6be7,19,24,Normal
2026-02-08 09:02:42.971689,Berlin-6be7,39,47,Normal
2026-02-08 09:02:43.971689,Berlin-6be7,19,97,Normal
2026-02-08 09:02:44.971689,Berlin-6be7,39,98,Normal
2026-02-08 09:02:45.971689,Berlin-6be7,8,93,Normal
2026-02-08 09:02:46.971689,Berlin-6be7,18,68,Normal
2026-02-08 09:02:47.971689,Berlin-6be7,44,30,Normal
2026-02-08 09:02:48.971689,Berlin-6be7,1,86,Normal
2026-02-08 09:02:49.971689,Berlin-6be7,50,81,Normal
2026-02-08 09:02:50.971689,Berlin-6be7,-22,61,Normal
2026-02-08 09:02:51.971689,Berlin-6be7,16,30,Normal
2026-02-08 09:02:52.971689,Berlin-6be7,19,25,Normal
2026-02-08 09:02:53.971689,Berlin-6be7,43,55,Normal
2026-02-08 09:02:54.971689,Berlin-6be7,45,5,Normal
2026-02-08 09:02:55.971689,Berlin-6be7,23,97,Normal
2026-02-08 09:02:56.971689,Berlin-6be7,13,99,Normal
2026-02-08 09:02:57.971689,Berlin-6be7,12,1,Normal
2026-02-08 09:02:58.971689,Berlin-6be7,36,95,Normal
2026-02-08 09:02:59.971689,Berlin-6be7,-12,32,Normal
2026-02-08 09:03:00.971689,Berlin-6be7,21,47,Normal
2026-02-08 09:03:01.971689,Berlin-6be7,1,8,Normal
2026-02-08 09:03:02.971689,Berlin-6be7,10,0,Normal
2026-02-08 09:03:03.971689,Berlin-6be7,-14,44,Normal
2026-02-08 09:03:04.971689,Berlin-6be7,46,91,Normal
2026-02-08 09:03:05.971689,Berlin-6be7,-24,86,Normal
2026-02-08 09:03:06.971689,Berlin-6be7,-30,30,Normal
2026-02-08 09:03:07.971689,Berlin-6be7,25,94,Normal
2026-02-08 09:03:08.971689,Berlin-6be7,26,66,Normal
2026-02-08 09:03:09.971689,Berlin-6be7,-12,83,Normal
2026-02-08 09:03:10.971689,Berlin-6be7,37,69,Normal
2026-02-08 09:03:11.971689,Berlin-6be7,13,86,Normal
2026-02-08 09:03:12.971689,Berlin-6be7,7,68,Normal
2026-02-08 09:03:13.971689,Berlin-6be7,25,76,Normal
2026-02-08 09:03:14.971689,Berlin-6be7,46,72,Normal
2026-02-08 09:03:15.971689,Berlin-6be7,-11,89,Normal
2026-02-08 09:03:16.971689,Berlin-6be7,25,6,Normal
2026-02-08 09:03:17.971689,Berlin-6be7,14,70,Normal
2026-02-08 09:03:18.971689,Berlin-6be7,-18,70,Normal
2026-02-08 09:03:19.971689,Berlin-6be7,15,39,Normal
2026-02-08 09:03:20.971689,Berlin-6be7,-8,4,Normal
2026-02-08 09:03:21.971689,Berlin-6be7,22,67,Normal
2026-02-08 09:03:22.971689,Berlin-6be7,-22,50,Normal
2026-02-08 09:03:23.971689,Berlin-6be7,2,23,Normal
2026-02-08 09:03:24.971689,Berlin-6be7,9,40,Normal
2026-02-08 09:03:25.971689,Berlin-6be7,19,80,Normal
2026-02-08 09:03:26.971689,Berlin-6be7,49,55,Normal
2026-02-08 09:03:27.971689,Berlin-6be7,29,56,Normal
2026-02-08 09:03:28.971689,Berlin-6be7,48,32,Normal
2026-02-08 09:03:29.971689,Berlin-6be7,2,47,Normal
2026-02-08 09:03:30.971689,Berlin-6be7,32,38,Normal
2026-02-08 09:03:31.971689,Berlin-6be7,-4,87,Normal
2026-02-08 09:03:32.971689,Berlin-6be7,8,54,Normal
2026-02-08 09:03:33.971689,Berlin-6be7,49,3,Normal
2026-02-08 09:03:34.971689,Berlin-6be7,-14,55,Normal
2026-02-08 09:03:35.971689,Berlin-6be7,32,7,Normal
2026-02-08 09:03:36.971689,Berlin-6be7,28,49,Normal
2026-02-08 09:03:37.971689,Berlin-6be7,-10,77,Normal
2026-02-08 09:03:38.971689,Berlin-6be7,42,90,Normal
2026-02-08 09:03:39.971689,Berlin-6be7,1,93,Normal
2026-02-08 09:03:40.971689,Berlin-6be7,-10,2,Normal
2026-02-08 09:03:41.971689,Berlin-6be7,16,62,Normal
2026-02-08 09:03:42.971689,Berlin-6be7,32,10,Normal
2026-02-08 09:03:43.971689,Berlin-6be7,33,26,Normal
2026-02-08 09:03:44.971689,Berlin-6be7,19,65,Normal
2026-02-08 09:03:45.971689,Berlin-6be7,-17,80,Normal
2026-02-08 09:03:46.971689,Berlin-6be7,-13,52,Normal
2026-02-08 09:03:47.971689,Berlin-6be7,-4,68,Normal
2026-02-08 09:03:48.971689,Berlin-6be7,-6,65,Normal
2026-02-08 09:03:49.971689,Berlin-6be7,10,55,Normal
2026-02-08 09:03:50.971689,Berlin-6be7,47,84,Normal
2026-02-08 09:03:51.971689,Berlin-6be7,12,85,Normal
2026-02-08 09:03:52.971689,Berlin-6be7,14,97,Normal
2026-02-08 09:03:53.971689,Berlin-6be7,-14,66,Normal
2026-02-08 09:03:54.971689,Berlin-6be7,17,56,Normal
2026-02-08 09:03:55.971689,Berlin-6be7,-7,11,Normal
2026-02-08 09:03:56.971689,Berlin-6be7,3,54,Normal
2026-02-08 09:03:57.971689,Berlin-6be7,-29,80,Normal
2026-02-08 09:03:58.971689,Berlin-6be7,5,7,Normal
2026-02-08 09:03:59.971689,Berlin-6be7,9,74,Normal
2026-02-08 09:04:00.971689,Berlin-6be7,36,96,Normal
2026-02-08 09:04:01.971689,Berlin-6be7,-22,90,Normal
2026-02-08 09:04:02.971689,Berlin-6be7,-19,89,Normal
2026-02-08 09:04:03.971689,Berlin-6be7,47,32,Normal
2026-02-08 09:04:04.971689,Berlin-6be7,23,49,Normal
2026-02-08 09:04:05.971689,Berlin-6be7,-24,4,Normal
2026-02-08 09:04:06.971689,Berlin-6be7,6,71,Normal
2026-02-08 09:04:07.971689,Berlin-6be7,-19,36,Normal
2026-02-08 09:04:08.971689,Berlin-6be7,-5,34,Normal
2026-02-08 09:04:09.971689,Berlin-6be7,4,40,Normal
2026-02-08 09:04:10.971689,Berlin-6be7,13,27,Normal
2026-02-08 09:04:11.971689,Berlin-6be7,43,25,Normal
2026-02-08 09:04:12.971689,Berlin-6be7,45,90,Normal
2026-02-08 09:04:13.971689,Berlin-6be7,41,35,Normal
2026-02-08 09:04:14.971689,Berlin-6be7,-10,71,Normal
2026-02-08 09:04:15.971689,Berlin-6be7,5,44,Normal
2026-02-08 09:04:16.971689,Berlin-6be7,-20,33,Normal
2026-02-08 09:04:17.971689,Berlin-6be7,20,67,Normal
2026-02-08 09:04:18.971689,Berlin-6be7,40,36,Normal
2026-02-08 09:04:19.971689,Berlin-6be7,29,52,Normal
2026-02-08 09:04:20.971689,Berlin-6be7,6,12,Normal
2026-02-08 09:04:21.971689,Berlin-6be7,-3,68,Normal
2026-02-08 09:04:22.971689,Berlin-6be7,17,73,Normal
2026-02-08 09:04:23.971689,Berlin-6be7,35,86,Normal
2026-02-08 09:04:24.971689,Berlin-6be7,2,29,Normal
2026-02-08 09:04:25.971689,Berlin-6be7,35,38,Normal
2026-02-08 09:04:26.971689,Berlin-6be7,8,24,Normal
2026-02-08 09:04:27.971689,Berlin-6be7,-10,46,Normal
2026-02-08 09:04:28.971689,Berlin-6be7,-18,49,Normal
2026-02-08 09:04:29.971689,Berlin-6be7,-11,30,Normal
2026-02-08 09:04:30.971689,Berlin-6be7,45,76,Normal
2026-02-08 09:04:31.971689,Berlin-6be7,-28,75,Normal
2026-02-08 09:04:32.971689,Berlin-6be7,3,91,Normal
2026-02-08 09:04:33.971689,Berlin-6be7,46,59,Normal
2026-02-08 09:04:34.971689,Berlin-6be7,-13,1,Normal
2026-02-08 09:04:35.971689,Berlin-6be7,-10,36,Normal
2026-02-08 09:04:36.971689,Berlin-6be7,14,64,Normal
2026-02-08 09:04:37.971689,Berlin-6be7,49,22,Normal
2026-02-08 09:04:38.971689,Berlin-6be7,-2,74,Normal
2026-02-08 09:04:39.971689,Berlin-6be7,0,59,Normal
2026-02-08 09:04:40.971689,Berlin-6be7,-17,80,Normal
2026-02-08 09:04:41.971689,Berlin-6be7,-21,67,Normal
2026-02-08 09:04:42.971689,Berlin-6be7,-1,15,Normal
2026-02-08 09:04:43.971689,Berlin-6be7,30,97,Normal
2026-02-08 09:04:44.971689,Berlin-6be7,-26,65,Normal
2026-02-08 09:04:45.971689,Berlin-6be7,11,66,Normal
2026-02-08 09:04:46.971689,Berlin-6be7,29,13,Normal
2026-02-08 09:04:47.971689,Berlin-6be7,27,44,Normal
2026-02-08 09:04:48.971689,Berlin-6be7,47,3,Normal
2026-02-08 09:04:49.971689,Berlin-6be7,12,28,Normal
2026-02-08 09:04:50.971689,Berlin-6be7,-1,31,Normal
2026-02-08 09:04:51.971689,Berlin-6be7,-19,41,Normal
2026-02-08 09:04:52.971689,Berlin-6be7,45,92,Normal
2026-02-08 09:04:53.971689,Berlin-6be7,-12,80,Normal
2026-02-08 09:04:54.971689,Berlin-6be7,-7,47,Normal
2026-02-08 09:04:55.971689,Berlin-6be7,32,31,Normal
2026-02-08 09:04:56.971689,Berlin-6be7,11,67,Normal
2026-02-08 09:04:57.971689,Berlin-6be7,16,92,Normal
2026-02-08 09:04:58.971689,Berlin-6be7,50,3,Normal
2026-02-08 09:04:59.971689,Berlin-6be7,42,2,Normal
2026-02-08 09:05:00.971689,Berlin-6be7,45,20,Normal
2026-02-08 09:05:01.971689,Berlin-6be7,43,63,Normal
2026-02-08 09:05:02.971689,Berlin-6be7,-4,1,Normal
2026-02-08 09:05:03.971689,Berlin-6be7,2,1,Normal
2026-02-08 09:05:04.971689,Berlin-6be7,48,87,Normal
2026-02-08 09:05:05.971689,Berlin-6be7,38,36,Normal
2026-02-08 09:05:06.971689,Berlin-6be7,48,63,Normal
2026-02-08 09:05:07.971689,Berlin-6be7,14,54,Normal
2026-02-08 09:05:08.971689,Berlin-6be7,-2,68,Normal
2026-02-08 09:05:09.971689,Berlin-6be7,-28,46,Normal
2026-02-08 09:05:10.971689,Berlin-6be7,50,66,Normal
2026-02-08 09:05:11.971689,Berlin-6be7,-1,87,Normal
2026-02-08 09:05:12.971689,Berlin-6be7,32,11,Normal
2026-02-08 09:05:13.971689,Berlin-6be7,37,64,Normal
2026-02-08 09:05:14.971689,Berlin-6be7,21,45,Normal
2026-02-08 09:05:15.971689,Berlin-6be7,-18,70,Normal
2026-02-08 09:05:16.971689,Berlin-6be7,-27,67,Normal
2026-02-08 09:05:17.971689,Berlin-6be7,50,10,Normal
2026-02-08 09:05:18.971689,Berlin-6be7,27,68,Normal
2026-02-08 09:05:19.971689,Berlin-6be7,42,57,Normal
2026-02-08 09:05:20.971689,Berlin-6be7,-6,95,Normal
2026-02-08 09:05:21.971689,Berlin-6be7,49,1,Normal
2026-02-08 09:05:22.971689,Berlin-6be7,-14,38,Normal
2026-02-08 09:05:23.971689,Berlin-6be7,12,87,Normal
2026-02-08 09:05:24.971689,Berlin-6be7,12,5,Normal
2026-02-08 09:05:25.971689,Berlin-6be7,-27,74,Normal
2026-02-08 09:05:26.971689,Berlin-6be7,12,75,Normal
2026-02-08 09:05:27.971689,Berlin-6be7,-19,33,Normal
2026-02-08 09:05:28.971689,Berlin-6be7,44,41,Normal
2026-02-08 09:05:29.971689,Berlin-6be7,18,65,Normal
2026-02-08 09:05:30.971689,Berlin-6be7,-9,66,Normal
2026-02-08 09:05:31.971689,Berlin-6be7,47,66,Normal
2026-02-08 09:05:32.971689,Berlin-6be7,-12,2,Normal
2026-02-08 09:05:33.971689,Berlin-6be7,-24,81,Normal
2026-02-08 09:05:34.971689,Berlin-6be7,1,23,Normal
2026-02-08 09:05:35.971689,Berlin-6be7,-6,20,Normal
2026-02-08 09:05:36.971689,Berlin-6be7,-26,8,Normal
2026-02-08 09:05:37.971689,Berlin-6be7,-23,92,Normal
2026-02-08 09:05:38.971689,Berlin-6be7,33,78,Normal
2026-02-08 09:05:39.971689,Berlin-6be7,41,9,Normal
2026-02-08 09:05:40.971689,Berlin-6be7,0,37,Normal
2026-02-08 09:05:41.971689,Berlin-6be7,16,48,Normal
2026-02-08 09:05:42.971689,Berlin-6be7,-20,50,Normal
2026-02-08 09:05:43.971689,Berlin-6be7,-1,80,Normal
2026-02-08 09:05:44.971689,Berlin-6be7,49,33,Normal
2026-02-08 09:05:45.971689,Berlin-6be7,-28,56,Normal
2026-02-08 09:05:46.971689,Berlin-6be7,21,8,Normal
2026-02-08 09:05:47.971689,Berlin-6be7,-12,95,Normal
2026-02-08 09:05:48.971689,Berlin-6be7,-12,86,Normal
2026-02-08 09:05:49.971689,Berlin-6be7,17,72,Normal
2026-02-08 09:05:50.971689,Berlin-6be7,25,27,Normal
2026-02-08 09:05:51.971689,Berlin-6be7,-2,9,Normal
2026-02-08 09:05:52.971689,Berlin-6be7,5,84,Normal
2026-02-08 09:05:53.971689,Berlin-6be7,45,96,Normal
2026-02-08 09:05:54.971689,Berlin-6be7,39,64,Normal
2026-02-08 09:05:55.971689,Berlin-6be7,20,53,Normal
2026-02-08 09:05:56.971689,Berlin-6be7,26,83,Normal
2026-02-08 09:05:57.971689,Berlin-6be7,-25,16,Normal
2026-02-08 09:05:58.971689,Berlin-6be7,9,42,Normal
2026-02-08 09:05:59.971689,Berlin-6be7,-17,68,Normal
2026-02-08 09:06:00.971689,Berlin-6be7,38,87,Normal
2026-02-08 09:06:01.971689,Berlin-6be7,45,6,Normal
2026-02-08 09:06:02.971689,Berlin-6be7,3,3,Normal
2026-02-08 09:06:03.971689,Berlin-6be7,-21,85,Normal
2026-02-08 09:06:04.971689,Berlin-6be7,-7,92,Normal
2026-02-08 09:06:05.971689,Berlin-6be7,48,56,Normal
2026-02-08 09:06:06.971689,Berlin-6be7,21,45,Normal
2026-02-08 09:06:07.971689,Berlin-6be7,16,69,Normal
2026-02-08 09:06:08.971689,Berlin-6be7,32,89,Normal
2026-02-08 09:06:09.971689,Berlin-6be7,48,98,Normal
2026-02-08 09:06:10.971689,Berlin-6be7,37,37,Normal
2026-02-08 09:06:11.971689,Berlin-6be7,11,69,Normal
2026-02-08 09:06:12.971689,Berlin-6be7,27,74,Normal
2026-02-08 09:06:13.971689,Berlin-6be7,38,69,Normal
2026-02-08 09:06:14.971689,Berlin-6be7,-19,39,Normal
2026-02-08 09:06:15.971689,Berlin-6be7,49,10,Normal
2026-02-08 09:06:16.971689,Berlin-6be7,-13,71,Normal
2026-02-08 09:06:17.971689,Berlin-6be7,5,18,Normal
2026-02-08 09:06:18.971689,Berlin-6be7,32,40,Normal
2026-02-08 09:06:19.971689,Berlin-6be7,0,14,Normal
2026-02-08 09:06:20.971689,Berlin-6be7,49,14,Normal
2026-02-08 09:06:21.971689,Berlin-6be7,-30,69,Normal
2026-02-08 09:06:22.971689,Berlin-6be7,14,0,Normal
2026-02-08 09:06:23.971689,Berlin-6be7,26,3,Normal
2026-02-08 09:06:24.971689,Berlin-6be7,-27,42,Normal
2026-02-08 09:06:25.971689,Berlin-6be7,41,60,Normal
2026-02-08 09:06:26.971689,Berlin-6be7,-18,28,Normal
2026-02-08 09:06:27.971689,Berlin-6be7,26,96,Normal
2026-02-08 09:06:28.971689,Berlin-6be7,9,14,Normal
2026-02-08 09:06:29.971689,Berlin-6be7,49,37,Normal
2026-02-08 09:06:30.971689,Berlin-6be7,19,30,Normal
2026-02-08 09:06:31.971689,Berlin-6be7,-22,48,Normal
2026-02-08 09:06:32.971689,Berlin-6be7,7,41,Normal
2026-02-08 09:06:33.971689,Berlin-6be7,34,2,Normal
2026-02-08 09:06:34.971689,Berlin-6be7,14,85,Normal
2026-02-08 09:06:35.971689,Berlin-6be7,49,3,Normal
2026-02-08 09:06:36.971689,Berlin-6be7,45,87,Normal
2026-02-08 09:06:37.971689,Berlin-6be7,12,62,Normal
2026-02-08 09:06:38.971689,Berlin-6be7,40,33,Normal
2026-02-08 09:06:39.971689,Berlin-6be7,1,36,Normal
2026-02-08 09:06:40.971689,Berlin-6be7,7,7,Normal
2026-02-08 09:06:41.971689,Berlin-6be7,6,8,Normal
2026-02-08 09:06:42.971689,Berlin-6be7,38,74,Normal
2026-02-08 09:06:43.971689,Berlin-6be7,39,1,Normal
2026-02-08 09:06:44.971689,Berlin-6be7,12,81,Normal
2026-02-08 09:06:45.971689,Berlin-6be7,10,8,Normal
2026-02-08 09:06:46.971689,Berlin-6be7,27,44,Normal
2026-02-08 09:06:47.971689,Berlin-6be7,29,75,Normal
2026-02-08 09:06:48.971689,Berlin-6be7,14,28,Normal
2026-02-08 09:06:49.971689,Berlin-6be7,-25,27,Normal
2026-02-08 09:06:50.971689,Berlin-6be7,-25,14,Normal
2026-02-08 09:06:51.971689,Berlin-6be7,9,22,Normal
2026-02-08 09:06:52.971689,Berlin-6be7,50,50,Normal
2026-02-08 09:06:53.971689,Berlin-6be7,-25,2,Normal
2026-02-08 09:06:54.971689,Berlin-6be7,0,41,Normal
2026-02-08 09:06:55.971689,Berlin-6be7,-22,18,Normal
2026-02-08 09:06:56.971689,Berlin-6be7,-11,52,Normal
2026-02-08 09:06:57.971689,Berlin-6be7,43,61,Normal
2026-02-08 09:06:58.971689,Berlin-6be7,-11,82,Normal
2026-02-08 09:06:59.971689,Berlin-6be7,40,90,Normal
2026-02-08 09:07:00.971689,Berlin-6be7,48,92,Normal
2026-02-08 09:07:01.971689,Berlin-6be7,-12,54,Normal
2026-02-08 09:07:02.971689,Berlin-6be7,9,26,Normal
2026-02-08 09:07:03.971689,Berlin-6be7,43,38,Normal
2026-02-08 09:07:04.971689,Berlin-6be7,-27,15,Normal
2026-02-08 09:07:05.971689,Berlin-6be7,20,76,Normal
2026-02-08 09:07:06.971689,Berlin-6be7,-17,54,Normal
2026-02-08 09:07:07.971689,Berlin-6be7,24,56,Normal
2026-02-08 09:07:08.971689,Berlin-6be7,39,98,Normal
2026-02-08 09:07:09.971689,Berlin-6be7,-30,51,Normal
2026-02-08 09:07:10.971689,Berlin-6be7,-24,65,Normal
2026-02-08 09:07:11.971689,Berlin-6be7,13,27,Normal
2026-02-08 09:07:12.971689,Berlin-6be7,-7,64,Normal
2026-02-08 09:07:13.971689,Berlin-6be7,-6,52,Normal
2026-02-08 09:07:14.971689,Berlin-6be7,-1,29,Normal
2026-02-08 09:07:15.971689,Berlin-6be7,48,98,Normal
2026-02-08 09:07:16.971689,Berlin-6be7,-3,44,Normal
2026-02-08 09:07:17.971689,Berlin-6be7,13,67,Normal
2026-02-08 09:07:18.971689,Berlin-6be7,-16,76,Normal
2026-02-08 09:07:19.971689,Berlin-6be7,31,12,Normal
2026-02-08 09:07:20.971689,Berlin-6be7,-20,20,Normal
2026-02-08 09:07:21.971689,Berlin-6be7,2,19,Normal
2026-02-08 09:07:22.971689,Berlin-6be7,5,77,Normal
2026-02-08 09:07:23.971689,Berlin-6be7,-6,15,Normal
2026-02-08 09:07:24.971689,Berlin-6be7,-14,65,Normal
2026-02-08 09:07:25.971689,Berlin-6be7,-2,72,Normal
2026-02-08 09:07:26.971689,Berlin-6be7,-7,89,Normal
2026-02-08 09:07:27.971689,Berlin-6be7,-8,65,Normal
2026-02-08 09:07:28.971689,Berlin-6be7,-16,89,Normal
2026-02-08 09:07:29.971689,Berlin-6be7,-6,29,Normal
2026-02-08 09:07:30.971689,Berlin-6be7,7,2,Normal
2026-02-08 09:07:31.971689,Berlin-6be7,26,55,Normal
2026-02-08 09:07:32.971689,Berlin-6be7,-3,48,Normal
2026-02-08 09:07:33.971689,Berlin-6be7,-24,1,Normal
2026-02-08 09:07:34.971689,Berlin-6be7,10,12,Normal
2026-02-08 09:07:35.971689,Berlin-6be7,39,98,Normal
2026-02-08 09:07:36.971689,Berlin-6be7,21,22,Normal
2026-02-08 09:07:37.971689,Berlin-6be7,36,96,Normal
2026-02-08 09:07:38.971689,Berlin-6be7,-4,25,Normal
2026-02-08 09:07:39.971689,Berlin-6be7,24,73,Normal
2026-02-08 09:07:40.971689,Berlin-6be7,11,14,Normal
2026-02-08 09:07:41.971689,Berlin-6be7,-17,63,Normal
2026-02-08 09:07:42.971689,Berlin-6be7,18,45,Normal
2026-02-08 09:07:43.971689,Berlin-6be7,29,1,Normal
2026-02-08 09:07:44.971689,Berlin-6be7,29,47,Normal
2026-02-08 09:07:45.971689,Berlin-6be7,36,15,Normal
2026-02-08 09:07:46.971689,Berlin-6be7,-16,32,Normal
2026-02-08 09:07:47.971689,Berlin-6be7,11,53,Normal
2026-02-08 09:07:48.971689,Berlin-6be7,49,4,Normal
2026-02-08 09:07:49.971689,Berlin-6be7,-7,93,Normal
2026-02-08 09:07:50.971689,Berlin-6be7,0,16,Normal
2026-02-08 09:07:51.971689,Berlin-6be7,10,83,Normal
2026-02-08 09:07:52.971689,Berlin-6be7,-22,74,Normal
2026-02-08 09:07:53.971689,Berlin-6be7,-26,99,Normal
2026-02-08 09:07:54.971689,Berlin-6be7,25,80,Normal
2026-02-08 09:07:55.971689,Berlin-6be7,-3,76,Normal
2026-02-08 09:07:56.971689,Berlin-6be7,24,39,Normal
2026-02-08 09:07:57.971689,Berlin-6be7,-24,70,Normal
2026-02-08 09:07:58.971689,Berlin-6be7,33,12,Normal
2026-02-08 09:07:59.971689,Berlin-6be7,-10,56,Normal
2026-02-08 09:08:00.971689,Berlin-6be7,-18,24,Normal
2026-02-08 09:08:01.971689,Berlin-6be7,-19,75,Normal
2026-02-08 09:08:02.971689,Berlin-6be7,-22,17,Normal
2026-02-08 09:08:03.971689,Berlin-6be7,26,64,Normal
2026-02-08 09:08:04.971689,Berlin-6be7,41,36,Normal
2026-02-08 09:08:05.971689,Berlin-6be7,28,41,Normal
2026-02-08 09:08:06.971689,Berlin-6be7,-14,71,Normal
2026-02-08 09:08:07.971689,Berlin-6be7,9,4,Normal
2026-02-08 09:08:08.971689,Berlin-6be7,10,89,Normal
2026-02-08 09:08:09.971689,Berlin-6be7,34,34,Normal
2026-02-08 09:08:10.971689,Berlin-6be7,20,75,Normal
2026-02-08 09:08:11.971689,Berlin-6be7,12,55,Normal
2026-02-08 09:08:12.971689,Berlin-6be7,34,85,Normal
2026-02-08 09:08:13.971689,Berlin-6be7,-26,8,Normal
2026-02-08 09:08:14.971689,Berlin-6be7,-8,37,Normal
2026-02-08 09:08:15.971689,Berlin-6be7,-17,13,Normal
2026-02-08 09:08:16.971689,Berlin-6be7,47,11,Normal
2026-02-08 09:08:17.971689,Berlin-6be7,17,62,Normal
2026-02-08 09:08:18.971689,Berlin-6be7,-1,62,Normal
2026-02-08 09:08:19.971689,Berlin-6be7,-30,50,Normal
2026-02-08 09:08:20.971689,Berlin-6be7,33,59,Normal
2026-02-08 09:08:21.971689,Berlin-6be7,-3,61,Normal
2026-02-08 09:08:22.971689,Berlin-6be7,26,75,Normal
2026-02-08 09:08:23.971689,Berlin-6be7,-13,36,Normal
2026-02-08 09:08:24.971689,Berlin-6be7,39,4,Normal
2026-02-08 09:08:25.971689,Berlin-6be7,29,16,Normal
2026-02-08 09:08:26.971689,Berlin-6be7,3,23,Normal
2026-02-08 09:08:27.971689,Berlin-6be7,-14,25,Normal
2026-02-08 09:08:28.971689,Berlin-6be7,10,6,Normal
2026-02-08 09:08:29.971689,Berlin-6be7,4,22,Normal
2026-02-08 09:08:30.971689,Berlin-6be7,-2,43,Normal
2026-02-08 09:08:31.971689,Berlin-6be7,-12,41,Normal
2026-02-08 09:08:32.971689,Berlin-6be7,32,32,Normal
2026-02-08 09:08:33.971689,Berlin-6be7,28,81,Normal
2026-02-08 09:08:34.971689,Berlin-6be7,32,79,Normal
2026-02-08 09:08:35.971689,Berlin-6be7,16,7,Normal
2026-02-08 09:08:36.971689,Berlin-6be7,49,90,Normal
2026-02-08 09:08:37.971689,Berlin-6be7,21,46,Normal
2026-02-08 09:08:38.971689,Berlin-6be7,20,99,Normal
2026-02-08 09:08:39.971689,Berlin-6be7,-12,68,Normal
2026-02-08 09:08:40.971689,Berlin-6be7,48,33,Normal
2026-02-08 09:08:41.971689,Berlin-6be7,45,91,Normal
2026-02-08 09:08:42.971689,Berlin-6be7,47,89,Normal
2026-02-08 09:08:43.971689,Berlin-6be7,-8,60,Normal
2026-02-08 09:08:44.971689,Berlin-6be7,10,31,Normal
2026-02-08 09:08:45.971689,Berlin-6be7,23,49,Normal
2026-02-08 09:08:46.971689,Berlin-6be7,40,98,Normal
2026-02-08 09:08:47.971689,Berlin-6be7,48,20,Normal
2026-02-08 09:08:48.971689,Berlin-6be7,50,9,Normal
2026-02-08 09:08:49.971689,Berlin-6be7,1,46,Normal
2026-02-08 09:08:50.971689,Berlin-6be7,40,29,Normal
2026-02-08 09:08:51.971689,Berlin-6be7,-1,43,Normal
2026-02-08 09:08:52.971689,Berlin-6be7,-26,100,Normal
2026-02-08 09:08:53.971689,Berlin-6be7,-3,71,Normal
2026-02-08 09:08:54.971689,Berlin-6be7,-18,60,Normal
2026-02-08 09:08:55.971689,Berlin-6be7,27,52,Normal
2026-02-08 09:08:56.971689,Berlin-6be7,-9,0,Normal
2026-02-08 09:08:57.971689,Berlin-6be7,39,54,Normal
2026-02-08 09:08:58.971689,Berlin-6be7,34,76,Normal
2026-02-08 09:08:59.971689,Berlin-6be7,-17,84,Normal
2026-02-08 09:09:00.971689,Berlin-6be7,4,34,Normal
2026-02-08 09:09:01.971689,Berlin-6be7,-15,30,Normal
2026-02-08 09:09:02.971689,Berlin-6be7,-23,93,Normal
2026-02-08 09:09:03.971689,Berlin-6be7,-18,68,Normal
2026-02-08 09:09:04.971689,Berlin-6be7,43,37,Normal
2026-02-08 09:09:05.971689,Berlin-6be7,15,35,Normal
2026-02-08 09:09:06.971689,Berlin-6be7,12,9,Normal
2026-02-08 09:09:07.971689,Berlin-6be7,9,82,Normal
2026-02-08 09:09:08.971689,Berlin-6be7,38,43,Normal
2026-02-08 09:09:09.971689,Berlin-6be7,15,33,Normal
2026-02-08 09:09:10.971689,Berlin-6be7,3,97,Normal
2026-02-08 09:09:11.971689,Berlin-6be7,-26,63,Normal
2026-02-08 09:09:12.971689,Berlin-6be7,-11,8,Normal
2026-02-08 09:09:13.971689,Berlin-6be7,28,40,Normal
2026-02-08 09:09:14.971689,Berlin-6be7,44,98,Normal
2026-02-08 09:09:15.971689,Berlin-6be7,35,21,Normal
2026-02-08 09:09:16.971689,Berlin-6be7,33,70,Normal
2026-02-08 09:09:17.971689,Berlin-6be7,48,59,Normal
2026-02-08 09:09:18.971689,Berlin-6be7,10,10,Normal
2026-02-08 09:09:19.971689,Berlin-6be7,-18,8,Normal
2026-02-08 09:09:20.971689,Berlin-6be7,-12,81,Normal
2026-02-08 09:09:21.971689,Berlin-6be7,34,1,Normal
2026-02-08 09:09:22.971689,Berlin-6be7,6,74,Normal
2026-02-08 09:09:23.971689,Berlin-6be7,28,31,Normal
2026-02-08 09:09:24.971689,Berlin-6be7,-29,93,Normal
2026-02-08 09:09:25.971689,Berlin-6be7,42,79,Normal
2026-02-08 09:09:26.971689,Berlin-6be7,-24,79,Normal
2026-02-08 09:09:27.971689,Berlin-6be7,-10,31,Normal
2026-02-08 09:09:28.971689,Berlin-6be7,49,27,Normal
2026-02-08 09:09:29.971689,Berlin-6be7,48,54,Normal
2026-02-08 09:09:30.971689,Berlin-6be7,-12,18,Normal
2026-02-08 09:09:31.971689,Berlin-6be7,34,12,Normal
2026-02-08 09:09:32.971689,Berlin-6be7,7,75,Normal
2026-02-08 09:09:33.971689,Berlin-6be7,0,39,Normal
2026-02-08 09:09:34.971689,Berlin-6be7,-3,94,Normal
2026-02-08 09:09:35.971689,Berlin-6be7,-10,30,Normal
2026-02-08 09:09:36.971689,Berlin-6be7,0,51,Normal
2026-02-08 09:09:37.971689,Berlin-6be7,1,78,Normal
2026-02-08 09:09:38.971689,Berlin-6be7,0,96,Normal
2026-02-08 09:09:39.971689,Berlin-6be7,-17,34,Normal
2026-02-08 09:09:40.971689,Berlin-6be7,-2,21,Normal
2026-02-08 09:09:41.971689,Berlin-6be7,15,38,Normal
2026-02-08 09:09:42.971689,Berlin-6be7,1,27,Normal
2026-02-08 09:09:43.971689,Berlin-6be7,-2,81,Normal
2026-02-08 09:09:44.971689,Berlin-6be7,-5,90,Normal
2026-02-08 09:09:45.971689,Berlin-6be7,-28,93,Normal
2026-02-08 09:09:46.971689,Berlin-6be7,37,9,Normal
2026-02-08 09:09:47.971689,Berlin-6be7,-5,38,Normal
2026-02-08 09:09:48.971689,Berlin-6be7,29,13,Normal
2026-02-08 09:09:49.971689,Berlin-6be7,-24,47,Normal
2026-02-08 09:09:50.971689,Berlin-6be7,2,24,Normal
2026-02-08 09:09:51.971689,Berlin-6be7,44,82,Normal
2026-02-08 09:09:52.971689,Berlin-6be7,-29,100,Normal
2026-02-08 09:09:53.971689,Berlin-6be7,-7,47,Normal
2026-02-08 09:09:54.971689,Berlin-6be7,-12,83,Normal
2026-02-08 09:09:55.971689,Berlin-6be7,37,19,Normal
2026-02-08 09:09:56.971689,Berlin-6be7,-25,29,Normal
2026-02-08 09:09:57.971689,Berlin-6be7,49,87,Normal
2026-02-08 09:09:58.971689,Berlin-6be7,3,73,Normal
2026-02-08 09:09:59.971689,Berlin-6be7,8,9,Normal
2026-02-08 09:10:00.971689,Berlin-6be7,-28,23,Normal
2026-02-08 09:10:01.971689,Berlin-6be7,17,73,Normal
2026-02-08 09:10:02.971689,Berlin-6be7,-19,72,Normal
2026-02-08 09:10:03.971689,Berlin-6be7,-21,100,Normal
2026-02-08 09:10:04.971689,Berlin-6be7,-18,10,Normal
2026-02-08 09:10:05.971689,Berlin-6be7,-21,47,Normal
2026-02-08 09:10:06.971689,Berlin-6be7,39,70,Normal
2026-02-08 09:10:07.971689,Berlin-6be7,50,25,Normal
2026-02-08 09:10:08.971689,Berlin-6be7,2,89,Normal
2026-02-08 09:10:09.971689,Berlin-6be7,46,99,Normal
2026-02-08 09:10:10.971689,Berlin-6be7,48,5,Normal
2026-02-08 09:10:11.971689,Berlin-6be7,31,61,Normal
2026-02-08 09:10:12.971689,Berlin-6be7,0,46,Normal
2026-02-08 09:10:13.971689,Berlin-6be7,14,98,Normal
2026-02-08 09:10:14.971689,Berlin-6be7,7,72,Normal
2026-02-08 09:10:15.971689,Berlin-6be7,18,19,Normal
2026-02-08 09:10:16.971689,Berlin-6be7,-29,73,Normal
2026-02-08 09:10:17.971689,Berlin-6be7,-15,69,Normal
2026-02-08 09:10:18.971689,Berlin-6be7,-14,34,Normal
2026-02-08 09:10:19.971689,Berlin-6be7,40,15,Normal
2026-02-08 09:10:20.971689,Berlin-6be7,37,2,Normal
2026-02-08 09:10:21.971689,Berlin-6be7,37,78,Normal
2026-02-08 09:10:22.971689,Berlin-6be7,3,58,Normal
2026-02-08 09:10:23.971689,Berlin-6be7,-22,70,Normal
2026-02-08 09:10:24.971689,Berlin-6be7,18,78,Normal
2026-02-08 09:10:25.971689,Berlin-6be7,-6,83,Normal
2026-02-08 09:10:26.971689,Berlin-6be7,35,62,Normal
2026-02-08 09:10:27.971689,Berlin-6be7,-1,18,Normal
2026-02-08 09:10:28.971689,Berlin-6be7,26,33,Normal
2026-02-08 09:10:29.971689,Berlin-6be7,40,35,Normal
2026-02-08 09:10:30.971689,Berlin-6be7,-17,81,Normal
2026-02-08 09:10:31.971689,Berlin-6be7,-27,52,Normal
2026-02-08 09:10:32.971689,Berlin-6be7,42,43,Normal
2026-02-08 09:10:33.971689,Berlin-6be7,7,15,Normal
2026-02-08 09:10:34.971689,Berlin-6be7,46,86,Normal
2026-02-08 09:10:35.971689,Berlin-6be7,38,57,Normal
2026-02-08 09:10:36.971689,Berlin-6be7,-27,20,Normal
2026-02-08 09:10:37.971689,Berlin-6be7,28,100,Normal
2026-02-08 09:10:38.971689,Berlin-6be7,28,26,Normal
2026-02-08 09:10:39.971689,Berlin-6be7,46,51,Normal
2026-02-08 09:10:40.971689,Berlin-6be7,36,75,Normal
2026-02-08 09:10:41.971689,Berlin-6be7,8,40,Normal
2026-02-08 09:10:42.971689,Berlin-6be7,45,80,Normal
2026-02-08 09:10:43.971689,Berlin-6be7,23,69,Normal
2026-02-08 09:10:44.971689,Berlin-6be7,4,79,Normal
2026-02-08 09:10:45.971689,Berlin-6be7,-11,5,Normal
2026-02-08 09:10:46.971689,Berlin-6be7,42,58,Normal
2026-02-08 09:10:47.971689,Berlin-6be7,28,16,Normal
2026-02-08 09:10:48.971689,Berlin-6be7,28,71,Normal
2026-02-08 09:10:49.971689,Berlin-6be7,-27,49,Normal
2026-02-08 09:10:50.971689,Berlin-6be7,-18,83,Normal
2026-02-08 09:10:51.971689,Berlin-6be7,33,82,Normal
2026-02-08 09:10:52.971689,Berlin-6be7,-10,41,Normal
2026-02-08 09:10:53.971689,Berlin-6be7,38,45,Normal
2026-02-08 09:10:54.971689,Berlin-6be7,6,25,Normal
2026-02-08 09:10:55.971689,Berlin-6be7,50,8,Normal
2026-02-08 09:10:56.971689,Berlin-6be7,11,67,Normal
2026-02-08 09:10:57.971689,Berlin-6be7,28,49,Normal
2026-02-08 09:10:58.971689,Berlin-6be7,-26,88,Normal
2026-02-08 09:10:59.971689,Berlin-6be7,32,56,Normal
2026-02-08 09:11:00.971689,Berlin-6be7,0,22,Normal
2026-02-08 09:11:01.971689,Berlin-6be7,-26,32,Normal
2026-02-08 09:11:02.971689,Berlin-6be7,26,70,Normal
2026-02-08 09:11:03.971689,Berlin-6be7,9,14,Normal
2026-02-08 09:11:04.971689,Berlin-6be7,-21,92,Normal
2026-02-08 09:11:05.971689,Berlin-6be7,-16,80,Normal
2026-02-08 09:11:06.971689,Berlin-6be7,-2,11,Normal
2026-02-08 09:11:07.971689,Berlin-6be7,-29,70,Normal
2026-02-08 09:11:08.971689,Berlin-6be7,30,42,Normal
2026-02-08 09:11:09.971689,Berlin-6be7,44,81,Normal
2026-02-08 09:11:10.971689,Berlin-6be7,44,27,Normal
2026-02-08 09:11:11.971689,Berlin-6be7,32,91,Normal
2026-02-08 09:11:12.971689,Berlin-6be7,13,72,Normal
2026-02-08 09:11:13.971689,Berlin-6be7,3,88,Normal
2026-02-08 09:11:14.971689,Berlin-6be7,25,62,Normal
2026-02-08 09:11:15.971689,Berlin-6be7,13,91,Normal
2026-02-08 09:11:16.971689,Berlin-6be7,29,20,Normal
2026-02-08 09:11:17.971689,Berlin-6be7,24,58,Normal
2026-02-08 09:11:18.971689,Berlin-6be7,-23,88,Normal
2026-02-08 09:11:19.971689,Berlin-6be7,44,94,Normal
2026-02-08 09:11:20.971689,Berlin-6be7,-12,86,Normal
2026-02-08 09:11:21.971689,Berlin-6be7,50,44,Normal
2026-02-08 09:11:22.971689,Berlin-6be7,49,29,Normal
2026-02-08 09:11:23.971689,Berlin-6be7,16,71,Normal
2026-02-08 09:11:24.971689,Berlin-6be7,1,4,Normal
2026-02-08 09:11:25.971689,Berlin-6be7,-29,24,Normal
2026-02-08 09:11:26.971689,Berlin-6be7,9,6,Normal
2026-02-08 09:11:27.971689,Berlin-6be7,41,7,Normal
2026-02-08 09:11:28.971689,Berlin-6be7,11,80,Normal
2026-02-08 09:11:29.971689,Berlin-6be7,43,42,Normal
2026-02-08 09:11:30.971689,Berlin-6be7,34,95,Normal
2026-02-08 09:11:31.971689,Berlin-6be7,-11,15,Normal
2026-02-08 09:11:32.971689,Berlin-6be7,7,85,Normal
2026-02-08 09:11:33.971689,Berlin-6be7,-20,11,Normal
2026-02-08 09:11:34.971689,Berlin-6be7,32,67,Normal
2026-02-08 09:11:35.971689,Berlin-6be7,-25,43,Normal
2026-02-08 09:11:36.971689,Berlin-6be7,3,3,Normal
2026-02-08 09:11:37.971689,Berlin-6be7,27,3,Normal
2026-02-08 09:11:38.971689,Berlin-6be7,48,73,Normal
2026-02-08 09:11:39.971689,Berlin-6be7,1,31,Normal
2026-02-08 09:11:40.971689,Berlin-6be7,41,54,Normal
2026-02-08 09:11:41.971689,Berlin-6be7,38,29,Normal
2026-02-08 09:11:42.971689,Berlin-6be7,8,88,Normal
2026-02-08 09:11:43.971689,Berlin-6be7,-19,27,Normal
2026-02-08 09:11:44.971689,Berlin-6be7,34,29,Normal
2026-02-08 09:11:45.971689,Berlin-6be7,36,38,Normal
2026-02-08 09:11:46.971689,Berlin-6be7,34,10,Normal
2026-02-08 09:11:47.971689,Berlin-6be7,35,89,Normal
2026-02-08 09:11:48.971689,Berlin-6be7,46,28,Normal
2026-02-08 09:11:49.971689,Berlin-6be7,-7,31,Normal
2026-02-08 09:11:50.971689,Berlin-6be7,40,29,Normal
2026-02-08 09:11:51.971689,Berlin-6be7,22,4,Normal
2026-02-08 09:11:52.971689,Berlin-6be7,21,44,Normal
2026-02-08 09:11:53.971689,Berlin-6be7,-4,98,Normal
2026-02-08 09:11:54.971689,Berlin-6be7,10,84,Normal
2026-02-08 09:11:55.971689,Berlin-6be7,27,62,Normal
2026-02-08 09:11:56.971689,Berlin-6be7,31,80,Normal
2026-02-08 09:11:57.971689,Berlin-6be7,-27,11,Normal
2026-02-08 09:11:58.971689,Berlin-6be7,44,86,Normal
2026-02-08 09:11:59.971689,Berlin-6be7,-7,88,Normal
2026-02-08 09:12:00.971689,Berlin-6be7,38,79,Normal
2026-02-08 09:12:01.971689,Berlin-6be7,43,54,Normal
2026-02-08 09:12:02.971689,Berlin-6be7,-15,27,Normal
2026-02-08 09:12:03.971689,Berlin-6be7,1,29,Normal
2026-02-08 09:12:04.971689,Berlin-6be7,17,64,Normal
2026-02-08 09:12:05.971689,Berlin-6be7,-13,48,Normal
2026-02-08 09:12:06.971689,Berlin-6be7,-6,91,Normal
2026-02-08 09:12:07.971689,Berlin-6be7,14,46,Normal
2026-02-08 09:12:08.971689,Berlin-6be7,-20,36,Normal
2026-02-08 09:12:09.971689,Berlin-6be7,26,42,Normal
2026-02-08 09:12:10.971689,Berlin-6be7,-22,24,Normal
2026-02-08 09:12:11.971689,Berlin-6be7,13,43,Normal
2026-02-08 09:12:12.971689,Berlin-6be7,35,61,Normal
2026-02-08 09:12:13.971689,Berlin-6be7,-10,69,Normal
2026-02-08 09:12:14.971689,Berlin-6be7,45,21,Normal
2026-02-08 09:12:15.971689,Berlin-6be7,18,100,Normal
2026-02-08 09:12:16.971689,Berlin-6be7,10,14,Normal
2026-02-08 09:12:17.971689,Berlin-6be7,44,68,Normal
2026-02-08 09:12:18.971689,Berlin-6be7,2,28,Normal
2026-02-08 09:12:19.971689,Berlin-6be7,-22,72,Normal
2026-02-08 09:12:20.971689,Berlin-6be7,37,65,Normal
2026-02-08 09:12:21.971689,Berlin-6be7,45,88,Normal
2026-02-08 09:12:22.971689,Berlin-6be7,38,0,Normal
2026-02-08 09:12:23.971689,Berlin-6be7,46,70,Normal
2026-02-08 09:12:24.971689,Berlin-6be7,16,94,Normal
2026-02-08 09:12:25.971689,Berlin-6be7,-5,34,Normal
2026-02-08 09:12:26.971689,Berlin-6be7,46,52,Normal
2026-02-08 09:12:27.971689,Berlin-6be7,-26,30,Normal
2026-02-08 09:12:28.971689,Berlin-6be7,36,14,Normal
2026-02-08 09:12:29.971689,Berlin-6be7,-25,76,Normal
2026-02-08 09:12:30.971689,Berlin-6be7,-4,33,Normal
2026-02-08 09:12:31.971689,Berlin-6be7,0,13,Normal
2026-02-08 09:12:32.971689,Berlin-6be7,15,25,Normal
2026-02-08 09:12:33.971689,Berlin-6be7,46,54,Normal
2026-02-08 09:12:34.971689,Berlin-6be7,6,96,Normal
2026-02-08 09:12:35.971689,Berlin-6be7,-1,95,Normal
2026-02-08 09:12:36.971689,Berlin-6be7,-17,4,Normal
2026-02-08 09:12:37.971689,Berlin-6be7,-29,18,Normal
2026-02-08 09:12:38.971689,Berlin-6be7,42,46,Normal
2026-02-08 09:12:39.971689,Berlin-6be7,17,62,Normal
2026-02-08 09:12:40.971689,Berlin-6be7,7,33,Normal
2026-02-08 09:12:41.971689,Berlin-6be7,34,71,Normal
2026-02-08 09:12:42.971689,Berlin-6be7,-14,95,Normal
2026-02-08 09:12:43.971689,Berlin-6be7,-4,15,Normal
2026-02-08 09:12:44.971689,Berlin-6be7,23,87,Normal
2026-02-08 09:12:45.971689,Berlin-6be7,5,23,Normal
2026-02-08 09:12:46.971689,Berlin-6be7,-7,83,Normal
2026-02-08 09:12:47.971689,Berlin-6be7,40,60,Normal
2026-02-08 09:12:48.971689,Berlin-6be7,9,71,Normal
2026-02-08 09:12:49.971689,Berlin-6be7,-5,89,Normal
2026-02-08 09:12:50.971689,Berlin-6be7,-1,68,Normal
2026-02-08 09:12:51.971689,Berlin-6be7,48,89,Normal
2026-02-08 09:12:52.971689,Berlin-6be7,29,52,Normal
2026-02-08 09:12:53.971689,Berlin-6be7,22,10,Normal
2026-02-08 09:12:54.971689,Berlin-6be7,-4,87,Normal
2026-02-08 09:12:55.971689,Berlin-6be7,0,11,Normal
2026-02-08 09:12:56.971689,Berlin-6be7,4,0,Normal
2026-02-08 09:12:57.971689,Berlin-6be7,-21,80,Normal
2026-02-08 09:12:58.971689,Berlin-6be7,-26,78,Normal
2026-02-08 09:12:59.971689,Berlin-6be7,43,81,Normal
2026-02-08 09:13:00.971689,Berlin-6be7,-18,53,Normal
2026-02-08 09:13:01.971689,Berlin-6be7,10,98,Normal
2026-02-08 09:13:02.971689,Berlin-6be7,4,71,Normal
2026-02-08 09:13:03.971689,Berlin-6be7,-12,91,Normal
2026-02-08 09:13:04.971689,Berlin-6be7,-3,48,Normal
2026-02-08 09:13:05.971689,Berlin-6be7,12,16,Normal
2026-02-08 09:13:06.971689,Berlin-6be7,-29,38,Normal
2026-02-08 09:13:07.971689,Berlin-6be7,-21,52,Normal
2026-02-08 09:13:08.971689,Berlin-6be7,24,58,Normal
2026-02-08 09:13:09.971689,Berlin-6be7,39,24,Normal
2026-02-08 09:13:10.971689,Berlin-6be7,-30,91,Normal
2026-02-08 09:13:11.971689,Berlin-6be7,36,44,Normal
2026-02-08 09:13:12.971689,Berlin-6be7,-30,76,Normal
2026-02-08 09:13:13.971689,Berlin-6be7,19,76,Normal
2026-02-08 09:13:14.971689,Berlin-6be7,-23,75,Normal
2026-02-08 09:13:15.971689,Berlin-6be7,-28,20,Normal
2026-02-08 09:13:16.971689,Berlin-6be7,42,30,Normal
2026-02-08 09:13:17.971689,Berlin-6be7,-5,10,Normal
2026-02-08 09:13:18.971689,Berlin-6be7,-15,96,Normal
2026-02-08 09:13:19.971689,Berlin-6be7,21,56,Normal
2026-02-08 09:13:20.971689,Berlin-6be7,46,100,Normal
2026-02-08 09:13:21.971689,Berlin-6be7,-24,72,Normal
2026-02-08 09:13:22.971689,Berlin-6be7,40,28,Normal
2026-02-08 09:13:23.971689,Berlin-6be7,-18,2,Normal
2026-02-08 09:13:24.971689,Berlin-6be7,-24,32,Normal
2026-02-08 09:13:25.971689,Berlin-6be7,-4,83,Normal
2026-02-08 09:13:26.971689,Berlin-6be7,-6,90,Normal
2026-02-08 09:13:27.971689,Berlin-6be7,3,86,Normal
2026-02-08 09:13:28.971689,Berlin-6be7,-13,52,Normal
2026-02-08 09:13:29.971689,Berlin-6be7,26,94,Normal
2026-02-08 09:13:30.971689,Berlin-6be7,31,29,Normal
2026-02-08 09:13:31.971689,Berlin-6be7,46,3,Normal
2026-02-08 09:13:32.971689,Berlin-6be7,44,10,Normal
2026-02-08 09:13:33.971689,Berlin-6be7,33,21,Normal
2026-02-08 09:13:34.971689,Berlin-6be7,37,0,Normal
2026-02-08 09:13:35.971689,Berlin-6be7,24,58,Normal
2026-02-08 09:13:36.971689,Berlin-6be7,-2,63,Normal
2026-02-08 09:13:37.971689,Berlin-6be7,35,12,Normal
2026-02-08 09:13:38.971689,Berlin-6be7,10,37,Normal
2026-02-08 09:13:39.971689,Berlin-6be7,17,68,Normal
2026-02-08 09:13:40.971689,Berlin-6be7,32,12,Normal
2026-02-08 09:13:41.971689,Berlin-6be7,33,58,Normal
2026-02-08 09:13:42.971689,Berlin-6be7,-1,28,Normal
2026-02-08 09:13:43.971689,Berlin-6be7,-3,2,Normal
2026-02-08 09:13:44.971689,Berlin-6be7,20,81,Normal
2026-02-08 09:13:45.971689,Berlin-6be7,28,46,Normal
2026-02-08 09:13:46.971689,Berlin-6be7,29,57,Normal
2026-02-08 09:13:47.971689,Berlin-6be7,37,41,Normal
2026-02-08 09:13:48.971689,Berlin-6be7,-9,56,Normal
2026-02-08 09:13:49.971689,Berlin-6be7,19,48,Normal
2026-02-08 09:13:50.971689,Berlin-6be7,-7,14,Normal
2026-02-08 09:13:51.971689,Berlin-6be7,50,64,Normal
2026-02-08 09:13:52.971689,Berlin-6be7,-28,57,Normal
2026-02-08 09:13:53.971689,Berlin-6be7,13,81,Normal
2026-02-08 09:13:54.971689,Berlin-6be7,-22,5,Normal
2026-02-08 09:13:55.971689,Berlin-6be7,11,55,Normal
2026-02-08 09:13:56.971689,Berlin-6be7,-10,50,Normal
2026-02-08 09:13:57.971689,Berlin-6be7,-21,1,Normal
2026-02-08 09:13:58.971689,Berlin-6be7,-3,8,Normal
2026-02-08 09:13:59.971689,Berlin-6be7,3,44,Normal
2026-02-08 09:14:00.971689,Berlin-6be7,-5,77,Normal
2026-02-08 09:14:01.971689,Berlin-6be7,18,74,Normal
2026-02-08 09:14:02.971689,Berlin-6be7,-5,50,Normal
2026-02-08 09:14:03.971689,Berlin-6be7,9,59,Normal
2026-02-08 09:14:04.971689,Berlin-6be7,24,51,Normal
2026-02-08 09:14:05.971689,Berlin-6be7,37,86,Normal
2026-02-08 09:14:06.971689,Berlin-6be7,-11,10,Normal
2026-02-08 09:14:07.971689,Berlin-6be7,-12,49,Normal
2026-02-08 09:14:08.971689,Berlin-6be7,40,12,Normal
2026-02-08 09:14:09.971689,Berlin-6be7,5,56,Normal
2026-02-08 09:14:10.971689,Berlin-6be7,-7,15,Normal
2026-02-08 09:14:11.971689,Berlin-6be7,3,35,Normal
2026-02-08 09:14:12.971689,Berlin-6be7,-14,66,Normal
2026-02-08 09:14:13.971689,Berlin-6be7,-27,76,Normal
2026-02-08 09:14:14.971689,Berlin-6be7,-2,89,Normal
2026-02-08 09:14:15.971689,Berlin-6be7,40,98,Normal
2026-02-08 09:14:16.971689,Berlin-6be7,38,66,Normal
2026-02-08 09:14:17.971689,Berlin-6be7,-14,45,Normal
2026-02-08 09:14:18.971689,Berlin-6be7,10,52,Normal
2026-02-08 09:14:19.971689,Berlin-6be7,-3,84,Normal
2026-02-08 09:14:20.971689,Berlin-6be7,14,8,Normal
2026-02-08 09:14:21.971689,Berlin-6be7,49,0,Normal
2026-02-08 09:14:22.971689,Berlin-6be7,7,57,Normal
2026-02-08 09:14:23.971689,Berlin-6be7,31,92,Normal
2026-02-08 09:14:24.971689,Berlin-6be7,-23,55,Normal
2026-02-08 09:14:25.971689,Berlin-6be7,37,80,Normal
2026-02-08 09:14:26.971689,Berlin-6be7,42,74,Normal
2026-02-08 09:14:27.971689,Berlin-6be7,15,50,Normal
2026-02-08 09:14:28.971689,Berlin-6be7,49,91,Normal
2026-02-08 09:14:29.971689,Berlin-6be7,20,46,Normal
2026-02-08 09:14:30.971689,Berlin-6be7,8,18,Normal
2026-02-08 09:14:31.971689,Berlin-6be7,47,74,Normal
2026-02-08 09:14:32.971689,Berlin-6be7,11,58,Normal
2026-02-08 09:14:33.971689,Berlin-6be7,19,48,Normal
2026-02-08 09:14:34.971689,Berlin-6be7,-3,95,Normal
2026-02-08 09:14:35.971689,Berlin-6be7,9,22,Normal
2026-02-08 09:14:36.971689,Berlin-6be7,18,73,Normal
2026-02-08 09:14:37.971689,Berlin-6be7,44,27,Normal
2026-02-08 09:14:38.971689,Berlin-6be7,2,5,Normal
2026-02-08 09:14:39.971689,Berlin-6be7,15,97,Normal
2026-02-08 09:14:40.971689,Berlin-6be7,37,21,Normal
2026-02-08 09:14:41.971689,Berlin-6be7,5,78,Normal
2026-02-08 09:14:42.971689,Berlin-6be7,23,33,Normal
2026-02-08 09:14:43.971689,Berlin-6be7,6,88,Normal
2026-02-08 09:14:44.971689,Berlin-6be7,42,26,Normal
2026-02-08 09:14:45.971689,Berlin-6be7,3,40,Normal
2026-02-08 09:14:46.971689,Berlin-6be7,24,55,Normal
2026-02-08 09:14:47.971689,Berlin-6be7,43,45,Normal
2026-02-08 09:14:48.971689,Berlin-6be7,8,17,Normal
2026-02-08 09:14:49.971689,Berlin-6be7,-26,88,Normal
2026-02-08 09:14:50.971689,Berlin-6be7,39,57,Normal
2026-02-08 09:14:51.971689,Berlin-6be7,48,93,Normal
2026-02-08 09:14:52.971689,Berlin-6be7,36,44,Normal
2026-02-08 09:14:53.971689,Berlin-6be7,25,57,Normal
2026-02-08 09:14:54.971689,Berlin-6be7,31,74,Normal
2026-02-08 09:14:55.971689,Berlin-6be7,20,88,Normal
2026-02-08 09:14:56.971689,Berlin-6be7,30,68,Normal
2026-02-08 09:14:57.971689,Berlin-6be7,16,16,Normal
2026-02-08 09:14:58.971689,Berlin-6be7,-2,63,Normal
2026-02-08 09:14:59.971689,Berlin-6be7,8,75,Normal
2026-02-08 09:15:00.971689,Berlin-6be7,8,75,Normal
2026-02-08 09:15:01.971689,Berlin-6be7,-17,21,Normal
2026-02-08 09:15:02.971689,Berlin-6be7,50,13,Normal
2026-02-08 09:15:03.971689,Berlin-6be7,19,21,Normal
2026-02-08 09:15:04.971689,Berlin-6be7,-4,77,Normal
2026-02-08 09:15:05.971689,Berlin-6be7,34,100,Normal
2026-02-08 09:15:06.971689,Berlin-6be7,29,86,Normal
2026-02-08 09:15:07.971689,Berlin-6be7,-29,69,Normal
2026-02-08 09:15:08.971689,Berlin-6be7,14,61,Normal
2026-02-08 09:15:09.971689,Berlin-6be7,-29,22,Normal
2026-02-08 09:15:10.971689,Berlin-6be7,26,84,Normal
2026-02-08 09:15:11.971689,Berlin-6be7,11,41,Normal
2026-02-08 09:15:12.971689,Berlin-6be7,-25,35,Normal
2026-02-08 09:15:13.971689,Berlin-6be7,2,100,Normal
2026-02-08 09:15:14.971689,Berlin-6be7,8,11,Normal
2026-02-08 09:15:15.971689,Berlin-6be7,46,61,Normal
2026-02-08 09:15:16.971689,Berlin-6be7,22,9,Normal
2026-02-08 09:15:17.971689,Berlin-6be7,21,59,Normal
2026-02-08 09:15:18.971689,Berlin-6be7,-16,77,Normal
2026-02-08 09:15:19.971689,Berlin-6be7,6,84,Normal
2026-02-08 09:15:20.971689,Berlin-6be7,-6,46,Normal
2026-02-08 09:15:21.971689,Berlin-6be7,36,9,Normal
2026-02-08 09:15:22.971689,Berlin-6be7,31,93,Normal
2026-02-08 09:15:23.971689,Berlin-6be7,-26,41,Normal
2026-02-08 09:15:24.971689,Berlin-6be7,-26,91,Normal
2026-02-08 09:15:25.971689,Berlin-6be7,0,84,Normal
2026-02-08 09:15:26.971689,Berlin-6be7,19,30,Normal
2026-02-08 09:15:27.971689,Berlin-6be7,43,89,Normal
2026-02-08 09:15:28.971689,Berlin-6be7,23,31,Normal
2026-02-08 09:15:29.971689,Berlin-6be7,40,12,Normal
2026-02-08 09:15:30.971689,Berlin-6be7,-4,16,Normal
2026-02-08 09:15:31.971689,Berlin-6be7,11,10,Normal
2026-02-08 09:15:32.971689,Berlin-6be7,10,37,Normal
2026-02-08 09:15:33.971689,Berlin-6be7,41,42,Normal
2026-02-08 09:15:34.971689,Berlin-6be7,49,34,Normal
2026-02-08 09:15:35.971689,Berlin-6be7,45,56,Normal
2026-02-08 09:15:36.971689,Berlin-6be7,-30,43,Normal
2026-02-08 09:15:37.971689,Berlin-6be7,34,36,Normal
2026-02-08 09:15:38.971689,Berlin-6be7,-2,94,Normal
2026-02-08 09:15:39.971689,Berlin-6be7,17,84,Normal
2026-02-08 09:15:40.971689,Berlin-6be7,-23,61,Normal
2026-02-08 09:15:41.971689,Berlin-6be7,23,56,Normal
2026-02-08 09:15:42.971689,Berlin-6be7,4,3,Normal
2026-02-08 09:15:43.971689,Berlin-6be7,35,55,Normal
2026-02-08 09:15:44.971689,Berlin-6be7,25,50,Normal
2026-02-08 09:15:45.971689,Berlin-6be7,19,79,Normal
2026-02-08 09:15:46.971689,Berlin-6be7,-5,37,Normal
2026-02-08 09:15:47.971689,Berlin-6be7,1,90,Normal
2026-02-08 09:15:48.971689,Berlin-6be7,23,32,Normal
2026-02-08 09:15:49.971689,Berlin-6be7,-13,93,Normal
2026-02-08 09:15:50.971689,Berlin-6be7,9,25,Normal
2026-02-08 09:15:51.971689,Berlin-6be7,43,8,Normal
2026-02-08 09:15:52.971689,Berlin-6be7,-27,13,Normal
2026-02-08 09:15:53.971689,Berlin-6be7,44,47,Normal
2026-02-08 09:15:54.971689,Berlin-6be7,8,20,Normal
2026-02-08 09:15:55.971689,Berlin-6be7,-21,70,Normal
2026-02-08 09:15:56.971689,Berlin-6be7,37,7,Normal
2026-02-08 09:15:57.971689,Berlin-6be7,14,4,Normal
2026-02-08 09:15:58.971689,Berlin-6be7,6,51,Normal
2026-02-08 09:15:59.971689,Berlin-6be7,45,57,Normal
2026-02-08 09:16:00.971689,Berlin-6be7,22,58,Normal
2026-02-08 09:16:01.971689,Berlin-6be7,14,90,Normal
2026-02-08 09:16:02.971689,Berlin-6be7,29,74,Normal
2026-02-08 09:16:03.971689,Berlin-6be7,34,52,Normal
2026-02-08 09:16:04.971689,Berlin-6be7,21,96,Normal
2026-02-08 09:16:05.971689,Berlin-6be7,2,69,Normal
2026-02-08 09:16:06.971689,Berlin-6be7,-6,100,Normal
2026-02-08 09:16:07.971689,Berlin-6be7,18,85,Normal
2026-02-08 09:16:08.971689,Berlin-6be7,-6,63,Normal
2026-02-08 09:16:09.971689,Berlin-6be7,1,87,Normal
2026-02-08 09:16:10.971689,Berlin-6be7,42,30,Normal
2026-02-08 09:16:11.971689,Berlin-6be7,28,96,Normal
2026-02-08 09:16:12.971689,Berlin-6be7,10,89,Normal
2026-02-08 09:16:13.971689,Berlin-6be7,8,33,Normal
2026-02-08 09:16:14.971689,Berlin-6be7,9,10,Normal
2026-02-08 09:16:15.971689,Berlin-6be7,-13,73,Normal
2026-02-08 09:16:16.971689,Berlin-6be7,-16,17,Normal
2026-02-08 09:16:17.971689,Berlin-6be7,41,16,Normal
2026-02-08 09:16:18.971689,Berlin-6be7,44,15,Normal
2026-02-08 09:16:19.971689,Berlin-6be7,6,42,Normal
2026-02-08 09:16:20.971689,Berlin-6be7,3,1,Normal
2026-02-08 09:16:21.971689,Berlin-6be7,12,21,Normal
2026-02-08 09:16:22.971689,Berlin-6be7,7,92,Normal
2026-02-08 09:16:23.971689,Berlin-6be7,33,100,Normal
2026-02-08 09:16:24.971689,Berlin-6be7,15,12,Normal
2026-02-08 09:16:25.971689,Berlin-6be7,37,62,Normal
2026-02-08 09:16:26.971689,Berlin-6be7,-23,94,Normal
2026-02-08 09:16:27.971689,Berlin-6be7,5,79,Normal
2026-02-08 09:16:28.971689,Berlin-6be7,34,82,Normal
2026-02-08 09:16:29.971689,Berlin-6be7,11,97,Normal
2026-02-08 09:16:30.971689,Berlin-6be7,0,2,Normal
2026-02-08 09:16:31.971689,Berlin-6be7,3,66,Normal
2026-02-08 09:16:32.971689,Berlin-6be7,32,50,Normal
2026-02-08 09:16:33.971689,Berlin-6be7,12,45,Normal
2026-02-08 09:16:34.971689,Berlin-6be7,-14,25,Normal
2026-02-08 09:16:35.971689,Berlin-6be7,-20,63,Normal
2026-02-08 09:16:36.971689,Berlin-6be7,-5,47,Normal
2026-02-08 09:16:37.971689,Berlin-6be7,42,94,Normal
2026-02-08 09:16:38.971689,Berlin-6be7,14,98,Normal
2026-02-08 09:16:39.971689,Berlin-6be7,17,66,Normal
2026-02-08 09:16:40.971689,Berlin-6be7,-30,40,Normal
2026-02-08 09:16:41.971689,Berlin-6be7,39,16,Normal
2026-02-08 09:16:42.971689,Berlin-6be7,-2,36,Normal
2026-02-08 09:16:43.971689,Berlin-6be7,21,2,Normal
2026-02-08 09:16:44.971689,Berlin-6be7,14,86,Normal
2026-02-08 09:16:45.971689,Berlin-6be7,41,66,Normal
2026-02-08 09:16:46.971689,Berlin-6be7,-20,38,Normal
2026-02-08 09:16:47.971689,Berlin-6be7,11,21,Normal
2026-02-08 09:16:48.971689,Berlin-6be7,18,43,Normal
2026-02-08 09:16:49.971689,Berlin-6be7,-7,31,Normal
2026-02-08 09:16:50.971689,Berlin-6be7,10,66,Normal
2026-02-08 09:16:51.971689,Berlin-6be7,33,61,Normal
2026-02-08 09:16:52.971689,Berlin-6be7,13,19,Normal
2026-02-08 09:16:53.971689,Berlin-6be7,44,57,Normal
2026-02-08 09:16:54.971689,Berlin-6be7,6,60,Normal
2026-02-08 09:16:55.971689,Berlin-6be7,-2,3,Normal
2026-02-08 09:16:56.971689,Berlin-6be7,12,21,Normal
2026-02-08 09:16:57.971689,Berlin-6be7,34,17,Normal
2026-02-08 09:16:58.971689,Berlin-6be7,10,0,Normal
2026-02-08 09:16:59.971689,Berlin-6be7,43,37,Normal
2026-02-08 09:17:00.971689,Berlin-6be7,-2,23,Normal
2026-02-08 09:17:01.971689,Berlin-6be7,-30,15,Normal
2026-02-08 09:17:02.971689,Berlin-6be7,-5,15,Normal
2026-02-08 09:17:03.971689,Berlin-6be7,-22,17,Normal
2026-02-08 09:17:04.971689,Berlin-6be7,-20,42,Normal
2026-02-08 09:17:05.971689,Berlin-6be7,9,94,Normal
2026-02-08 09:17:06.971689,Berlin-6be7,-6,2,Normal
2026-02-08 09:17:07.971689,Berlin-6be7,40,27,Normal
2026-02-08 09:17:08.971689,Berlin-6be7,16,99,Normal
2026-02-08 09:17:09.971689,Berlin-6be7,32,87,Normal
2026-02-08 09:17:10.971689,Berlin-6be7,11,91,Normal
2026-02-08 09:17:11.971689,Berlin-6be7,-4,9,Normal
2026-02-08 09:17:12.971689,Berlin-6be7,1,66,Normal
2026-02-08 09:17:13.971689,Berlin-6be7,-29,56,Normal
2026-02-08 09:17:14.971689,Berlin-6be7,25,49,Normal
2026-02-08 09:17:15.971689,Berlin-6be7,-4,69,Normal
2026-02-08 09:17:16.971689,Berlin-6be7,49,1,Normal
2026-02-08 09:17:17.971689,Berlin-6be7,-19,87,Normal
2026-02-08 09:17:18.971689,Berlin-6be7,-25,73,Normal
2026-02-08 09:17:19.971689,Berlin-6be7,7,92,Normal
2026-02-08 09:17:20.971689,Berlin-6be7,-4,71,Normal
2026-02-08 09:17:21.971689,Berlin-6be7,-25,93,Normal
2026-02-08 09:17:22.971689,Berlin-6be7,-30,14,Normal
2026-02-08 09:17:23.971689,Berlin-6be7,9,62,Normal
2026-02-08 09:17:24.971689,Berlin-6be7,32,15,Normal
2026-02-08 09:17:25.971689,Berlin-6be7,28,51,Normal
2026-02-08 09:17:26.971689,Berlin-6be7,-8,45,Normal
2026-02-08 09:17:27.971689,Berlin-6be7,45,76,Normal
2026-02-08 09:17:28.971689,Berlin-6be7,23,68,Normal
2026-02-08 09:17:29.971689,Berlin-6be7,-5,75,Normal
2026-02-08 09:17:30.971689,Berlin-6be7,22,33,Normal
2026-02-08 09:17:31.971689,Berlin-6be7,-4,80,Normal
2026-02-08 09:17:32.971689,Berlin-6be7,10,10,Normal
2026-02-08 09:17:33.971689,Berlin-6be7,37,54,Normal
2026-02-08 09:17:34.971689,Berlin-6be7,21,69,Normal
2026-02-08 09:17:35.971689,Berlin-6be7,5,8,Normal
2026-02-08 09:17:36.971689,Berlin-6be7,28,57,Normal
2026-02-08 09:17:37.971689,Berlin-6be7,-19,45,Normal
2026-02-08 09:17:38.971689,Berlin-6be7,45,30,Normal
2026-02-08 09:17:39.971689,Berlin-6be7,40,22,Normal
2026-02-08 09:17:40.971689,Berlin-6be7,1,2,Normal
2026-02-08 09:17:41.971689,Berlin-6be7,-20,89,Normal
2026-02-08 09:17:42.971689,Berlin-6be7,0,87,Normal
2026-02-08 09:17:43.971689,Berlin-6be7,-29,79,Normal
2026-02-08 09:17:44.971689,Berlin-6be7,-12,51,Normal
2026-02-08 09:17:45.971689,Berlin-6be7,34,51,Normal
2026-02-08 09:17:46.971689,Berlin-6be7,34,98,Normal
2026-02-08 09:17:47.971689,Berlin-6be7,0,70,Normal
2026-02-08 09:17:48.971689,Berlin-6be7,3,78,Normal
2026-02-08 09:17:49.971689,Berlin-6be7,16,38,Normal
2026-02-08 09:17:50.971689,Berlin-6be7,38,30,Normal
2026-02-08 09:17:51.971689,Berlin-6be7,38,47,Normal
2026-02-08 09:17:52.971689,Berlin-6be7,48,67,Normal
2026-02-08 09:17:53.971689,Berlin-6be7,-22,39,Normal
2026-02-08 09:17:54.971689,Berlin-6be7,-17,53,Normal
2026-02-08 09:17:55.971689,Berlin-6be7,28,54,Normal
2026-02-08 09:17:56.971689,Berlin-6be7,21,88,Normal
2026-02-08 09:17:57.971689,Berlin-6be7,17,86,Normal
2026-02-08 09:17:58.971689,Berlin-6be7,23,11,Normal
2026-02-08 09:17:59.971689,Berlin-6be7,-7,6,Normal
2026-02-08 09:18:00.971689,Berlin-6be7,20,80,Normal
2026-02-08 09:18:01.971689,Berlin-6be7,-18,12,Normal
2026-02-08 09:18:02.971689,Berlin-6be7,30,22,Normal
2026-02-08 09:18:03.971689,Berlin-6be7,16,15,Normal
2026-02-08 09:18:04.971689,Berlin-6be7,-15,53,Normal
2026-02-08 09:18:05.971689,Berlin-6be7,43,44,Normal
2026-02-08 09:18:06.971689,Berlin-6be7,43,94,Normal
2026-02-08 09:18:07.971689,Berlin-6be7,14,92,Normal
2026-02-08 09:18:08.971689,Berlin-6be7,20,2,Normal
2026-02-08 09:18:09.971689,Berlin-6be7,50,79,Normal
2026-02-08 09:18:10.971689,Berlin-6be7,15,68,Normal
2026-02-08 09:18:11.971689,Berlin-6be7,22,71,Normal
2026-02-08 09:18:12.971689,Berlin-6be7,-6,4,Normal
2026-02-08 09:18:13.971689,Berlin-6be7,25,2,Normal
2026-02-08 09:18:14.971689,Berlin-6be7,32,88,Normal
2026-02-08 09:18:15.971689,Berlin-6be7,1,94,Normal
2026-02-08 09:18:16.971689,Berlin-6be7,-28,78,Normal
2026-02-08 09:18:17.971689,Berlin-6be7,27,9,Normal
2026-02-08 09:18:18.971689,Berlin-6be7,15,80,Normal
2026-02-08 09:18:19.971689,Berlin-6be7,48,74,Normal
2026-02-08 09:18:20.971689,Berlin-6be7,-15,57,Normal
2026-02-08 09:18:21.971689,Berlin-6be7,21,88,Normal
2026-02-08 09:18:22.971689,Berlin-6be7,-23,6,Normal
2026-02-08 09:18:23.971689,Berlin-6be7,-19,67,Normal
2026-02-08 09:18:24.971689,Berlin-6be7,45,15,Normal
2026-02-08 09:18:25.971689,Berlin-6be7,-27,5,Normal
2026-02-08 09:18:26.971689,Berlin-6be7,22,31,Normal
2026-02-08 09:18:27.971689,Berlin-6be7,35,99,Normal
2026-02-08 09:18:28.971689,Berlin-6be7,50,79,Normal
2026-02-08 09:18:29.971689,Berlin-6be7,-18,41,Normal
2026-02-08 09:18:30.971689,Berlin-6be7,-17,88,Normal
2026-02-08 09:18:31.971689,Berlin-6be7,-15,63,Normal
2026-02-08 09:18:32.971689,Berlin-6be7,-7,63,Normal
2026-02-08 09:18:33.971689,Berlin-6be7,40,100,Normal
2026-02-08 09:18:34.971689,Berlin-6be7,-18,71,Normal
2026-02-08 09:18:35.971689,Berlin-6be7,-26,33,Normal
2026-02-08 09:18:36.971689,Berlin-6be7,-2,72,Normal
2026-02-08 09:18:37.971689,Berlin-6be7,9,2,Normal
2026-02-08 09:18:38.971689,Berlin-6be7,22,27,Normal
2026-02-08 09:18:39.971689,Berlin-6be7,-18,46,Normal
2026-02-08 09:18:40.971689,Berlin-6be7,-12,98,Normal
2026-02-08 09:18:41.971689,Berlin-6be7,-2,97,Normal
2026-02-08 09:18:42.971689,Berlin-6be7,-20,1,Normal
2026-02-08 09:18:43.971689,Berlin-6be7,12,36,Normal
2026-02-08 09:18:44.971689,Berlin-6be7,12,62,Normal
2026-02-08 09:18:45.971689,Berlin-6be7,-13,0,Normal
2026-02-08 09:18:46.971689,Berlin-6be7,49,77,Normal
2026-02-08 09:18:47.971689,Berlin-6be7,34,34,Normal
2026-02-08 09:18:48.971689,Berlin-6be7,15,98,Normal
2026-02-08 09:18:49.971689,Berlin-6be7,50,52,Normal
2026-02-08 09:18:50.971689,Berlin-6be7,-23,38,Normal
2026-02-08 09:18:51.971689,Berlin-6be7,-6,68,Normal
2026-02-08 09:18:52.971689,Berlin-6be7,45,67,Normal
2026-02-08 09:18:53.971689,Berlin-6be7,-12,85,Normal
2026-02-08 09:18:54.971689,Berlin-6be7,2,79,Normal
2026-02-08 09:18:55.971689,Berlin-6be7,-5,70,Normal
2026-02-08 09:18:56.971689,Berlin-6be7,38,4,Normal
2026-02-08 09:18:57.971689,Berlin-6be7,39,42,Normal
2026-02-08 09:18:58.971689,Berlin-6be7,18,95,Normal
2026-02-08 09:18:59.971689,Berlin-6be7,12,68,Normal
2026-02-08 09:19:00.971689,Berlin-6be7,-24,96,Normal
2026-02-08 09:19:01.971689,Berlin-6be7,47,39,Normal
2026-02-08 09:19:02.971689,Berlin-6be7,22,54,Normal
2026-02-08 09:19:03.971689,Berlin-6be7,16,36,Normal
2026-02-08 09:19:04.971689,Berlin-6be7,-3,42,Normal
2026-02-08 09:19:05.971689,Berlin-6be7,4,81,Normal
2026-02-08 09:19:06.971689,Berlin-6be7,48,74,Normal
2026-02-08 09:19:07.971689,Berlin-6be7,-14,28,Normal
2026-02-08 09:19:08.971689,Berlin-6be7,-9,64,Normal
2026-02-08 09:19:09.971689,Berlin-6be7,5,21,Normal
2026-02-08 09:19:10.971689,Berlin-6be7,30,16,Normal
2026-02-08 09:19:11.971689,Berlin-6be7,9,7,Normal
2026-02-08 09:19:12.971689,Berlin-6be7,32,94,Normal
2026-02-08 09:19:13.971689,Berlin-6be7,9,38,Normal
2026-02-08 09:19:14.971689,Berlin-6be7,-13,3,Normal
2026-02-08 09:19:15.971689,Berlin-6be7,18,85,Normal
2026-02-08 09:19:16.971689,Berlin-6be7,15,9,Normal
2026-02-08 09:19:17.971689,Berlin-6be7,23,10,Normal
2026-02-08 09:19:18.971689,Berlin-6be7,31,17,Normal
2026-02-08 09:19:19.971689,Berlin-6be7,-12,98,Normal
2026-02-08 09:19:20.971689,Berlin-6be7,38,26,Normal
2026-02-08 09:19:21.971689,Berlin-6be7,-30,81,Normal
2026-02-08 09:19:22.971689,Berlin-6be7,-2,73,Normal
2026-02-08 09:19:23.971689,Berlin-6be7,46,23,Normal
2026-02-08 09:19:24.971689,Berlin-6be7,5,100,Normal
2026-02-08 09:19:25.971689,Berlin-6be7,32,52,Normal
2026-02-08 09:19:26.971689,Berlin-6be7,-21,29,Normal
2026-02-08 09:19:27.971689,Berlin-6be7,0,80,Normal
2026-02-08 09:19:28.971689,Berlin-6be7,-15,48,Normal
2026-02-08 09:19:29.971689,Berlin-6be7,32,80,Normal
2026-02-08 09:19:30.971689,Berlin-6be7,-16,49,Normal
2026-02-08 09:19:31.971689,Berlin-6be7,31,10,Normal
2026-02-08 09:19:32.971689,Berlin-6be7,20,65,Normal
2026-02-08 09:19:33.971689,Berlin-6be7,-28,19,Normal
2026-02-08 09:19:34.971689,Berlin-6be7,50,8,Normal
2026-02-08 09:19:35.971689,Berlin-6be7,-29,38,Normal
2026-02-08 09:19:36.971689,Berlin-6be7,37,38,Normal
2026-02-08 09:19:37.971689,Berlin-6be7,0,22,Normal
2026-02-08 09:19:38.971689,Berlin-6be7,-7,21,Normal
2026-02-08 09:19:39.971689,Berlin-6be7,40,6,Normal
2026-02-08 09:19:40.971689,Berlin-6be7,-29,23,Normal
2026-02-08 09:19:41.971689,Berlin-6be7,-23,60,Normal
2026-02-08 09:19:42.971689,Berlin-6be7,30,17,Normal
2026-02-08 09:19:43.971689,Berlin-6be7,18,53,Normal
2026-02-08 09:19:44.971689,Berlin-6be7,40,13,Normal
2026-02-08 09:19:45.971689,Berlin-6be7,41,3,Normal
2026-02-08 09:19:46.971689,Berlin-6be7,-17,11,Normal
2026-02-08 09:19:47.971689,Berlin-6be7,21,56,Normal
2026-02-08 09:19:48.971689,Berlin-6be7,-5,51,Normal
2026-02-08 09:19:49.971689,Berlin-6be7,0,12,Normal
2026-02-08 09:19:50.971689,Berlin-6be7,8,95,Normal
2026-02-08 09:19:51.971689,Berlin-6be7,-24,55,Normal
2026-02-08 09:19:52.971689,Berlin-6be7,-4,100,Normal
2026-02-08 09:19:53.971689,Berlin-6be7,47,15,Normal
2026-02-08 09:19:54.971689,Berlin-6be7,-21,78,Normal
2026-02-08 09:19:55.971689,Berlin-6be7,-25,7,Normal
2026-02-08 09:19:56.971689,Berlin-6be7,30,61,Normal
2026-02-08 09:19:57.971689,Berlin-6be7,-16,47,Normal
2026-02-08 09:19:58.971689,Berlin-6be7,-9,28,Normal
2026-02-08 09:19:59.971689,Berlin-6be7,16,57,Normal
2026-02-08 09:20:00.971689,Berlin-6be7,15,79,Normal
2026-02-08 09:20:01.971689,Berlin-6be7,13,56,Normal
2026-02-08 09:20:02.971689,Berlin-6be7,-26,20,Normal
2026-02-08 09:20:03.971689,Berlin-6be7,10,36,Normal
2026-02-08 09:20:04.971689,Berlin-6be7,36,69,Normal
2026-02-08 09:20:05.971689,Berlin-6be7,-16,89,Normal
2026-02-08 09:20:06.971689,Berlin-6be7,49,44,Normal
2026-02-08 09:20:07.971689,Berlin-6be7,39,76,Normal
2026-02-08 09:20:08.971689,Berlin-6be7,20,81,Normal
2026-02-08 09:20:09.971689,Berlin-6be7,7,51,Normal
2026-02-08 09:20:10.971689,Berlin-6be7,-9,50,Normal
2026-02-08 09:20:11.971689,Berlin-6be7,-28,46,Normal
2026-02-08 09:20:12.971689,Berlin-6be7,-19,56,Normal
2026-02-08 09:20:13.971689,Berlin-6be7,23,49,Normal
2026-02-08 09:20:14.971689,Berlin-6be7,34,52,Normal
2026-02-08 09:20:15.971689,Berlin-6be7,49,9,Normal
2026-02-08 09:20:16.971689,Berlin-6be7,-21,93,Normal
2026-02-08 09:20:17.971689,Berlin-6be7,11,83,Normal
2026-02-08 09:20:18.971689,Berlin-6be7,49,57,Normal
2026-02-08 09:20:19.971689,Berlin-6be7,-14,84,Normal
2026-02-08 09:20:20.971689,Berlin-6be7,-15,32,Normal
2026-02-08 09:20:21.971689,Berlin-6be7,-27,67,Normal
2026-02-08 09:20:22.971689,Berlin-6be7,-18,20,Normal
2026-02-08 09:20:23.971689,Berlin-6be7,-5,10,Normal
2026-02-08 09:20:24.971689,Berlin-6be7,20,34,Normal
2026-02-08 09:20:25.971689,Berlin-6be7,-13,67,Normal
2026-02-08 09:20:26.971689,Berlin-6be7,-11,76,Normal
2026-02-08 09:20:27.971689,Berlin-6be7,36,90,Normal
2026-02-08 09:20:28.971689,Berlin-6be7,22,13,Normal
2026-02-08 09:20:29.971689,Berlin-6be7,41,66,Normal
2026-02-08 09:20:30.971689,Berlin-6be7,15,81,Normal
2026-02-08 09:20:31.971689,Berlin-6be7,-18,72,Normal
2026-02-08 09:20:32.971689,Berlin-6be7,39,4,Normal
2026-02-08 09:20:33.971689,Berlin-6be7,36,55,Normal
2026-02-08 09:20:34.971689,Berlin-6be7,45,10,Normal
2026-02-08 09:20:35.971689,Berlin-6be7,-26,91,Normal
2026-02-08 09:20:36.971689,Berlin-6be7,-14,74,Normal
2026-02-08 09:20:37.971689,Berlin-6be7,24,7,Normal
2026-02-08 09:20:38.971689,Berlin-6be7,-7,81,Normal
2026-02-08 09:20:39.971689,Berlin-6be7,-29,10,Normal
2026-02-08 09:20:40.971689,Berlin-6be7,31,48,Normal
2026-02-08 09:20:41.971689,Berlin-6be7,-19,17,Normal
2026-02-08 09:20:42.971689,Berlin-6be7,33,53,Normal
2026-02-08 09:20:43.971689,Berlin-6be7,-28,11,Normal
2026-02-08 09:20:44.971689,Berlin-6be7,2,98,Normal
2026-02-08 09:20:45.971689,Berlin-6be7,50,86,Normal
2026-02-08 09:20:46.971689,Berlin-6be7,-11,91,Normal
2026-02-08 09:20:47.971689,Berlin-6be7,15,0,Normal
2026-02-08 09:20:48.971689,Berlin-6be7,-25,99,Normal
2026-02-08 09:20:49.971689,Berlin-6be7,-19,31,Normal
2026-02-08 09:20:50.971689,Berlin-6be7,12,46,Normal
2026-02-08 09:20:51.971689,Berlin-6be7,45,70,Normal
2026-02-08 09:20:52.971689,Berlin-6be7,-20,92,Normal
2026-02-08 09:20:53.971689,Berlin-6be7,-15,55,Normal
2026-02-08 09:20:54.971689,Berlin-6be7,15,81,Normal
2026-02-08 09:20:55.971689,Berlin-6be7,-6,83,Normal
2026-02-08 09:20:56.971689,Berlin-6be7,-30,95,Normal
2026-02-08 09:20:57.971689,Berlin-6be7,3,44,Normal
2026-02-08 09:20:58.971689,Berlin-6be7,-12,84,Normal
2026-02-08 09:20:59.971689,Berlin-6be7,8,34,Normal
2026-02-08 09:21:00.971689,Berlin-6be7,12,38,Normal
2026-02-08 09:21:01.971689,Berlin-6be7,-2,90,Normal
2026-02-08 09:21:02.971689,Berlin-6be7,7,64,Normal
2026-02-08 09:21:03.971689,Berlin-6be7,30,2,Normal
2026-02-08 09:21:04.971689,Berlin-6be7,-13,89,Normal
2026-02-08 09:21:05.971689,Berlin-6be7,7,95,Normal
2026-02-08 09:21:06.971689,Berlin-6be7,34,9,Normal
2026-02-08 09:21:07.971689,Berlin-6be7,33,19,Normal
2026-02-08 09:21:08.971689,Berlin-6be7,9,62,Normal
2026-02-08 09:21:09.971689,Berlin-6be7,26,23,Normal
2026-02-08 09:21:10.971689,Berlin-6be7,39,20,Normal
2026-02-08 09:21:11.971689,Berlin-6be7,2,82,Normal
2026-02-08 09:21:12.971689,Berlin-6be7,-22,54,Normal
2026-02-08 09:21:13.971689,Berlin-6be7,-11,33,Normal
2026-02-08 09:21:14.971689,Berlin-6be7,9,21,Normal
2026-02-08 09:21:15.971689,Berlin-6be7,35,7,Normal
2026-02-08 09:21:16.971689,Berlin-6be7,-5,30,Normal
2026-02-08 09:21:17.971689,Berlin-6be7,43,83,Normal
2026-02-08 09:21:18.971689,Berlin-6be7,-12,11,Normal
2026-02-08 09:21:19.971689,Berlin-6be7,10,50,Normal
2026-02-08 09:21:20.971689,Berlin-6be7,6,83,Normal
2026-02-08 09:21:21.971689,Berlin-6be7,23,7,Normal
2026-02-08 09:21:22.971689,Berlin-6be7,-6,46,Normal
2026-02-08 09:21:23.971689,Berlin-6be7,-29,57,Normal
2026-02-08 09:21:24.971689,Berlin-6be7,25,54,Normal
2026-02-08 09:21:25.971689,Berlin-6be7,14,2,Normal
2026-02-08 09:21:26.971689,Berlin-6be7,23,88,Normal
2026-02-08 09:21:27.971689,Berlin-6be7,-14,74,Normal
2026-02-08 09:21:28.971689,Berlin-6be7,28,25,Normal
2026-02-08 09:21:29.971689,Berlin-6be7,-7,64,Normal
2026-02-08 09:21:30.971689,Berlin-6be7,4,87,Normal
2026-02-08 09:21:31.971689,Berlin-6be7,5,49,Normal
2026-02-08 09:21:32.971689,Berlin-6be7,44,36,Normal
2026-02-08 09:21:33.971689,Berlin-6be7,49,68,Normal
2026-02-08 09:21:34.971689,Berlin-6be7,11,44,Normal
2026-02-08 09:21:35.971689,Berlin-6be7,-1,49,Normal
2026-02-08 09:21:36.971689,Berlin-6be7,18,58,Normal
2026-02-08 09:21:37.971689,Berlin-6be7,5,19,Normal
2026-02-08 09:21:38.971689,Berlin-6be7,-12,16,Normal
2026-02-08 09:21:39.971689,Berlin-6be7,40,16,Normal
2026-02-08 09:21:40.971689,Berlin-6be7,20,3,Normal
2026-02-08 09:21:41.971689,Berlin-6be7,26,34,Normal
2026-02-08 09:21:42.971689,Berlin-6be7,47,70,Normal
2026-02-08 09:21:43.971689,Berlin-6be7,27,39,Normal
2026-02-08 09:21:44.971689,Berlin-6be7,44,85,Normal
2026-02-08 09:21:45.971689,Berlin-6be7,-7,52,Normal
2026-02-08 09:21:46.971689,Berlin-6be7,42,48,Normal
2026-02-08 09:21:47.971689,Berlin-6be7,-19,88,Normal
2026-02-08 09:21:48.971689,Berlin-6be7,6,53,Normal
2026-02-08 09:21:49.971689,Berlin-6be7,47,61,Normal
2026-02-08 09:21:50.971689,Berlin-6be7,24,73,Normal
2026-02-08 09:21:51.971689,Berlin-6be7,31,54,Normal
2026-02-08 09:21:52.971689,Berlin-6be7,-8,27,Normal
2026-02-08 09:21:53.971689,Berlin-6be7,18,85,Normal
2026-02-08 09:21:54.971689,Berlin-6be7,20,54,Normal
2026-02-08 09:21:55.971689,Berlin-6be7,20,15,Normal
2026-02-08 09:21:56.971689,Berlin-6be7,45,9,Normal
2026-02-08 09:21:57.971689,Berlin-6be7,-14,46,Normal
2026-02-08 09:21:58.971689,Berlin-6be7,22,78,Normal
2026-02-08 09:21:59.971689,Berlin-6be7,-6,97,Normal
2026-02-08 09:22:00.971689,Berlin-6be7,-16,4,Normal
2026-02-08 09:22:01.971689,Berlin-6be7,47,97,Normal
2026-02-08 09:22:02.971689,Berlin-6be7,-25,51,Normal
2026-02-08 09:22:03.971689,Berlin-6be7,-21,11,Normal
2026-02-08 09:22:04.971689,Berlin-6be7,50,76,Normal
2026-02-08 09:22:05.971689,Berlin-6be7,4,26,Normal
2026-02-08 09:22:06.971689,Berlin-6be7,47,9,Normal
2026-02-08 09:22:07.971689,Berlin-6be7,34,35,Normal
2026-02-08 09:22:08.971689,Berlin-6be7,36,75,Normal
2026-02-08 09:22:09.971689,Berlin-6be7,-25,31,Normal
2026-02-08 09:22:10.971689,Berlin-6be7,-21,61,Normal
2026-02-08 09:22:11.971689,Berlin-6be7,12,24,Normal
2026-02-08 09:22:12.971689,Berlin-6be7,36,5,Normal
2026-02-08 09:22:13.971689,Berlin-6be7,29,53,Normal
2026-02-08 09:22:14.971689,Berlin-6be7,16,66,Normal
2026-02-08 09:22:15.971689,Berlin-6be7,38,22,Normal
2026-02-08 09:22:16.971689,Berlin-6be7,11,0,Normal
2026-02-08 09:22:17.971689,Berlin-6be7,-23,96,Normal
2026-02-08 09:22:18.971689,Berlin-6be7,38,47,Normal
2026-02-08 09:22:19.971689,Berlin-6be7,-13,1,Normal
2026-02-08 09:22:20.971689,Berlin-6be7,44,30,Normal
2026-02-08 09:22:21.971689,Berlin-6be7,47,11,Normal
2026-02-08 09:22:22.971689,Berlin-6be7,-10,64,Normal
2026-02-08 09:22:23.971689,Berlin-6be7,9,61,Normal
2026-02-08 09:22:24.971689,Berlin-6be7,31,45,Normal
2026-02-08 09:22:25.971689,Berlin-6be7,7,25,Normal
2026-02-08 09:22:26.971689,Berlin-6be7,-11,5,Normal
2026-02-08 09:22:27.971689,Berlin-6be7,28,100,Normal
2026-02-08 09:22:28.971689,Berlin-6be7,-10,10,Normal
2026-02-08 09:22:29.971689,Berlin-6be7,46,49,Normal
2026-02-08 09:22:30.971689,Berlin-6be7,-6,76,Normal
2026-02-08 09:22:31.971689,Berlin-6be7,26,56,Normal
2026-02-08 09:22:32.971689,Berlin-6be7,-27,87,Normal
2026-02-08 09:22:33.971689,Berlin-6be7,-28,91,Normal
2026-02-08 09:22:34.971689,Berlin-6be7,11,30,Normal
2026-02-08 09:22:35.971689,Berlin-6be7,-4,11,Normal
2026-02-08 09:22:36.971689,Berlin-6be7,-12,1,Normal
2026-02-08 09:22:37.971689,Berlin-6be7,-24,20,Normal
2026-02-08 09:22:38.971689,Berlin-6be7,-20,87,Normal
2026-02-08 09:22:39.971689,Berlin-6be7,-6,3,Normal
2026-02-08 09:22:40.971689,Berlin-6be7,-21,22,Normal
2026-02-08 09:22:41.971689,Berlin-6be7,43,29,Normal
2026-02-08 09:22:42.971689,Berlin-6be7,-23,3,Normal
2026-02-08 09:22:43.971689,Berlin-6be7,-17,32,Normal
2026-02-08 09:22:44.971689,Berlin-6be7,8,45,Normal
2026-02-08 09:22:45.971689,Berlin-6be7,15,11,Normal
2026-02-08 09:22:46.971689,Berlin-6be7,23,28,Normal
2026-02-08 09:22:47.971689,Berlin-6be7,42,63,Normal
2026-02-08 09:22:48.971689,Berlin-6be7,-10,92,Normal
2026-02-08 09:22:49.971689,Berlin-6be7,9,74,Normal
2026-02-08 09:22:50.971689,Berlin-6be7,40,68,Normal
2026-02-08 09:22:51.971689,Berlin-6be7,-22,76,Normal
2026-02-08 09:22:52.971689,Berlin-6be7,-23,61,Normal
2026-02-08 09:22:53.971689,Berlin-6be7,3,99,Normal
2026-02-08 09:22:54.971689,Berlin-6be7,-24,86,Normal
2026-02-08 09:22:55.971689,Berlin-6be7,-6,40,Normal
2026-02-08 09:22:56.971689,Berlin-6be7,26,37,Normal
2026-02-08 09:22:57.971689,Berlin-6be7,-28,77,Normal
