timestamp,station_id,temp,humid,condition
2026-04-27 22:41:10.279629,London-6ed3,20,21,Normal
2026-04-27 22:41:11.279629,London-6ed3,8,21,Normal
2026-04-27 22:41:12.279629,London-6ed3,14,92,Normal
2026-04-27 22:41:13.279629,London-6ed3,-15,53,Normal
2026-04-27 22:41:14.279629,London-6ed3,3,36,Normal
2026-04-27 22:41:15.279629,London-6ed3,14,86,Normal
2026-04-27 22:41:16.279629,London-6ed3,-7,14,Normal
2026-04-27 22:41:17.279629,London-6ed3,12,24,Normal
2026-04-27 22:41:18.279629,London-6ed3,46,17,Normal
2026-04-27 22:41:19.279629,London-6ed3,35,41,Normal
2026-04-27 22:41:20.279629,London-6ed3,-20,12,Normal
2026-04-27 22:41:21.279629,London-6ed3,16,55,Normal
2026-04-27 22:41:22.279629,London-6ed3,-12,89,Normal
2026-04-27 22:41:23.279629,London-6ed3,-19,57,Normal
2026-04-27 22:41:24.279629,London-6ed3,24,87,Normal
2026-04-27 22:41:25.279629,London-6ed3,2,42,Normal
2026-04-27 22:41:26.279629,London-6ed3,27,48,Normal
2026-04-27 22:41:27.279629,London-6ed3,23,68,Normal
2026-04-27 22:41:28.279629,London-6ed3,-15,95,Normal
2026-04-27 22:41:29.279629,London-6ed3,44,48,Normal
2026-04-27 22:41:30.279629,London-6ed3,-20,89,Normal
2026-04-27 22:41:31.279629,London-6ed3,-3,8,Normal
2026-04-27 22:41:32.279629,London-6ed3,-11,92,Normal
2026-04-27 22:41:33.279629,London-6ed3,-15,90,Normal
2026-04-27 22:41:34.279629,London-6ed3,-3,66,Normal
2026-04-27 22:41:35.279629,London-6ed3,-6,36,Normal
2026-04-27 22:41:36.279629,London-6ed3,40,46,Normal
2026-04-27 22:41:37.279629,London-6ed3,6,38,Normal
2026-04-27 22:41:38.279629,London-6ed3,12,36,Normal
2026-04-27 22:41:39.279629,London-6ed3,6,100,Normal
2026-04-27 22:41:40.279629,London-6ed3,-23,45,Normal
2026-04-27 22:41:41.279629,London-6ed3,49,34,Normal
2026-04-27 22:41:42.279629,London-6ed3,10,19,Normal
2026-04-27 22:41:43.279629,London-6ed3,47,42,Normal
2026-04-27 22:41:44.279629,London-6ed3,-14,72,Normal
2026-04-27 22:41:45.279629,London-6ed3,-10,43,Normal
2026-04-27 22:41:46.279629,London-6ed3,-13,90,Normal
2026-04-27 22:41:47.279629,London-6ed3,26,7,Normal
2026-04-27 22:41:48.279629,London-6ed3,26,51,Normal
2026-04-27 22:41:49.279629,London-6ed3,5,7,Normal
2026-04-27 22:41:50.279629,London-6ed3,-15,40,Normal
2026-04-27 22:41:51.279629,London-6ed3,-20,83,Normal
2026-04-27 22:41:52.279629,London-6ed3,-2,30,Normal
2026-04-27 22:41:53.279629,London-6ed3,22,19,Normal
2026-04-27 22:41:54.279629,London-6ed3,47,71,Normal
2026-04-27 22:41:55.279629,London-6ed3,44,89,Normal
2026-04-27 22:41:56.279629,London-6ed3,-16,32,Normal
2026-04-27 22:41:57.279629,London-6ed3,22,22,Normal
2026-04-27 22:41:58.279629,London-6ed3,46,20,Normal
2026-04-27 22:41:59.279629,London-6ed3,21,72,Normal
2026-04-27 22:42:00.279629,London-6ed3,-18,55,Normal
2026-04-27 22:42:01.279629,London-6ed3,25,11,Normal
2026-04-27 22:42:02.279629,London-6ed3,42,5,Normal
2026-04-27 22:42:03.279629,London-6ed3,49,49,Normal
2026-04-27 22:42:04.279629,London-6ed3,38,89,Normal
2026-04-27 22:42:05.279629,London-6ed3,-12,43,Normal
2026-04-27 22:42:06.279629,London-6ed3,39,52,Normal
2026-04-27 22:42:07.279629,London-6ed3,-11,50,Normal
2026-04-27 22:42:08.279629,London-6ed3,43,18,Normal
2026-04-27 22:42:09.279629,London-6ed3,10,60,Normal
2026-04-27 22:42:10.279629,London-6ed3,-7,56,Normal
2026-04-27 22:42:11.279629,London-6ed3,24,44,Normal
2026-04-27 22:42:12.279629,London-6ed3,-2,31,Normal
2026-04-27 22:42:13.279629,London-6ed3,22,19,Normal
2026-04-27 22:42:14.279629,London-6ed3,29,44,Normal
2026-04-27 22:42:15.279629,London-6ed3,16,67,Normal
2026-04-27 22:42:16.279629,London-6ed3,-17,86,Normal
2026-04-27 22:42:17.279629,London-6ed3,43,51,Normal
2026-04-27 22:42:18.279629,London-6ed3,-15,43,Normal
2026-04-27 22:42:19.279629,London-6ed3,35,19,Normal
2026-04-27 22:42:20.279629,London-6ed3,15,44,Normal
2026-04-27 22:42:21.279629,London-6ed3,4,16,Normal
2026-04-27 22:42:22.279629,London-6ed3,4,51,Normal
2026-04-27 22:42:23.279629,London-6ed3,-20,10,Normal
2026-04-27 22:42:24.279629,London-6ed3,30,32,Normal
2026-04-27 22:42:25.279629,London-6ed3,5,58,Normal
2026-04-27 22:42:26.279629,London-6ed3,-15,43,Normal
2026-04-27 22:42:27.279629,London-6ed3,-4,99,Normal
2026-04-27 22:42:28.279629,London-6ed3,15,68,Normal
2026-04-27 22:42:29.279629,London-6ed3,15,76,Normal
2026-04-27 22:42:30.279629,London-6ed3,30,58,Normal
2026-04-27 22:42:31.279629,London-6ed3,-6,50,Normal
2026-04-27 22:42:32.279629,London-6ed3,-29,33,Normal
2026-04-27 22:42:33.279629,London-6ed3,-7,84,Normal
2026-04-27 22:42:34.279629,London-6ed3,27,18,Normal
2026-04-27 22:42:35.279629,London-6ed3,-5,48,Normal
2026-04-27 22:42:36.279629,London-6ed3,-1,84,Normal
2026-04-27 22:42:37.279629,London-6ed3,-22,93,Normal
2026-04-27 22:42:38.279629,London-6ed3,6,99,Normal
2026-04-27 22:42:39.279629,London-6ed3,18,68,Normal
2026-04-27 22:42:40.279629,London-6ed3,15,3,Normal
2026-04-27 22:42:41.279629,London-6ed3,47,61,Normal
2026-04-27 22:42:42.279629,London-6ed3,40,60,Normal
2026-04-27 22:42:43.279629,London-6ed3,22,100,Normal
2026-04-27 22:42:44.279629,London-6ed3,-21,21,Normal
2026-04-27 22:42:45.279629,London-6ed3,45,26,Normal
2026-04-27 22:42:46.279629,London-6ed3,11,64,Normal
2026-04-27 22:42:47.279629,London-6ed3,24,12,Normal
2026-04-27 22:42:48.279629,London-6ed3,-19,10,Normal
2026-04-27 22:42:49.279629,London-6ed3,44,69,Normal
2026-04-27 22:42:50.279629,London-6ed3,15,21,Normal
2026-04-27 22:42:51.279629,London-6ed3,1,92,Normal
2026-04-27 22:42:52.279629,London-6ed3,45,48,Normal
2026-04-27 22:42:53.279629,London-6ed3,26,85,Normal
2026-04-27 22:42:54.279629,London-6ed3,14,35,Normal
2026-04-27 22:42:55.279629,London-6ed3,42,35,Normal
2026-04-27 22:42:56.279629,London-6ed3,6,4,Normal
2026-04-27 22:42:57.279629,London-6ed3,8,64,Normal
2026-04-27 22:42:58.279629,London-6ed3,50,44,Normal
2026-04-27 22:42:59.279629,London-6ed3,15,82,Normal
2026-04-27 22:43:00.279629,London-6ed3,-24,40,Normal
2026-04-27 22:43:01.279629,London-6ed3,39,71,Normal
2026-04-27 22:43:02.279629,London-6ed3,-19,71,Normal
2026-04-27 22:43:03.279629,London-6ed3,30,53,Normal
2026-04-27 22:43:04.279629,London-6ed3,4,79,Normal
2026-04-27 22:43:05.279629,London-6ed3,9,58,Normal
2026-04-27 22:43:06.279629,London-6ed3,-6,92,Normal
2026-04-27 22:43:07.279629,London-6ed3,-10,67,Normal
2026-04-27 22:43:08.279629,London-6ed3,-8,25,Normal
2026-04-27 22:43:09.279629,London-6ed3,-7,87,Normal
2026-04-27 22:43:10.279629,London-6ed3,-30,100,Normal
2026-04-27 22:43:11.279629,London-6ed3,9,56,Normal
2026-04-27 22:43:12.279629,London-6ed3,46,33,Normal
2026-04-27 22:43:13.279629,London-6ed3,22,41,Normal
2026-04-27 22:43:14.279629,London-6ed3,-14,82,Normal
2026-04-27 22:43:15.279629,London-6ed3,36,7,Normal
2026-04-27 22:43:16.279629,London-6ed3,-26,33,Normal
2026-04-27 22:43:17.279629,London-6ed3,24,12,Normal
2026-04-27 22:43:18.279629,London-6ed3,0,21,Normal
2026-04-27 22:43:19.279629,London-6ed3,-13,92,Normal
2026-04-27 22:43:20.279629,London-6ed3,15,20,Normal
2026-04-27 22:43:21.279629,London-6ed3,32,99,Normal
2026-04-27 22:43:22.279629,London-6ed3,24,18,Normal
2026-04-27 22:43:23.279629,London-6ed3,1,28,Normal
2026-04-27 22:43:24.279629,London-6ed3,39,45,Normal
2026-04-27 22:43:25.279629,London-6ed3,-3,2,Normal
2026-04-27 22:43:26.279629,London-6ed3,47,57,Normal
2026-04-27 22:43:27.279629,London-6ed3,9,17,Normal
2026-04-27 22:43:28.279629,London-6ed3,-2,94,Normal
2026-04-27 22:43:29.279629,London-6ed3,4,18,Normal
2026-04-27 22:43:30.279629,London-6ed3,18,20,Normal
2026-04-27 22:43:31.279629,London-6ed3,4,86,Normal
2026-04-27 22:43:32.279629,London-6ed3,-12,50,Normal
2026-04-27 22:43:33.279629,London-6ed3,8,65,Normal
2026-04-27 22:43:34.279629,London-6ed3,35,98,Normal
2026-04-27 22:43:35.279629,London-6ed3,45,44,Normal
2026-04-27 22:43:36.279629,London-6ed3,24,22,Normal
2026-04-27 22:43:37.279629,London-6ed3,39,41,Normal
2026-04-27 22:43:38.279629,London-6ed3,14,58,Normal
2026-04-27 22:43:39.279629,London-6ed3,45,98,Normal
2026-04-27 22:43:40.279629,London-6ed3,-7,18,Normal
2026-04-27 22:43:41.279629,London-6ed3,49,92,Normal
2026-04-27 22:43:42.279629,London-6ed3,34,17,Normal
2026-04-27 22:43:43.279629,London-6ed3,-30,72,Normal
2026-04-27 22:43:44.279629,London-6ed3,4,10,Normal
2026-04-27 22:43:45.279629,London-6ed3,20,80,Normal
2026-04-27 22:43:46.279629,London-6ed3,30,100,Normal
2026-04-27 22:43:47.279629,London-6ed3,34,37,Normal
2026-04-27 22:43:48.279629,London-6ed3,-9,99,Normal
2026-04-27 22:43:49.279629,London-6ed3,0,14,Normal
2026-04-27 22:43:50.279629,London-6ed3,-23,46,Normal
2026-04-27 22:43:51.279629,London-6ed3,-12,7,Normal
2026-04-27 22:43:52.279629,London-6ed3,29,10,Normal
2026-04-27 22:43:53.279629,London-6ed3,-11,62,Normal
2026-04-27 22:43:54.279629,London-6ed3,49,14,Normal
2026-04-27 22:43:55.279629,London-6ed3,20,48,Normal
2026-04-27 22:43:56.279629,London-6ed3,0,86,Normal
2026-04-27 22:43:57.279629,London-6ed3,10,13,Normal
2026-04-27 22:43:58.279629,London-6ed3,-7,98,Normal
2026-04-27 22:43:59.279629,London-6ed3,23,24,Normal
2026-04-27 22:44:00.279629,London-6ed3,-15,78,Normal
2026-04-27 22:44:01.279629,London-6ed3,37,32,Normal
2026-04-27 22:44:02.279629,London-6ed3,-19,7,Normal
2026-04-27 22:44:03.279629,London-6ed3,-8,97,Normal
2026-04-27 22:44:04.279629,London-6ed3,32,7,Normal
2026-04-27 22:44:05.279629,London-6ed3,49,61,Normal
2026-04-27 22:44:06.279629,London-6ed3,18,58,Normal
2026-04-27 22:44:07.279629,London-6ed3,-28,61,Normal
2026-04-27 22:44:08.279629,London-6ed3,-3,89,Normal
2026-04-27 22:44:09.279629,London-6ed3,-26,54,Normal
2026-04-27 22:44:10.279629,London-6ed3,40,14,Normal
2026-04-27 22:44:11.279629,London-6ed3,33,38,Normal
2026-04-27 22:44:12.279629,London-6ed3,32,53,Normal
2026-04-27 22:44:13.279629,London-6ed3,-1,92,Normal
2026-04-27 22:44:14.279629,London-6ed3,26,53,Normal
2026-04-27 22:44:15.279629,London-6ed3,28,52,Normal
2026-04-27 22:44:16.279629,London-6ed3,2,87,Normal
2026-04-27 22:44:17.279629,London-6ed3,-26,56,Normal
2026-04-27 22:44:18.279629,London-6ed3,-27,19,Normal
2026-04-27 22:44:19.279629,London-6ed3,-28,4,Normal
2026-04-27 22:44:20.279629,London-6ed3,-9,20,Normal
2026-04-27 22:44:21.279629,London-6ed3,28,35,Normal
2026-04-27 22:44:22.279629,London-6ed3,27,10,Normal
2026-04-27 22:44:23.279629,London-6ed3,0,97,Normal
2026-04-27 22:44:24.279629,London-6ed3,44,59,Normal
2026-04-27 22:44:25.279629,London-6ed3,36,19,Normal
2026-04-27 22:44:26.279629,London-6ed3,30,23,Normal
2026-04-27 22:44:27.279629,London-6ed3,-28,92,Normal
2026-04-27 22:44:28.279629,London-6ed3,40,39,Normal
2026-04-27 22:44:29.279629,London-6ed3,1,60,Normal
2026-04-27 22:44:30.279629,London-6ed3,12,21,Normal
2026-04-27 22:44:31.279629,London-6ed3,29,4,Normal
2026-04-27 22:44:32.279629,London-6ed3,-28,30,Normal
2026-04-27 22:44:33.279629,London-6ed3,33,99,Normal
2026-04-27 22:44:34.279629,London-6ed3,9,100,Normal
2026-04-27 22:44:35.279629,London-6ed3,38,83,Normal
2026-04-27 22:44:36.279629,London-6ed3,-9,22,Normal
2026-04-27 22:44:37.279629,London-6ed3,36,65,Normal
2026-04-27 22:44:38.279629,London-6ed3,24,25,Normal
2026-04-27 22:44:39.279629,London-6ed3,-23,88,Normal
2026-04-27 22:44:40.279629,London-6ed3,46,96,Normal
2026-04-27 22:44:41.279629,London-6ed3,16,74,Normal
2026-04-27 22:44:42.279629,London-6ed3,-19,39,Normal
2026-04-27 22:44:43.279629,London-6ed3,35,39,Normal
2026-04-27 22:44:44.279629,London-6ed3,39,99,Normal
2026-04-27 22:44:45.279629,London-6ed3,37,33,Normal
2026-04-27 22:44:46.279629,London-6ed3,24,72,Normal
2026-04-27 22:44:47.279629,London-6ed3,-13,20,Normal
2026-04-27 22:44:48.279629,London-6ed3,37,2,Normal
2026-04-27 22:44:49.279629,London-6ed3,23,48,Normal
2026-04-27 22:44:50.279629,London-6ed3,41,100,Normal
2026-04-27 22:44:51.279629,London-6ed3,18,32,Normal
2026-04-27 22:44:52.279629,London-6ed3,-8,17,Normal
2026-04-27 22:44:53.279629,London-6ed3,24,72,Normal
2026-04-27 22:44:54.279629,London-6ed3,38,72,Normal
2026-04-27 22:44:55.279629,London-6ed3,28,12,Normal
2026-04-27 22:44:56.279629,London-6ed3,6,73,Normal
2026-04-27 22:44:57.279629,London-6ed3,36,34,Normal
2026-04-27 22:44:58.279629,London-6ed3,26,30,Normal
2026-04-27 22:44:59.279629,London-6ed3,0,36,Normal
2026-04-27 22:45:00.279629,London-6ed3,-9,49,Normal
2026-04-27 22:45:01.279629,London-6ed3,49,59,Normal
2026-04-27 22:45:02.279629,London-6ed3,11,51,Normal
2026-04-27 22:45:03.279629,London-6ed3,37,99,Normal
2026-04-27 22:45:04.279629,London-6ed3,42,72,Normal
2026-04-27 22:45:05.279629,London-6ed3,7,66,Normal
2026-04-27 22:45:06.279629,London-6ed3,5,68,Normal
2026-04-27 22:45:07.279629,London-6ed3,-24,39,Normal
2026-04-27 22:45:08.279629,London-6ed3,47,77,Normal
2026-04-27 22:45:09.279629,London-6ed3,26,35,Normal
2026-04-27 22:45:10.279629,London-6ed3,44,61,Normal
2026-04-27 22:45:11.279629,London-6ed3,2,77,Normal
2026-04-27 22:45:12.279629,London-6ed3,-17,95,Normal
2026-04-27 22:45:13.279629,London-6ed3,30,6,Normal
2026-04-27 22:45:14.279629,London-6ed3,9,18,Normal
2026-04-27 22:45:15.279629,London-6ed3,-13,48,Normal
2026-04-27 22:45:16.279629,London-6ed3,39,95,Normal
2026-04-27 22:45:17.279629,London-6ed3,1,52,Normal
2026-04-27 22:45:18.279629,London-6ed3,-11,73,Normal
2026-04-27 22:45:19.279629,London-6ed3,-5,22,Normal
2026-04-27 22:45:20.279629,London-6ed3,29,83,Normal
2026-04-27 22:45:21.279629,London-6ed3,17,28,Normal
2026-04-27 22:45:22.279629,London-6ed3,4,96,Normal
2026-04-27 22:45:23.279629,London-6ed3,25,27,Normal
2026-04-27 22:45:24.279629,London-6ed3,13,13,Normal
2026-04-27 22:45:25.279629,London-6ed3,7,97,Normal
2026-04-27 22:45:26.279629,London-6ed3,-1,97,Normal
2026-04-27 22:45:27.279629,London-6ed3,30,51,Normal
2026-04-27 22:45:28.279629,London-6ed3,36,68,Normal
2026-04-27 22:45:29.279629,London-6ed3,23,22,Normal
2026-04-27 22:45:30.279629,London-6ed3,-6,100,Normal
2026-04-27 22:45:31.279629,London-6ed3,46,10,Normal
2026-04-27 22:45:32.279629,London-6ed3,-29,33,Normal
2026-04-27 22:45:33.279629,London-6ed3,-14,70,Normal
2026-04-27 22:45:34.279629,London-6ed3,31,34,Normal
2026-04-27 22:45:35.279629,London-6ed3,45,52,Normal
2026-04-27 22:45:36.279629,London-6ed3,4,69,Normal
2026-04-27 22:45:37.279629,London-6ed3,2,31,Normal
2026-04-27 22:45:38.279629,London-6ed3,22,11,Normal
2026-04-27 22:45:39.279629,London-6ed3,12,23,Normal
2026-04-27 22:45:40.279629,London-6ed3,13,82,Normal
2026-04-27 22:45:41.279629,London-6ed3,21,94,Normal
2026-04-27 22:45:42.279629,London-6ed3,48,7,Normal
2026-04-27 22:45:43.279629,London-6ed3,7,84,Normal
2026-04-27 22:45:44.279629,London-6ed3,12,79,Normal
2026-04-27 22:45:45.279629,London-6ed3,37,54,Normal
2026-04-27 22:45:46.279629,London-6ed3,6,9,Normal
2026-04-27 22:45:47.279629,London-6ed3,8,75,Normal
2026-04-27 22:45:48.279629,London-6ed3,43,94,Normal
2026-04-27 22:45:49.279629,London-6ed3,-6,24,Normal
2026-04-27 22:45:50.279629,London-6ed3,14,58,Normal
2026-04-27 22:45:51.279629,London-6ed3,50,81,Normal
2026-04-27 22:45:52.279629,London-6ed3,37,24,Normal
2026-04-27 22:45:53.279629,London-6ed3,26,56,Normal
2026-04-27 22:45:54.279629,London-6ed3,7,70,Normal
2026-04-27 22:45:55.279629,London-6ed3,4,19,Normal
2026-04-27 22:45:56.279629,London-6ed3,36,95,Normal
2026-04-27 22:45:57.279629,London-6ed3,43,96,Normal
2026-04-27 22:45:58.279629,London-6ed3,9,93,Normal
2026-04-27 22:45:59.279629,London-6ed3,-13,10,Normal
2026-04-27 22:46:00.279629,London-6ed3,15,57,Normal
2026-04-27 22:46:01.279629,London-6ed3,-18,99,Normal
2026-04-27 22:46:02.279629,London-6ed3,-10,51,Normal
2026-04-27 22:46:03.279629,London-6ed3,31,29,Normal
2026-04-27 22:46:04.279629,London-6ed3,-12,100,Normal
2026-04-27 22:46:05.279629,London-6ed3,33,61,Normal
2026-04-27 22:46:06.279629,London-6ed3,15,41,Normal
2026-04-27 22:46:07.279629,London-6ed3,6,67,Normal
2026-04-27 22:46:08.279629,London-6ed3,46,9,Normal
2026-04-27 22:46:09.279629,London-6ed3,41,62,Normal
2026-04-27 22:46:10.279629,London-6ed3,27,19,Normal
2026-04-27 22:46:11.279629,London-6ed3,-6,72,Normal
2026-04-27 22:46:12.279629,London-6ed3,-16,75,Normal
2026-04-27 22:46:13.279629,London-6ed3,-6,45,Normal
2026-04-27 22:46:14.279629,London-6ed3,9,95,Normal
2026-04-27 22:46:15.279629,London-6ed3,12,17,Normal
2026-04-27 22:46:16.279629,London-6ed3,37,51,Normal
2026-04-27 22:46:17.279629,London-6ed3,40,74,Normal
2026-04-27 22:46:18.279629,London-6ed3,28,92,Normal
2026-04-27 22:46:19.279629,London-6ed3,15,21,Normal
2026-04-27 22:46:20.279629,London-6ed3,-11,86,Normal
2026-04-27 22:46:21.279629,London-6ed3,48,21,Normal
2026-04-27 22:46:22.279629,London-6ed3,-2,9,Normal
2026-04-27 22:46:23.279629,London-6ed3,29,22,Normal
2026-04-27 22:46:24.279629,London-6ed3,-5,36,Normal
2026-04-27 22:46:25.279629,London-6ed3,-14,72,Normal
2026-04-27 22:46:26.279629,London-6ed3,49,48,Normal
2026-04-27 22:46:27.279629,London-6ed3,48,8,Normal
2026-04-27 22:46:28.279629,London-6ed3,-3,98,Normal
2026-04-27 22:46:29.279629,London-6ed3,15,42,Normal
2026-04-27 22:46:30.279629,London-6ed3,49,66,Normal
2026-04-27 22:46:31.279629,London-6ed3,5,53,Normal
2026-04-27 22:46:32.279629,London-6ed3,43,85,Normal
2026-04-27 22:46:33.279629,London-6ed3,42,5,Normal
2026-04-27 22:46:34.279629,London-6ed3,-4,12,Normal
2026-04-27 22:46:35.279629,London-6ed3,-27,95,Normal
2026-04-27 22:46:36.279629,London-6ed3,22,30,Normal
2026-04-27 22:46:37.279629,London-6ed3,-17,69,Normal
2026-04-27 22:46:38.279629,London-6ed3,4,38,Normal
2026-04-27 22:46:39.279629,London-6ed3,33,30,Normal
2026-04-27 22:46:40.279629,London-6ed3,41,71,Normal
2026-04-27 22:46:41.279629,London-6ed3,1,80,Normal
2026-04-27 22:46:42.279629,London-6ed3,44,35,Normal
2026-04-27 22:46:43.279629,London-6ed3,30,12,Normal
2026-04-27 22:46:44.279629,London-6ed3,7,42,Normal
2026-04-27 22:46:45.279629,London-6ed3,-10,55,Normal
2026-04-27 22:46:46.279629,London-6ed3,48,20,Normal
2026-04-27 22:46:47.279629,London-6ed3,21,68,Normal
2026-04-27 22:46:48.279629,London-6ed3,41,2,Normal
2026-04-27 22:46:49.279629,London-6ed3,-23,4,Normal
2026-04-27 22:46:50.279629,London-6ed3,-21,79,Normal
2026-04-27 22:46:51.279629,London-6ed3,45,94,Normal
2026-04-27 22:46:52.279629,London-6ed3,49,72,Normal
2026-04-27 22:46:53.279629,London-6ed3,33,14,Normal
2026-04-27 22:46:54.279629,London-6ed3,42,16,Normal
2026-04-27 22:46:55.279629,London-6ed3,5,13,Normal
2026-04-27 22:46:56.279629,London-6ed3,-23,20,Normal
2026-04-27 22:46:57.279629,London-6ed3,-18,3,Normal
2026-04-27 22:46:58.279629,London-6ed3,-8,96,Normal
2026-04-27 22:46:59.279629,London-6ed3,28,15,Normal
2026-04-27 22:47:00.279629,London-6ed3,33,66,Normal
2026-04-27 22:47:01.279629,London-6ed3,-9,75,Normal
2026-04-27 22:47:02.279629,London-6ed3,-5,27,Normal
2026-04-27 22:47:03.279629,London-6ed3,39,98,Normal
2026-04-27 22:47:04.279629,London-6ed3,45,53,Normal
2026-04-27 22:47:05.279629,London-6ed3,12,55,Normal
2026-04-27 22:47:06.279629,London-6ed3,-2,68,Normal
2026-04-27 22:47:07.279629,London-6ed3,-13,59,Normal
2026-04-27 22:47:08.279629,London-6ed3,-8,100,Normal
2026-04-27 22:47:09.279629,London-6ed3,48,22,Normal
2026-04-27 22:47:10.279629,London-6ed3,-10,38,Normal
2026-04-27 22:47:11.279629,London-6ed3,46,29,Normal
2026-04-27 22:47:12.279629,London-6ed3,38,35,Normal
2026-04-27 22:47:13.279629,London-6ed3,-13,69,Normal
2026-04-27 22:47:14.279629,London-6ed3,12,98,Normal
2026-04-27 22:47:15.279629,London-6ed3,-16,73,Normal
2026-04-27 22:47:16.279629,London-6ed3,35,60,Normal
2026-04-27 22:47:17.279629,London-6ed3,10,15,Normal
2026-04-27 22:47:18.279629,London-6ed3,27,63,Normal
2026-04-27 22:47:19.279629,London-6ed3,39,67,Normal
2026-04-27 22:47:20.279629,London-6ed3,-25,73,Normal
2026-04-27 22:47:21.279629,London-6ed3,-19,7,Normal
2026-04-27 22:47:22.279629,London-6ed3,-16,14,Normal
2026-04-27 22:47:23.279629,London-6ed3,-16,98,Normal
2026-04-27 22:47:24.279629,London-6ed3,41,3,Normal
2026-04-27 22:47:25.279629,London-6ed3,16,21,Normal
2026-04-27 22:47:26.279629,London-6ed3,-10,58,Normal
2026-04-27 22:47:27.279629,London-6ed3,-12,26,Normal
2026-04-27 22:47:28.279629,London-6ed3,-4,71,Normal
2026-04-27 22:47:29.279629,London-6ed3,39,85,Normal
2026-04-27 22:47:30.279629,London-6ed3,12,62,Normal
2026-04-27 22:47:31.279629,London-6ed3,45,43,Normal
2026-04-27 22:47:32.279629,London-6ed3,2,58,Normal
2026-04-27 22:47:33.279629,London-6ed3,30,39,Normal
2026-04-27 22:47:34.279629,London-6ed3,-20,58,Normal
2026-04-27 22:47:35.279629,London-6ed3,40,20,Normal
2026-04-27 22:47:36.279629,London-6ed3,35,91,Normal
2026-04-27 22:47:37.279629,London-6ed3,18,79,Normal
2026-04-27 22:47:38.279629,London-6ed3,4,2,Normal
2026-04-27 22:47:39.279629,London-6ed3,-13,15,Normal
2026-04-27 22:47:40.279629,London-6ed3,-5,23,Normal
2026-04-27 22:47:41.279629,London-6ed3,33,56,Normal
2026-04-27 22:47:42.279629,London-6ed3,17,68,Normal
2026-04-27 22:47:43.279629,London-6ed3,25,73,Normal
2026-04-27 22:47:44.279629,London-6ed3,50,24,Normal
2026-04-27 22:47:45.279629,London-6ed3,40,32,Normal
2026-04-27 22:47:46.279629,London-6ed3,8,4,Normal
2026-04-27 22:47:47.279629,London-6ed3,-3,48,Normal
2026-04-27 22:47:48.279629,London-6ed3,26,74,Normal
2026-04-27 22:47:49.279629,London-6ed3,28,24,Normal
2026-04-27 22:47:50.279629,London-6ed3,-13,27,Normal
2026-04-27 22:47:51.279629,London-6ed3,40,32,Normal
2026-04-27 22:47:52.279629,London-6ed3,-15,48,Normal
2026-04-27 22:47:53.279629,London-6ed3,13,45,Normal
2026-04-27 22:47:54.279629,London-6ed3,-4,88,Normal
2026-04-27 22:47:55.279629,London-6ed3,-22,99,Normal
2026-04-27 22:47:56.279629,London-6ed3,-23,48,Normal
2026-04-27 22:47:57.279629,London-6ed3,49,79,Normal
2026-04-27 22:47:58.279629,London-6ed3,-6,26,Normal
2026-04-27 22:47:59.279629,London-6ed3,43,92,Normal
2026-04-27 22:48:00.279629,London-6ed3,26,36,Normal
2026-04-27 22:48:01.279629,London-6ed3,4,3,Normal
2026-04-27 22:48:02.279629,London-6ed3,38,87,Normal
2026-04-27 22:48:03.279629,London-6ed3,1,96,Normal
2026-04-27 22:48:04.279629,London-6ed3,28,24,Normal
2026-04-27 22:48:05.279629,London-6ed3,14,25,Normal
2026-04-27 22:48:06.279629,London-6ed3,-24,57,Normal
2026-04-27 22:48:07.279629,London-6ed3,46,55,Normal
2026-04-27 22:48:08.279629,London-6ed3,30,91,Normal
2026-04-27 22:48:09.279629,London-6ed3,50,28,Normal
2026-04-27 22:48:10.279629,London-6ed3,-25,20,Normal
2026-04-27 22:48:11.279629,London-6ed3,17,3,Normal
2026-04-27 22:48:12.279629,London-6ed3,4,75,Normal
2026-04-27 22:48:13.279629,London-6ed3,23,100,Normal
2026-04-27 22:48:14.279629,London-6ed3,-5,99,Normal
2026-04-27 22:48:15.279629,London-6ed3,11,53,Normal
2026-04-27 22:48:16.279629,London-6ed3,-18,97,Normal
2026-04-27 22:48:17.279629,London-6ed3,31,73,Normal
2026-04-27 22:48:18.279629,London-6ed3,-6,75,Normal
2026-04-27 22:48:19.279629,London-6ed3,-30,60,Normal
2026-04-27 22:48:20.279629,London-6ed3,2,89,Normal
2026-04-27 22:48:21.279629,London-6ed3,42,70,Normal
2026-04-27 22:48:22.279629,London-6ed3,20,53,Normal
2026-04-27 22:48:23.279629,London-6ed3,4,92,Normal
2026-04-27 22:48:24.279629,London-6ed3,5,64,Normal
2026-04-27 22:48:25.279629,London-6ed3,-23,34,Normal
2026-04-27 22:48:26.279629,London-6ed3,-9,87,Normal
2026-04-27 22:48:27.279629,London-6ed3,45,18,Normal
2026-04-27 22:48:28.279629,London-6ed3,8,70,Normal
2026-04-27 22:48:29.279629,London-6ed3,19,55,Normal
2026-04-27 22:48:30.279629,London-6ed3,43,17,Normal
2026-04-27 22:48:31.279629,London-6ed3,-19,76,Normal
2026-04-27 22:48:32.279629,London-6ed3,14,35,Normal
2026-04-27 22:48:33.279629,London-6ed3,38,95,Normal
2026-04-27 22:48:34.279629,London-6ed3,10,73,Normal
2026-04-27 22:48:35.279629,London-6ed3,-16,53,Normal
2026-04-27 22:48:36.279629,London-6ed3,-13,73,Normal
2026-04-27 22:48:37.279629,London-6ed3,39,51,Normal
2026-04-27 22:48:38.279629,London-6ed3,-26,1,Normal
2026-04-27 22:48:39.279629,London-6ed3,46,91,Normal
2026-04-27 22:48:40.279629,London-6ed3,-7,13,Normal
2026-04-27 22:48:41.279629,London-6ed3,42,38,Normal
2026-04-27 22:48:42.279629,London-6ed3,-14,79,Normal
2026-04-27 22:48:43.279629,London-6ed3,8,34,Normal
2026-04-27 22:48:44.279629,London-6ed3,-5,61,Normal
2026-04-27 22:48:45.279629,London-6ed3,-30,91,Normal
2026-04-27 22:48:46.279629,London-6ed3,30,88,Normal
2026-04-27 22:48:47.279629,London-6ed3,-25,14,Normal
2026-04-27 22:48:48.279629,London-6ed3,38,19,Normal
2026-04-27 22:48:49.279629,London-6ed3,-6,80,Normal
2026-04-27 22:48:50.279629,London-6ed3,23,69,Normal
2026-04-27 22:48:51.279629,London-6ed3,7,71,Normal
2026-04-27 22:48:52.279629,London-6ed3,16,33,Normal
2026-04-27 22:48:53.279629,London-6ed3,14,91,Normal
2026-04-27 22:48:54.279629,London-6ed3,-9,20,Normal
2026-04-27 22:48:55.279629,London-6ed3,-17,46,Normal
2026-04-27 22:48:56.279629,London-6ed3,13,2,Normal
2026-04-27 22:48:57.279629,London-6ed3,-30,71,Normal
2026-04-27 22:48:58.279629,London-6ed3,-1,24,Normal
2026-04-27 22:48:59.279629,London-6ed3,-2,5,Normal
2026-04-27 22:49:00.279629,London-6ed3,47,19,Normal
2026-04-27 22:49:01.279629,London-6ed3,-8,79,Normal
2026-04-27 22:49:02.279629,London-6ed3,27,4,Normal
2026-04-27 22:49:03.279629,London-6ed3,41,94,Normal
2026-04-27 22:49:04.279629,London-6ed3,17,86,Normal
2026-04-27 22:49:05.279629,London-6ed3,39,20,Normal
2026-04-27 22:49:06.279629,London-6ed3,-5,21,Normal
2026-04-27 22:49:07.279629,London-6ed3,1,62,Normal
2026-04-27 22:49:08.279629,London-6ed3,-25,77,Normal
2026-04-27 22:49:09.279629,London-6ed3,-7,71,Normal
2026-04-27 22:49:10.279629,London-6ed3,-9,92,Normal
2026-04-27 22:49:11.279629,London-6ed3,31,26,Normal
2026-04-27 22:49:12.279629,London-6ed3,-26,65,Normal
2026-04-27 22:49:13.279629,London-6ed3,-21,69,Normal
2026-04-27 22:49:14.279629,London-6ed3,-22,26,Normal
2026-04-27 22:49:15.279629,London-6ed3,-3,82,Normal
2026-04-27 22:49:16.279629,London-6ed3,-12,18,Normal
2026-04-27 22:49:17.279629,London-6ed3,2,1,Normal
2026-04-27 22:49:18.279629,London-6ed3,23,42,Normal
2026-04-27 22:49:19.279629,London-6ed3,30,18,Normal
2026-04-27 22:49:20.279629,London-6ed3,-28,27,Normal
2026-04-27 22:49:21.279629,London-6ed3,2,6,Normal
2026-04-27 22:49:22.279629,London-6ed3,-15,0,Normal
2026-04-27 22:49:23.279629,London-6ed3,23,4,Normal
2026-04-27 22:49:24.279629,London-6ed3,13,7,Normal
2026-04-27 22:49:25.279629,London-6ed3,33,96,Normal
2026-04-27 22:49:26.279629,London-6ed3,-18,15,Normal
2026-04-27 22:49:27.279629,London-6ed3,46,82,Normal
2026-04-27 22:49:28.279629,London-6ed3,18,63,Normal
2026-04-27 22:49:29.279629,London-6ed3,-3,1,Normal
2026-04-27 22:49:30.279629,London-6ed3,39,75,Normal
2026-04-27 22:49:31.279629,London-6ed3,44,52,Normal
2026-04-27 22:49:32.279629,London-6ed3,30,64,Normal
2026-04-27 22:49:33.279629,London-6ed3,6,93,Normal
2026-04-27 22:49:34.279629,London-6ed3,47,88,Normal
2026-04-27 22:49:35.279629,London-6ed3,29,80,Normal
2026-04-27 22:49:36.279629,London-6ed3,-17,3,Normal
2026-04-27 22:49:37.279629,London-6ed3,-5,20,Normal
2026-04-27 22:49:38.279629,London-6ed3,-28,47,Normal
2026-04-27 22:49:39.279629,London-6ed3,19,33,Normal
2026-04-27 22:49:40.279629,London-6ed3,43,16,Normal
2026-04-27 22:49:41.279629,London-6ed3,24,84,Normal
2026-04-27 22:49:42.279629,London-6ed3,-2,8,Normal
2026-04-27 22:49:43.279629,London-6ed3,-10,78,Normal
2026-04-27 22:49:44.279629,London-6ed3,-15,4,Normal
2026-04-27 22:49:45.279629,London-6ed3,47,4,Normal
2026-04-27 22:49:46.279629,London-6ed3,-19,94,Normal
2026-04-27 22:49:47.279629,London-6ed3,37,21,Normal
2026-04-27 22:49:48.279629,London-6ed3,40,94,Normal
2026-04-27 22:49:49.279629,London-6ed3,1,55,Normal
2026-04-27 22:49:50.279629,London-6ed3,-13,72,Normal
2026-04-27 22:49:51.279629,London-6ed3,23,69,Normal
2026-04-27 22:49:52.279629,London-6ed3,46,47,Normal
2026-04-27 22:49:53.279629,London-6ed3,18,75,Normal
2026-04-27 22:49:54.279629,London-6ed3,-10,79,Normal
2026-04-27 22:49:55.279629,London-6ed3,22,74,Normal
2026-04-27 22:49:56.279629,London-6ed3,12,21,Normal
2026-04-27 22:49:57.279629,London-6ed3,31,18,Normal
2026-04-27 22:49:58.279629,London-6ed3,-9,70,Normal
2026-04-27 22:49:59.279629,London-6ed3,13,47,Normal
2026-04-27 22:50:00.279629,London-6ed3,7,72,Normal
2026-04-27 22:50:01.279629,London-6ed3,44,12,Normal
2026-04-27 22:50:02.279629,London-6ed3,-16,65,Normal
2026-04-27 22:50:03.279629,London-6ed3,-15,79,Normal
2026-04-27 22:50:04.279629,London-6ed3,43,100,Normal
2026-04-27 22:50:05.279629,London-6ed3,45,27,Normal
2026-04-27 22:50:06.279629,London-6ed3,0,95,Normal
2026-04-27 22:50:07.279629,London-6ed3,-24,0,Normal
2026-04-27 22:50:08.279629,London-6ed3,-29,73,Normal
2026-04-27 22:50:09.279629,London-6ed3,-8,100,Normal
2026-04-27 22:50:10.279629,London-6ed3,-21,12,Normal
2026-04-27 22:50:11.279629,London-6ed3,12,55,Normal
2026-04-27 22:50:12.279629,London-6ed3,15,9,Normal
2026-04-27 22:50:13.279629,London-6ed3,-14,38,Normal
2026-04-27 22:50:14.279629,London-6ed3,-24,100,Normal
2026-04-27 22:50:15.279629,London-6ed3,-15,14,Normal
2026-04-27 22:50:16.279629,London-6ed3,24,87,Normal
2026-04-27 22:50:17.279629,London-6ed3,-25,55,Normal
2026-04-27 22:50:18.279629,London-6ed3,13,54,Normal
2026-04-27 22:50:19.279629,London-6ed3,-20,39,Normal
2026-04-27 22:50:20.279629,London-6ed3,-18,69,Normal
2026-04-27 22:50:21.279629,London-6ed3,-12,66,Normal
2026-04-27 22:50:22.279629,London-6ed3,-25,50,Normal
2026-04-27 22:50:23.279629,London-6ed3,46,90,Normal
2026-04-27 22:50:24.279629,London-6ed3,39,27,Normal
2026-04-27 22:50:25.279629,London-6ed3,17,11,Normal
2026-04-27 22:50:26.279629,London-6ed3,-4,77,Normal
2026-04-27 22:50:27.279629,London-6ed3,-20,80,Normal
2026-04-27 22:50:28.279629,London-6ed3,-13,96,Normal
2026-04-27 22:50:29.279629,London-6ed3,50,43,Normal
2026-04-27 22:50:30.279629,London-6ed3,33,61,Normal
2026-04-27 22:50:31.279629,London-6ed3,17,89,Normal
2026-04-27 22:50:32.279629,London-6ed3,16,40,Normal
2026-04-27 22:50:33.279629,London-6ed3,-14,85,Normal
2026-04-27 22:50:34.279629,London-6ed3,-25,9,Normal
2026-04-27 22:50:35.279629,London-6ed3,-21,8,Normal
2026-04-27 22:50:36.279629,London-6ed3,-30,81,Normal
2026-04-27 22:50:37.279629,London-6ed3,14,72,Normal
2026-04-27 22:50:38.279629,London-6ed3,-18,0,Normal
2026-04-27 22:50:39.279629,London-6ed3,30,100,Normal
2026-04-27 22:50:40.279629,London-6ed3,-5,82,Normal
2026-04-27 22:50:41.279629,London-6ed3,38,43,Normal
2026-04-27 22:50:42.279629,London-6ed3,-21,60,Normal
2026-04-27 22:50:43.279629,London-6ed3,28,83,Normal
2026-04-27 22:50:44.279629,London-6ed3,48,90,Normal
2026-04-27 22:50:45.279629,London-6ed3,10,52,Normal
2026-04-27 22:50:46.279629,London-6ed3,-6,76,Normal
2026-04-27 22:50:47.279629,London-6ed3,49,41,Normal
2026-04-27 22:50:48.279629,London-6ed3,30,43,Normal
2026-04-27 22:50:49.279629,London-6ed3,-11,71,Normal
2026-04-27 22:50:50.279629,London-6ed3,41,97,Normal
2026-04-27 22:50:51.279629,London-6ed3,20,42,Normal
2026-04-27 22:50:52.279629,London-6ed3,11,88,Normal
2026-04-27 22:50:53.279629,London-6ed3,-1,58,Normal
2026-04-27 22:50:54.279629,London-6ed3,19,87,Normal
2026-04-27 22:50:55.279629,London-6ed3,-30,88,Normal
2026-04-27 22:50:56.279629,London-6ed3,19,4,Normal
2026-04-27 22:50:57.279629,London-6ed3,-25,71,Normal
2026-04-27 22:50:58.279629,London-6ed3,-11,71,Normal
2026-04-27 22:50:59.279629,London-6ed3,31,61,Normal
2026-04-27 22:51:00.279629,London-6ed3,13,40,Normal
2026-04-27 22:51:01.279629,London-6ed3,-3,15,Normal
2026-04-27 22:51:02.279629,London-6ed3,36,48,Normal
2026-04-27 22:51:03.279629,London-6ed3,23,36,Normal
2026-04-27 22:51:04.279629,London-6ed3,-29,13,Normal
2026-04-27 22:51:05.279629,London-6ed3,-24,2,Normal
2026-04-27 22:51:06.279629,London-6ed3,-12,18,Normal
2026-04-27 22:51:07.279629,London-6ed3,4,89,Normal
2026-04-27 22:51:08.279629,London-6ed3,-1,64,Normal
2026-04-27 22:51:09.279629,London-6ed3,-19,0,Normal
2026-04-27 22:51:10.279629,London-6ed3,21,50,Normal
2026-04-27 22:51:11.279629,London-6ed3,-26,91,Normal
2026-04-27 22:51:12.279629,London-6ed3,37,37,Normal
2026-04-27 22:51:13.279629,London-6ed3,-18,47,Normal
2026-04-27 22:51:14.279629,London-6ed3,-1,67,Normal
2026-04-27 22:51:15.279629,London-6ed3,21,5,Normal
2026-04-27 22:51:16.279629,London-6ed3,4,63,Normal
2026-04-27 22:51:17.279629,London-6ed3,5,38,Normal
2026-04-27 22:51:18.279629,London-6ed3,48,74,Normal
2026-04-27 22:51:19.279629,London-6ed3,42,41,Normal
2026-04-27 22:51:20.279629,London-6ed3,27,46,Normal
2026-04-27 22:51:21.279629,London-6ed3,-29,73,Normal
2026-04-27 22:51:22.279629,London-6ed3,17,43,Normal
2026-04-27 22:51:23.279629,London-6ed3,11,98,Normal
2026-04-27 22:51:24.279629,London-6ed3,6,94,Normal
2026-04-27 22:51:25.279629,London-6ed3,49,96,Normal
2026-04-27 22:51:26.279629,London-6ed3,23,26,Normal
2026-04-27 22:51:27.279629,London-6ed3,22,33,Normal
2026-04-27 22:51:28.279629,London-6ed3,-30,80,Normal
2026-04-27 22:51:29.279629,London-6ed3,32,5,Normal
2026-04-27 22:51:30.279629,London-6ed3,-6,72,Normal
2026-04-27 22:51:31.279629,London-6ed3,-12,86,Normal
2026-04-27 22:51:32.279629,London-6ed3,13,52,Normal
2026-04-27 22:51:33.279629,London-6ed3,3,19,Normal
2026-04-27 22:51:34.279629,London-6ed3,-27,68,Normal
2026-04-27 22:51:35.279629,London-6ed3,-14,32,Normal
2026-04-27 22:51:36.279629,London-6ed3,38,42,Normal
2026-04-27 22:51:37.279629,London-6ed3,-9,78,Normal
2026-04-27 22:51:38.279629,London-6ed3,23,76,Normal
2026-04-27 22:51:39.279629,London-6ed3,3,9,Normal
2026-04-27 22:51:40.279629,London-6ed3,-18,84,Normal
2026-04-27 22:51:41.279629,London-6ed3,19,53,Normal
2026-04-27 22:51:42.279629,London-6ed3,39,65,Normal
2026-04-27 22:51:43.279629,London-6ed3,6,48,Normal
2026-04-27 22:51:44.279629,London-6ed3,-2,57,Normal
2026-04-27 22:51:45.279629,London-6ed3,28,23,Normal
2026-04-27 22:51:46.279629,London-6ed3,50,2,Normal
2026-04-27 22:51:47.279629,London-6ed3,43,2,Normal
2026-04-27 22:51:48.279629,London-6ed3,-10,10,Normal
2026-04-27 22:51:49.279629,London-6ed3,18,37,Normal
2026-04-27 22:51:50.279629,London-6ed3,-6,49,Normal
2026-04-27 22:51:51.279629,London-6ed3,24,80,Normal
2026-04-27 22:51:52.279629,London-6ed3,-24,7,Normal
2026-04-27 22:51:53.279629,London-6ed3,36,26,Normal
2026-04-27 22:51:54.279629,London-6ed3,6,39,Normal
2026-04-27 22:51:55.279629,London-6ed3,50,57,Normal
2026-04-27 22:51:56.279629,London-6ed3,20,100,Normal
2026-04-27 22:51:57.279629,London-6ed3,-19,45,Normal
2026-04-27 22:51:58.279629,London-6ed3,-2,84,Normal
2026-04-27 22:51:59.279629,London-6ed3,26,81,Normal
2026-04-27 22:52:00.279629,London-6ed3,-6,41,Normal
2026-04-27 22:52:01.279629,London-6ed3,-20,98,Normal
2026-04-27 22:52:02.279629,London-6ed3,18,48,Normal
2026-04-27 22:52:03.279629,London-6ed3,23,8,Normal
2026-04-27 22:52:04.279629,London-6ed3,-26,47,Normal
2026-04-27 22:52:05.279629,London-6ed3,-22,78,Normal
2026-04-27 22:52:06.279629,London-6ed3,18,4,Normal
2026-04-27 22:52:07.279629,London-6ed3,46,54,Normal
2026-04-27 22:52:08.279629,London-6ed3,3,77,Normal
2026-04-27 22:52:09.279629,London-6ed3,4,58,Normal
2026-04-27 22:52:10.279629,London-6ed3,19,41,Normal
2026-04-27 22:52:11.279629,London-6ed3,49,40,Normal
2026-04-27 22:52:12.279629,London-6ed3,7,16,Normal
2026-04-27 22:52:13.279629,London-6ed3,0,24,Normal
2026-04-27 22:52:14.279629,London-6ed3,22,44,Normal
2026-04-27 22:52:15.279629,London-6ed3,-19,53,Normal
2026-04-27 22:52:16.279629,London-6ed3,11,92,Normal
2026-04-27 22:52:17.279629,London-6ed3,25,35,Normal
2026-04-27 22:52:18.279629,London-6ed3,37,69,Normal
2026-04-27 22:52:19.279629,London-6ed3,10,53,Normal
2026-04-27 22:52:20.279629,London-6ed3,8,56,Normal
2026-04-27 22:52:21.279629,London-6ed3,30,5,Normal
2026-04-27 22:52:22.279629,London-6ed3,-3,34,Normal
2026-04-27 22:52:23.279629,London-6ed3,-1,63,Normal
2026-04-27 22:52:24.279629,London-6ed3,-30,81,Normal
2026-04-27 22:52:25.279629,London-6ed3,8,67,Normal
2026-04-27 22:52:26.279629,London-6ed3,24,60,Normal
2026-04-27 22:52:27.279629,London-6ed3,-5,69,Normal
2026-04-27 22:52:28.279629,London-6ed3,32,52,Normal
2026-04-27 22:52:29.279629,London-6ed3,37,42,Normal
2026-04-27 22:52:30.279629,London-6ed3,34,54,Normal
2026-04-27 22:52:31.279629,London-6ed3,3,82,Normal
2026-04-27 22:52:32.279629,London-6ed3,34,11,Normal
2026-04-27 22:52:33.279629,London-6ed3,5,31,Normal
2026-04-27 22:52:34.279629,London-6ed3,18,82,Normal
2026-04-27 22:52:35.279629,London-6ed3,-21,68,Normal
2026-04-27 22:52:36.279629,London-6ed3,-3,49,Normal
2026-04-27 22:52:37.279629,London-6ed3,-8,5,Normal
2026-04-27 22:52:38.279629,London-6ed3,-10,24,Normal
2026-04-27 22:52:39.279629,London-6ed3,-12,78,Normal
2026-04-27 22:52:40.279629,London-6ed3,15,66,Normal
2026-04-27 22:52:41.279629,London-6ed3,27,75,Normal
2026-04-27 22:52:42.279629,London-6ed3,48,81,Normal
2026-04-27 22:52:43.279629,London-6ed3,23,50,Normal
2026-04-27 22:52:44.279629,London-6ed3,0,82,Normal
2026-04-27 22:52:45.279629,London-6ed3,-16,72,Normal
2026-04-27 22:52:46.279629,London-6ed3,-23,81,Normal
2026-04-27 22:52:47.279629,London-6ed3,20,7,Normal
2026-04-27 22:52:48.279629,London-6ed3,-24,10,Normal
2026-04-27 22:52:49.279629,London-6ed3,6,1,Normal
2026-04-27 22:52:50.279629,London-6ed3,25,82,Normal
2026-04-27 22:52:51.279629,London-6ed3,28,28,Normal
2026-04-27 22:52:52.279629,London-6ed3,30,10,Normal
2026-04-27 22:52:53.279629,London-6ed3,28,29,Normal
2026-04-27 22:52:54.279629,London-6ed3,14,61,Normal
2026-04-27 22:52:55.279629,London-6ed3,10,83,Normal
2026-04-27 22:52:56.279629,London-6ed3,39,22,Normal
2026-04-27 22:52:57.279629,London-6ed3,28,0,Normal
2026-04-27 22:52:58.279629,London-6ed3,-25,78,Normal
2026-04-27 22:52:59.279629,London-6ed3,4,41,Normal
2026-04-27 22:53:00.279629,London-6ed3,26,78,Normal
2026-04-27 22:53:01.279629,London-6ed3,20,40,Normal
2026-04-27 22:53:02.279629,London-6ed3,35,93,Normal
2026-04-27 22:53:03.279629,London-6ed3,11,15,Normal
2026-04-27 22:53:04.279629,London-6ed3,-26,10,Normal
2026-04-27 22:53:05.279629,London-6ed3,-26,44,Normal
2026-04-27 22:53:06.279629,London-6ed3,-28,30,Normal
2026-04-27 22:53:07.279629,London-6ed3,46,93,Normal
2026-04-27 22:53:08.279629,London-6ed3,23,50,Normal
2026-04-27 22:53:09.279629,London-6ed3,4,75,Normal
2026-04-27 22:53:10.279629,London-6ed3,19,33,Normal
2026-04-27 22:53:11.279629,London-6ed3,9,76,Normal
2026-04-27 22:53:12.279629,London-6ed3,-27,76,Normal
2026-04-27 22:53:13.279629,London-6ed3,-20,11,Normal
2026-04-27 22:53:14.279629,London-6ed3,-3,47,Normal
2026-04-27 22:53:15.279629,London-6ed3,-25,2,Normal
2026-04-27 22:53:16.279629,London-6ed3,15,66,Normal
2026-04-27 22:53:17.279629,London-6ed3,24,93,Normal
2026-04-27 22:53:18.279629,London-6ed3,13,22,Normal
2026-04-27 22:53:19.279629,London-6ed3,9,76,Normal
2026-04-27 22:53:20.279629,London-6ed3,1,13,Normal
2026-04-27 22:53:21.279629,London-6ed3,3,12,Normal
2026-04-27 22:53:22.279629,London-6ed3,-6,4,Normal
2026-04-27 22:53:23.279629,London-6ed3,7,74,Normal
2026-04-27 22:53:24.279629,London-6ed3,37,35,Normal
2026-04-27 22:53:25.279629,London-6ed3,41,44,Normal
2026-04-27 22:53:26.279629,London-6ed3,-16,96,Normal
2026-04-27 22:53:27.279629,London-6ed3,-19,50,Normal
2026-04-27 22:53:28.279629,London-6ed3,25,26,Normal
2026-04-27 22:53:29.279629,London-6ed3,24,46,Normal
2026-04-27 22:53:30.279629,London-6ed3,18,5,Normal
2026-04-27 22:53:31.279629,London-6ed3,44,58,Normal
2026-04-27 22:53:32.279629,London-6ed3,-10,77,Normal
2026-04-27 22:53:33.279629,London-6ed3,41,70,Normal
2026-04-27 22:53:34.279629,London-6ed3,9,88,Normal
2026-04-27 22:53:35.279629,London-6ed3,24,37,Normal
2026-04-27 22:53:36.279629,London-6ed3,23,10,Normal
2026-04-27 22:53:37.279629,London-6ed3,14,33,Normal
2026-04-27 22:53:38.279629,London-6ed3,21,27,Normal
2026-04-27 22:53:39.279629,London-6ed3,28,95,Normal
2026-04-27 22:53:40.279629,London-6ed3,-16,72,Normal
2026-04-27 22:53:41.279629,London-6ed3,-28,95,Normal
2026-04-27 22:53:42.279629,London-6ed3,23,48,Normal
2026-04-27 22:53:43.279629,London-6ed3,43,21,Normal
2026-04-27 22:53:44.279629,London-6ed3,-22,91,Normal
2026-04-27 22:53:45.279629,London-6ed3,-17,12,Normal
2026-04-27 22:53:46.279629,London-6ed3,16,63,Normal
2026-04-27 22:53:47.279629,London-6ed3,-3,2,Normal
2026-04-27 22:53:48.279629,London-6ed3,-4,71,Normal
2026-04-27 22:53:49.279629,London-6ed3,42,87,Normal
2026-04-27 22:53:50.279629,London-6ed3,35,61,Normal
2026-04-27 22:53:51.279629,London-6ed3,4,17,Normal
2026-04-27 22:53:52.279629,London-6ed3,-27,29,Normal
2026-04-27 22:53:53.279629,London-6ed3,47,43,Normal
2026-04-27 22:53:54.279629,London-6ed3,-16,52,Normal
2026-04-27 22:53:55.279629,London-6ed3,48,27,Normal
2026-04-27 22:53:56.279629,London-6ed3,-15,12,Normal
2026-04-27 22:53:57.279629,London-6ed3,-15,29,Normal
2026-04-27 22:53:58.279629,London-6ed3,-19,52,Normal
2026-04-27 22:53:59.279629,London-6ed3,36,89,Normal
2026-04-27 22:54:00.279629,London-6ed3,21,34,Normal
2026-04-27 22:54:01.279629,London-6ed3,7,71,Normal
2026-04-27 22:54:02.279629,London-6ed3,20,9,Normal
2026-04-27 22:54:03.279629,London-6ed3,17,57,Normal
2026-04-27 22:54:04.279629,London-6ed3,25,28,Normal
2026-04-27 22:54:05.279629,London-6ed3,31,86,Normal
2026-04-27 22:54:06.279629,London-6ed3,38,55,Normal
2026-04-27 22:54:07.279629,London-6ed3,49,11,Normal
2026-04-27 22:54:08.279629,London-6ed3,-24,61,Normal
2026-04-27 22:54:09.279629,London-6ed3,19,85,Normal
2026-04-27 22:54:10.279629,London-6ed3,35,9,Normal
2026-04-27 22:54:11.279629,London-6ed3,7,44,Normal
2026-04-27 22:54:12.279629,London-6ed3,-23,72,Normal
2026-04-27 22:54:13.279629,London-6ed3,35,7,Normal
2026-04-27 22:54:14.279629,London-6ed3,31,82,Normal
2026-04-27 22:54:15.279629,London-6ed3,49,77,Normal
2026-04-27 22:54:16.279629,London-6ed3,44,58,Normal
2026-04-27 22:54:17.279629,London-6ed3,11,1,Normal
2026-04-27 22:54:18.279629,London-6ed3,19,18,Normal
2026-04-27 22:54:19.279629,London-6ed3,22,79,Normal
2026-04-27 22:54:20.279629,London-6ed3,-27,53,Normal
2026-04-27 22:54:21.279629,London-6ed3,-12,54,Normal
2026-04-27 22:54:22.279629,London-6ed3,2,40,Normal
2026-04-27 22:54:23.279629,London-6ed3,-4,74,Normal
2026-04-27 22:54:24.279629,London-6ed3,37,79,Normal
2026-04-27 22:54:25.279629,London-6ed3,3,13,Normal
2026-04-27 22:54:26.279629,London-6ed3,46,57,Normal
2026-04-27 22:54:27.279629,London-6ed3,-10,38,Normal
2026-04-27 22:54:28.279629,London-6ed3,14,66,Normal
2026-04-27 22:54:29.279629,London-6ed3,24,19,Normal
2026-04-27 22:54:30.279629,London-6ed3,-5,9,Normal
2026-04-27 22:54:31.279629,London-6ed3,16,33,Normal
2026-04-27 22:54:32.279629,London-6ed3,27,50,Normal
2026-04-27 22:54:33.279629,London-6ed3,-14,70,Normal
2026-04-27 22:54:34.279629,London-6ed3,11,62,Normal
2026-04-27 22:54:35.279629,London-6ed3,16,27,Normal
2026-04-27 22:54:36.279629,London-6ed3,14,81,Normal
2026-04-27 22:54:37.279629,London-6ed3,-14,65,Normal
2026-04-27 22:54:38.279629,London-6ed3,5,39,Normal
2026-04-27 22:54:39.279629,London-6ed3,49,65,Normal
2026-04-27 22:54:40.279629,London-6ed3,-1,3,Normal
2026-04-27 22:54:41.279629,London-6ed3,-23,48,Normal
2026-04-27 22:54:42.279629,London-6ed3,10,95,Normal
2026-04-27 22:54:43.279629,London-6ed3,-26,98,Normal
2026-04-27 22:54:44.279629,London-6ed3,41,28,Normal
2026-04-27 22:54:45.279629,London-6ed3,-27,50,Normal
2026-04-27 22:54:46.279629,London-6ed3,4,41,Normal
2026-04-27 22:54:47.279629,London-6ed3,-17,72,Normal
2026-04-27 22:54:48.279629,London-6ed3,28,0,Normal
2026-04-27 22:54:49.279629,London-6ed3,45,30,Normal
2026-04-27 22:54:50.279629,London-6ed3,33,27,Normal
2026-04-27 22:54:51.279629,London-6ed3,21,4,Normal
2026-04-27 22:54:52.279629,London-6ed3,5,7,Normal
2026-04-27 22:54:53.279629,London-6ed3,37,96,Normal
2026-04-27 22:54:54.279629,London-6ed3,-29,74,Normal
2026-04-27 22:54:55.279629,London-6ed3,38,7,Normal
2026-04-27 22:54:56.279629,London-6ed3,42,51,Normal
2026-04-27 22:54:57.279629,London-6ed3,29,21,Normal
2026-04-27 22:54:58.279629,London-6ed3,-17,27,Normal
2026-04-27 22:54:59.279629,London-6ed3,-13,47,Normal
2026-04-27 22:55:00.279629,London-6ed3,4,0,Normal
2026-04-27 22:55:01.279629,London-6ed3,31,16,Normal
2026-04-27 22:55:02.279629,London-6ed3,20,41,Normal
2026-04-27 22:55:03.279629,London-6ed3,23,32,Normal
2026-04-27 22:55:04.279629,London-6ed3,13,95,Normal
2026-04-27 22:55:05.279629,London-6ed3,45,50,Normal
2026-04-27 22:55:06.279629,London-6ed3,47,19,Normal
2026-04-27 22:55:07.279629,London-6ed3,3,3,Normal
2026-04-27 22:55:08.279629,London-6ed3,35,15,Normal
2026-04-27 22:55:09.279629,London-6ed3,-6,15,Normal
2026-04-27 22:55:10.279629,London-6ed3,2,30,Normal
2026-04-27 22:55:11.279629,London-6ed3,-5,27,Normal
2026-04-27 22:55:12.279629,London-6ed3,28,82,Normal
2026-04-27 22:55:13.279629,London-6ed3,39,18,Normal
2026-04-27 22:55:14.279629,London-6ed3,-29,80,Normal
2026-04-27 22:55:15.279629,London-6ed3,-10,66,Normal
2026-04-27 22:55:16.279629,London-6ed3,11,27,Normal
2026-04-27 22:55:17.279629,London-6ed3,46,72,Normal
2026-04-27 22:55:18.279629,London-6ed3,-13,59,Normal
2026-04-27 22:55:19.279629,London-6ed3,-21,85,Normal
2026-04-27 22:55:20.279629,London-6ed3,-28,81,Normal
2026-04-27 22:55:21.279629,London-6ed3,-17,39,Normal
2026-04-27 22:55:22.279629,London-6ed3,-29,34,Normal
2026-04-27 22:55:23.279629,London-6ed3,-10,83,Normal
2026-04-27 22:55:24.279629,London-6ed3,48,5,Normal
2026-04-27 22:55:25.279629,London-6ed3,15,16,Normal
2026-04-27 22:55:26.279629,London-6ed3,43,93,Normal
2026-04-27 22:55:27.279629,London-6ed3,35,63,Normal
2026-04-27 22:55:28.279629,London-6ed3,17,1,Normal
2026-04-27 22:55:29.279629,London-6ed3,32,27,Normal
2026-04-27 22:55:30.279629,London-6ed3,4,51,Normal
2026-04-27 22:55:31.279629,London-6ed3,-19,30,Normal
2026-04-27 22:55:32.279629,London-6ed3,12,33,Normal
2026-04-27 22:55:33.279629,London-6ed3,44,17,Normal
2026-04-27 22:55:34.279629,London-6ed3,-11,67,Normal
2026-04-27 22:55:35.279629,London-6ed3,-23,83,Normal
2026-04-27 22:55:36.279629,London-6ed3,-13,98,Normal
2026-04-27 22:55:37.279629,London-6ed3,48,100,Normal
2026-04-27 22:55:38.279629,London-6ed3,16,5,Normal
2026-04-27 22:55:39.279629,London-6ed3,-18,28,Normal
2026-04-27 22:55:40.279629,London-6ed3,2,83,Normal
2026-04-27 22:55:41.279629,London-6ed3,-17,69,Normal
2026-04-27 22:55:42.279629,London-6ed3,45,54,Normal
2026-04-27 22:55:43.279629,London-6ed3,-4,41,Normal
2026-04-27 22:55:44.279629,London-6ed3,-27,35,Normal
2026-04-27 22:55:45.279629,London-6ed3,15,48,Normal
2026-04-27 22:55:46.279629,London-6ed3,40,96,Normal
2026-04-27 22:55:47.279629,London-6ed3,-15,3,Normal
2026-04-27 22:55:48.279629,London-6ed3,34,88,Normal
2026-04-27 22:55:49.279629,London-6ed3,39,15,Normal
2026-04-27 22:55:50.279629,London-6ed3,-23,10,Normal
2026-04-27 22:55:51.279629,London-6ed3,8,13,Normal
2026-04-27 22:55:52.279629,London-6ed3,26,59,Normal
2026-04-27 22:55:53.279629,London-6ed3,40,51,Normal
2026-04-27 22:55:54.279629,London-6ed3,16,80,Normal
2026-04-27 22:55:55.279629,London-6ed3,21,42,Normal
2026-04-27 22:55:56.279629,London-6ed3,-13,1,Normal
2026-04-27 22:55:57.279629,London-6ed3,18,43,Normal
2026-04-27 22:55:58.279629,London-6ed3,4,54,Normal
2026-04-27 22:55:59.279629,London-6ed3,38,4,Normal
2026-04-27 22:56:00.279629,London-6ed3,45,22,Normal
2026-04-27 22:56:01.279629,London-6ed3,20,88,Normal
2026-04-27 22:56:02.279629,London-6ed3,47,26,Normal
2026-04-27 22:56:03.279629,London-6ed3,13,77,Normal
2026-04-27 22:56:04.279629,London-6ed3,-27,30,Normal
2026-04-27 22:56:05.279629,London-6ed3,39,60,Normal
2026-04-27 22:56:06.279629,London-6ed3,6,22,Normal
2026-04-27 22:56:07.279629,London-6ed3,17,18,Normal
2026-04-27 22:56:08.279629,London-6ed3,38,91,Normal
2026-04-27 22:56:09.279629,London-6ed3,40,54,Normal
2026-04-27 22:56:10.279629,London-6ed3,45,79,Normal
2026-04-27 22:56:11.279629,London-6ed3,-2,27,Normal
2026-04-27 22:56:12.279629,London-6ed3,-2,20,Normal
2026-04-27 22:56:13.279629,London-6ed3,23,30,Normal
2026-04-27 22:56:14.279629,London-6ed3,-7,74,Normal
2026-04-27 22:56:15.279629,London-6ed3,-7,49,Normal
2026-04-27 22:56:16.279629,London-6ed3,-9,14,Normal
2026-04-27 22:56:17.279629,London-6ed3,-24,2,Normal
2026-04-27 22:56:18.279629,London-6ed3,-5,21,Normal
2026-04-27 22:56:19.279629,London-6ed3,-21,21,Normal
2026-04-27 22:56:20.279629,London-6ed3,-8,14,Normal
2026-04-27 22:56:21.279629,London-6ed3,11,8,Normal
2026-04-27 22:56:22.279629,London-6ed3,25,99,Normal
2026-04-27 22:56:23.279629,London-6ed3,30,86,Normal
2026-04-27 22:56:24.279629,London-6ed3,-2,34,Normal
2026-04-27 22:56:25.279629,London-6ed3,9,42,Normal
2026-04-27 22:56:26.279629,London-6ed3,23,29,Normal
2026-04-27 22:56:27.279629,London-6ed3,45,34,Normal
2026-04-27 22:56:28.279629,London-6ed3,8,93,Normal
2026-04-27 22:56:29.279629,London-6ed3,22,41,Normal
2026-04-27 22:56:30.279629,London-6ed3,-14,32,Normal
2026-04-27 22:56:31.279629,London-6ed3,-18,62,Normal
2026-04-27 22:56:32.279629,London-6ed3,13,27,Normal
2026-04-27 22:56:33.279629,London-6ed3,28,25,Normal
2026-04-27 22:56:34.279629,London-6ed3,0,93,Normal
2026-04-27 22:56:35.279629,London-6ed3,47,80,Normal
2026-04-27 22:56:36.279629,London-6ed3,-3,70,Normal
2026-04-27 22:56:37.279629,London-6ed3,-29,100,Normal
2026-04-27 22:56:38.279629,London-6ed3,1,41,Normal
2026-04-27 22:56:39.279629,London-6ed3,-24,89,Normal
2026-04-27 22:56:40.279629,London-6ed3,-24,35,Normal
2026-04-27 22:56:41.279629,London-6ed3,46,13,Normal
2026-04-27 22:56:42.279629,London-6ed3,-25,25,Normal
2026-04-27 22:56:43.279629,London-6ed3,49,70,Normal
2026-04-27 22:56:44.279629,London-6ed3,-10,8,Normal
2026-04-27 22:56:45.279629,London-6ed3,-29,23,Normal
2026-04-27 22:56:46.279629,London-6ed3,-30,66,Normal
2026-04-27 22:56:47.279629,London-6ed3,3,41,Normal
2026-04-27 22:56:48.279629,London-6ed3,14,37,Normal
2026-04-27 22:56:49.279629,London-6ed3,15,82,Normal
2026-04-27 22:56:50.279629,London-6ed3,47,20,Normal
2026-04-27 22:56:51.279629,London-6ed3,-16,80,Normal
2026-04-27 22:56:52.279629,London-6ed3,5,35,Normal
2026-04-27 22:56:53.279629,London-6ed3,9,54,Normal
2026-04-27 22:56:54.279629,London-6ed3,-30,78,Normal
2026-04-27 22:56:55.279629,London-6ed3,-25,40,Normal
2026-04-27 22:56:56.279629,London-6ed3,-16,90,Normal
2026-04-27 22:56:57.279629,London-6ed3,8,9,Normal
2026-04-27 22:56:58.279629,London-6ed3,10,49,Normal
2026-04-27 22:56:59.279629,London-6ed3,-12,4,Normal
2026-04-27 22:57:00.279629,London-6ed3,33,54,Normal
2026-04-27 22:57:01.279629,London-6ed3,-11,36,Normal
2026-04-27 22:57:02.279629,London-6ed3,10,65,Normal
2026-04-27 22:57:03.279629,London-6ed3,-15,46,Normal
2026-04-27 22:57:04.279629,London-6ed3,-5,72,Normal
2026-04-27 22:57:05.279629,London-6ed3,43,68,Normal
2026-04-27 22:57:06.279629,London-6ed3,10,68,Normal
2026-04-27 22:57:07.279629,London-6ed3,32,54,Normal
2026-04-27 22:57:08.279629,London-6ed3,8,5,Normal
2026-04-27 22:57:09.279629,London-6ed3,23,21,Normal
2026-04-27 22:57:10.279629,London-6ed3,21,3,Normal
2026-04-27 22:57:11.279629,London-6ed3,34,99,Normal
2026-04-27 22:57:12.279629,London-6ed3,49,42,Normal
2026-04-27 22:57:13.279629,London-6ed3,-26,40,Normal
2026-04-27 22:57:14.279629,London-6ed3,40,82,Normal
2026-04-27 22:57:15.279629,London-6ed3,-8,8,Normal
2026-04-27 22:57:16.279629,London-6ed3,19,22,Normal
2026-04-27 22:57:17.279629,London-6ed3,13,78,Normal
2026-04-27 22:57:18.279629,London-6ed3,37,17,Normal
2026-04-27 22:57:19.279629,London-6ed3,-2,56,Normal
2026-04-27 22:57:20.279629,London-6ed3,34,16,Normal
2026-04-27 22:57:21.279629,London-6ed3,6,39,Normal
2026-04-27 22:57:22.279629,London-6ed3,7,83,Normal
2026-04-27 22:57:23.279629,London-6ed3,-6,30,Normal
2026-04-27 22:57:24.279629,London-6ed3,15,27,Normal
2026-04-27 22:57:25.279629,London-6ed3,43,1,Normal
2026-04-27 22:57:26.279629,London-6ed3,43,53,Normal
2026-04-27 22:57:27.279629,London-6ed3,-5,77,Normal
2026-04-27 22:57:28.279629,London-6ed3,-16,48,Normal
2026-04-27 22:57:29.279629,London-6ed3,3,67,Normal
2026-04-27 22:57:30.279629,London-6ed3,21,57,Normal
2026-04-27 22:57:31.279629,London-6ed3,37,95,Normal
2026-04-27 22:57:32.279629,London-6ed3,-29,42,Normal
2026-04-27 22:57:33.279629,London-6ed3,-11,0,Normal
2026-04-27 22:57:34.279629,London-6ed3,40,71,Normal
2026-04-27 22:57:35.279629,London-6ed3,13,96,Normal
2026-04-27 22:57:36.279629,London-6ed3,46,44,Normal
2026-04-27 22:57:37.279629,London-6ed3,-7,67,Normal
2026-04-27 22:57:38.279629,London-6ed3,-12,67,Normal
2026-04-27 22:57:39.279629,London-6ed3,-24,62,Normal
2026-04-27 22:57:40.279629,London-6ed3,15,1,Normal
2026-04-27 22:57:41.279629,London-6ed3,-7,94,Normal
2026-04-27 22:57:42.279629,London-6ed3,-6,20,Normal
2026-04-27 22:57:43.279629,London-6ed3,40,79,Normal
2026-04-27 22:57:44.279629,London-6ed3,-20,65,Normal
2026-04-27 22:57:45.279629,London-6ed3,14,55,Normal
2026-04-27 22:57:46.279629,London-6ed3,-8,35,Normal
2026-04-27 22:57:47.279629,London-6ed3,-12,54,Normal
2026-04-27 22:57:48.279629,London-6ed3,-4,27,Normal
2026-04-27 22:57:49.279629,London-6ed3,22,96,Normal
2026-04-27 22:57:50.279629,London-6ed3,-20,15,Normal
2026-04-27 22:57:51.279629,London-6ed3,42,83,Normal
2026-04-27 22:57:52.279629,London-6ed3,-7,9,Normal
2026-04-27 22:57:53.279629,London-6ed3,48,94,Normal
2026-04-27 22:57:54.279629,London-6ed3,47,69,Normal
2026-04-27 22:57:55.279629,London-6ed3,-10,99,Normal
2026-04-27 22:57:56.279629,London-6ed3,-16,78,Normal
2026-04-27 22:57:57.279629,London-6ed3,32,45,Normal
2026-04-27 22:57:58.279629,London-6ed3,-24,91,Normal
2026-04-27 22:57:59.279629,London-6ed3,12,90,Normal
2026-04-27 22:58:00.279629,London-6ed3,-20,78,Normal
2026-04-27 22:58:01.279629,London-6ed3,-6,46,Normal
2026-04-27 22:58:02.279629,London-6ed3,34,42,Normal
2026-04-27 22:58:03.279629,London-6ed3,20,47,Normal
2026-04-27 22:58:04.279629,London-6ed3,9,89,Normal
2026-04-27 22:58:05.279629,London-6ed3,39,78,Normal
2026-04-27 22:58:06.279629,London-6ed3,-5,80,Normal
2026-04-27 22:58:07.279629,London-6ed3,49,43,Normal
2026-04-27 22:58:08.279629,London-6ed3,3,24,Normal
2026-04-27 22:58:09.279629,London-6ed3,0,53,Normal
2026-04-27 22:58:10.279629,London-6ed3,26,88,Normal
2026-04-27 22:58:11.279629,London-6ed3,-8,76,Normal
2026-04-27 22:58:12.279629,London-6ed3,10,25,Normal
2026-04-27 22:58:13.279629,London-6ed3,-22,20,Normal
2026-04-27 22:58:14.279629,London-6ed3,42,76,Normal
2026-04-27 22:58:15.279629,London-6ed3,-10,79,Normal
2026-04-27 22:58:16.279629,London-6ed3,11,40,Normal
2026-04-27 22:58:17.279629,London-6ed3,19,84,Normal
2026-04-27 22:58:18.279629,London-6ed3,2,40,Normal
2026-04-27 22:58:19.279629,London-6ed3,6,43,Normal
2026-04-27 22:58:20.279629,London-6ed3,-2,76,Normal
2026-04-27 22:58:21.279629,London-6ed3,-30,0,Normal
2026-04-27 22:58:22.279629,London-6ed3,22,52,Normal
2026-04-27 22:58:23.279629,London-6ed3,32,47,Normal
2026-04-27 22:58:24.279629,London-6ed3,-16,26,Normal
2026-04-27 22:58:25.279629,London-6ed3,29,15,Normal
2026-04-27 22:58:26.279629,London-6ed3,-30,1,Normal
2026-04-27 22:58:27.279629,London-6ed3,34,69,Normal
2026-04-27 22:58:28.279629,London-6ed3,0,94,Normal
2026-04-27 22:58:29.279629,London-6ed3,20,79,Normal
2026-04-27 22:58:30.279629,London-6ed3,-17,59,Normal
2026-04-27 22:58:31.279629,London-6ed3,18,33,Normal
2026-04-27 22:58:32.279629,London-6ed3,21,42,Normal
2026-04-27 22:58:33.279629,London-6ed3,12,18,Normal
2026-04-27 22:58:34.279629,London-6ed3,36,73,Normal
2026-04-27 22:58:35.279629,London-6ed3,26,8,Normal
2026-04-27 22:58:36.279629,London-6ed3,-6,51,Normal
2026-04-27 22:58:37.279629,London-6ed3,-27,55,Normal
2026-04-27 22:58:38.279629,London-6ed3,-18,58,Normal
2026-04-27 22:58:39.279629,London-6ed3,34,26,Normal
2026-04-27 22:58:40.279629,London-6ed3,13,27,Normal
2026-04-27 22:58:41.279629,London-6ed3,-2,42,Normal
2026-04-27 22:58:42.279629,London-6ed3,-1,5,Normal
2026-04-27 22:58:43.279629,London-6ed3,10,42,Normal
2026-04-27 22:58:44.279629,London-6ed3,-15,80,Normal
2026-04-27 22:58:45.279629,London-6ed3,19,84,Normal
2026-04-27 22:58:46.279629,London-6ed3,28,70,Normal
2026-04-27 22:58:47.279629,London-6ed3,-23,44,Normal
2026-04-27 22:58:48.279629,London-6ed3,47,25,Normal
2026-04-27 22:58:49.279629,London-6ed3,-28,0,Normal
2026-04-27 22:58:50.279629,London-6ed3,-5,84,Normal
2026-04-27 22:58:51.279629,London-6ed3,-30,90,Normal
2026-04-27 22:58:52.279629,London-6ed3,16,91,Normal
2026-04-27 22:58:53.279629,London-6ed3,6,81,Normal
2026-04-27 22:58:54.279629,London-6ed3,25,92,Normal
2026-04-27 22:58:55.279629,London-6ed3,-14,35,Normal
2026-04-27 22:58:56.279629,London-6ed3,6,5,Normal
2026-04-27 22:58:57.279629,London-6ed3,28,71,Normal
2026-04-27 22:58:58.279629,London-6ed3,-9,26,Normal
2026-04-27 22:58:59.279629,London-6ed3,28,75,Normal
2026-04-27 22:59:00.279629,London-6ed3,25,98,Normal
2026-04-27 22:59:01.279629,London-6ed3,11,97,Normal
2026-04-27 22:59:02.279629,London-6ed3,41,21,Normal
2026-04-27 22:59:03.279629,London-6ed3,33,23,Normal
2026-04-27 22:59:04.279629,London-6ed3,37,59,Normal
2026-04-27 22:59:05.279629,London-6ed3,-16,52,Normal
2026-04-27 22:59:06.279629,London-6ed3,-29,81,Normal
2026-04-27 22:59:07.279629,London-6ed3,39,78,Normal
2026-04-27 22:59:08.279629,London-6ed3,41,59,Normal
2026-04-27 22:59:09.279629,London-6ed3,-2,47,Normal
2026-04-27 22:59:10.279629,London-6ed3,38,0,Normal
2026-04-27 22:59:11.279629,London-6ed3,-5,55,Normal
2026-04-27 22:59:12.279629,London-6ed3,-5,57,Normal
2026-04-27 22:59:13.279629,London-6ed3,12,5,Normal
2026-04-27 22:59:14.279629,London-6ed3,1,95,Normal
2026-04-27 22:59:15.279629,London-6ed3,-12,95,Normal
2026-04-27 22:59:16.279629,London-6ed3,41,67,Normal
2026-04-27 22:59:17.279629,London-6ed3,23,77,Normal
2026-04-27 22:59:18.279629,London-6ed3,39,37,Normal
2026-04-27 22:59:19.279629,London-6ed3,-14,92,Normal
2026-04-27 22:59:20.279629,London-6ed3,4,11,Normal
2026-04-27 22:59:21.279629,London-6ed3,-17,51,Normal
2026-04-27 22:59:22.279629,London-6ed3,-2,3,Normal
2026-04-27 22:59:23.279629,London-6ed3,16,99,Normal
2026-04-27 22:59:24.279629,London-6ed3,-17,42,Normal
2026-04-27 22:59:25.279629,London-6ed3,27,2,Normal
2026-04-27 22:59:26.279629,London-6ed3,-8,61,Normal
2026-04-27 22:59:27.279629,London-6ed3,-8,65,Normal
2026-04-27 22:59:28.279629,London-6ed3,42,2,Normal
2026-04-27 22:59:29.279629,London-6ed3,-22,8,Normal
2026-04-27 22:59:30.279629,London-6ed3,33,99,Normal
2026-04-27 22:59:31.279629,London-6ed3,-25,3,Normal
2026-04-27 22:59:32.279629,London-6ed3,-17,88,Normal
2026-04-27 22:59:33.279629,London-6ed3,23,15,Normal
2026-04-27 22:59:34.279629,London-6ed3,1,89,Normal
2026-04-27 22:59:35.279629,London-6ed3,22,53,Normal
2026-04-27 22:59:36.279629,London-6ed3,20,87,Normal
2026-04-27 22:59:37.279629,London-6ed3,-30,29,Normal
2026-04-27 22:59:38.279629,London-6ed3,6,49,Normal
2026-04-27 22:59:39.279629,London-6ed3,-15,54,Normal
2026-04-27 22:59:40.279629,London-6ed3,29,21,Normal
2026-04-27 22:59:41.279629,London-6ed3,43,2,Normal
2026-04-27 22:59:42.279629,London-6ed3,-1,45,Normal
2026-04-27 22:59:43.279629,London-6ed3,-30,95,Normal
2026-04-27 22:59:44.279629,London-6ed3,-3,90,Normal
2026-04-27 22:59:45.279629,London-6ed3,22,43,Normal
2026-04-27 22:59:46.279629,London-6ed3,-7,98,Normal
2026-04-27 22:59:47.279629,London-6ed3,-16,13,Normal
2026-04-27 22:59:48.279629,London-6ed3,-23,7,Normal
2026-04-27 22:59:49.279629,London-6ed3,27,51,Normal
2026-04-27 22:59:50.279629,London-6ed3,-4,46,Normal
2026-04-27 22:59:51.279629,London-6ed3,27,48,Normal
2026-04-27 22:59:52.279629,London-6ed3,-4,58,Normal
2026-04-27 22:59:53.279629,London-6ed3,12,100,Normal
2026-04-27 22:59:54.279629,London-6ed3,15,53,Normal
2026-04-27 22:59:55.279629,London-6ed3,-17,28,Normal
2026-04-27 22:59:56.279629,London-6ed3,-9,21,Normal
2026-04-27 22:59:57.279629,London-6ed3,42,42,Normal
2026-04-27 22:59:58.279629,London-6ed3,-10,79,Normal
2026-04-27 22:59:59.279629,London-6ed3,47,63,Normal
2026-04-27 23:00:00.279629,London-6ed3,-10,100,Normal
2026-04-27 23:00:01.279629,London-6ed3,12,98,Normal
2026-04-27 23:00:02.279629,London-6ed3,19,65,Normal
2026-04-27 23:00:03.279629,London-6ed3,13,10,Normal
2026-04-27 23:00:04.279629,London-6ed3,4,96,Normal
2026-04-27 23:00:05.279629,London-6ed3,-24,57,Normal
2026-04-27 23:00:06.279629,London-6ed3,-6,54,Normal
2026-04-27 23:00:07.279629,London-6ed3,9,38,Normal
2026-04-27 23:00:08.279629,London-6ed3,37,31,Normal
2026-04-27 23:00:09.279629,London-6ed3,28,44,Normal
2026-04-27 23:00:10.279629,London-6ed3,40,56,Normal
2026-04-27 23:00:11.279629,London-6ed3,-17,91,Normal
2026-04-27 23:00:12.279629,London-6ed3,-29,10,Normal
2026-04-27 23:00:13.279629,London-6ed3,5,38,Normal
2026-04-27 23:00:14.279629,London-6ed3,-29,74,Normal
2026-04-27 23:00:15.279629,London-6ed3,9,62,Normal
2026-04-27 23:00:16.279629,London-6ed3,44,7,Normal
2026-04-27 23:00:17.279629,London-6ed3,-14,53,Normal
2026-04-27 23:00:18.279629,London-6ed3,36,61,Normal
2026-04-27 23:00:19.279629,London-6ed3,-15,24,Normal
2026-04-27 23:00:20.279629,London-6ed3,-9,43,Normal
2026-04-27 23:00:21.279629,London-6ed3,-6,70,Normal
2026-04-27 23:00:22.279629,London-6ed3,-15,22,Normal
2026-04-27 23:00:23.279629,London-6ed3,13,28,Normal
2026-04-27 23:00:24.279629,London-6ed3,-6,3,Normal
2026-04-27 23:00:25.279629,London-6ed3,-29,34,Normal
2026-04-27 23:00:26.279629,London-6ed3,35,12,Normal
2026-04-27 23:00:27.279629,London-6ed3,3,43,Normal
2026-04-27 23:00:28.279629,London-6ed3,-25,25,Normal
2026-04-27 23:00:29.279629,London-6ed3,11,47,Normal
2026-04-27 23:00:30.279629,London-6ed3,44,95,Normal
2026-04-27 23:00:31.279629,London-6ed3,22,41,Normal
2026-04-27 23:00:32.279629,London-6ed3,39,87,Normal
2026-04-27 23:00:33.279629,London-6ed3,-9,20,Normal
2026-04-27 23:00:34.279629,London-6ed3,18,28,Normal
2026-04-27 23:00:35.279629,London-6ed3,48,33,Normal
2026-04-27 23:00:36.279629,London-6ed3,23,64,Normal
2026-04-27 23:00:37.279629,London-6ed3,24,12,Normal
2026-04-27 23:00:38.279629,London-6ed3,34,55,Normal
2026-04-27 23:00:39.279629,London-6ed3,-20,62,Normal
2026-04-27 23:00:40.279629,London-6ed3,40,25,Normal
2026-04-27 23:00:41.279629,London-6ed3,-22,31,Normal
2026-04-27 23:00:42.279629,London-6ed3,-4,98,Normal
2026-04-27 23:00:43.279629,London-6ed3,0,83,Normal
2026-04-27 23:00:44.279629,London-6ed3,9,97,Normal
2026-04-27 23:00:45.279629,London-6ed3,-16,35,Normal
2026-04-27 23:00:46.279629,London-6ed3,-28,89,Normal
2026-04-27 23:00:47.279629,London-6ed3,39,3,Normal
2026-04-27 23:00:48.279629,London-6ed3,32,39,Normal
2026-04-27 23:00:49.279629,London-6ed3,-4,0,Normal
2026-04-27 23:00:50.279629,London-6ed3,18,94,Normal
2026-04-27 23:00:51.279629,London-6ed3,-23,12,Normal
2026-04-27 23:00:52.279629,London-6ed3,35,36,Normal
2026-04-27 23:00:53.279629,London-6ed3,20,72,Normal
2026-04-27 23:00:54.279629,London-6ed3,-11,56,Normal
2026-04-27 23:00:55.279629,London-6ed3,-6,89,Normal
2026-04-27 23:00:56.279629,London-6ed3,-16,28,Normal
2026-04-27 23:00:57.279629,London-6ed3,16,46,Normal
2026-04-27 23:00:58.279629,London-6ed3,42,34,Normal
2026-04-27 23:00:59.279629,London-6ed3,35,56,Normal
2026-04-27 23:01:00.279629,London-6ed3,-16,91,Normal
2026-04-27 23:01:01.279629,London-6ed3,-7,1,Normal
2026-04-27 23:01:02.279629,London-6ed3,-16,73,Normal
2026-04-27 23:01:03.279629,London-6ed3,11,95,Normal
2026-04-27 23:01:04.279629,London-6ed3,19,56,Normal
2026-04-27 23:01:05.279629,London-6ed3,42,3,Normal
2026-04-27 23:01:06.279629,London-6ed3,10,34,Normal
2026-04-27 23:01:07.279629,London-6ed3,1,65,Normal
2026-04-27 23:01:08.279629,London-6ed3,4,63,Normal
2026-04-27 23:01:09.279629,London-6ed3,47,52,Normal
2026-04-27 23:01:10.279629,London-6ed3,-1,86,Normal
2026-04-27 23:01:11.279629,London-6ed3,-12,46,Normal
2026-04-27 23:01:12.279629,London-6ed3,-30,18,Normal
2026-04-27 23:01:13.279629,London-6ed3,2,43,Normal
2026-04-27 23:01:14.279629,London-6ed3,13,25,Normal
2026-04-27 23:01:15.279629,London-6ed3,21,2,Normal
2026-04-27 23:01:16.279629,London-6ed3,21,90,Normal
2026-04-27 23:01:17.279629,London-6ed3,28,69,Normal
2026-04-27 23:01:18.279629,London-6ed3,50,31,Normal
2026-04-27 23:01:19.279629,London-6ed3,21,60,Normal
2026-04-27 23:01:20.279629,London-6ed3,-26,42,Normal
2026-04-27 23:01:21.279629,London-6ed3,-21,20,Normal
2026-04-27 23:01:22.279629,London-6ed3,32,92,Normal
2026-04-27 23:01:23.279629,London-6ed3,25,99,Normal
2026-04-27 23:01:24.279629,London-6ed3,-27,44,Normal
2026-04-27 23:01:25.279629,London-6ed3,3,57,Normal
2026-04-27 23:01:26.279629,London-6ed3,-1,66,Normal
2026-04-27 23:01:27.279629,London-6ed3,8,29,Normal
2026-04-27 23:01:28.279629,London-6ed3,42,30,Normal
2026-04-27 23:01:29.279629,London-6ed3,18,19,Normal
2026-04-27 23:01:30.279629,London-6ed3,49,24,Normal
2026-04-27 23:01:31.279629,London-6ed3,30,49,Normal
2026-04-27 23:01:32.279629,London-6ed3,-22,35,Normal
2026-04-27 23:01:33.279629,London-6ed3,-18,14,Normal
2026-04-27 23:01:34.279629,London-6ed3,38,51,Normal
2026-04-27 23:01:35.279629,London-6ed3,49,81,Normal
2026-04-27 23:01:36.279629,London-6ed3,-12,82,Normal
2026-04-27 23:01:37.279629,London-6ed3,-20,60,Normal
2026-04-27 23:01:38.279629,London-6ed3,3,68,Normal
2026-04-27 23:01:39.279629,London-6ed3,19,51,Normal
2026-04-27 23:01:40.279629,London-6ed3,43,64,Normal
2026-04-27 23:01:41.279629,London-6ed3,-14,74,Normal
2026-04-27 23:01:42.279629,London-6ed3,-10,77,Normal
2026-04-27 23:01:43.279629,London-6ed3,-1,9,Normal
2026-04-27 23:01:44.279629,London-6ed3,26,69,Normal
2026-04-27 23:01:45.279629,London-6ed3,-2,9,Normal
2026-04-27 23:01:46.279629,London-6ed3,36,0,Normal
2026-04-27 23:01:47.279629,London-6ed3,19,13,Normal
2026-04-27 23:01:48.279629,London-6ed3,-11,10,Normal
2026-04-27 23:01:49.279629,London-6ed3,-9,35,Normal
2026-04-27 23:01:50.279629,London-6ed3,-2,36,Normal
2026-04-27 23:01:51.279629,London-6ed3,3,83,Normal
2026-04-27 23:01:52.279629,London-6ed3,25,83,Normal
2026-04-27 23:01:53.279629,London-6ed3,41,44,Normal
2026-04-27 23:01:54.279629,London-6ed3,-9,78,Normal
2026-04-27 23:01:55.279629,London-6ed3,5,19,Normal
2026-04-27 23:01:56.279629,London-6ed3,37,92,Normal
2026-04-27 23:01:57.279629,London-6ed3,-26,64,Normal
2026-04-27 23:01:58.279629,London-6ed3,41,93,Normal
2026-04-27 23:01:59.279629,London-6ed3,0,92,Normal
2026-04-27 23:02:00.279629,London-6ed3,27,41,Normal
2026-04-27 23:02:01.279629,London-6ed3,33,88,Normal
2026-04-27 23:02:02.279629,London-6ed3,7,22,Normal
2026-04-27 23:02:03.279629,London-6ed3,5,20,Normal
2026-04-27 23:02:04.279629,London-6ed3,-18,27,Normal
2026-04-27 23:02:05.279629,London-6ed3,24,26,Normal
2026-04-27 23:02:06.279629,London-6ed3,-8,79,Normal
2026-04-27 23:02:07.279629,London-6ed3,-16,52,Normal
2026-04-27 23:02:08.279629,London-6ed3,-22,45,Normal
2026-04-27 23:02:09.279629,London-6ed3,-27,93,Normal
2026-04-27 23:02:10.279629,London-6ed3,45,37,Normal
2026-04-27 23:02:11.279629,London-6ed3,47,89,Normal
2026-04-27 23:02:12.279629,London-6ed3,1,81,Normal
2026-04-27 23:02:13.279629,London-6ed3,32,65,Normal
2026-04-27 23:02:14.279629,London-6ed3,-7,48,Normal
2026-04-27 23:02:15.279629,London-6ed3,-5,15,Normal
2026-04-27 23:02:16.279629,London-6ed3,28,49,Normal
2026-04-27 23:02:17.279629,London-6ed3,30,67,Normal
2026-04-27 23:02:18.279629,London-6ed3,44,4,Normal
2026-04-27 23:02:19.279629,London-6ed3,-29,67,Normal
2026-04-27 23:02:20.279629,London-6ed3,-22,55,Normal
2026-04-27 23:02:21.279629,London-6ed3,19,18,Normal
2026-04-27 23:02:22.279629,London-6ed3,26,89,Normal
2026-04-27 23:02:23.279629,London-6ed3,2,98,Normal
2026-04-27 23:02:24.279629,London-6ed3,2,7,Normal
2026-04-27 23:02:25.279629,London-6ed3,5,55,Normal
2026-04-27 23:02:26.279629,London-6ed3,-27,22,Normal
2026-04-27 23:02:27.279629,London-6ed3,11,14,Normal
2026-04-27 23:02:28.279629,London-6ed3,33,15,Normal
2026-04-27 23:02:29.279629,London-6ed3,1,74,Normal
2026-04-27 23:02:30.279629,London-6ed3,-21,45,Normal
2026-04-27 23:02:31.279629,London-6ed3,4,13,Normal
2026-04-27 23:02:32.279629,London-6ed3,28,72,Normal
2026-04-27 23:02:33.279629,London-6ed3,23,72,Normal
2026-04-27 23:02:34.279629,London-6ed3,36,59,Normal
2026-04-27 23:02:35.279629,London-6ed3,33,88,Normal
2026-04-27 23:02:36.279629,London-6ed3,7,79,Normal
2026-04-27 23:02:37.279629,London-6ed3,48,50,Normal
2026-04-27 23:02:38.279629,London-6ed3,-30,80,Normal
2026-04-27 23:02:39.279629,London-6ed3,4,56,Normal
2026-04-27 23:02:40.279629,London-6ed3,-19,41,Normal
2026-04-27 23:02:41.279629,London-6ed3,6,81,Normal
2026-04-27 23:02:42.279629,London-6ed3,-29,45,Normal
2026-04-27 23:02:43.279629,London-6ed3,-27,33,Normal
2026-04-27 23:02:44.279629,London-6ed3,-3,79,Normal
2026-04-27 23:02:45.279629,London-6ed3,3,72,Normal
2026-04-27 23:02:46.279629,London-6ed3,-19,92,Normal
2026-04-27 23:02:47.279629,London-6ed3,19,38,Normal
2026-04-27 23:02:48.279629,London-6ed3,-3,14,Normal
2026-04-27 23:02:49.279629,London-6ed3,-28,41,Normal
2026-04-27 23:02:50.279629,London-6ed3,37,32,Normal
2026-04-27 23:02:51.279629,London-6ed3,48,50,Normal
2026-04-27 23:02:52.279629,London-6ed3,11,72,Normal
2026-04-27 23:02:53.279629,London-6ed3,42,62,Normal
2026-04-27 23:02:54.279629,London-6ed3,32,89,Normal
2026-04-27 23:02:55.279629,London-6ed3,-20,71,Normal
2026-04-27 23:02:56.279629,London-6ed3,26,63,Normal
2026-04-27 23:02:57.279629,London-6ed3,12,2,Normal
2026-04-27 23:02:58.279629,London-6ed3,12,76,Normal
2026-04-27 23:02:59.279629,London-6ed3,32,27,Normal
2026-04-27 23:03:00.279629,London-6ed3,26,72,Normal
2026-04-27 23:03:01.279629,London-6ed3,-19,48,Normal
2026-04-27 23:03:02.279629,London-6ed3,-7,56,Normal
2026-04-27 23:03:03.279629,London-6ed3,36,14,Normal
2026-04-27 23:03:04.279629,London-6ed3,29,48,Normal
2026-04-27 23:03:05.279629,London-6ed3,-14,23,Normal
2026-04-27 23:03:06.279629,London-6ed3,45,65,Normal
2026-04-27 23:03:07.279629,London-6ed3,12,25,Normal
2026-04-27 23:03:08.279629,London-6ed3,32,56,Normal
2026-04-27 23:03:09.279629,London-6ed3,-28,8,Normal
2026-04-27 23:03:10.279629,London-6ed3,23,39,Normal
2026-04-27 23:03:11.279629,London-6ed3,8,86,Normal
2026-04-27 23:03:12.279629,London-6ed3,-5,51,Normal
2026-04-27 23:03:13.279629,London-6ed3,47,51,Normal
2026-04-27 23:03:14.279629,London-6ed3,-7,12,Normal
2026-04-27 23:03:15.279629,London-6ed3,-20,77,Normal
2026-04-27 23:03:16.279629,London-6ed3,33,43,Normal
2026-04-27 23:03:17.279629,London-6ed3,33,57,Normal
2026-04-27 23:03:18.279629,London-6ed3,18,34,Normal
2026-04-27 23:03:19.279629,London-6ed3,29,1,Normal
2026-04-27 23:03:20.279629,London-6ed3,5,29,Normal
2026-04-27 23:03:21.279629,London-6ed3,44,93,Normal
2026-04-27 23:03:22.279629,London-6ed3,-5,31,Normal
2026-04-27 23:03:23.279629,London-6ed3,44,19,Normal
2026-04-27 23:03:24.279629,London-6ed3,7,83,Normal
2026-04-27 23:03:25.279629,London-6ed3,36,72,Normal
2026-04-27 23:03:26.279629,London-6ed3,8,2,Normal
2026-04-27 23:03:27.279629,London-6ed3,-26,43,Normal
2026-04-27 23:03:28.279629,London-6ed3,-25,48,Normal
2026-04-27 23:03:29.279629,London-6ed3,33,98,Normal
2026-04-27 23:03:30.279629,London-6ed3,49,68,Normal
2026-04-27 23:03:31.279629,London-6ed3,-2,22,Normal
2026-04-27 23:03:32.279629,London-6ed3,1,24,Normal
2026-04-27 23:03:33.279629,London-6ed3,-21,6,Normal
2026-04-27 23:03:34.279629,London-6ed3,39,46,Normal
2026-04-27 23:03:35.279629,London-6ed3,-17,79,Normal
2026-04-27 23:03:36.279629,London-6ed3,-24,80,Normal
2026-04-27 23:03:37.279629,London-6ed3,47,10,Normal
2026-04-27 23:03:38.279629,London-6ed3,-15,58,Normal
2026-04-27 23:03:39.279629,London-6ed3,8,84,Normal
2026-04-27 23:03:40.279629,London-6ed3,-23,48,Normal
2026-04-27 23:03:41.279629,London-6ed3,31,38,Normal
2026-04-27 23:03:42.279629,London-6ed3,9,45,Normal
2026-04-27 23:03:43.279629,London-6ed3,8,65,Normal
2026-04-27 23:03:44.279629,London-6ed3,37,58,Normal
2026-04-27 23:03:45.279629,London-6ed3,-2,45,Normal
2026-04-27 23:03:46.279629,London-6ed3,6,79,Normal
2026-04-27 23:03:47.279629,London-6ed3,26,28,Normal
2026-04-27 23:03:48.279629,London-6ed3,22,42,Normal
2026-04-27 23:03:49.279629,London-6ed3,-24,18,Normal
2026-04-27 23:03:50.279629,London-6ed3,-26,19,Normal
2026-04-27 23:03:51.279629,London-6ed3,44,5,Normal
2026-04-27 23:03:52.279629,London-6ed3,49,42,Normal
2026-04-27 23:03:53.279629,London-6ed3,0,13,Normal
2026-04-27 23:03:54.279629,London-6ed3,21,67,Normal
2026-04-27 23:03:55.279629,London-6ed3,28,14,Normal
2026-04-27 23:03:56.279629,London-6ed3,32,50,Normal
2026-04-27 23:03:57.279629,London-6ed3,-21,63,Normal
2026-04-27 23:03:58.279629,London-6ed3,-3,39,Normal
2026-04-27 23:03:59.279629,London-6ed3,29,29,Normal
2026-04-27 23:04:00.279629,London-6ed3,37,92,Normal
2026-04-27 23:04:01.279629,London-6ed3,11,23,Normal
2026-04-27 23:04:02.279629,London-6ed3,46,15,Normal
2026-04-27 23:04:03.279629,London-6ed3,44,17,Normal
2026-04-27 23:04:04.279629,London-6ed3,15,13,Normal
2026-04-27 23:04:05.279629,London-6ed3,7,9,Normal
2026-04-27 23:04:06.279629,London-6ed3,-24,71,Normal
2026-04-27 23:04:07.279629,London-6ed3,-7,37,Normal
2026-04-27 23:04:08.279629,London-6ed3,-7,43,Normal
2026-04-27 23:04:09.279629,London-6ed3,-24,44,Normal
2026-04-27 23:04:10.279629,London-6ed3,-16,56,Normal
2026-04-27 23:04:11.279629,London-6ed3,-28,7,Normal
2026-04-27 23:04:12.279629,London-6ed3,7,52,Normal
2026-04-27 23:04:13.279629,London-6ed3,34,26,Normal
2026-04-27 23:04:14.279629,London-6ed3,40,46,Normal
2026-04-27 23:04:15.279629,London-6ed3,21,7,Normal
2026-04-27 23:04:16.279629,London-6ed3,-5,85,Normal
2026-04-27 23:04:17.279629,London-6ed3,17,60,Normal
2026-04-27 23:04:18.279629,London-6ed3,35,27,Normal
2026-04-27 23:04:19.279629,London-6ed3,8,73,Normal
2026-04-27 23:04:20.279629,London-6ed3,-21,54,Normal
2026-04-27 23:04:21.279629,London-6ed3,26,32,Normal
2026-04-27 23:04:22.279629,London-6ed3,5,99,Normal
2026-04-27 23:04:23.279629,London-6ed3,32,39,Normal
2026-04-27 23:04:24.279629,London-6ed3,36,24,Normal
2026-04-27 23:04:25.279629,London-6ed3,-30,32,Normal
2026-04-27 23:04:26.279629,London-6ed3,0,5,Normal
2026-04-27 23:04:27.279629,London-6ed3,15,33,Normal
2026-04-27 23:04:28.279629,London-6ed3,-27,19,Normal
2026-04-27 23:04:29.279629,London-6ed3,-14,86,Normal
2026-04-27 23:04:30.279629,London-6ed3,26,60,Normal
2026-04-27 23:04:31.279629,London-6ed3,39,23,Normal
2026-04-27 23:04:32.279629,London-6ed3,10,89,Normal
2026-04-27 23:04:33.279629,London-6ed3,2,74,Normal
2026-04-27 23:04:34.279629,London-6ed3,-26,10,Normal
2026-04-27 23:04:35.279629,London-6ed3,25,9,Normal
2026-04-27 23:04:36.279629,London-6ed3,23,59,Normal
2026-04-27 23:04:37.279629,London-6ed3,38,73,Normal
2026-04-27 23:04:38.279629,London-6ed3,16,47,Normal
2026-04-27 23:04:39.279629,London-6ed3,36,20,Normal
2026-04-27 23:04:40.279629,London-6ed3,9,30,Normal
2026-04-27 23:04:41.279629,London-6ed3,5,78,Normal
2026-04-27 23:04:42.279629,London-6ed3,-24,1,Normal
2026-04-27 23:04:43.279629,London-6ed3,35,75,Normal
2026-04-27 23:04:44.279629,London-6ed3,18,89,Normal
2026-04-27 23:04:45.279629,London-6ed3,10,22,Normal
2026-04-27 23:04:46.279629,London-6ed3,11,84,Normal
2026-04-27 23:04:47.279629,London-6ed3,2,78,Normal
2026-04-27 23:04:48.279629,London-6ed3,36,6,Normal
2026-04-27 23:04:49.279629,London-6ed3,-26,84,Normal
2026-04-27 23:04:50.279629,London-6ed3,50,58,Normal
2026-04-27 23:04:51.279629,London-6ed3,49,65,Normal
2026-04-27 23:04:52.279629,London-6ed3,28,38,Normal
2026-04-27 23:04:53.279629,London-6ed3,19,56,Normal
2026-04-27 23:04:54.279629,London-6ed3,-11,65,Normal
2026-04-27 23:04:55.279629,London-6ed3,25,44,Normal
2026-04-27 23:04:56.279629,London-6ed3,13,48,Normal
2026-04-27 23:04:57.279629,London-6ed3,-7,46,Normal
2026-04-27 23:04:58.279629,London-6ed3,-16,12,Normal
2026-04-27 23:04:59.279629,London-6ed3,2,16,Normal
2026-04-27 23:05:00.279629,London-6ed3,14,97,Normal
2026-04-27 23:05:01.279629,London-6ed3,-5,56,Normal
2026-04-27 23:05:02.279629,London-6ed3,16,15,Normal
2026-04-27 23:05:03.279629,London-6ed3,15,71,Normal
2026-04-27 23:05:04.279629,London-6ed3,22,31,Normal
2026-04-27 23:05:05.279629,London-6ed3,49,58,Normal
2026-04-27 23:05:06.279629,London-6ed3,41,86,Normal
2026-04-27 23:05:07.279629,London-6ed3,21,64,Normal
2026-04-27 23:05:08.279629,London-6ed3,-4,4,Normal
2026-04-27 23:05:09.279629,London-6ed3,43,49,Normal
2026-04-27 23:05:10.279629,London-6ed3,-4,9,Normal
2026-04-27 23:05:11.279629,London-6ed3,0,98,Normal
2026-04-27 23:05:12.279629,London-6ed3,19,53,Normal
2026-04-27 23:05:13.279629,London-6ed3,-17,3,Normal
2026-04-27 23:05:14.279629,London-6ed3,5,20,Normal
2026-04-27 23:05:15.279629,London-6ed3,45,29,Normal
2026-04-27 23:05:16.279629,London-6ed3,-7,3,Normal
2026-04-27 23:05:17.279629,London-6ed3,-8,88,Normal
2026-04-27 23:05:18.279629,London-6ed3,-29,49,Normal
2026-04-27 23:05:19.279629,London-6ed3,29,98,Normal
2026-04-27 23:05:20.279629,London-6ed3,-14,31,Normal
2026-04-27 23:05:21.279629,London-6ed3,21,39,Normal
2026-04-27 23:05:22.279629,London-6ed3,26,8,Normal
2026-04-27 23:05:23.279629,London-6ed3,20,19,Normal
2026-04-27 23:05:24.279629,London-6ed3,26,67,Normal
2026-04-27 23:05:25.279629,London-6ed3,9,67,Normal
2026-04-27 23:05:26.279629,London-6ed3,10,42,Normal
2026-04-27 23:05:27.279629,London-6ed3,8,49,Normal
2026-04-27 23:05:28.279629,London-6ed3,48,30,Normal
2026-04-27 23:05:29.279629,London-6ed3,-5,81,Normal
2026-04-27 23:05:30.279629,London-6ed3,14,78,Normal
2026-04-27 23:05:31.279629,London-6ed3,-1,10,Normal
2026-04-27 23:05:32.279629,London-6ed3,-16,54,Normal
2026-04-27 23:05:33.279629,London-6ed3,33,86,Normal
2026-04-27 23:05:34.279629,London-6ed3,28,80,Normal
2026-04-27 23:05:35.279629,London-6ed3,-28,70,Normal
2026-04-27 23:05:36.279629,London-6ed3,-19,85,Normal
2026-04-27 23:05:37.279629,London-6ed3,-19,19,Normal
2026-04-27 23:05:38.279629,London-6ed3,8,62,Normal
2026-04-27 23:05:39.279629,London-6ed3,-10,36,Normal
2026-04-27 23:05:40.279629,London-6ed3,7,65,Normal
2026-04-27 23:05:41.279629,London-6ed3,24,89,Normal
2026-04-27 23:05:42.279629,London-6ed3,43,62,Normal
2026-04-27 23:05:43.279629,London-6ed3,-27,69,Normal
2026-04-27 23:05:44.279629,London-6ed3,-30,30,Normal
2026-04-27 23:05:45.279629,London-6ed3,44,64,Normal
2026-04-27 23:05:46.279629,London-6ed3,-2,91,Normal
2026-04-27 23:05:47.279629,London-6ed3,-25,41,Normal
2026-04-27 23:05:48.279629,London-6ed3,-1,53,Normal
2026-04-27 23:05:49.279629,London-6ed3,3,42,Normal
2026-04-27 23:05:50.279629,London-6ed3,12,63,Normal
2026-04-27 23:05:51.279629,London-6ed3,-13,1,Normal
2026-04-27 23:05:52.279629,London-6ed3,29,71,Normal
2026-04-27 23:05:53.279629,London-6ed3,27,96,Normal
2026-04-27 23:05:54.279629,London-6ed3,29,45,Normal
2026-04-27 23:05:55.279629,London-6ed3,3,47,Normal
2026-04-27 23:05:56.279629,London-6ed3,-12,84,Normal
2026-04-27 23:05:57.279629,London-6ed3,-15,31,Normal
2026-04-27 23:05:58.279629,London-6ed3,49,97,Normal
2026-04-27 23:05:59.279629,London-6ed3,-16,58,Normal
2026-04-27 23:06:00.279629,London-6ed3,38,72,Normal
2026-04-27 23:06:01.279629,London-6ed3,0,92,Normal
2026-04-27 23:06:02.279629,London-6ed3,3,100,Normal
2026-04-27 23:06:03.279629,London-6ed3,21,59,Normal
2026-04-27 23:06:04.279629,London-6ed3,12,59,Normal
2026-04-27 23:06:05.279629,London-6ed3,43,5,Normal
2026-04-27 23:06:06.279629,London-6ed3,-15,68,Normal
2026-04-27 23:06:07.279629,London-6ed3,-5,59,Normal
2026-04-27 23:06:08.279629,London-6ed3,-27,55,Normal
2026-04-27 23:06:09.279629,London-6ed3,-14,48,Normal
2026-04-27 23:06:10.279629,London-6ed3,42,1,Normal
2026-04-27 23:06:11.279629,London-6ed3,35,8,Normal
2026-04-27 23:06:12.279629,London-6ed3,-19,41,Normal
2026-04-27 23:06:13.279629,London-6ed3,22,4,Normal
2026-04-27 23:06:14.279629,London-6ed3,-29,29,Normal
2026-04-27 23:06:15.279629,London-6ed3,-27,49,Normal
2026-04-27 23:06:16.279629,London-6ed3,29,29,Normal
2026-04-27 23:06:17.279629,London-6ed3,1,74,Normal
2026-04-27 23:06:18.279629,London-6ed3,37,13,Normal
2026-04-27 23:06:19.279629,London-6ed3,7,82,Normal
2026-04-27 23:06:20.279629,London-6ed3,39,75,Normal
2026-04-27 23:06:21.279629,London-6ed3,-20,62,Normal
2026-04-27 23:06:22.279629,London-6ed3,-23,96,Normal
2026-04-27 23:06:23.279629,London-6ed3,-20,1,Normal
2026-04-27 23:06:24.279629,London-6ed3,-29,69,Normal
2026-04-27 23:06:25.279629,London-6ed3,1,0,Normal
2026-04-27 23:06:26.279629,London-6ed3,-15,100,Normal
2026-04-27 23:06:27.279629,London-6ed3,-6,18,Normal
2026-04-27 23:06:28.279629,London-6ed3,49,75,Normal
2026-04-27 23:06:29.279629,London-6ed3,-3,49,Normal
2026-04-27 23:06:30.279629,London-6ed3,43,79,Normal
2026-04-27 23:06:31.279629,London-6ed3,9,0,Normal
2026-04-27 23:06:32.279629,London-6ed3,41,34,Normal
2026-04-27 23:06:33.279629,London-6ed3,-18,2,Normal
2026-04-27 23:06:34.279629,London-6ed3,-5,54,Normal
2026-04-27 23:06:35.279629,London-6ed3,39,71,Normal
2026-04-27 23:06:36.279629,London-6ed3,50,63,Normal
2026-04-27 23:06:37.279629,London-6ed3,37,29,Normal
2026-04-27 23:06:38.279629,London-6ed3,-3,3,Normal
2026-04-27 23:06:39.279629,London-6ed3,-7,98,Normal
2026-04-27 23:06:40.279629,London-6ed3,1,27,Normal
2026-04-27 23:06:41.279629,London-6ed3,27,34,Normal
2026-04-27 23:06:42.279629,London-6ed3,7,5,Normal
2026-04-27 23:06:43.279629,London-6ed3,-29,5,Normal
2026-04-27 23:06:44.279629,London-6ed3,23,90,Normal
2026-04-27 23:06:45.279629,London-6ed3,48,82,Normal
2026-04-27 23:06:46.279629,London-6ed3,28,88,Normal
2026-04-27 23:06:47.279629,London-6ed3,-26,91,Normal
2026-04-27 23:06:48.279629,London-6ed3,-18,14,Normal
2026-04-27 23:06:49.279629,London-6ed3,-7,21,Normal
2026-04-27 23:06:50.279629,London-6ed3,6,25,Normal
2026-04-27 23:06:51.279629,London-6ed3,36,86,Normal
2026-04-27 23:06:52.279629,London-6ed3,-1,92,Normal
2026-04-27 23:06:53.279629,London-6ed3,16,87,Normal
2026-04-27 23:06:54.279629,London-6ed3,35,3,Normal
2026-04-27 23:06:55.279629,London-6ed3,-7,73,Normal
2026-04-27 23:06:56.279629,London-6ed3,-23,0,Normal
2026-04-27 23:06:57.279629,London-6ed3,19,81,Normal
2026-04-27 23:06:58.279629,London-6ed3,19,79,Normal
2026-04-27 23:06:59.279629,London-6ed3,46,7,Normal
2026-04-27 23:07:00.279629,London-6ed3,-23,33,Normal
2026-04-27 23:07:01.279629,London-6ed3,-22,33,Normal
2026-04-27 23:07:02.279629,London-6ed3,27,80,Normal
2026-04-27 23:07:03.279629,London-6ed3,43,9,Normal
2026-04-27 23:07:04.279629,London-6ed3,48,27,Normal
2026-04-27 23:07:05.279629,London-6ed3,-20,44,Normal
2026-04-27 23:07:06.279629,London-6ed3,-30,82,Normal
2026-04-27 23:07:07.279629,London-6ed3,24,91,Normal
2026-04-27 23:07:08.279629,London-6ed3,-9,10,Normal
2026-04-27 23:07:09.279629,London-6ed3,5,86,Normal
2026-04-27 23:07:10.279629,London-6ed3,49,66,Normal
2026-04-27 23:07:11.279629,London-6ed3,23,84,Normal
2026-04-27 23:07:12.279629,London-6ed3,36,18,Normal
2026-04-27 23:07:13.279629,London-6ed3,13,33,Normal
2026-04-27 23:07:14.279629,London-6ed3,33,87,Normal
2026-04-27 23:07:15.279629,London-6ed3,-30,33,Normal
2026-04-27 23:07:16.279629,London-6ed3,18,85,Normal
2026-04-27 23:07:17.279629,London-6ed3,48,89,Normal
2026-04-27 23:07:18.279629,London-6ed3,49,34,Normal
2026-04-27 23:07:19.279629,London-6ed3,-7,99,Normal
2026-04-27 23:07:20.279629,London-6ed3,14,68,Normal
2026-04-27 23:07:21.279629,London-6ed3,39,45,Normal
2026-04-27 23:07:22.279629,London-6ed3,-22,76,Normal
2026-04-27 23:07:23.279629,London-6ed3,46,93,Normal
2026-04-27 23:07:24.279629,London-6ed3,46,13,Normal
2026-04-27 23:07:25.279629,London-6ed3,13,24,Normal
2026-04-27 23:07:26.279629,London-6ed3,-2,67,Normal
2026-04-27 23:07:27.279629,London-6ed3,-30,14,Normal
2026-04-27 23:07:28.279629,London-6ed3,25,66,Normal
2026-04-27 23:07:29.279629,London-6ed3,16,67,Normal
2026-04-27 23:07:30.279629,London-6ed3,24,18,Normal
2026-04-27 23:07:31.279629,London-6ed3,-23,12,Normal
2026-04-27 23:07:32.279629,London-6ed3,21,20,Normal
2026-04-27 23:07:33.279629,London-6ed3,29,17,Normal
2026-04-27 23:07:34.279629,London-6ed3,-16,38,Normal
2026-04-27 23:07:35.279629,London-6ed3,14,67,Normal
2026-04-27 23:07:36.279629,London-6ed3,42,82,Normal
2026-04-27 23:07:37.279629,London-6ed3,1,11,Normal
2026-04-27 23:07:38.279629,London-6ed3,10,14,Normal
2026-04-27 23:07:39.279629,London-6ed3,23,38,Normal
2026-04-27 23:07:40.279629,London-6ed3,-26,25,Normal
2026-04-27 23:07:41.279629,London-6ed3,-24,41,Normal
2026-04-27 23:07:42.279629,London-6ed3,-30,61,Normal
2026-04-27 23:07:43.279629,London-6ed3,5,54,Normal
2026-04-27 23:07:44.279629,London-6ed3,-6,83,Normal
2026-04-27 23:07:45.279629,London-6ed3,12,76,Normal
2026-04-27 23:07:46.279629,London-6ed3,17,7,Normal
2026-04-27 23:07:47.279629,London-6ed3,7,33,Normal
2026-04-27 23:07:48.279629,London-6ed3,-14,9,Normal
2026-04-27 23:07:49.279629,London-6ed3,3,20,Normal
2026-04-27 23:07:50.279629,London-6ed3,-21,81,Normal
2026-04-27 23:07:51.279629,London-6ed3,31,3,Normal
2026-04-27 23:07:52.279629,London-6ed3,-27,95,Normal
2026-04-27 23:07:53.279629,London-6ed3,23,71,Normal
2026-04-27 23:07:54.279629,London-6ed3,42,52,Normal
2026-04-27 23:07:55.279629,London-6ed3,10,42,Normal
2026-04-27 23:07:56.279629,London-6ed3,33,4,Normal
2026-04-27 23:07:57.279629,London-6ed3,33,79,Normal
2026-04-27 23:07:58.279629,London-6ed3,28,42,Normal
2026-04-27 23:07:59.279629,London-6ed3,17,32,Normal
2026-04-27 23:08:00.279629,London-6ed3,40,74,Normal
2026-04-27 23:08:01.279629,London-6ed3,-27,67,Normal
2026-04-27 23:08:02.279629,London-6ed3,43,57,Normal
2026-04-27 23:08:03.279629,London-6ed3,-7,87,Normal
2026-04-27 23:08:04.279629,London-6ed3,30,66,Normal
2026-04-27 23:08:05.279629,London-6ed3,21,99,Normal
2026-04-27 23:08:06.279629,London-6ed3,-3,68,Normal
2026-04-27 23:08:07.279629,London-6ed3,-12,4,Normal
2026-04-27 23:08:08.279629,London-6ed3,-11,93,Normal
2026-04-27 23:08:09.279629,London-6ed3,-30,2,Normal
2026-04-27 23:08:10.279629,London-6ed3,24,43,Normal
2026-04-27 23:08:11.279629,London-6ed3,48,89,Normal
2026-04-27 23:08:12.279629,London-6ed3,-10,79,Normal
2026-04-27 23:08:13.279629,London-6ed3,49,96,Normal
2026-04-27 23:08:14.279629,London-6ed3,27,34,Normal
2026-04-27 23:08:15.279629,London-6ed3,18,58,Normal
2026-04-27 23:08:16.279629,London-6ed3,0,95,Normal
2026-04-27 23:08:17.279629,London-6ed3,17,88,Normal
2026-04-27 23:08:18.279629,London-6ed3,45,63,Normal
2026-04-27 23:08:19.279629,London-6ed3,9,49,Normal
2026-04-27 23:08:20.279629,London-6ed3,50,82,Normal
2026-04-27 23:08:21.279629,London-6ed3,33,73,Normal
2026-04-27 23:08:22.279629,London-6ed3,-11,34,Normal
2026-04-27 23:08:23.279629,London-6ed3,18,2,Normal
2026-04-27 23:08:24.279629,London-6ed3,31,7,Normal
2026-04-27 23:08:25.279629,London-6ed3,-15,64,Normal
2026-04-27 23:08:26.279629,London-6ed3,36,92,Normal
2026-04-27 23:08:27.279629,London-6ed3,14,44,Normal
2026-04-27 23:08:28.279629,London-6ed3,7,55,Normal
2026-04-27 23:08:29.279629,London-6ed3,-10,58,Normal
2026-04-27 23:08:30.279629,London-6ed3,27,5,Normal
2026-04-27 23:08:31.279629,London-6ed3,-20,72,Normal
2026-04-27 23:08:32.279629,London-6ed3,14,72,Normal
2026-04-27 23:08:33.279629,London-6ed3,39,94,Normal
2026-04-27 23:08:34.279629,London-6ed3,49,15,Normal
2026-04-27 23:08:35.279629,London-6ed3,36,50,Normal
2026-04-27 23:08:36.279629,London-6ed3,39,69,Normal
2026-04-27 23:08:37.279629,London-6ed3,40,100,Normal
2026-04-27 23:08:38.279629,London-6ed3,-4,7,Normal
2026-04-27 23:08:39.279629,London-6ed3,13,18,Normal
2026-04-27 23:08:40.279629,London-6ed3,20,45,Normal
2026-04-27 23:08:41.279629,London-6ed3,12,62,Normal
2026-04-27 23:08:42.279629,London-6ed3,50,78,Normal
2026-04-27 23:08:43.279629,London-6ed3,39,72,Normal
2026-04-27 23:08:44.279629,London-6ed3,-23,69,Normal
2026-04-27 23:08:45.279629,London-6ed3,26,46,Normal
2026-04-27 23:08:46.279629,London-6ed3,49,89,Normal
2026-04-27 23:08:47.279629,London-6ed3,44,40,Normal
2026-04-27 23:08:48.279629,London-6ed3,-8,48,Normal
2026-04-27 23:08:49.279629,London-6ed3,32,32,Normal
2026-04-27 23:08:50.279629,London-6ed3,-15,44,Normal
2026-04-27 23:08:51.279629,London-6ed3,36,78,Normal
2026-04-27 23:08:52.279629,London-6ed3,-11,9,Normal
2026-04-27 23:08:53.279629,London-6ed3,-13,89,Normal
2026-04-27 23:08:54.279629,London-6ed3,-24,81,Normal
2026-04-27 23:08:55.279629,London-6ed3,50,41,Normal
2026-04-27 23:08:56.279629,London-6ed3,18,32,Normal
2026-04-27 23:08:57.279629,London-6ed3,38,53,Normal
2026-04-27 23:08:58.279629,London-6ed3,4,92,Normal
2026-04-27 23:08:59.279629,London-6ed3,32,81,Normal
2026-04-27 23:09:00.279629,London-6ed3,-30,29,Normal
2026-04-27 23:09:01.279629,London-6ed3,3,36,Normal
2026-04-27 23:09:02.279629,London-6ed3,9,92,Normal
2026-04-27 23:09:03.279629,London-6ed3,25,97,Normal
2026-04-27 23:09:04.279629,London-6ed3,12,70,Normal
2026-04-27 23:09:05.279629,London-6ed3,-1,17,Normal
2026-04-27 23:09:06.279629,London-6ed3,30,13,Normal
2026-04-27 23:09:07.279629,London-6ed3,6,23,Normal
2026-04-27 23:09:08.279629,London-6ed3,29,67,Normal
2026-04-27 23:09:09.279629,London-6ed3,-28,65,Normal
2026-04-27 23:09:10.279629,London-6ed3,-6,94,Normal
2026-04-27 23:09:11.279629,London-6ed3,29,99,Normal
2026-04-27 23:09:12.279629,London-6ed3,2,56,Normal
2026-04-27 23:09:13.279629,London-6ed3,34,55,Normal
2026-04-27 23:09:14.279629,London-6ed3,-4,10,Normal
2026-04-27 23:09:15.279629,London-6ed3,42,99,Normal
2026-04-27 23:09:16.279629,London-6ed3,20,52,Normal
2026-04-27 23:09:17.279629,London-6ed3,-18,8,Normal
2026-04-27 23:09:18.279629,London-6ed3,20,21,Normal
2026-04-27 23:09:19.279629,London-6ed3,30,59,Normal
2026-04-27 23:09:20.279629,London-6ed3,-15,78,Normal
2026-04-27 23:09:21.279629,London-6ed3,2,87,Normal
2026-04-27 23:09:22.279629,London-6ed3,15,10,Normal
2026-04-27 23:09:23.279629,London-6ed3,32,86,Normal
2026-04-27 23:09:24.279629,London-6ed3,41,22,Normal
2026-04-27 23:09:25.279629,London-6ed3,16,90,Normal
2026-04-27 23:09:26.279629,London-6ed3,48,2,Normal
2026-04-27 23:09:27.279629,London-6ed3,-21,98,Normal
2026-04-27 23:09:28.279629,London-6ed3,27,37,Normal
2026-04-27 23:09:29.279629,London-6ed3,28,32,Normal
2026-04-27 23:09:30.279629,London-6ed3,13,3,Normal
2026-04-27 23:09:31.279629,London-6ed3,-18,95,Normal
2026-04-27 23:09:32.279629,London-6ed3,-16,82,Normal
2026-04-27 23:09:33.279629,London-6ed3,29,77,Normal
2026-04-27 23:09:34.279629,London-6ed3,-27,4,Normal
2026-04-27 23:09:35.279629,London-6ed3,10,24,Normal
2026-04-27 23:09:36.279629,London-6ed3,48,97,Normal
2026-04-27 23:09:37.279629,London-6ed3,7,41,Normal
2026-04-27 23:09:38.279629,London-6ed3,-29,40,Normal
2026-04-27 23:09:39.279629,London-6ed3,33,37,Normal
2026-04-27 23:09:40.279629,London-6ed3,0,64,Normal
2026-04-27 23:09:41.279629,London-6ed3,16,79,Normal
2026-04-27 23:09:42.279629,London-6ed3,3,66,Normal
2026-04-27 23:09:43.279629,London-6ed3,44,73,Normal
2026-04-27 23:09:44.279629,London-6ed3,-3,48,Normal
2026-04-27 23:09:45.279629,London-6ed3,29,53,Normal
2026-04-27 23:09:46.279629,London-6ed3,4,78,Normal
2026-04-27 23:09:47.279629,London-6ed3,41,61,Normal
2026-04-27 23:09:48.279629,London-6ed3,-27,62,Normal
2026-04-27 23:09:49.279629,London-6ed3,28,54,Normal
2026-04-27 23:09:50.279629,London-6ed3,19,64,Normal
2026-04-27 23:09:51.279629,London-6ed3,-4,43,Normal
2026-04-27 23:09:52.279629,London-6ed3,20,67,Normal
2026-04-27 23:09:53.279629,London-6ed3,16,77,Normal
2026-04-27 23:09:54.279629,London-6ed3,37,20,Normal
2026-04-27 23:09:55.279629,London-6ed3,4,16,Normal
2026-04-27 23:09:56.279629,London-6ed3,15,78,Normal
2026-04-27 23:09:57.279629,London-6ed3,0,85,Normal
2026-04-27 23:09:58.279629,London-6ed3,30,77,Normal
2026-04-27 23:09:59.279629,London-6ed3,-5,67,Normal
2026-04-27 23:10:00.279629,London-6ed3,-23,16,Normal
2026-04-27 23:10:01.279629,London-6ed3,-17,4,Normal
2026-04-27 23:10:02.279629,London-6ed3,18,23,Normal
2026-04-27 23:10:03.279629,London-6ed3,-20,65,Normal
2026-04-27 23:10:04.279629,London-6ed3,7,17,Normal
2026-04-27 23:10:05.279629,London-6ed3,39,12,Normal
2026-04-27 23:10:06.279629,London-6ed3,-30,53,Normal
2026-04-27 23:10:07.279629,London-6ed3,-3,33,Normal
2026-04-27 23:10:08.279629,London-6ed3,-9,44,Normal
2026-04-27 23:10:09.279629,London-6ed3,6,11,Normal
2026-04-27 23:10:10.279629,London-6ed3,5,96,Normal
2026-04-27 23:10:11.279629,London-6ed3,33,84,Normal
2026-04-27 23:10:12.279629,London-6ed3,-19,90,Normal
2026-04-27 23:10:13.279629,London-6ed3,19,93,Normal
2026-04-27 23:10:14.279629,London-6ed3,-21,4,Normal
2026-04-27 23:10:15.279629,London-6ed3,46,1,Normal
2026-04-27 23:10:16.279629,London-6ed3,-1,97,Normal
2026-04-27 23:10:17.279629,London-6ed3,37,21,Normal
2026-04-27 23:10:18.279629,London-6ed3,42,36,Normal
2026-04-27 23:10:19.279629,London-6ed3,19,10,Normal
2026-04-27 23:10:20.279629,London-6ed3,0,89,Normal
2026-04-27 23:10:21.279629,London-6ed3,22,69,Normal
2026-04-27 23:10:22.279629,London-6ed3,48,64,Normal
2026-04-27 23:10:23.279629,London-6ed3,40,69,Normal
2026-04-27 23:10:24.279629,London-6ed3,2,1,Normal
2026-04-27 23:10:25.279629,London-6ed3,23,78,Normal
2026-04-27 23:10:26.279629,London-6ed3,34,44,Normal
2026-04-27 23:10:27.279629,London-6ed3,30,26,Normal
2026-04-27 23:10:28.279629,London-6ed3,20,52,Normal
2026-04-27 23:10:29.279629,London-6ed3,26,7,Normal
2026-04-27 23:10:30.279629,London-6ed3,-11,47,Normal
2026-04-27 23:10:31.279629,London-6ed3,-4,76,Normal
2026-04-27 23:10:32.279629,London-6ed3,35,97,Normal
2026-04-27 23:10:33.279629,London-6ed3,-15,52,Normal
2026-04-27 23:10:34.279629,London-6ed3,25,79,Normal
2026-04-27 23:10:35.279629,London-6ed3,45,61,Normal
2026-04-27 23:10:36.279629,London-6ed3,11,70,Normal
2026-04-27 23:10:37.279629,London-6ed3,17,64,Normal
2026-04-27 23:10:38.279629,London-6ed3,1,20,Normal
2026-04-27 23:10:39.279629,London-6ed3,27,19,Normal
2026-04-27 23:10:40.279629,London-6ed3,10,19,Normal
2026-04-27 23:10:41.279629,London-6ed3,-10,98,Normal
2026-04-27 23:10:42.279629,London-6ed3,38,58,Normal
2026-04-27 23:10:43.279629,London-6ed3,23,1,Normal
2026-04-27 23:10:44.279629,London-6ed3,-30,80,Normal
2026-04-27 23:10:45.279629,London-6ed3,-2,91,Normal
2026-04-27 23:10:46.279629,London-6ed3,28,96,Normal
2026-04-27 23:10:47.279629,London-6ed3,-11,59,Normal
2026-04-27 23:10:48.279629,London-6ed3,38,11,Normal
2026-04-27 23:10:49.279629,London-6ed3,-9,32,Normal
2026-04-27 23:10:50.279629,London-6ed3,44,1,Normal
2026-04-27 23:10:51.279629,London-6ed3,-1,17,Normal
2026-04-27 23:10:52.279629,London-6ed3,36,20,Normal
2026-04-27 23:10:53.279629,London-6ed3,46,43,Normal
2026-04-27 23:10:54.279629,London-6ed3,-28,19,Normal
2026-04-27 23:10:55.279629,London-6ed3,20,57,Normal
2026-04-27 23:10:56.279629,London-6ed3,18,79,Normal
2026-04-27 23:10:57.279629,London-6ed3,1,40,Normal
2026-04-27 23:10:58.279629,London-6ed3,25,22,Normal
2026-04-27 23:10:59.279629,London-6ed3,50,63,Normal
2026-04-27 23:11:00.279629,London-6ed3,-8,94,Normal
2026-04-27 23:11:01.279629,London-6ed3,-11,62,Normal
2026-04-27 23:11:02.279629,London-6ed3,-30,21,Normal
2026-04-27 23:11:03.279629,London-6ed3,8,20,Normal
2026-04-27 23:11:04.279629,London-6ed3,-30,16,Normal
2026-04-27 23:11:05.279629,London-6ed3,9,36,Normal
2026-04-27 23:11:06.279629,London-6ed3,-4,53,Normal
2026-04-27 23:11:07.279629,London-6ed3,47,73,Normal
2026-04-27 23:11:08.279629,London-6ed3,2,3,Normal
2026-04-27 23:11:09.279629,London-6ed3,39,47,Normal
2026-04-27 23:11:10.279629,London-6ed3,-9,83,Normal
2026-04-27 23:11:11.279629,London-6ed3,40,68,Normal
2026-04-27 23:11:12.279629,London-6ed3,-21,84,Normal
2026-04-27 23:11:13.279629,London-6ed3,6,33,Normal
2026-04-27 23:11:14.279629,London-6ed3,-4,26,Normal
2026-04-27 23:11:15.279629,London-6ed3,29,88,Normal
2026-04-27 23:11:16.279629,London-6ed3,-4,11,Normal
2026-04-27 23:11:17.279629,London-6ed3,2,42,Normal
2026-04-27 23:11:18.279629,London-6ed3,-30,34,Normal
2026-04-27 23:11:19.279629,London-6ed3,-10,32,Normal
2026-04-27 23:11:20.279629,London-6ed3,-26,47,Normal
2026-04-27 23:11:21.279629,London-6ed3,-7,67,Normal
2026-04-27 23:11:22.279629,London-6ed3,42,63,Normal
2026-04-27 23:11:23.279629,London-6ed3,-16,30,Normal
2026-04-27 23:11:24.279629,London-6ed3,-28,100,Normal
2026-04-27 23:11:25.279629,London-6ed3,29,62,Normal
2026-04-27 23:11:26.279629,London-6ed3,-8,9,Normal
2026-04-27 23:11:27.279629,London-6ed3,10,61,Normal
2026-04-27 23:11:28.279629,London-6ed3,43,74,Normal
2026-04-27 23:11:29.279629,London-6ed3,-22,51,Normal
2026-04-27 23:11:30.279629,London-6ed3,43,42,Normal
2026-04-27 23:11:31.279629,London-6ed3,33,76,Normal
2026-04-27 23:11:32.279629,London-6ed3,10,67,Normal
2026-04-27 23:11:33.279629,London-6ed3,19,92,Normal
2026-04-27 23:11:34.279629,London-6ed3,36,79,Normal
2026-04-27 23:11:35.279629,London-6ed3,17,78,Normal
2026-04-27 23:11:36.279629,London-6ed3,16,84,Normal
2026-04-27 23:11:37.279629,London-6ed3,14,54,Normal
2026-04-27 23:11:38.279629,London-6ed3,34,61,Normal
2026-04-27 23:11:39.279629,London-6ed3,-18,68,Normal
2026-04-27 23:11:40.279629,London-6ed3,-23,64,Normal
2026-04-27 23:11:41.279629,London-6ed3,8,20,Normal
2026-04-27 23:11:42.279629,London-6ed3,8,8,Normal
2026-04-27 23:11:43.279629,London-6ed3,25,62,Normal
2026-04-27 23:11:44.279629,London-6ed3,19,76,Normal
2026-04-27 23:11:45.279629,London-6ed3,-28,38,Normal
2026-04-27 23:11:46.279629,London-6ed3,33,46,Normal
2026-04-27 23:11:47.279629,London-6ed3,48,57,Normal
2026-04-27 23:11:48.279629,London-6ed3,-20,79,Normal
2026-04-27 23:11:49.279629,London-6ed3,4,34,Normal
2026-04-27 23:11:50.279629,London-6ed3,1,39,Normal
2026-04-27 23:11:51.279629,London-6ed3,-25,91,Normal
2026-04-27 23:11:52.279629,London-6ed3,23,44,Normal
2026-04-27 23:11:53.279629,London-6ed3,-18,50,Normal
2026-04-27 23:11:54.279629,London-6ed3,18,45,Normal
2026-04-27 23:11:55.279629,London-6ed3,30,40,Normal
2026-04-27 23:11:56.279629,London-6ed3,44,2,Normal
2026-04-27 23:11:57.279629,London-6ed3,50,38,Normal
2026-04-27 23:11:58.279629,London-6ed3,45,82,Normal
2026-04-27 23:11:59.279629,London-6ed3,19,6,Normal
2026-04-27 23:12:00.279629,London-6ed3,16,31,Normal
2026-04-27 23:12:01.279629,London-6ed3,20,45,Normal
2026-04-27 23:12:02.279629,London-6ed3,-23,25,Normal
2026-04-27 23:12:03.279629,London-6ed3,32,10,Normal
2026-04-27 23:12:04.279629,London-6ed3,48,78,Normal
2026-04-27 23:12:05.279629,London-6ed3,24,8,Normal
2026-04-27 23:12:06.279629,London-6ed3,-7,31,Normal
2026-04-27 23:12:07.279629,London-6ed3,13,78,Normal
2026-04-27 23:12:08.279629,London-6ed3,-5,67,Normal
2026-04-27 23:12:09.279629,London-6ed3,30,13,Normal
2026-04-27 23:12:10.279629,London-6ed3,2,29,Normal
2026-04-27 23:12:11.279629,London-6ed3,12,63,Normal
2026-04-27 23:12:12.279629,London-6ed3,-11,94,Normal
2026-04-27 23:12:13.279629,London-6ed3,36,62,Normal
2026-04-27 23:12:14.279629,London-6ed3,43,79,Normal
2026-04-27 23:12:15.279629,London-6ed3,21,67,Normal
2026-04-27 23:12:16.279629,London-6ed3,-5,76,Normal
2026-04-27 23:12:17.279629,London-6ed3,40,58,Normal
2026-04-27 23:12:18.279629,London-6ed3,31,4,Normal
2026-04-27 23:12:19.279629,London-6ed3,-24,47,Normal
2026-04-27 23:12:20.279629,London-6ed3,-13,89,Normal
2026-04-27 23:12:21.279629,London-6ed3,-13,94,Normal
2026-04-27 23:12:22.279629,London-6ed3,-2,83,Normal
2026-04-27 23:12:23.279629,London-6ed3,43,6,Normal
2026-04-27 23:12:24.279629,London-6ed3,42,44,Normal
2026-04-27 23:12:25.279629,London-6ed3,21,9,Normal
2026-04-27 23:12:26.279629,London-6ed3,-1,57,Normal
2026-04-27 23:12:27.279629,London-6ed3,8,57,Normal
2026-04-27 23:12:28.279629,London-6ed3,-5,1,Normal
2026-04-27 23:12:29.279629,London-6ed3,34,49,Normal
2026-04-27 23:12:30.279629,London-6ed3,39,60,Normal
2026-04-27 23:12:31.279629,London-6ed3,50,24,Normal
2026-04-27 23:12:32.279629,London-6ed3,38,45,Normal
2026-04-27 23:12:33.279629,London-6ed3,6,37,Normal
2026-04-27 23:12:34.279629,London-6ed3,-22,93,Normal
2026-04-27 23:12:35.279629,London-6ed3,-8,70,Normal
2026-04-27 23:12:36.279629,London-6ed3,-6,96,Normal
2026-04-27 23:12:37.279629,London-6ed3,20,66,Normal
2026-04-27 23:12:38.279629,London-6ed3,-29,36,Normal
2026-04-27 23:12:39.279629,London-6ed3,8,85,Normal
2026-04-27 23:12:40.279629,London-6ed3,50,37,Normal
2026-04-27 23:12:41.279629,London-6ed3,47,75,Normal
2026-04-27 23:12:42.279629,London-6ed3,-18,55,Normal
2026-04-27 23:12:43.279629,London-6ed3,41,26,Normal
2026-04-27 23:12:44.279629,London-6ed3,6,75,Normal
2026-04-27 23:12:45.279629,London-6ed3,-28,94,Normal
2026-04-27 23:12:46.279629,London-6ed3,6,49,Normal
2026-04-27 23:12:47.279629,London-6ed3,-21,82,Normal
2026-04-27 23:12:48.279629,London-6ed3,41,23,Normal
2026-04-27 23:12:49.279629,London-6ed3,7,22,Normal
2026-04-27 23:12:50.279629,London-6ed3,-25,3,Normal
2026-04-27 23:12:51.279629,London-6ed3,20,72,Normal
2026-04-27 23:12:52.279629,London-6ed3,-3,30,Normal
2026-04-27 23:12:53.279629,London-6ed3,-5,49,Normal
2026-04-27 23:12:54.279629,London-6ed3,23,23,Normal
2026-04-27 23:12:55.279629,London-6ed3,42,12,Normal
2026-04-27 23:12:56.279629,London-6ed3,29,77,Normal
2026-04-27 23:12:57.279629,London-6ed3,-4,70,Normal
2026-04-27 23:12:58.279629,London-6ed3,10,45,Normal
2026-04-27 23:12:59.279629,London-6ed3,10,41,Normal
2026-04-27 23:13:00.279629,London-6ed3,40,95,Normal
2026-04-27 23:13:01.279629,London-6ed3,-24,2,Normal
2026-04-27 23:13:02.279629,London-6ed3,41,44,Normal
2026-04-27 23:13:03.279629,London-6ed3,20,5,Normal
2026-04-27 23:13:04.279629,London-6ed3,18,44,Normal
2026-04-27 23:13:05.279629,London-6ed3,13,30,Normal
2026-04-27 23:13:06.279629,London-6ed3,32,55,Normal
2026-04-27 23:13:07.279629,London-6ed3,-3,19,Normal
2026-04-27 23:13:08.279629,London-6ed3,-16,49,Normal
2026-04-27 23:13:09.279629,London-6ed3,14,20,Normal
2026-04-27 23:13:10.279629,London-6ed3,17,68,Normal
2026-04-27 23:13:11.279629,London-6ed3,-11,35,Normal
2026-04-27 23:13:12.279629,London-6ed3,23,62,Normal
2026-04-27 23:13:13.279629,London-6ed3,2,48,Normal
2026-04-27 23:13:14.279629,London-6ed3,-23,10,Normal
2026-04-27 23:13:15.279629,London-6ed3,43,77,Normal
2026-04-27 23:13:16.279629,London-6ed3,47,74,Normal
2026-04-27 23:13:17.279629,London-6ed3,20,59,Normal
2026-04-27 23:13:18.279629,London-6ed3,2,58,Normal
2026-04-27 23:13:19.279629,London-6ed3,-11,50,Normal
2026-04-27 23:13:20.279629,London-6ed3,45,19,Normal
2026-04-27 23:13:21.279629,London-6ed3,28,36,Normal
2026-04-27 23:13:22.279629,London-6ed3,11,6,Normal
2026-04-27 23:13:23.279629,London-6ed3,49,85,Normal
2026-04-27 23:13:24.279629,London-6ed3,10,90,Normal
2026-04-27 23:13:25.279629,London-6ed3,-20,35,Normal
2026-04-27 23:13:26.279629,London-6ed3,28,71,Normal
2026-04-27 23:13:27.279629,London-6ed3,-11,2,Normal
2026-04-27 23:13:28.279629,London-6ed3,-25,9,Normal
2026-04-27 23:13:29.279629,London-6ed3,-2,10,Normal
2026-04-27 23:13:30.279629,London-6ed3,-30,33,Normal
2026-04-27 23:13:31.279629,London-6ed3,12,67,Normal
2026-04-27 23:13:32.279629,London-6ed3,8,12,Normal
2026-04-27 23:13:33.279629,London-6ed3,-21,93,Normal
2026-04-27 23:13:34.279629,London-6ed3,21,58,Normal
2026-04-27 23:13:35.279629,London-6ed3,26,73,Normal
2026-04-27 23:13:36.279629,London-6ed3,36,19,Normal
2026-04-27 23:13:37.279629,London-6ed3,49,15,Normal
2026-04-27 23:13:38.279629,London-6ed3,-2,65,Normal
2026-04-27 23:13:39.279629,London-6ed3,-15,91,Normal
2026-04-27 23:13:40.279629,London-6ed3,-28,30,Normal
2026-04-27 23:13:41.279629,London-6ed3,23,65,Normal
2026-04-27 23:13:42.279629,London-6ed3,22,31,Normal
2026-04-27 23:13:43.279629,London-6ed3,-17,93,Normal
2026-04-27 23:13:44.279629,London-6ed3,2,18,Normal
2026-04-27 23:13:45.279629,London-6ed3,40,83,Normal
2026-04-27 23:13:46.279629,London-6ed3,46,24,Normal
2026-04-27 23:13:47.279629,London-6ed3,38,24,Normal
2026-04-27 23:13:48.279629,London-6ed3,14,99,Normal
2026-04-27 23:13:49.279629,London-6ed3,-26,66,Normal
2026-04-27 23:13:50.279629,London-6ed3,36,56,Normal
2026-04-27 23:13:51.279629,London-6ed3,-25,0,Normal
2026-04-27 23:13:52.279629,London-6ed3,27,50,Normal
2026-04-27 23:13:53.279629,London-6ed3,47,35,Normal
2026-04-27 23:13:54.279629,London-6ed3,22,15,Normal
2026-04-27 23:13:55.279629,London-6ed3,12,37,Normal
2026-04-27 23:13:56.279629,London-6ed3,10,18,Normal
2026-04-27 23:13:57.279629,London-6ed3,36,15,Normal
2026-04-27 23:13:58.279629,London-6ed3,-1,94,Normal
2026-04-27 23:13:59.279629,London-6ed3,-4,46,Normal
2026-04-27 23:14:00.279629,London-6ed3,1,53,Normal
2026-04-27 23:14:01.279629,London-6ed3,13,17,Normal
2026-04-27 23:14:02.279629,London-6ed3,36,29,Normal
2026-04-27 23:14:03.279629,London-6ed3,22,34,Normal
2026-04-27 23:14:04.279629,London-6ed3,-30,60,Normal
2026-04-27 23:14:05.279629,London-6ed3,-23,0,Normal
2026-04-27 23:14:06.279629,London-6ed3,-19,83,Normal
2026-04-27 23:14:07.279629,London-6ed3,-5,69,Normal
2026-04-27 23:14:08.279629,London-6ed3,45,45,Normal
2026-04-27 23:14:09.279629,London-6ed3,22,41,Normal
2026-04-27 23:14:10.279629,London-6ed3,35,32,Normal
2026-04-27 23:14:11.279629,London-6ed3,-18,86,Normal
2026-04-27 23:14:12.279629,London-6ed3,-19,47,Normal
2026-04-27 23:14:13.279629,London-6ed3,-3,64,Normal
2026-04-27 23:14:14.279629,London-6ed3,-18,30,Normal
2026-04-27 23:14:15.279629,London-6ed3,12,70,Normal
2026-04-27 23:14:16.279629,London-6ed3,4,48,Normal
2026-04-27 23:14:17.279629,London-6ed3,-25,69,Normal
2026-04-27 23:14:18.279629,London-6ed3,-7,34,Normal
2026-04-27 23:14:19.279629,London-6ed3,-29,38,Normal
2026-04-27 23:14:20.279629,London-6ed3,-2,88,Normal
2026-04-27 23:14:21.279629,London-6ed3,44,61,Normal
2026-04-27 23:14:22.279629,London-6ed3,38,95,Normal
2026-04-27 23:14:23.279629,London-6ed3,2,38,Normal
2026-04-27 23:14:24.279629,London-6ed3,-24,7,Normal
2026-04-27 23:14:25.279629,London-6ed3,31,26,Normal
2026-04-27 23:14:26.279629,London-6ed3,-21,81,Normal
2026-04-27 23:14:27.279629,London-6ed3,-23,86,Normal
2026-04-27 23:14:28.279629,London-6ed3,48,74,Normal
2026-04-27 23:14:29.279629,London-6ed3,47,65,Normal
