timestamp,station_id,temp,humid,condition
2026-02-09 23:12:20.109478,Toronto-15b0,6,56,Normal
2026-02-09 23:12:21.109478,Toronto-15b0,25,69,Normal
2026-02-09 23:12:22.109478,Toronto-15b0,-29,35,Normal
2026-02-09 23:12:23.109478,Toronto-15b0,42,59,Normal
2026-02-09 23:12:24.109478,Toronto-15b0,50,33,Normal
2026-02-09 23:12:25.109478,Toronto-15b0,-13,83,Normal
2026-02-09 23:12:26.109478,Toronto-15b0,32,13,Normal
2026-02-09 23:12:27.109478,Toronto-15b0,-14,12,Normal
2026-02-09 23:12:28.109478,Toronto-15b0,37,98,Normal
2026-02-09 23:12:29.109478,Toronto-15b0,-13,80,Normal
2026-02-09 23:12:30.109478,Toronto-15b0,20,49,Normal
2026-02-09 23:12:31.109478,Toronto-15b0,24,54,Normal
2026-02-09 23:12:32.109478,Toronto-15b0,-22,6,Normal
2026-02-09 23:12:33.109478,Toronto-15b0,3,33,Normal
2026-02-09 23:12:34.109478,Toronto-15b0,24,68,Normal
2026-02-09 23:12:35.109478,Toronto-15b0,30,56,Normal
2026-02-09 23:12:36.109478,Toronto-15b0,18,29,Normal
2026-02-09 23:12:37.109478,Toronto-15b0,11,45,Normal
2026-02-09 23:12:38.109478,Toronto-15b0,-23,100,Normal
2026-02-09 23:12:39.109478,Toronto-15b0,13,0,Normal
2026-02-09 23:12:40.109478,Toronto-15b0,-27,0,Normal
2026-02-09 23:12:41.109478,Toronto-15b0,42,7,Normal
2026-02-09 23:12:42.109478,Toronto-15b0,14,93,Normal
2026-02-09 23:12:43.109478,Toronto-15b0,32,54,Normal
2026-02-09 23:12:44.109478,Toronto-15b0,-3,33,Normal
2026-02-09 23:12:45.109478,Toronto-15b0,41,83,Normal
2026-02-09 23:12:46.109478,Toronto-15b0,15,10,Normal
2026-02-09 23:12:47.109478,Toronto-15b0,14,60,Normal
2026-02-09 23:12:48.109478,Toronto-15b0,44,28,Normal
2026-02-09 23:12:49.109478,Toronto-15b0,-13,29,Normal
2026-02-09 23:12:50.109478,Toronto-15b0,29,8,Normal
2026-02-09 23:12:51.109478,Toronto-15b0,50,89,Normal
2026-02-09 23:12:52.109478,Toronto-15b0,-13,65,Normal
2026-02-09 23:12:53.109478,Toronto-15b0,-12,100,Normal
2026-02-09 23:12:54.109478,Toronto-15b0,-11,36,Normal
2026-02-09 23:12:55.109478,Toronto-15b0,26,18,Normal
2026-02-09 23:12:56.109478,Toronto-15b0,8,64,Normal
2026-02-09 23:12:57.109478,Toronto-15b0,31,48,Normal
2026-02-09 23:12:58.109478,Toronto-15b0,5,26,Normal
2026-02-09 23:12:59.109478,Toronto-15b0,-27,80,Normal
2026-02-09 23:13:00.109478,Toronto-15b0,34,55,Normal
2026-02-09 23:13:01.109478,Toronto-15b0,-1,49,Normal
2026-02-09 23:13:02.109478,Toronto-15b0,-28,78,Normal
2026-02-09 23:13:03.109478,Toronto-15b0,22,14,Normal
2026-02-09 23:13:04.109478,Toronto-15b0,-19,26,Normal
2026-02-09 23:13:05.109478,Toronto-15b0,7,48,Normal
2026-02-09 23:13:06.109478,Toronto-15b0,32,4,Normal
2026-02-09 23:13:07.109478,Toronto-15b0,26,26,Normal
2026-02-09 23:13:08.109478,Toronto-15b0,-15,26,Normal
2026-02-09 23:13:09.109478,Toronto-15b0,13,34,Normal
2026-02-09 23:13:10.109478,Toronto-15b0,19,81,Normal
2026-02-09 23:13:11.109478,Toronto-15b0,45,16,Normal
2026-02-09 23:13:12.109478,Toronto-15b0,1,97,Normal
2026-02-09 23:13:13.109478,Toronto-15b0,6,77,Normal
2026-02-09 23:13:14.109478,Toronto-15b0,4,15,Normal
2026-02-09 23:13:15.109478,Toronto-15b0,23,15,Normal
2026-02-09 23:13:16.109478,Toronto-15b0,21,24,Normal
2026-02-09 23:13:17.109478,Toronto-15b0,-6,17,Normal
2026-02-09 23:13:18.109478,Toronto-15b0,-20,22,Normal
2026-02-09 23:13:19.109478,Toronto-15b0,22,65,Normal
2026-02-09 23:13:20.109478,Toronto-15b0,5,41,Normal
2026-02-09 23:13:21.109478,Toronto-15b0,-29,44,Normal
2026-02-09 23:13:22.109478,Toronto-15b0,-14,19,Normal
2026-02-09 23:13:23.109478,Toronto-15b0,48,2,Normal
2026-02-09 23:13:24.109478,Toronto-15b0,39,49,Normal
2026-02-09 23:13:25.109478,Toronto-15b0,16,58,Normal
2026-02-09 23:13:26.109478,Toronto-15b0,33,96,Normal
2026-02-09 23:13:27.109478,Toronto-15b0,-23,89,Normal
2026-02-09 23:13:28.109478,Toronto-15b0,-29,88,Normal
2026-02-09 23:13:29.109478,Toronto-15b0,-19,83,Normal
2026-02-09 23:13:30.109478,Toronto-15b0,-6,75,Normal
2026-02-09 23:13:31.109478,Toronto-15b0,-15,73,Normal
2026-02-09 23:13:32.109478,Toronto-15b0,18,48,Normal
2026-02-09 23:13:33.109478,Toronto-15b0,6,44,Normal
2026-02-09 23:13:34.109478,Toronto-15b0,-29,45,Normal
2026-02-09 23:13:35.109478,Toronto-15b0,-1,58,Normal
2026-02-09 23:13:36.109478,Toronto-15b0,42,76,Normal
2026-02-09 23:13:37.109478,Toronto-15b0,13,17,Normal
2026-02-09 23:13:38.109478,Toronto-15b0,30,85,Normal
2026-02-09 23:13:39.109478,Toronto-15b0,47,54,Normal
2026-02-09 23:13:40.109478,Toronto-15b0,0,48,Normal
2026-02-09 23:13:41.109478,Toronto-15b0,-12,82,Normal
2026-02-09 23:13:42.109478,Toronto-15b0,-2,37,Normal
2026-02-09 23:13:43.109478,Toronto-15b0,22,27,Normal
2026-02-09 23:13:44.109478,Toronto-15b0,-11,48,Normal
2026-02-09 23:13:45.109478,Toronto-15b0,7,89,Normal
2026-02-09 23:13:46.109478,Toronto-15b0,26,59,Normal
2026-02-09 23:13:47.109478,Toronto-15b0,6,59,Normal
2026-02-09 23:13:48.109478,Toronto-15b0,-27,17,Normal
2026-02-09 23:13:49.109478,Toronto-15b0,-8,51,Normal
2026-02-09 23:13:50.109478,Toronto-15b0,-28,17,Normal
2026-02-09 23:13:51.109478,Toronto-15b0,4,2,Normal
2026-02-09 23:13:52.109478,Toronto-15b0,46,6,Normal
2026-02-09 23:13:53.109478,Toronto-15b0,43,33,Normal
2026-02-09 23:13:54.109478,Toronto-15b0,36,52,Normal
2026-02-09 23:13:55.109478,Toronto-15b0,32,100,Normal
2026-02-09 23:13:56.109478,Toronto-15b0,-28,2,Normal
2026-02-09 23:13:57.109478,Toronto-15b0,-29,25,Normal
2026-02-09 23:13:58.109478,Toronto-15b0,-3,2,Normal
2026-02-09 23:13:59.109478,Toronto-15b0,-14,3,Normal
2026-02-09 23:14:00.109478,Toronto-15b0,-3,56,Normal
2026-02-09 23:14:01.109478,Toronto-15b0,-7,40,Normal
2026-02-09 23:14:02.109478,Toronto-15b0,3,48,Normal
2026-02-09 23:14:03.109478,Toronto-15b0,13,63,Normal
2026-02-09 23:14:04.109478,Toronto-15b0,-13,75,Normal
2026-02-09 23:14:05.109478,Toronto-15b0,49,41,Normal
2026-02-09 23:14:06.109478,Toronto-15b0,8,20,Normal
2026-02-09 23:14:07.109478,Toronto-15b0,38,45,Normal
2026-02-09 23:14:08.109478,Toronto-15b0,48,95,Normal
2026-02-09 23:14:09.109478,Toronto-15b0,46,97,Normal
2026-02-09 23:14:10.109478,Toronto-15b0,45,48,Normal
2026-02-09 23:14:11.109478,Toronto-15b0,-9,27,Normal
2026-02-09 23:14:12.109478,Toronto-15b0,-21,69,Normal
2026-02-09 23:14:13.109478,Toronto-15b0,16,82,Normal
2026-02-09 23:14:14.109478,Toronto-15b0,5,28,Normal
2026-02-09 23:14:15.109478,Toronto-15b0,27,2,Normal
2026-02-09 23:14:16.109478,Toronto-15b0,33,2,Normal
2026-02-09 23:14:17.109478,Toronto-15b0,-14,4,Normal
2026-02-09 23:14:18.109478,Toronto-15b0,13,59,Normal
2026-02-09 23:14:19.109478,Toronto-15b0,-14,100,Normal
2026-02-09 23:14:20.109478,Toronto-15b0,8,49,Normal
2026-02-09 23:14:21.109478,Toronto-15b0,6,28,Normal
2026-02-09 23:14:22.109478,Toronto-15b0,11,9,Normal
2026-02-09 23:14:23.109478,Toronto-15b0,48,59,Normal
2026-02-09 23:14:24.109478,Toronto-15b0,12,14,Normal
2026-02-09 23:14:25.109478,Toronto-15b0,-23,92,Normal
2026-02-09 23:14:26.109478,Toronto-15b0,27,86,Normal
2026-02-09 23:14:27.109478,Toronto-15b0,29,29,Normal
2026-02-09 23:14:28.109478,Toronto-15b0,-5,21,Normal
2026-02-09 23:14:29.109478,Toronto-15b0,6,61,Normal
2026-02-09 23:14:30.109478,Toronto-15b0,-1,32,Normal
2026-02-09 23:14:31.109478,Toronto-15b0,-28,36,Normal
2026-02-09 23:14:32.109478,Toronto-15b0,-14,60,Normal
2026-02-09 23:14:33.109478,Toronto-15b0,16,11,Normal
2026-02-09 23:14:34.109478,Toronto-15b0,-21,3,Normal
2026-02-09 23:14:35.109478,Toronto-15b0,20,67,Normal
2026-02-09 23:14:36.109478,Toronto-15b0,13,3,Normal
2026-02-09 23:14:37.109478,Toronto-15b0,44,48,Normal
2026-02-09 23:14:38.109478,Toronto-15b0,-26,40,Normal
2026-02-09 23:14:39.109478,Toronto-15b0,26,98,Normal
2026-02-09 23:14:40.109478,Toronto-15b0,-20,49,Normal
2026-02-09 23:14:41.109478,Toronto-15b0,-7,58,Normal
2026-02-09 23:14:42.109478,Toronto-15b0,-3,34,Normal
2026-02-09 23:14:43.109478,Toronto-15b0,-23,3,Normal
2026-02-09 23:14:44.109478,Toronto-15b0,32,41,Normal
2026-02-09 23:14:45.109478,Toronto-15b0,-11,55,Normal
2026-02-09 23:14:46.109478,Toronto-15b0,-8,85,Normal
2026-02-09 23:14:47.109478,Toronto-15b0,32,58,Normal
2026-02-09 23:14:48.109478,Toronto-15b0,34,70,Normal
2026-02-09 23:14:49.109478,Toronto-15b0,-28,51,Normal
2026-02-09 23:14:50.109478,Toronto-15b0,11,64,Normal
2026-02-09 23:14:51.109478,Toronto-15b0,-30,48,Normal
2026-02-09 23:14:52.109478,Toronto-15b0,48,94,Normal
2026-02-09 23:14:53.109478,Toronto-15b0,49,39,Normal
2026-02-09 23:14:54.109478,Toronto-15b0,43,46,Normal
2026-02-09 23:14:55.109478,Toronto-15b0,-20,43,Normal
2026-02-09 23:14:56.109478,Toronto-15b0,18,31,Normal
2026-02-09 23:14:57.109478,Toronto-15b0,40,89,Normal
2026-02-09 23:14:58.109478,Toronto-15b0,42,7,Normal
2026-02-09 23:14:59.109478,Toronto-15b0,-16,82,Normal
2026-02-09 23:15:00.109478,Toronto-15b0,-22,53,Normal
2026-02-09 23:15:01.109478,Toronto-15b0,-6,88,Normal
2026-02-09 23:15:02.109478,Toronto-15b0,18,83,Normal
2026-02-09 23:15:03.109478,Toronto-15b0,33,76,Normal
2026-02-09 23:15:04.109478,Toronto-15b0,-13,13,Normal
2026-02-09 23:15:05.109478,Toronto-15b0,10,47,Normal
2026-02-09 23:15:06.109478,Toronto-15b0,-7,78,Normal
2026-02-09 23:15:07.109478,Toronto-15b0,13,22,Normal
2026-02-09 23:15:08.109478,Toronto-15b0,16,94,Normal
2026-02-09 23:15:09.109478,Toronto-15b0,-4,87,Normal
2026-02-09 23:15:10.109478,Toronto-15b0,50,72,Normal
2026-02-09 23:15:11.109478,Toronto-15b0,20,2,Normal
2026-02-09 23:15:12.109478,Toronto-15b0,-8,13,Normal
2026-02-09 23:15:13.109478,Toronto-15b0,-20,53,Normal
2026-02-09 23:15:14.109478,Toronto-15b0,-5,77,Normal
2026-02-09 23:15:15.109478,Toronto-15b0,50,73,Normal
2026-02-09 23:15:16.109478,Toronto-15b0,-27,44,Normal
2026-02-09 23:15:17.109478,Toronto-15b0,15,39,Normal
2026-02-09 23:15:18.109478,Toronto-15b0,-10,1,Normal
2026-02-09 23:15:19.109478,Toronto-15b0,3,36,Normal
2026-02-09 23:15:20.109478,Toronto-15b0,43,51,Normal
2026-02-09 23:15:21.109478,Toronto-15b0,-23,51,Normal
2026-02-09 23:15:22.109478,Toronto-15b0,44,100,Normal
2026-02-09 23:15:23.109478,Toronto-15b0,24,72,Normal
2026-02-09 23:15:24.109478,Toronto-15b0,37,35,Normal
2026-02-09 23:15:25.109478,Toronto-15b0,21,3,Normal
2026-02-09 23:15:26.109478,Toronto-15b0,-5,51,Normal
2026-02-09 23:15:27.109478,Toronto-15b0,-17,82,Normal
2026-02-09 23:15:28.109478,Toronto-15b0,24,54,Normal
2026-02-09 23:15:29.109478,Toronto-15b0,5,10,Normal
2026-02-09 23:15:30.109478,Toronto-15b0,24,0,Normal
2026-02-09 23:15:31.109478,Toronto-15b0,-21,14,Normal
2026-02-09 23:15:32.109478,Toronto-15b0,-20,69,Normal
2026-02-09 23:15:33.109478,Toronto-15b0,1,74,Normal
2026-02-09 23:15:34.109478,Toronto-15b0,5,5,Normal
2026-02-09 23:15:35.109478,Toronto-15b0,9,7,Normal
2026-02-09 23:15:36.109478,Toronto-15b0,8,87,Normal
2026-02-09 23:15:37.109478,Toronto-15b0,-19,11,Normal
2026-02-09 23:15:38.109478,Toronto-15b0,32,47,Normal
2026-02-09 23:15:39.109478,Toronto-15b0,-3,15,Normal
2026-02-09 23:15:40.109478,Toronto-15b0,28,95,Normal
2026-02-09 23:15:41.109478,Toronto-15b0,-2,99,Normal
2026-02-09 23:15:42.109478,Toronto-15b0,3,73,Normal
2026-02-09 23:15:43.109478,Toronto-15b0,4,44,Normal
2026-02-09 23:15:44.109478,Toronto-15b0,29,46,Normal
2026-02-09 23:15:45.109478,Toronto-15b0,-18,37,Normal
2026-02-09 23:15:46.109478,Toronto-15b0,-7,11,Normal
2026-02-09 23:15:47.109478,Toronto-15b0,-6,2,Normal
2026-02-09 23:15:48.109478,Toronto-15b0,25,39,Normal
2026-02-09 23:15:49.109478,Toronto-15b0,10,63,Normal
2026-02-09 23:15:50.109478,Toronto-15b0,5,52,Normal
2026-02-09 23:15:51.109478,Toronto-15b0,-9,53,Normal
2026-02-09 23:15:52.109478,Toronto-15b0,14,58,Normal
2026-02-09 23:15:53.109478,Toronto-15b0,-21,7,Normal
2026-02-09 23:15:54.109478,Toronto-15b0,-15,72,Normal
2026-02-09 23:15:55.109478,Toronto-15b0,34,32,Normal
2026-02-09 23:15:56.109478,Toronto-15b0,40,20,Normal
2026-02-09 23:15:57.109478,Toronto-15b0,-29,69,Normal
2026-02-09 23:15:58.109478,Toronto-15b0,24,2,Normal
2026-02-09 23:15:59.109478,Toronto-15b0,41,98,Normal
2026-02-09 23:16:00.109478,Toronto-15b0,12,25,Normal
2026-02-09 23:16:01.109478,Toronto-15b0,39,26,Normal
2026-02-09 23:16:02.109478,Toronto-15b0,-25,79,Normal
2026-02-09 23:16:03.109478,Toronto-15b0,-15,72,Normal
2026-02-09 23:16:04.109478,Toronto-15b0,8,40,Normal
2026-02-09 23:16:05.109478,Toronto-15b0,34,23,Normal
2026-02-09 23:16:06.109478,Toronto-15b0,7,76,Normal
2026-02-09 23:16:07.109478,Toronto-15b0,-20,21,Normal
2026-02-09 23:16:08.109478,Toronto-15b0,-12,95,Normal
2026-02-09 23:16:09.109478,Toronto-15b0,-25,54,Normal
2026-02-09 23:16:10.109478,Toronto-15b0,15,75,Normal
2026-02-09 23:16:11.109478,Toronto-15b0,43,41,Normal
2026-02-09 23:16:12.109478,Toronto-15b0,9,13,Normal
2026-02-09 23:16:13.109478,Toronto-15b0,48,58,Normal
2026-02-09 23:16:14.109478,Toronto-15b0,-12,12,Normal
2026-02-09 23:16:15.109478,Toronto-15b0,7,95,Normal
2026-02-09 23:16:16.109478,Toronto-15b0,-3,48,Normal
2026-02-09 23:16:17.109478,Toronto-15b0,14,46,Normal
2026-02-09 23:16:18.109478,Toronto-15b0,-21,94,Normal
2026-02-09 23:16:19.109478,Toronto-15b0,-30,17,Normal
2026-02-09 23:16:20.109478,Toronto-15b0,26,85,Normal
2026-02-09 23:16:21.109478,Toronto-15b0,28,27,Normal
2026-02-09 23:16:22.109478,Toronto-15b0,8,30,Normal
2026-02-09 23:16:23.109478,Toronto-15b0,43,33,Normal
2026-02-09 23:16:24.109478,Toronto-15b0,16,64,Normal
2026-02-09 23:16:25.109478,Toronto-15b0,22,42,Normal
2026-02-09 23:16:26.109478,Toronto-15b0,5,11,Normal
2026-02-09 23:16:27.109478,Toronto-15b0,48,85,Normal
2026-02-09 23:16:28.109478,Toronto-15b0,49,45,Normal
2026-02-09 23:16:29.109478,Toronto-15b0,24,11,Normal
2026-02-09 23:16:30.109478,Toronto-15b0,22,95,Normal
2026-02-09 23:16:31.109478,Toronto-15b0,38,74,Normal
2026-02-09 23:16:32.109478,Toronto-15b0,24,82,Normal
2026-02-09 23:16:33.109478,Toronto-15b0,-15,42,Normal
2026-02-09 23:16:34.109478,Toronto-15b0,4,24,Normal
2026-02-09 23:16:35.109478,Toronto-15b0,-20,66,Normal
2026-02-09 23:16:36.109478,Toronto-15b0,26,57,Normal
2026-02-09 23:16:37.109478,Toronto-15b0,19,75,Normal
2026-02-09 23:16:38.109478,Toronto-15b0,-4,43,Normal
2026-02-09 23:16:39.109478,Toronto-15b0,-29,65,Normal
2026-02-09 23:16:40.109478,Toronto-15b0,28,20,Normal
2026-02-09 23:16:41.109478,Toronto-15b0,28,5,Normal
2026-02-09 23:16:42.109478,Toronto-15b0,29,98,Normal
2026-02-09 23:16:43.109478,Toronto-15b0,-27,96,Normal
2026-02-09 23:16:44.109478,Toronto-15b0,-10,2,Normal
2026-02-09 23:16:45.109478,Toronto-15b0,1,84,Normal
2026-02-09 23:16:46.109478,Toronto-15b0,-10,83,Normal
2026-02-09 23:16:47.109478,Toronto-15b0,-6,93,Normal
2026-02-09 23:16:48.109478,Toronto-15b0,4,69,Normal
2026-02-09 23:16:49.109478,Toronto-15b0,0,50,Normal
2026-02-09 23:16:50.109478,Toronto-15b0,33,70,Normal
2026-02-09 23:16:51.109478,Toronto-15b0,-7,22,Normal
2026-02-09 23:16:52.109478,Toronto-15b0,40,9,Normal
2026-02-09 23:16:53.109478,Toronto-15b0,30,3,Normal
2026-02-09 23:16:54.109478,Toronto-15b0,-10,95,Normal
2026-02-09 23:16:55.109478,Toronto-15b0,14,74,Normal
2026-02-09 23:16:56.109478,Toronto-15b0,21,42,Normal
2026-02-09 23:16:57.109478,Toronto-15b0,-27,80,Normal
2026-02-09 23:16:58.109478,Toronto-15b0,36,53,Normal
2026-02-09 23:16:59.109478,Toronto-15b0,39,30,Normal
2026-02-09 23:17:00.109478,Toronto-15b0,-19,33,Normal
2026-02-09 23:17:01.109478,Toronto-15b0,21,14,Normal
2026-02-09 23:17:02.109478,Toronto-15b0,49,100,Normal
2026-02-09 23:17:03.109478,Toronto-15b0,19,31,Normal
2026-02-09 23:17:04.109478,Toronto-15b0,1,23,Normal
2026-02-09 23:17:05.109478,Toronto-15b0,-4,95,Normal
2026-02-09 23:17:06.109478,Toronto-15b0,-24,51,Normal
2026-02-09 23:17:07.109478,Toronto-15b0,0,20,Normal
2026-02-09 23:17:08.109478,Toronto-15b0,-26,35,Normal
2026-02-09 23:17:09.109478,Toronto-15b0,-14,24,Normal
2026-02-09 23:17:10.109478,Toronto-15b0,25,93,Normal
2026-02-09 23:17:11.109478,Toronto-15b0,14,31,Normal
2026-02-09 23:17:12.109478,Toronto-15b0,11,85,Normal
2026-02-09 23:17:13.109478,Toronto-15b0,47,76,Normal
2026-02-09 23:17:14.109478,Toronto-15b0,-12,47,Normal
2026-02-09 23:17:15.109478,Toronto-15b0,9,47,Normal
2026-02-09 23:17:16.109478,Toronto-15b0,-9,39,Normal
2026-02-09 23:17:17.109478,Toronto-15b0,10,5,Normal
2026-02-09 23:17:18.109478,Toronto-15b0,8,27,Normal
2026-02-09 23:17:19.109478,Toronto-15b0,-25,66,Normal
2026-02-09 23:17:20.109478,Toronto-15b0,-6,41,Normal
2026-02-09 23:17:21.109478,Toronto-15b0,-3,20,Normal
2026-02-09 23:17:22.109478,Toronto-15b0,-14,19,Normal
2026-02-09 23:17:23.109478,Toronto-15b0,23,25,Normal
2026-02-09 23:17:24.109478,Toronto-15b0,30,84,Normal
2026-02-09 23:17:25.109478,Toronto-15b0,-24,28,Normal
2026-02-09 23:17:26.109478,Toronto-15b0,35,55,Normal
2026-02-09 23:17:27.109478,Toronto-15b0,22,53,Normal
2026-02-09 23:17:28.109478,Toronto-15b0,20,38,Normal
2026-02-09 23:17:29.109478,Toronto-15b0,17,92,Normal
2026-02-09 23:17:30.109478,Toronto-15b0,42,26,Normal
2026-02-09 23:17:31.109478,Toronto-15b0,28,81,Normal
2026-02-09 23:17:32.109478,Toronto-15b0,46,59,Normal
2026-02-09 23:17:33.109478,Toronto-15b0,38,10,Normal
2026-02-09 23:17:34.109478,Toronto-15b0,7,96,Normal
2026-02-09 23:17:35.109478,Toronto-15b0,-5,54,Normal
2026-02-09 23:17:36.109478,Toronto-15b0,-16,10,Normal
2026-02-09 23:17:37.109478,Toronto-15b0,-2,11,Normal
2026-02-09 23:17:38.109478,Toronto-15b0,23,22,Normal
2026-02-09 23:17:39.109478,Toronto-15b0,-18,57,Normal
2026-02-09 23:17:40.109478,Toronto-15b0,-2,2,Normal
2026-02-09 23:17:41.109478,Toronto-15b0,30,92,Normal
2026-02-09 23:17:42.109478,Toronto-15b0,50,37,Normal
2026-02-09 23:17:43.109478,Toronto-15b0,10,56,Normal
2026-02-09 23:17:44.109478,Toronto-15b0,-20,60,Normal
2026-02-09 23:17:45.109478,Toronto-15b0,23,9,Normal
2026-02-09 23:17:46.109478,Toronto-15b0,-15,72,Normal
2026-02-09 23:17:47.109478,Toronto-15b0,17,0,Normal
2026-02-09 23:17:48.109478,Toronto-15b0,18,0,Normal
2026-02-09 23:17:49.109478,Toronto-15b0,47,83,Normal
2026-02-09 23:17:50.109478,Toronto-15b0,28,56,Normal
2026-02-09 23:17:51.109478,Toronto-15b0,41,85,Normal
2026-02-09 23:17:52.109478,Toronto-15b0,23,77,Normal
2026-02-09 23:17:53.109478,Toronto-15b0,-22,7,Normal
2026-02-09 23:17:54.109478,Toronto-15b0,-23,69,Normal
2026-02-09 23:17:55.109478,Toronto-15b0,17,91,Normal
2026-02-09 23:17:56.109478,Toronto-15b0,12,76,Normal
2026-02-09 23:17:57.109478,Toronto-15b0,-4,2,Normal
2026-02-09 23:17:58.109478,Toronto-15b0,-5,36,Normal
2026-02-09 23:17:59.109478,Toronto-15b0,-2,50,Normal
2026-02-09 23:18:00.109478,Toronto-15b0,20,44,Normal
2026-02-09 23:18:01.109478,Toronto-15b0,44,84,Normal
2026-02-09 23:18:02.109478,Toronto-15b0,-10,54,Normal
2026-02-09 23:18:03.109478,Toronto-15b0,-14,53,Normal
2026-02-09 23:18:04.109478,Toronto-15b0,13,62,Normal
2026-02-09 23:18:05.109478,Toronto-15b0,29,77,Normal
2026-02-09 23:18:06.109478,Toronto-15b0,15,91,Normal
2026-02-09 23:18:07.109478,Toronto-15b0,-24,98,Normal
2026-02-09 23:18:08.109478,Toronto-15b0,17,11,Normal
2026-02-09 23:18:09.109478,Toronto-15b0,25,32,Normal
2026-02-09 23:18:10.109478,Toronto-15b0,-30,14,Normal
2026-02-09 23:18:11.109478,Toronto-15b0,-29,8,Normal
2026-02-09 23:18:12.109478,Toronto-15b0,19,79,Normal
2026-02-09 23:18:13.109478,Toronto-15b0,36,56,Normal
2026-02-09 23:18:14.109478,Toronto-15b0,43,82,Normal
2026-02-09 23:18:15.109478,Toronto-15b0,47,1,Normal
2026-02-09 23:18:16.109478,Toronto-15b0,32,2,Normal
2026-02-09 23:18:17.109478,Toronto-15b0,26,18,Normal
2026-02-09 23:18:18.109478,Toronto-15b0,37,7,Normal
2026-02-09 23:18:19.109478,Toronto-15b0,7,56,Normal
2026-02-09 23:18:20.109478,Toronto-15b0,26,19,Normal
2026-02-09 23:18:21.109478,Toronto-15b0,33,97,Normal
2026-02-09 23:18:22.109478,Toronto-15b0,10,11,Normal
2026-02-09 23:18:23.109478,Toronto-15b0,37,3,Normal
2026-02-09 23:18:24.109478,Toronto-15b0,29,11,Normal
2026-02-09 23:18:25.109478,Toronto-15b0,37,15,Normal
2026-02-09 23:18:26.109478,Toronto-15b0,24,66,Normal
2026-02-09 23:18:27.109478,Toronto-15b0,18,3,Normal
2026-02-09 23:18:28.109478,Toronto-15b0,-10,68,Normal
2026-02-09 23:18:29.109478,Toronto-15b0,21,5,Normal
2026-02-09 23:18:30.109478,Toronto-15b0,-6,27,Normal
2026-02-09 23:18:31.109478,Toronto-15b0,4,94,Normal
2026-02-09 23:18:32.109478,Toronto-15b0,-27,53,Normal
2026-02-09 23:18:33.109478,Toronto-15b0,27,81,Normal
2026-02-09 23:18:34.109478,Toronto-15b0,49,84,Normal
2026-02-09 23:18:35.109478,Toronto-15b0,10,71,Normal
2026-02-09 23:18:36.109478,Toronto-15b0,-29,37,Normal
2026-02-09 23:18:37.109478,Toronto-15b0,44,42,Normal
2026-02-09 23:18:38.109478,Toronto-15b0,-21,17,Normal
2026-02-09 23:18:39.109478,Toronto-15b0,46,63,Normal
2026-02-09 23:18:40.109478,Toronto-15b0,40,74,Normal
2026-02-09 23:18:41.109478,Toronto-15b0,30,63,Normal
2026-02-09 23:18:42.109478,Toronto-15b0,-1,96,Normal
2026-02-09 23:18:43.109478,Toronto-15b0,-19,64,Normal
2026-02-09 23:18:44.109478,Toronto-15b0,7,25,Normal
2026-02-09 23:18:45.109478,Toronto-15b0,1,92,Normal
2026-02-09 23:18:46.109478,Toronto-15b0,-11,8,Normal
2026-02-09 23:18:47.109478,Toronto-15b0,49,8,Normal
2026-02-09 23:18:48.109478,Toronto-15b0,40,37,Normal
2026-02-09 23:18:49.109478,Toronto-15b0,28,96,Normal
2026-02-09 23:18:50.109478,Toronto-15b0,20,29,Normal
2026-02-09 23:18:51.109478,Toronto-15b0,15,93,Normal
2026-02-09 23:18:52.109478,Toronto-15b0,-3,5,Normal
2026-02-09 23:18:53.109478,Toronto-15b0,36,80,Normal
2026-02-09 23:18:54.109478,Toronto-15b0,19,38,Normal
2026-02-09 23:18:55.109478,Toronto-15b0,35,69,Normal
2026-02-09 23:18:56.109478,Toronto-15b0,35,14,Normal
2026-02-09 23:18:57.109478,Toronto-15b0,11,74,Normal
2026-02-09 23:18:58.109478,Toronto-15b0,19,100,Normal
2026-02-09 23:18:59.109478,Toronto-15b0,11,56,Normal
2026-02-09 23:19:00.109478,Toronto-15b0,32,52,Normal
2026-02-09 23:19:01.109478,Toronto-15b0,42,72,Normal
2026-02-09 23:19:02.109478,Toronto-15b0,46,22,Normal
2026-02-09 23:19:03.109478,Toronto-15b0,25,29,Normal
2026-02-09 23:19:04.109478,Toronto-15b0,27,52,Normal
2026-02-09 23:19:05.109478,Toronto-15b0,-9,70,Normal
2026-02-09 23:19:06.109478,Toronto-15b0,6,41,Normal
2026-02-09 23:19:07.109478,Toronto-15b0,-12,25,Normal
2026-02-09 23:19:08.109478,Toronto-15b0,34,55,Normal
2026-02-09 23:19:09.109478,Toronto-15b0,30,43,Normal
2026-02-09 23:19:10.109478,Toronto-15b0,37,88,Normal
2026-02-09 23:19:11.109478,Toronto-15b0,-26,99,Normal
2026-02-09 23:19:12.109478,Toronto-15b0,-3,89,Normal
2026-02-09 23:19:13.109478,Toronto-15b0,-29,76,Normal
2026-02-09 23:19:14.109478,Toronto-15b0,-6,60,Normal
2026-02-09 23:19:15.109478,Toronto-15b0,-30,62,Normal
2026-02-09 23:19:16.109478,Toronto-15b0,-26,13,Normal
2026-02-09 23:19:17.109478,Toronto-15b0,2,73,Normal
2026-02-09 23:19:18.109478,Toronto-15b0,47,18,Normal
2026-02-09 23:19:19.109478,Toronto-15b0,8,88,Normal
2026-02-09 23:19:20.109478,Toronto-15b0,30,55,Normal
2026-02-09 23:19:21.109478,Toronto-15b0,32,6,Normal
2026-02-09 23:19:22.109478,Toronto-15b0,17,86,Normal
2026-02-09 23:19:23.109478,Toronto-15b0,40,8,Normal
2026-02-09 23:19:24.109478,Toronto-15b0,38,97,Normal
2026-02-09 23:19:25.109478,Toronto-15b0,-15,56,Normal
2026-02-09 23:19:26.109478,Toronto-15b0,7,88,Normal
2026-02-09 23:19:27.109478,Toronto-15b0,-15,1,Normal
2026-02-09 23:19:28.109478,Toronto-15b0,18,50,Normal
2026-02-09 23:19:29.109478,Toronto-15b0,-24,22,Normal
2026-02-09 23:19:30.109478,Toronto-15b0,49,26,Normal
2026-02-09 23:19:31.109478,Toronto-15b0,27,82,Normal
2026-02-09 23:19:32.109478,Toronto-15b0,28,36,Normal
2026-02-09 23:19:33.109478,Toronto-15b0,50,14,Normal
2026-02-09 23:19:34.109478,Toronto-15b0,33,35,Normal
2026-02-09 23:19:35.109478,Toronto-15b0,21,7,Normal
2026-02-09 23:19:36.109478,Toronto-15b0,9,0,Normal
2026-02-09 23:19:37.109478,Toronto-15b0,25,16,Normal
2026-02-09 23:19:38.109478,Toronto-15b0,-6,69,Normal
2026-02-09 23:19:39.109478,Toronto-15b0,16,85,Normal
2026-02-09 23:19:40.109478,Toronto-15b0,-22,26,Normal
2026-02-09 23:19:41.109478,Toronto-15b0,6,71,Normal
2026-02-09 23:19:42.109478,Toronto-15b0,41,19,Normal
2026-02-09 23:19:43.109478,Toronto-15b0,-8,3,Normal
2026-02-09 23:19:44.109478,Toronto-15b0,-8,2,Normal
2026-02-09 23:19:45.109478,Toronto-15b0,11,30,Normal
2026-02-09 23:19:46.109478,Toronto-15b0,44,59,Normal
2026-02-09 23:19:47.109478,Toronto-15b0,21,97,Normal
2026-02-09 23:19:48.109478,Toronto-15b0,30,52,Normal
2026-02-09 23:19:49.109478,Toronto-15b0,13,0,Normal
2026-02-09 23:19:50.109478,Toronto-15b0,22,61,Normal
2026-02-09 23:19:51.109478,Toronto-15b0,12,0,Normal
2026-02-09 23:19:52.109478,Toronto-15b0,31,82,Normal
2026-02-09 23:19:53.109478,Toronto-15b0,47,69,Normal
2026-02-09 23:19:54.109478,Toronto-15b0,-18,44,Normal
2026-02-09 23:19:55.109478,Toronto-15b0,49,4,Normal
2026-02-09 23:19:56.109478,Toronto-15b0,33,8,Normal
2026-02-09 23:19:57.109478,Toronto-15b0,13,75,Normal
2026-02-09 23:19:58.109478,Toronto-15b0,3,62,Normal
2026-02-09 23:19:59.109478,Toronto-15b0,50,43,Normal
2026-02-09 23:20:00.109478,Toronto-15b0,40,52,Normal
2026-02-09 23:20:01.109478,Toronto-15b0,39,1,Normal
2026-02-09 23:20:02.109478,Toronto-15b0,40,1,Normal
2026-02-09 23:20:03.109478,Toronto-15b0,32,30,Normal
2026-02-09 23:20:04.109478,Toronto-15b0,3,28,Normal
2026-02-09 23:20:05.109478,Toronto-15b0,9,27,Normal
2026-02-09 23:20:06.109478,Toronto-15b0,-16,56,Normal
2026-02-09 23:20:07.109478,Toronto-15b0,43,10,Normal
2026-02-09 23:20:08.109478,Toronto-15b0,43,27,Normal
2026-02-09 23:20:09.109478,Toronto-15b0,-6,4,Normal
2026-02-09 23:20:10.109478,Toronto-15b0,24,48,Normal
2026-02-09 23:20:11.109478,Toronto-15b0,-11,18,Normal
2026-02-09 23:20:12.109478,Toronto-15b0,31,72,Normal
2026-02-09 23:20:13.109478,Toronto-15b0,-7,22,Normal
2026-02-09 23:20:14.109478,Toronto-15b0,-13,32,Normal
2026-02-09 23:20:15.109478,Toronto-15b0,25,9,Normal
2026-02-09 23:20:16.109478,Toronto-15b0,-10,65,Normal
2026-02-09 23:20:17.109478,Toronto-15b0,5,78,Normal
2026-02-09 23:20:18.109478,Toronto-15b0,4,71,Normal
2026-02-09 23:20:19.109478,Toronto-15b0,38,50,Normal
2026-02-09 23:20:20.109478,Toronto-15b0,47,20,Normal
2026-02-09 23:20:21.109478,Toronto-15b0,6,12,Normal
2026-02-09 23:20:22.109478,Toronto-15b0,-3,89,Normal
2026-02-09 23:20:23.109478,Toronto-15b0,14,100,Normal
2026-02-09 23:20:24.109478,Toronto-15b0,12,91,Normal
2026-02-09 23:20:25.109478,Toronto-15b0,41,51,Normal
2026-02-09 23:20:26.109478,Toronto-15b0,-10,19,Normal
2026-02-09 23:20:27.109478,Toronto-15b0,9,66,Normal
2026-02-09 23:20:28.109478,Toronto-15b0,33,77,Normal
2026-02-09 23:20:29.109478,Toronto-15b0,-13,64,Normal
2026-02-09 23:20:30.109478,Toronto-15b0,-22,64,Normal
2026-02-09 23:20:31.109478,Toronto-15b0,-21,37,Normal
2026-02-09 23:20:32.109478,Toronto-15b0,-1,91,Normal
2026-02-09 23:20:33.109478,Toronto-15b0,23,92,Normal
2026-02-09 23:20:34.109478,Toronto-15b0,-21,39,Normal
2026-02-09 23:20:35.109478,Toronto-15b0,-18,16,Normal
2026-02-09 23:20:36.109478,Toronto-15b0,15,67,Normal
2026-02-09 23:20:37.109478,Toronto-15b0,40,99,Normal
2026-02-09 23:20:38.109478,Toronto-15b0,32,56,Normal
2026-02-09 23:20:39.109478,Toronto-15b0,31,29,Normal
2026-02-09 23:20:40.109478,Toronto-15b0,49,20,Normal
2026-02-09 23:20:41.109478,Toronto-15b0,-20,55,Normal
2026-02-09 23:20:42.109478,Toronto-15b0,49,85,Normal
2026-02-09 23:20:43.109478,Toronto-15b0,49,4,Normal
2026-02-09 23:20:44.109478,Toronto-15b0,26,0,Normal
2026-02-09 23:20:45.109478,Toronto-15b0,-27,73,Normal
2026-02-09 23:20:46.109478,Toronto-15b0,29,38,Normal
2026-02-09 23:20:47.109478,Toronto-15b0,32,59,Normal
2026-02-09 23:20:48.109478,Toronto-15b0,31,75,Normal
2026-02-09 23:20:49.109478,Toronto-15b0,32,30,Normal
2026-02-09 23:20:50.109478,Toronto-15b0,15,63,Normal
2026-02-09 23:20:51.109478,Toronto-15b0,11,47,Normal
2026-02-09 23:20:52.109478,Toronto-15b0,6,94,Normal
2026-02-09 23:20:53.109478,Toronto-15b0,-5,52,Normal
2026-02-09 23:20:54.109478,Toronto-15b0,-25,87,Normal
2026-02-09 23:20:55.109478,Toronto-15b0,-10,78,Normal
2026-02-09 23:20:56.109478,Toronto-15b0,-2,38,Normal
2026-02-09 23:20:57.109478,Toronto-15b0,49,96,Normal
2026-02-09 23:20:58.109478,Toronto-15b0,24,72,Normal
2026-02-09 23:20:59.109478,Toronto-15b0,14,72,Normal
2026-02-09 23:21:00.109478,Toronto-15b0,13,61,Normal
2026-02-09 23:21:01.109478,Toronto-15b0,34,60,Normal
2026-02-09 23:21:02.109478,Toronto-15b0,34,18,Normal
2026-02-09 23:21:03.109478,Toronto-15b0,2,41,Normal
2026-02-09 23:21:04.109478,Toronto-15b0,-6,86,Normal
2026-02-09 23:21:05.109478,Toronto-15b0,-17,9,Normal
2026-02-09 23:21:06.109478,Toronto-15b0,1,28,Normal
2026-02-09 23:21:07.109478,Toronto-15b0,-25,2,Normal
2026-02-09 23:21:08.109478,Toronto-15b0,-17,99,Normal
2026-02-09 23:21:09.109478,Toronto-15b0,25,79,Normal
2026-02-09 23:21:10.109478,Toronto-15b0,32,48,Normal
2026-02-09 23:21:11.109478,Toronto-15b0,42,62,Normal
2026-02-09 23:21:12.109478,Toronto-15b0,-8,77,Normal
2026-02-09 23:21:13.109478,Toronto-15b0,0,95,Normal
2026-02-09 23:21:14.109478,Toronto-15b0,34,38,Normal
2026-02-09 23:21:15.109478,Toronto-15b0,37,89,Normal
2026-02-09 23:21:16.109478,Toronto-15b0,39,85,Normal
2026-02-09 23:21:17.109478,Toronto-15b0,15,9,Normal
2026-02-09 23:21:18.109478,Toronto-15b0,22,86,Normal
2026-02-09 23:21:19.109478,Toronto-15b0,49,12,Normal
2026-02-09 23:21:20.109478,Toronto-15b0,47,3,Normal
2026-02-09 23:21:21.109478,Toronto-15b0,-27,86,Normal
2026-02-09 23:21:22.109478,Toronto-15b0,-2,89,Normal
2026-02-09 23:21:23.109478,Toronto-15b0,43,2,Normal
2026-02-09 23:21:24.109478,Toronto-15b0,33,54,Normal
2026-02-09 23:21:25.109478,Toronto-15b0,22,95,Normal
2026-02-09 23:21:26.109478,Toronto-15b0,35,69,Normal
2026-02-09 23:21:27.109478,Toronto-15b0,8,49,Normal
2026-02-09 23:21:28.109478,Toronto-15b0,16,7,Normal
2026-02-09 23:21:29.109478,Toronto-15b0,7,1,Normal
2026-02-09 23:21:30.109478,Toronto-15b0,5,31,Normal
2026-02-09 23:21:31.109478,Toronto-15b0,19,75,Normal
2026-02-09 23:21:32.109478,Toronto-15b0,12,79,Normal
2026-02-09 23:21:33.109478,Toronto-15b0,-10,85,Normal
2026-02-09 23:21:34.109478,Toronto-15b0,22,34,Normal
2026-02-09 23:21:35.109478,Toronto-15b0,44,2,Normal
2026-02-09 23:21:36.109478,Toronto-15b0,9,14,Normal
2026-02-09 23:21:37.109478,Toronto-15b0,-21,73,Normal
2026-02-09 23:21:38.109478,Toronto-15b0,45,93,Normal
2026-02-09 23:21:39.109478,Toronto-15b0,21,86,Normal
2026-02-09 23:21:40.109478,Toronto-15b0,-5,58,Normal
2026-02-09 23:21:41.109478,Toronto-15b0,-27,100,Normal
2026-02-09 23:21:42.109478,Toronto-15b0,-19,66,Normal
2026-02-09 23:21:43.109478,Toronto-15b0,-3,65,Normal
2026-02-09 23:21:44.109478,Toronto-15b0,15,60,Normal
2026-02-09 23:21:45.109478,Toronto-15b0,18,39,Normal
2026-02-09 23:21:46.109478,Toronto-15b0,46,30,Normal
2026-02-09 23:21:47.109478,Toronto-15b0,15,39,Normal
2026-02-09 23:21:48.109478,Toronto-15b0,-19,15,Normal
2026-02-09 23:21:49.109478,Toronto-15b0,49,3,Normal
2026-02-09 23:21:50.109478,Toronto-15b0,-25,23,Normal
2026-02-09 23:21:51.109478,Toronto-15b0,18,5,Normal
2026-02-09 23:21:52.109478,Toronto-15b0,37,80,Normal
2026-02-09 23:21:53.109478,Toronto-15b0,-3,73,Normal
2026-02-09 23:21:54.109478,Toronto-15b0,-23,37,Normal
2026-02-09 23:21:55.109478,Toronto-15b0,38,47,Normal
2026-02-09 23:21:56.109478,Toronto-15b0,13,76,Normal
2026-02-09 23:21:57.109478,Toronto-15b0,34,75,Normal
2026-02-09 23:21:58.109478,Toronto-15b0,8,90,Normal
2026-02-09 23:21:59.109478,Toronto-15b0,-26,60,Normal
2026-02-09 23:22:00.109478,Toronto-15b0,19,39,Normal
2026-02-09 23:22:01.109478,Toronto-15b0,32,77,Normal
2026-02-09 23:22:02.109478,Toronto-15b0,32,99,Normal
2026-02-09 23:22:03.109478,Toronto-15b0,3,99,Normal
2026-02-09 23:22:04.109478,Toronto-15b0,30,93,Normal
2026-02-09 23:22:05.109478,Toronto-15b0,-24,0,Normal
2026-02-09 23:22:06.109478,Toronto-15b0,-27,91,Normal
2026-02-09 23:22:07.109478,Toronto-15b0,38,2,Normal
2026-02-09 23:22:08.109478,Toronto-15b0,11,74,Normal
2026-02-09 23:22:09.109478,Toronto-15b0,7,59,Normal
2026-02-09 23:22:10.109478,Toronto-15b0,-19,44,Normal
2026-02-09 23:22:11.109478,Toronto-15b0,-10,91,Normal
2026-02-09 23:22:12.109478,Toronto-15b0,45,80,Normal
2026-02-09 23:22:13.109478,Toronto-15b0,41,20,Normal
2026-02-09 23:22:14.109478,Toronto-15b0,-3,63,Normal
2026-02-09 23:22:15.109478,Toronto-15b0,16,66,Normal
2026-02-09 23:22:16.109478,Toronto-15b0,38,27,Normal
2026-02-09 23:22:17.109478,Toronto-15b0,48,99,Normal
2026-02-09 23:22:18.109478,Toronto-15b0,16,28,Normal
2026-02-09 23:22:19.109478,Toronto-15b0,29,7,Normal
2026-02-09 23:22:20.109478,Toronto-15b0,10,27,Normal
2026-02-09 23:22:21.109478,Toronto-15b0,-29,57,Normal
2026-02-09 23:22:22.109478,Toronto-15b0,37,37,Normal
2026-02-09 23:22:23.109478,Toronto-15b0,-26,97,Normal
2026-02-09 23:22:24.109478,Toronto-15b0,1,89,Normal
2026-02-09 23:22:25.109478,Toronto-15b0,47,86,Normal
2026-02-09 23:22:26.109478,Toronto-15b0,-4,25,Normal
2026-02-09 23:22:27.109478,Toronto-15b0,28,45,Normal
2026-02-09 23:22:28.109478,Toronto-15b0,-10,38,Normal
2026-02-09 23:22:29.109478,Toronto-15b0,12,45,Normal
2026-02-09 23:22:30.109478,Toronto-15b0,45,86,Normal
2026-02-09 23:22:31.109478,Toronto-15b0,34,79,Normal
2026-02-09 23:22:32.109478,Toronto-15b0,36,73,Normal
2026-02-09 23:22:33.109478,Toronto-15b0,41,45,Normal
2026-02-09 23:22:34.109478,Toronto-15b0,31,36,Normal
2026-02-09 23:22:35.109478,Toronto-15b0,19,72,Normal
2026-02-09 23:22:36.109478,Toronto-15b0,8,74,Normal
2026-02-09 23:22:37.109478,Toronto-15b0,38,95,Normal
2026-02-09 23:22:38.109478,Toronto-15b0,37,90,Normal
2026-02-09 23:22:39.109478,Toronto-15b0,13,77,Normal
2026-02-09 23:22:40.109478,Toronto-15b0,-20,78,Normal
2026-02-09 23:22:41.109478,Toronto-15b0,49,98,Normal
2026-02-09 23:22:42.109478,Toronto-15b0,37,33,Normal
2026-02-09 23:22:43.109478,Toronto-15b0,14,98,Normal
2026-02-09 23:22:44.109478,Toronto-15b0,46,12,Normal
2026-02-09 23:22:45.109478,Toronto-15b0,32,9,Normal
2026-02-09 23:22:46.109478,Toronto-15b0,-5,30,Normal
2026-02-09 23:22:47.109478,Toronto-15b0,37,3,Normal
2026-02-09 23:22:48.109478,Toronto-15b0,-29,32,Normal
2026-02-09 23:22:49.109478,Toronto-15b0,-28,36,Normal
2026-02-09 23:22:50.109478,Toronto-15b0,-23,64,Normal
2026-02-09 23:22:51.109478,Toronto-15b0,50,10,Normal
2026-02-09 23:22:52.109478,Toronto-15b0,-27,69,Normal
2026-02-09 23:22:53.109478,Toronto-15b0,-25,84,Normal
2026-02-09 23:22:54.109478,Toronto-15b0,26,35,Normal
2026-02-09 23:22:55.109478,Toronto-15b0,19,12,Normal
2026-02-09 23:22:56.109478,Toronto-15b0,42,91,Normal
2026-02-09 23:22:57.109478,Toronto-15b0,29,22,Normal
2026-02-09 23:22:58.109478,Toronto-15b0,33,51,Normal
2026-02-09 23:22:59.109478,Toronto-15b0,26,50,Normal
2026-02-09 23:23:00.109478,Toronto-15b0,48,32,Normal
2026-02-09 23:23:01.109478,Toronto-15b0,-17,74,Normal
2026-02-09 23:23:02.109478,Toronto-15b0,-18,65,Normal
2026-02-09 23:23:03.109478,Toronto-15b0,-5,8,Normal
2026-02-09 23:23:04.109478,Toronto-15b0,43,0,Normal
2026-02-09 23:23:05.109478,Toronto-15b0,38,11,Normal
2026-02-09 23:23:06.109478,Toronto-15b0,14,85,Normal
2026-02-09 23:23:07.109478,Toronto-15b0,35,16,Normal
2026-02-09 23:23:08.109478,Toronto-15b0,50,57,Normal
2026-02-09 23:23:09.109478,Toronto-15b0,4,55,Normal
2026-02-09 23:23:10.109478,Toronto-15b0,10,64,Normal
2026-02-09 23:23:11.109478,Toronto-15b0,39,16,Normal
2026-02-09 23:23:12.109478,Toronto-15b0,-12,18,Normal
2026-02-09 23:23:13.109478,Toronto-15b0,39,98,Normal
2026-02-09 23:23:14.109478,Toronto-15b0,-16,31,Normal
2026-02-09 23:23:15.109478,Toronto-15b0,22,86,Normal
2026-02-09 23:23:16.109478,Toronto-15b0,-17,65,Normal
2026-02-09 23:23:17.109478,Toronto-15b0,50,53,Normal
2026-02-09 23:23:18.109478,Toronto-15b0,-27,39,Normal
2026-02-09 23:23:19.109478,Toronto-15b0,-21,91,Normal
2026-02-09 23:23:20.109478,Toronto-15b0,33,18,Normal
2026-02-09 23:23:21.109478,Toronto-15b0,2,70,Normal
2026-02-09 23:23:22.109478,Toronto-15b0,21,43,Normal
2026-02-09 23:23:23.109478,Toronto-15b0,-28,47,Normal
2026-02-09 23:23:24.109478,Toronto-15b0,27,70,Normal
2026-02-09 23:23:25.109478,Toronto-15b0,16,62,Normal
2026-02-09 23:23:26.109478,Toronto-15b0,-16,16,Normal
2026-02-09 23:23:27.109478,Toronto-15b0,-14,43,Normal
2026-02-09 23:23:28.109478,Toronto-15b0,50,76,Normal
2026-02-09 23:23:29.109478,Toronto-15b0,-19,84,Normal
2026-02-09 23:23:30.109478,Toronto-15b0,-27,91,Normal
2026-02-09 23:23:31.109478,Toronto-15b0,42,46,Normal
2026-02-09 23:23:32.109478,Toronto-15b0,48,3,Normal
2026-02-09 23:23:33.109478,Toronto-15b0,-19,75,Normal
2026-02-09 23:23:34.109478,Toronto-15b0,23,100,Normal
2026-02-09 23:23:35.109478,Toronto-15b0,0,77,Normal
2026-02-09 23:23:36.109478,Toronto-15b0,-6,82,Normal
2026-02-09 23:23:37.109478,Toronto-15b0,-15,34,Normal
2026-02-09 23:23:38.109478,Toronto-15b0,-5,12,Normal
2026-02-09 23:23:39.109478,Toronto-15b0,1,87,Normal
2026-02-09 23:23:40.109478,Toronto-15b0,-11,26,Normal
2026-02-09 23:23:41.109478,Toronto-15b0,31,66,Normal
2026-02-09 23:23:42.109478,Toronto-15b0,-12,90,Normal
2026-02-09 23:23:43.109478,Toronto-15b0,4,20,Normal
2026-02-09 23:23:44.109478,Toronto-15b0,36,47,Normal
2026-02-09 23:23:45.109478,Toronto-15b0,14,87,Normal
2026-02-09 23:23:46.109478,Toronto-15b0,-29,89,Normal
2026-02-09 23:23:47.109478,Toronto-15b0,39,30,Normal
2026-02-09 23:23:48.109478,Toronto-15b0,-23,14,Normal
2026-02-09 23:23:49.109478,Toronto-15b0,-27,28,Normal
2026-02-09 23:23:50.109478,Toronto-15b0,28,89,Normal
2026-02-09 23:23:51.109478,Toronto-15b0,-3,54,Normal
2026-02-09 23:23:52.109478,Toronto-15b0,15,91,Normal
2026-02-09 23:23:53.109478,Toronto-15b0,2,80,Normal
2026-02-09 23:23:54.109478,Toronto-15b0,36,87,Normal
2026-02-09 23:23:55.109478,Toronto-15b0,-13,56,Normal
2026-02-09 23:23:56.109478,Toronto-15b0,20,42,Normal
2026-02-09 23:23:57.109478,Toronto-15b0,-4,100,Normal
2026-02-09 23:23:58.109478,Toronto-15b0,-6,75,Normal
2026-02-09 23:23:59.109478,Toronto-15b0,5,73,Normal
2026-02-09 23:24:00.109478,Toronto-15b0,7,50,Normal
2026-02-09 23:24:01.109478,Toronto-15b0,15,42,Normal
2026-02-09 23:24:02.109478,Toronto-15b0,33,77,Normal
2026-02-09 23:24:03.109478,Toronto-15b0,-9,71,Normal
2026-02-09 23:24:04.109478,Toronto-15b0,-24,17,Normal
2026-02-09 23:24:05.109478,Toronto-15b0,-9,27,Normal
2026-02-09 23:24:06.109478,Toronto-15b0,-4,40,Normal
2026-02-09 23:24:07.109478,Toronto-15b0,17,24,Normal
2026-02-09 23:24:08.109478,Toronto-15b0,-12,92,Normal
2026-02-09 23:24:09.109478,Toronto-15b0,27,64,Normal
2026-02-09 23:24:10.109478,Toronto-15b0,40,98,Normal
2026-02-09 23:24:11.109478,Toronto-15b0,-1,22,Normal
2026-02-09 23:24:12.109478,Toronto-15b0,17,12,Normal
2026-02-09 23:24:13.109478,Toronto-15b0,21,93,Normal
2026-02-09 23:24:14.109478,Toronto-15b0,41,45,Normal
2026-02-09 23:24:15.109478,Toronto-15b0,-16,73,Normal
2026-02-09 23:24:16.109478,Toronto-15b0,-20,8,Normal
2026-02-09 23:24:17.109478,Toronto-15b0,37,82,Normal
2026-02-09 23:24:18.109478,Toronto-15b0,49,41,Normal
2026-02-09 23:24:19.109478,Toronto-15b0,-16,15,Normal
2026-02-09 23:24:20.109478,Toronto-15b0,13,82,Normal
2026-02-09 23:24:21.109478,Toronto-15b0,38,30,Normal
2026-02-09 23:24:22.109478,Toronto-15b0,34,97,Normal
2026-02-09 23:24:23.109478,Toronto-15b0,19,40,Normal
2026-02-09 23:24:24.109478,Toronto-15b0,50,97,Normal
2026-02-09 23:24:25.109478,Toronto-15b0,-29,45,Normal
2026-02-09 23:24:26.109478,Toronto-15b0,21,18,Normal
2026-02-09 23:24:27.109478,Toronto-15b0,22,11,Normal
2026-02-09 23:24:28.109478,Toronto-15b0,44,98,Normal
2026-02-09 23:24:29.109478,Toronto-15b0,-19,48,Normal
2026-02-09 23:24:30.109478,Toronto-15b0,-29,26,Normal
2026-02-09 23:24:31.109478,Toronto-15b0,-1,15,Normal
2026-02-09 23:24:32.109478,Toronto-15b0,25,4,Normal
2026-02-09 23:24:33.109478,Toronto-15b0,47,97,Normal
2026-02-09 23:24:34.109478,Toronto-15b0,12,18,Normal
2026-02-09 23:24:35.109478,Toronto-15b0,36,69,Normal
2026-02-09 23:24:36.109478,Toronto-15b0,-2,67,Normal
2026-02-09 23:24:37.109478,Toronto-15b0,23,24,Normal
2026-02-09 23:24:38.109478,Toronto-15b0,-10,85,Normal
2026-02-09 23:24:39.109478,Toronto-15b0,27,0,Normal
2026-02-09 23:24:40.109478,Toronto-15b0,-14,36,Normal
2026-02-09 23:24:41.109478,Toronto-15b0,49,36,Normal
2026-02-09 23:24:42.109478,Toronto-15b0,32,41,Normal
2026-02-09 23:24:43.109478,Toronto-15b0,18,87,Normal
2026-02-09 23:24:44.109478,Toronto-15b0,37,45,Normal
2026-02-09 23:24:45.109478,Toronto-15b0,-13,94,Normal
2026-02-09 23:24:46.109478,Toronto-15b0,8,28,Normal
2026-02-09 23:24:47.109478,Toronto-15b0,-3,46,Normal
2026-02-09 23:24:48.109478,Toronto-15b0,43,2,Normal
2026-02-09 23:24:49.109478,Toronto-15b0,26,77,Normal
2026-02-09 23:24:50.109478,Toronto-15b0,14,10,Normal
2026-02-09 23:24:51.109478,Toronto-15b0,10,75,Normal
2026-02-09 23:24:52.109478,Toronto-15b0,-12,14,Normal
2026-02-09 23:24:53.109478,Toronto-15b0,1,75,Normal
2026-02-09 23:24:54.109478,Toronto-15b0,-21,56,Normal
2026-02-09 23:24:55.109478,Toronto-15b0,-21,1,Normal
2026-02-09 23:24:56.109478,Toronto-15b0,21,49,Normal
2026-02-09 23:24:57.109478,Toronto-15b0,39,33,Normal
2026-02-09 23:24:58.109478,Toronto-15b0,-19,40,Normal
2026-02-09 23:24:59.109478,Toronto-15b0,22,97,Normal
2026-02-09 23:25:00.109478,Toronto-15b0,45,39,Normal
2026-02-09 23:25:01.109478,Toronto-15b0,-27,45,Normal
2026-02-09 23:25:02.109478,Toronto-15b0,-25,86,Normal
2026-02-09 23:25:03.109478,Toronto-15b0,1,50,Normal
2026-02-09 23:25:04.109478,Toronto-15b0,32,19,Normal
2026-02-09 23:25:05.109478,Toronto-15b0,-21,75,Normal
2026-02-09 23:25:06.109478,Toronto-15b0,-26,81,Normal
2026-02-09 23:25:07.109478,Toronto-15b0,15,92,Normal
2026-02-09 23:25:08.109478,Toronto-15b0,39,98,Normal
2026-02-09 23:25:09.109478,Toronto-15b0,-19,74,Normal
2026-02-09 23:25:10.109478,Toronto-15b0,-30,66,Normal
2026-02-09 23:25:11.109478,Toronto-15b0,10,9,Normal
2026-02-09 23:25:12.109478,Toronto-15b0,-18,51,Normal
2026-02-09 23:25:13.109478,Toronto-15b0,-8,7,Normal
2026-02-09 23:25:14.109478,Toronto-15b0,-27,61,Normal
2026-02-09 23:25:15.109478,Toronto-15b0,21,100,Normal
2026-02-09 23:25:16.109478,Toronto-15b0,-23,49,Normal
2026-02-09 23:25:17.109478,Toronto-15b0,-13,81,Normal
2026-02-09 23:25:18.109478,Toronto-15b0,-15,58,Normal
2026-02-09 23:25:19.109478,Toronto-15b0,-28,79,Normal
2026-02-09 23:25:20.109478,Toronto-15b0,-21,16,Normal
2026-02-09 23:25:21.109478,Toronto-15b0,37,46,Normal
2026-02-09 23:25:22.109478,Toronto-15b0,27,2,Normal
2026-02-09 23:25:23.109478,Toronto-15b0,43,67,Normal
2026-02-09 23:25:24.109478,Toronto-15b0,36,27,Normal
2026-02-09 23:25:25.109478,Toronto-15b0,22,75,Normal
2026-02-09 23:25:26.109478,Toronto-15b0,7,32,Normal
2026-02-09 23:25:27.109478,Toronto-15b0,34,51,Normal
2026-02-09 23:25:28.109478,Toronto-15b0,49,17,Normal
2026-02-09 23:25:29.109478,Toronto-15b0,23,15,Normal
2026-02-09 23:25:30.109478,Toronto-15b0,4,19,Normal
2026-02-09 23:25:31.109478,Toronto-15b0,27,60,Normal
2026-02-09 23:25:32.109478,Toronto-15b0,13,0,Normal
2026-02-09 23:25:33.109478,Toronto-15b0,21,56,Normal
2026-02-09 23:25:34.109478,Toronto-15b0,15,99,Normal
2026-02-09 23:25:35.109478,Toronto-15b0,-22,60,Normal
2026-02-09 23:25:36.109478,Toronto-15b0,-3,20,Normal
2026-02-09 23:25:37.109478,Toronto-15b0,36,50,Normal
2026-02-09 23:25:38.109478,Toronto-15b0,50,5,Normal
2026-02-09 23:25:39.109478,Toronto-15b0,-13,20,Normal
2026-02-09 23:25:40.109478,Toronto-15b0,-1,63,Normal
2026-02-09 23:25:41.109478,Toronto-15b0,21,63,Normal
2026-02-09 23:25:42.109478,Toronto-15b0,24,100,Normal
2026-02-09 23:25:43.109478,Toronto-15b0,20,28,Normal
2026-02-09 23:25:44.109478,Toronto-15b0,37,78,Normal
2026-02-09 23:25:45.109478,Toronto-15b0,-8,52,Normal
2026-02-09 23:25:46.109478,Toronto-15b0,12,10,Normal
2026-02-09 23:25:47.109478,Toronto-15b0,41,93,Normal
2026-02-09 23:25:48.109478,Toronto-15b0,37,65,Normal
2026-02-09 23:25:49.109478,Toronto-15b0,50,41,Normal
2026-02-09 23:25:50.109478,Toronto-15b0,-14,48,Normal
2026-02-09 23:25:51.109478,Toronto-15b0,50,27,Normal
2026-02-09 23:25:52.109478,Toronto-15b0,-24,45,Normal
2026-02-09 23:25:53.109478,Toronto-15b0,30,93,Normal
2026-02-09 23:25:54.109478,Toronto-15b0,1,51,Normal
2026-02-09 23:25:55.109478,Toronto-15b0,-23,45,Normal
2026-02-09 23:25:56.109478,Toronto-15b0,42,92,Normal
2026-02-09 23:25:57.109478,Toronto-15b0,47,78,Normal
2026-02-09 23:25:58.109478,Toronto-15b0,26,13,Normal
2026-02-09 23:25:59.109478,Toronto-15b0,40,29,Normal
2026-02-09 23:26:00.109478,Toronto-15b0,-23,5,Normal
2026-02-09 23:26:01.109478,Toronto-15b0,-25,54,Normal
2026-02-09 23:26:02.109478,Toronto-15b0,-15,66,Normal
2026-02-09 23:26:03.109478,Toronto-15b0,-15,90,Normal
2026-02-09 23:26:04.109478,Toronto-15b0,-15,94,Normal
2026-02-09 23:26:05.109478,Toronto-15b0,21,46,Normal
2026-02-09 23:26:06.109478,Toronto-15b0,37,30,Normal
2026-02-09 23:26:07.109478,Toronto-15b0,-16,55,Normal
2026-02-09 23:26:08.109478,Toronto-15b0,-12,60,Normal
2026-02-09 23:26:09.109478,Toronto-15b0,18,100,Normal
2026-02-09 23:26:10.109478,Toronto-15b0,8,70,Normal
2026-02-09 23:26:11.109478,Toronto-15b0,48,76,Normal
2026-02-09 23:26:12.109478,Toronto-15b0,-16,90,Normal
2026-02-09 23:26:13.109478,Toronto-15b0,27,3,Normal
2026-02-09 23:26:14.109478,Toronto-15b0,-28,75,Normal
2026-02-09 23:26:15.109478,Toronto-15b0,20,21,Normal
2026-02-09 23:26:16.109478,Toronto-15b0,46,41,Normal
2026-02-09 23:26:17.109478,Toronto-15b0,18,79,Normal
2026-02-09 23:26:18.109478,Toronto-15b0,43,70,Normal
2026-02-09 23:26:19.109478,Toronto-15b0,-7,38,Normal
2026-02-09 23:26:20.109478,Toronto-15b0,4,33,Normal
2026-02-09 23:26:21.109478,Toronto-15b0,1,99,Normal
2026-02-09 23:26:22.109478,Toronto-15b0,48,42,Normal
2026-02-09 23:26:23.109478,Toronto-15b0,8,9,Normal
2026-02-09 23:26:24.109478,Toronto-15b0,34,50,Normal
2026-02-09 23:26:25.109478,Toronto-15b0,-21,48,Normal
2026-02-09 23:26:26.109478,Toronto-15b0,36,23,Normal
2026-02-09 23:26:27.109478,Toronto-15b0,15,10,Normal
2026-02-09 23:26:28.109478,Toronto-15b0,48,70,Normal
2026-02-09 23:26:29.109478,Toronto-15b0,-15,16,Normal
2026-02-09 23:26:30.109478,Toronto-15b0,-13,85,Normal
2026-02-09 23:26:31.109478,Toronto-15b0,-20,88,Normal
2026-02-09 23:26:32.109478,Toronto-15b0,-25,34,Normal
2026-02-09 23:26:33.109478,Toronto-15b0,-13,26,Normal
2026-02-09 23:26:34.109478,Toronto-15b0,-4,74,Normal
2026-02-09 23:26:35.109478,Toronto-15b0,49,5,Normal
2026-02-09 23:26:36.109478,Toronto-15b0,1,3,Normal
2026-02-09 23:26:37.109478,Toronto-15b0,36,75,Normal
2026-02-09 23:26:38.109478,Toronto-15b0,22,54,Normal
2026-02-09 23:26:39.109478,Toronto-15b0,-3,81,Normal
2026-02-09 23:26:40.109478,Toronto-15b0,7,24,Normal
2026-02-09 23:26:41.109478,Toronto-15b0,-27,28,Normal
2026-02-09 23:26:42.109478,Toronto-15b0,13,21,Normal
2026-02-09 23:26:43.109478,Toronto-15b0,-7,6,Normal
2026-02-09 23:26:44.109478,Toronto-15b0,48,87,Normal
2026-02-09 23:26:45.109478,Toronto-15b0,42,74,Normal
2026-02-09 23:26:46.109478,Toronto-15b0,1,47,Normal
2026-02-09 23:26:47.109478,Toronto-15b0,21,92,Normal
2026-02-09 23:26:48.109478,Toronto-15b0,1,87,Normal
2026-02-09 23:26:49.109478,Toronto-15b0,35,36,Normal
2026-02-09 23:26:50.109478,Toronto-15b0,13,40,Normal
2026-02-09 23:26:51.109478,Toronto-15b0,44,70,Normal
2026-02-09 23:26:52.109478,Toronto-15b0,-18,93,Normal
2026-02-09 23:26:53.109478,Toronto-15b0,26,100,Normal
2026-02-09 23:26:54.109478,Toronto-15b0,3,91,Normal
2026-02-09 23:26:55.109478,Toronto-15b0,45,54,Normal
2026-02-09 23:26:56.109478,Toronto-15b0,-4,41,Normal
2026-02-09 23:26:57.109478,Toronto-15b0,-1,60,Normal
2026-02-09 23:26:58.109478,Toronto-15b0,20,99,Normal
2026-02-09 23:26:59.109478,Toronto-15b0,20,30,Normal
2026-02-09 23:27:00.109478,Toronto-15b0,5,9,Normal
2026-02-09 23:27:01.109478,Toronto-15b0,24,91,Normal
2026-02-09 23:27:02.109478,Toronto-15b0,-30,37,Normal
2026-02-09 23:27:03.109478,Toronto-15b0,0,61,Normal
2026-02-09 23:27:04.109478,Toronto-15b0,41,73,Normal
2026-02-09 23:27:05.109478,Toronto-15b0,16,40,Normal
2026-02-09 23:27:06.109478,Toronto-15b0,35,6,Normal
2026-02-09 23:27:07.109478,Toronto-15b0,-24,49,Normal
2026-02-09 23:27:08.109478,Toronto-15b0,11,75,Normal
2026-02-09 23:27:09.109478,Toronto-15b0,27,60,Normal
2026-02-09 23:27:10.109478,Toronto-15b0,22,52,Normal
2026-02-09 23:27:11.109478,Toronto-15b0,12,50,Normal
2026-02-09 23:27:12.109478,Toronto-15b0,39,4,Normal
2026-02-09 23:27:13.109478,Toronto-15b0,25,77,Normal
2026-02-09 23:27:14.109478,Toronto-15b0,-26,0,Normal
2026-02-09 23:27:15.109478,Toronto-15b0,-8,29,Normal
2026-02-09 23:27:16.109478,Toronto-15b0,49,6,Normal
2026-02-09 23:27:17.109478,Toronto-15b0,40,38,Normal
2026-02-09 23:27:18.109478,Toronto-15b0,43,43,Normal
2026-02-09 23:27:19.109478,Toronto-15b0,21,94,Normal
2026-02-09 23:27:20.109478,Toronto-15b0,-24,4,Normal
2026-02-09 23:27:21.109478,Toronto-15b0,43,98,Normal
2026-02-09 23:27:22.109478,Toronto-15b0,-5,60,Normal
2026-02-09 23:27:23.109478,Toronto-15b0,-9,9,Normal
2026-02-09 23:27:24.109478,Toronto-15b0,36,83,Normal
2026-02-09 23:27:25.109478,Toronto-15b0,13,95,Normal
2026-02-09 23:27:26.109478,Toronto-15b0,-29,31,Normal
2026-02-09 23:27:27.109478,Toronto-15b0,36,94,Normal
2026-02-09 23:27:28.109478,Toronto-15b0,24,91,Normal
2026-02-09 23:27:29.109478,Toronto-15b0,16,75,Normal
2026-02-09 23:27:30.109478,Toronto-15b0,44,83,Normal
2026-02-09 23:27:31.109478,Toronto-15b0,-16,10,Normal
2026-02-09 23:27:32.109478,Toronto-15b0,30,54,Normal
2026-02-09 23:27:33.109478,Toronto-15b0,19,72,Normal
2026-02-09 23:27:34.109478,Toronto-15b0,11,9,Normal
2026-02-09 23:27:35.109478,Toronto-15b0,21,39,Normal
2026-02-09 23:27:36.109478,Toronto-15b0,-5,41,Normal
2026-02-09 23:27:37.109478,Toronto-15b0,47,62,Normal
2026-02-09 23:27:38.109478,Toronto-15b0,16,50,Normal
2026-02-09 23:27:39.109478,Toronto-15b0,16,52,Normal
2026-02-09 23:27:40.109478,Toronto-15b0,24,63,Normal
2026-02-09 23:27:41.109478,Toronto-15b0,44,74,Normal
2026-02-09 23:27:42.109478,Toronto-15b0,15,90,Normal
2026-02-09 23:27:43.109478,Toronto-15b0,39,38,Normal
2026-02-09 23:27:44.109478,Toronto-15b0,22,66,Normal
2026-02-09 23:27:45.109478,Toronto-15b0,36,79,Normal
2026-02-09 23:27:46.109478,Toronto-15b0,48,80,Normal
2026-02-09 23:27:47.109478,Toronto-15b0,32,78,Normal
2026-02-09 23:27:48.109478,Toronto-15b0,32,86,Normal
2026-02-09 23:27:49.109478,Toronto-15b0,-26,79,Normal
2026-02-09 23:27:50.109478,Toronto-15b0,-13,29,Normal
2026-02-09 23:27:51.109478,Toronto-15b0,11,34,Normal
2026-02-09 23:27:52.109478,Toronto-15b0,-3,61,Normal
2026-02-09 23:27:53.109478,Toronto-15b0,31,88,Normal
2026-02-09 23:27:54.109478,Toronto-15b0,-5,10,Normal
2026-02-09 23:27:55.109478,Toronto-15b0,-18,34,Normal
2026-02-09 23:27:56.109478,Toronto-15b0,-14,78,Normal
2026-02-09 23:27:57.109478,Toronto-15b0,24,95,Normal
2026-02-09 23:27:58.109478,Toronto-15b0,-15,64,Normal
2026-02-09 23:27:59.109478,Toronto-15b0,9,86,Normal
2026-02-09 23:28:00.109478,Toronto-15b0,15,66,Normal
2026-02-09 23:28:01.109478,Toronto-15b0,28,37,Normal
2026-02-09 23:28:02.109478,Toronto-15b0,44,35,Normal
2026-02-09 23:28:03.109478,Toronto-15b0,32,8,Normal
2026-02-09 23:28:04.109478,Toronto-15b0,10,86,Normal
2026-02-09 23:28:05.109478,Toronto-15b0,-27,0,Normal
2026-02-09 23:28:06.109478,Toronto-15b0,23,31,Normal
2026-02-09 23:28:07.109478,Toronto-15b0,23,45,Normal
2026-02-09 23:28:08.109478,Toronto-15b0,-2,85,Normal
2026-02-09 23:28:09.109478,Toronto-15b0,39,89,Normal
2026-02-09 23:28:10.109478,Toronto-15b0,-27,84,Normal
2026-02-09 23:28:11.109478,Toronto-15b0,29,48,Normal
2026-02-09 23:28:12.109478,Toronto-15b0,17,15,Normal
2026-02-09 23:28:13.109478,Toronto-15b0,15,19,Normal
2026-02-09 23:28:14.109478,Toronto-15b0,20,73,Normal
2026-02-09 23:28:15.109478,Toronto-15b0,-11,54,Normal
2026-02-09 23:28:16.109478,Toronto-15b0,-20,96,Normal
2026-02-09 23:28:17.109478,Toronto-15b0,46,44,Normal
2026-02-09 23:28:18.109478,Toronto-15b0,43,20,Normal
2026-02-09 23:28:19.109478,Toronto-15b0,20,8,Normal
2026-02-09 23:28:20.109478,Toronto-15b0,2,99,Normal
2026-02-09 23:28:21.109478,Toronto-15b0,-3,49,Normal
2026-02-09 23:28:22.109478,Toronto-15b0,47,82,Normal
2026-02-09 23:28:23.109478,Toronto-15b0,-3,4,Normal
2026-02-09 23:28:24.109478,Toronto-15b0,29,1,Normal
2026-02-09 23:28:25.109478,Toronto-15b0,14,39,Normal
2026-02-09 23:28:26.109478,Toronto-15b0,-28,62,Normal
2026-02-09 23:28:27.109478,Toronto-15b0,14,100,Normal
2026-02-09 23:28:28.109478,Toronto-15b0,6,71,Normal
2026-02-09 23:28:29.109478,Toronto-15b0,-21,2,Normal
2026-02-09 23:28:30.109478,Toronto-15b0,3,71,Normal
2026-02-09 23:28:31.109478,Toronto-15b0,19,66,Normal
2026-02-09 23:28:32.109478,Toronto-15b0,-5,93,Normal
2026-02-09 23:28:33.109478,Toronto-15b0,18,17,Normal
2026-02-09 23:28:34.109478,Toronto-15b0,3,0,Normal
2026-02-09 23:28:35.109478,Toronto-15b0,-16,82,Normal
2026-02-09 23:28:36.109478,Toronto-15b0,45,23,Normal
2026-02-09 23:28:37.109478,Toronto-15b0,-26,69,Normal
2026-02-09 23:28:38.109478,Toronto-15b0,-16,44,Normal
2026-02-09 23:28:39.109478,Toronto-15b0,49,13,Normal
2026-02-09 23:28:40.109478,Toronto-15b0,36,5,Normal
2026-02-09 23:28:41.109478,Toronto-15b0,-25,21,Normal
2026-02-09 23:28:42.109478,Toronto-15b0,-18,19,Normal
2026-02-09 23:28:43.109478,Toronto-15b0,-16,92,Normal
2026-02-09 23:28:44.109478,Toronto-15b0,22,46,Normal
2026-02-09 23:28:45.109478,Toronto-15b0,-7,78,Normal
2026-02-09 23:28:46.109478,Toronto-15b0,46,85,Normal
2026-02-09 23:28:47.109478,Toronto-15b0,32,59,Normal
2026-02-09 23:28:48.109478,Toronto-15b0,16,24,Normal
2026-02-09 23:28:49.109478,Toronto-15b0,17,70,Normal
2026-02-09 23:28:50.109478,Toronto-15b0,-16,2,Normal
2026-02-09 23:28:51.109478,Toronto-15b0,7,74,Normal
2026-02-09 23:28:52.109478,Toronto-15b0,-26,1,Normal
2026-02-09 23:28:53.109478,Toronto-15b0,32,9,Normal
2026-02-09 23:28:54.109478,Toronto-15b0,-28,53,Normal
2026-02-09 23:28:55.109478,Toronto-15b0,-5,59,Normal
2026-02-09 23:28:56.109478,Toronto-15b0,-14,71,Normal
2026-02-09 23:28:57.109478,Toronto-15b0,40,98,Normal
2026-02-09 23:28:58.109478,Toronto-15b0,16,43,Normal
2026-02-09 23:28:59.109478,Toronto-15b0,-14,8,Normal
2026-02-09 23:29:00.109478,Toronto-15b0,12,15,Normal
2026-02-09 23:29:01.109478,Toronto-15b0,-27,2,Normal
2026-02-09 23:29:02.109478,Toronto-15b0,20,87,Normal
2026-02-09 23:29:03.109478,Toronto-15b0,-26,64,Normal
2026-02-09 23:29:04.109478,Toronto-15b0,-14,5,Normal
2026-02-09 23:29:05.109478,Toronto-15b0,-12,31,Normal
2026-02-09 23:29:06.109478,Toronto-15b0,-6,35,Normal
2026-02-09 23:29:07.109478,Toronto-15b0,-8,88,Normal
2026-02-09 23:29:08.109478,Toronto-15b0,23,19,Normal
2026-02-09 23:29:09.109478,Toronto-15b0,-25,93,Normal
2026-02-09 23:29:10.109478,Toronto-15b0,-9,13,Normal
2026-02-09 23:29:11.109478,Toronto-15b0,6,88,Normal
2026-02-09 23:29:12.109478,Toronto-15b0,5,7,Normal
2026-02-09 23:29:13.109478,Toronto-15b0,2,61,Normal
2026-02-09 23:29:14.109478,Toronto-15b0,20,6,Normal
2026-02-09 23:29:15.109478,Toronto-15b0,-29,83,Normal
2026-02-09 23:29:16.109478,Toronto-15b0,-23,9,Normal
2026-02-09 23:29:17.109478,Toronto-15b0,38,69,Normal
2026-02-09 23:29:18.109478,Toronto-15b0,17,31,Normal
2026-02-09 23:29:19.109478,Toronto-15b0,49,28,Normal
2026-02-09 23:29:20.109478,Toronto-15b0,23,55,Normal
2026-02-09 23:29:21.109478,Toronto-15b0,23,10,Normal
2026-02-09 23:29:22.109478,Toronto-15b0,-10,25,Normal
2026-02-09 23:29:23.109478,Toronto-15b0,16,24,Normal
2026-02-09 23:29:24.109478,Toronto-15b0,10,6,Normal
2026-02-09 23:29:25.109478,Toronto-15b0,30,1,Normal
2026-02-09 23:29:26.109478,Toronto-15b0,-15,83,Normal
2026-02-09 23:29:27.109478,Toronto-15b0,16,53,Normal
2026-02-09 23:29:28.109478,Toronto-15b0,-7,83,Normal
2026-02-09 23:29:29.109478,Toronto-15b0,29,29,Normal
2026-02-09 23:29:30.109478,Toronto-15b0,-1,71,Normal
2026-02-09 23:29:31.109478,Toronto-15b0,-24,38,Normal
2026-02-09 23:29:32.109478,Toronto-15b0,15,97,Normal
2026-02-09 23:29:33.109478,Toronto-15b0,10,57,Normal
2026-02-09 23:29:34.109478,Toronto-15b0,-5,89,Normal
2026-02-09 23:29:35.109478,Toronto-15b0,10,81,Normal
2026-02-09 23:29:36.109478,Toronto-15b0,38,98,Normal
2026-02-09 23:29:37.109478,Toronto-15b0,25,3,Normal
2026-02-09 23:29:38.109478,Toronto-15b0,33,29,Normal
2026-02-09 23:29:39.109478,Toronto-15b0,-6,58,Normal
2026-02-09 23:29:40.109478,Toronto-15b0,-19,45,Normal
2026-02-09 23:29:41.109478,Toronto-15b0,-12,33,Normal
2026-02-09 23:29:42.109478,Toronto-15b0,29,97,Normal
2026-02-09 23:29:43.109478,Toronto-15b0,7,73,Normal
2026-02-09 23:29:44.109478,Toronto-15b0,45,7,Normal
2026-02-09 23:29:45.109478,Toronto-15b0,37,16,Normal
2026-02-09 23:29:46.109478,Toronto-15b0,-12,3,Normal
2026-02-09 23:29:47.109478,Toronto-15b0,-11,98,Normal
2026-02-09 23:29:48.109478,Toronto-15b0,-1,91,Normal
2026-02-09 23:29:49.109478,Toronto-15b0,-10,2,Normal
2026-02-09 23:29:50.109478,Toronto-15b0,21,39,Normal
2026-02-09 23:29:51.109478,Toronto-15b0,-6,76,Normal
2026-02-09 23:29:52.109478,Toronto-15b0,32,70,Normal
2026-02-09 23:29:53.109478,Toronto-15b0,-17,90,Normal
2026-02-09 23:29:54.109478,Toronto-15b0,29,27,Normal
2026-02-09 23:29:55.109478,Toronto-15b0,-3,100,Normal
2026-02-09 23:29:56.109478,Toronto-15b0,-27,14,Normal
2026-02-09 23:29:57.109478,Toronto-15b0,46,66,Normal
2026-02-09 23:29:58.109478,Toronto-15b0,50,42,Normal
2026-02-09 23:29:59.109478,Toronto-15b0,-12,44,Normal
2026-02-09 23:30:00.109478,Toronto-15b0,6,67,Normal
2026-02-09 23:30:01.109478,Toronto-15b0,-15,56,Normal
2026-02-09 23:30:02.109478,Toronto-15b0,3,41,Normal
2026-02-09 23:30:03.109478,Toronto-15b0,-2,19,Normal
2026-02-09 23:30:04.109478,Toronto-15b0,50,52,Normal
2026-02-09 23:30:05.109478,Toronto-15b0,-5,47,Normal
2026-02-09 23:30:06.109478,Toronto-15b0,39,41,Normal
2026-02-09 23:30:07.109478,Toronto-15b0,-16,97,Normal
2026-02-09 23:30:08.109478,Toronto-15b0,-9,28,Normal
2026-02-09 23:30:09.109478,Toronto-15b0,0,54,Normal
2026-02-09 23:30:10.109478,Toronto-15b0,43,7,Normal
2026-02-09 23:30:11.109478,Toronto-15b0,-16,23,Normal
2026-02-09 23:30:12.109478,Toronto-15b0,35,39,Normal
2026-02-09 23:30:13.109478,Toronto-15b0,-7,36,Normal
2026-02-09 23:30:14.109478,Toronto-15b0,-19,9,Normal
2026-02-09 23:30:15.109478,Toronto-15b0,28,76,Normal
2026-02-09 23:30:16.109478,Toronto-15b0,-29,97,Normal
2026-02-09 23:30:17.109478,Toronto-15b0,9,87,Normal
2026-02-09 23:30:18.109478,Toronto-15b0,11,61,Normal
2026-02-09 23:30:19.109478,Toronto-15b0,19,93,Normal
2026-02-09 23:30:20.109478,Toronto-15b0,18,44,Normal
2026-02-09 23:30:21.109478,Toronto-15b0,9,6,Normal
2026-02-09 23:30:22.109478,Toronto-15b0,31,80,Normal
2026-02-09 23:30:23.109478,Toronto-15b0,-20,100,Normal
2026-02-09 23:30:24.109478,Toronto-15b0,24,15,Normal
2026-02-09 23:30:25.109478,Toronto-15b0,-13,23,Normal
2026-02-09 23:30:26.109478,Toronto-15b0,-3,66,Normal
2026-02-09 23:30:27.109478,Toronto-15b0,-15,26,Normal
2026-02-09 23:30:28.109478,Toronto-15b0,-20,63,Normal
2026-02-09 23:30:29.109478,Toronto-15b0,10,37,Normal
2026-02-09 23:30:30.109478,Toronto-15b0,-27,98,Normal
2026-02-09 23:30:31.109478,Toronto-15b0,44,40,Normal
2026-02-09 23:30:32.109478,Toronto-15b0,11,10,Normal
2026-02-09 23:30:33.109478,Toronto-15b0,-19,15,Normal
2026-02-09 23:30:34.109478,Toronto-15b0,-16,21,Normal
2026-02-09 23:30:35.109478,Toronto-15b0,23,46,Normal
2026-02-09 23:30:36.109478,Toronto-15b0,-5,34,Normal
2026-02-09 23:30:37.109478,Toronto-15b0,-1,35,Normal
2026-02-09 23:30:38.109478,Toronto-15b0,-19,69,Normal
2026-02-09 23:30:39.109478,Toronto-15b0,3,4,Normal
2026-02-09 23:30:40.109478,Toronto-15b0,47,68,Normal
2026-02-09 23:30:41.109478,Toronto-15b0,16,65,Normal
2026-02-09 23:30:42.109478,Toronto-15b0,-19,7,Normal
2026-02-09 23:30:43.109478,Toronto-15b0,35,57,Normal
2026-02-09 23:30:44.109478,Toronto-15b0,2,69,Normal
2026-02-09 23:30:45.109478,Toronto-15b0,3,79,Normal
2026-02-09 23:30:46.109478,Toronto-15b0,39,24,Normal
2026-02-09 23:30:47.109478,Toronto-15b0,-20,36,Normal
2026-02-09 23:30:48.109478,Toronto-15b0,-18,11,Normal
2026-02-09 23:30:49.109478,Toronto-15b0,9,46,Normal
2026-02-09 23:30:50.109478,Toronto-15b0,-17,97,Normal
2026-02-09 23:30:51.109478,Toronto-15b0,-18,70,Normal
2026-02-09 23:30:52.109478,Toronto-15b0,23,21,Normal
2026-02-09 23:30:53.109478,Toronto-15b0,31,52,Normal
2026-02-09 23:30:54.109478,Toronto-15b0,-3,7,Normal
2026-02-09 23:30:55.109478,Toronto-15b0,-7,46,Normal
2026-02-09 23:30:56.109478,Toronto-15b0,-21,51,Normal
2026-02-09 23:30:57.109478,Toronto-15b0,-28,70,Normal
2026-02-09 23:30:58.109478,Toronto-15b0,-22,70,Normal
2026-02-09 23:30:59.109478,Toronto-15b0,7,10,Normal
2026-02-09 23:31:00.109478,Toronto-15b0,25,38,Normal
2026-02-09 23:31:01.109478,Toronto-15b0,50,17,Normal
2026-02-09 23:31:02.109478,Toronto-15b0,-18,52,Normal
2026-02-09 23:31:03.109478,Toronto-15b0,-12,92,Normal
2026-02-09 23:31:04.109478,Toronto-15b0,47,72,Normal
2026-02-09 23:31:05.109478,Toronto-15b0,11,58,Normal
2026-02-09 23:31:06.109478,Toronto-15b0,3,77,Normal
2026-02-09 23:31:07.109478,Toronto-15b0,46,50,Normal
2026-02-09 23:31:08.109478,Toronto-15b0,-7,17,Normal
2026-02-09 23:31:09.109478,Toronto-15b0,-5,40,Normal
2026-02-09 23:31:10.109478,Toronto-15b0,-15,51,Normal
2026-02-09 23:31:11.109478,Toronto-15b0,47,69,Normal
2026-02-09 23:31:12.109478,Toronto-15b0,30,85,Normal
2026-02-09 23:31:13.109478,Toronto-15b0,38,59,Normal
2026-02-09 23:31:14.109478,Toronto-15b0,-24,50,Normal
2026-02-09 23:31:15.109478,Toronto-15b0,-17,76,Normal
2026-02-09 23:31:16.109478,Toronto-15b0,-29,95,Normal
2026-02-09 23:31:17.109478,Toronto-15b0,15,87,Normal
2026-02-09 23:31:18.109478,Toronto-15b0,19,57,Normal
2026-02-09 23:31:19.109478,Toronto-15b0,-22,31,Normal
2026-02-09 23:31:20.109478,Toronto-15b0,7,35,Normal
2026-02-09 23:31:21.109478,Toronto-15b0,23,66,Normal
2026-02-09 23:31:22.109478,Toronto-15b0,27,32,Normal
2026-02-09 23:31:23.109478,Toronto-15b0,48,11,Normal
2026-02-09 23:31:24.109478,Toronto-15b0,-23,7,Normal
2026-02-09 23:31:25.109478,Toronto-15b0,27,24,Normal
2026-02-09 23:31:26.109478,Toronto-15b0,15,52,Normal
2026-02-09 23:31:27.109478,Toronto-15b0,11,45,Normal
2026-02-09 23:31:28.109478,Toronto-15b0,31,10,Normal
2026-02-09 23:31:29.109478,Toronto-15b0,50,61,Normal
2026-02-09 23:31:30.109478,Toronto-15b0,-8,66,Normal
2026-02-09 23:31:31.109478,Toronto-15b0,4,94,Normal
2026-02-09 23:31:32.109478,Toronto-15b0,-3,31,Normal
2026-02-09 23:31:33.109478,Toronto-15b0,50,100,Normal
2026-02-09 23:31:34.109478,Toronto-15b0,-1,29,Normal
2026-02-09 23:31:35.109478,Toronto-15b0,37,56,Normal
2026-02-09 23:31:36.109478,Toronto-15b0,15,80,Normal
2026-02-09 23:31:37.109478,Toronto-15b0,48,29,Normal
2026-02-09 23:31:38.109478,Toronto-15b0,9,89,Normal
2026-02-09 23:31:39.109478,Toronto-15b0,30,41,Normal
2026-02-09 23:31:40.109478,Toronto-15b0,34,78,Normal
2026-02-09 23:31:41.109478,Toronto-15b0,-19,17,Normal
2026-02-09 23:31:42.109478,Toronto-15b0,7,93,Normal
2026-02-09 23:31:43.109478,Toronto-15b0,-22,97,Normal
2026-02-09 23:31:44.109478,Toronto-15b0,16,100,Normal
2026-02-09 23:31:45.109478,Toronto-15b0,17,44,Normal
2026-02-09 23:31:46.109478,Toronto-15b0,-13,3,Normal
2026-02-09 23:31:47.109478,Toronto-15b0,-12,93,Normal
2026-02-09 23:31:48.109478,Toronto-15b0,19,84,Normal
2026-02-09 23:31:49.109478,Toronto-15b0,-5,24,Normal
2026-02-09 23:31:50.109478,Toronto-15b0,30,59,Normal
2026-02-09 23:31:51.109478,Toronto-15b0,27,26,Normal
2026-02-09 23:31:52.109478,Toronto-15b0,-9,38,Normal
2026-02-09 23:31:53.109478,Toronto-15b0,49,13,Normal
2026-02-09 23:31:54.109478,Toronto-15b0,1,63,Normal
2026-02-09 23:31:55.109478,Toronto-15b0,-7,93,Normal
2026-02-09 23:31:56.109478,Toronto-15b0,-2,10,Normal
2026-02-09 23:31:57.109478,Toronto-15b0,15,7,Normal
2026-02-09 23:31:58.109478,Toronto-15b0,14,80,Normal
2026-02-09 23:31:59.109478,Toronto-15b0,-19,28,Normal
2026-02-09 23:32:00.109478,Toronto-15b0,0,1,Normal
2026-02-09 23:32:01.109478,Toronto-15b0,27,30,Normal
2026-02-09 23:32:02.109478,Toronto-15b0,5,49,Normal
2026-02-09 23:32:03.109478,Toronto-15b0,41,73,Normal
2026-02-09 23:32:04.109478,Toronto-15b0,10,16,Normal
2026-02-09 23:32:05.109478,Toronto-15b0,-17,43,Normal
2026-02-09 23:32:06.109478,Toronto-15b0,31,45,Normal
2026-02-09 23:32:07.109478,Toronto-15b0,-21,10,Normal
2026-02-09 23:32:08.109478,Toronto-15b0,-9,3,Normal
2026-02-09 23:32:09.109478,Toronto-15b0,-15,79,Normal
2026-02-09 23:32:10.109478,Toronto-15b0,32,100,Normal
2026-02-09 23:32:11.109478,Toronto-15b0,-27,20,Normal
2026-02-09 23:32:12.109478,Toronto-15b0,1,62,Normal
2026-02-09 23:32:13.109478,Toronto-15b0,12,78,Normal
2026-02-09 23:32:14.109478,Toronto-15b0,-2,64,Normal
2026-02-09 23:32:15.109478,Toronto-15b0,14,67,Normal
2026-02-09 23:32:16.109478,Toronto-15b0,38,76,Normal
2026-02-09 23:32:17.109478,Toronto-15b0,18,58,Normal
2026-02-09 23:32:18.109478,Toronto-15b0,-11,33,Normal
2026-02-09 23:32:19.109478,Toronto-15b0,13,28,Normal
2026-02-09 23:32:20.109478,Toronto-15b0,-26,59,Normal
2026-02-09 23:32:21.109478,Toronto-15b0,-12,7,Normal
2026-02-09 23:32:22.109478,Toronto-15b0,24,45,Normal
2026-02-09 23:32:23.109478,Toronto-15b0,15,34,Normal
2026-02-09 23:32:24.109478,Toronto-15b0,32,8,Normal
2026-02-09 23:32:25.109478,Toronto-15b0,39,34,Normal
2026-02-09 23:32:26.109478,Toronto-15b0,12,84,Normal
2026-02-09 23:32:27.109478,Toronto-15b0,-8,77,Normal
2026-02-09 23:32:28.109478,Toronto-15b0,21,15,Normal
2026-02-09 23:32:29.109478,Toronto-15b0,21,94,Normal
2026-02-09 23:32:30.109478,Toronto-15b0,-29,17,Normal
2026-02-09 23:32:31.109478,Toronto-15b0,22,41,Normal
2026-02-09 23:32:32.109478,Toronto-15b0,49,64,Normal
2026-02-09 23:32:33.109478,Toronto-15b0,-29,8,Normal
2026-02-09 23:32:34.109478,Toronto-15b0,-3,13,Normal
2026-02-09 23:32:35.109478,Toronto-15b0,41,73,Normal
2026-02-09 23:32:36.109478,Toronto-15b0,17,44,Normal
2026-02-09 23:32:37.109478,Toronto-15b0,-3,39,Normal
2026-02-09 23:32:38.109478,Toronto-15b0,29,86,Normal
2026-02-09 23:32:39.109478,Toronto-15b0,12,9,Normal
2026-02-09 23:32:40.109478,Toronto-15b0,-27,20,Normal
2026-02-09 23:32:41.109478,Toronto-15b0,37,73,Normal
2026-02-09 23:32:42.109478,Toronto-15b0,-9,70,Normal
2026-02-09 23:32:43.109478,Toronto-15b0,1,0,Normal
2026-02-09 23:32:44.109478,Toronto-15b0,46,39,Normal
2026-02-09 23:32:45.109478,Toronto-15b0,3,64,Normal
2026-02-09 23:32:46.109478,Toronto-15b0,42,31,Normal
2026-02-09 23:32:47.109478,Toronto-15b0,26,45,Normal
2026-02-09 23:32:48.109478,Toronto-15b0,10,67,Normal
2026-02-09 23:32:49.109478,Toronto-15b0,19,14,Normal
2026-02-09 23:32:50.109478,Toronto-15b0,49,94,Normal
2026-02-09 23:32:51.109478,Toronto-15b0,-19,64,Normal
2026-02-09 23:32:52.109478,Toronto-15b0,-3,30,Normal
2026-02-09 23:32:53.109478,Toronto-15b0,19,11,Normal
2026-02-09 23:32:54.109478,Toronto-15b0,48,34,Normal
2026-02-09 23:32:55.109478,Toronto-15b0,10,46,Normal
2026-02-09 23:32:56.109478,Toronto-15b0,47,2,Normal
2026-02-09 23:32:57.109478,Toronto-15b0,-2,90,Normal
2026-02-09 23:32:58.109478,Toronto-15b0,-24,48,Normal
2026-02-09 23:32:59.109478,Toronto-15b0,3,46,Normal
2026-02-09 23:33:00.109478,Toronto-15b0,38,81,Normal
2026-02-09 23:33:01.109478,Toronto-15b0,25,4,Normal
2026-02-09 23:33:02.109478,Toronto-15b0,-23,57,Normal
2026-02-09 23:33:03.109478,Toronto-15b0,17,46,Normal
2026-02-09 23:33:04.109478,Toronto-15b0,-15,31,Normal
2026-02-09 23:33:05.109478,Toronto-15b0,42,81,Normal
2026-02-09 23:33:06.109478,Toronto-15b0,1,43,Normal
2026-02-09 23:33:07.109478,Toronto-15b0,37,24,Normal
2026-02-09 23:33:08.109478,Toronto-15b0,-10,85,Normal
2026-02-09 23:33:09.109478,Toronto-15b0,23,53,Normal
2026-02-09 23:33:10.109478,Toronto-15b0,-15,31,Normal
2026-02-09 23:33:11.109478,Toronto-15b0,-20,35,Normal
2026-02-09 23:33:12.109478,Toronto-15b0,-9,40,Normal
2026-02-09 23:33:13.109478,Toronto-15b0,-2,63,Normal
2026-02-09 23:33:14.109478,Toronto-15b0,-25,37,Normal
2026-02-09 23:33:15.109478,Toronto-15b0,4,13,Normal
2026-02-09 23:33:16.109478,Toronto-15b0,3,67,Normal
2026-02-09 23:33:17.109478,Toronto-15b0,-13,70,Normal
2026-02-09 23:33:18.109478,Toronto-15b0,49,16,Normal
2026-02-09 23:33:19.109478,Toronto-15b0,39,11,Normal
2026-02-09 23:33:20.109478,Toronto-15b0,-21,95,Normal
2026-02-09 23:33:21.109478,Toronto-15b0,-6,77,Normal
2026-02-09 23:33:22.109478,Toronto-15b0,27,57,Normal
2026-02-09 23:33:23.109478,Toronto-15b0,1,73,Normal
2026-02-09 23:33:24.109478,Toronto-15b0,14,48,Normal
2026-02-09 23:33:25.109478,Toronto-15b0,-1,8,Normal
2026-02-09 23:33:26.109478,Toronto-15b0,12,91,Normal
2026-02-09 23:33:27.109478,Toronto-15b0,-30,76,Normal
2026-02-09 23:33:28.109478,Toronto-15b0,-24,27,Normal
2026-02-09 23:33:29.109478,Toronto-15b0,30,83,Normal
2026-02-09 23:33:30.109478,Toronto-15b0,12,37,Normal
2026-02-09 23:33:31.109478,Toronto-15b0,10,86,Normal
2026-02-09 23:33:32.109478,Toronto-15b0,-1,91,Normal
2026-02-09 23:33:33.109478,Toronto-15b0,26,64,Normal
2026-02-09 23:33:34.109478,Toronto-15b0,-28,62,Normal
2026-02-09 23:33:35.109478,Toronto-15b0,22,40,Normal
2026-02-09 23:33:36.109478,Toronto-15b0,-18,83,Normal
2026-02-09 23:33:37.109478,Toronto-15b0,-6,85,Normal
2026-02-09 23:33:38.109478,Toronto-15b0,15,89,Normal
2026-02-09 23:33:39.109478,Toronto-15b0,31,2,Normal
2026-02-09 23:33:40.109478,Toronto-15b0,-8,69,Normal
2026-02-09 23:33:41.109478,Toronto-15b0,32,19,Normal
2026-02-09 23:33:42.109478,Toronto-15b0,50,16,Normal
2026-02-09 23:33:43.109478,Toronto-15b0,27,90,Normal
2026-02-09 23:33:44.109478,Toronto-15b0,-23,93,Normal
2026-02-09 23:33:45.109478,Toronto-15b0,-26,98,Normal
2026-02-09 23:33:46.109478,Toronto-15b0,35,90,Normal
2026-02-09 23:33:47.109478,Toronto-15b0,34,24,Normal
2026-02-09 23:33:48.109478,Toronto-15b0,47,65,Normal
2026-02-09 23:33:49.109478,Toronto-15b0,-4,62,Normal
2026-02-09 23:33:50.109478,Toronto-15b0,-22,93,Normal
2026-02-09 23:33:51.109478,Toronto-15b0,-25,58,Normal
2026-02-09 23:33:52.109478,Toronto-15b0,25,2,Normal
2026-02-09 23:33:53.109478,Toronto-15b0,24,15,Normal
2026-02-09 23:33:54.109478,Toronto-15b0,11,42,Normal
2026-02-09 23:33:55.109478,Toronto-15b0,5,39,Normal
2026-02-09 23:33:56.109478,Toronto-15b0,20,54,Normal
2026-02-09 23:33:57.109478,Toronto-15b0,-10,96,Normal
2026-02-09 23:33:58.109478,Toronto-15b0,-23,22,Normal
2026-02-09 23:33:59.109478,Toronto-15b0,-22,65,Normal
2026-02-09 23:34:00.109478,Toronto-15b0,20,46,Normal
2026-02-09 23:34:01.109478,Toronto-15b0,41,39,Normal
2026-02-09 23:34:02.109478,Toronto-15b0,-19,97,Normal
2026-02-09 23:34:03.109478,Toronto-15b0,-21,62,Normal
2026-02-09 23:34:04.109478,Toronto-15b0,36,8,Normal
2026-02-09 23:34:05.109478,Toronto-15b0,3,4,Normal
2026-02-09 23:34:06.109478,Toronto-15b0,19,80,Normal
2026-02-09 23:34:07.109478,Toronto-15b0,16,70,Normal
2026-02-09 23:34:08.109478,Toronto-15b0,33,18,Normal
2026-02-09 23:34:09.109478,Toronto-15b0,7,11,Normal
2026-02-09 23:34:10.109478,Toronto-15b0,-4,14,Normal
2026-02-09 23:34:11.109478,Toronto-15b0,13,46,Normal
2026-02-09 23:34:12.109478,Toronto-15b0,24,70,Normal
2026-02-09 23:34:13.109478,Toronto-15b0,20,15,Normal
2026-02-09 23:34:14.109478,Toronto-15b0,18,6,Normal
2026-02-09 23:34:15.109478,Toronto-15b0,34,12,Normal
2026-02-09 23:34:16.109478,Toronto-15b0,45,96,Normal
2026-02-09 23:34:17.109478,Toronto-15b0,15,70,Normal
2026-02-09 23:34:18.109478,Toronto-15b0,3,19,Normal
2026-02-09 23:34:19.109478,Toronto-15b0,-18,92,Normal
2026-02-09 23:34:20.109478,Toronto-15b0,24,27,Normal
2026-02-09 23:34:21.109478,Toronto-15b0,31,26,Normal
2026-02-09 23:34:22.109478,Toronto-15b0,-26,70,Normal
2026-02-09 23:34:23.109478,Toronto-15b0,23,61,Normal
2026-02-09 23:34:24.109478,Toronto-15b0,-21,39,Normal
2026-02-09 23:34:25.109478,Toronto-15b0,-7,24,Normal
2026-02-09 23:34:26.109478,Toronto-15b0,34,51,Normal
2026-02-09 23:34:27.109478,Toronto-15b0,21,72,Normal
2026-02-09 23:34:28.109478,Toronto-15b0,26,19,Normal
2026-02-09 23:34:29.109478,Toronto-15b0,-22,43,Normal
2026-02-09 23:34:30.109478,Toronto-15b0,29,0,Normal
2026-02-09 23:34:31.109478,Toronto-15b0,13,54,Normal
2026-02-09 23:34:32.109478,Toronto-15b0,-13,82,Normal
2026-02-09 23:34:33.109478,Toronto-15b0,34,11,Normal
2026-02-09 23:34:34.109478,Toronto-15b0,38,70,Normal
2026-02-09 23:34:35.109478,Toronto-15b0,40,100,Normal
2026-02-09 23:34:36.109478,Toronto-15b0,49,31,Normal
2026-02-09 23:34:37.109478,Toronto-15b0,-12,21,Normal
2026-02-09 23:34:38.109478,Toronto-15b0,5,18,Normal
2026-02-09 23:34:39.109478,Toronto-15b0,50,61,Normal
2026-02-09 23:34:40.109478,Toronto-15b0,47,97,Normal
2026-02-09 23:34:41.109478,Toronto-15b0,6,62,Normal
2026-02-09 23:34:42.109478,Toronto-15b0,-6,1,Normal
2026-02-09 23:34:43.109478,Toronto-15b0,35,7,Normal
2026-02-09 23:34:44.109478,Toronto-15b0,47,82,Normal
2026-02-09 23:34:45.109478,Toronto-15b0,26,50,Normal
2026-02-09 23:34:46.109478,Toronto-15b0,-30,10,Normal
2026-02-09 23:34:47.109478,Toronto-15b0,30,47,Normal
2026-02-09 23:34:48.109478,Toronto-15b0,28,19,Normal
2026-02-09 23:34:49.109478,Toronto-15b0,20,80,Normal
2026-02-09 23:34:50.109478,Toronto-15b0,45,2,Normal
2026-02-09 23:34:51.109478,Toronto-15b0,44,7,Normal
2026-02-09 23:34:52.109478,Toronto-15b0,29,81,Normal
2026-02-09 23:34:53.109478,Toronto-15b0,25,71,Normal
2026-02-09 23:34:54.109478,Toronto-15b0,-27,78,Normal
2026-02-09 23:34:55.109478,Toronto-15b0,-17,43,Normal
2026-02-09 23:34:56.109478,Toronto-15b0,-17,30,Normal
2026-02-09 23:34:57.109478,Toronto-15b0,-20,87,Normal
2026-02-09 23:34:58.109478,Toronto-15b0,2,85,Normal
2026-02-09 23:34:59.109478,Toronto-15b0,31,61,Normal
2026-02-09 23:35:00.109478,Toronto-15b0,27,64,Normal
2026-02-09 23:35:01.109478,Toronto-15b0,1,87,Normal
2026-02-09 23:35:02.109478,Toronto-15b0,32,3,Normal
2026-02-09 23:35:03.109478,Toronto-15b0,4,76,Normal
2026-02-09 23:35:04.109478,Toronto-15b0,-20,24,Normal
2026-02-09 23:35:05.109478,Toronto-15b0,-13,68,Normal
2026-02-09 23:35:06.109478,Toronto-15b0,30,9,Normal
2026-02-09 23:35:07.109478,Toronto-15b0,-1,80,Normal
2026-02-09 23:35:08.109478,Toronto-15b0,10,18,Normal
2026-02-09 23:35:09.109478,Toronto-15b0,8,47,Normal
2026-02-09 23:35:10.109478,Toronto-15b0,24,39,Normal
2026-02-09 23:35:11.109478,Toronto-15b0,16,65,Normal
2026-02-09 23:35:12.109478,Toronto-15b0,47,74,Normal
2026-02-09 23:35:13.109478,Toronto-15b0,4,34,Normal
2026-02-09 23:35:14.109478,Toronto-15b0,4,92,Normal
2026-02-09 23:35:15.109478,Toronto-15b0,46,5,Normal
2026-02-09 23:35:16.109478,Toronto-15b0,-15,60,Normal
2026-02-09 23:35:17.109478,Toronto-15b0,11,64,Normal
2026-02-09 23:35:18.109478,Toronto-15b0,25,89,Normal
2026-02-09 23:35:19.109478,Toronto-15b0,24,83,Normal
2026-02-09 23:35:20.109478,Toronto-15b0,47,91,Normal
2026-02-09 23:35:21.109478,Toronto-15b0,2,22,Normal
2026-02-09 23:35:22.109478,Toronto-15b0,-25,82,Normal
2026-02-09 23:35:23.109478,Toronto-15b0,22,100,Normal
2026-02-09 23:35:24.109478,Toronto-15b0,32,90,Normal
2026-02-09 23:35:25.109478,Toronto-15b0,37,88,Normal
2026-02-09 23:35:26.109478,Toronto-15b0,2,37,Normal
2026-02-09 23:35:27.109478,Toronto-15b0,4,2,Normal
2026-02-09 23:35:28.109478,Toronto-15b0,33,51,Normal
2026-02-09 23:35:29.109478,Toronto-15b0,19,15,Normal
2026-02-09 23:35:30.109478,Toronto-15b0,-3,50,Normal
2026-02-09 23:35:31.109478,Toronto-15b0,38,97,Normal
2026-02-09 23:35:32.109478,Toronto-15b0,37,50,Normal
2026-02-09 23:35:33.109478,Toronto-15b0,37,8,Normal
2026-02-09 23:35:34.109478,Toronto-15b0,16,57,Normal
2026-02-09 23:35:35.109478,Toronto-15b0,45,60,Normal
2026-02-09 23:35:36.109478,Toronto-15b0,21,1,Normal
2026-02-09 23:35:37.109478,Toronto-15b0,-12,79,Normal
2026-02-09 23:35:38.109478,Toronto-15b0,40,96,Normal
2026-02-09 23:35:39.109478,Toronto-15b0,-20,55,Normal
2026-02-09 23:35:40.109478,Toronto-15b0,14,80,Normal
2026-02-09 23:35:41.109478,Toronto-15b0,22,92,Normal
2026-02-09 23:35:42.109478,Toronto-15b0,43,5,Normal
2026-02-09 23:35:43.109478,Toronto-15b0,-15,11,Normal
2026-02-09 23:35:44.109478,Toronto-15b0,21,97,Normal
2026-02-09 23:35:45.109478,Toronto-15b0,-3,42,Normal
2026-02-09 23:35:46.109478,Toronto-15b0,2,4,Normal
2026-02-09 23:35:47.109478,Toronto-15b0,4,1,Normal
2026-02-09 23:35:48.109478,Toronto-15b0,-24,58,Normal
2026-02-09 23:35:49.109478,Toronto-15b0,47,66,Normal
2026-02-09 23:35:50.109478,Toronto-15b0,-4,57,Normal
2026-02-09 23:35:51.109478,Toronto-15b0,-13,33,Normal
2026-02-09 23:35:52.109478,Toronto-15b0,12,14,Normal
2026-02-09 23:35:53.109478,Toronto-15b0,39,19,Normal
2026-02-09 23:35:54.109478,Toronto-15b0,31,18,Normal
2026-02-09 23:35:55.109478,Toronto-15b0,46,47,Normal
2026-02-09 23:35:56.109478,Toronto-15b0,-19,91,Normal
2026-02-09 23:35:57.109478,Toronto-15b0,-28,69,Normal
2026-02-09 23:35:58.109478,Toronto-15b0,-5,98,Normal
2026-02-09 23:35:59.109478,Toronto-15b0,17,32,Normal
2026-02-09 23:36:00.109478,Toronto-15b0,9,44,Normal
2026-02-09 23:36:01.109478,Toronto-15b0,30,57,Normal
2026-02-09 23:36:02.109478,Toronto-15b0,33,33,Normal
2026-02-09 23:36:03.109478,Toronto-15b0,38,68,Normal
2026-02-09 23:36:04.109478,Toronto-15b0,8,80,Normal
2026-02-09 23:36:05.109478,Toronto-15b0,36,12,Normal
2026-02-09 23:36:06.109478,Toronto-15b0,-5,5,Normal
2026-02-09 23:36:07.109478,Toronto-15b0,45,47,Normal
2026-02-09 23:36:08.109478,Toronto-15b0,4,80,Normal
2026-02-09 23:36:09.109478,Toronto-15b0,41,0,Normal
2026-02-09 23:36:10.109478,Toronto-15b0,10,69,Normal
2026-02-09 23:36:11.109478,Toronto-15b0,7,40,Normal
2026-02-09 23:36:12.109478,Toronto-15b0,-3,20,Normal
2026-02-09 23:36:13.109478,Toronto-15b0,35,70,Normal
2026-02-09 23:36:14.109478,Toronto-15b0,31,96,Normal
2026-02-09 23:36:15.109478,Toronto-15b0,-18,56,Normal
2026-02-09 23:36:16.109478,Toronto-15b0,-2,57,Normal
2026-02-09 23:36:17.109478,Toronto-15b0,-11,34,Normal
2026-02-09 23:36:18.109478,Toronto-15b0,28,64,Normal
2026-02-09 23:36:19.109478,Toronto-15b0,-16,51,Normal
2026-02-09 23:36:20.109478,Toronto-15b0,-30,57,Normal
2026-02-09 23:36:21.109478,Toronto-15b0,17,17,Normal
2026-02-09 23:36:22.109478,Toronto-15b0,32,100,Normal
2026-02-09 23:36:23.109478,Toronto-15b0,25,30,Normal
2026-02-09 23:36:24.109478,Toronto-15b0,44,90,Normal
2026-02-09 23:36:25.109478,Toronto-15b0,28,98,Normal
2026-02-09 23:36:26.109478,Toronto-15b0,16,36,Normal
2026-02-09 23:36:27.109478,Toronto-15b0,45,81,Normal
2026-02-09 23:36:28.109478,Toronto-15b0,-21,11,Normal
2026-02-09 23:36:29.109478,Toronto-15b0,-25,93,Normal
2026-02-09 23:36:30.109478,Toronto-15b0,-27,98,Normal
2026-02-09 23:36:31.109478,Toronto-15b0,8,22,Normal
2026-02-09 23:36:32.109478,Toronto-15b0,-21,15,Normal
2026-02-09 23:36:33.109478,Toronto-15b0,-23,74,Normal
2026-02-09 23:36:34.109478,Toronto-15b0,7,13,Normal
2026-02-09 23:36:35.109478,Toronto-15b0,15,49,Normal
2026-02-09 23:36:36.109478,Toronto-15b0,40,65,Normal
2026-02-09 23:36:37.109478,Toronto-15b0,16,77,Normal
2026-02-09 23:36:38.109478,Toronto-15b0,6,33,Normal
2026-02-09 23:36:39.109478,Toronto-15b0,40,81,Normal
2026-02-09 23:36:40.109478,Toronto-15b0,36,41,Normal
2026-02-09 23:36:41.109478,Toronto-15b0,-9,68,Normal
2026-02-09 23:36:42.109478,Toronto-15b0,32,50,Normal
2026-02-09 23:36:43.109478,Toronto-15b0,5,93,Normal
2026-02-09 23:36:44.109478,Toronto-15b0,27,18,Normal
2026-02-09 23:36:45.109478,Toronto-15b0,45,81,Normal
2026-02-09 23:36:46.109478,Toronto-15b0,-18,94,Normal
2026-02-09 23:36:47.109478,Toronto-15b0,-27,13,Normal
2026-02-09 23:36:48.109478,Toronto-15b0,15,40,Normal
2026-02-09 23:36:49.109478,Toronto-15b0,37,81,Normal
2026-02-09 23:36:50.109478,Toronto-15b0,0,4,Normal
2026-02-09 23:36:51.109478,Toronto-15b0,11,23,Normal
2026-02-09 23:36:52.109478,Toronto-15b0,-22,36,Normal
2026-02-09 23:36:53.109478,Toronto-15b0,-11,31,Normal
2026-02-09 23:36:54.109478,Toronto-15b0,20,1,Normal
2026-02-09 23:36:55.109478,Toronto-15b0,-18,13,Normal
2026-02-09 23:36:56.109478,Toronto-15b0,34,10,Normal
2026-02-09 23:36:57.109478,Toronto-15b0,11,6,Normal
2026-02-09 23:36:58.109478,Toronto-15b0,-5,23,Normal
2026-02-09 23:36:59.109478,Toronto-15b0,-2,89,Normal
2026-02-09 23:37:00.109478,Toronto-15b0,43,30,Normal
2026-02-09 23:37:01.109478,Toronto-15b0,8,87,Normal
2026-02-09 23:37:02.109478,Toronto-15b0,31,78,Normal
2026-02-09 23:37:03.109478,Toronto-15b0,-29,13,Normal
2026-02-09 23:37:04.109478,Toronto-15b0,-29,93,Normal
2026-02-09 23:37:05.109478,Toronto-15b0,46,61,Normal
2026-02-09 23:37:06.109478,Toronto-15b0,14,36,Normal
2026-02-09 23:37:07.109478,Toronto-15b0,-1,1,Normal
2026-02-09 23:37:08.109478,Toronto-15b0,47,35,Normal
2026-02-09 23:37:09.109478,Toronto-15b0,46,2,Normal
2026-02-09 23:37:10.109478,Toronto-15b0,27,54,Normal
2026-02-09 23:37:11.109478,Toronto-15b0,-13,61,Normal
2026-02-09 23:37:12.109478,Toronto-15b0,-17,72,Normal
2026-02-09 23:37:13.109478,Toronto-15b0,38,89,Normal
2026-02-09 23:37:14.109478,Toronto-15b0,15,92,Normal
2026-02-09 23:37:15.109478,Toronto-15b0,-1,72,Normal
2026-02-09 23:37:16.109478,Toronto-15b0,-6,42,Normal
2026-02-09 23:37:17.109478,Toronto-15b0,19,58,Normal
2026-02-09 23:37:18.109478,Toronto-15b0,28,48,Normal
2026-02-09 23:37:19.109478,Toronto-15b0,44,28,Normal
2026-02-09 23:37:20.109478,Toronto-15b0,49,13,Normal
2026-02-09 23:37:21.109478,Toronto-15b0,19,61,Normal
2026-02-09 23:37:22.109478,Toronto-15b0,-4,77,Normal
2026-02-09 23:37:23.109478,Toronto-15b0,-22,40,Normal
2026-02-09 23:37:24.109478,Toronto-15b0,12,55,Normal
2026-02-09 23:37:25.109478,Toronto-15b0,30,43,Normal
2026-02-09 23:37:26.109478,Toronto-15b0,18,38,Normal
2026-02-09 23:37:27.109478,Toronto-15b0,15,22,Normal
2026-02-09 23:37:28.109478,Toronto-15b0,-26,52,Normal
2026-02-09 23:37:29.109478,Toronto-15b0,-26,23,Normal
2026-02-09 23:37:30.109478,Toronto-15b0,21,7,Normal
2026-02-09 23:37:31.109478,Toronto-15b0,40,43,Normal
2026-02-09 23:37:32.109478,Toronto-15b0,1,62,Normal
2026-02-09 23:37:33.109478,Toronto-15b0,-13,77,Normal
2026-02-09 23:37:34.109478,Toronto-15b0,20,50,Normal
2026-02-09 23:37:35.109478,Toronto-15b0,48,89,Normal
2026-02-09 23:37:36.109478,Toronto-15b0,35,41,Normal
2026-02-09 23:37:37.109478,Toronto-15b0,48,8,Normal
2026-02-09 23:37:38.109478,Toronto-15b0,23,49,Normal
2026-02-09 23:37:39.109478,Toronto-15b0,29,86,Normal
2026-02-09 23:37:40.109478,Toronto-15b0,36,37,Normal
2026-02-09 23:37:41.109478,Toronto-15b0,30,89,Normal
2026-02-09 23:37:42.109478,Toronto-15b0,16,2,Normal
2026-02-09 23:37:43.109478,Toronto-15b0,-12,58,Normal
2026-02-09 23:37:44.109478,Toronto-15b0,-22,24,Normal
2026-02-09 23:37:45.109478,Toronto-15b0,33,71,Normal
2026-02-09 23:37:46.109478,Toronto-15b0,-26,66,Normal
2026-02-09 23:37:47.109478,Toronto-15b0,26,37,Normal
2026-02-09 23:37:48.109478,Toronto-15b0,-17,10,Normal
2026-02-09 23:37:49.109478,Toronto-15b0,18,67,Normal
2026-02-09 23:37:50.109478,Toronto-15b0,-13,90,Normal
2026-02-09 23:37:51.109478,Toronto-15b0,10,99,Normal
2026-02-09 23:37:52.109478,Toronto-15b0,31,16,Normal
2026-02-09 23:37:53.109478,Toronto-15b0,38,8,Normal
2026-02-09 23:37:54.109478,Toronto-15b0,-21,61,Normal
2026-02-09 23:37:55.109478,Toronto-15b0,18,65,Normal
2026-02-09 23:37:56.109478,Toronto-15b0,8,21,Normal
2026-02-09 23:37:57.109478,Toronto-15b0,40,95,Normal
2026-02-09 23:37:58.109478,Toronto-15b0,-22,52,Normal
2026-02-09 23:37:59.109478,Toronto-15b0,-26,65,Normal
2026-02-09 23:38:00.109478,Toronto-15b0,2,58,Normal
2026-02-09 23:38:01.109478,Toronto-15b0,13,17,Normal
2026-02-09 23:38:02.109478,Toronto-15b0,40,53,Normal
2026-02-09 23:38:03.109478,Toronto-15b0,-9,9,Normal
2026-02-09 23:38:04.109478,Toronto-15b0,20,62,Normal
2026-02-09 23:38:05.109478,Toronto-15b0,-14,85,Normal
2026-02-09 23:38:06.109478,Toronto-15b0,-12,64,Normal
2026-02-09 23:38:07.109478,Toronto-15b0,8,73,Normal
2026-02-09 23:38:08.109478,Toronto-15b0,-10,34,Normal
2026-02-09 23:38:09.109478,Toronto-15b0,-5,14,Normal
2026-02-09 23:38:10.109478,Toronto-15b0,10,68,Normal
2026-02-09 23:38:11.109478,Toronto-15b0,23,9,Normal
2026-02-09 23:38:12.109478,Toronto-15b0,-21,12,Normal
2026-02-09 23:38:13.109478,Toronto-15b0,9,73,Normal
2026-02-09 23:38:14.109478,Toronto-15b0,12,52,Normal
2026-02-09 23:38:15.109478,Toronto-15b0,-18,9,Normal
2026-02-09 23:38:16.109478,Toronto-15b0,24,47,Normal
2026-02-09 23:38:17.109478,Toronto-15b0,46,46,Normal
2026-02-09 23:38:18.109478,Toronto-15b0,-11,96,Normal
2026-02-09 23:38:19.109478,Toronto-15b0,39,4,Normal
2026-02-09 23:38:20.109478,Toronto-15b0,-26,78,Normal
2026-02-09 23:38:21.109478,Toronto-15b0,-21,65,Normal
2026-02-09 23:38:22.109478,Toronto-15b0,24,94,Normal
2026-02-09 23:38:23.109478,Toronto-15b0,15,27,Normal
2026-02-09 23:38:24.109478,Toronto-15b0,-16,54,Normal
2026-02-09 23:38:25.109478,Toronto-15b0,37,75,Normal
2026-02-09 23:38:26.109478,Toronto-15b0,21,96,Normal
2026-02-09 23:38:27.109478,Toronto-15b0,3,83,Normal
2026-02-09 23:38:28.109478,Toronto-15b0,17,17,Normal
2026-02-09 23:38:29.109478,Toronto-15b0,9,9,Normal
2026-02-09 23:38:30.109478,Toronto-15b0,15,6,Normal
2026-02-09 23:38:31.109478,Toronto-15b0,-8,62,Normal
2026-02-09 23:38:32.109478,Toronto-15b0,-5,95,Normal
2026-02-09 23:38:33.109478,Toronto-15b0,-16,17,Normal
2026-02-09 23:38:34.109478,Toronto-15b0,-3,45,Normal
2026-02-09 23:38:35.109478,Toronto-15b0,-12,10,Normal
2026-02-09 23:38:36.109478,Toronto-15b0,-9,76,Normal
2026-02-09 23:38:37.109478,Toronto-15b0,14,72,Normal
2026-02-09 23:38:38.109478,Toronto-15b0,1,29,Normal
2026-02-09 23:38:39.109478,Toronto-15b0,25,16,Normal
2026-02-09 23:38:40.109478,Toronto-15b0,3,35,Normal
2026-02-09 23:38:41.109478,Toronto-15b0,28,77,Normal
2026-02-09 23:38:42.109478,Toronto-15b0,14,32,Normal
2026-02-09 23:38:43.109478,Toronto-15b0,7,86,Normal
2026-02-09 23:38:44.109478,Toronto-15b0,11,59,Normal
2026-02-09 23:38:45.109478,Toronto-15b0,20,44,Normal
2026-02-09 23:38:46.109478,Toronto-15b0,-16,56,Normal
2026-02-09 23:38:47.109478,Toronto-15b0,14,66,Normal
2026-02-09 23:38:48.109478,Toronto-15b0,23,61,Normal
2026-02-09 23:38:49.109478,Toronto-15b0,-9,87,Normal
2026-02-09 23:38:50.109478,Toronto-15b0,26,41,Normal
2026-02-09 23:38:51.109478,Toronto-15b0,-5,13,Normal
2026-02-09 23:38:52.109478,Toronto-15b0,-9,6,Normal
2026-02-09 23:38:53.109478,Toronto-15b0,-28,86,Normal
2026-02-09 23:38:54.109478,Toronto-15b0,-29,87,Normal
2026-02-09 23:38:55.109478,Toronto-15b0,48,25,Normal
2026-02-09 23:38:56.109478,Toronto-15b0,19,73,Normal
2026-02-09 23:38:57.109478,Toronto-15b0,20,43,Normal
2026-02-09 23:38:58.109478,Toronto-15b0,-21,30,Normal
2026-02-09 23:38:59.109478,Toronto-15b0,-21,55,Normal
2026-02-09 23:39:00.109478,Toronto-15b0,2,59,Normal
2026-02-09 23:39:01.109478,Toronto-15b0,16,0,Normal
2026-02-09 23:39:02.109478,Toronto-15b0,-27,54,Normal
2026-02-09 23:39:03.109478,Toronto-15b0,0,42,Normal
2026-02-09 23:39:04.109478,Toronto-15b0,-19,19,Normal
2026-02-09 23:39:05.109478,Toronto-15b0,18,49,Normal
2026-02-09 23:39:06.109478,Toronto-15b0,16,19,Normal
2026-02-09 23:39:07.109478,Toronto-15b0,-8,75,Normal
2026-02-09 23:39:08.109478,Toronto-15b0,-16,58,Normal
2026-02-09 23:39:09.109478,Toronto-15b0,-17,10,Normal
2026-02-09 23:39:10.109478,Toronto-15b0,23,33,Normal
2026-02-09 23:39:11.109478,Toronto-15b0,7,61,Normal
2026-02-09 23:39:12.109478,Toronto-15b0,-8,15,Normal
2026-02-09 23:39:13.109478,Toronto-15b0,-3,73,Normal
2026-02-09 23:39:14.109478,Toronto-15b0,-24,4,Normal
2026-02-09 23:39:15.109478,Toronto-15b0,25,64,Normal
2026-02-09 23:39:16.109478,Toronto-15b0,-27,23,Normal
2026-02-09 23:39:17.109478,Toronto-15b0,-28,18,Normal
2026-02-09 23:39:18.109478,Toronto-15b0,47,53,Normal
2026-02-09 23:39:19.109478,Toronto-15b0,2,15,Normal
2026-02-09 23:39:20.109478,Toronto-15b0,35,75,Normal
2026-02-09 23:39:21.109478,Toronto-15b0,-4,21,Normal
2026-02-09 23:39:22.109478,Toronto-15b0,4,89,Normal
2026-02-09 23:39:23.109478,Toronto-15b0,-3,59,Normal
2026-02-09 23:39:24.109478,Toronto-15b0,47,25,Normal
2026-02-09 23:39:25.109478,Toronto-15b0,24,58,Normal
2026-02-09 23:39:26.109478,Toronto-15b0,-18,87,Normal
2026-02-09 23:39:27.109478,Toronto-15b0,4,8,Normal
2026-02-09 23:39:28.109478,Toronto-15b0,-23,79,Normal
2026-02-09 23:39:29.109478,Toronto-15b0,25,88,Normal
2026-02-09 23:39:30.109478,Toronto-15b0,-27,97,Normal
2026-02-09 23:39:31.109478,Toronto-15b0,-19,42,Normal
2026-02-09 23:39:32.109478,Toronto-15b0,21,58,Normal
2026-02-09 23:39:33.109478,Toronto-15b0,19,8,Normal
2026-02-09 23:39:34.109478,Toronto-15b0,-21,99,Normal
2026-02-09 23:39:35.109478,Toronto-15b0,-9,64,Normal
2026-02-09 23:39:36.109478,Toronto-15b0,2,45,Normal
2026-02-09 23:39:37.109478,Toronto-15b0,-20,45,Normal
2026-02-09 23:39:38.109478,Toronto-15b0,47,88,Normal
2026-02-09 23:39:39.109478,Toronto-15b0,48,22,Normal
2026-02-09 23:39:40.109478,Toronto-15b0,41,5,Normal
2026-02-09 23:39:41.109478,Toronto-15b0,-23,11,Normal
2026-02-09 23:39:42.109478,Toronto-15b0,3,80,Normal
2026-02-09 23:39:43.109478,Toronto-15b0,36,69,Normal
2026-02-09 23:39:44.109478,Toronto-15b0,-3,60,Normal
2026-02-09 23:39:45.109478,Toronto-15b0,-8,99,Normal
2026-02-09 23:39:46.109478,Toronto-15b0,17,62,Normal
2026-02-09 23:39:47.109478,Toronto-15b0,16,33,Normal
2026-02-09 23:39:48.109478,Toronto-15b0,34,18,Normal
2026-02-09 23:39:49.109478,Toronto-15b0,-19,81,Normal
2026-02-09 23:39:50.109478,Toronto-15b0,-17,48,Normal
2026-02-09 23:39:51.109478,Toronto-15b0,-18,43,Normal
2026-02-09 23:39:52.109478,Toronto-15b0,-19,94,Normal
2026-02-09 23:39:53.109478,Toronto-15b0,-9,45,Normal
2026-02-09 23:39:54.109478,Toronto-15b0,35,52,Normal
2026-02-09 23:39:55.109478,Toronto-15b0,-13,22,Normal
2026-02-09 23:39:56.109478,Toronto-15b0,-4,57,Normal
2026-02-09 23:39:57.109478,Toronto-15b0,0,5,Normal
2026-02-09 23:39:58.109478,Toronto-15b0,-20,46,Normal
2026-02-09 23:39:59.109478,Toronto-15b0,21,81,Normal
2026-02-09 23:40:00.109478,Toronto-15b0,28,73,Normal
2026-02-09 23:40:01.109478,Toronto-15b0,33,60,Normal
2026-02-09 23:40:02.109478,Toronto-15b0,38,45,Normal
2026-02-09 23:40:03.109478,Toronto-15b0,44,55,Normal
2026-02-09 23:40:04.109478,Toronto-15b0,24,17,Normal
2026-02-09 23:40:05.109478,Toronto-15b0,-28,44,Normal
2026-02-09 23:40:06.109478,Toronto-15b0,-25,15,Normal
2026-02-09 23:40:07.109478,Toronto-15b0,-23,38,Normal
2026-02-09 23:40:08.109478,Toronto-15b0,15,81,Normal
2026-02-09 23:40:09.109478,Toronto-15b0,28,51,Normal
2026-02-09 23:40:10.109478,Toronto-15b0,-18,47,Normal
2026-02-09 23:40:11.109478,Toronto-15b0,-5,96,Normal
2026-02-09 23:40:12.109478,Toronto-15b0,-8,94,Normal
2026-02-09 23:40:13.109478,Toronto-15b0,50,43,Normal
2026-02-09 23:40:14.109478,Toronto-15b0,-5,82,Normal
2026-02-09 23:40:15.109478,Toronto-15b0,36,70,Normal
2026-02-09 23:40:16.109478,Toronto-15b0,38,16,Normal
2026-02-09 23:40:17.109478,Toronto-15b0,18,56,Normal
2026-02-09 23:40:18.109478,Toronto-15b0,-18,29,Normal
2026-02-09 23:40:19.109478,Toronto-15b0,-15,89,Normal
2026-02-09 23:40:20.109478,Toronto-15b0,46,69,Normal
2026-02-09 23:40:21.109478,Toronto-15b0,-19,27,Normal
2026-02-09 23:40:22.109478,Toronto-15b0,11,99,Normal
2026-02-09 23:40:23.109478,Toronto-15b0,47,39,Normal
2026-02-09 23:40:24.109478,Toronto-15b0,-3,55,Normal
2026-02-09 23:40:25.109478,Toronto-15b0,24,29,Normal
2026-02-09 23:40:26.109478,Toronto-15b0,20,92,Normal
2026-02-09 23:40:27.109478,Toronto-15b0,50,27,Normal
2026-02-09 23:40:28.109478,Toronto-15b0,34,97,Normal
2026-02-09 23:40:29.109478,Toronto-15b0,3,56,Normal
2026-02-09 23:40:30.109478,Toronto-15b0,19,13,Normal
2026-02-09 23:40:31.109478,Toronto-15b0,-8,22,Normal
2026-02-09 23:40:32.109478,Toronto-15b0,17,17,Normal
2026-02-09 23:40:33.109478,Toronto-15b0,12,93,Normal
2026-02-09 23:40:34.109478,Toronto-15b0,40,16,Normal
2026-02-09 23:40:35.109478,Toronto-15b0,-17,62,Normal
2026-02-09 23:40:36.109478,Toronto-15b0,-29,18,Normal
2026-02-09 23:40:37.109478,Toronto-15b0,26,27,Normal
2026-02-09 23:40:38.109478,Toronto-15b0,41,44,Normal
2026-02-09 23:40:39.109478,Toronto-15b0,-17,12,Normal
2026-02-09 23:40:40.109478,Toronto-15b0,43,60,Normal
2026-02-09 23:40:41.109478,Toronto-15b0,-3,22,Normal
2026-02-09 23:40:42.109478,Toronto-15b0,-14,69,Normal
2026-02-09 23:40:43.109478,Toronto-15b0,6,2,Normal
2026-02-09 23:40:44.109478,Toronto-15b0,1,34,Normal
2026-02-09 23:40:45.109478,Toronto-15b0,-26,72,Normal
2026-02-09 23:40:46.109478,Toronto-15b0,1,94,Normal
2026-02-09 23:40:47.109478,Toronto-15b0,48,75,Normal
2026-02-09 23:40:48.109478,Toronto-15b0,-30,100,Normal
2026-02-09 23:40:49.109478,Toronto-15b0,43,39,Normal
2026-02-09 23:40:50.109478,Toronto-15b0,-16,45,Normal
2026-02-09 23:40:51.109478,Toronto-15b0,10,41,Normal
2026-02-09 23:40:52.109478,Toronto-15b0,4,37,Normal
2026-02-09 23:40:53.109478,Toronto-15b0,37,26,Normal
2026-02-09 23:40:54.109478,Toronto-15b0,34,14,Normal
2026-02-09 23:40:55.109478,Toronto-15b0,3,17,Normal
2026-02-09 23:40:56.109478,Toronto-15b0,18,14,Normal
2026-02-09 23:40:57.109478,Toronto-15b0,30,13,Normal
2026-02-09 23:40:58.109478,Toronto-15b0,33,33,Normal
2026-02-09 23:40:59.109478,Toronto-15b0,42,32,Normal
2026-02-09 23:41:00.109478,Toronto-15b0,25,65,Normal
2026-02-09 23:41:01.109478,Toronto-15b0,-29,55,Normal
2026-02-09 23:41:02.109478,Toronto-15b0,44,73,Normal
2026-02-09 23:41:03.109478,Toronto-15b0,-20,5,Normal
2026-02-09 23:41:04.109478,Toronto-15b0,40,58,Normal
2026-02-09 23:41:05.109478,Toronto-15b0,17,88,Normal
2026-02-09 23:41:06.109478,Toronto-15b0,-23,51,Normal
2026-02-09 23:41:07.109478,Toronto-15b0,14,79,Normal
2026-02-09 23:41:08.109478,Toronto-15b0,49,31,Normal
2026-02-09 23:41:09.109478,Toronto-15b0,-11,71,Normal
2026-02-09 23:41:10.109478,Toronto-15b0,43,50,Normal
2026-02-09 23:41:11.109478,Toronto-15b0,3,48,Normal
2026-02-09 23:41:12.109478,Toronto-15b0,18,25,Normal
2026-02-09 23:41:13.109478,Toronto-15b0,46,7,Normal
2026-02-09 23:41:14.109478,Toronto-15b0,-1,65,Normal
2026-02-09 23:41:15.109478,Toronto-15b0,48,10,Normal
2026-02-09 23:41:16.109478,Toronto-15b0,46,81,Normal
2026-02-09 23:41:17.109478,Toronto-15b0,-15,77,Normal
2026-02-09 23:41:18.109478,Toronto-15b0,31,94,Normal
2026-02-09 23:41:19.109478,Toronto-15b0,43,35,Normal
2026-02-09 23:41:20.109478,Toronto-15b0,-14,24,Normal
2026-02-09 23:41:21.109478,Toronto-15b0,16,71,Normal
2026-02-09 23:41:22.109478,Toronto-15b0,42,78,Normal
2026-02-09 23:41:23.109478,Toronto-15b0,42,26,Normal
2026-02-09 23:41:24.109478,Toronto-15b0,-11,69,Normal
2026-02-09 23:41:25.109478,Toronto-15b0,-9,65,Normal
2026-02-09 23:41:26.109478,Toronto-15b0,39,94,Normal
2026-02-09 23:41:27.109478,Toronto-15b0,35,44,Normal
2026-02-09 23:41:28.109478,Toronto-15b0,-28,5,Normal
2026-02-09 23:41:29.109478,Toronto-15b0,7,69,Normal
2026-02-09 23:41:30.109478,Toronto-15b0,-9,32,Normal
2026-02-09 23:41:31.109478,Toronto-15b0,-18,68,Normal
2026-02-09 23:41:32.109478,Toronto-15b0,-23,14,Normal
2026-02-09 23:41:33.109478,Toronto-15b0,21,70,Normal
2026-02-09 23:41:34.109478,Toronto-15b0,-8,45,Normal
2026-02-09 23:41:35.109478,Toronto-15b0,-3,98,Normal
2026-02-09 23:41:36.109478,Toronto-15b0,46,23,Normal
2026-02-09 23:41:37.109478,Toronto-15b0,26,46,Normal
2026-02-09 23:41:38.109478,Toronto-15b0,30,75,Normal
2026-02-09 23:41:39.109478,Toronto-15b0,-4,39,Normal
2026-02-09 23:41:40.109478,Toronto-15b0,38,88,Normal
2026-02-09 23:41:41.109478,Toronto-15b0,-25,41,Normal
2026-02-09 23:41:42.109478,Toronto-15b0,24,5,Normal
2026-02-09 23:41:43.109478,Toronto-15b0,42,30,Normal
2026-02-09 23:41:44.109478,Toronto-15b0,7,82,Normal
2026-02-09 23:41:45.109478,Toronto-15b0,11,21,Normal
2026-02-09 23:41:46.109478,Toronto-15b0,47,64,Normal
2026-02-09 23:41:47.109478,Toronto-15b0,48,63,Normal
2026-02-09 23:41:48.109478,Toronto-15b0,-22,25,Normal
2026-02-09 23:41:49.109478,Toronto-15b0,-22,70,Normal
2026-02-09 23:41:50.109478,Toronto-15b0,43,24,Normal
2026-02-09 23:41:51.109478,Toronto-15b0,30,29,Normal
2026-02-09 23:41:52.109478,Toronto-15b0,11,31,Normal
2026-02-09 23:41:53.109478,Toronto-15b0,20,90,Normal
2026-02-09 23:41:54.109478,Toronto-15b0,14,9,Normal
2026-02-09 23:41:55.109478,Toronto-15b0,36,45,Normal
2026-02-09 23:41:56.109478,Toronto-15b0,19,63,Normal
2026-02-09 23:41:57.109478,Toronto-15b0,22,43,Normal
2026-02-09 23:41:58.109478,Toronto-15b0,-25,73,Normal
2026-02-09 23:41:59.109478,Toronto-15b0,-10,51,Normal
2026-02-09 23:42:00.109478,Toronto-15b0,45,64,Normal
2026-02-09 23:42:01.109478,Toronto-15b0,46,84,Normal
2026-02-09 23:42:02.109478,Toronto-15b0,-30,70,Normal
2026-02-09 23:42:03.109478,Toronto-15b0,-12,25,Normal
2026-02-09 23:42:04.109478,Toronto-15b0,39,52,Normal
2026-02-09 23:42:05.109478,Toronto-15b0,-4,23,Normal
2026-02-09 23:42:06.109478,Toronto-15b0,-21,44,Normal
2026-02-09 23:42:07.109478,Toronto-15b0,2,53,Normal
2026-02-09 23:42:08.109478,Toronto-15b0,4,3,Normal
2026-02-09 23:42:09.109478,Toronto-15b0,-11,14,Normal
2026-02-09 23:42:10.109478,Toronto-15b0,30,81,Normal
2026-02-09 23:42:11.109478,Toronto-15b0,22,44,Normal
2026-02-09 23:42:12.109478,Toronto-15b0,2,83,Normal
2026-02-09 23:42:13.109478,Toronto-15b0,15,84,Normal
2026-02-09 23:42:14.109478,Toronto-15b0,30,44,Normal
2026-02-09 23:42:15.109478,Toronto-15b0,4,96,Normal
2026-02-09 23:42:16.109478,Toronto-15b0,-9,34,Normal
2026-02-09 23:42:17.109478,Toronto-15b0,-25,22,Normal
2026-02-09 23:42:18.109478,Toronto-15b0,2,2,Normal
2026-02-09 23:42:19.109478,Toronto-15b0,-24,53,Normal
2026-02-09 23:42:20.109478,Toronto-15b0,-7,20,Normal
2026-02-09 23:42:21.109478,Toronto-15b0,47,8,Normal
2026-02-09 23:42:22.109478,Toronto-15b0,-2,34,Normal
2026-02-09 23:42:23.109478,Toronto-15b0,24,93,Normal
2026-02-09 23:42:24.109478,Toronto-15b0,-15,8,Normal
2026-02-09 23:42:25.109478,Toronto-15b0,43,15,Normal
2026-02-09 23:42:26.109478,Toronto-15b0,2,85,Normal
2026-02-09 23:42:27.109478,Toronto-15b0,-15,84,Normal
2026-02-09 23:42:28.109478,Toronto-15b0,19,76,Normal
2026-02-09 23:42:29.109478,Toronto-15b0,6,50,Normal
2026-02-09 23:42:30.109478,Toronto-15b0,44,24,Normal
2026-02-09 23:42:31.109478,Toronto-15b0,35,26,Normal
2026-02-09 23:42:32.109478,Toronto-15b0,18,64,Normal
2026-02-09 23:42:33.109478,Toronto-15b0,-30,17,Normal
2026-02-09 23:42:34.109478,Toronto-15b0,-6,14,Normal
2026-02-09 23:42:35.109478,Toronto-15b0,-10,11,Normal
2026-02-09 23:42:36.109478,Toronto-15b0,0,87,Normal
2026-02-09 23:42:37.109478,Toronto-15b0,39,26,Normal
2026-02-09 23:42:38.109478,Toronto-15b0,-14,20,Normal
2026-02-09 23:42:39.109478,Toronto-15b0,0,13,Normal
2026-02-09 23:42:40.109478,Toronto-15b0,37,94,Normal
2026-02-09 23:42:41.109478,Toronto-15b0,14,22,Normal
2026-02-09 23:42:42.109478,Toronto-15b0,-4,46,Normal
2026-02-09 23:42:43.109478,Toronto-15b0,40,14,Normal
2026-02-09 23:42:44.109478,Toronto-15b0,-22,38,Normal
2026-02-09 23:42:45.109478,Toronto-15b0,12,45,Normal
2026-02-09 23:42:46.109478,Toronto-15b0,46,11,Normal
2026-02-09 23:42:47.109478,Toronto-15b0,3,63,Normal
2026-02-09 23:42:48.109478,Toronto-15b0,-5,46,Normal
2026-02-09 23:42:49.109478,Toronto-15b0,6,42,Normal
2026-02-09 23:42:50.109478,Toronto-15b0,45,17,Normal
2026-02-09 23:42:51.109478,Toronto-15b0,-12,42,Normal
2026-02-09 23:42:52.109478,Toronto-15b0,12,22,Normal
2026-02-09 23:42:53.109478,Toronto-15b0,50,44,Normal
2026-02-09 23:42:54.109478,Toronto-15b0,36,49,Normal
2026-02-09 23:42:55.109478,Toronto-15b0,31,59,Normal
2026-02-09 23:42:56.109478,Toronto-15b0,24,75,Normal
2026-02-09 23:42:57.109478,Toronto-15b0,32,70,Normal
2026-02-09 23:42:58.109478,Toronto-15b0,-11,76,Normal
2026-02-09 23:42:59.109478,Toronto-15b0,-14,72,Normal
2026-02-09 23:43:00.109478,Toronto-15b0,40,10,Normal
2026-02-09 23:43:01.109478,Toronto-15b0,21,0,Normal
2026-02-09 23:43:02.109478,Toronto-15b0,38,75,Normal
2026-02-09 23:43:03.109478,Toronto-15b0,42,35,Normal
2026-02-09 23:43:04.109478,Toronto-15b0,-4,12,Normal
2026-02-09 23:43:05.109478,Toronto-15b0,-15,39,Normal
2026-02-09 23:43:06.109478,Toronto-15b0,5,57,Normal
2026-02-09 23:43:07.109478,Toronto-15b0,46,73,Normal
2026-02-09 23:43:08.109478,Toronto-15b0,-11,46,Normal
2026-02-09 23:43:09.109478,Toronto-15b0,23,13,Normal
2026-02-09 23:43:10.109478,Toronto-15b0,45,27,Normal
2026-02-09 23:43:11.109478,Toronto-15b0,39,87,Normal
2026-02-09 23:43:12.109478,Toronto-15b0,26,72,Normal
2026-02-09 23:43:13.109478,Toronto-15b0,27,5,Normal
2026-02-09 23:43:14.109478,Toronto-15b0,-11,6,Normal
2026-02-09 23:43:15.109478,Toronto-15b0,-17,19,Normal
2026-02-09 23:43:16.109478,Toronto-15b0,9,5,Normal
2026-02-09 23:43:17.109478,Toronto-15b0,18,59,Normal
2026-02-09 23:43:18.109478,Toronto-15b0,4,73,Normal
2026-02-09 23:43:19.109478,Toronto-15b0,-11,71,Normal
2026-02-09 23:43:20.109478,Toronto-15b0,-17,0,Normal
2026-02-09 23:43:21.109478,Toronto-15b0,-27,0,Normal
2026-02-09 23:43:22.109478,Toronto-15b0,9,97,Normal
2026-02-09 23:43:23.109478,Toronto-15b0,36,50,Normal
2026-02-09 23:43:24.109478,Toronto-15b0,22,77,Normal
2026-02-09 23:43:25.109478,Toronto-15b0,-21,52,Normal
2026-02-09 23:43:26.109478,Toronto-15b0,-26,60,Normal
2026-02-09 23:43:27.109478,Toronto-15b0,24,22,Normal
2026-02-09 23:43:28.109478,Toronto-15b0,-19,84,Normal
2026-02-09 23:43:29.109478,Toronto-15b0,6,71,Normal
2026-02-09 23:43:30.109478,Toronto-15b0,30,47,Normal
2026-02-09 23:43:31.109478,Toronto-15b0,25,90,Normal
2026-02-09 23:43:32.109478,Toronto-15b0,26,79,Normal
2026-02-09 23:43:33.109478,Toronto-15b0,46,72,Normal
2026-02-09 23:43:34.109478,Toronto-15b0,8,52,Normal
2026-02-09 23:43:35.109478,Toronto-15b0,15,36,Normal
2026-02-09 23:43:36.109478,Toronto-15b0,38,71,Normal
2026-02-09 23:43:37.109478,Toronto-15b0,11,21,Normal
2026-02-09 23:43:38.109478,Toronto-15b0,-28,52,Normal
2026-02-09 23:43:39.109478,Toronto-15b0,45,37,Normal
2026-02-09 23:43:40.109478,Toronto-15b0,31,22,Normal
2026-02-09 23:43:41.109478,Toronto-15b0,-26,75,Normal
2026-02-09 23:43:42.109478,Toronto-15b0,-8,18,Normal
2026-02-09 23:43:43.109478,Toronto-15b0,12,97,Normal
2026-02-09 23:43:44.109478,Toronto-15b0,-26,63,Normal
2026-02-09 23:43:45.109478,Toronto-15b0,-13,67,Normal
2026-02-09 23:43:46.109478,Toronto-15b0,-7,14,Normal
2026-02-09 23:43:47.109478,Toronto-15b0,3,69,Normal
2026-02-09 23:43:48.109478,Toronto-15b0,31,40,Normal
2026-02-09 23:43:49.109478,Toronto-15b0,3,64,Normal
2026-02-09 23:43:50.109478,Toronto-15b0,-7,76,Normal
2026-02-09 23:43:51.109478,Toronto-15b0,-27,19,Normal
2026-02-09 23:43:52.109478,Toronto-15b0,-6,68,Normal
2026-02-09 23:43:53.109478,Toronto-15b0,7,32,Normal
2026-02-09 23:43:54.109478,Toronto-15b0,-24,28,Normal
2026-02-09 23:43:55.109478,Toronto-15b0,-28,73,Normal
2026-02-09 23:43:56.109478,Toronto-15b0,7,78,Normal
2026-02-09 23:43:57.109478,Toronto-15b0,6,45,Normal
2026-02-09 23:43:58.109478,Toronto-15b0,11,3,Normal
2026-02-09 23:43:59.109478,Toronto-15b0,-8,31,Normal
2026-02-09 23:44:00.109478,Toronto-15b0,45,88,Normal
2026-02-09 23:44:01.109478,Toronto-15b0,35,35,Normal
2026-02-09 23:44:02.109478,Toronto-15b0,4,35,Normal
2026-02-09 23:44:03.109478,Toronto-15b0,-13,9,Normal
2026-02-09 23:44:04.109478,Toronto-15b0,13,10,Normal
2026-02-09 23:44:05.109478,Toronto-15b0,16,12,Normal
2026-02-09 23:44:06.109478,Toronto-15b0,-13,34,Normal
2026-02-09 23:44:07.109478,Toronto-15b0,42,51,Normal
2026-02-09 23:44:08.109478,Toronto-15b0,29,55,Normal
2026-02-09 23:44:09.109478,Toronto-15b0,-21,24,Normal
2026-02-09 23:44:10.109478,Toronto-15b0,-14,96,Normal
2026-02-09 23:44:11.109478,Toronto-15b0,-13,44,Normal
2026-02-09 23:44:12.109478,Toronto-15b0,23,27,Normal
2026-02-09 23:44:13.109478,Toronto-15b0,5,18,Normal
2026-02-09 23:44:14.109478,Toronto-15b0,-20,44,Normal
2026-02-09 23:44:15.109478,Toronto-15b0,-23,16,Normal
2026-02-09 23:44:16.109478,Toronto-15b0,47,85,Normal
2026-02-09 23:44:17.109478,Toronto-15b0,8,85,Normal
2026-02-09 23:44:18.109478,Toronto-15b0,-1,41,Normal
2026-02-09 23:44:19.109478,Toronto-15b0,26,38,Normal
2026-02-09 23:44:20.109478,Toronto-15b0,-3,91,Normal
2026-02-09 23:44:21.109478,Toronto-15b0,34,16,Normal
2026-02-09 23:44:22.109478,Toronto-15b0,-5,60,Normal
2026-02-09 23:44:23.109478,Toronto-15b0,44,41,Normal
2026-02-09 23:44:24.109478,Toronto-15b0,17,37,Normal
2026-02-09 23:44:25.109478,Toronto-15b0,49,74,Normal
2026-02-09 23:44:26.109478,Toronto-15b0,3,63,Normal
2026-02-09 23:44:27.109478,Toronto-15b0,-17,67,Normal
2026-02-09 23:44:28.109478,Toronto-15b0,13,80,Normal
2026-02-09 23:44:29.109478,Toronto-15b0,-14,72,Normal
2026-02-09 23:44:30.109478,Toronto-15b0,-12,37,Normal
2026-02-09 23:44:31.109478,Toronto-15b0,50,22,Normal
2026-02-09 23:44:32.109478,Toronto-15b0,22,15,Normal
2026-02-09 23:44:33.109478,Toronto-15b0,22,98,Normal
2026-02-09 23:44:34.109478,Toronto-15b0,29,53,Normal
2026-02-09 23:44:35.109478,Toronto-15b0,30,11,Normal
2026-02-09 23:44:36.109478,Toronto-15b0,4,44,Normal
2026-02-09 23:44:37.109478,Toronto-15b0,12,86,Normal
2026-02-09 23:44:38.109478,Toronto-15b0,42,40,Normal
2026-02-09 23:44:39.109478,Toronto-15b0,28,42,Normal
2026-02-09 23:44:40.109478,Toronto-15b0,-7,67,Normal
2026-02-09 23:44:41.109478,Toronto-15b0,0,68,Normal
2026-02-09 23:44:42.109478,Toronto-15b0,13,8,Normal
2026-02-09 23:44:43.109478,Toronto-15b0,16,25,Normal
2026-02-09 23:44:44.109478,Toronto-15b0,24,25,Normal
2026-02-09 23:44:45.109478,Toronto-15b0,25,96,Normal
2026-02-09 23:44:46.109478,Toronto-15b0,41,34,Normal
2026-02-09 23:44:47.109478,Toronto-15b0,-2,59,Normal
2026-02-09 23:44:48.109478,Toronto-15b0,5,61,Normal
2026-02-09 23:44:49.109478,Toronto-15b0,34,63,Normal
2026-02-09 23:44:50.109478,Toronto-15b0,39,17,Normal
2026-02-09 23:44:51.109478,Toronto-15b0,43,18,Normal
2026-02-09 23:44:52.109478,Toronto-15b0,-23,77,Normal
2026-02-09 23:44:53.109478,Toronto-15b0,-22,50,Normal
2026-02-09 23:44:54.109478,Toronto-15b0,27,15,Normal
2026-02-09 23:44:55.109478,Toronto-15b0,-2,83,Normal
2026-02-09 23:44:56.109478,Toronto-15b0,-2,67,Normal
2026-02-09 23:44:57.109478,Toronto-15b0,47,32,Normal
2026-02-09 23:44:58.109478,Toronto-15b0,-17,67,Normal
2026-02-09 23:44:59.109478,Toronto-15b0,23,62,Normal
2026-02-09 23:45:00.109478,Toronto-15b0,46,18,Normal
2026-02-09 23:45:01.109478,Toronto-15b0,45,32,Normal
2026-02-09 23:45:02.109478,Toronto-15b0,38,86,Normal
2026-02-09 23:45:03.109478,Toronto-15b0,37,22,Normal
2026-02-09 23:45:04.109478,Toronto-15b0,-11,34,Normal
2026-02-09 23:45:05.109478,Toronto-15b0,48,96,Normal
2026-02-09 23:45:06.109478,Toronto-15b0,15,32,Normal
2026-02-09 23:45:07.109478,Toronto-15b0,27,85,Normal
2026-02-09 23:45:08.109478,Toronto-15b0,-10,70,Normal
2026-02-09 23:45:09.109478,Toronto-15b0,-14,23,Normal
2026-02-09 23:45:10.109478,Toronto-15b0,-30,16,Normal
2026-02-09 23:45:11.109478,Toronto-15b0,15,26,Normal
2026-02-09 23:45:12.109478,Toronto-15b0,49,91,Normal
2026-02-09 23:45:13.109478,Toronto-15b0,35,76,Normal
2026-02-09 23:45:14.109478,Toronto-15b0,28,98,Normal
2026-02-09 23:45:15.109478,Toronto-15b0,-23,85,Normal
2026-02-09 23:45:16.109478,Toronto-15b0,-9,50,Normal
2026-02-09 23:45:17.109478,Toronto-15b0,-17,98,Normal
2026-02-09 23:45:18.109478,Toronto-15b0,33,62,Normal
2026-02-09 23:45:19.109478,Toronto-15b0,-29,16,Normal
2026-02-09 23:45:20.109478,Toronto-15b0,-19,42,Normal
2026-02-09 23:45:21.109478,Toronto-15b0,-8,68,Normal
2026-02-09 23:45:22.109478,Toronto-15b0,13,3,Normal
2026-02-09 23:45:23.109478,Toronto-15b0,31,33,Normal
2026-02-09 23:45:24.109478,Toronto-15b0,49,70,Normal
2026-02-09 23:45:25.109478,Toronto-15b0,22,24,Normal
2026-02-09 23:45:26.109478,Toronto-15b0,14,26,Normal
2026-02-09 23:45:27.109478,Toronto-15b0,-2,94,Normal
2026-02-09 23:45:28.109478,Toronto-15b0,-1,36,Normal
2026-02-09 23:45:29.109478,Toronto-15b0,19,32,Normal
2026-02-09 23:45:30.109478,Toronto-15b0,-1,84,Normal
2026-02-09 23:45:31.109478,Toronto-15b0,6,46,Normal
2026-02-09 23:45:32.109478,Toronto-15b0,22,32,Normal
2026-02-09 23:45:33.109478,Toronto-15b0,40,34,Normal
2026-02-09 23:45:34.109478,Toronto-15b0,-8,85,Normal
2026-02-09 23:45:35.109478,Toronto-15b0,14,35,Normal
2026-02-09 23:45:36.109478,Toronto-15b0,10,85,Normal
2026-02-09 23:45:37.109478,Toronto-15b0,30,1,Normal
2026-02-09 23:45:38.109478,Toronto-15b0,4,76,Normal
2026-02-09 23:45:39.109478,Toronto-15b0,-14,45,Normal
