timestamp,station_id,temp,humid,condition
2026-04-29 20:49:55.803093,Berlin-da3f,44,1,Normal
2026-04-29 20:49:56.803093,Berlin-da3f,-18,87,Normal
2026-04-29 20:49:57.803093,Berlin-da3f,-20,39,Normal
2026-04-29 20:49:58.803093,Berlin-da3f,18,100,Normal
2026-04-29 20:49:59.803093,Berlin-da3f,23,13,Normal
2026-04-29 20:50:00.803093,Berlin-da3f,18,43,Normal
2026-04-29 20:50:01.803093,Berlin-da3f,-7,36,Normal
2026-04-29 20:50:02.803093,Berlin-da3f,4,89,Normal
2026-04-29 20:50:03.803093,Berlin-da3f,-5,11,Normal
2026-04-29 20:50:04.803093,Berlin-da3f,1,91,Normal
2026-04-29 20:50:05.803093,Berlin-da3f,17,68,Normal
2026-04-29 20:50:06.803093,Berlin-da3f,-28,44,Normal
2026-04-29 20:50:07.803093,Berlin-da3f,0,73,Normal
2026-04-29 20:50:08.803093,Berlin-da3f,-6,13,Normal
2026-04-29 20:50:09.803093,Berlin-da3f,41,16,Normal
2026-04-29 20:50:10.803093,Berlin-da3f,26,46,Normal
2026-04-29 20:50:11.803093,Berlin-da3f,39,0,Normal
2026-04-29 20:50:12.803093,Berlin-da3f,-18,4,Normal
2026-04-29 20:50:13.803093,Berlin-da3f,9,29,Normal
2026-04-29 20:50:14.803093,Berlin-da3f,13,36,Normal
2026-04-29 20:50:15.803093,Berlin-da3f,5,35,Normal
2026-04-29 20:50:16.803093,Berlin-da3f,-2,59,Normal
2026-04-29 20:50:17.803093,Berlin-da3f,-8,92,Normal
2026-04-29 20:50:18.803093,Berlin-da3f,35,33,Normal
2026-04-29 20:50:19.803093,Berlin-da3f,20,0,Normal
2026-04-29 20:50:20.803093,Berlin-da3f,37,84,Normal
2026-04-29 20:50:21.803093,Berlin-da3f,-14,28,Normal
2026-04-29 20:50:22.803093,Berlin-da3f,-9,55,Normal
2026-04-29 20:50:23.803093,Berlin-da3f,15,9,Normal
2026-04-29 20:50:24.803093,Berlin-da3f,32,68,Normal
2026-04-29 20:50:25.803093,Berlin-da3f,22,92,Normal
2026-04-29 20:50:26.803093,Berlin-da3f,22,9,Normal
2026-04-29 20:50:27.803093,Berlin-da3f,-18,92,Normal
2026-04-29 20:50:28.803093,Berlin-da3f,-30,51,Normal
2026-04-29 20:50:29.803093,Berlin-da3f,5,44,Normal
2026-04-29 20:50:30.803093,Berlin-da3f,4,60,Normal
2026-04-29 20:50:31.803093,Berlin-da3f,42,56,Normal
2026-04-29 20:50:32.803093,Berlin-da3f,45,19,Normal
2026-04-29 20:50:33.803093,Berlin-da3f,35,9,Normal
2026-04-29 20:50:34.803093,Berlin-da3f,25,7,Normal
2026-04-29 20:50:35.803093,Berlin-da3f,1,40,Normal
2026-04-29 20:50:36.803093,Berlin-da3f,21,65,Normal
2026-04-29 20:50:37.803093,Berlin-da3f,40,25,Normal
2026-04-29 20:50:38.803093,Berlin-da3f,44,89,Normal
2026-04-29 20:50:39.803093,Berlin-da3f,-13,13,Normal
2026-04-29 20:50:40.803093,Berlin-da3f,4,6,Normal
2026-04-29 20:50:41.803093,Berlin-da3f,44,20,Normal
2026-04-29 20:50:42.803093,Berlin-da3f,30,40,Normal
2026-04-29 20:50:43.803093,Berlin-da3f,21,67,Normal
2026-04-29 20:50:44.803093,Berlin-da3f,33,18,Normal
2026-04-29 20:50:45.803093,Berlin-da3f,8,73,Normal
2026-04-29 20:50:46.803093,Berlin-da3f,25,15,Normal
2026-04-29 20:50:47.803093,Berlin-da3f,-22,73,Normal
2026-04-29 20:50:48.803093,Berlin-da3f,2,40,Normal
2026-04-29 20:50:49.803093,Berlin-da3f,21,47,Normal
2026-04-29 20:50:50.803093,Berlin-da3f,34,99,Normal
2026-04-29 20:50:51.803093,Berlin-da3f,-19,39,Normal
2026-04-29 20:50:52.803093,Berlin-da3f,37,23,Normal
2026-04-29 20:50:53.803093,Berlin-da3f,38,75,Normal
2026-04-29 20:50:54.803093,Berlin-da3f,1,2,Normal
2026-04-29 20:50:55.803093,Berlin-da3f,-13,71,Normal
2026-04-29 20:50:56.803093,Berlin-da3f,18,66,Normal
2026-04-29 20:50:57.803093,Berlin-da3f,42,91,Normal
2026-04-29 20:50:58.803093,Berlin-da3f,-19,42,Normal
2026-04-29 20:50:59.803093,Berlin-da3f,14,90,Normal
2026-04-29 20:51:00.803093,Berlin-da3f,-17,92,Normal
2026-04-29 20:51:01.803093,Berlin-da3f,2,9,Normal
2026-04-29 20:51:02.803093,Berlin-da3f,-22,74,Normal
2026-04-29 20:51:03.803093,Berlin-da3f,50,81,Normal
2026-04-29 20:51:04.803093,Berlin-da3f,1,87,Normal
2026-04-29 20:51:05.803093,Berlin-da3f,4,79,Normal
2026-04-29 20:51:06.803093,Berlin-da3f,34,61,Normal
2026-04-29 20:51:07.803093,Berlin-da3f,38,42,Normal
2026-04-29 20:51:08.803093,Berlin-da3f,38,30,Normal
2026-04-29 20:51:09.803093,Berlin-da3f,34,50,Normal
2026-04-29 20:51:10.803093,Berlin-da3f,16,75,Normal
2026-04-29 20:51:11.803093,Berlin-da3f,-6,3,Normal
2026-04-29 20:51:12.803093,Berlin-da3f,31,55,Normal
2026-04-29 20:51:13.803093,Berlin-da3f,35,49,Normal
2026-04-29 20:51:14.803093,Berlin-da3f,43,47,Normal
2026-04-29 20:51:15.803093,Berlin-da3f,15,4,Normal
2026-04-29 20:51:16.803093,Berlin-da3f,-13,57,Normal
2026-04-29 20:51:17.803093,Berlin-da3f,7,82,Normal
2026-04-29 20:51:18.803093,Berlin-da3f,49,21,Normal
2026-04-29 20:51:19.803093,Berlin-da3f,-3,56,Normal
2026-04-29 20:51:20.803093,Berlin-da3f,36,56,Normal
2026-04-29 20:51:21.803093,Berlin-da3f,-2,32,Normal
2026-04-29 20:51:22.803093,Berlin-da3f,50,68,Normal
2026-04-29 20:51:23.803093,Berlin-da3f,-10,6,Normal
2026-04-29 20:51:24.803093,Berlin-da3f,2,76,Normal
2026-04-29 20:51:25.803093,Berlin-da3f,20,64,Normal
2026-04-29 20:51:26.803093,Berlin-da3f,50,47,Normal
2026-04-29 20:51:27.803093,Berlin-da3f,14,93,Normal
2026-04-29 20:51:28.803093,Berlin-da3f,18,94,Normal
2026-04-29 20:51:29.803093,Berlin-da3f,48,41,Normal
2026-04-29 20:51:30.803093,Berlin-da3f,46,58,Normal
2026-04-29 20:51:31.803093,Berlin-da3f,25,69,Normal
2026-04-29 20:51:32.803093,Berlin-da3f,15,27,Normal
2026-04-29 20:51:33.803093,Berlin-da3f,2,28,Normal
2026-04-29 20:51:34.803093,Berlin-da3f,-9,9,Normal
2026-04-29 20:51:35.803093,Berlin-da3f,-3,77,Normal
2026-04-29 20:51:36.803093,Berlin-da3f,-15,30,Normal
2026-04-29 20:51:37.803093,Berlin-da3f,11,57,Normal
2026-04-29 20:51:38.803093,Berlin-da3f,6,51,Normal
2026-04-29 20:51:39.803093,Berlin-da3f,-23,29,Normal
2026-04-29 20:51:40.803093,Berlin-da3f,-29,7,Normal
2026-04-29 20:51:41.803093,Berlin-da3f,29,49,Normal
2026-04-29 20:51:42.803093,Berlin-da3f,1,68,Normal
2026-04-29 20:51:43.803093,Berlin-da3f,6,84,Normal
2026-04-29 20:51:44.803093,Berlin-da3f,-23,4,Normal
2026-04-29 20:51:45.803093,Berlin-da3f,13,43,Normal
2026-04-29 20:51:46.803093,Berlin-da3f,50,13,Normal
2026-04-29 20:51:47.803093,Berlin-da3f,0,41,Normal
2026-04-29 20:51:48.803093,Berlin-da3f,4,64,Normal
2026-04-29 20:51:49.803093,Berlin-da3f,-15,53,Normal
2026-04-29 20:51:50.803093,Berlin-da3f,38,14,Normal
2026-04-29 20:51:51.803093,Berlin-da3f,-28,59,Normal
2026-04-29 20:51:52.803093,Berlin-da3f,4,30,Normal
2026-04-29 20:51:53.803093,Berlin-da3f,22,49,Normal
2026-04-29 20:51:54.803093,Berlin-da3f,34,37,Normal
2026-04-29 20:51:55.803093,Berlin-da3f,34,100,Normal
2026-04-29 20:51:56.803093,Berlin-da3f,27,67,Normal
2026-04-29 20:51:57.803093,Berlin-da3f,11,99,Normal
2026-04-29 20:51:58.803093,Berlin-da3f,37,55,Normal
2026-04-29 20:51:59.803093,Berlin-da3f,31,75,Normal
2026-04-29 20:52:00.803093,Berlin-da3f,36,22,Normal
2026-04-29 20:52:01.803093,Berlin-da3f,-26,53,Normal
2026-04-29 20:52:02.803093,Berlin-da3f,37,57,Normal
2026-04-29 20:52:03.803093,Berlin-da3f,16,33,Normal
2026-04-29 20:52:04.803093,Berlin-da3f,7,14,Normal
2026-04-29 20:52:05.803093,Berlin-da3f,-13,49,Normal
2026-04-29 20:52:06.803093,Berlin-da3f,30,43,Normal
2026-04-29 20:52:07.803093,Berlin-da3f,-15,88,Normal
2026-04-29 20:52:08.803093,Berlin-da3f,45,87,Normal
2026-04-29 20:52:09.803093,Berlin-da3f,-15,51,Normal
2026-04-29 20:52:10.803093,Berlin-da3f,38,62,Normal
2026-04-29 20:52:11.803093,Berlin-da3f,22,82,Normal
2026-04-29 20:52:12.803093,Berlin-da3f,-24,17,Normal
2026-04-29 20:52:13.803093,Berlin-da3f,-19,15,Normal
2026-04-29 20:52:14.803093,Berlin-da3f,14,60,Normal
2026-04-29 20:52:15.803093,Berlin-da3f,-10,1,Normal
2026-04-29 20:52:16.803093,Berlin-da3f,39,99,Normal
2026-04-29 20:52:17.803093,Berlin-da3f,49,28,Normal
2026-04-29 20:52:18.803093,Berlin-da3f,1,46,Normal
2026-04-29 20:52:19.803093,Berlin-da3f,36,47,Normal
2026-04-29 20:52:20.803093,Berlin-da3f,27,71,Normal
2026-04-29 20:52:21.803093,Berlin-da3f,5,44,Normal
2026-04-29 20:52:22.803093,Berlin-da3f,26,56,Normal
2026-04-29 20:52:23.803093,Berlin-da3f,46,87,Normal
2026-04-29 20:52:24.803093,Berlin-da3f,-14,70,Normal
2026-04-29 20:52:25.803093,Berlin-da3f,29,73,Normal
2026-04-29 20:52:26.803093,Berlin-da3f,-14,31,Normal
2026-04-29 20:52:27.803093,Berlin-da3f,-25,89,Normal
2026-04-29 20:52:28.803093,Berlin-da3f,-24,27,Normal
2026-04-29 20:52:29.803093,Berlin-da3f,8,64,Normal
2026-04-29 20:52:30.803093,Berlin-da3f,42,79,Normal
2026-04-29 20:52:31.803093,Berlin-da3f,33,44,Normal
2026-04-29 20:52:32.803093,Berlin-da3f,-26,0,Normal
2026-04-29 20:52:33.803093,Berlin-da3f,-23,48,Normal
2026-04-29 20:52:34.803093,Berlin-da3f,44,98,Normal
2026-04-29 20:52:35.803093,Berlin-da3f,33,69,Normal
2026-04-29 20:52:36.803093,Berlin-da3f,50,36,Normal
2026-04-29 20:52:37.803093,Berlin-da3f,27,81,Normal
2026-04-29 20:52:38.803093,Berlin-da3f,-14,49,Normal
2026-04-29 20:52:39.803093,Berlin-da3f,37,94,Normal
2026-04-29 20:52:40.803093,Berlin-da3f,9,30,Normal
2026-04-29 20:52:41.803093,Berlin-da3f,14,67,Normal
2026-04-29 20:52:42.803093,Berlin-da3f,37,39,Normal
2026-04-29 20:52:43.803093,Berlin-da3f,5,45,Normal
2026-04-29 20:52:44.803093,Berlin-da3f,35,34,Normal
2026-04-29 20:52:45.803093,Berlin-da3f,25,56,Normal
2026-04-29 20:52:46.803093,Berlin-da3f,13,67,Normal
2026-04-29 20:52:47.803093,Berlin-da3f,0,70,Normal
2026-04-29 20:52:48.803093,Berlin-da3f,20,80,Normal
2026-04-29 20:52:49.803093,Berlin-da3f,-6,25,Normal
2026-04-29 20:52:50.803093,Berlin-da3f,47,18,Normal
2026-04-29 20:52:51.803093,Berlin-da3f,31,37,Normal
2026-04-29 20:52:52.803093,Berlin-da3f,-22,33,Normal
2026-04-29 20:52:53.803093,Berlin-da3f,-30,94,Normal
2026-04-29 20:52:54.803093,Berlin-da3f,-14,88,Normal
2026-04-29 20:52:55.803093,Berlin-da3f,-30,48,Normal
2026-04-29 20:52:56.803093,Berlin-da3f,25,63,Normal
2026-04-29 20:52:57.803093,Berlin-da3f,26,15,Normal
2026-04-29 20:52:58.803093,Berlin-da3f,27,86,Normal
2026-04-29 20:52:59.803093,Berlin-da3f,-12,35,Normal
2026-04-29 20:53:00.803093,Berlin-da3f,48,44,Normal
2026-04-29 20:53:01.803093,Berlin-da3f,28,60,Normal
2026-04-29 20:53:02.803093,Berlin-da3f,-16,93,Normal
2026-04-29 20:53:03.803093,Berlin-da3f,6,32,Normal
2026-04-29 20:53:04.803093,Berlin-da3f,0,38,Normal
2026-04-29 20:53:05.803093,Berlin-da3f,-2,78,Normal
2026-04-29 20:53:06.803093,Berlin-da3f,-9,92,Normal
2026-04-29 20:53:07.803093,Berlin-da3f,-19,22,Normal
2026-04-29 20:53:08.803093,Berlin-da3f,45,77,Normal
2026-04-29 20:53:09.803093,Berlin-da3f,-13,47,Normal
2026-04-29 20:53:10.803093,Berlin-da3f,31,95,Normal
2026-04-29 20:53:11.803093,Berlin-da3f,-8,21,Normal
2026-04-29 20:53:12.803093,Berlin-da3f,-9,17,Normal
2026-04-29 20:53:13.803093,Berlin-da3f,-25,38,Normal
2026-04-29 20:53:14.803093,Berlin-da3f,-17,20,Normal
2026-04-29 20:53:15.803093,Berlin-da3f,31,6,Normal
2026-04-29 20:53:16.803093,Berlin-da3f,12,35,Normal
2026-04-29 20:53:17.803093,Berlin-da3f,-25,16,Normal
2026-04-29 20:53:18.803093,Berlin-da3f,48,96,Normal
2026-04-29 20:53:19.803093,Berlin-da3f,-23,25,Normal
2026-04-29 20:53:20.803093,Berlin-da3f,-15,30,Normal
2026-04-29 20:53:21.803093,Berlin-da3f,-30,54,Normal
2026-04-29 20:53:22.803093,Berlin-da3f,-16,49,Normal
2026-04-29 20:53:23.803093,Berlin-da3f,9,97,Normal
2026-04-29 20:53:24.803093,Berlin-da3f,39,35,Normal
2026-04-29 20:53:25.803093,Berlin-da3f,-2,28,Normal
2026-04-29 20:53:26.803093,Berlin-da3f,2,57,Normal
2026-04-29 20:53:27.803093,Berlin-da3f,24,66,Normal
2026-04-29 20:53:28.803093,Berlin-da3f,39,97,Normal
2026-04-29 20:53:29.803093,Berlin-da3f,47,53,Normal
2026-04-29 20:53:30.803093,Berlin-da3f,0,74,Normal
2026-04-29 20:53:31.803093,Berlin-da3f,21,47,Normal
2026-04-29 20:53:32.803093,Berlin-da3f,-25,5,Normal
2026-04-29 20:53:33.803093,Berlin-da3f,-13,39,Normal
2026-04-29 20:53:34.803093,Berlin-da3f,-2,65,Normal
2026-04-29 20:53:35.803093,Berlin-da3f,-29,51,Normal
2026-04-29 20:53:36.803093,Berlin-da3f,49,39,Normal
2026-04-29 20:53:37.803093,Berlin-da3f,1,15,Normal
2026-04-29 20:53:38.803093,Berlin-da3f,-13,30,Normal
2026-04-29 20:53:39.803093,Berlin-da3f,-24,80,Normal
2026-04-29 20:53:40.803093,Berlin-da3f,26,72,Normal
2026-04-29 20:53:41.803093,Berlin-da3f,39,57,Normal
2026-04-29 20:53:42.803093,Berlin-da3f,46,70,Normal
2026-04-29 20:53:43.803093,Berlin-da3f,21,40,Normal
2026-04-29 20:53:44.803093,Berlin-da3f,3,58,Normal
2026-04-29 20:53:45.803093,Berlin-da3f,-26,66,Normal
2026-04-29 20:53:46.803093,Berlin-da3f,-13,45,Normal
2026-04-29 20:53:47.803093,Berlin-da3f,34,43,Normal
2026-04-29 20:53:48.803093,Berlin-da3f,-14,22,Normal
2026-04-29 20:53:49.803093,Berlin-da3f,1,58,Normal
2026-04-29 20:53:50.803093,Berlin-da3f,-26,43,Normal
2026-04-29 20:53:51.803093,Berlin-da3f,26,0,Normal
2026-04-29 20:53:52.803093,Berlin-da3f,35,32,Normal
2026-04-29 20:53:53.803093,Berlin-da3f,-11,31,Normal
2026-04-29 20:53:54.803093,Berlin-da3f,46,10,Normal
2026-04-29 20:53:55.803093,Berlin-da3f,46,50,Normal
2026-04-29 20:53:56.803093,Berlin-da3f,49,75,Normal
2026-04-29 20:53:57.803093,Berlin-da3f,18,58,Normal
2026-04-29 20:53:58.803093,Berlin-da3f,31,58,Normal
2026-04-29 20:53:59.803093,Berlin-da3f,10,53,Normal
2026-04-29 20:54:00.803093,Berlin-da3f,-19,10,Normal
2026-04-29 20:54:01.803093,Berlin-da3f,-9,25,Normal
2026-04-29 20:54:02.803093,Berlin-da3f,-20,38,Normal
2026-04-29 20:54:03.803093,Berlin-da3f,-5,25,Normal
2026-04-29 20:54:04.803093,Berlin-da3f,-2,16,Normal
2026-04-29 20:54:05.803093,Berlin-da3f,13,43,Normal
2026-04-29 20:54:06.803093,Berlin-da3f,-1,61,Normal
2026-04-29 20:54:07.803093,Berlin-da3f,19,76,Normal
2026-04-29 20:54:08.803093,Berlin-da3f,48,78,Normal
2026-04-29 20:54:09.803093,Berlin-da3f,15,51,Normal
2026-04-29 20:54:10.803093,Berlin-da3f,9,4,Normal
2026-04-29 20:54:11.803093,Berlin-da3f,25,95,Normal
2026-04-29 20:54:12.803093,Berlin-da3f,24,98,Normal
2026-04-29 20:54:13.803093,Berlin-da3f,46,20,Normal
2026-04-29 20:54:14.803093,Berlin-da3f,44,97,Normal
2026-04-29 20:54:15.803093,Berlin-da3f,-13,35,Normal
2026-04-29 20:54:16.803093,Berlin-da3f,-25,34,Normal
2026-04-29 20:54:17.803093,Berlin-da3f,-10,38,Normal
2026-04-29 20:54:18.803093,Berlin-da3f,3,54,Normal
2026-04-29 20:54:19.803093,Berlin-da3f,9,60,Normal
2026-04-29 20:54:20.803093,Berlin-da3f,-16,95,Normal
2026-04-29 20:54:21.803093,Berlin-da3f,-26,58,Normal
2026-04-29 20:54:22.803093,Berlin-da3f,-4,66,Normal
2026-04-29 20:54:23.803093,Berlin-da3f,19,63,Normal
2026-04-29 20:54:24.803093,Berlin-da3f,35,53,Normal
2026-04-29 20:54:25.803093,Berlin-da3f,-18,40,Normal
2026-04-29 20:54:26.803093,Berlin-da3f,-23,97,Normal
2026-04-29 20:54:27.803093,Berlin-da3f,20,83,Normal
2026-04-29 20:54:28.803093,Berlin-da3f,31,20,Normal
2026-04-29 20:54:29.803093,Berlin-da3f,-21,68,Normal
2026-04-29 20:54:30.803093,Berlin-da3f,24,71,Normal
2026-04-29 20:54:31.803093,Berlin-da3f,49,77,Normal
2026-04-29 20:54:32.803093,Berlin-da3f,36,19,Normal
2026-04-29 20:54:33.803093,Berlin-da3f,9,33,Normal
2026-04-29 20:54:34.803093,Berlin-da3f,-4,32,Normal
2026-04-29 20:54:35.803093,Berlin-da3f,32,88,Normal
2026-04-29 20:54:36.803093,Berlin-da3f,24,12,Normal
2026-04-29 20:54:37.803093,Berlin-da3f,26,16,Normal
2026-04-29 20:54:38.803093,Berlin-da3f,14,24,Normal
2026-04-29 20:54:39.803093,Berlin-da3f,5,2,Normal
2026-04-29 20:54:40.803093,Berlin-da3f,-1,94,Normal
2026-04-29 20:54:41.803093,Berlin-da3f,30,63,Normal
2026-04-29 20:54:42.803093,Berlin-da3f,49,77,Normal
2026-04-29 20:54:43.803093,Berlin-da3f,-13,95,Normal
2026-04-29 20:54:44.803093,Berlin-da3f,-30,25,Normal
2026-04-29 20:54:45.803093,Berlin-da3f,-19,13,Normal
2026-04-29 20:54:46.803093,Berlin-da3f,-15,36,Normal
2026-04-29 20:54:47.803093,Berlin-da3f,29,41,Normal
2026-04-29 20:54:48.803093,Berlin-da3f,-1,89,Normal
2026-04-29 20:54:49.803093,Berlin-da3f,36,67,Normal
2026-04-29 20:54:50.803093,Berlin-da3f,26,48,Normal
2026-04-29 20:54:51.803093,Berlin-da3f,12,57,Normal
2026-04-29 20:54:52.803093,Berlin-da3f,2,80,Normal
2026-04-29 20:54:53.803093,Berlin-da3f,50,73,Normal
2026-04-29 20:54:54.803093,Berlin-da3f,26,70,Normal
2026-04-29 20:54:55.803093,Berlin-da3f,-30,41,Normal
2026-04-29 20:54:56.803093,Berlin-da3f,39,98,Normal
2026-04-29 20:54:57.803093,Berlin-da3f,-30,79,Normal
2026-04-29 20:54:58.803093,Berlin-da3f,41,87,Normal
2026-04-29 20:54:59.803093,Berlin-da3f,-29,45,Normal
2026-04-29 20:55:00.803093,Berlin-da3f,10,84,Normal
2026-04-29 20:55:01.803093,Berlin-da3f,39,36,Normal
2026-04-29 20:55:02.803093,Berlin-da3f,49,81,Normal
2026-04-29 20:55:03.803093,Berlin-da3f,8,83,Normal
2026-04-29 20:55:04.803093,Berlin-da3f,31,10,Normal
2026-04-29 20:55:05.803093,Berlin-da3f,49,67,Normal
2026-04-29 20:55:06.803093,Berlin-da3f,35,66,Normal
2026-04-29 20:55:07.803093,Berlin-da3f,-15,49,Normal
2026-04-29 20:55:08.803093,Berlin-da3f,38,1,Normal
2026-04-29 20:55:09.803093,Berlin-da3f,44,95,Normal
2026-04-29 20:55:10.803093,Berlin-da3f,24,10,Normal
2026-04-29 20:55:11.803093,Berlin-da3f,3,68,Normal
2026-04-29 20:55:12.803093,Berlin-da3f,-30,17,Normal
2026-04-29 20:55:13.803093,Berlin-da3f,3,8,Normal
2026-04-29 20:55:14.803093,Berlin-da3f,-2,21,Normal
2026-04-29 20:55:15.803093,Berlin-da3f,46,98,Normal
2026-04-29 20:55:16.803093,Berlin-da3f,9,17,Normal
2026-04-29 20:55:17.803093,Berlin-da3f,5,15,Normal
2026-04-29 20:55:18.803093,Berlin-da3f,26,36,Normal
2026-04-29 20:55:19.803093,Berlin-da3f,11,44,Normal
2026-04-29 20:55:20.803093,Berlin-da3f,29,46,Normal
2026-04-29 20:55:21.803093,Berlin-da3f,25,56,Normal
2026-04-29 20:55:22.803093,Berlin-da3f,20,44,Normal
2026-04-29 20:55:23.803093,Berlin-da3f,28,61,Normal
2026-04-29 20:55:24.803093,Berlin-da3f,-27,63,Normal
2026-04-29 20:55:25.803093,Berlin-da3f,-16,34,Normal
2026-04-29 20:55:26.803093,Berlin-da3f,7,8,Normal
2026-04-29 20:55:27.803093,Berlin-da3f,-23,38,Normal
2026-04-29 20:55:28.803093,Berlin-da3f,50,33,Normal
2026-04-29 20:55:29.803093,Berlin-da3f,-12,96,Normal
2026-04-29 20:55:30.803093,Berlin-da3f,-30,49,Normal
2026-04-29 20:55:31.803093,Berlin-da3f,-21,75,Normal
2026-04-29 20:55:32.803093,Berlin-da3f,-3,51,Normal
2026-04-29 20:55:33.803093,Berlin-da3f,12,51,Normal
2026-04-29 20:55:34.803093,Berlin-da3f,-28,50,Normal
2026-04-29 20:55:35.803093,Berlin-da3f,46,88,Normal
2026-04-29 20:55:36.803093,Berlin-da3f,-7,56,Normal
2026-04-29 20:55:37.803093,Berlin-da3f,8,34,Normal
2026-04-29 20:55:38.803093,Berlin-da3f,13,96,Normal
2026-04-29 20:55:39.803093,Berlin-da3f,21,50,Normal
2026-04-29 20:55:40.803093,Berlin-da3f,-16,85,Normal
2026-04-29 20:55:41.803093,Berlin-da3f,32,96,Normal
2026-04-29 20:55:42.803093,Berlin-da3f,44,41,Normal
2026-04-29 20:55:43.803093,Berlin-da3f,-14,93,Normal
2026-04-29 20:55:44.803093,Berlin-da3f,50,27,Normal
2026-04-29 20:55:45.803093,Berlin-da3f,-28,67,Normal
2026-04-29 20:55:46.803093,Berlin-da3f,-3,96,Normal
2026-04-29 20:55:47.803093,Berlin-da3f,4,27,Normal
2026-04-29 20:55:48.803093,Berlin-da3f,-5,45,Normal
2026-04-29 20:55:49.803093,Berlin-da3f,46,82,Normal
2026-04-29 20:55:50.803093,Berlin-da3f,-14,25,Normal
2026-04-29 20:55:51.803093,Berlin-da3f,39,0,Normal
2026-04-29 20:55:52.803093,Berlin-da3f,-21,87,Normal
2026-04-29 20:55:53.803093,Berlin-da3f,20,45,Normal
2026-04-29 20:55:54.803093,Berlin-da3f,49,35,Normal
2026-04-29 20:55:55.803093,Berlin-da3f,37,43,Normal
2026-04-29 20:55:56.803093,Berlin-da3f,-26,35,Normal
2026-04-29 20:55:57.803093,Berlin-da3f,0,24,Normal
2026-04-29 20:55:58.803093,Berlin-da3f,-15,16,Normal
2026-04-29 20:55:59.803093,Berlin-da3f,24,83,Normal
2026-04-29 20:56:00.803093,Berlin-da3f,41,48,Normal
2026-04-29 20:56:01.803093,Berlin-da3f,12,99,Normal
2026-04-29 20:56:02.803093,Berlin-da3f,20,72,Normal
2026-04-29 20:56:03.803093,Berlin-da3f,-7,55,Normal
2026-04-29 20:56:04.803093,Berlin-da3f,-8,69,Normal
2026-04-29 20:56:05.803093,Berlin-da3f,-11,59,Normal
2026-04-29 20:56:06.803093,Berlin-da3f,13,58,Normal
2026-04-29 20:56:07.803093,Berlin-da3f,24,59,Normal
2026-04-29 20:56:08.803093,Berlin-da3f,34,72,Normal
2026-04-29 20:56:09.803093,Berlin-da3f,-4,62,Normal
2026-04-29 20:56:10.803093,Berlin-da3f,37,88,Normal
2026-04-29 20:56:11.803093,Berlin-da3f,34,20,Normal
2026-04-29 20:56:12.803093,Berlin-da3f,7,31,Normal
2026-04-29 20:56:13.803093,Berlin-da3f,-26,0,Normal
2026-04-29 20:56:14.803093,Berlin-da3f,29,28,Normal
2026-04-29 20:56:15.803093,Berlin-da3f,-9,5,Normal
2026-04-29 20:56:16.803093,Berlin-da3f,-11,38,Normal
2026-04-29 20:56:17.803093,Berlin-da3f,43,51,Normal
2026-04-29 20:56:18.803093,Berlin-da3f,27,46,Normal
2026-04-29 20:56:19.803093,Berlin-da3f,10,89,Normal
2026-04-29 20:56:20.803093,Berlin-da3f,-22,46,Normal
2026-04-29 20:56:21.803093,Berlin-da3f,4,32,Normal
2026-04-29 20:56:22.803093,Berlin-da3f,20,72,Normal
2026-04-29 20:56:23.803093,Berlin-da3f,15,87,Normal
2026-04-29 20:56:24.803093,Berlin-da3f,-30,96,Normal
2026-04-29 20:56:25.803093,Berlin-da3f,-26,43,Normal
2026-04-29 20:56:26.803093,Berlin-da3f,8,59,Normal
2026-04-29 20:56:27.803093,Berlin-da3f,-18,54,Normal
2026-04-29 20:56:28.803093,Berlin-da3f,14,44,Normal
2026-04-29 20:56:29.803093,Berlin-da3f,-6,80,Normal
2026-04-29 20:56:30.803093,Berlin-da3f,-18,36,Normal
2026-04-29 20:56:31.803093,Berlin-da3f,12,95,Normal
2026-04-29 20:56:32.803093,Berlin-da3f,44,58,Normal
2026-04-29 20:56:33.803093,Berlin-da3f,0,40,Normal
2026-04-29 20:56:34.803093,Berlin-da3f,38,22,Normal
2026-04-29 20:56:35.803093,Berlin-da3f,-4,42,Normal
2026-04-29 20:56:36.803093,Berlin-da3f,-26,4,Normal
2026-04-29 20:56:37.803093,Berlin-da3f,9,37,Normal
2026-04-29 20:56:38.803093,Berlin-da3f,-10,79,Normal
2026-04-29 20:56:39.803093,Berlin-da3f,33,68,Normal
2026-04-29 20:56:40.803093,Berlin-da3f,-4,39,Normal
2026-04-29 20:56:41.803093,Berlin-da3f,-30,26,Normal
2026-04-29 20:56:42.803093,Berlin-da3f,26,59,Normal
2026-04-29 20:56:43.803093,Berlin-da3f,12,63,Normal
2026-04-29 20:56:44.803093,Berlin-da3f,-20,32,Normal
2026-04-29 20:56:45.803093,Berlin-da3f,-19,68,Normal
2026-04-29 20:56:46.803093,Berlin-da3f,9,64,Normal
2026-04-29 20:56:47.803093,Berlin-da3f,6,74,Normal
2026-04-29 20:56:48.803093,Berlin-da3f,13,10,Normal
2026-04-29 20:56:49.803093,Berlin-da3f,-20,24,Normal
2026-04-29 20:56:50.803093,Berlin-da3f,-4,8,Normal
2026-04-29 20:56:51.803093,Berlin-da3f,10,45,Normal
2026-04-29 20:56:52.803093,Berlin-da3f,30,1,Normal
2026-04-29 20:56:53.803093,Berlin-da3f,-1,91,Normal
2026-04-29 20:56:54.803093,Berlin-da3f,-1,13,Normal
2026-04-29 20:56:55.803093,Berlin-da3f,5,52,Normal
2026-04-29 20:56:56.803093,Berlin-da3f,19,41,Normal
2026-04-29 20:56:57.803093,Berlin-da3f,19,76,Normal
2026-04-29 20:56:58.803093,Berlin-da3f,-4,35,Normal
2026-04-29 20:56:59.803093,Berlin-da3f,-21,14,Normal
2026-04-29 20:57:00.803093,Berlin-da3f,-4,57,Normal
2026-04-29 20:57:01.803093,Berlin-da3f,-22,59,Normal
2026-04-29 20:57:02.803093,Berlin-da3f,-1,27,Normal
2026-04-29 20:57:03.803093,Berlin-da3f,-25,71,Normal
2026-04-29 20:57:04.803093,Berlin-da3f,30,69,Normal
2026-04-29 20:57:05.803093,Berlin-da3f,50,80,Normal
2026-04-29 20:57:06.803093,Berlin-da3f,48,12,Normal
2026-04-29 20:57:07.803093,Berlin-da3f,-23,58,Normal
2026-04-29 20:57:08.803093,Berlin-da3f,-29,40,Normal
2026-04-29 20:57:09.803093,Berlin-da3f,21,23,Normal
2026-04-29 20:57:10.803093,Berlin-da3f,38,3,Normal
2026-04-29 20:57:11.803093,Berlin-da3f,-21,45,Normal
2026-04-29 20:57:12.803093,Berlin-da3f,35,10,Normal
2026-04-29 20:57:13.803093,Berlin-da3f,-6,42,Normal
2026-04-29 20:57:14.803093,Berlin-da3f,43,99,Normal
2026-04-29 20:57:15.803093,Berlin-da3f,-4,2,Normal
2026-04-29 20:57:16.803093,Berlin-da3f,5,1,Normal
2026-04-29 20:57:17.803093,Berlin-da3f,-28,32,Normal
2026-04-29 20:57:18.803093,Berlin-da3f,-19,92,Normal
2026-04-29 20:57:19.803093,Berlin-da3f,12,26,Normal
2026-04-29 20:57:20.803093,Berlin-da3f,-21,48,Normal
2026-04-29 20:57:21.803093,Berlin-da3f,-16,2,Normal
2026-04-29 20:57:22.803093,Berlin-da3f,-7,61,Normal
2026-04-29 20:57:23.803093,Berlin-da3f,-1,69,Normal
2026-04-29 20:57:24.803093,Berlin-da3f,-24,56,Normal
2026-04-29 20:57:25.803093,Berlin-da3f,-5,11,Normal
2026-04-29 20:57:26.803093,Berlin-da3f,-29,68,Normal
2026-04-29 20:57:27.803093,Berlin-da3f,-20,97,Normal
2026-04-29 20:57:28.803093,Berlin-da3f,-18,64,Normal
2026-04-29 20:57:29.803093,Berlin-da3f,21,61,Normal
2026-04-29 20:57:30.803093,Berlin-da3f,5,80,Normal
2026-04-29 20:57:31.803093,Berlin-da3f,-12,19,Normal
2026-04-29 20:57:32.803093,Berlin-da3f,-12,0,Normal
2026-04-29 20:57:33.803093,Berlin-da3f,43,84,Normal
2026-04-29 20:57:34.803093,Berlin-da3f,36,4,Normal
2026-04-29 20:57:35.803093,Berlin-da3f,35,53,Normal
2026-04-29 20:57:36.803093,Berlin-da3f,-15,44,Normal
2026-04-29 20:57:37.803093,Berlin-da3f,40,7,Normal
2026-04-29 20:57:38.803093,Berlin-da3f,50,29,Normal
2026-04-29 20:57:39.803093,Berlin-da3f,-11,66,Normal
2026-04-29 20:57:40.803093,Berlin-da3f,36,41,Normal
2026-04-29 20:57:41.803093,Berlin-da3f,20,58,Normal
2026-04-29 20:57:42.803093,Berlin-da3f,4,26,Normal
2026-04-29 20:57:43.803093,Berlin-da3f,-28,44,Normal
2026-04-29 20:57:44.803093,Berlin-da3f,-22,37,Normal
2026-04-29 20:57:45.803093,Berlin-da3f,8,83,Normal
2026-04-29 20:57:46.803093,Berlin-da3f,-30,20,Normal
2026-04-29 20:57:47.803093,Berlin-da3f,48,35,Normal
2026-04-29 20:57:48.803093,Berlin-da3f,31,37,Normal
2026-04-29 20:57:49.803093,Berlin-da3f,30,65,Normal
2026-04-29 20:57:50.803093,Berlin-da3f,39,84,Normal
2026-04-29 20:57:51.803093,Berlin-da3f,-13,52,Normal
2026-04-29 20:57:52.803093,Berlin-da3f,23,38,Normal
2026-04-29 20:57:53.803093,Berlin-da3f,35,34,Normal
2026-04-29 20:57:54.803093,Berlin-da3f,28,38,Normal
2026-04-29 20:57:55.803093,Berlin-da3f,-29,38,Normal
2026-04-29 20:57:56.803093,Berlin-da3f,47,70,Normal
2026-04-29 20:57:57.803093,Berlin-da3f,-10,48,Normal
2026-04-29 20:57:58.803093,Berlin-da3f,3,18,Normal
2026-04-29 20:57:59.803093,Berlin-da3f,21,70,Normal
2026-04-29 20:58:00.803093,Berlin-da3f,23,25,Normal
2026-04-29 20:58:01.803093,Berlin-da3f,29,26,Normal
2026-04-29 20:58:02.803093,Berlin-da3f,-13,76,Normal
2026-04-29 20:58:03.803093,Berlin-da3f,43,42,Normal
2026-04-29 20:58:04.803093,Berlin-da3f,29,2,Normal
2026-04-29 20:58:05.803093,Berlin-da3f,-30,23,Normal
2026-04-29 20:58:06.803093,Berlin-da3f,46,42,Normal
2026-04-29 20:58:07.803093,Berlin-da3f,-26,72,Normal
2026-04-29 20:58:08.803093,Berlin-da3f,2,86,Normal
2026-04-29 20:58:09.803093,Berlin-da3f,-14,17,Normal
2026-04-29 20:58:10.803093,Berlin-da3f,-25,85,Normal
2026-04-29 20:58:11.803093,Berlin-da3f,8,58,Normal
2026-04-29 20:58:12.803093,Berlin-da3f,23,26,Normal
2026-04-29 20:58:13.803093,Berlin-da3f,0,71,Normal
2026-04-29 20:58:14.803093,Berlin-da3f,-19,88,Normal
2026-04-29 20:58:15.803093,Berlin-da3f,5,41,Normal
2026-04-29 20:58:16.803093,Berlin-da3f,33,67,Normal
2026-04-29 20:58:17.803093,Berlin-da3f,-12,2,Normal
2026-04-29 20:58:18.803093,Berlin-da3f,16,18,Normal
2026-04-29 20:58:19.803093,Berlin-da3f,40,54,Normal
2026-04-29 20:58:20.803093,Berlin-da3f,32,25,Normal
2026-04-29 20:58:21.803093,Berlin-da3f,21,42,Normal
2026-04-29 20:58:22.803093,Berlin-da3f,-27,6,Normal
2026-04-29 20:58:23.803093,Berlin-da3f,47,19,Normal
2026-04-29 20:58:24.803093,Berlin-da3f,29,39,Normal
2026-04-29 20:58:25.803093,Berlin-da3f,-23,56,Normal
2026-04-29 20:58:26.803093,Berlin-da3f,-15,95,Normal
2026-04-29 20:58:27.803093,Berlin-da3f,39,0,Normal
2026-04-29 20:58:28.803093,Berlin-da3f,7,33,Normal
2026-04-29 20:58:29.803093,Berlin-da3f,-7,100,Normal
2026-04-29 20:58:30.803093,Berlin-da3f,2,30,Normal
2026-04-29 20:58:31.803093,Berlin-da3f,-19,7,Normal
2026-04-29 20:58:32.803093,Berlin-da3f,0,15,Normal
2026-04-29 20:58:33.803093,Berlin-da3f,32,48,Normal
2026-04-29 20:58:34.803093,Berlin-da3f,-19,62,Normal
2026-04-29 20:58:35.803093,Berlin-da3f,5,91,Normal
2026-04-29 20:58:36.803093,Berlin-da3f,-21,82,Normal
2026-04-29 20:58:37.803093,Berlin-da3f,-18,82,Normal
2026-04-29 20:58:38.803093,Berlin-da3f,-2,99,Normal
2026-04-29 20:58:39.803093,Berlin-da3f,33,43,Normal
2026-04-29 20:58:40.803093,Berlin-da3f,29,6,Normal
2026-04-29 20:58:41.803093,Berlin-da3f,37,11,Normal
2026-04-29 20:58:42.803093,Berlin-da3f,-16,42,Normal
2026-04-29 20:58:43.803093,Berlin-da3f,-4,0,Normal
2026-04-29 20:58:44.803093,Berlin-da3f,20,72,Normal
2026-04-29 20:58:45.803093,Berlin-da3f,-5,31,Normal
2026-04-29 20:58:46.803093,Berlin-da3f,-26,0,Normal
2026-04-29 20:58:47.803093,Berlin-da3f,43,23,Normal
2026-04-29 20:58:48.803093,Berlin-da3f,-4,62,Normal
2026-04-29 20:58:49.803093,Berlin-da3f,-22,79,Normal
2026-04-29 20:58:50.803093,Berlin-da3f,-20,26,Normal
2026-04-29 20:58:51.803093,Berlin-da3f,45,62,Normal
2026-04-29 20:58:52.803093,Berlin-da3f,14,21,Normal
2026-04-29 20:58:53.803093,Berlin-da3f,-7,9,Normal
2026-04-29 20:58:54.803093,Berlin-da3f,1,33,Normal
2026-04-29 20:58:55.803093,Berlin-da3f,31,56,Normal
2026-04-29 20:58:56.803093,Berlin-da3f,19,100,Normal
2026-04-29 20:58:57.803093,Berlin-da3f,35,12,Normal
2026-04-29 20:58:58.803093,Berlin-da3f,-7,51,Normal
2026-04-29 20:58:59.803093,Berlin-da3f,-24,100,Normal
2026-04-29 20:59:00.803093,Berlin-da3f,44,7,Normal
2026-04-29 20:59:01.803093,Berlin-da3f,19,72,Normal
2026-04-29 20:59:02.803093,Berlin-da3f,-21,80,Normal
2026-04-29 20:59:03.803093,Berlin-da3f,-6,2,Normal
2026-04-29 20:59:04.803093,Berlin-da3f,-23,89,Normal
2026-04-29 20:59:05.803093,Berlin-da3f,-22,44,Normal
2026-04-29 20:59:06.803093,Berlin-da3f,-12,59,Normal
2026-04-29 20:59:07.803093,Berlin-da3f,-30,59,Normal
2026-04-29 20:59:08.803093,Berlin-da3f,36,15,Normal
2026-04-29 20:59:09.803093,Berlin-da3f,38,7,Normal
2026-04-29 20:59:10.803093,Berlin-da3f,45,56,Normal
2026-04-29 20:59:11.803093,Berlin-da3f,4,29,Normal
2026-04-29 20:59:12.803093,Berlin-da3f,-8,49,Normal
2026-04-29 20:59:13.803093,Berlin-da3f,-17,65,Normal
2026-04-29 20:59:14.803093,Berlin-da3f,27,86,Normal
2026-04-29 20:59:15.803093,Berlin-da3f,-10,50,Normal
2026-04-29 20:59:16.803093,Berlin-da3f,-4,35,Normal
2026-04-29 20:59:17.803093,Berlin-da3f,47,34,Normal
2026-04-29 20:59:18.803093,Berlin-da3f,12,78,Normal
2026-04-29 20:59:19.803093,Berlin-da3f,-22,94,Normal
2026-04-29 20:59:20.803093,Berlin-da3f,-21,23,Normal
2026-04-29 20:59:21.803093,Berlin-da3f,23,45,Normal
2026-04-29 20:59:22.803093,Berlin-da3f,-16,68,Normal
2026-04-29 20:59:23.803093,Berlin-da3f,30,92,Normal
2026-04-29 20:59:24.803093,Berlin-da3f,11,41,Normal
2026-04-29 20:59:25.803093,Berlin-da3f,24,74,Normal
2026-04-29 20:59:26.803093,Berlin-da3f,30,28,Normal
2026-04-29 20:59:27.803093,Berlin-da3f,15,1,Normal
2026-04-29 20:59:28.803093,Berlin-da3f,46,3,Normal
2026-04-29 20:59:29.803093,Berlin-da3f,33,100,Normal
2026-04-29 20:59:30.803093,Berlin-da3f,11,88,Normal
2026-04-29 20:59:31.803093,Berlin-da3f,26,3,Normal
2026-04-29 20:59:32.803093,Berlin-da3f,-2,83,Normal
2026-04-29 20:59:33.803093,Berlin-da3f,-8,49,Normal
2026-04-29 20:59:34.803093,Berlin-da3f,25,96,Normal
2026-04-29 20:59:35.803093,Berlin-da3f,-28,4,Normal
2026-04-29 20:59:36.803093,Berlin-da3f,48,57,Normal
2026-04-29 20:59:37.803093,Berlin-da3f,32,81,Normal
2026-04-29 20:59:38.803093,Berlin-da3f,28,87,Normal
2026-04-29 20:59:39.803093,Berlin-da3f,2,71,Normal
2026-04-29 20:59:40.803093,Berlin-da3f,37,83,Normal
2026-04-29 20:59:41.803093,Berlin-da3f,-16,20,Normal
2026-04-29 20:59:42.803093,Berlin-da3f,42,1,Normal
2026-04-29 20:59:43.803093,Berlin-da3f,6,73,Normal
2026-04-29 20:59:44.803093,Berlin-da3f,37,39,Normal
2026-04-29 20:59:45.803093,Berlin-da3f,36,53,Normal
2026-04-29 20:59:46.803093,Berlin-da3f,-26,18,Normal
2026-04-29 20:59:47.803093,Berlin-da3f,35,26,Normal
2026-04-29 20:59:48.803093,Berlin-da3f,-10,21,Normal
2026-04-29 20:59:49.803093,Berlin-da3f,-8,83,Normal
2026-04-29 20:59:50.803093,Berlin-da3f,47,48,Normal
2026-04-29 20:59:51.803093,Berlin-da3f,45,88,Normal
2026-04-29 20:59:52.803093,Berlin-da3f,24,53,Normal
2026-04-29 20:59:53.803093,Berlin-da3f,-6,98,Normal
2026-04-29 20:59:54.803093,Berlin-da3f,8,13,Normal
2026-04-29 20:59:55.803093,Berlin-da3f,35,87,Normal
2026-04-29 20:59:56.803093,Berlin-da3f,-21,12,Normal
2026-04-29 20:59:57.803093,Berlin-da3f,-8,8,Normal
2026-04-29 20:59:58.803093,Berlin-da3f,45,47,Normal
2026-04-29 20:59:59.803093,Berlin-da3f,36,90,Normal
2026-04-29 21:00:00.803093,Berlin-da3f,25,41,Normal
2026-04-29 21:00:01.803093,Berlin-da3f,23,42,Normal
2026-04-29 21:00:02.803093,Berlin-da3f,-9,2,Normal
2026-04-29 21:00:03.803093,Berlin-da3f,17,47,Normal
2026-04-29 21:00:04.803093,Berlin-da3f,2,61,Normal
2026-04-29 21:00:05.803093,Berlin-da3f,-21,12,Normal
2026-04-29 21:00:06.803093,Berlin-da3f,-13,39,Normal
2026-04-29 21:00:07.803093,Berlin-da3f,0,63,Normal
2026-04-29 21:00:08.803093,Berlin-da3f,-16,63,Normal
2026-04-29 21:00:09.803093,Berlin-da3f,16,67,Normal
2026-04-29 21:00:10.803093,Berlin-da3f,9,65,Normal
2026-04-29 21:00:11.803093,Berlin-da3f,2,7,Normal
2026-04-29 21:00:12.803093,Berlin-da3f,-22,63,Normal
2026-04-29 21:00:13.803093,Berlin-da3f,-22,94,Normal
2026-04-29 21:00:14.803093,Berlin-da3f,33,85,Normal
2026-04-29 21:00:15.803093,Berlin-da3f,20,83,Normal
2026-04-29 21:00:16.803093,Berlin-da3f,41,67,Normal
2026-04-29 21:00:17.803093,Berlin-da3f,42,69,Normal
2026-04-29 21:00:18.803093,Berlin-da3f,9,9,Normal
2026-04-29 21:00:19.803093,Berlin-da3f,38,29,Normal
2026-04-29 21:00:20.803093,Berlin-da3f,37,42,Normal
2026-04-29 21:00:21.803093,Berlin-da3f,23,79,Normal
2026-04-29 21:00:22.803093,Berlin-da3f,-9,76,Normal
2026-04-29 21:00:23.803093,Berlin-da3f,24,2,Normal
2026-04-29 21:00:24.803093,Berlin-da3f,34,19,Normal
2026-04-29 21:00:25.803093,Berlin-da3f,-21,51,Normal
2026-04-29 21:00:26.803093,Berlin-da3f,47,35,Normal
2026-04-29 21:00:27.803093,Berlin-da3f,-3,91,Normal
2026-04-29 21:00:28.803093,Berlin-da3f,49,77,Normal
2026-04-29 21:00:29.803093,Berlin-da3f,-17,87,Normal
2026-04-29 21:00:30.803093,Berlin-da3f,-22,56,Normal
2026-04-29 21:00:31.803093,Berlin-da3f,-11,31,Normal
2026-04-29 21:00:32.803093,Berlin-da3f,44,56,Normal
2026-04-29 21:00:33.803093,Berlin-da3f,-16,57,Normal
2026-04-29 21:00:34.803093,Berlin-da3f,-8,29,Normal
2026-04-29 21:00:35.803093,Berlin-da3f,25,72,Normal
2026-04-29 21:00:36.803093,Berlin-da3f,12,93,Normal
2026-04-29 21:00:37.803093,Berlin-da3f,40,61,Normal
2026-04-29 21:00:38.803093,Berlin-da3f,-9,23,Normal
2026-04-29 21:00:39.803093,Berlin-da3f,2,18,Normal
2026-04-29 21:00:40.803093,Berlin-da3f,15,15,Normal
2026-04-29 21:00:41.803093,Berlin-da3f,-14,5,Normal
2026-04-29 21:00:42.803093,Berlin-da3f,9,2,Normal
2026-04-29 21:00:43.803093,Berlin-da3f,-18,41,Normal
2026-04-29 21:00:44.803093,Berlin-da3f,29,32,Normal
2026-04-29 21:00:45.803093,Berlin-da3f,-18,97,Normal
2026-04-29 21:00:46.803093,Berlin-da3f,46,24,Normal
2026-04-29 21:00:47.803093,Berlin-da3f,-22,15,Normal
2026-04-29 21:00:48.803093,Berlin-da3f,27,15,Normal
2026-04-29 21:00:49.803093,Berlin-da3f,-20,16,Normal
2026-04-29 21:00:50.803093,Berlin-da3f,26,63,Normal
2026-04-29 21:00:51.803093,Berlin-da3f,14,32,Normal
2026-04-29 21:00:52.803093,Berlin-da3f,-19,72,Normal
2026-04-29 21:00:53.803093,Berlin-da3f,11,5,Normal
2026-04-29 21:00:54.803093,Berlin-da3f,37,17,Normal
2026-04-29 21:00:55.803093,Berlin-da3f,14,53,Normal
2026-04-29 21:00:56.803093,Berlin-da3f,-19,82,Normal
2026-04-29 21:00:57.803093,Berlin-da3f,47,49,Normal
2026-04-29 21:00:58.803093,Berlin-da3f,4,72,Normal
2026-04-29 21:00:59.803093,Berlin-da3f,-24,94,Normal
2026-04-29 21:01:00.803093,Berlin-da3f,10,41,Normal
2026-04-29 21:01:01.803093,Berlin-da3f,-13,55,Normal
2026-04-29 21:01:02.803093,Berlin-da3f,-4,73,Normal
2026-04-29 21:01:03.803093,Berlin-da3f,20,42,Normal
2026-04-29 21:01:04.803093,Berlin-da3f,46,43,Normal
2026-04-29 21:01:05.803093,Berlin-da3f,44,49,Normal
2026-04-29 21:01:06.803093,Berlin-da3f,41,94,Normal
2026-04-29 21:01:07.803093,Berlin-da3f,2,22,Normal
2026-04-29 21:01:08.803093,Berlin-da3f,-4,33,Normal
2026-04-29 21:01:09.803093,Berlin-da3f,6,9,Normal
2026-04-29 21:01:10.803093,Berlin-da3f,11,84,Normal
2026-04-29 21:01:11.803093,Berlin-da3f,48,21,Normal
2026-04-29 21:01:12.803093,Berlin-da3f,44,42,Normal
2026-04-29 21:01:13.803093,Berlin-da3f,-11,84,Normal
2026-04-29 21:01:14.803093,Berlin-da3f,27,79,Normal
2026-04-29 21:01:15.803093,Berlin-da3f,1,35,Normal
2026-04-29 21:01:16.803093,Berlin-da3f,-7,61,Normal
2026-04-29 21:01:17.803093,Berlin-da3f,1,44,Normal
2026-04-29 21:01:18.803093,Berlin-da3f,27,67,Normal
2026-04-29 21:01:19.803093,Berlin-da3f,30,99,Normal
2026-04-29 21:01:20.803093,Berlin-da3f,3,60,Normal
2026-04-29 21:01:21.803093,Berlin-da3f,23,69,Normal
2026-04-29 21:01:22.803093,Berlin-da3f,-28,73,Normal
2026-04-29 21:01:23.803093,Berlin-da3f,5,12,Normal
2026-04-29 21:01:24.803093,Berlin-da3f,-11,71,Normal
2026-04-29 21:01:25.803093,Berlin-da3f,15,34,Normal
2026-04-29 21:01:26.803093,Berlin-da3f,-17,26,Normal
2026-04-29 21:01:27.803093,Berlin-da3f,-24,95,Normal
2026-04-29 21:01:28.803093,Berlin-da3f,17,67,Normal
2026-04-29 21:01:29.803093,Berlin-da3f,11,19,Normal
2026-04-29 21:01:30.803093,Berlin-da3f,-23,5,Normal
2026-04-29 21:01:31.803093,Berlin-da3f,25,67,Normal
2026-04-29 21:01:32.803093,Berlin-da3f,18,79,Normal
2026-04-29 21:01:33.803093,Berlin-da3f,13,49,Normal
2026-04-29 21:01:34.803093,Berlin-da3f,-27,29,Normal
2026-04-29 21:01:35.803093,Berlin-da3f,38,4,Normal
2026-04-29 21:01:36.803093,Berlin-da3f,-26,17,Normal
2026-04-29 21:01:37.803093,Berlin-da3f,-18,19,Normal
2026-04-29 21:01:38.803093,Berlin-da3f,-23,58,Normal
2026-04-29 21:01:39.803093,Berlin-da3f,-14,3,Normal
2026-04-29 21:01:40.803093,Berlin-da3f,5,90,Normal
2026-04-29 21:01:41.803093,Berlin-da3f,32,41,Normal
2026-04-29 21:01:42.803093,Berlin-da3f,22,49,Normal
2026-04-29 21:01:43.803093,Berlin-da3f,18,64,Normal
2026-04-29 21:01:44.803093,Berlin-da3f,-5,42,Normal
2026-04-29 21:01:45.803093,Berlin-da3f,22,6,Normal
2026-04-29 21:01:46.803093,Berlin-da3f,49,44,Normal
2026-04-29 21:01:47.803093,Berlin-da3f,20,51,Normal
2026-04-29 21:01:48.803093,Berlin-da3f,-26,18,Normal
2026-04-29 21:01:49.803093,Berlin-da3f,45,43,Normal
2026-04-29 21:01:50.803093,Berlin-da3f,27,84,Normal
2026-04-29 21:01:51.803093,Berlin-da3f,27,35,Normal
2026-04-29 21:01:52.803093,Berlin-da3f,-1,6,Normal
2026-04-29 21:01:53.803093,Berlin-da3f,49,95,Normal
2026-04-29 21:01:54.803093,Berlin-da3f,19,54,Normal
2026-04-29 21:01:55.803093,Berlin-da3f,31,12,Normal
2026-04-29 21:01:56.803093,Berlin-da3f,-12,13,Normal
2026-04-29 21:01:57.803093,Berlin-da3f,-26,26,Normal
2026-04-29 21:01:58.803093,Berlin-da3f,19,11,Normal
2026-04-29 21:01:59.803093,Berlin-da3f,31,65,Normal
2026-04-29 21:02:00.803093,Berlin-da3f,48,54,Normal
2026-04-29 21:02:01.803093,Berlin-da3f,4,60,Normal
2026-04-29 21:02:02.803093,Berlin-da3f,-10,80,Normal
2026-04-29 21:02:03.803093,Berlin-da3f,9,73,Normal
2026-04-29 21:02:04.803093,Berlin-da3f,-15,86,Normal
2026-04-29 21:02:05.803093,Berlin-da3f,3,67,Normal
2026-04-29 21:02:06.803093,Berlin-da3f,47,24,Normal
2026-04-29 21:02:07.803093,Berlin-da3f,-2,49,Normal
2026-04-29 21:02:08.803093,Berlin-da3f,-26,68,Normal
2026-04-29 21:02:09.803093,Berlin-da3f,-14,96,Normal
2026-04-29 21:02:10.803093,Berlin-da3f,24,1,Normal
2026-04-29 21:02:11.803093,Berlin-da3f,1,67,Normal
2026-04-29 21:02:12.803093,Berlin-da3f,43,1,Normal
2026-04-29 21:02:13.803093,Berlin-da3f,-18,79,Normal
2026-04-29 21:02:14.803093,Berlin-da3f,10,19,Normal
2026-04-29 21:02:15.803093,Berlin-da3f,44,51,Normal
2026-04-29 21:02:16.803093,Berlin-da3f,-23,16,Normal
2026-04-29 21:02:17.803093,Berlin-da3f,26,13,Normal
2026-04-29 21:02:18.803093,Berlin-da3f,44,34,Normal
2026-04-29 21:02:19.803093,Berlin-da3f,-19,62,Normal
2026-04-29 21:02:20.803093,Berlin-da3f,6,6,Normal
2026-04-29 21:02:21.803093,Berlin-da3f,-30,85,Normal
2026-04-29 21:02:22.803093,Berlin-da3f,23,13,Normal
2026-04-29 21:02:23.803093,Berlin-da3f,-22,75,Normal
2026-04-29 21:02:24.803093,Berlin-da3f,29,79,Normal
2026-04-29 21:02:25.803093,Berlin-da3f,35,87,Normal
2026-04-29 21:02:26.803093,Berlin-da3f,-14,13,Normal
2026-04-29 21:02:27.803093,Berlin-da3f,45,96,Normal
2026-04-29 21:02:28.803093,Berlin-da3f,-29,87,Normal
2026-04-29 21:02:29.803093,Berlin-da3f,17,99,Normal
2026-04-29 21:02:30.803093,Berlin-da3f,-9,92,Normal
2026-04-29 21:02:31.803093,Berlin-da3f,-9,75,Normal
2026-04-29 21:02:32.803093,Berlin-da3f,21,97,Normal
2026-04-29 21:02:33.803093,Berlin-da3f,47,80,Normal
2026-04-29 21:02:34.803093,Berlin-da3f,-20,100,Normal
2026-04-29 21:02:35.803093,Berlin-da3f,37,21,Normal
2026-04-29 21:02:36.803093,Berlin-da3f,-24,63,Normal
2026-04-29 21:02:37.803093,Berlin-da3f,25,72,Normal
2026-04-29 21:02:38.803093,Berlin-da3f,10,27,Normal
2026-04-29 21:02:39.803093,Berlin-da3f,27,85,Normal
2026-04-29 21:02:40.803093,Berlin-da3f,48,22,Normal
2026-04-29 21:02:41.803093,Berlin-da3f,11,82,Normal
2026-04-29 21:02:42.803093,Berlin-da3f,-9,54,Normal
2026-04-29 21:02:43.803093,Berlin-da3f,-24,56,Normal
2026-04-29 21:02:44.803093,Berlin-da3f,-13,23,Normal
2026-04-29 21:02:45.803093,Berlin-da3f,24,11,Normal
2026-04-29 21:02:46.803093,Berlin-da3f,-2,24,Normal
2026-04-29 21:02:47.803093,Berlin-da3f,43,33,Normal
2026-04-29 21:02:48.803093,Berlin-da3f,34,19,Normal
2026-04-29 21:02:49.803093,Berlin-da3f,49,64,Normal
2026-04-29 21:02:50.803093,Berlin-da3f,42,81,Normal
2026-04-29 21:02:51.803093,Berlin-da3f,-20,87,Normal
2026-04-29 21:02:52.803093,Berlin-da3f,31,50,Normal
2026-04-29 21:02:53.803093,Berlin-da3f,-21,80,Normal
2026-04-29 21:02:54.803093,Berlin-da3f,-6,76,Normal
2026-04-29 21:02:55.803093,Berlin-da3f,13,75,Normal
2026-04-29 21:02:56.803093,Berlin-da3f,-19,53,Normal
2026-04-29 21:02:57.803093,Berlin-da3f,5,43,Normal
2026-04-29 21:02:58.803093,Berlin-da3f,49,61,Normal
2026-04-29 21:02:59.803093,Berlin-da3f,48,43,Normal
2026-04-29 21:03:00.803093,Berlin-da3f,-30,82,Normal
2026-04-29 21:03:01.803093,Berlin-da3f,-1,26,Normal
2026-04-29 21:03:02.803093,Berlin-da3f,21,29,Normal
2026-04-29 21:03:03.803093,Berlin-da3f,-17,53,Normal
2026-04-29 21:03:04.803093,Berlin-da3f,43,19,Normal
2026-04-29 21:03:05.803093,Berlin-da3f,5,76,Normal
2026-04-29 21:03:06.803093,Berlin-da3f,41,14,Normal
2026-04-29 21:03:07.803093,Berlin-da3f,45,97,Normal
2026-04-29 21:03:08.803093,Berlin-da3f,5,89,Normal
2026-04-29 21:03:09.803093,Berlin-da3f,47,79,Normal
2026-04-29 21:03:10.803093,Berlin-da3f,-28,73,Normal
2026-04-29 21:03:11.803093,Berlin-da3f,23,80,Normal
2026-04-29 21:03:12.803093,Berlin-da3f,-27,6,Normal
2026-04-29 21:03:13.803093,Berlin-da3f,-18,20,Normal
2026-04-29 21:03:14.803093,Berlin-da3f,-8,26,Normal
2026-04-29 21:03:15.803093,Berlin-da3f,-7,21,Normal
2026-04-29 21:03:16.803093,Berlin-da3f,-19,9,Normal
2026-04-29 21:03:17.803093,Berlin-da3f,-21,77,Normal
2026-04-29 21:03:18.803093,Berlin-da3f,-27,35,Normal
2026-04-29 21:03:19.803093,Berlin-da3f,29,73,Normal
2026-04-29 21:03:20.803093,Berlin-da3f,-2,47,Normal
2026-04-29 21:03:21.803093,Berlin-da3f,38,39,Normal
2026-04-29 21:03:22.803093,Berlin-da3f,-16,53,Normal
2026-04-29 21:03:23.803093,Berlin-da3f,-20,68,Normal
2026-04-29 21:03:24.803093,Berlin-da3f,9,50,Normal
2026-04-29 21:03:25.803093,Berlin-da3f,-16,62,Normal
2026-04-29 21:03:26.803093,Berlin-da3f,3,73,Normal
2026-04-29 21:03:27.803093,Berlin-da3f,9,90,Normal
2026-04-29 21:03:28.803093,Berlin-da3f,-10,30,Normal
2026-04-29 21:03:29.803093,Berlin-da3f,32,37,Normal
2026-04-29 21:03:30.803093,Berlin-da3f,19,80,Normal
2026-04-29 21:03:31.803093,Berlin-da3f,8,25,Normal
2026-04-29 21:03:32.803093,Berlin-da3f,43,47,Normal
2026-04-29 21:03:33.803093,Berlin-da3f,43,63,Normal
2026-04-29 21:03:34.803093,Berlin-da3f,2,40,Normal
2026-04-29 21:03:35.803093,Berlin-da3f,-27,70,Normal
2026-04-29 21:03:36.803093,Berlin-da3f,45,27,Normal
2026-04-29 21:03:37.803093,Berlin-da3f,-11,51,Normal
2026-04-29 21:03:38.803093,Berlin-da3f,-13,36,Normal
2026-04-29 21:03:39.803093,Berlin-da3f,-19,8,Normal
2026-04-29 21:03:40.803093,Berlin-da3f,-20,7,Normal
2026-04-29 21:03:41.803093,Berlin-da3f,40,36,Normal
2026-04-29 21:03:42.803093,Berlin-da3f,47,19,Normal
2026-04-29 21:03:43.803093,Berlin-da3f,-16,5,Normal
2026-04-29 21:03:44.803093,Berlin-da3f,32,59,Normal
2026-04-29 21:03:45.803093,Berlin-da3f,44,62,Normal
2026-04-29 21:03:46.803093,Berlin-da3f,34,27,Normal
2026-04-29 21:03:47.803093,Berlin-da3f,4,93,Normal
2026-04-29 21:03:48.803093,Berlin-da3f,23,45,Normal
2026-04-29 21:03:49.803093,Berlin-da3f,-3,46,Normal
2026-04-29 21:03:50.803093,Berlin-da3f,9,14,Normal
2026-04-29 21:03:51.803093,Berlin-da3f,12,2,Normal
2026-04-29 21:03:52.803093,Berlin-da3f,1,73,Normal
2026-04-29 21:03:53.803093,Berlin-da3f,-29,32,Normal
2026-04-29 21:03:54.803093,Berlin-da3f,-20,83,Normal
2026-04-29 21:03:55.803093,Berlin-da3f,43,59,Normal
2026-04-29 21:03:56.803093,Berlin-da3f,-4,15,Normal
2026-04-29 21:03:57.803093,Berlin-da3f,40,19,Normal
2026-04-29 21:03:58.803093,Berlin-da3f,23,85,Normal
2026-04-29 21:03:59.803093,Berlin-da3f,22,68,Normal
2026-04-29 21:04:00.803093,Berlin-da3f,-18,65,Normal
2026-04-29 21:04:01.803093,Berlin-da3f,-24,62,Normal
2026-04-29 21:04:02.803093,Berlin-da3f,19,78,Normal
2026-04-29 21:04:03.803093,Berlin-da3f,-3,67,Normal
2026-04-29 21:04:04.803093,Berlin-da3f,-30,39,Normal
2026-04-29 21:04:05.803093,Berlin-da3f,27,70,Normal
2026-04-29 21:04:06.803093,Berlin-da3f,8,90,Normal
2026-04-29 21:04:07.803093,Berlin-da3f,42,93,Normal
2026-04-29 21:04:08.803093,Berlin-da3f,-30,46,Normal
2026-04-29 21:04:09.803093,Berlin-da3f,18,61,Normal
2026-04-29 21:04:10.803093,Berlin-da3f,6,60,Normal
2026-04-29 21:04:11.803093,Berlin-da3f,4,62,Normal
2026-04-29 21:04:12.803093,Berlin-da3f,49,12,Normal
2026-04-29 21:04:13.803093,Berlin-da3f,21,40,Normal
2026-04-29 21:04:14.803093,Berlin-da3f,35,37,Normal
2026-04-29 21:04:15.803093,Berlin-da3f,-13,54,Normal
2026-04-29 21:04:16.803093,Berlin-da3f,-20,25,Normal
2026-04-29 21:04:17.803093,Berlin-da3f,0,44,Normal
2026-04-29 21:04:18.803093,Berlin-da3f,-18,66,Normal
2026-04-29 21:04:19.803093,Berlin-da3f,43,75,Normal
2026-04-29 21:04:20.803093,Berlin-da3f,22,45,Normal
2026-04-29 21:04:21.803093,Berlin-da3f,17,49,Normal
2026-04-29 21:04:22.803093,Berlin-da3f,17,47,Normal
2026-04-29 21:04:23.803093,Berlin-da3f,19,41,Normal
2026-04-29 21:04:24.803093,Berlin-da3f,-19,47,Normal
2026-04-29 21:04:25.803093,Berlin-da3f,-5,35,Normal
2026-04-29 21:04:26.803093,Berlin-da3f,3,70,Normal
2026-04-29 21:04:27.803093,Berlin-da3f,1,50,Normal
2026-04-29 21:04:28.803093,Berlin-da3f,-10,33,Normal
2026-04-29 21:04:29.803093,Berlin-da3f,0,46,Normal
2026-04-29 21:04:30.803093,Berlin-da3f,-25,24,Normal
2026-04-29 21:04:31.803093,Berlin-da3f,-27,78,Normal
2026-04-29 21:04:32.803093,Berlin-da3f,6,18,Normal
2026-04-29 21:04:33.803093,Berlin-da3f,-13,4,Normal
2026-04-29 21:04:34.803093,Berlin-da3f,-25,15,Normal
2026-04-29 21:04:35.803093,Berlin-da3f,18,10,Normal
2026-04-29 21:04:36.803093,Berlin-da3f,-24,84,Normal
2026-04-29 21:04:37.803093,Berlin-da3f,24,47,Normal
2026-04-29 21:04:38.803093,Berlin-da3f,-12,48,Normal
2026-04-29 21:04:39.803093,Berlin-da3f,20,23,Normal
2026-04-29 21:04:40.803093,Berlin-da3f,17,10,Normal
2026-04-29 21:04:41.803093,Berlin-da3f,44,65,Normal
2026-04-29 21:04:42.803093,Berlin-da3f,-23,87,Normal
2026-04-29 21:04:43.803093,Berlin-da3f,-30,70,Normal
2026-04-29 21:04:44.803093,Berlin-da3f,18,6,Normal
2026-04-29 21:04:45.803093,Berlin-da3f,32,29,Normal
2026-04-29 21:04:46.803093,Berlin-da3f,-3,10,Normal
2026-04-29 21:04:47.803093,Berlin-da3f,31,5,Normal
2026-04-29 21:04:48.803093,Berlin-da3f,26,92,Normal
2026-04-29 21:04:49.803093,Berlin-da3f,30,21,Normal
2026-04-29 21:04:50.803093,Berlin-da3f,41,38,Normal
2026-04-29 21:04:51.803093,Berlin-da3f,18,98,Normal
2026-04-29 21:04:52.803093,Berlin-da3f,22,82,Normal
2026-04-29 21:04:53.803093,Berlin-da3f,41,32,Normal
2026-04-29 21:04:54.803093,Berlin-da3f,3,21,Normal
2026-04-29 21:04:55.803093,Berlin-da3f,1,55,Normal
2026-04-29 21:04:56.803093,Berlin-da3f,35,67,Normal
2026-04-29 21:04:57.803093,Berlin-da3f,7,73,Normal
2026-04-29 21:04:58.803093,Berlin-da3f,25,72,Normal
2026-04-29 21:04:59.803093,Berlin-da3f,44,37,Normal
2026-04-29 21:05:00.803093,Berlin-da3f,13,70,Normal
2026-04-29 21:05:01.803093,Berlin-da3f,50,44,Normal
2026-04-29 21:05:02.803093,Berlin-da3f,1,86,Normal
2026-04-29 21:05:03.803093,Berlin-da3f,6,79,Normal
2026-04-29 21:05:04.803093,Berlin-da3f,-5,7,Normal
2026-04-29 21:05:05.803093,Berlin-da3f,9,41,Normal
2026-04-29 21:05:06.803093,Berlin-da3f,-1,80,Normal
2026-04-29 21:05:07.803093,Berlin-da3f,-16,11,Normal
2026-04-29 21:05:08.803093,Berlin-da3f,-14,9,Normal
2026-04-29 21:05:09.803093,Berlin-da3f,-24,79,Normal
2026-04-29 21:05:10.803093,Berlin-da3f,47,47,Normal
2026-04-29 21:05:11.803093,Berlin-da3f,-7,20,Normal
2026-04-29 21:05:12.803093,Berlin-da3f,-18,47,Normal
2026-04-29 21:05:13.803093,Berlin-da3f,5,58,Normal
2026-04-29 21:05:14.803093,Berlin-da3f,48,57,Normal
2026-04-29 21:05:15.803093,Berlin-da3f,12,99,Normal
2026-04-29 21:05:16.803093,Berlin-da3f,30,86,Normal
2026-04-29 21:05:17.803093,Berlin-da3f,-28,91,Normal
2026-04-29 21:05:18.803093,Berlin-da3f,-5,85,Normal
2026-04-29 21:05:19.803093,Berlin-da3f,1,99,Normal
2026-04-29 21:05:20.803093,Berlin-da3f,-21,63,Normal
2026-04-29 21:05:21.803093,Berlin-da3f,23,86,Normal
2026-04-29 21:05:22.803093,Berlin-da3f,-5,80,Normal
2026-04-29 21:05:23.803093,Berlin-da3f,16,56,Normal
2026-04-29 21:05:24.803093,Berlin-da3f,36,78,Normal
2026-04-29 21:05:25.803093,Berlin-da3f,33,58,Normal
2026-04-29 21:05:26.803093,Berlin-da3f,-26,62,Normal
2026-04-29 21:05:27.803093,Berlin-da3f,28,25,Normal
2026-04-29 21:05:28.803093,Berlin-da3f,19,71,Normal
2026-04-29 21:05:29.803093,Berlin-da3f,7,61,Normal
2026-04-29 21:05:30.803093,Berlin-da3f,27,60,Normal
2026-04-29 21:05:31.803093,Berlin-da3f,-18,43,Normal
2026-04-29 21:05:32.803093,Berlin-da3f,18,60,Normal
2026-04-29 21:05:33.803093,Berlin-da3f,40,92,Normal
2026-04-29 21:05:34.803093,Berlin-da3f,5,87,Normal
2026-04-29 21:05:35.803093,Berlin-da3f,30,1,Normal
2026-04-29 21:05:36.803093,Berlin-da3f,10,35,Normal
2026-04-29 21:05:37.803093,Berlin-da3f,-28,1,Normal
2026-04-29 21:05:38.803093,Berlin-da3f,-25,42,Normal
2026-04-29 21:05:39.803093,Berlin-da3f,-4,8,Normal
2026-04-29 21:05:40.803093,Berlin-da3f,9,73,Normal
2026-04-29 21:05:41.803093,Berlin-da3f,24,48,Normal
2026-04-29 21:05:42.803093,Berlin-da3f,-13,96,Normal
2026-04-29 21:05:43.803093,Berlin-da3f,49,16,Normal
2026-04-29 21:05:44.803093,Berlin-da3f,38,45,Normal
2026-04-29 21:05:45.803093,Berlin-da3f,-15,65,Normal
2026-04-29 21:05:46.803093,Berlin-da3f,-4,91,Normal
2026-04-29 21:05:47.803093,Berlin-da3f,-12,22,Normal
2026-04-29 21:05:48.803093,Berlin-da3f,32,67,Normal
2026-04-29 21:05:49.803093,Berlin-da3f,42,51,Normal
2026-04-29 21:05:50.803093,Berlin-da3f,16,53,Normal
2026-04-29 21:05:51.803093,Berlin-da3f,-16,45,Normal
2026-04-29 21:05:52.803093,Berlin-da3f,-11,64,Normal
2026-04-29 21:05:53.803093,Berlin-da3f,14,10,Normal
2026-04-29 21:05:54.803093,Berlin-da3f,41,22,Normal
2026-04-29 21:05:55.803093,Berlin-da3f,2,68,Normal
2026-04-29 21:05:56.803093,Berlin-da3f,-7,27,Normal
2026-04-29 21:05:57.803093,Berlin-da3f,1,72,Normal
2026-04-29 21:05:58.803093,Berlin-da3f,-9,38,Normal
2026-04-29 21:05:59.803093,Berlin-da3f,4,25,Normal
2026-04-29 21:06:00.803093,Berlin-da3f,10,34,Normal
2026-04-29 21:06:01.803093,Berlin-da3f,42,35,Normal
2026-04-29 21:06:02.803093,Berlin-da3f,47,15,Normal
2026-04-29 21:06:03.803093,Berlin-da3f,9,85,Normal
2026-04-29 21:06:04.803093,Berlin-da3f,4,47,Normal
2026-04-29 21:06:05.803093,Berlin-da3f,35,47,Normal
2026-04-29 21:06:06.803093,Berlin-da3f,-16,51,Normal
2026-04-29 21:06:07.803093,Berlin-da3f,-13,69,Normal
2026-04-29 21:06:08.803093,Berlin-da3f,11,58,Normal
2026-04-29 21:06:09.803093,Berlin-da3f,34,27,Normal
2026-04-29 21:06:10.803093,Berlin-da3f,-22,87,Normal
2026-04-29 21:06:11.803093,Berlin-da3f,22,28,Normal
2026-04-29 21:06:12.803093,Berlin-da3f,0,83,Normal
2026-04-29 21:06:13.803093,Berlin-da3f,-30,95,Normal
2026-04-29 21:06:14.803093,Berlin-da3f,6,92,Normal
2026-04-29 21:06:15.803093,Berlin-da3f,6,58,Normal
2026-04-29 21:06:16.803093,Berlin-da3f,39,16,Normal
2026-04-29 21:06:17.803093,Berlin-da3f,26,98,Normal
2026-04-29 21:06:18.803093,Berlin-da3f,-24,45,Normal
2026-04-29 21:06:19.803093,Berlin-da3f,16,44,Normal
2026-04-29 21:06:20.803093,Berlin-da3f,-26,64,Normal
2026-04-29 21:06:21.803093,Berlin-da3f,33,8,Normal
2026-04-29 21:06:22.803093,Berlin-da3f,-27,76,Normal
2026-04-29 21:06:23.803093,Berlin-da3f,-20,34,Normal
2026-04-29 21:06:24.803093,Berlin-da3f,-25,2,Normal
2026-04-29 21:06:25.803093,Berlin-da3f,-15,59,Normal
2026-04-29 21:06:26.803093,Berlin-da3f,-13,61,Normal
2026-04-29 21:06:27.803093,Berlin-da3f,15,24,Normal
2026-04-29 21:06:28.803093,Berlin-da3f,-4,8,Normal
2026-04-29 21:06:29.803093,Berlin-da3f,14,27,Normal
2026-04-29 21:06:30.803093,Berlin-da3f,-28,26,Normal
2026-04-29 21:06:31.803093,Berlin-da3f,28,31,Normal
2026-04-29 21:06:32.803093,Berlin-da3f,-17,52,Normal
2026-04-29 21:06:33.803093,Berlin-da3f,-7,5,Normal
2026-04-29 21:06:34.803093,Berlin-da3f,5,9,Normal
2026-04-29 21:06:35.803093,Berlin-da3f,21,73,Normal
2026-04-29 21:06:36.803093,Berlin-da3f,35,87,Normal
2026-04-29 21:06:37.803093,Berlin-da3f,-1,82,Normal
2026-04-29 21:06:38.803093,Berlin-da3f,38,36,Normal
2026-04-29 21:06:39.803093,Berlin-da3f,-12,59,Normal
2026-04-29 21:06:40.803093,Berlin-da3f,2,36,Normal
2026-04-29 21:06:41.803093,Berlin-da3f,46,99,Normal
2026-04-29 21:06:42.803093,Berlin-da3f,-18,23,Normal
2026-04-29 21:06:43.803093,Berlin-da3f,30,44,Normal
2026-04-29 21:06:44.803093,Berlin-da3f,-14,32,Normal
2026-04-29 21:06:45.803093,Berlin-da3f,4,17,Normal
2026-04-29 21:06:46.803093,Berlin-da3f,-18,96,Normal
2026-04-29 21:06:47.803093,Berlin-da3f,13,37,Normal
2026-04-29 21:06:48.803093,Berlin-da3f,-22,12,Normal
2026-04-29 21:06:49.803093,Berlin-da3f,-6,43,Normal
2026-04-29 21:06:50.803093,Berlin-da3f,6,21,Normal
2026-04-29 21:06:51.803093,Berlin-da3f,6,54,Normal
2026-04-29 21:06:52.803093,Berlin-da3f,38,30,Normal
2026-04-29 21:06:53.803093,Berlin-da3f,13,38,Normal
2026-04-29 21:06:54.803093,Berlin-da3f,-29,38,Normal
2026-04-29 21:06:55.803093,Berlin-da3f,-12,27,Normal
2026-04-29 21:06:56.803093,Berlin-da3f,2,53,Normal
2026-04-29 21:06:57.803093,Berlin-da3f,-19,5,Normal
2026-04-29 21:06:58.803093,Berlin-da3f,-9,31,Normal
2026-04-29 21:06:59.803093,Berlin-da3f,28,12,Normal
2026-04-29 21:07:00.803093,Berlin-da3f,30,42,Normal
2026-04-29 21:07:01.803093,Berlin-da3f,32,6,Normal
2026-04-29 21:07:02.803093,Berlin-da3f,-28,89,Normal
2026-04-29 21:07:03.803093,Berlin-da3f,-21,16,Normal
2026-04-29 21:07:04.803093,Berlin-da3f,-4,16,Normal
2026-04-29 21:07:05.803093,Berlin-da3f,-3,10,Normal
2026-04-29 21:07:06.803093,Berlin-da3f,21,32,Normal
2026-04-29 21:07:07.803093,Berlin-da3f,22,39,Normal
2026-04-29 21:07:08.803093,Berlin-da3f,37,80,Normal
2026-04-29 21:07:09.803093,Berlin-da3f,-26,14,Normal
2026-04-29 21:07:10.803093,Berlin-da3f,-10,91,Normal
2026-04-29 21:07:11.803093,Berlin-da3f,21,77,Normal
2026-04-29 21:07:12.803093,Berlin-da3f,-1,66,Normal
2026-04-29 21:07:13.803093,Berlin-da3f,28,32,Normal
2026-04-29 21:07:14.803093,Berlin-da3f,13,10,Normal
2026-04-29 21:07:15.803093,Berlin-da3f,-5,99,Normal
2026-04-29 21:07:16.803093,Berlin-da3f,43,82,Normal
2026-04-29 21:07:17.803093,Berlin-da3f,19,67,Normal
2026-04-29 21:07:18.803093,Berlin-da3f,27,27,Normal
2026-04-29 21:07:19.803093,Berlin-da3f,-12,49,Normal
2026-04-29 21:07:20.803093,Berlin-da3f,45,80,Normal
2026-04-29 21:07:21.803093,Berlin-da3f,35,63,Normal
2026-04-29 21:07:22.803093,Berlin-da3f,3,29,Normal
2026-04-29 21:07:23.803093,Berlin-da3f,15,89,Normal
2026-04-29 21:07:24.803093,Berlin-da3f,-6,52,Normal
2026-04-29 21:07:25.803093,Berlin-da3f,41,2,Normal
2026-04-29 21:07:26.803093,Berlin-da3f,36,34,Normal
2026-04-29 21:07:27.803093,Berlin-da3f,15,87,Normal
2026-04-29 21:07:28.803093,Berlin-da3f,39,60,Normal
2026-04-29 21:07:29.803093,Berlin-da3f,49,39,Normal
2026-04-29 21:07:30.803093,Berlin-da3f,-30,91,Normal
2026-04-29 21:07:31.803093,Berlin-da3f,32,38,Normal
2026-04-29 21:07:32.803093,Berlin-da3f,-9,64,Normal
2026-04-29 21:07:33.803093,Berlin-da3f,41,88,Normal
2026-04-29 21:07:34.803093,Berlin-da3f,-27,69,Normal
2026-04-29 21:07:35.803093,Berlin-da3f,2,34,Normal
2026-04-29 21:07:36.803093,Berlin-da3f,-23,92,Normal
2026-04-29 21:07:37.803093,Berlin-da3f,-13,61,Normal
2026-04-29 21:07:38.803093,Berlin-da3f,14,81,Normal
2026-04-29 21:07:39.803093,Berlin-da3f,-9,48,Normal
2026-04-29 21:07:40.803093,Berlin-da3f,2,93,Normal
2026-04-29 21:07:41.803093,Berlin-da3f,34,16,Normal
2026-04-29 21:07:42.803093,Berlin-da3f,6,58,Normal
2026-04-29 21:07:43.803093,Berlin-da3f,12,56,Normal
2026-04-29 21:07:44.803093,Berlin-da3f,-30,27,Normal
2026-04-29 21:07:45.803093,Berlin-da3f,-21,48,Normal
2026-04-29 21:07:46.803093,Berlin-da3f,24,83,Normal
2026-04-29 21:07:47.803093,Berlin-da3f,41,15,Normal
2026-04-29 21:07:48.803093,Berlin-da3f,-6,11,Normal
2026-04-29 21:07:49.803093,Berlin-da3f,34,82,Normal
2026-04-29 21:07:50.803093,Berlin-da3f,40,93,Normal
2026-04-29 21:07:51.803093,Berlin-da3f,-14,47,Normal
2026-04-29 21:07:52.803093,Berlin-da3f,-13,18,Normal
2026-04-29 21:07:53.803093,Berlin-da3f,-19,27,Normal
2026-04-29 21:07:54.803093,Berlin-da3f,34,0,Normal
2026-04-29 21:07:55.803093,Berlin-da3f,24,74,Normal
2026-04-29 21:07:56.803093,Berlin-da3f,22,48,Normal
2026-04-29 21:07:57.803093,Berlin-da3f,-6,91,Normal
2026-04-29 21:07:58.803093,Berlin-da3f,-20,7,Normal
2026-04-29 21:07:59.803093,Berlin-da3f,45,43,Normal
2026-04-29 21:08:00.803093,Berlin-da3f,-5,68,Normal
2026-04-29 21:08:01.803093,Berlin-da3f,18,86,Normal
2026-04-29 21:08:02.803093,Berlin-da3f,-18,98,Normal
2026-04-29 21:08:03.803093,Berlin-da3f,21,94,Normal
2026-04-29 21:08:04.803093,Berlin-da3f,38,42,Normal
2026-04-29 21:08:05.803093,Berlin-da3f,4,56,Normal
2026-04-29 21:08:06.803093,Berlin-da3f,5,71,Normal
2026-04-29 21:08:07.803093,Berlin-da3f,46,86,Normal
2026-04-29 21:08:08.803093,Berlin-da3f,30,60,Normal
2026-04-29 21:08:09.803093,Berlin-da3f,-8,57,Normal
2026-04-29 21:08:10.803093,Berlin-da3f,45,48,Normal
2026-04-29 21:08:11.803093,Berlin-da3f,4,3,Normal
2026-04-29 21:08:12.803093,Berlin-da3f,34,39,Normal
2026-04-29 21:08:13.803093,Berlin-da3f,50,100,Normal
2026-04-29 21:08:14.803093,Berlin-da3f,-6,4,Normal
2026-04-29 21:08:15.803093,Berlin-da3f,-29,21,Normal
2026-04-29 21:08:16.803093,Berlin-da3f,10,85,Normal
2026-04-29 21:08:17.803093,Berlin-da3f,33,71,Normal
2026-04-29 21:08:18.803093,Berlin-da3f,-24,56,Normal
2026-04-29 21:08:19.803093,Berlin-da3f,26,33,Normal
2026-04-29 21:08:20.803093,Berlin-da3f,43,74,Normal
2026-04-29 21:08:21.803093,Berlin-da3f,31,17,Normal
2026-04-29 21:08:22.803093,Berlin-da3f,-24,1,Normal
2026-04-29 21:08:23.803093,Berlin-da3f,15,24,Normal
2026-04-29 21:08:24.803093,Berlin-da3f,37,72,Normal
2026-04-29 21:08:25.803093,Berlin-da3f,-1,72,Normal
2026-04-29 21:08:26.803093,Berlin-da3f,-13,3,Normal
2026-04-29 21:08:27.803093,Berlin-da3f,1,31,Normal
2026-04-29 21:08:28.803093,Berlin-da3f,-9,85,Normal
2026-04-29 21:08:29.803093,Berlin-da3f,-8,91,Normal
2026-04-29 21:08:30.803093,Berlin-da3f,9,53,Normal
2026-04-29 21:08:31.803093,Berlin-da3f,-13,5,Normal
2026-04-29 21:08:32.803093,Berlin-da3f,20,85,Normal
2026-04-29 21:08:33.803093,Berlin-da3f,22,24,Normal
2026-04-29 21:08:34.803093,Berlin-da3f,40,25,Normal
2026-04-29 21:08:35.803093,Berlin-da3f,39,5,Normal
2026-04-29 21:08:36.803093,Berlin-da3f,-21,40,Normal
2026-04-29 21:08:37.803093,Berlin-da3f,45,84,Normal
2026-04-29 21:08:38.803093,Berlin-da3f,26,24,Normal
2026-04-29 21:08:39.803093,Berlin-da3f,5,72,Normal
2026-04-29 21:08:40.803093,Berlin-da3f,31,82,Normal
2026-04-29 21:08:41.803093,Berlin-da3f,26,35,Normal
2026-04-29 21:08:42.803093,Berlin-da3f,31,34,Normal
2026-04-29 21:08:43.803093,Berlin-da3f,37,64,Normal
2026-04-29 21:08:44.803093,Berlin-da3f,-1,92,Normal
2026-04-29 21:08:45.803093,Berlin-da3f,25,37,Normal
2026-04-29 21:08:46.803093,Berlin-da3f,28,57,Normal
2026-04-29 21:08:47.803093,Berlin-da3f,6,97,Normal
2026-04-29 21:08:48.803093,Berlin-da3f,13,3,Normal
2026-04-29 21:08:49.803093,Berlin-da3f,23,71,Normal
2026-04-29 21:08:50.803093,Berlin-da3f,9,53,Normal
2026-04-29 21:08:51.803093,Berlin-da3f,-27,34,Normal
2026-04-29 21:08:52.803093,Berlin-da3f,-21,72,Normal
2026-04-29 21:08:53.803093,Berlin-da3f,-9,47,Normal
2026-04-29 21:08:54.803093,Berlin-da3f,-26,28,Normal
2026-04-29 21:08:55.803093,Berlin-da3f,2,60,Normal
2026-04-29 21:08:56.803093,Berlin-da3f,-9,84,Normal
2026-04-29 21:08:57.803093,Berlin-da3f,-6,10,Normal
2026-04-29 21:08:58.803093,Berlin-da3f,26,69,Normal
2026-04-29 21:08:59.803093,Berlin-da3f,18,52,Normal
2026-04-29 21:09:00.803093,Berlin-da3f,-27,7,Normal
2026-04-29 21:09:01.803093,Berlin-da3f,16,62,Normal
2026-04-29 21:09:02.803093,Berlin-da3f,27,92,Normal
2026-04-29 21:09:03.803093,Berlin-da3f,-9,27,Normal
2026-04-29 21:09:04.803093,Berlin-da3f,50,75,Normal
2026-04-29 21:09:05.803093,Berlin-da3f,-15,85,Normal
2026-04-29 21:09:06.803093,Berlin-da3f,44,87,Normal
2026-04-29 21:09:07.803093,Berlin-da3f,-9,25,Normal
2026-04-29 21:09:08.803093,Berlin-da3f,-15,84,Normal
2026-04-29 21:09:09.803093,Berlin-da3f,-22,14,Normal
2026-04-29 21:09:10.803093,Berlin-da3f,-13,32,Normal
2026-04-29 21:09:11.803093,Berlin-da3f,-8,44,Normal
2026-04-29 21:09:12.803093,Berlin-da3f,33,43,Normal
2026-04-29 21:09:13.803093,Berlin-da3f,7,47,Normal
2026-04-29 21:09:14.803093,Berlin-da3f,22,68,Normal
2026-04-29 21:09:15.803093,Berlin-da3f,30,70,Normal
2026-04-29 21:09:16.803093,Berlin-da3f,44,69,Normal
2026-04-29 21:09:17.803093,Berlin-da3f,11,28,Normal
2026-04-29 21:09:18.803093,Berlin-da3f,-23,7,Normal
2026-04-29 21:09:19.803093,Berlin-da3f,3,38,Normal
2026-04-29 21:09:20.803093,Berlin-da3f,-21,67,Normal
2026-04-29 21:09:21.803093,Berlin-da3f,0,74,Normal
2026-04-29 21:09:22.803093,Berlin-da3f,22,99,Normal
2026-04-29 21:09:23.803093,Berlin-da3f,-3,28,Normal
2026-04-29 21:09:24.803093,Berlin-da3f,39,97,Normal
2026-04-29 21:09:25.803093,Berlin-da3f,-13,5,Normal
2026-04-29 21:09:26.803093,Berlin-da3f,21,53,Normal
2026-04-29 21:09:27.803093,Berlin-da3f,7,42,Normal
2026-04-29 21:09:28.803093,Berlin-da3f,-8,26,Normal
2026-04-29 21:09:29.803093,Berlin-da3f,10,82,Normal
2026-04-29 21:09:30.803093,Berlin-da3f,-20,98,Normal
2026-04-29 21:09:31.803093,Berlin-da3f,42,9,Normal
2026-04-29 21:09:32.803093,Berlin-da3f,11,39,Normal
2026-04-29 21:09:33.803093,Berlin-da3f,-2,47,Normal
2026-04-29 21:09:34.803093,Berlin-da3f,6,18,Normal
2026-04-29 21:09:35.803093,Berlin-da3f,-3,56,Normal
2026-04-29 21:09:36.803093,Berlin-da3f,-13,9,Normal
2026-04-29 21:09:37.803093,Berlin-da3f,31,11,Normal
2026-04-29 21:09:38.803093,Berlin-da3f,-16,23,Normal
2026-04-29 21:09:39.803093,Berlin-da3f,-6,86,Normal
2026-04-29 21:09:40.803093,Berlin-da3f,-5,52,Normal
2026-04-29 21:09:41.803093,Berlin-da3f,16,65,Normal
2026-04-29 21:09:42.803093,Berlin-da3f,-15,34,Normal
2026-04-29 21:09:43.803093,Berlin-da3f,-25,98,Normal
2026-04-29 21:09:44.803093,Berlin-da3f,7,28,Normal
2026-04-29 21:09:45.803093,Berlin-da3f,-20,2,Normal
2026-04-29 21:09:46.803093,Berlin-da3f,-14,89,Normal
2026-04-29 21:09:47.803093,Berlin-da3f,-12,94,Normal
2026-04-29 21:09:48.803093,Berlin-da3f,32,64,Normal
2026-04-29 21:09:49.803093,Berlin-da3f,-4,37,Normal
2026-04-29 21:09:50.803093,Berlin-da3f,41,15,Normal
2026-04-29 21:09:51.803093,Berlin-da3f,29,98,Normal
2026-04-29 21:09:52.803093,Berlin-da3f,12,9,Normal
2026-04-29 21:09:53.803093,Berlin-da3f,42,77,Normal
2026-04-29 21:09:54.803093,Berlin-da3f,47,66,Normal
2026-04-29 21:09:55.803093,Berlin-da3f,30,34,Normal
2026-04-29 21:09:56.803093,Berlin-da3f,20,74,Normal
2026-04-29 21:09:57.803093,Berlin-da3f,27,15,Normal
2026-04-29 21:09:58.803093,Berlin-da3f,18,0,Normal
2026-04-29 21:09:59.803093,Berlin-da3f,35,40,Normal
2026-04-29 21:10:00.803093,Berlin-da3f,41,85,Normal
2026-04-29 21:10:01.803093,Berlin-da3f,48,44,Normal
2026-04-29 21:10:02.803093,Berlin-da3f,-27,94,Normal
2026-04-29 21:10:03.803093,Berlin-da3f,10,20,Normal
2026-04-29 21:10:04.803093,Berlin-da3f,48,23,Normal
2026-04-29 21:10:05.803093,Berlin-da3f,27,64,Normal
2026-04-29 21:10:06.803093,Berlin-da3f,-23,24,Normal
2026-04-29 21:10:07.803093,Berlin-da3f,-20,82,Normal
2026-04-29 21:10:08.803093,Berlin-da3f,4,41,Normal
2026-04-29 21:10:09.803093,Berlin-da3f,49,66,Normal
2026-04-29 21:10:10.803093,Berlin-da3f,39,25,Normal
2026-04-29 21:10:11.803093,Berlin-da3f,-12,57,Normal
2026-04-29 21:10:12.803093,Berlin-da3f,-8,42,Normal
2026-04-29 21:10:13.803093,Berlin-da3f,28,85,Normal
2026-04-29 21:10:14.803093,Berlin-da3f,11,59,Normal
2026-04-29 21:10:15.803093,Berlin-da3f,5,13,Normal
2026-04-29 21:10:16.803093,Berlin-da3f,31,69,Normal
2026-04-29 21:10:17.803093,Berlin-da3f,49,20,Normal
2026-04-29 21:10:18.803093,Berlin-da3f,17,9,Normal
2026-04-29 21:10:19.803093,Berlin-da3f,49,61,Normal
2026-04-29 21:10:20.803093,Berlin-da3f,40,5,Normal
2026-04-29 21:10:21.803093,Berlin-da3f,41,58,Normal
2026-04-29 21:10:22.803093,Berlin-da3f,48,82,Normal
2026-04-29 21:10:23.803093,Berlin-da3f,33,87,Normal
2026-04-29 21:10:24.803093,Berlin-da3f,-10,56,Normal
2026-04-29 21:10:25.803093,Berlin-da3f,5,86,Normal
2026-04-29 21:10:26.803093,Berlin-da3f,27,53,Normal
2026-04-29 21:10:27.803093,Berlin-da3f,8,33,Normal
2026-04-29 21:10:28.803093,Berlin-da3f,47,32,Normal
2026-04-29 21:10:29.803093,Berlin-da3f,24,58,Normal
2026-04-29 21:10:30.803093,Berlin-da3f,12,86,Normal
2026-04-29 21:10:31.803093,Berlin-da3f,-19,18,Normal
2026-04-29 21:10:32.803093,Berlin-da3f,28,49,Normal
2026-04-29 21:10:33.803093,Berlin-da3f,-16,38,Normal
2026-04-29 21:10:34.803093,Berlin-da3f,-1,16,Normal
2026-04-29 21:10:35.803093,Berlin-da3f,9,90,Normal
2026-04-29 21:10:36.803093,Berlin-da3f,33,44,Normal
2026-04-29 21:10:37.803093,Berlin-da3f,-17,52,Normal
2026-04-29 21:10:38.803093,Berlin-da3f,27,5,Normal
2026-04-29 21:10:39.803093,Berlin-da3f,9,73,Normal
2026-04-29 21:10:40.803093,Berlin-da3f,3,11,Normal
2026-04-29 21:10:41.803093,Berlin-da3f,10,82,Normal
2026-04-29 21:10:42.803093,Berlin-da3f,-25,82,Normal
2026-04-29 21:10:43.803093,Berlin-da3f,49,95,Normal
2026-04-29 21:10:44.803093,Berlin-da3f,5,91,Normal
2026-04-29 21:10:45.803093,Berlin-da3f,42,20,Normal
2026-04-29 21:10:46.803093,Berlin-da3f,-13,69,Normal
2026-04-29 21:10:47.803093,Berlin-da3f,-13,82,Normal
2026-04-29 21:10:48.803093,Berlin-da3f,19,95,Normal
2026-04-29 21:10:49.803093,Berlin-da3f,-17,47,Normal
2026-04-29 21:10:50.803093,Berlin-da3f,3,6,Normal
2026-04-29 21:10:51.803093,Berlin-da3f,16,78,Normal
2026-04-29 21:10:52.803093,Berlin-da3f,40,70,Normal
2026-04-29 21:10:53.803093,Berlin-da3f,4,67,Normal
2026-04-29 21:10:54.803093,Berlin-da3f,-16,46,Normal
2026-04-29 21:10:55.803093,Berlin-da3f,-10,30,Normal
2026-04-29 21:10:56.803093,Berlin-da3f,-28,100,Normal
2026-04-29 21:10:57.803093,Berlin-da3f,11,73,Normal
2026-04-29 21:10:58.803093,Berlin-da3f,33,43,Normal
2026-04-29 21:10:59.803093,Berlin-da3f,42,79,Normal
2026-04-29 21:11:00.803093,Berlin-da3f,23,67,Normal
2026-04-29 21:11:01.803093,Berlin-da3f,-27,61,Normal
2026-04-29 21:11:02.803093,Berlin-da3f,-17,58,Normal
2026-04-29 21:11:03.803093,Berlin-da3f,27,25,Normal
2026-04-29 21:11:04.803093,Berlin-da3f,16,54,Normal
2026-04-29 21:11:05.803093,Berlin-da3f,12,73,Normal
2026-04-29 21:11:06.803093,Berlin-da3f,46,23,Normal
2026-04-29 21:11:07.803093,Berlin-da3f,15,49,Normal
2026-04-29 21:11:08.803093,Berlin-da3f,24,72,Normal
2026-04-29 21:11:09.803093,Berlin-da3f,10,79,Normal
2026-04-29 21:11:10.803093,Berlin-da3f,-11,86,Normal
2026-04-29 21:11:11.803093,Berlin-da3f,34,13,Normal
2026-04-29 21:11:12.803093,Berlin-da3f,33,26,Normal
2026-04-29 21:11:13.803093,Berlin-da3f,48,76,Normal
2026-04-29 21:11:14.803093,Berlin-da3f,44,54,Normal
2026-04-29 21:11:15.803093,Berlin-da3f,11,86,Normal
2026-04-29 21:11:16.803093,Berlin-da3f,-1,1,Normal
2026-04-29 21:11:17.803093,Berlin-da3f,-10,56,Normal
2026-04-29 21:11:18.803093,Berlin-da3f,-19,55,Normal
2026-04-29 21:11:19.803093,Berlin-da3f,15,80,Normal
2026-04-29 21:11:20.803093,Berlin-da3f,11,48,Normal
2026-04-29 21:11:21.803093,Berlin-da3f,36,60,Normal
2026-04-29 21:11:22.803093,Berlin-da3f,5,18,Normal
2026-04-29 21:11:23.803093,Berlin-da3f,22,29,Normal
2026-04-29 21:11:24.803093,Berlin-da3f,28,72,Normal
2026-04-29 21:11:25.803093,Berlin-da3f,-25,17,Normal
2026-04-29 21:11:26.803093,Berlin-da3f,-14,75,Normal
2026-04-29 21:11:27.803093,Berlin-da3f,-27,51,Normal
2026-04-29 21:11:28.803093,Berlin-da3f,38,32,Normal
2026-04-29 21:11:29.803093,Berlin-da3f,31,21,Normal
2026-04-29 21:11:30.803093,Berlin-da3f,-9,31,Normal
2026-04-29 21:11:31.803093,Berlin-da3f,26,37,Normal
2026-04-29 21:11:32.803093,Berlin-da3f,50,21,Normal
2026-04-29 21:11:33.803093,Berlin-da3f,10,54,Normal
2026-04-29 21:11:34.803093,Berlin-da3f,22,78,Normal
2026-04-29 21:11:35.803093,Berlin-da3f,48,50,Normal
2026-04-29 21:11:36.803093,Berlin-da3f,2,89,Normal
2026-04-29 21:11:37.803093,Berlin-da3f,-23,66,Normal
2026-04-29 21:11:38.803093,Berlin-da3f,-13,70,Normal
2026-04-29 21:11:39.803093,Berlin-da3f,13,57,Normal
2026-04-29 21:11:40.803093,Berlin-da3f,45,25,Normal
2026-04-29 21:11:41.803093,Berlin-da3f,-11,18,Normal
2026-04-29 21:11:42.803093,Berlin-da3f,43,24,Normal
2026-04-29 21:11:43.803093,Berlin-da3f,31,11,Normal
2026-04-29 21:11:44.803093,Berlin-da3f,19,37,Normal
2026-04-29 21:11:45.803093,Berlin-da3f,-14,46,Normal
2026-04-29 21:11:46.803093,Berlin-da3f,28,51,Normal
2026-04-29 21:11:47.803093,Berlin-da3f,-22,18,Normal
2026-04-29 21:11:48.803093,Berlin-da3f,-28,94,Normal
2026-04-29 21:11:49.803093,Berlin-da3f,13,40,Normal
2026-04-29 21:11:50.803093,Berlin-da3f,-1,53,Normal
2026-04-29 21:11:51.803093,Berlin-da3f,-16,0,Normal
2026-04-29 21:11:52.803093,Berlin-da3f,-20,34,Normal
2026-04-29 21:11:53.803093,Berlin-da3f,-26,70,Normal
2026-04-29 21:11:54.803093,Berlin-da3f,50,17,Normal
2026-04-29 21:11:55.803093,Berlin-da3f,16,28,Normal
2026-04-29 21:11:56.803093,Berlin-da3f,37,89,Normal
2026-04-29 21:11:57.803093,Berlin-da3f,-19,69,Normal
2026-04-29 21:11:58.803093,Berlin-da3f,-2,3,Normal
2026-04-29 21:11:59.803093,Berlin-da3f,-23,74,Normal
2026-04-29 21:12:00.803093,Berlin-da3f,-2,4,Normal
2026-04-29 21:12:01.803093,Berlin-da3f,42,88,Normal
2026-04-29 21:12:02.803093,Berlin-da3f,31,43,Normal
2026-04-29 21:12:03.803093,Berlin-da3f,27,61,Normal
2026-04-29 21:12:04.803093,Berlin-da3f,-12,78,Normal
2026-04-29 21:12:05.803093,Berlin-da3f,44,8,Normal
2026-04-29 21:12:06.803093,Berlin-da3f,13,0,Normal
2026-04-29 21:12:07.803093,Berlin-da3f,17,76,Normal
2026-04-29 21:12:08.803093,Berlin-da3f,50,14,Normal
2026-04-29 21:12:09.803093,Berlin-da3f,45,3,Normal
2026-04-29 21:12:10.803093,Berlin-da3f,14,85,Normal
2026-04-29 21:12:11.803093,Berlin-da3f,-11,61,Normal
2026-04-29 21:12:12.803093,Berlin-da3f,-18,42,Normal
2026-04-29 21:12:13.803093,Berlin-da3f,14,51,Normal
2026-04-29 21:12:14.803093,Berlin-da3f,30,8,Normal
2026-04-29 21:12:15.803093,Berlin-da3f,8,23,Normal
2026-04-29 21:12:16.803093,Berlin-da3f,42,55,Normal
2026-04-29 21:12:17.803093,Berlin-da3f,48,32,Normal
2026-04-29 21:12:18.803093,Berlin-da3f,23,11,Normal
2026-04-29 21:12:19.803093,Berlin-da3f,35,96,Normal
2026-04-29 21:12:20.803093,Berlin-da3f,-23,50,Normal
2026-04-29 21:12:21.803093,Berlin-da3f,-15,29,Normal
2026-04-29 21:12:22.803093,Berlin-da3f,22,31,Normal
2026-04-29 21:12:23.803093,Berlin-da3f,12,67,Normal
2026-04-29 21:12:24.803093,Berlin-da3f,36,50,Normal
2026-04-29 21:12:25.803093,Berlin-da3f,39,98,Normal
2026-04-29 21:12:26.803093,Berlin-da3f,47,63,Normal
2026-04-29 21:12:27.803093,Berlin-da3f,32,92,Normal
2026-04-29 21:12:28.803093,Berlin-da3f,7,93,Normal
2026-04-29 21:12:29.803093,Berlin-da3f,33,79,Normal
2026-04-29 21:12:30.803093,Berlin-da3f,-12,78,Normal
2026-04-29 21:12:31.803093,Berlin-da3f,34,87,Normal
2026-04-29 21:12:32.803093,Berlin-da3f,37,62,Normal
2026-04-29 21:12:33.803093,Berlin-da3f,19,27,Normal
2026-04-29 21:12:34.803093,Berlin-da3f,-24,57,Normal
2026-04-29 21:12:35.803093,Berlin-da3f,-21,84,Normal
2026-04-29 21:12:36.803093,Berlin-da3f,-28,31,Normal
2026-04-29 21:12:37.803093,Berlin-da3f,-15,70,Normal
2026-04-29 21:12:38.803093,Berlin-da3f,-16,5,Normal
2026-04-29 21:12:39.803093,Berlin-da3f,49,50,Normal
2026-04-29 21:12:40.803093,Berlin-da3f,30,0,Normal
2026-04-29 21:12:41.803093,Berlin-da3f,-23,63,Normal
2026-04-29 21:12:42.803093,Berlin-da3f,7,53,Normal
2026-04-29 21:12:43.803093,Berlin-da3f,3,80,Normal
2026-04-29 21:12:44.803093,Berlin-da3f,1,22,Normal
2026-04-29 21:12:45.803093,Berlin-da3f,32,94,Normal
2026-04-29 21:12:46.803093,Berlin-da3f,45,1,Normal
2026-04-29 21:12:47.803093,Berlin-da3f,6,66,Normal
2026-04-29 21:12:48.803093,Berlin-da3f,-14,16,Normal
2026-04-29 21:12:49.803093,Berlin-da3f,36,44,Normal
2026-04-29 21:12:50.803093,Berlin-da3f,35,87,Normal
2026-04-29 21:12:51.803093,Berlin-da3f,26,12,Normal
2026-04-29 21:12:52.803093,Berlin-da3f,41,18,Normal
2026-04-29 21:12:53.803093,Berlin-da3f,49,62,Normal
2026-04-29 21:12:54.803093,Berlin-da3f,-15,58,Normal
2026-04-29 21:12:55.803093,Berlin-da3f,37,89,Normal
2026-04-29 21:12:56.803093,Berlin-da3f,17,28,Normal
2026-04-29 21:12:57.803093,Berlin-da3f,-17,21,Normal
2026-04-29 21:12:58.803093,Berlin-da3f,-16,18,Normal
2026-04-29 21:12:59.803093,Berlin-da3f,9,58,Normal
2026-04-29 21:13:00.803093,Berlin-da3f,-7,95,Normal
2026-04-29 21:13:01.803093,Berlin-da3f,46,8,Normal
2026-04-29 21:13:02.803093,Berlin-da3f,11,45,Normal
2026-04-29 21:13:03.803093,Berlin-da3f,19,60,Normal
2026-04-29 21:13:04.803093,Berlin-da3f,-30,83,Normal
2026-04-29 21:13:05.803093,Berlin-da3f,46,2,Normal
2026-04-29 21:13:06.803093,Berlin-da3f,-14,71,Normal
2026-04-29 21:13:07.803093,Berlin-da3f,35,64,Normal
2026-04-29 21:13:08.803093,Berlin-da3f,-9,79,Normal
2026-04-29 21:13:09.803093,Berlin-da3f,-18,44,Normal
2026-04-29 21:13:10.803093,Berlin-da3f,32,56,Normal
2026-04-29 21:13:11.803093,Berlin-da3f,28,84,Normal
2026-04-29 21:13:12.803093,Berlin-da3f,-8,17,Normal
2026-04-29 21:13:13.803093,Berlin-da3f,11,80,Normal
2026-04-29 21:13:14.803093,Berlin-da3f,8,93,Normal
2026-04-29 21:13:15.803093,Berlin-da3f,34,91,Normal
2026-04-29 21:13:16.803093,Berlin-da3f,46,32,Normal
2026-04-29 21:13:17.803093,Berlin-da3f,23,42,Normal
2026-04-29 21:13:18.803093,Berlin-da3f,18,72,Normal
2026-04-29 21:13:19.803093,Berlin-da3f,16,35,Normal
2026-04-29 21:13:20.803093,Berlin-da3f,15,24,Normal
2026-04-29 21:13:21.803093,Berlin-da3f,2,25,Normal
2026-04-29 21:13:22.803093,Berlin-da3f,38,70,Normal
2026-04-29 21:13:23.803093,Berlin-da3f,-2,40,Normal
2026-04-29 21:13:24.803093,Berlin-da3f,3,45,Normal
2026-04-29 21:13:25.803093,Berlin-da3f,28,7,Normal
2026-04-29 21:13:26.803093,Berlin-da3f,-23,24,Normal
2026-04-29 21:13:27.803093,Berlin-da3f,-26,43,Normal
2026-04-29 21:13:28.803093,Berlin-da3f,19,36,Normal
2026-04-29 21:13:29.803093,Berlin-da3f,23,95,Normal
2026-04-29 21:13:30.803093,Berlin-da3f,48,17,Normal
2026-04-29 21:13:31.803093,Berlin-da3f,29,20,Normal
2026-04-29 21:13:32.803093,Berlin-da3f,36,7,Normal
2026-04-29 21:13:33.803093,Berlin-da3f,33,77,Normal
2026-04-29 21:13:34.803093,Berlin-da3f,42,40,Normal
2026-04-29 21:13:35.803093,Berlin-da3f,-1,5,Normal
2026-04-29 21:13:36.803093,Berlin-da3f,39,85,Normal
2026-04-29 21:13:37.803093,Berlin-da3f,19,74,Normal
2026-04-29 21:13:38.803093,Berlin-da3f,-16,92,Normal
2026-04-29 21:13:39.803093,Berlin-da3f,-12,22,Normal
2026-04-29 21:13:40.803093,Berlin-da3f,31,22,Normal
2026-04-29 21:13:41.803093,Berlin-da3f,25,82,Normal
2026-04-29 21:13:42.803093,Berlin-da3f,25,49,Normal
2026-04-29 21:13:43.803093,Berlin-da3f,28,18,Normal
2026-04-29 21:13:44.803093,Berlin-da3f,47,88,Normal
2026-04-29 21:13:45.803093,Berlin-da3f,16,87,Normal
2026-04-29 21:13:46.803093,Berlin-da3f,26,22,Normal
2026-04-29 21:13:47.803093,Berlin-da3f,36,44,Normal
2026-04-29 21:13:48.803093,Berlin-da3f,44,33,Normal
2026-04-29 21:13:49.803093,Berlin-da3f,43,19,Normal
2026-04-29 21:13:50.803093,Berlin-da3f,-1,23,Normal
2026-04-29 21:13:51.803093,Berlin-da3f,-23,42,Normal
2026-04-29 21:13:52.803093,Berlin-da3f,46,64,Normal
2026-04-29 21:13:53.803093,Berlin-da3f,14,99,Normal
2026-04-29 21:13:54.803093,Berlin-da3f,15,38,Normal
2026-04-29 21:13:55.803093,Berlin-da3f,-26,11,Normal
2026-04-29 21:13:56.803093,Berlin-da3f,-24,41,Normal
2026-04-29 21:13:57.803093,Berlin-da3f,41,37,Normal
2026-04-29 21:13:58.803093,Berlin-da3f,13,94,Normal
2026-04-29 21:13:59.803093,Berlin-da3f,8,25,Normal
2026-04-29 21:14:00.803093,Berlin-da3f,-10,86,Normal
2026-04-29 21:14:01.803093,Berlin-da3f,-18,58,Normal
2026-04-29 21:14:02.803093,Berlin-da3f,38,35,Normal
2026-04-29 21:14:03.803093,Berlin-da3f,21,96,Normal
2026-04-29 21:14:04.803093,Berlin-da3f,-12,59,Normal
2026-04-29 21:14:05.803093,Berlin-da3f,43,43,Normal
2026-04-29 21:14:06.803093,Berlin-da3f,27,73,Normal
2026-04-29 21:14:07.803093,Berlin-da3f,-3,84,Normal
2026-04-29 21:14:08.803093,Berlin-da3f,37,58,Normal
2026-04-29 21:14:09.803093,Berlin-da3f,-26,32,Normal
2026-04-29 21:14:10.803093,Berlin-da3f,24,37,Normal
2026-04-29 21:14:11.803093,Berlin-da3f,25,8,Normal
2026-04-29 21:14:12.803093,Berlin-da3f,30,59,Normal
2026-04-29 21:14:13.803093,Berlin-da3f,2,77,Normal
2026-04-29 21:14:14.803093,Berlin-da3f,18,89,Normal
2026-04-29 21:14:15.803093,Berlin-da3f,17,53,Normal
2026-04-29 21:14:16.803093,Berlin-da3f,-24,65,Normal
2026-04-29 21:14:17.803093,Berlin-da3f,28,44,Normal
2026-04-29 21:14:18.803093,Berlin-da3f,-16,21,Normal
2026-04-29 21:14:19.803093,Berlin-da3f,-3,98,Normal
2026-04-29 21:14:20.803093,Berlin-da3f,23,49,Normal
2026-04-29 21:14:21.803093,Berlin-da3f,-3,54,Normal
2026-04-29 21:14:22.803093,Berlin-da3f,36,40,Normal
2026-04-29 21:14:23.803093,Berlin-da3f,23,66,Normal
2026-04-29 21:14:24.803093,Berlin-da3f,26,41,Normal
2026-04-29 21:14:25.803093,Berlin-da3f,1,18,Normal
2026-04-29 21:14:26.803093,Berlin-da3f,50,98,Normal
2026-04-29 21:14:27.803093,Berlin-da3f,-23,82,Normal
2026-04-29 21:14:28.803093,Berlin-da3f,-18,60,Normal
2026-04-29 21:14:29.803093,Berlin-da3f,14,62,Normal
2026-04-29 21:14:30.803093,Berlin-da3f,27,59,Normal
2026-04-29 21:14:31.803093,Berlin-da3f,-20,25,Normal
2026-04-29 21:14:32.803093,Berlin-da3f,25,60,Normal
2026-04-29 21:14:33.803093,Berlin-da3f,-21,29,Normal
2026-04-29 21:14:34.803093,Berlin-da3f,-21,47,Normal
2026-04-29 21:14:35.803093,Berlin-da3f,30,59,Normal
2026-04-29 21:14:36.803093,Berlin-da3f,8,71,Normal
2026-04-29 21:14:37.803093,Berlin-da3f,17,92,Normal
2026-04-29 21:14:38.803093,Berlin-da3f,-15,37,Normal
2026-04-29 21:14:39.803093,Berlin-da3f,-13,83,Normal
2026-04-29 21:14:40.803093,Berlin-da3f,29,2,Normal
2026-04-29 21:14:41.803093,Berlin-da3f,42,30,Normal
2026-04-29 21:14:42.803093,Berlin-da3f,1,92,Normal
2026-04-29 21:14:43.803093,Berlin-da3f,-3,37,Normal
2026-04-29 21:14:44.803093,Berlin-da3f,31,63,Normal
2026-04-29 21:14:45.803093,Berlin-da3f,-20,5,Normal
2026-04-29 21:14:46.803093,Berlin-da3f,32,34,Normal
2026-04-29 21:14:47.803093,Berlin-da3f,17,79,Normal
2026-04-29 21:14:48.803093,Berlin-da3f,-10,88,Normal
2026-04-29 21:14:49.803093,Berlin-da3f,49,74,Normal
2026-04-29 21:14:50.803093,Berlin-da3f,-12,85,Normal
2026-04-29 21:14:51.803093,Berlin-da3f,29,26,Normal
2026-04-29 21:14:52.803093,Berlin-da3f,-15,97,Normal
2026-04-29 21:14:53.803093,Berlin-da3f,-22,95,Normal
2026-04-29 21:14:54.803093,Berlin-da3f,44,28,Normal
2026-04-29 21:14:55.803093,Berlin-da3f,-15,84,Normal
2026-04-29 21:14:56.803093,Berlin-da3f,47,98,Normal
2026-04-29 21:14:57.803093,Berlin-da3f,28,60,Normal
2026-04-29 21:14:58.803093,Berlin-da3f,43,91,Normal
2026-04-29 21:14:59.803093,Berlin-da3f,-20,81,Normal
2026-04-29 21:15:00.803093,Berlin-da3f,28,80,Normal
2026-04-29 21:15:01.803093,Berlin-da3f,46,54,Normal
2026-04-29 21:15:02.803093,Berlin-da3f,-12,13,Normal
2026-04-29 21:15:03.803093,Berlin-da3f,33,9,Normal
2026-04-29 21:15:04.803093,Berlin-da3f,-27,25,Normal
2026-04-29 21:15:05.803093,Berlin-da3f,-8,19,Normal
2026-04-29 21:15:06.803093,Berlin-da3f,-16,66,Normal
2026-04-29 21:15:07.803093,Berlin-da3f,-28,96,Normal
2026-04-29 21:15:08.803093,Berlin-da3f,11,16,Normal
2026-04-29 21:15:09.803093,Berlin-da3f,-21,68,Normal
2026-04-29 21:15:10.803093,Berlin-da3f,-3,8,Normal
2026-04-29 21:15:11.803093,Berlin-da3f,35,85,Normal
2026-04-29 21:15:12.803093,Berlin-da3f,-24,100,Normal
2026-04-29 21:15:13.803093,Berlin-da3f,-12,76,Normal
2026-04-29 21:15:14.803093,Berlin-da3f,-14,55,Normal
2026-04-29 21:15:15.803093,Berlin-da3f,34,91,Normal
2026-04-29 21:15:16.803093,Berlin-da3f,-22,88,Normal
2026-04-29 21:15:17.803093,Berlin-da3f,-20,100,Normal
2026-04-29 21:15:18.803093,Berlin-da3f,29,12,Normal
2026-04-29 21:15:19.803093,Berlin-da3f,32,47,Normal
2026-04-29 21:15:20.803093,Berlin-da3f,13,38,Normal
2026-04-29 21:15:21.803093,Berlin-da3f,-6,78,Normal
2026-04-29 21:15:22.803093,Berlin-da3f,37,54,Normal
2026-04-29 21:15:23.803093,Berlin-da3f,-17,64,Normal
2026-04-29 21:15:24.803093,Berlin-da3f,-8,32,Normal
2026-04-29 21:15:25.803093,Berlin-da3f,10,55,Normal
2026-04-29 21:15:26.803093,Berlin-da3f,22,9,Normal
2026-04-29 21:15:27.803093,Berlin-da3f,2,56,Normal
2026-04-29 21:15:28.803093,Berlin-da3f,-20,90,Normal
2026-04-29 21:15:29.803093,Berlin-da3f,-29,99,Normal
2026-04-29 21:15:30.803093,Berlin-da3f,35,29,Normal
2026-04-29 21:15:31.803093,Berlin-da3f,-6,70,Normal
2026-04-29 21:15:32.803093,Berlin-da3f,35,62,Normal
2026-04-29 21:15:33.803093,Berlin-da3f,-30,22,Normal
2026-04-29 21:15:34.803093,Berlin-da3f,31,98,Normal
2026-04-29 21:15:35.803093,Berlin-da3f,32,48,Normal
2026-04-29 21:15:36.803093,Berlin-da3f,-22,29,Normal
2026-04-29 21:15:37.803093,Berlin-da3f,-16,2,Normal
2026-04-29 21:15:38.803093,Berlin-da3f,38,60,Normal
2026-04-29 21:15:39.803093,Berlin-da3f,-28,44,Normal
2026-04-29 21:15:40.803093,Berlin-da3f,-22,62,Normal
2026-04-29 21:15:41.803093,Berlin-da3f,42,79,Normal
2026-04-29 21:15:42.803093,Berlin-da3f,-10,11,Normal
2026-04-29 21:15:43.803093,Berlin-da3f,50,79,Normal
2026-04-29 21:15:44.803093,Berlin-da3f,-15,81,Normal
2026-04-29 21:15:45.803093,Berlin-da3f,20,34,Normal
2026-04-29 21:15:46.803093,Berlin-da3f,-28,12,Normal
2026-04-29 21:15:47.803093,Berlin-da3f,-23,30,Normal
2026-04-29 21:15:48.803093,Berlin-da3f,10,2,Normal
2026-04-29 21:15:49.803093,Berlin-da3f,-20,74,Normal
2026-04-29 21:15:50.803093,Berlin-da3f,-26,43,Normal
2026-04-29 21:15:51.803093,Berlin-da3f,4,96,Normal
2026-04-29 21:15:52.803093,Berlin-da3f,-8,47,Normal
2026-04-29 21:15:53.803093,Berlin-da3f,-11,10,Normal
2026-04-29 21:15:54.803093,Berlin-da3f,9,71,Normal
2026-04-29 21:15:55.803093,Berlin-da3f,30,63,Normal
2026-04-29 21:15:56.803093,Berlin-da3f,18,39,Normal
2026-04-29 21:15:57.803093,Berlin-da3f,45,19,Normal
2026-04-29 21:15:58.803093,Berlin-da3f,-14,81,Normal
2026-04-29 21:15:59.803093,Berlin-da3f,5,71,Normal
2026-04-29 21:16:00.803093,Berlin-da3f,-28,33,Normal
2026-04-29 21:16:01.803093,Berlin-da3f,23,99,Normal
2026-04-29 21:16:02.803093,Berlin-da3f,19,16,Normal
2026-04-29 21:16:03.803093,Berlin-da3f,32,2,Normal
2026-04-29 21:16:04.803093,Berlin-da3f,-24,65,Normal
2026-04-29 21:16:05.803093,Berlin-da3f,32,97,Normal
2026-04-29 21:16:06.803093,Berlin-da3f,-10,81,Normal
2026-04-29 21:16:07.803093,Berlin-da3f,24,84,Normal
2026-04-29 21:16:08.803093,Berlin-da3f,16,90,Normal
2026-04-29 21:16:09.803093,Berlin-da3f,-13,36,Normal
2026-04-29 21:16:10.803093,Berlin-da3f,18,45,Normal
2026-04-29 21:16:11.803093,Berlin-da3f,31,64,Normal
2026-04-29 21:16:12.803093,Berlin-da3f,24,25,Normal
2026-04-29 21:16:13.803093,Berlin-da3f,-28,65,Normal
2026-04-29 21:16:14.803093,Berlin-da3f,-18,96,Normal
2026-04-29 21:16:15.803093,Berlin-da3f,31,59,Normal
2026-04-29 21:16:16.803093,Berlin-da3f,30,82,Normal
2026-04-29 21:16:17.803093,Berlin-da3f,-2,91,Normal
2026-04-29 21:16:18.803093,Berlin-da3f,6,0,Normal
2026-04-29 21:16:19.803093,Berlin-da3f,33,38,Normal
2026-04-29 21:16:20.803093,Berlin-da3f,-11,43,Normal
2026-04-29 21:16:21.803093,Berlin-da3f,-26,96,Normal
2026-04-29 21:16:22.803093,Berlin-da3f,-22,49,Normal
2026-04-29 21:16:23.803093,Berlin-da3f,40,27,Normal
2026-04-29 21:16:24.803093,Berlin-da3f,-18,75,Normal
2026-04-29 21:16:25.803093,Berlin-da3f,8,69,Normal
2026-04-29 21:16:26.803093,Berlin-da3f,43,21,Normal
2026-04-29 21:16:27.803093,Berlin-da3f,13,49,Normal
2026-04-29 21:16:28.803093,Berlin-da3f,28,49,Normal
2026-04-29 21:16:29.803093,Berlin-da3f,-14,78,Normal
2026-04-29 21:16:30.803093,Berlin-da3f,17,35,Normal
2026-04-29 21:16:31.803093,Berlin-da3f,6,2,Normal
2026-04-29 21:16:32.803093,Berlin-da3f,-22,34,Normal
2026-04-29 21:16:33.803093,Berlin-da3f,38,96,Normal
2026-04-29 21:16:34.803093,Berlin-da3f,36,87,Normal
2026-04-29 21:16:35.803093,Berlin-da3f,-23,26,Normal
2026-04-29 21:16:36.803093,Berlin-da3f,29,82,Normal
2026-04-29 21:16:37.803093,Berlin-da3f,6,60,Normal
2026-04-29 21:16:38.803093,Berlin-da3f,-29,95,Normal
2026-04-29 21:16:39.803093,Berlin-da3f,-5,45,Normal
2026-04-29 21:16:40.803093,Berlin-da3f,-4,63,Normal
2026-04-29 21:16:41.803093,Berlin-da3f,37,29,Normal
2026-04-29 21:16:42.803093,Berlin-da3f,24,50,Normal
2026-04-29 21:16:43.803093,Berlin-da3f,26,48,Normal
2026-04-29 21:16:44.803093,Berlin-da3f,-2,19,Normal
2026-04-29 21:16:45.803093,Berlin-da3f,-18,91,Normal
2026-04-29 21:16:46.803093,Berlin-da3f,14,14,Normal
2026-04-29 21:16:47.803093,Berlin-da3f,11,55,Normal
2026-04-29 21:16:48.803093,Berlin-da3f,-19,37,Normal
2026-04-29 21:16:49.803093,Berlin-da3f,-24,77,Normal
2026-04-29 21:16:50.803093,Berlin-da3f,5,55,Normal
2026-04-29 21:16:51.803093,Berlin-da3f,26,49,Normal
2026-04-29 21:16:52.803093,Berlin-da3f,23,45,Normal
2026-04-29 21:16:53.803093,Berlin-da3f,48,54,Normal
2026-04-29 21:16:54.803093,Berlin-da3f,29,22,Normal
2026-04-29 21:16:55.803093,Berlin-da3f,15,25,Normal
2026-04-29 21:16:56.803093,Berlin-da3f,28,68,Normal
2026-04-29 21:16:57.803093,Berlin-da3f,0,40,Normal
2026-04-29 21:16:58.803093,Berlin-da3f,-15,98,Normal
2026-04-29 21:16:59.803093,Berlin-da3f,2,57,Normal
2026-04-29 21:17:00.803093,Berlin-da3f,47,42,Normal
2026-04-29 21:17:01.803093,Berlin-da3f,6,58,Normal
2026-04-29 21:17:02.803093,Berlin-da3f,20,80,Normal
2026-04-29 21:17:03.803093,Berlin-da3f,20,80,Normal
2026-04-29 21:17:04.803093,Berlin-da3f,-12,100,Normal
2026-04-29 21:17:05.803093,Berlin-da3f,23,64,Normal
2026-04-29 21:17:06.803093,Berlin-da3f,-5,26,Normal
2026-04-29 21:17:07.803093,Berlin-da3f,35,79,Normal
2026-04-29 21:17:08.803093,Berlin-da3f,39,3,Normal
2026-04-29 21:17:09.803093,Berlin-da3f,-14,13,Normal
2026-04-29 21:17:10.803093,Berlin-da3f,10,89,Normal
2026-04-29 21:17:11.803093,Berlin-da3f,28,50,Normal
2026-04-29 21:17:12.803093,Berlin-da3f,42,39,Normal
2026-04-29 21:17:13.803093,Berlin-da3f,25,94,Normal
2026-04-29 21:17:14.803093,Berlin-da3f,46,75,Normal
2026-04-29 21:17:15.803093,Berlin-da3f,31,91,Normal
2026-04-29 21:17:16.803093,Berlin-da3f,11,30,Normal
2026-04-29 21:17:17.803093,Berlin-da3f,-16,78,Normal
2026-04-29 21:17:18.803093,Berlin-da3f,21,23,Normal
2026-04-29 21:17:19.803093,Berlin-da3f,21,13,Normal
2026-04-29 21:17:20.803093,Berlin-da3f,42,91,Normal
2026-04-29 21:17:21.803093,Berlin-da3f,7,39,Normal
2026-04-29 21:17:22.803093,Berlin-da3f,-4,19,Normal
2026-04-29 21:17:23.803093,Berlin-da3f,-4,68,Normal
2026-04-29 21:17:24.803093,Berlin-da3f,-19,17,Normal
2026-04-29 21:17:25.803093,Berlin-da3f,36,83,Normal
2026-04-29 21:17:26.803093,Berlin-da3f,22,65,Normal
2026-04-29 21:17:27.803093,Berlin-da3f,21,33,Normal
2026-04-29 21:17:28.803093,Berlin-da3f,21,86,Normal
2026-04-29 21:17:29.803093,Berlin-da3f,47,33,Normal
2026-04-29 21:17:30.803093,Berlin-da3f,-7,80,Normal
2026-04-29 21:17:31.803093,Berlin-da3f,35,83,Normal
2026-04-29 21:17:32.803093,Berlin-da3f,9,71,Normal
2026-04-29 21:17:33.803093,Berlin-da3f,5,24,Normal
2026-04-29 21:17:34.803093,Berlin-da3f,-8,84,Normal
2026-04-29 21:17:35.803093,Berlin-da3f,-18,88,Normal
2026-04-29 21:17:36.803093,Berlin-da3f,31,61,Normal
2026-04-29 21:17:37.803093,Berlin-da3f,0,85,Normal
2026-04-29 21:17:38.803093,Berlin-da3f,32,26,Normal
2026-04-29 21:17:39.803093,Berlin-da3f,-4,23,Normal
2026-04-29 21:17:40.803093,Berlin-da3f,-17,28,Normal
2026-04-29 21:17:41.803093,Berlin-da3f,-13,29,Normal
2026-04-29 21:17:42.803093,Berlin-da3f,-21,1,Normal
2026-04-29 21:17:43.803093,Berlin-da3f,-22,85,Normal
2026-04-29 21:17:44.803093,Berlin-da3f,-15,96,Normal
2026-04-29 21:17:45.803093,Berlin-da3f,10,43,Normal
2026-04-29 21:17:46.803093,Berlin-da3f,-28,67,Normal
2026-04-29 21:17:47.803093,Berlin-da3f,0,62,Normal
2026-04-29 21:17:48.803093,Berlin-da3f,10,82,Normal
2026-04-29 21:17:49.803093,Berlin-da3f,-26,90,Normal
2026-04-29 21:17:50.803093,Berlin-da3f,23,71,Normal
2026-04-29 21:17:51.803093,Berlin-da3f,-4,96,Normal
2026-04-29 21:17:52.803093,Berlin-da3f,30,93,Normal
2026-04-29 21:17:53.803093,Berlin-da3f,9,15,Normal
2026-04-29 21:17:54.803093,Berlin-da3f,36,92,Normal
2026-04-29 21:17:55.803093,Berlin-da3f,-30,72,Normal
2026-04-29 21:17:56.803093,Berlin-da3f,10,30,Normal
2026-04-29 21:17:57.803093,Berlin-da3f,30,87,Normal
2026-04-29 21:17:58.803093,Berlin-da3f,19,22,Normal
2026-04-29 21:17:59.803093,Berlin-da3f,9,47,Normal
2026-04-29 21:18:00.803093,Berlin-da3f,-9,1,Normal
2026-04-29 21:18:01.803093,Berlin-da3f,0,71,Normal
2026-04-29 21:18:02.803093,Berlin-da3f,-3,30,Normal
2026-04-29 21:18:03.803093,Berlin-da3f,13,74,Normal
2026-04-29 21:18:04.803093,Berlin-da3f,-10,26,Normal
2026-04-29 21:18:05.803093,Berlin-da3f,44,60,Normal
2026-04-29 21:18:06.803093,Berlin-da3f,-21,2,Normal
2026-04-29 21:18:07.803093,Berlin-da3f,13,68,Normal
2026-04-29 21:18:08.803093,Berlin-da3f,6,82,Normal
2026-04-29 21:18:09.803093,Berlin-da3f,32,26,Normal
2026-04-29 21:18:10.803093,Berlin-da3f,11,65,Normal
2026-04-29 21:18:11.803093,Berlin-da3f,-30,16,Normal
2026-04-29 21:18:12.803093,Berlin-da3f,45,19,Normal
2026-04-29 21:18:13.803093,Berlin-da3f,46,99,Normal
2026-04-29 21:18:14.803093,Berlin-da3f,-15,35,Normal
2026-04-29 21:18:15.803093,Berlin-da3f,45,100,Normal
2026-04-29 21:18:16.803093,Berlin-da3f,-7,84,Normal
2026-04-29 21:18:17.803093,Berlin-da3f,1,10,Normal
2026-04-29 21:18:18.803093,Berlin-da3f,32,85,Normal
2026-04-29 21:18:19.803093,Berlin-da3f,-21,24,Normal
2026-04-29 21:18:20.803093,Berlin-da3f,-24,1,Normal
2026-04-29 21:18:21.803093,Berlin-da3f,-21,17,Normal
2026-04-29 21:18:22.803093,Berlin-da3f,-25,75,Normal
2026-04-29 21:18:23.803093,Berlin-da3f,21,20,Normal
2026-04-29 21:18:24.803093,Berlin-da3f,17,8,Normal
2026-04-29 21:18:25.803093,Berlin-da3f,4,55,Normal
2026-04-29 21:18:26.803093,Berlin-da3f,-10,67,Normal
2026-04-29 21:18:27.803093,Berlin-da3f,40,10,Normal
2026-04-29 21:18:28.803093,Berlin-da3f,0,81,Normal
2026-04-29 21:18:29.803093,Berlin-da3f,15,55,Normal
2026-04-29 21:18:30.803093,Berlin-da3f,30,77,Normal
2026-04-29 21:18:31.803093,Berlin-da3f,-1,11,Normal
2026-04-29 21:18:32.803093,Berlin-da3f,-21,46,Normal
2026-04-29 21:18:33.803093,Berlin-da3f,-1,72,Normal
2026-04-29 21:18:34.803093,Berlin-da3f,22,82,Normal
2026-04-29 21:18:35.803093,Berlin-da3f,37,53,Normal
2026-04-29 21:18:36.803093,Berlin-da3f,34,53,Normal
2026-04-29 21:18:37.803093,Berlin-da3f,10,82,Normal
2026-04-29 21:18:38.803093,Berlin-da3f,24,80,Normal
2026-04-29 21:18:39.803093,Berlin-da3f,3,4,Normal
2026-04-29 21:18:40.803093,Berlin-da3f,11,61,Normal
2026-04-29 21:18:41.803093,Berlin-da3f,48,55,Normal
2026-04-29 21:18:42.803093,Berlin-da3f,-27,31,Normal
2026-04-29 21:18:43.803093,Berlin-da3f,-21,82,Normal
2026-04-29 21:18:44.803093,Berlin-da3f,32,60,Normal
2026-04-29 21:18:45.803093,Berlin-da3f,-29,65,Normal
2026-04-29 21:18:46.803093,Berlin-da3f,-22,30,Normal
2026-04-29 21:18:47.803093,Berlin-da3f,-23,70,Normal
2026-04-29 21:18:48.803093,Berlin-da3f,-12,86,Normal
2026-04-29 21:18:49.803093,Berlin-da3f,33,98,Normal
2026-04-29 21:18:50.803093,Berlin-da3f,-19,52,Normal
2026-04-29 21:18:51.803093,Berlin-da3f,22,1,Normal
2026-04-29 21:18:52.803093,Berlin-da3f,12,60,Normal
2026-04-29 21:18:53.803093,Berlin-da3f,22,61,Normal
2026-04-29 21:18:54.803093,Berlin-da3f,35,29,Normal
2026-04-29 21:18:55.803093,Berlin-da3f,-8,24,Normal
2026-04-29 21:18:56.803093,Berlin-da3f,-8,100,Normal
2026-04-29 21:18:57.803093,Berlin-da3f,42,72,Normal
2026-04-29 21:18:58.803093,Berlin-da3f,-17,72,Normal
2026-04-29 21:18:59.803093,Berlin-da3f,17,11,Normal
2026-04-29 21:19:00.803093,Berlin-da3f,12,9,Normal
2026-04-29 21:19:01.803093,Berlin-da3f,-28,12,Normal
2026-04-29 21:19:02.803093,Berlin-da3f,39,56,Normal
2026-04-29 21:19:03.803093,Berlin-da3f,22,96,Normal
2026-04-29 21:19:04.803093,Berlin-da3f,40,6,Normal
2026-04-29 21:19:05.803093,Berlin-da3f,31,65,Normal
2026-04-29 21:19:06.803093,Berlin-da3f,37,29,Normal
2026-04-29 21:19:07.803093,Berlin-da3f,-8,28,Normal
2026-04-29 21:19:08.803093,Berlin-da3f,42,11,Normal
2026-04-29 21:19:09.803093,Berlin-da3f,-12,92,Normal
2026-04-29 21:19:10.803093,Berlin-da3f,33,48,Normal
2026-04-29 21:19:11.803093,Berlin-da3f,20,90,Normal
2026-04-29 21:19:12.803093,Berlin-da3f,-1,32,Normal
2026-04-29 21:19:13.803093,Berlin-da3f,26,8,Normal
2026-04-29 21:19:14.803093,Berlin-da3f,48,7,Normal
2026-04-29 21:19:15.803093,Berlin-da3f,5,90,Normal
2026-04-29 21:19:16.803093,Berlin-da3f,45,60,Normal
2026-04-29 21:19:17.803093,Berlin-da3f,2,3,Normal
2026-04-29 21:19:18.803093,Berlin-da3f,36,22,Normal
2026-04-29 21:19:19.803093,Berlin-da3f,-21,37,Normal
2026-04-29 21:19:20.803093,Berlin-da3f,-30,85,Normal
2026-04-29 21:19:21.803093,Berlin-da3f,-15,14,Normal
2026-04-29 21:19:22.803093,Berlin-da3f,5,99,Normal
2026-04-29 21:19:23.803093,Berlin-da3f,38,12,Normal
2026-04-29 21:19:24.803093,Berlin-da3f,-20,62,Normal
2026-04-29 21:19:25.803093,Berlin-da3f,4,20,Normal
2026-04-29 21:19:26.803093,Berlin-da3f,-29,13,Normal
2026-04-29 21:19:27.803093,Berlin-da3f,41,72,Normal
2026-04-29 21:19:28.803093,Berlin-da3f,-6,63,Normal
2026-04-29 21:19:29.803093,Berlin-da3f,45,49,Normal
2026-04-29 21:19:30.803093,Berlin-da3f,29,11,Normal
2026-04-29 21:19:31.803093,Berlin-da3f,41,70,Normal
2026-04-29 21:19:32.803093,Berlin-da3f,-24,77,Normal
2026-04-29 21:19:33.803093,Berlin-da3f,-6,95,Normal
2026-04-29 21:19:34.803093,Berlin-da3f,-6,21,Normal
2026-04-29 21:19:35.803093,Berlin-da3f,21,64,Normal
2026-04-29 21:19:36.803093,Berlin-da3f,-9,73,Normal
2026-04-29 21:19:37.803093,Berlin-da3f,-18,64,Normal
2026-04-29 21:19:38.803093,Berlin-da3f,0,86,Normal
2026-04-29 21:19:39.803093,Berlin-da3f,0,83,Normal
2026-04-29 21:19:40.803093,Berlin-da3f,-22,39,Normal
2026-04-29 21:19:41.803093,Berlin-da3f,-8,19,Normal
2026-04-29 21:19:42.803093,Berlin-da3f,31,8,Normal
2026-04-29 21:19:43.803093,Berlin-da3f,31,38,Normal
2026-04-29 21:19:44.803093,Berlin-da3f,37,34,Normal
2026-04-29 21:19:45.803093,Berlin-da3f,19,44,Normal
2026-04-29 21:19:46.803093,Berlin-da3f,47,79,Normal
2026-04-29 21:19:47.803093,Berlin-da3f,0,38,Normal
2026-04-29 21:19:48.803093,Berlin-da3f,-21,90,Normal
2026-04-29 21:19:49.803093,Berlin-da3f,28,82,Normal
2026-04-29 21:19:50.803093,Berlin-da3f,18,92,Normal
2026-04-29 21:19:51.803093,Berlin-da3f,5,76,Normal
2026-04-29 21:19:52.803093,Berlin-da3f,-2,1,Normal
2026-04-29 21:19:53.803093,Berlin-da3f,21,8,Normal
2026-04-29 21:19:54.803093,Berlin-da3f,-4,6,Normal
2026-04-29 21:19:55.803093,Berlin-da3f,8,44,Normal
2026-04-29 21:19:56.803093,Berlin-da3f,20,94,Normal
2026-04-29 21:19:57.803093,Berlin-da3f,22,87,Normal
2026-04-29 21:19:58.803093,Berlin-da3f,12,79,Normal
2026-04-29 21:19:59.803093,Berlin-da3f,13,91,Normal
2026-04-29 21:20:00.803093,Berlin-da3f,-20,1,Normal
2026-04-29 21:20:01.803093,Berlin-da3f,-14,18,Normal
2026-04-29 21:20:02.803093,Berlin-da3f,1,71,Normal
2026-04-29 21:20:03.803093,Berlin-da3f,28,29,Normal
2026-04-29 21:20:04.803093,Berlin-da3f,46,50,Normal
2026-04-29 21:20:05.803093,Berlin-da3f,0,21,Normal
2026-04-29 21:20:06.803093,Berlin-da3f,13,91,Normal
2026-04-29 21:20:07.803093,Berlin-da3f,19,51,Normal
2026-04-29 21:20:08.803093,Berlin-da3f,-20,58,Normal
2026-04-29 21:20:09.803093,Berlin-da3f,-19,7,Normal
2026-04-29 21:20:10.803093,Berlin-da3f,22,46,Normal
2026-04-29 21:20:11.803093,Berlin-da3f,2,32,Normal
2026-04-29 21:20:12.803093,Berlin-da3f,41,38,Normal
2026-04-29 21:20:13.803093,Berlin-da3f,29,13,Normal
2026-04-29 21:20:14.803093,Berlin-da3f,-29,21,Normal
2026-04-29 21:20:15.803093,Berlin-da3f,41,75,Normal
2026-04-29 21:20:16.803093,Berlin-da3f,44,12,Normal
2026-04-29 21:20:17.803093,Berlin-da3f,-1,39,Normal
2026-04-29 21:20:18.803093,Berlin-da3f,11,83,Normal
2026-04-29 21:20:19.803093,Berlin-da3f,-22,34,Normal
2026-04-29 21:20:20.803093,Berlin-da3f,-25,22,Normal
2026-04-29 21:20:21.803093,Berlin-da3f,46,75,Normal
2026-04-29 21:20:22.803093,Berlin-da3f,19,11,Normal
2026-04-29 21:20:23.803093,Berlin-da3f,35,74,Normal
2026-04-29 21:20:24.803093,Berlin-da3f,10,42,Normal
2026-04-29 21:20:25.803093,Berlin-da3f,50,1,Normal
2026-04-29 21:20:26.803093,Berlin-da3f,17,51,Normal
2026-04-29 21:20:27.803093,Berlin-da3f,20,64,Normal
2026-04-29 21:20:28.803093,Berlin-da3f,42,18,Normal
2026-04-29 21:20:29.803093,Berlin-da3f,21,31,Normal
2026-04-29 21:20:30.803093,Berlin-da3f,6,51,Normal
2026-04-29 21:20:31.803093,Berlin-da3f,4,55,Normal
2026-04-29 21:20:32.803093,Berlin-da3f,13,63,Normal
2026-04-29 21:20:33.803093,Berlin-da3f,38,60,Normal
2026-04-29 21:20:34.803093,Berlin-da3f,46,77,Normal
2026-04-29 21:20:35.803093,Berlin-da3f,25,95,Normal
2026-04-29 21:20:36.803093,Berlin-da3f,15,89,Normal
2026-04-29 21:20:37.803093,Berlin-da3f,-5,63,Normal
2026-04-29 21:20:38.803093,Berlin-da3f,-24,73,Normal
2026-04-29 21:20:39.803093,Berlin-da3f,12,6,Normal
2026-04-29 21:20:40.803093,Berlin-da3f,9,78,Normal
2026-04-29 21:20:41.803093,Berlin-da3f,15,65,Normal
2026-04-29 21:20:42.803093,Berlin-da3f,48,78,Normal
2026-04-29 21:20:43.803093,Berlin-da3f,10,21,Normal
2026-04-29 21:20:44.803093,Berlin-da3f,-11,45,Normal
2026-04-29 21:20:45.803093,Berlin-da3f,42,59,Normal
2026-04-29 21:20:46.803093,Berlin-da3f,2,76,Normal
2026-04-29 21:20:47.803093,Berlin-da3f,18,78,Normal
2026-04-29 21:20:48.803093,Berlin-da3f,22,45,Normal
2026-04-29 21:20:49.803093,Berlin-da3f,28,33,Normal
2026-04-29 21:20:50.803093,Berlin-da3f,-3,75,Normal
2026-04-29 21:20:51.803093,Berlin-da3f,46,92,Normal
2026-04-29 21:20:52.803093,Berlin-da3f,-16,23,Normal
2026-04-29 21:20:53.803093,Berlin-da3f,3,57,Normal
2026-04-29 21:20:54.803093,Berlin-da3f,8,37,Normal
2026-04-29 21:20:55.803093,Berlin-da3f,-22,55,Normal
2026-04-29 21:20:56.803093,Berlin-da3f,6,28,Normal
2026-04-29 21:20:57.803093,Berlin-da3f,-17,36,Normal
2026-04-29 21:20:58.803093,Berlin-da3f,-24,66,Normal
2026-04-29 21:20:59.803093,Berlin-da3f,-15,33,Normal
2026-04-29 21:21:00.803093,Berlin-da3f,-14,32,Normal
2026-04-29 21:21:01.803093,Berlin-da3f,42,44,Normal
2026-04-29 21:21:02.803093,Berlin-da3f,-21,9,Normal
2026-04-29 21:21:03.803093,Berlin-da3f,-20,19,Normal
2026-04-29 21:21:04.803093,Berlin-da3f,33,97,Normal
2026-04-29 21:21:05.803093,Berlin-da3f,35,87,Normal
2026-04-29 21:21:06.803093,Berlin-da3f,30,44,Normal
2026-04-29 21:21:07.803093,Berlin-da3f,-21,69,Normal
2026-04-29 21:21:08.803093,Berlin-da3f,-21,71,Normal
2026-04-29 21:21:09.803093,Berlin-da3f,43,96,Normal
2026-04-29 21:21:10.803093,Berlin-da3f,46,45,Normal
2026-04-29 21:21:11.803093,Berlin-da3f,31,63,Normal
2026-04-29 21:21:12.803093,Berlin-da3f,-25,21,Normal
2026-04-29 21:21:13.803093,Berlin-da3f,44,21,Normal
2026-04-29 21:21:14.803093,Berlin-da3f,45,92,Normal
2026-04-29 21:21:15.803093,Berlin-da3f,6,55,Normal
2026-04-29 21:21:16.803093,Berlin-da3f,-6,46,Normal
2026-04-29 21:21:17.803093,Berlin-da3f,-16,63,Normal
2026-04-29 21:21:18.803093,Berlin-da3f,40,97,Normal
2026-04-29 21:21:19.803093,Berlin-da3f,-6,66,Normal
2026-04-29 21:21:20.803093,Berlin-da3f,13,97,Normal
2026-04-29 21:21:21.803093,Berlin-da3f,29,66,Normal
2026-04-29 21:21:22.803093,Berlin-da3f,34,34,Normal
2026-04-29 21:21:23.803093,Berlin-da3f,-20,51,Normal
2026-04-29 21:21:24.803093,Berlin-da3f,49,51,Normal
2026-04-29 21:21:25.803093,Berlin-da3f,-22,94,Normal
2026-04-29 21:21:26.803093,Berlin-da3f,16,24,Normal
2026-04-29 21:21:27.803093,Berlin-da3f,14,56,Normal
2026-04-29 21:21:28.803093,Berlin-da3f,42,19,Normal
2026-04-29 21:21:29.803093,Berlin-da3f,48,46,Normal
2026-04-29 21:21:30.803093,Berlin-da3f,-28,57,Normal
2026-04-29 21:21:31.803093,Berlin-da3f,36,53,Normal
2026-04-29 21:21:32.803093,Berlin-da3f,45,41,Normal
2026-04-29 21:21:33.803093,Berlin-da3f,-30,86,Normal
2026-04-29 21:21:34.803093,Berlin-da3f,48,98,Normal
2026-04-29 21:21:35.803093,Berlin-da3f,15,4,Normal
2026-04-29 21:21:36.803093,Berlin-da3f,12,71,Normal
2026-04-29 21:21:37.803093,Berlin-da3f,48,32,Normal
2026-04-29 21:21:38.803093,Berlin-da3f,46,7,Normal
2026-04-29 21:21:39.803093,Berlin-da3f,-11,67,Normal
2026-04-29 21:21:40.803093,Berlin-da3f,-14,65,Normal
2026-04-29 21:21:41.803093,Berlin-da3f,31,64,Normal
2026-04-29 21:21:42.803093,Berlin-da3f,-17,60,Normal
2026-04-29 21:21:43.803093,Berlin-da3f,-29,75,Normal
2026-04-29 21:21:44.803093,Berlin-da3f,46,21,Normal
2026-04-29 21:21:45.803093,Berlin-da3f,50,49,Normal
2026-04-29 21:21:46.803093,Berlin-da3f,47,76,Normal
2026-04-29 21:21:47.803093,Berlin-da3f,-1,87,Normal
2026-04-29 21:21:48.803093,Berlin-da3f,19,10,Normal
2026-04-29 21:21:49.803093,Berlin-da3f,-25,20,Normal
2026-04-29 21:21:50.803093,Berlin-da3f,-13,8,Normal
2026-04-29 21:21:51.803093,Berlin-da3f,15,7,Normal
2026-04-29 21:21:52.803093,Berlin-da3f,22,53,Normal
2026-04-29 21:21:53.803093,Berlin-da3f,8,39,Normal
2026-04-29 21:21:54.803093,Berlin-da3f,49,92,Normal
2026-04-29 21:21:55.803093,Berlin-da3f,-24,14,Normal
2026-04-29 21:21:56.803093,Berlin-da3f,-11,18,Normal
2026-04-29 21:21:57.803093,Berlin-da3f,19,68,Normal
2026-04-29 21:21:58.803093,Berlin-da3f,34,36,Normal
2026-04-29 21:21:59.803093,Berlin-da3f,30,99,Normal
2026-04-29 21:22:00.803093,Berlin-da3f,24,66,Normal
2026-04-29 21:22:01.803093,Berlin-da3f,21,45,Normal
2026-04-29 21:22:02.803093,Berlin-da3f,-5,17,Normal
2026-04-29 21:22:03.803093,Berlin-da3f,-30,95,Normal
2026-04-29 21:22:04.803093,Berlin-da3f,49,83,Normal
2026-04-29 21:22:05.803093,Berlin-da3f,49,30,Normal
2026-04-29 21:22:06.803093,Berlin-da3f,38,92,Normal
2026-04-29 21:22:07.803093,Berlin-da3f,7,0,Normal
2026-04-29 21:22:08.803093,Berlin-da3f,-14,15,Normal
2026-04-29 21:22:09.803093,Berlin-da3f,-27,73,Normal
2026-04-29 21:22:10.803093,Berlin-da3f,27,71,Normal
2026-04-29 21:22:11.803093,Berlin-da3f,6,83,Normal
2026-04-29 21:22:12.803093,Berlin-da3f,21,56,Normal
2026-04-29 21:22:13.803093,Berlin-da3f,-22,8,Normal
2026-04-29 21:22:14.803093,Berlin-da3f,44,46,Normal
2026-04-29 21:22:15.803093,Berlin-da3f,-5,10,Normal
2026-04-29 21:22:16.803093,Berlin-da3f,-22,47,Normal
2026-04-29 21:22:17.803093,Berlin-da3f,39,36,Normal
2026-04-29 21:22:18.803093,Berlin-da3f,-8,33,Normal
2026-04-29 21:22:19.803093,Berlin-da3f,-22,38,Normal
2026-04-29 21:22:20.803093,Berlin-da3f,49,81,Normal
2026-04-29 21:22:21.803093,Berlin-da3f,-24,83,Normal
2026-04-29 21:22:22.803093,Berlin-da3f,5,19,Normal
2026-04-29 21:22:23.803093,Berlin-da3f,17,84,Normal
2026-04-29 21:22:24.803093,Berlin-da3f,-16,6,Normal
2026-04-29 21:22:25.803093,Berlin-da3f,-13,94,Normal
2026-04-29 21:22:26.803093,Berlin-da3f,-4,56,Normal
2026-04-29 21:22:27.803093,Berlin-da3f,47,30,Normal
2026-04-29 21:22:28.803093,Berlin-da3f,-11,7,Normal
2026-04-29 21:22:29.803093,Berlin-da3f,21,9,Normal
2026-04-29 21:22:30.803093,Berlin-da3f,-6,85,Normal
2026-04-29 21:22:31.803093,Berlin-da3f,34,73,Normal
2026-04-29 21:22:32.803093,Berlin-da3f,-26,38,Normal
2026-04-29 21:22:33.803093,Berlin-da3f,-21,92,Normal
2026-04-29 21:22:34.803093,Berlin-da3f,10,65,Normal
2026-04-29 21:22:35.803093,Berlin-da3f,3,37,Normal
2026-04-29 21:22:36.803093,Berlin-da3f,-6,79,Normal
2026-04-29 21:22:37.803093,Berlin-da3f,6,27,Normal
2026-04-29 21:22:38.803093,Berlin-da3f,6,25,Normal
2026-04-29 21:22:39.803093,Berlin-da3f,6,45,Normal
2026-04-29 21:22:40.803093,Berlin-da3f,-1,90,Normal
2026-04-29 21:22:41.803093,Berlin-da3f,15,2,Normal
2026-04-29 21:22:42.803093,Berlin-da3f,-13,81,Normal
2026-04-29 21:22:43.803093,Berlin-da3f,-27,17,Normal
2026-04-29 21:22:44.803093,Berlin-da3f,-5,50,Normal
2026-04-29 21:22:45.803093,Berlin-da3f,47,49,Normal
2026-04-29 21:22:46.803093,Berlin-da3f,47,70,Normal
2026-04-29 21:22:47.803093,Berlin-da3f,-13,80,Normal
2026-04-29 21:22:48.803093,Berlin-da3f,46,74,Normal
2026-04-29 21:22:49.803093,Berlin-da3f,36,92,Normal
2026-04-29 21:22:50.803093,Berlin-da3f,38,76,Normal
2026-04-29 21:22:51.803093,Berlin-da3f,39,31,Normal
2026-04-29 21:22:52.803093,Berlin-da3f,-26,92,Normal
2026-04-29 21:22:53.803093,Berlin-da3f,6,66,Normal
2026-04-29 21:22:54.803093,Berlin-da3f,-28,46,Normal
2026-04-29 21:22:55.803093,Berlin-da3f,44,53,Normal
2026-04-29 21:22:56.803093,Berlin-da3f,31,74,Normal
2026-04-29 21:22:57.803093,Berlin-da3f,27,90,Normal
2026-04-29 21:22:58.803093,Berlin-da3f,19,8,Normal
2026-04-29 21:22:59.803093,Berlin-da3f,34,49,Normal
2026-04-29 21:23:00.803093,Berlin-da3f,-9,42,Normal
2026-04-29 21:23:01.803093,Berlin-da3f,-22,12,Normal
2026-04-29 21:23:02.803093,Berlin-da3f,-21,65,Normal
2026-04-29 21:23:03.803093,Berlin-da3f,38,50,Normal
2026-04-29 21:23:04.803093,Berlin-da3f,34,66,Normal
2026-04-29 21:23:05.803093,Berlin-da3f,36,27,Normal
2026-04-29 21:23:06.803093,Berlin-da3f,23,11,Normal
2026-04-29 21:23:07.803093,Berlin-da3f,-18,50,Normal
2026-04-29 21:23:08.803093,Berlin-da3f,-17,95,Normal
2026-04-29 21:23:09.803093,Berlin-da3f,-25,43,Normal
2026-04-29 21:23:10.803093,Berlin-da3f,39,0,Normal
2026-04-29 21:23:11.803093,Berlin-da3f,46,19,Normal
2026-04-29 21:23:12.803093,Berlin-da3f,5,1,Normal
2026-04-29 21:23:13.803093,Berlin-da3f,-18,34,Normal
2026-04-29 21:23:14.803093,Berlin-da3f,39,100,Normal
