timestamp,station_id,temp,humid,condition
2026-02-08 15:38:28.880946,Seoul-5731,8,14,Normal
2026-02-08 15:38:29.880946,Seoul-5731,15,15,Normal
2026-02-08 15:38:30.880946,Seoul-5731,33,19,Normal
2026-02-08 15:38:31.880946,Seoul-5731,16,21,Normal
2026-02-08 15:38:32.880946,Seoul-5731,-7,14,Normal
2026-02-08 15:38:33.880946,Seoul-5731,33,99,Normal
2026-02-08 15:38:34.880946,Seoul-5731,-18,11,Normal
2026-02-08 15:38:35.880946,Seoul-5731,34,95,Normal
2026-02-08 15:38:36.880946,Seoul-5731,-6,40,Normal
2026-02-08 15:38:37.880946,Seoul-5731,30,49,Normal
2026-02-08 15:38:38.880946,Seoul-5731,27,14,Normal
2026-02-08 15:38:39.880946,Seoul-5731,-16,53,Normal
2026-02-08 15:38:40.880946,Seoul-5731,41,8,Normal
2026-02-08 15:38:41.880946,Seoul-5731,25,9,Normal
2026-02-08 15:38:42.880946,Seoul-5731,-17,10,Normal
2026-02-08 15:38:43.880946,Seoul-5731,15,77,Normal
2026-02-08 15:38:44.880946,Seoul-5731,-18,70,Normal
2026-02-08 15:38:45.880946,Seoul-5731,-4,26,Normal
2026-02-08 15:38:46.880946,Seoul-5731,-3,43,Normal
2026-02-08 15:38:47.880946,Seoul-5731,9,81,Normal
2026-02-08 15:38:48.880946,Seoul-5731,30,26,Normal
2026-02-08 15:38:49.880946,Seoul-5731,49,65,Normal
2026-02-08 15:38:50.880946,Seoul-5731,31,25,Normal
2026-02-08 15:38:51.880946,Seoul-5731,28,3,Normal
2026-02-08 15:38:52.880946,Seoul-5731,18,15,Normal
2026-02-08 15:38:53.880946,Seoul-5731,13,54,Normal
2026-02-08 15:38:54.880946,Seoul-5731,-21,43,Normal
2026-02-08 15:38:55.880946,Seoul-5731,19,0,Normal
2026-02-08 15:38:56.880946,Seoul-5731,-9,8,Normal
2026-02-08 15:38:57.880946,Seoul-5731,22,92,Normal
2026-02-08 15:38:58.880946,Seoul-5731,28,0,Normal
2026-02-08 15:38:59.880946,Seoul-5731,25,57,Normal
2026-02-08 15:39:00.880946,Seoul-5731,-24,52,Normal
2026-02-08 15:39:01.880946,Seoul-5731,3,0,Normal
2026-02-08 15:39:02.880946,Seoul-5731,-15,12,Normal
2026-02-08 15:39:03.880946,Seoul-5731,40,46,Normal
2026-02-08 15:39:04.880946,Seoul-5731,46,91,Normal
2026-02-08 15:39:05.880946,Seoul-5731,-1,10,Normal
2026-02-08 15:39:06.880946,Seoul-5731,-2,92,Normal
2026-02-08 15:39:07.880946,Seoul-5731,1,88,Normal
2026-02-08 15:39:08.880946,Seoul-5731,39,8,Normal
2026-02-08 15:39:09.880946,Seoul-5731,-16,77,Normal
2026-02-08 15:39:10.880946,Seoul-5731,47,10,Normal
2026-02-08 15:39:11.880946,Seoul-5731,14,37,Normal
2026-02-08 15:39:12.880946,Seoul-5731,-11,40,Normal
2026-02-08 15:39:13.880946,Seoul-5731,-18,56,Normal
2026-02-08 15:39:14.880946,Seoul-5731,3,67,Normal
2026-02-08 15:39:15.880946,Seoul-5731,-10,90,Normal
2026-02-08 15:39:16.880946,Seoul-5731,-24,72,Normal
2026-02-08 15:39:17.880946,Seoul-5731,-26,88,Normal
2026-02-08 15:39:18.880946,Seoul-5731,-16,7,Normal
2026-02-08 15:39:19.880946,Seoul-5731,40,96,Normal
2026-02-08 15:39:20.880946,Seoul-5731,-15,74,Normal
2026-02-08 15:39:21.880946,Seoul-5731,-24,7,Normal
2026-02-08 15:39:22.880946,Seoul-5731,8,52,Normal
2026-02-08 15:39:23.880946,Seoul-5731,16,29,Normal
2026-02-08 15:39:24.880946,Seoul-5731,49,94,Normal
2026-02-08 15:39:25.880946,Seoul-5731,32,53,Normal
2026-02-08 15:39:26.880946,Seoul-5731,-28,38,Normal
2026-02-08 15:39:27.880946,Seoul-5731,-2,45,Normal
2026-02-08 15:39:28.880946,Seoul-5731,-25,16,Normal
2026-02-08 15:39:29.880946,Seoul-5731,-19,94,Normal
2026-02-08 15:39:30.880946,Seoul-5731,39,38,Normal
2026-02-08 15:39:31.880946,Seoul-5731,-15,89,Normal
2026-02-08 15:39:32.880946,Seoul-5731,23,37,Normal
2026-02-08 15:39:33.880946,Seoul-5731,-23,58,Normal
2026-02-08 15:39:34.880946,Seoul-5731,35,5,Normal
2026-02-08 15:39:35.880946,Seoul-5731,16,3,Normal
2026-02-08 15:39:36.880946,Seoul-5731,19,19,Normal
2026-02-08 15:39:37.880946,Seoul-5731,47,14,Normal
2026-02-08 15:39:38.880946,Seoul-5731,-4,34,Normal
2026-02-08 15:39:39.880946,Seoul-5731,21,89,Normal
2026-02-08 15:39:40.880946,Seoul-5731,25,71,Normal
2026-02-08 15:39:41.880946,Seoul-5731,30,94,Normal
2026-02-08 15:39:42.880946,Seoul-5731,20,61,Normal
2026-02-08 15:39:43.880946,Seoul-5731,40,1,Normal
2026-02-08 15:39:44.880946,Seoul-5731,-15,42,Normal
2026-02-08 15:39:45.880946,Seoul-5731,-30,54,Normal
2026-02-08 15:39:46.880946,Seoul-5731,-8,36,Normal
2026-02-08 15:39:47.880946,Seoul-5731,49,31,Normal
2026-02-08 15:39:48.880946,Seoul-5731,21,99,Normal
2026-02-08 15:39:49.880946,Seoul-5731,17,37,Normal
2026-02-08 15:39:50.880946,Seoul-5731,-8,54,Normal
2026-02-08 15:39:51.880946,Seoul-5731,-26,61,Normal
2026-02-08 15:39:52.880946,Seoul-5731,-6,28,Normal
2026-02-08 15:39:53.880946,Seoul-5731,-22,47,Normal
2026-02-08 15:39:54.880946,Seoul-5731,-4,88,Normal
2026-02-08 15:39:55.880946,Seoul-5731,1,16,Normal
2026-02-08 15:39:56.880946,Seoul-5731,14,91,Normal
2026-02-08 15:39:57.880946,Seoul-5731,-22,19,Normal
2026-02-08 15:39:58.880946,Seoul-5731,-21,8,Normal
2026-02-08 15:39:59.880946,Seoul-5731,-20,48,Normal
2026-02-08 15:40:00.880946,Seoul-5731,30,54,Normal
2026-02-08 15:40:01.880946,Seoul-5731,-6,72,Normal
2026-02-08 15:40:02.880946,Seoul-5731,-17,60,Normal
2026-02-08 15:40:03.880946,Seoul-5731,23,38,Normal
2026-02-08 15:40:04.880946,Seoul-5731,44,25,Normal
2026-02-08 15:40:05.880946,Seoul-5731,30,77,Normal
2026-02-08 15:40:06.880946,Seoul-5731,-9,84,Normal
2026-02-08 15:40:07.880946,Seoul-5731,43,17,Normal
2026-02-08 15:40:08.880946,Seoul-5731,-5,22,Normal
2026-02-08 15:40:09.880946,Seoul-5731,-24,10,Normal
2026-02-08 15:40:10.880946,Seoul-5731,-18,71,Normal
2026-02-08 15:40:11.880946,Seoul-5731,19,8,Normal
2026-02-08 15:40:12.880946,Seoul-5731,8,86,Normal
2026-02-08 15:40:13.880946,Seoul-5731,14,50,Normal
2026-02-08 15:40:14.880946,Seoul-5731,8,84,Normal
2026-02-08 15:40:15.880946,Seoul-5731,49,73,Normal
2026-02-08 15:40:16.880946,Seoul-5731,38,49,Normal
2026-02-08 15:40:17.880946,Seoul-5731,0,77,Normal
2026-02-08 15:40:18.880946,Seoul-5731,-17,78,Normal
2026-02-08 15:40:19.880946,Seoul-5731,34,13,Normal
2026-02-08 15:40:20.880946,Seoul-5731,-26,39,Normal
2026-02-08 15:40:21.880946,Seoul-5731,-16,27,Normal
2026-02-08 15:40:22.880946,Seoul-5731,-10,72,Normal
2026-02-08 15:40:23.880946,Seoul-5731,-30,22,Normal
2026-02-08 15:40:24.880946,Seoul-5731,42,36,Normal
2026-02-08 15:40:25.880946,Seoul-5731,9,57,Normal
2026-02-08 15:40:26.880946,Seoul-5731,-27,41,Normal
2026-02-08 15:40:27.880946,Seoul-5731,-3,90,Normal
2026-02-08 15:40:28.880946,Seoul-5731,-17,16,Normal
2026-02-08 15:40:29.880946,Seoul-5731,10,10,Normal
2026-02-08 15:40:30.880946,Seoul-5731,-9,20,Normal
2026-02-08 15:40:31.880946,Seoul-5731,32,99,Normal
2026-02-08 15:40:32.880946,Seoul-5731,23,29,Normal
2026-02-08 15:40:33.880946,Seoul-5731,23,82,Normal
2026-02-08 15:40:34.880946,Seoul-5731,-26,47,Normal
2026-02-08 15:40:35.880946,Seoul-5731,-1,78,Normal
2026-02-08 15:40:36.880946,Seoul-5731,34,90,Normal
2026-02-08 15:40:37.880946,Seoul-5731,5,19,Normal
2026-02-08 15:40:38.880946,Seoul-5731,24,43,Normal
2026-02-08 15:40:39.880946,Seoul-5731,0,53,Normal
2026-02-08 15:40:40.880946,Seoul-5731,-8,1,Normal
2026-02-08 15:40:41.880946,Seoul-5731,42,32,Normal
2026-02-08 15:40:42.880946,Seoul-5731,40,15,Normal
2026-02-08 15:40:43.880946,Seoul-5731,38,7,Normal
2026-02-08 15:40:44.880946,Seoul-5731,-13,56,Normal
2026-02-08 15:40:45.880946,Seoul-5731,-18,49,Normal
2026-02-08 15:40:46.880946,Seoul-5731,-9,88,Normal
2026-02-08 15:40:47.880946,Seoul-5731,39,19,Normal
2026-02-08 15:40:48.880946,Seoul-5731,-26,51,Normal
2026-02-08 15:40:49.880946,Seoul-5731,-14,73,Normal
2026-02-08 15:40:50.880946,Seoul-5731,24,28,Normal
2026-02-08 15:40:51.880946,Seoul-5731,-2,33,Normal
2026-02-08 15:40:52.880946,Seoul-5731,3,31,Normal
2026-02-08 15:40:53.880946,Seoul-5731,42,90,Normal
2026-02-08 15:40:54.880946,Seoul-5731,29,54,Normal
2026-02-08 15:40:55.880946,Seoul-5731,31,9,Normal
2026-02-08 15:40:56.880946,Seoul-5731,22,51,Normal
2026-02-08 15:40:57.880946,Seoul-5731,13,78,Normal
2026-02-08 15:40:58.880946,Seoul-5731,-13,22,Normal
2026-02-08 15:40:59.880946,Seoul-5731,34,23,Normal
2026-02-08 15:41:00.880946,Seoul-5731,19,70,Normal
2026-02-08 15:41:01.880946,Seoul-5731,13,78,Normal
2026-02-08 15:41:02.880946,Seoul-5731,36,64,Normal
2026-02-08 15:41:03.880946,Seoul-5731,26,45,Normal
2026-02-08 15:41:04.880946,Seoul-5731,-29,64,Normal
2026-02-08 15:41:05.880946,Seoul-5731,21,9,Normal
2026-02-08 15:41:06.880946,Seoul-5731,33,57,Normal
2026-02-08 15:41:07.880946,Seoul-5731,-4,80,Normal
2026-02-08 15:41:08.880946,Seoul-5731,-25,99,Normal
2026-02-08 15:41:09.880946,Seoul-5731,21,34,Normal
2026-02-08 15:41:10.880946,Seoul-5731,15,74,Normal
2026-02-08 15:41:11.880946,Seoul-5731,49,79,Normal
2026-02-08 15:41:12.880946,Seoul-5731,3,68,Normal
2026-02-08 15:41:13.880946,Seoul-5731,6,61,Normal
2026-02-08 15:41:14.880946,Seoul-5731,15,52,Normal
2026-02-08 15:41:15.880946,Seoul-5731,33,46,Normal
2026-02-08 15:41:16.880946,Seoul-5731,8,80,Normal
2026-02-08 15:41:17.880946,Seoul-5731,3,54,Normal
2026-02-08 15:41:18.880946,Seoul-5731,35,70,Normal
2026-02-08 15:41:19.880946,Seoul-5731,1,94,Normal
2026-02-08 15:41:20.880946,Seoul-5731,23,68,Normal
2026-02-08 15:41:21.880946,Seoul-5731,19,32,Normal
2026-02-08 15:41:22.880946,Seoul-5731,27,15,Normal
2026-02-08 15:41:23.880946,Seoul-5731,25,69,Normal
2026-02-08 15:41:24.880946,Seoul-5731,29,1,Normal
2026-02-08 15:41:25.880946,Seoul-5731,-28,44,Normal
2026-02-08 15:41:26.880946,Seoul-5731,32,89,Normal
2026-02-08 15:41:27.880946,Seoul-5731,-16,26,Normal
2026-02-08 15:41:28.880946,Seoul-5731,-27,42,Normal
2026-02-08 15:41:29.880946,Seoul-5731,-9,3,Normal
2026-02-08 15:41:30.880946,Seoul-5731,28,78,Normal
2026-02-08 15:41:31.880946,Seoul-5731,34,42,Normal
2026-02-08 15:41:32.880946,Seoul-5731,43,17,Normal
2026-02-08 15:41:33.880946,Seoul-5731,43,22,Normal
2026-02-08 15:41:34.880946,Seoul-5731,-23,14,Normal
2026-02-08 15:41:35.880946,Seoul-5731,40,10,Normal
2026-02-08 15:41:36.880946,Seoul-5731,13,1,Normal
2026-02-08 15:41:37.880946,Seoul-5731,0,10,Normal
2026-02-08 15:41:38.880946,Seoul-5731,-12,79,Normal
2026-02-08 15:41:39.880946,Seoul-5731,8,85,Normal
2026-02-08 15:41:40.880946,Seoul-5731,4,27,Normal
2026-02-08 15:41:41.880946,Seoul-5731,-28,96,Normal
2026-02-08 15:41:42.880946,Seoul-5731,-12,32,Normal
2026-02-08 15:41:43.880946,Seoul-5731,5,69,Normal
2026-02-08 15:41:44.880946,Seoul-5731,50,26,Normal
2026-02-08 15:41:45.880946,Seoul-5731,-18,55,Normal
2026-02-08 15:41:46.880946,Seoul-5731,4,52,Normal
2026-02-08 15:41:47.880946,Seoul-5731,-26,7,Normal
2026-02-08 15:41:48.880946,Seoul-5731,41,62,Normal
2026-02-08 15:41:49.880946,Seoul-5731,-18,72,Normal
2026-02-08 15:41:50.880946,Seoul-5731,32,24,Normal
2026-02-08 15:41:51.880946,Seoul-5731,29,18,Normal
2026-02-08 15:41:52.880946,Seoul-5731,41,77,Normal
2026-02-08 15:41:53.880946,Seoul-5731,33,22,Normal
2026-02-08 15:41:54.880946,Seoul-5731,26,73,Normal
2026-02-08 15:41:55.880946,Seoul-5731,36,76,Normal
2026-02-08 15:41:56.880946,Seoul-5731,11,17,Normal
2026-02-08 15:41:57.880946,Seoul-5731,13,28,Normal
2026-02-08 15:41:58.880946,Seoul-5731,39,53,Normal
2026-02-08 15:41:59.880946,Seoul-5731,42,82,Normal
2026-02-08 15:42:00.880946,Seoul-5731,23,42,Normal
2026-02-08 15:42:01.880946,Seoul-5731,40,52,Normal
2026-02-08 15:42:02.880946,Seoul-5731,17,79,Normal
2026-02-08 15:42:03.880946,Seoul-5731,-25,37,Normal
2026-02-08 15:42:04.880946,Seoul-5731,-26,95,Normal
2026-02-08 15:42:05.880946,Seoul-5731,-9,60,Normal
2026-02-08 15:42:06.880946,Seoul-5731,-6,65,Normal
2026-02-08 15:42:07.880946,Seoul-5731,-1,50,Normal
2026-02-08 15:42:08.880946,Seoul-5731,46,28,Normal
2026-02-08 15:42:09.880946,Seoul-5731,16,67,Normal
2026-02-08 15:42:10.880946,Seoul-5731,-4,94,Normal
2026-02-08 15:42:11.880946,Seoul-5731,22,14,Normal
2026-02-08 15:42:12.880946,Seoul-5731,-23,87,Normal
2026-02-08 15:42:13.880946,Seoul-5731,16,21,Normal
2026-02-08 15:42:14.880946,Seoul-5731,19,19,Normal
2026-02-08 15:42:15.880946,Seoul-5731,-24,12,Normal
2026-02-08 15:42:16.880946,Seoul-5731,5,50,Normal
2026-02-08 15:42:17.880946,Seoul-5731,35,1,Normal
2026-02-08 15:42:18.880946,Seoul-5731,15,94,Normal
2026-02-08 15:42:19.880946,Seoul-5731,2,48,Normal
2026-02-08 15:42:20.880946,Seoul-5731,-27,95,Normal
2026-02-08 15:42:21.880946,Seoul-5731,43,54,Normal
2026-02-08 15:42:22.880946,Seoul-5731,-21,50,Normal
2026-02-08 15:42:23.880946,Seoul-5731,3,69,Normal
2026-02-08 15:42:24.880946,Seoul-5731,-17,47,Normal
2026-02-08 15:42:25.880946,Seoul-5731,-12,71,Normal
2026-02-08 15:42:26.880946,Seoul-5731,2,30,Normal
2026-02-08 15:42:27.880946,Seoul-5731,21,3,Normal
2026-02-08 15:42:28.880946,Seoul-5731,12,9,Normal
2026-02-08 15:42:29.880946,Seoul-5731,19,67,Normal
2026-02-08 15:42:30.880946,Seoul-5731,-9,25,Normal
2026-02-08 15:42:31.880946,Seoul-5731,42,96,Normal
2026-02-08 15:42:32.880946,Seoul-5731,47,28,Normal
2026-02-08 15:42:33.880946,Seoul-5731,-18,56,Normal
2026-02-08 15:42:34.880946,Seoul-5731,38,56,Normal
2026-02-08 15:42:35.880946,Seoul-5731,45,75,Normal
2026-02-08 15:42:36.880946,Seoul-5731,36,36,Normal
2026-02-08 15:42:37.880946,Seoul-5731,25,25,Normal
2026-02-08 15:42:38.880946,Seoul-5731,-22,63,Normal
2026-02-08 15:42:39.880946,Seoul-5731,40,61,Normal
2026-02-08 15:42:40.880946,Seoul-5731,24,99,Normal
2026-02-08 15:42:41.880946,Seoul-5731,14,2,Normal
2026-02-08 15:42:42.880946,Seoul-5731,39,46,Normal
2026-02-08 15:42:43.880946,Seoul-5731,-25,32,Normal
2026-02-08 15:42:44.880946,Seoul-5731,12,77,Normal
2026-02-08 15:42:45.880946,Seoul-5731,-9,74,Normal
2026-02-08 15:42:46.880946,Seoul-5731,-3,78,Normal
2026-02-08 15:42:47.880946,Seoul-5731,42,19,Normal
2026-02-08 15:42:48.880946,Seoul-5731,10,99,Normal
2026-02-08 15:42:49.880946,Seoul-5731,40,45,Normal
2026-02-08 15:42:50.880946,Seoul-5731,4,62,Normal
2026-02-08 15:42:51.880946,Seoul-5731,16,26,Normal
2026-02-08 15:42:52.880946,Seoul-5731,44,51,Normal
2026-02-08 15:42:53.880946,Seoul-5731,15,96,Normal
2026-02-08 15:42:54.880946,Seoul-5731,26,58,Normal
2026-02-08 15:42:55.880946,Seoul-5731,3,18,Normal
2026-02-08 15:42:56.880946,Seoul-5731,-9,20,Normal
2026-02-08 15:42:57.880946,Seoul-5731,-4,73,Normal
2026-02-08 15:42:58.880946,Seoul-5731,-30,0,Normal
2026-02-08 15:42:59.880946,Seoul-5731,-27,7,Normal
2026-02-08 15:43:00.880946,Seoul-5731,-7,66,Normal
2026-02-08 15:43:01.880946,Seoul-5731,34,47,Normal
2026-02-08 15:43:02.880946,Seoul-5731,7,40,Normal
2026-02-08 15:43:03.880946,Seoul-5731,44,81,Normal
2026-02-08 15:43:04.880946,Seoul-5731,42,10,Normal
2026-02-08 15:43:05.880946,Seoul-5731,-17,53,Normal
2026-02-08 15:43:06.880946,Seoul-5731,30,81,Normal
2026-02-08 15:43:07.880946,Seoul-5731,-17,19,Normal
2026-02-08 15:43:08.880946,Seoul-5731,15,21,Normal
2026-02-08 15:43:09.880946,Seoul-5731,27,70,Normal
2026-02-08 15:43:10.880946,Seoul-5731,28,41,Normal
2026-02-08 15:43:11.880946,Seoul-5731,-27,64,Normal
2026-02-08 15:43:12.880946,Seoul-5731,-19,34,Normal
2026-02-08 15:43:13.880946,Seoul-5731,28,28,Normal
2026-02-08 15:43:14.880946,Seoul-5731,2,96,Normal
2026-02-08 15:43:15.880946,Seoul-5731,32,97,Normal
2026-02-08 15:43:16.880946,Seoul-5731,-25,12,Normal
2026-02-08 15:43:17.880946,Seoul-5731,2,20,Normal
2026-02-08 15:43:18.880946,Seoul-5731,-29,95,Normal
2026-02-08 15:43:19.880946,Seoul-5731,47,79,Normal
2026-02-08 15:43:20.880946,Seoul-5731,48,11,Normal
2026-02-08 15:43:21.880946,Seoul-5731,24,81,Normal
2026-02-08 15:43:22.880946,Seoul-5731,-2,13,Normal
2026-02-08 15:43:23.880946,Seoul-5731,-3,93,Normal
2026-02-08 15:43:24.880946,Seoul-5731,10,46,Normal
2026-02-08 15:43:25.880946,Seoul-5731,-13,11,Normal
2026-02-08 15:43:26.880946,Seoul-5731,-8,92,Normal
2026-02-08 15:43:27.880946,Seoul-5731,9,10,Normal
2026-02-08 15:43:28.880946,Seoul-5731,38,71,Normal
2026-02-08 15:43:29.880946,Seoul-5731,-14,11,Normal
2026-02-08 15:43:30.880946,Seoul-5731,11,14,Normal
2026-02-08 15:43:31.880946,Seoul-5731,-30,54,Normal
2026-02-08 15:43:32.880946,Seoul-5731,-16,43,Normal
2026-02-08 15:43:33.880946,Seoul-5731,1,9,Normal
2026-02-08 15:43:34.880946,Seoul-5731,24,11,Normal
2026-02-08 15:43:35.880946,Seoul-5731,9,77,Normal
2026-02-08 15:43:36.880946,Seoul-5731,30,61,Normal
2026-02-08 15:43:37.880946,Seoul-5731,43,17,Normal
2026-02-08 15:43:38.880946,Seoul-5731,13,54,Normal
2026-02-08 15:43:39.880946,Seoul-5731,35,3,Normal
2026-02-08 15:43:40.880946,Seoul-5731,-16,22,Normal
2026-02-08 15:43:41.880946,Seoul-5731,22,55,Normal
2026-02-08 15:43:42.880946,Seoul-5731,19,79,Normal
2026-02-08 15:43:43.880946,Seoul-5731,32,96,Normal
2026-02-08 15:43:44.880946,Seoul-5731,34,71,Normal
2026-02-08 15:43:45.880946,Seoul-5731,-18,32,Normal
2026-02-08 15:43:46.880946,Seoul-5731,36,20,Normal
2026-02-08 15:43:47.880946,Seoul-5731,7,78,Normal
2026-02-08 15:43:48.880946,Seoul-5731,-16,4,Normal
2026-02-08 15:43:49.880946,Seoul-5731,-8,49,Normal
2026-02-08 15:43:50.880946,Seoul-5731,-24,53,Normal
2026-02-08 15:43:51.880946,Seoul-5731,-10,67,Normal
2026-02-08 15:43:52.880946,Seoul-5731,1,37,Normal
2026-02-08 15:43:53.880946,Seoul-5731,46,96,Normal
2026-02-08 15:43:54.880946,Seoul-5731,43,20,Normal
2026-02-08 15:43:55.880946,Seoul-5731,10,51,Normal
2026-02-08 15:43:56.880946,Seoul-5731,-4,85,Normal
2026-02-08 15:43:57.880946,Seoul-5731,49,20,Normal
2026-02-08 15:43:58.880946,Seoul-5731,-23,67,Normal
2026-02-08 15:43:59.880946,Seoul-5731,-12,49,Normal
2026-02-08 15:44:00.880946,Seoul-5731,2,94,Normal
2026-02-08 15:44:01.880946,Seoul-5731,7,46,Normal
2026-02-08 15:44:02.880946,Seoul-5731,28,8,Normal
2026-02-08 15:44:03.880946,Seoul-5731,42,5,Normal
2026-02-08 15:44:04.880946,Seoul-5731,35,24,Normal
2026-02-08 15:44:05.880946,Seoul-5731,-15,2,Normal
2026-02-08 15:44:06.880946,Seoul-5731,11,0,Normal
2026-02-08 15:44:07.880946,Seoul-5731,-25,48,Normal
2026-02-08 15:44:08.880946,Seoul-5731,-5,18,Normal
2026-02-08 15:44:09.880946,Seoul-5731,36,37,Normal
2026-02-08 15:44:10.880946,Seoul-5731,21,12,Normal
2026-02-08 15:44:11.880946,Seoul-5731,-9,76,Normal
2026-02-08 15:44:12.880946,Seoul-5731,30,57,Normal
2026-02-08 15:44:13.880946,Seoul-5731,-3,12,Normal
2026-02-08 15:44:14.880946,Seoul-5731,-21,97,Normal
2026-02-08 15:44:15.880946,Seoul-5731,13,54,Normal
2026-02-08 15:44:16.880946,Seoul-5731,-14,95,Normal
2026-02-08 15:44:17.880946,Seoul-5731,11,99,Normal
2026-02-08 15:44:18.880946,Seoul-5731,43,84,Normal
2026-02-08 15:44:19.880946,Seoul-5731,49,30,Normal
2026-02-08 15:44:20.880946,Seoul-5731,16,67,Normal
2026-02-08 15:44:21.880946,Seoul-5731,29,60,Normal
2026-02-08 15:44:22.880946,Seoul-5731,12,41,Normal
2026-02-08 15:44:23.880946,Seoul-5731,13,18,Normal
2026-02-08 15:44:24.880946,Seoul-5731,43,39,Normal
2026-02-08 15:44:25.880946,Seoul-5731,-16,9,Normal
2026-02-08 15:44:26.880946,Seoul-5731,-9,8,Normal
2026-02-08 15:44:27.880946,Seoul-5731,6,27,Normal
2026-02-08 15:44:28.880946,Seoul-5731,5,100,Normal
2026-02-08 15:44:29.880946,Seoul-5731,-10,51,Normal
2026-02-08 15:44:30.880946,Seoul-5731,4,16,Normal
2026-02-08 15:44:31.880946,Seoul-5731,-29,95,Normal
2026-02-08 15:44:32.880946,Seoul-5731,-24,87,Normal
2026-02-08 15:44:33.880946,Seoul-5731,-6,53,Normal
2026-02-08 15:44:34.880946,Seoul-5731,41,70,Normal
2026-02-08 15:44:35.880946,Seoul-5731,42,6,Normal
2026-02-08 15:44:36.880946,Seoul-5731,-3,31,Normal
2026-02-08 15:44:37.880946,Seoul-5731,11,97,Normal
2026-02-08 15:44:38.880946,Seoul-5731,5,83,Normal
2026-02-08 15:44:39.880946,Seoul-5731,20,44,Normal
2026-02-08 15:44:40.880946,Seoul-5731,49,96,Normal
2026-02-08 15:44:41.880946,Seoul-5731,-18,98,Normal
2026-02-08 15:44:42.880946,Seoul-5731,48,72,Normal
2026-02-08 15:44:43.880946,Seoul-5731,3,97,Normal
2026-02-08 15:44:44.880946,Seoul-5731,25,81,Normal
2026-02-08 15:44:45.880946,Seoul-5731,18,55,Normal
2026-02-08 15:44:46.880946,Seoul-5731,7,47,Normal
2026-02-08 15:44:47.880946,Seoul-5731,32,89,Normal
2026-02-08 15:44:48.880946,Seoul-5731,30,26,Normal
2026-02-08 15:44:49.880946,Seoul-5731,11,48,Normal
2026-02-08 15:44:50.880946,Seoul-5731,-30,69,Normal
2026-02-08 15:44:51.880946,Seoul-5731,-26,11,Normal
2026-02-08 15:44:52.880946,Seoul-5731,-22,6,Normal
2026-02-08 15:44:53.880946,Seoul-5731,14,33,Normal
2026-02-08 15:44:54.880946,Seoul-5731,49,22,Normal
2026-02-08 15:44:55.880946,Seoul-5731,24,22,Normal
2026-02-08 15:44:56.880946,Seoul-5731,-23,70,Normal
2026-02-08 15:44:57.880946,Seoul-5731,40,90,Normal
2026-02-08 15:44:58.880946,Seoul-5731,-10,56,Normal
2026-02-08 15:44:59.880946,Seoul-5731,38,2,Normal
2026-02-08 15:45:00.880946,Seoul-5731,28,56,Normal
2026-02-08 15:45:01.880946,Seoul-5731,11,40,Normal
2026-02-08 15:45:02.880946,Seoul-5731,6,70,Normal
2026-02-08 15:45:03.880946,Seoul-5731,25,50,Normal
2026-02-08 15:45:04.880946,Seoul-5731,25,59,Normal
2026-02-08 15:45:05.880946,Seoul-5731,47,69,Normal
2026-02-08 15:45:06.880946,Seoul-5731,31,90,Normal
2026-02-08 15:45:07.880946,Seoul-5731,-7,77,Normal
2026-02-08 15:45:08.880946,Seoul-5731,33,93,Normal
2026-02-08 15:45:09.880946,Seoul-5731,44,18,Normal
2026-02-08 15:45:10.880946,Seoul-5731,42,14,Normal
2026-02-08 15:45:11.880946,Seoul-5731,1,12,Normal
2026-02-08 15:45:12.880946,Seoul-5731,30,18,Normal
2026-02-08 15:45:13.880946,Seoul-5731,1,70,Normal
2026-02-08 15:45:14.880946,Seoul-5731,46,20,Normal
2026-02-08 15:45:15.880946,Seoul-5731,40,44,Normal
2026-02-08 15:45:16.880946,Seoul-5731,19,33,Normal
2026-02-08 15:45:17.880946,Seoul-5731,15,45,Normal
2026-02-08 15:45:18.880946,Seoul-5731,-22,76,Normal
2026-02-08 15:45:19.880946,Seoul-5731,-3,62,Normal
2026-02-08 15:45:20.880946,Seoul-5731,5,21,Normal
2026-02-08 15:45:21.880946,Seoul-5731,-11,66,Normal
2026-02-08 15:45:22.880946,Seoul-5731,48,40,Normal
2026-02-08 15:45:23.880946,Seoul-5731,-11,81,Normal
2026-02-08 15:45:24.880946,Seoul-5731,-17,96,Normal
2026-02-08 15:45:25.880946,Seoul-5731,5,10,Normal
2026-02-08 15:45:26.880946,Seoul-5731,8,80,Normal
2026-02-08 15:45:27.880946,Seoul-5731,-29,93,Normal
2026-02-08 15:45:28.880946,Seoul-5731,49,92,Normal
2026-02-08 15:45:29.880946,Seoul-5731,41,68,Normal
2026-02-08 15:45:30.880946,Seoul-5731,-24,39,Normal
2026-02-08 15:45:31.880946,Seoul-5731,-21,54,Normal
2026-02-08 15:45:32.880946,Seoul-5731,-25,14,Normal
2026-02-08 15:45:33.880946,Seoul-5731,-19,63,Normal
2026-02-08 15:45:34.880946,Seoul-5731,-9,41,Normal
2026-02-08 15:45:35.880946,Seoul-5731,30,91,Normal
2026-02-08 15:45:36.880946,Seoul-5731,-28,5,Normal
2026-02-08 15:45:37.880946,Seoul-5731,23,94,Normal
2026-02-08 15:45:38.880946,Seoul-5731,-23,94,Normal
2026-02-08 15:45:39.880946,Seoul-5731,-4,73,Normal
2026-02-08 15:45:40.880946,Seoul-5731,0,77,Normal
2026-02-08 15:45:41.880946,Seoul-5731,18,89,Normal
2026-02-08 15:45:42.880946,Seoul-5731,10,12,Normal
2026-02-08 15:45:43.880946,Seoul-5731,-29,87,Normal
2026-02-08 15:45:44.880946,Seoul-5731,13,100,Normal
2026-02-08 15:45:45.880946,Seoul-5731,35,47,Normal
2026-02-08 15:45:46.880946,Seoul-5731,34,73,Normal
2026-02-08 15:45:47.880946,Seoul-5731,21,99,Normal
2026-02-08 15:45:48.880946,Seoul-5731,34,1,Normal
2026-02-08 15:45:49.880946,Seoul-5731,-18,85,Normal
2026-02-08 15:45:50.880946,Seoul-5731,-3,33,Normal
2026-02-08 15:45:51.880946,Seoul-5731,25,37,Normal
2026-02-08 15:45:52.880946,Seoul-5731,-15,51,Normal
2026-02-08 15:45:53.880946,Seoul-5731,-23,45,Normal
2026-02-08 15:45:54.880946,Seoul-5731,-17,93,Normal
2026-02-08 15:45:55.880946,Seoul-5731,50,22,Normal
2026-02-08 15:45:56.880946,Seoul-5731,24,8,Normal
2026-02-08 15:45:57.880946,Seoul-5731,-11,63,Normal
2026-02-08 15:45:58.880946,Seoul-5731,-6,35,Normal
2026-02-08 15:45:59.880946,Seoul-5731,27,37,Normal
2026-02-08 15:46:00.880946,Seoul-5731,42,21,Normal
2026-02-08 15:46:01.880946,Seoul-5731,46,92,Normal
2026-02-08 15:46:02.880946,Seoul-5731,35,18,Normal
2026-02-08 15:46:03.880946,Seoul-5731,-12,100,Normal
2026-02-08 15:46:04.880946,Seoul-5731,19,99,Normal
2026-02-08 15:46:05.880946,Seoul-5731,33,25,Normal
2026-02-08 15:46:06.880946,Seoul-5731,20,8,Normal
2026-02-08 15:46:07.880946,Seoul-5731,17,44,Normal
2026-02-08 15:46:08.880946,Seoul-5731,25,60,Normal
2026-02-08 15:46:09.880946,Seoul-5731,31,54,Normal
2026-02-08 15:46:10.880946,Seoul-5731,34,97,Normal
2026-02-08 15:46:11.880946,Seoul-5731,-7,61,Normal
2026-02-08 15:46:12.880946,Seoul-5731,36,49,Normal
2026-02-08 15:46:13.880946,Seoul-5731,46,96,Normal
2026-02-08 15:46:14.880946,Seoul-5731,26,0,Normal
2026-02-08 15:46:15.880946,Seoul-5731,12,53,Normal
2026-02-08 15:46:16.880946,Seoul-5731,-10,74,Normal
2026-02-08 15:46:17.880946,Seoul-5731,-23,6,Normal
2026-02-08 15:46:18.880946,Seoul-5731,4,28,Normal
2026-02-08 15:46:19.880946,Seoul-5731,24,7,Normal
2026-02-08 15:46:20.880946,Seoul-5731,-23,68,Normal
2026-02-08 15:46:21.880946,Seoul-5731,-16,45,Normal
2026-02-08 15:46:22.880946,Seoul-5731,44,96,Normal
2026-02-08 15:46:23.880946,Seoul-5731,-30,4,Normal
2026-02-08 15:46:24.880946,Seoul-5731,-25,68,Normal
2026-02-08 15:46:25.880946,Seoul-5731,-5,47,Normal
2026-02-08 15:46:26.880946,Seoul-5731,12,14,Normal
2026-02-08 15:46:27.880946,Seoul-5731,35,66,Normal
2026-02-08 15:46:28.880946,Seoul-5731,21,79,Normal
2026-02-08 15:46:29.880946,Seoul-5731,-10,50,Normal
2026-02-08 15:46:30.880946,Seoul-5731,-12,56,Normal
2026-02-08 15:46:31.880946,Seoul-5731,0,73,Normal
2026-02-08 15:46:32.880946,Seoul-5731,-21,80,Normal
2026-02-08 15:46:33.880946,Seoul-5731,23,8,Normal
2026-02-08 15:46:34.880946,Seoul-5731,7,50,Normal
2026-02-08 15:46:35.880946,Seoul-5731,-23,46,Normal
2026-02-08 15:46:36.880946,Seoul-5731,-26,63,Normal
2026-02-08 15:46:37.880946,Seoul-5731,2,24,Normal
2026-02-08 15:46:38.880946,Seoul-5731,6,7,Normal
2026-02-08 15:46:39.880946,Seoul-5731,-16,63,Normal
2026-02-08 15:46:40.880946,Seoul-5731,-5,65,Normal
2026-02-08 15:46:41.880946,Seoul-5731,23,53,Normal
2026-02-08 15:46:42.880946,Seoul-5731,9,93,Normal
2026-02-08 15:46:43.880946,Seoul-5731,-21,3,Normal
2026-02-08 15:46:44.880946,Seoul-5731,-3,12,Normal
2026-02-08 15:46:45.880946,Seoul-5731,46,29,Normal
2026-02-08 15:46:46.880946,Seoul-5731,12,1,Normal
2026-02-08 15:46:47.880946,Seoul-5731,25,61,Normal
2026-02-08 15:46:48.880946,Seoul-5731,48,22,Normal
2026-02-08 15:46:49.880946,Seoul-5731,-1,79,Normal
2026-02-08 15:46:50.880946,Seoul-5731,16,90,Normal
2026-02-08 15:46:51.880946,Seoul-5731,38,7,Normal
2026-02-08 15:46:52.880946,Seoul-5731,-9,98,Normal
2026-02-08 15:46:53.880946,Seoul-5731,43,10,Normal
2026-02-08 15:46:54.880946,Seoul-5731,40,90,Normal
2026-02-08 15:46:55.880946,Seoul-5731,36,24,Normal
2026-02-08 15:46:56.880946,Seoul-5731,16,15,Normal
2026-02-08 15:46:57.880946,Seoul-5731,-21,1,Normal
2026-02-08 15:46:58.880946,Seoul-5731,-19,78,Normal
2026-02-08 15:46:59.880946,Seoul-5731,9,74,Normal
2026-02-08 15:47:00.880946,Seoul-5731,23,24,Normal
2026-02-08 15:47:01.880946,Seoul-5731,-7,13,Normal
2026-02-08 15:47:02.880946,Seoul-5731,36,80,Normal
2026-02-08 15:47:03.880946,Seoul-5731,-21,30,Normal
2026-02-08 15:47:04.880946,Seoul-5731,33,51,Normal
2026-02-08 15:47:05.880946,Seoul-5731,-4,64,Normal
2026-02-08 15:47:06.880946,Seoul-5731,26,29,Normal
2026-02-08 15:47:07.880946,Seoul-5731,-13,32,Normal
2026-02-08 15:47:08.880946,Seoul-5731,-15,14,Normal
2026-02-08 15:47:09.880946,Seoul-5731,46,71,Normal
2026-02-08 15:47:10.880946,Seoul-5731,23,28,Normal
2026-02-08 15:47:11.880946,Seoul-5731,42,70,Normal
2026-02-08 15:47:12.880946,Seoul-5731,39,41,Normal
2026-02-08 15:47:13.880946,Seoul-5731,49,9,Normal
2026-02-08 15:47:14.880946,Seoul-5731,46,7,Normal
2026-02-08 15:47:15.880946,Seoul-5731,-3,28,Normal
2026-02-08 15:47:16.880946,Seoul-5731,4,76,Normal
2026-02-08 15:47:17.880946,Seoul-5731,29,45,Normal
2026-02-08 15:47:18.880946,Seoul-5731,-8,58,Normal
2026-02-08 15:47:19.880946,Seoul-5731,-4,8,Normal
2026-02-08 15:47:20.880946,Seoul-5731,5,35,Normal
2026-02-08 15:47:21.880946,Seoul-5731,18,51,Normal
2026-02-08 15:47:22.880946,Seoul-5731,-24,43,Normal
2026-02-08 15:47:23.880946,Seoul-5731,-10,12,Normal
2026-02-08 15:47:24.880946,Seoul-5731,9,53,Normal
2026-02-08 15:47:25.880946,Seoul-5731,-1,83,Normal
2026-02-08 15:47:26.880946,Seoul-5731,-21,29,Normal
2026-02-08 15:47:27.880946,Seoul-5731,33,56,Normal
2026-02-08 15:47:28.880946,Seoul-5731,43,30,Normal
2026-02-08 15:47:29.880946,Seoul-5731,38,83,Normal
2026-02-08 15:47:30.880946,Seoul-5731,-14,62,Normal
2026-02-08 15:47:31.880946,Seoul-5731,-11,60,Normal
2026-02-08 15:47:32.880946,Seoul-5731,21,86,Normal
2026-02-08 15:47:33.880946,Seoul-5731,-17,92,Normal
2026-02-08 15:47:34.880946,Seoul-5731,32,81,Normal
2026-02-08 15:47:35.880946,Seoul-5731,11,43,Normal
2026-02-08 15:47:36.880946,Seoul-5731,49,14,Normal
2026-02-08 15:47:37.880946,Seoul-5731,-26,96,Normal
2026-02-08 15:47:38.880946,Seoul-5731,34,44,Normal
2026-02-08 15:47:39.880946,Seoul-5731,25,79,Normal
2026-02-08 15:47:40.880946,Seoul-5731,47,12,Normal
2026-02-08 15:47:41.880946,Seoul-5731,5,79,Normal
2026-02-08 15:47:42.880946,Seoul-5731,-15,8,Normal
2026-02-08 15:47:43.880946,Seoul-5731,2,29,Normal
2026-02-08 15:47:44.880946,Seoul-5731,4,63,Normal
2026-02-08 15:47:45.880946,Seoul-5731,30,93,Normal
2026-02-08 15:47:46.880946,Seoul-5731,19,22,Normal
2026-02-08 15:47:47.880946,Seoul-5731,10,64,Normal
2026-02-08 15:47:48.880946,Seoul-5731,17,16,Normal
2026-02-08 15:47:49.880946,Seoul-5731,31,80,Normal
2026-02-08 15:47:50.880946,Seoul-5731,25,90,Normal
2026-02-08 15:47:51.880946,Seoul-5731,25,6,Normal
2026-02-08 15:47:52.880946,Seoul-5731,44,81,Normal
2026-02-08 15:47:53.880946,Seoul-5731,-5,20,Normal
2026-02-08 15:47:54.880946,Seoul-5731,25,71,Normal
2026-02-08 15:47:55.880946,Seoul-5731,47,56,Normal
2026-02-08 15:47:56.880946,Seoul-5731,-4,78,Normal
2026-02-08 15:47:57.880946,Seoul-5731,-6,93,Normal
2026-02-08 15:47:58.880946,Seoul-5731,-18,40,Normal
2026-02-08 15:47:59.880946,Seoul-5731,11,90,Normal
2026-02-08 15:48:00.880946,Seoul-5731,23,25,Normal
2026-02-08 15:48:01.880946,Seoul-5731,48,36,Normal
2026-02-08 15:48:02.880946,Seoul-5731,-25,35,Normal
2026-02-08 15:48:03.880946,Seoul-5731,-24,70,Normal
2026-02-08 15:48:04.880946,Seoul-5731,29,17,Normal
2026-02-08 15:48:05.880946,Seoul-5731,29,84,Normal
2026-02-08 15:48:06.880946,Seoul-5731,32,52,Normal
2026-02-08 15:48:07.880946,Seoul-5731,-22,2,Normal
2026-02-08 15:48:08.880946,Seoul-5731,19,49,Normal
2026-02-08 15:48:09.880946,Seoul-5731,17,36,Normal
2026-02-08 15:48:10.880946,Seoul-5731,38,23,Normal
2026-02-08 15:48:11.880946,Seoul-5731,0,24,Normal
2026-02-08 15:48:12.880946,Seoul-5731,0,4,Normal
2026-02-08 15:48:13.880946,Seoul-5731,-18,92,Normal
2026-02-08 15:48:14.880946,Seoul-5731,10,19,Normal
2026-02-08 15:48:15.880946,Seoul-5731,1,97,Normal
2026-02-08 15:48:16.880946,Seoul-5731,49,98,Normal
2026-02-08 15:48:17.880946,Seoul-5731,19,76,Normal
2026-02-08 15:48:18.880946,Seoul-5731,-15,23,Normal
2026-02-08 15:48:19.880946,Seoul-5731,-22,64,Normal
2026-02-08 15:48:20.880946,Seoul-5731,-17,80,Normal
2026-02-08 15:48:21.880946,Seoul-5731,-11,49,Normal
2026-02-08 15:48:22.880946,Seoul-5731,-18,8,Normal
2026-02-08 15:48:23.880946,Seoul-5731,4,53,Normal
2026-02-08 15:48:24.880946,Seoul-5731,31,84,Normal
2026-02-08 15:48:25.880946,Seoul-5731,-21,70,Normal
2026-02-08 15:48:26.880946,Seoul-5731,26,84,Normal
2026-02-08 15:48:27.880946,Seoul-5731,-3,81,Normal
2026-02-08 15:48:28.880946,Seoul-5731,39,49,Normal
2026-02-08 15:48:29.880946,Seoul-5731,6,60,Normal
2026-02-08 15:48:30.880946,Seoul-5731,-7,29,Normal
2026-02-08 15:48:31.880946,Seoul-5731,30,52,Normal
2026-02-08 15:48:32.880946,Seoul-5731,8,70,Normal
2026-02-08 15:48:33.880946,Seoul-5731,37,95,Normal
2026-02-08 15:48:34.880946,Seoul-5731,42,29,Normal
2026-02-08 15:48:35.880946,Seoul-5731,8,35,Normal
2026-02-08 15:48:36.880946,Seoul-5731,-13,13,Normal
2026-02-08 15:48:37.880946,Seoul-5731,40,70,Normal
2026-02-08 15:48:38.880946,Seoul-5731,8,33,Normal
2026-02-08 15:48:39.880946,Seoul-5731,3,85,Normal
2026-02-08 15:48:40.880946,Seoul-5731,38,60,Normal
2026-02-08 15:48:41.880946,Seoul-5731,38,48,Normal
2026-02-08 15:48:42.880946,Seoul-5731,24,51,Normal
2026-02-08 15:48:43.880946,Seoul-5731,-14,45,Normal
2026-02-08 15:48:44.880946,Seoul-5731,22,80,Normal
2026-02-08 15:48:45.880946,Seoul-5731,-22,7,Normal
2026-02-08 15:48:46.880946,Seoul-5731,-13,72,Normal
2026-02-08 15:48:47.880946,Seoul-5731,30,72,Normal
2026-02-08 15:48:48.880946,Seoul-5731,-27,51,Normal
2026-02-08 15:48:49.880946,Seoul-5731,-13,44,Normal
2026-02-08 15:48:50.880946,Seoul-5731,25,93,Normal
2026-02-08 15:48:51.880946,Seoul-5731,45,22,Normal
2026-02-08 15:48:52.880946,Seoul-5731,3,6,Normal
2026-02-08 15:48:53.880946,Seoul-5731,15,37,Normal
2026-02-08 15:48:54.880946,Seoul-5731,37,51,Normal
2026-02-08 15:48:55.880946,Seoul-5731,36,60,Normal
2026-02-08 15:48:56.880946,Seoul-5731,-13,41,Normal
2026-02-08 15:48:57.880946,Seoul-5731,42,15,Normal
2026-02-08 15:48:58.880946,Seoul-5731,-21,75,Normal
2026-02-08 15:48:59.880946,Seoul-5731,-3,94,Normal
2026-02-08 15:49:00.880946,Seoul-5731,-13,5,Normal
2026-02-08 15:49:01.880946,Seoul-5731,-20,13,Normal
2026-02-08 15:49:02.880946,Seoul-5731,-11,71,Normal
2026-02-08 15:49:03.880946,Seoul-5731,-13,70,Normal
2026-02-08 15:49:04.880946,Seoul-5731,-14,84,Normal
2026-02-08 15:49:05.880946,Seoul-5731,6,66,Normal
2026-02-08 15:49:06.880946,Seoul-5731,4,42,Normal
2026-02-08 15:49:07.880946,Seoul-5731,7,95,Normal
2026-02-08 15:49:08.880946,Seoul-5731,0,40,Normal
2026-02-08 15:49:09.880946,Seoul-5731,48,19,Normal
2026-02-08 15:49:10.880946,Seoul-5731,24,50,Normal
2026-02-08 15:49:11.880946,Seoul-5731,-21,25,Normal
2026-02-08 15:49:12.880946,Seoul-5731,-18,93,Normal
2026-02-08 15:49:13.880946,Seoul-5731,-21,90,Normal
2026-02-08 15:49:14.880946,Seoul-5731,35,74,Normal
2026-02-08 15:49:15.880946,Seoul-5731,-14,59,Normal
2026-02-08 15:49:16.880946,Seoul-5731,-8,44,Normal
2026-02-08 15:49:17.880946,Seoul-5731,3,56,Normal
2026-02-08 15:49:18.880946,Seoul-5731,-18,44,Normal
2026-02-08 15:49:19.880946,Seoul-5731,45,98,Normal
2026-02-08 15:49:20.880946,Seoul-5731,31,5,Normal
2026-02-08 15:49:21.880946,Seoul-5731,20,22,Normal
2026-02-08 15:49:22.880946,Seoul-5731,-29,92,Normal
2026-02-08 15:49:23.880946,Seoul-5731,45,26,Normal
2026-02-08 15:49:24.880946,Seoul-5731,23,33,Normal
2026-02-08 15:49:25.880946,Seoul-5731,44,78,Normal
2026-02-08 15:49:26.880946,Seoul-5731,-9,74,Normal
2026-02-08 15:49:27.880946,Seoul-5731,-4,39,Normal
2026-02-08 15:49:28.880946,Seoul-5731,41,87,Normal
2026-02-08 15:49:29.880946,Seoul-5731,-5,89,Normal
2026-02-08 15:49:30.880946,Seoul-5731,-6,16,Normal
2026-02-08 15:49:31.880946,Seoul-5731,5,48,Normal
2026-02-08 15:49:32.880946,Seoul-5731,-8,50,Normal
2026-02-08 15:49:33.880946,Seoul-5731,0,63,Normal
2026-02-08 15:49:34.880946,Seoul-5731,-8,20,Normal
2026-02-08 15:49:35.880946,Seoul-5731,-28,59,Normal
2026-02-08 15:49:36.880946,Seoul-5731,36,69,Normal
2026-02-08 15:49:37.880946,Seoul-5731,-1,60,Normal
2026-02-08 15:49:38.880946,Seoul-5731,-24,81,Normal
2026-02-08 15:49:39.880946,Seoul-5731,49,83,Normal
2026-02-08 15:49:40.880946,Seoul-5731,15,1,Normal
2026-02-08 15:49:41.880946,Seoul-5731,-13,4,Normal
2026-02-08 15:49:42.880946,Seoul-5731,30,48,Normal
2026-02-08 15:49:43.880946,Seoul-5731,47,78,Normal
2026-02-08 15:49:44.880946,Seoul-5731,23,3,Normal
2026-02-08 15:49:45.880946,Seoul-5731,-11,82,Normal
2026-02-08 15:49:46.880946,Seoul-5731,-12,64,Normal
2026-02-08 15:49:47.880946,Seoul-5731,20,75,Normal
2026-02-08 15:49:48.880946,Seoul-5731,20,64,Normal
2026-02-08 15:49:49.880946,Seoul-5731,29,79,Normal
2026-02-08 15:49:50.880946,Seoul-5731,-3,22,Normal
2026-02-08 15:49:51.880946,Seoul-5731,46,97,Normal
2026-02-08 15:49:52.880946,Seoul-5731,-20,91,Normal
2026-02-08 15:49:53.880946,Seoul-5731,49,97,Normal
2026-02-08 15:49:54.880946,Seoul-5731,-22,94,Normal
2026-02-08 15:49:55.880946,Seoul-5731,39,16,Normal
2026-02-08 15:49:56.880946,Seoul-5731,-5,28,Normal
2026-02-08 15:49:57.880946,Seoul-5731,-16,4,Normal
2026-02-08 15:49:58.880946,Seoul-5731,0,9,Normal
2026-02-08 15:49:59.880946,Seoul-5731,-17,31,Normal
2026-02-08 15:50:00.880946,Seoul-5731,-7,75,Normal
2026-02-08 15:50:01.880946,Seoul-5731,38,51,Normal
2026-02-08 15:50:02.880946,Seoul-5731,-19,79,Normal
2026-02-08 15:50:03.880946,Seoul-5731,34,45,Normal
2026-02-08 15:50:04.880946,Seoul-5731,-15,43,Normal
2026-02-08 15:50:05.880946,Seoul-5731,32,94,Normal
2026-02-08 15:50:06.880946,Seoul-5731,-19,11,Normal
2026-02-08 15:50:07.880946,Seoul-5731,8,58,Normal
2026-02-08 15:50:08.880946,Seoul-5731,42,61,Normal
2026-02-08 15:50:09.880946,Seoul-5731,37,80,Normal
2026-02-08 15:50:10.880946,Seoul-5731,-2,51,Normal
2026-02-08 15:50:11.880946,Seoul-5731,22,35,Normal
2026-02-08 15:50:12.880946,Seoul-5731,30,29,Normal
2026-02-08 15:50:13.880946,Seoul-5731,16,87,Normal
2026-02-08 15:50:14.880946,Seoul-5731,13,48,Normal
2026-02-08 15:50:15.880946,Seoul-5731,44,4,Normal
2026-02-08 15:50:16.880946,Seoul-5731,8,92,Normal
2026-02-08 15:50:17.880946,Seoul-5731,-16,18,Normal
2026-02-08 15:50:18.880946,Seoul-5731,41,63,Normal
2026-02-08 15:50:19.880946,Seoul-5731,8,13,Normal
2026-02-08 15:50:20.880946,Seoul-5731,-28,91,Normal
2026-02-08 15:50:21.880946,Seoul-5731,-10,96,Normal
2026-02-08 15:50:22.880946,Seoul-5731,11,72,Normal
2026-02-08 15:50:23.880946,Seoul-5731,19,49,Normal
2026-02-08 15:50:24.880946,Seoul-5731,-19,57,Normal
2026-02-08 15:50:25.880946,Seoul-5731,36,31,Normal
2026-02-08 15:50:26.880946,Seoul-5731,22,69,Normal
2026-02-08 15:50:27.880946,Seoul-5731,38,94,Normal
2026-02-08 15:50:28.880946,Seoul-5731,-17,96,Normal
2026-02-08 15:50:29.880946,Seoul-5731,31,47,Normal
2026-02-08 15:50:30.880946,Seoul-5731,46,42,Normal
2026-02-08 15:50:31.880946,Seoul-5731,15,41,Normal
2026-02-08 15:50:32.880946,Seoul-5731,34,65,Normal
2026-02-08 15:50:33.880946,Seoul-5731,16,1,Normal
2026-02-08 15:50:34.880946,Seoul-5731,21,84,Normal
2026-02-08 15:50:35.880946,Seoul-5731,-24,21,Normal
2026-02-08 15:50:36.880946,Seoul-5731,22,89,Normal
2026-02-08 15:50:37.880946,Seoul-5731,-26,28,Normal
2026-02-08 15:50:38.880946,Seoul-5731,21,44,Normal
2026-02-08 15:50:39.880946,Seoul-5731,0,59,Normal
2026-02-08 15:50:40.880946,Seoul-5731,47,19,Normal
2026-02-08 15:50:41.880946,Seoul-5731,5,75,Normal
2026-02-08 15:50:42.880946,Seoul-5731,42,10,Normal
2026-02-08 15:50:43.880946,Seoul-5731,-2,60,Normal
2026-02-08 15:50:44.880946,Seoul-5731,-6,59,Normal
2026-02-08 15:50:45.880946,Seoul-5731,39,24,Normal
2026-02-08 15:50:46.880946,Seoul-5731,21,47,Normal
2026-02-08 15:50:47.880946,Seoul-5731,43,24,Normal
2026-02-08 15:50:48.880946,Seoul-5731,42,67,Normal
2026-02-08 15:50:49.880946,Seoul-5731,21,37,Normal
2026-02-08 15:50:50.880946,Seoul-5731,-26,3,Normal
2026-02-08 15:50:51.880946,Seoul-5731,5,82,Normal
2026-02-08 15:50:52.880946,Seoul-5731,10,18,Normal
2026-02-08 15:50:53.880946,Seoul-5731,3,59,Normal
2026-02-08 15:50:54.880946,Seoul-5731,-10,27,Normal
2026-02-08 15:50:55.880946,Seoul-5731,26,5,Normal
2026-02-08 15:50:56.880946,Seoul-5731,4,3,Normal
2026-02-08 15:50:57.880946,Seoul-5731,-2,52,Normal
2026-02-08 15:50:58.880946,Seoul-5731,20,63,Normal
2026-02-08 15:50:59.880946,Seoul-5731,14,52,Normal
2026-02-08 15:51:00.880946,Seoul-5731,-21,76,Normal
2026-02-08 15:51:01.880946,Seoul-5731,-19,55,Normal
2026-02-08 15:51:02.880946,Seoul-5731,41,54,Normal
2026-02-08 15:51:03.880946,Seoul-5731,31,1,Normal
2026-02-08 15:51:04.880946,Seoul-5731,33,17,Normal
2026-02-08 15:51:05.880946,Seoul-5731,16,95,Normal
2026-02-08 15:51:06.880946,Seoul-5731,39,68,Normal
2026-02-08 15:51:07.880946,Seoul-5731,3,28,Normal
2026-02-08 15:51:08.880946,Seoul-5731,38,6,Normal
2026-02-08 15:51:09.880946,Seoul-5731,42,13,Normal
2026-02-08 15:51:10.880946,Seoul-5731,-6,71,Normal
2026-02-08 15:51:11.880946,Seoul-5731,-7,15,Normal
2026-02-08 15:51:12.880946,Seoul-5731,13,28,Normal
2026-02-08 15:51:13.880946,Seoul-5731,18,24,Normal
2026-02-08 15:51:14.880946,Seoul-5731,7,80,Normal
2026-02-08 15:51:15.880946,Seoul-5731,13,61,Normal
2026-02-08 15:51:16.880946,Seoul-5731,-9,57,Normal
2026-02-08 15:51:17.880946,Seoul-5731,-15,37,Normal
2026-02-08 15:51:18.880946,Seoul-5731,1,92,Normal
2026-02-08 15:51:19.880946,Seoul-5731,50,53,Normal
2026-02-08 15:51:20.880946,Seoul-5731,46,47,Normal
2026-02-08 15:51:21.880946,Seoul-5731,-3,5,Normal
2026-02-08 15:51:22.880946,Seoul-5731,-12,74,Normal
2026-02-08 15:51:23.880946,Seoul-5731,0,89,Normal
2026-02-08 15:51:24.880946,Seoul-5731,15,68,Normal
2026-02-08 15:51:25.880946,Seoul-5731,31,64,Normal
2026-02-08 15:51:26.880946,Seoul-5731,41,25,Normal
2026-02-08 15:51:27.880946,Seoul-5731,42,86,Normal
2026-02-08 15:51:28.880946,Seoul-5731,0,37,Normal
2026-02-08 15:51:29.880946,Seoul-5731,46,32,Normal
2026-02-08 15:51:30.880946,Seoul-5731,32,61,Normal
2026-02-08 15:51:31.880946,Seoul-5731,19,40,Normal
2026-02-08 15:51:32.880946,Seoul-5731,-17,31,Normal
2026-02-08 15:51:33.880946,Seoul-5731,6,73,Normal
2026-02-08 15:51:34.880946,Seoul-5731,-5,86,Normal
2026-02-08 15:51:35.880946,Seoul-5731,5,64,Normal
2026-02-08 15:51:36.880946,Seoul-5731,3,31,Normal
2026-02-08 15:51:37.880946,Seoul-5731,18,0,Normal
2026-02-08 15:51:38.880946,Seoul-5731,-3,97,Normal
2026-02-08 15:51:39.880946,Seoul-5731,-19,51,Normal
2026-02-08 15:51:40.880946,Seoul-5731,-11,69,Normal
2026-02-08 15:51:41.880946,Seoul-5731,10,43,Normal
2026-02-08 15:51:42.880946,Seoul-5731,3,83,Normal
2026-02-08 15:51:43.880946,Seoul-5731,5,0,Normal
2026-02-08 15:51:44.880946,Seoul-5731,15,65,Normal
2026-02-08 15:51:45.880946,Seoul-5731,0,79,Normal
2026-02-08 15:51:46.880946,Seoul-5731,28,28,Normal
2026-02-08 15:51:47.880946,Seoul-5731,-13,4,Normal
2026-02-08 15:51:48.880946,Seoul-5731,-27,3,Normal
2026-02-08 15:51:49.880946,Seoul-5731,36,83,Normal
2026-02-08 15:51:50.880946,Seoul-5731,-10,41,Normal
2026-02-08 15:51:51.880946,Seoul-5731,48,42,Normal
2026-02-08 15:51:52.880946,Seoul-5731,50,41,Normal
2026-02-08 15:51:53.880946,Seoul-5731,-24,90,Normal
2026-02-08 15:51:54.880946,Seoul-5731,30,73,Normal
2026-02-08 15:51:55.880946,Seoul-5731,-4,15,Normal
2026-02-08 15:51:56.880946,Seoul-5731,-23,63,Normal
2026-02-08 15:51:57.880946,Seoul-5731,-2,17,Normal
2026-02-08 15:51:58.880946,Seoul-5731,32,64,Normal
2026-02-08 15:51:59.880946,Seoul-5731,27,91,Normal
2026-02-08 15:52:00.880946,Seoul-5731,24,91,Normal
2026-02-08 15:52:01.880946,Seoul-5731,42,25,Normal
2026-02-08 15:52:02.880946,Seoul-5731,28,47,Normal
2026-02-08 15:52:03.880946,Seoul-5731,36,60,Normal
2026-02-08 15:52:04.880946,Seoul-5731,49,74,Normal
2026-02-08 15:52:05.880946,Seoul-5731,-3,29,Normal
2026-02-08 15:52:06.880946,Seoul-5731,41,4,Normal
2026-02-08 15:52:07.880946,Seoul-5731,42,100,Normal
2026-02-08 15:52:08.880946,Seoul-5731,11,76,Normal
2026-02-08 15:52:09.880946,Seoul-5731,29,11,Normal
2026-02-08 15:52:10.880946,Seoul-5731,29,1,Normal
2026-02-08 15:52:11.880946,Seoul-5731,-8,93,Normal
2026-02-08 15:52:12.880946,Seoul-5731,-10,32,Normal
2026-02-08 15:52:13.880946,Seoul-5731,-20,42,Normal
2026-02-08 15:52:14.880946,Seoul-5731,46,14,Normal
2026-02-08 15:52:15.880946,Seoul-5731,13,69,Normal
2026-02-08 15:52:16.880946,Seoul-5731,29,57,Normal
2026-02-08 15:52:17.880946,Seoul-5731,33,71,Normal
2026-02-08 15:52:18.880946,Seoul-5731,-13,96,Normal
2026-02-08 15:52:19.880946,Seoul-5731,5,70,Normal
2026-02-08 15:52:20.880946,Seoul-5731,42,75,Normal
2026-02-08 15:52:21.880946,Seoul-5731,7,31,Normal
2026-02-08 15:52:22.880946,Seoul-5731,-1,25,Normal
2026-02-08 15:52:23.880946,Seoul-5731,25,96,Normal
2026-02-08 15:52:24.880946,Seoul-5731,-25,52,Normal
2026-02-08 15:52:25.880946,Seoul-5731,22,11,Normal
2026-02-08 15:52:26.880946,Seoul-5731,34,64,Normal
2026-02-08 15:52:27.880946,Seoul-5731,20,26,Normal
2026-02-08 15:52:28.880946,Seoul-5731,1,97,Normal
2026-02-08 15:52:29.880946,Seoul-5731,46,87,Normal
2026-02-08 15:52:30.880946,Seoul-5731,47,22,Normal
2026-02-08 15:52:31.880946,Seoul-5731,50,33,Normal
2026-02-08 15:52:32.880946,Seoul-5731,30,19,Normal
2026-02-08 15:52:33.880946,Seoul-5731,9,54,Normal
2026-02-08 15:52:34.880946,Seoul-5731,47,0,Normal
2026-02-08 15:52:35.880946,Seoul-5731,9,98,Normal
2026-02-08 15:52:36.880946,Seoul-5731,-4,91,Normal
2026-02-08 15:52:37.880946,Seoul-5731,-22,65,Normal
2026-02-08 15:52:38.880946,Seoul-5731,40,92,Normal
2026-02-08 15:52:39.880946,Seoul-5731,31,78,Normal
2026-02-08 15:52:40.880946,Seoul-5731,-1,90,Normal
2026-02-08 15:52:41.880946,Seoul-5731,49,78,Normal
2026-02-08 15:52:42.880946,Seoul-5731,24,85,Normal
2026-02-08 15:52:43.880946,Seoul-5731,3,9,Normal
2026-02-08 15:52:44.880946,Seoul-5731,43,3,Normal
2026-02-08 15:52:45.880946,Seoul-5731,-21,53,Normal
2026-02-08 15:52:46.880946,Seoul-5731,5,75,Normal
2026-02-08 15:52:47.880946,Seoul-5731,7,13,Normal
2026-02-08 15:52:48.880946,Seoul-5731,-4,51,Normal
2026-02-08 15:52:49.880946,Seoul-5731,-19,87,Normal
2026-02-08 15:52:50.880946,Seoul-5731,-8,7,Normal
2026-02-08 15:52:51.880946,Seoul-5731,33,40,Normal
2026-02-08 15:52:52.880946,Seoul-5731,-21,2,Normal
2026-02-08 15:52:53.880946,Seoul-5731,-18,10,Normal
2026-02-08 15:52:54.880946,Seoul-5731,-17,6,Normal
2026-02-08 15:52:55.880946,Seoul-5731,-12,92,Normal
2026-02-08 15:52:56.880946,Seoul-5731,-29,60,Normal
2026-02-08 15:52:57.880946,Seoul-5731,-8,54,Normal
2026-02-08 15:52:58.880946,Seoul-5731,-26,64,Normal
2026-02-08 15:52:59.880946,Seoul-5731,12,98,Normal
2026-02-08 15:53:00.880946,Seoul-5731,38,41,Normal
2026-02-08 15:53:01.880946,Seoul-5731,30,65,Normal
2026-02-08 15:53:02.880946,Seoul-5731,-26,11,Normal
2026-02-08 15:53:03.880946,Seoul-5731,38,31,Normal
2026-02-08 15:53:04.880946,Seoul-5731,41,92,Normal
2026-02-08 15:53:05.880946,Seoul-5731,-22,97,Normal
2026-02-08 15:53:06.880946,Seoul-5731,25,19,Normal
2026-02-08 15:53:07.880946,Seoul-5731,20,9,Normal
2026-02-08 15:53:08.880946,Seoul-5731,-18,72,Normal
2026-02-08 15:53:09.880946,Seoul-5731,29,38,Normal
2026-02-08 15:53:10.880946,Seoul-5731,12,67,Normal
2026-02-08 15:53:11.880946,Seoul-5731,49,8,Normal
2026-02-08 15:53:12.880946,Seoul-5731,21,95,Normal
2026-02-08 15:53:13.880946,Seoul-5731,-19,22,Normal
2026-02-08 15:53:14.880946,Seoul-5731,38,44,Normal
2026-02-08 15:53:15.880946,Seoul-5731,26,77,Normal
2026-02-08 15:53:16.880946,Seoul-5731,47,72,Normal
2026-02-08 15:53:17.880946,Seoul-5731,35,99,Normal
2026-02-08 15:53:18.880946,Seoul-5731,26,38,Normal
2026-02-08 15:53:19.880946,Seoul-5731,-23,47,Normal
2026-02-08 15:53:20.880946,Seoul-5731,-16,64,Normal
2026-02-08 15:53:21.880946,Seoul-5731,-29,4,Normal
2026-02-08 15:53:22.880946,Seoul-5731,-21,8,Normal
2026-02-08 15:53:23.880946,Seoul-5731,11,92,Normal
2026-02-08 15:53:24.880946,Seoul-5731,-6,69,Normal
2026-02-08 15:53:25.880946,Seoul-5731,43,7,Normal
2026-02-08 15:53:26.880946,Seoul-5731,-1,56,Normal
2026-02-08 15:53:27.880946,Seoul-5731,13,12,Normal
2026-02-08 15:53:28.880946,Seoul-5731,-4,48,Normal
2026-02-08 15:53:29.880946,Seoul-5731,-7,87,Normal
2026-02-08 15:53:30.880946,Seoul-5731,46,59,Normal
2026-02-08 15:53:31.880946,Seoul-5731,-2,8,Normal
2026-02-08 15:53:32.880946,Seoul-5731,-23,58,Normal
2026-02-08 15:53:33.880946,Seoul-5731,12,10,Normal
2026-02-08 15:53:34.880946,Seoul-5731,1,11,Normal
2026-02-08 15:53:35.880946,Seoul-5731,-14,3,Normal
2026-02-08 15:53:36.880946,Seoul-5731,38,72,Normal
2026-02-08 15:53:37.880946,Seoul-5731,-13,99,Normal
2026-02-08 15:53:38.880946,Seoul-5731,31,52,Normal
2026-02-08 15:53:39.880946,Seoul-5731,31,57,Normal
2026-02-08 15:53:40.880946,Seoul-5731,34,23,Normal
2026-02-08 15:53:41.880946,Seoul-5731,-12,65,Normal
2026-02-08 15:53:42.880946,Seoul-5731,40,26,Normal
2026-02-08 15:53:43.880946,Seoul-5731,16,22,Normal
2026-02-08 15:53:44.880946,Seoul-5731,-6,35,Normal
2026-02-08 15:53:45.880946,Seoul-5731,15,71,Normal
2026-02-08 15:53:46.880946,Seoul-5731,-29,93,Normal
2026-02-08 15:53:47.880946,Seoul-5731,-19,24,Normal
2026-02-08 15:53:48.880946,Seoul-5731,46,2,Normal
2026-02-08 15:53:49.880946,Seoul-5731,5,22,Normal
2026-02-08 15:53:50.880946,Seoul-5731,25,65,Normal
2026-02-08 15:53:51.880946,Seoul-5731,34,74,Normal
2026-02-08 15:53:52.880946,Seoul-5731,4,99,Normal
2026-02-08 15:53:53.880946,Seoul-5731,-20,45,Normal
2026-02-08 15:53:54.880946,Seoul-5731,-22,37,Normal
2026-02-08 15:53:55.880946,Seoul-5731,-27,66,Normal
2026-02-08 15:53:56.880946,Seoul-5731,-13,22,Normal
2026-02-08 15:53:57.880946,Seoul-5731,6,70,Normal
2026-02-08 15:53:58.880946,Seoul-5731,-19,57,Normal
2026-02-08 15:53:59.880946,Seoul-5731,13,90,Normal
2026-02-08 15:54:00.880946,Seoul-5731,44,74,Normal
2026-02-08 15:54:01.880946,Seoul-5731,-22,13,Normal
2026-02-08 15:54:02.880946,Seoul-5731,-16,48,Normal
2026-02-08 15:54:03.880946,Seoul-5731,15,36,Normal
2026-02-08 15:54:04.880946,Seoul-5731,27,55,Normal
2026-02-08 15:54:05.880946,Seoul-5731,-14,17,Normal
2026-02-08 15:54:06.880946,Seoul-5731,0,96,Normal
2026-02-08 15:54:07.880946,Seoul-5731,25,81,Normal
2026-02-08 15:54:08.880946,Seoul-5731,50,83,Normal
2026-02-08 15:54:09.880946,Seoul-5731,12,5,Normal
2026-02-08 15:54:10.880946,Seoul-5731,44,40,Normal
2026-02-08 15:54:11.880946,Seoul-5731,-30,56,Normal
2026-02-08 15:54:12.880946,Seoul-5731,-15,79,Normal
2026-02-08 15:54:13.880946,Seoul-5731,19,57,Normal
2026-02-08 15:54:14.880946,Seoul-5731,14,1,Normal
2026-02-08 15:54:15.880946,Seoul-5731,-9,11,Normal
2026-02-08 15:54:16.880946,Seoul-5731,35,85,Normal
2026-02-08 15:54:17.880946,Seoul-5731,-26,21,Normal
2026-02-08 15:54:18.880946,Seoul-5731,44,3,Normal
2026-02-08 15:54:19.880946,Seoul-5731,-10,82,Normal
2026-02-08 15:54:20.880946,Seoul-5731,-14,4,Normal
2026-02-08 15:54:21.880946,Seoul-5731,-10,28,Normal
2026-02-08 15:54:22.880946,Seoul-5731,44,44,Normal
2026-02-08 15:54:23.880946,Seoul-5731,1,26,Normal
2026-02-08 15:54:24.880946,Seoul-5731,2,85,Normal
2026-02-08 15:54:25.880946,Seoul-5731,13,70,Normal
2026-02-08 15:54:26.880946,Seoul-5731,-23,9,Normal
2026-02-08 15:54:27.880946,Seoul-5731,10,18,Normal
2026-02-08 15:54:28.880946,Seoul-5731,30,67,Normal
2026-02-08 15:54:29.880946,Seoul-5731,-21,3,Normal
2026-02-08 15:54:30.880946,Seoul-5731,-21,47,Normal
2026-02-08 15:54:31.880946,Seoul-5731,0,22,Normal
2026-02-08 15:54:32.880946,Seoul-5731,10,13,Normal
2026-02-08 15:54:33.880946,Seoul-5731,23,59,Normal
2026-02-08 15:54:34.880946,Seoul-5731,2,95,Normal
2026-02-08 15:54:35.880946,Seoul-5731,-11,52,Normal
2026-02-08 15:54:36.880946,Seoul-5731,-8,51,Normal
2026-02-08 15:54:37.880946,Seoul-5731,4,14,Normal
2026-02-08 15:54:38.880946,Seoul-5731,-28,80,Normal
2026-02-08 15:54:39.880946,Seoul-5731,-19,55,Normal
2026-02-08 15:54:40.880946,Seoul-5731,10,72,Normal
2026-02-08 15:54:41.880946,Seoul-5731,29,95,Normal
2026-02-08 15:54:42.880946,Seoul-5731,35,78,Normal
2026-02-08 15:54:43.880946,Seoul-5731,-2,1,Normal
2026-02-08 15:54:44.880946,Seoul-5731,23,79,Normal
2026-02-08 15:54:45.880946,Seoul-5731,44,20,Normal
2026-02-08 15:54:46.880946,Seoul-5731,27,18,Normal
2026-02-08 15:54:47.880946,Seoul-5731,-29,36,Normal
2026-02-08 15:54:48.880946,Seoul-5731,-7,60,Normal
2026-02-08 15:54:49.880946,Seoul-5731,-25,57,Normal
2026-02-08 15:54:50.880946,Seoul-5731,18,72,Normal
2026-02-08 15:54:51.880946,Seoul-5731,-22,14,Normal
2026-02-08 15:54:52.880946,Seoul-5731,-17,33,Normal
2026-02-08 15:54:53.880946,Seoul-5731,-24,60,Normal
2026-02-08 15:54:54.880946,Seoul-5731,17,78,Normal
2026-02-08 15:54:55.880946,Seoul-5731,41,70,Normal
2026-02-08 15:54:56.880946,Seoul-5731,36,39,Normal
2026-02-08 15:54:57.880946,Seoul-5731,-10,23,Normal
2026-02-08 15:54:58.880946,Seoul-5731,14,83,Normal
2026-02-08 15:54:59.880946,Seoul-5731,27,10,Normal
2026-02-08 15:55:00.880946,Seoul-5731,48,89,Normal
2026-02-08 15:55:01.880946,Seoul-5731,-7,26,Normal
2026-02-08 15:55:02.880946,Seoul-5731,-9,9,Normal
2026-02-08 15:55:03.880946,Seoul-5731,18,28,Normal
2026-02-08 15:55:04.880946,Seoul-5731,21,79,Normal
2026-02-08 15:55:05.880946,Seoul-5731,42,26,Normal
2026-02-08 15:55:06.880946,Seoul-5731,24,49,Normal
2026-02-08 15:55:07.880946,Seoul-5731,-21,29,Normal
2026-02-08 15:55:08.880946,Seoul-5731,-22,0,Normal
2026-02-08 15:55:09.880946,Seoul-5731,20,54,Normal
2026-02-08 15:55:10.880946,Seoul-5731,14,24,Normal
2026-02-08 15:55:11.880946,Seoul-5731,-18,55,Normal
2026-02-08 15:55:12.880946,Seoul-5731,-14,27,Normal
2026-02-08 15:55:13.880946,Seoul-5731,-9,28,Normal
2026-02-08 15:55:14.880946,Seoul-5731,12,68,Normal
2026-02-08 15:55:15.880946,Seoul-5731,44,8,Normal
2026-02-08 15:55:16.880946,Seoul-5731,0,51,Normal
2026-02-08 15:55:17.880946,Seoul-5731,13,77,Normal
2026-02-08 15:55:18.880946,Seoul-5731,50,69,Normal
2026-02-08 15:55:19.880946,Seoul-5731,43,29,Normal
2026-02-08 15:55:20.880946,Seoul-5731,-28,11,Normal
2026-02-08 15:55:21.880946,Seoul-5731,-12,52,Normal
2026-02-08 15:55:22.880946,Seoul-5731,47,83,Normal
2026-02-08 15:55:23.880946,Seoul-5731,-15,92,Normal
2026-02-08 15:55:24.880946,Seoul-5731,-9,78,Normal
2026-02-08 15:55:25.880946,Seoul-5731,45,18,Normal
2026-02-08 15:55:26.880946,Seoul-5731,3,29,Normal
2026-02-08 15:55:27.880946,Seoul-5731,38,18,Normal
2026-02-08 15:55:28.880946,Seoul-5731,-11,68,Normal
2026-02-08 15:55:29.880946,Seoul-5731,-23,48,Normal
2026-02-08 15:55:30.880946,Seoul-5731,45,84,Normal
2026-02-08 15:55:31.880946,Seoul-5731,-21,82,Normal
2026-02-08 15:55:32.880946,Seoul-5731,27,8,Normal
2026-02-08 15:55:33.880946,Seoul-5731,-12,63,Normal
2026-02-08 15:55:34.880946,Seoul-5731,-19,1,Normal
2026-02-08 15:55:35.880946,Seoul-5731,23,57,Normal
2026-02-08 15:55:36.880946,Seoul-5731,8,79,Normal
2026-02-08 15:55:37.880946,Seoul-5731,13,49,Normal
2026-02-08 15:55:38.880946,Seoul-5731,6,53,Normal
2026-02-08 15:55:39.880946,Seoul-5731,24,14,Normal
2026-02-08 15:55:40.880946,Seoul-5731,-25,53,Normal
2026-02-08 15:55:41.880946,Seoul-5731,-12,38,Normal
2026-02-08 15:55:42.880946,Seoul-5731,38,25,Normal
2026-02-08 15:55:43.880946,Seoul-5731,9,88,Normal
2026-02-08 15:55:44.880946,Seoul-5731,-13,78,Normal
2026-02-08 15:55:45.880946,Seoul-5731,37,83,Normal
2026-02-08 15:55:46.880946,Seoul-5731,16,34,Normal
2026-02-08 15:55:47.880946,Seoul-5731,34,89,Normal
2026-02-08 15:55:48.880946,Seoul-5731,-30,75,Normal
2026-02-08 15:55:49.880946,Seoul-5731,-6,45,Normal
2026-02-08 15:55:50.880946,Seoul-5731,27,58,Normal
2026-02-08 15:55:51.880946,Seoul-5731,37,74,Normal
2026-02-08 15:55:52.880946,Seoul-5731,10,89,Normal
2026-02-08 15:55:53.880946,Seoul-5731,-1,63,Normal
2026-02-08 15:55:54.880946,Seoul-5731,-14,11,Normal
2026-02-08 15:55:55.880946,Seoul-5731,45,68,Normal
2026-02-08 15:55:56.880946,Seoul-5731,-24,21,Normal
2026-02-08 15:55:57.880946,Seoul-5731,-22,28,Normal
2026-02-08 15:55:58.880946,Seoul-5731,1,27,Normal
2026-02-08 15:55:59.880946,Seoul-5731,-7,64,Normal
2026-02-08 15:56:00.880946,Seoul-5731,-8,89,Normal
2026-02-08 15:56:01.880946,Seoul-5731,3,19,Normal
2026-02-08 15:56:02.880946,Seoul-5731,-29,28,Normal
2026-02-08 15:56:03.880946,Seoul-5731,6,13,Normal
2026-02-08 15:56:04.880946,Seoul-5731,21,72,Normal
2026-02-08 15:56:05.880946,Seoul-5731,31,1,Normal
2026-02-08 15:56:06.880946,Seoul-5731,16,13,Normal
2026-02-08 15:56:07.880946,Seoul-5731,-23,83,Normal
2026-02-08 15:56:08.880946,Seoul-5731,7,3,Normal
2026-02-08 15:56:09.880946,Seoul-5731,1,7,Normal
2026-02-08 15:56:10.880946,Seoul-5731,1,82,Normal
2026-02-08 15:56:11.880946,Seoul-5731,26,53,Normal
2026-02-08 15:56:12.880946,Seoul-5731,12,96,Normal
2026-02-08 15:56:13.880946,Seoul-5731,-27,9,Normal
2026-02-08 15:56:14.880946,Seoul-5731,1,45,Normal
2026-02-08 15:56:15.880946,Seoul-5731,24,85,Normal
2026-02-08 15:56:16.880946,Seoul-5731,49,90,Normal
2026-02-08 15:56:17.880946,Seoul-5731,5,81,Normal
2026-02-08 15:56:18.880946,Seoul-5731,28,18,Normal
2026-02-08 15:56:19.880946,Seoul-5731,-9,75,Normal
2026-02-08 15:56:20.880946,Seoul-5731,-2,18,Normal
2026-02-08 15:56:21.880946,Seoul-5731,-2,84,Normal
2026-02-08 15:56:22.880946,Seoul-5731,3,26,Normal
2026-02-08 15:56:23.880946,Seoul-5731,-8,87,Normal
2026-02-08 15:56:24.880946,Seoul-5731,37,60,Normal
2026-02-08 15:56:25.880946,Seoul-5731,-29,70,Normal
2026-02-08 15:56:26.880946,Seoul-5731,36,71,Normal
2026-02-08 15:56:27.880946,Seoul-5731,41,7,Normal
2026-02-08 15:56:28.880946,Seoul-5731,16,61,Normal
2026-02-08 15:56:29.880946,Seoul-5731,16,22,Normal
2026-02-08 15:56:30.880946,Seoul-5731,-21,65,Normal
2026-02-08 15:56:31.880946,Seoul-5731,3,23,Normal
2026-02-08 15:56:32.880946,Seoul-5731,4,58,Normal
2026-02-08 15:56:33.880946,Seoul-5731,49,15,Normal
2026-02-08 15:56:34.880946,Seoul-5731,43,49,Normal
2026-02-08 15:56:35.880946,Seoul-5731,21,54,Normal
2026-02-08 15:56:36.880946,Seoul-5731,-2,18,Normal
2026-02-08 15:56:37.880946,Seoul-5731,32,78,Normal
2026-02-08 15:56:38.880946,Seoul-5731,37,79,Normal
2026-02-08 15:56:39.880946,Seoul-5731,37,83,Normal
2026-02-08 15:56:40.880946,Seoul-5731,4,87,Normal
2026-02-08 15:56:41.880946,Seoul-5731,24,91,Normal
2026-02-08 15:56:42.880946,Seoul-5731,12,57,Normal
2026-02-08 15:56:43.880946,Seoul-5731,-12,22,Normal
2026-02-08 15:56:44.880946,Seoul-5731,13,30,Normal
2026-02-08 15:56:45.880946,Seoul-5731,47,13,Normal
2026-02-08 15:56:46.880946,Seoul-5731,17,96,Normal
2026-02-08 15:56:47.880946,Seoul-5731,30,65,Normal
2026-02-08 15:56:48.880946,Seoul-5731,49,7,Normal
2026-02-08 15:56:49.880946,Seoul-5731,47,51,Normal
2026-02-08 15:56:50.880946,Seoul-5731,-15,45,Normal
2026-02-08 15:56:51.880946,Seoul-5731,-24,73,Normal
2026-02-08 15:56:52.880946,Seoul-5731,40,23,Normal
2026-02-08 15:56:53.880946,Seoul-5731,30,61,Normal
2026-02-08 15:56:54.880946,Seoul-5731,25,81,Normal
2026-02-08 15:56:55.880946,Seoul-5731,-10,70,Normal
2026-02-08 15:56:56.880946,Seoul-5731,-3,50,Normal
2026-02-08 15:56:57.880946,Seoul-5731,46,92,Normal
2026-02-08 15:56:58.880946,Seoul-5731,-24,64,Normal
2026-02-08 15:56:59.880946,Seoul-5731,17,26,Normal
2026-02-08 15:57:00.880946,Seoul-5731,46,95,Normal
2026-02-08 15:57:01.880946,Seoul-5731,44,96,Normal
2026-02-08 15:57:02.880946,Seoul-5731,35,25,Normal
2026-02-08 15:57:03.880946,Seoul-5731,-4,72,Normal
2026-02-08 15:57:04.880946,Seoul-5731,-13,96,Normal
2026-02-08 15:57:05.880946,Seoul-5731,-8,13,Normal
2026-02-08 15:57:06.880946,Seoul-5731,36,15,Normal
2026-02-08 15:57:07.880946,Seoul-5731,44,73,Normal
2026-02-08 15:57:08.880946,Seoul-5731,24,27,Normal
2026-02-08 15:57:09.880946,Seoul-5731,34,15,Normal
2026-02-08 15:57:10.880946,Seoul-5731,22,79,Normal
2026-02-08 15:57:11.880946,Seoul-5731,9,36,Normal
2026-02-08 15:57:12.880946,Seoul-5731,11,95,Normal
2026-02-08 15:57:13.880946,Seoul-5731,-10,21,Normal
2026-02-08 15:57:14.880946,Seoul-5731,22,96,Normal
2026-02-08 15:57:15.880946,Seoul-5731,-12,30,Normal
2026-02-08 15:57:16.880946,Seoul-5731,47,46,Normal
2026-02-08 15:57:17.880946,Seoul-5731,10,1,Normal
2026-02-08 15:57:18.880946,Seoul-5731,12,36,Normal
2026-02-08 15:57:19.880946,Seoul-5731,33,63,Normal
2026-02-08 15:57:20.880946,Seoul-5731,22,75,Normal
2026-02-08 15:57:21.880946,Seoul-5731,-18,27,Normal
2026-02-08 15:57:22.880946,Seoul-5731,44,10,Normal
2026-02-08 15:57:23.880946,Seoul-5731,24,66,Normal
2026-02-08 15:57:24.880946,Seoul-5731,-14,94,Normal
2026-02-08 15:57:25.880946,Seoul-5731,49,4,Normal
2026-02-08 15:57:26.880946,Seoul-5731,-29,6,Normal
2026-02-08 15:57:27.880946,Seoul-5731,-19,82,Normal
2026-02-08 15:57:28.880946,Seoul-5731,36,19,Normal
2026-02-08 15:57:29.880946,Seoul-5731,-29,16,Normal
2026-02-08 15:57:30.880946,Seoul-5731,27,95,Normal
2026-02-08 15:57:31.880946,Seoul-5731,20,89,Normal
2026-02-08 15:57:32.880946,Seoul-5731,20,23,Normal
2026-02-08 15:57:33.880946,Seoul-5731,-23,4,Normal
2026-02-08 15:57:34.880946,Seoul-5731,26,47,Normal
2026-02-08 15:57:35.880946,Seoul-5731,-7,63,Normal
2026-02-08 15:57:36.880946,Seoul-5731,45,84,Normal
2026-02-08 15:57:37.880946,Seoul-5731,-9,95,Normal
2026-02-08 15:57:38.880946,Seoul-5731,-3,39,Normal
2026-02-08 15:57:39.880946,Seoul-5731,2,62,Normal
2026-02-08 15:57:40.880946,Seoul-5731,-7,58,Normal
2026-02-08 15:57:41.880946,Seoul-5731,10,83,Normal
2026-02-08 15:57:42.880946,Seoul-5731,6,12,Normal
2026-02-08 15:57:43.880946,Seoul-5731,25,99,Normal
2026-02-08 15:57:44.880946,Seoul-5731,9,59,Normal
2026-02-08 15:57:45.880946,Seoul-5731,-28,59,Normal
2026-02-08 15:57:46.880946,Seoul-5731,-8,50,Normal
2026-02-08 15:57:47.880946,Seoul-5731,-23,18,Normal
2026-02-08 15:57:48.880946,Seoul-5731,23,96,Normal
2026-02-08 15:57:49.880946,Seoul-5731,49,10,Normal
2026-02-08 15:57:50.880946,Seoul-5731,10,2,Normal
2026-02-08 15:57:51.880946,Seoul-5731,-17,81,Normal
2026-02-08 15:57:52.880946,Seoul-5731,11,63,Normal
2026-02-08 15:57:53.880946,Seoul-5731,39,9,Normal
2026-02-08 15:57:54.880946,Seoul-5731,-30,71,Normal
2026-02-08 15:57:55.880946,Seoul-5731,16,78,Normal
2026-02-08 15:57:56.880946,Seoul-5731,16,8,Normal
2026-02-08 15:57:57.880946,Seoul-5731,10,87,Normal
2026-02-08 15:57:58.880946,Seoul-5731,-15,41,Normal
2026-02-08 15:57:59.880946,Seoul-5731,32,42,Normal
2026-02-08 15:58:00.880946,Seoul-5731,21,70,Normal
2026-02-08 15:58:01.880946,Seoul-5731,21,38,Normal
2026-02-08 15:58:02.880946,Seoul-5731,41,8,Normal
2026-02-08 15:58:03.880946,Seoul-5731,44,71,Normal
2026-02-08 15:58:04.880946,Seoul-5731,23,82,Normal
2026-02-08 15:58:05.880946,Seoul-5731,30,97,Normal
2026-02-08 15:58:06.880946,Seoul-5731,-30,85,Normal
2026-02-08 15:58:07.880946,Seoul-5731,-3,79,Normal
2026-02-08 15:58:08.880946,Seoul-5731,22,67,Normal
2026-02-08 15:58:09.880946,Seoul-5731,-21,56,Normal
2026-02-08 15:58:10.880946,Seoul-5731,10,99,Normal
2026-02-08 15:58:11.880946,Seoul-5731,-2,46,Normal
2026-02-08 15:58:12.880946,Seoul-5731,36,73,Normal
2026-02-08 15:58:13.880946,Seoul-5731,0,48,Normal
2026-02-08 15:58:14.880946,Seoul-5731,16,62,Normal
2026-02-08 15:58:15.880946,Seoul-5731,2,7,Normal
2026-02-08 15:58:16.880946,Seoul-5731,-25,95,Normal
2026-02-08 15:58:17.880946,Seoul-5731,14,69,Normal
2026-02-08 15:58:18.880946,Seoul-5731,22,18,Normal
2026-02-08 15:58:19.880946,Seoul-5731,15,41,Normal
2026-02-08 15:58:20.880946,Seoul-5731,11,97,Normal
2026-02-08 15:58:21.880946,Seoul-5731,-26,94,Normal
2026-02-08 15:58:22.880946,Seoul-5731,34,38,Normal
2026-02-08 15:58:23.880946,Seoul-5731,35,89,Normal
2026-02-08 15:58:24.880946,Seoul-5731,-6,62,Normal
2026-02-08 15:58:25.880946,Seoul-5731,47,71,Normal
2026-02-08 15:58:26.880946,Seoul-5731,38,75,Normal
2026-02-08 15:58:27.880946,Seoul-5731,-14,64,Normal
2026-02-08 15:58:28.880946,Seoul-5731,11,0,Normal
2026-02-08 15:58:29.880946,Seoul-5731,31,89,Normal
2026-02-08 15:58:30.880946,Seoul-5731,26,43,Normal
2026-02-08 15:58:31.880946,Seoul-5731,20,33,Normal
2026-02-08 15:58:32.880946,Seoul-5731,2,36,Normal
2026-02-08 15:58:33.880946,Seoul-5731,2,66,Normal
2026-02-08 15:58:34.880946,Seoul-5731,-21,15,Normal
2026-02-08 15:58:35.880946,Seoul-5731,35,3,Normal
2026-02-08 15:58:36.880946,Seoul-5731,29,70,Normal
2026-02-08 15:58:37.880946,Seoul-5731,-12,96,Normal
2026-02-08 15:58:38.880946,Seoul-5731,31,25,Normal
2026-02-08 15:58:39.880946,Seoul-5731,4,96,Normal
2026-02-08 15:58:40.880946,Seoul-5731,18,15,Normal
2026-02-08 15:58:41.880946,Seoul-5731,33,79,Normal
2026-02-08 15:58:42.880946,Seoul-5731,-12,19,Normal
2026-02-08 15:58:43.880946,Seoul-5731,27,53,Normal
2026-02-08 15:58:44.880946,Seoul-5731,50,90,Normal
2026-02-08 15:58:45.880946,Seoul-5731,38,84,Normal
2026-02-08 15:58:46.880946,Seoul-5731,3,37,Normal
2026-02-08 15:58:47.880946,Seoul-5731,-19,33,Normal
2026-02-08 15:58:48.880946,Seoul-5731,-17,6,Normal
2026-02-08 15:58:49.880946,Seoul-5731,39,85,Normal
2026-02-08 15:58:50.880946,Seoul-5731,-8,10,Normal
2026-02-08 15:58:51.880946,Seoul-5731,16,18,Normal
2026-02-08 15:58:52.880946,Seoul-5731,-3,85,Normal
2026-02-08 15:58:53.880946,Seoul-5731,-13,6,Normal
2026-02-08 15:58:54.880946,Seoul-5731,-17,95,Normal
2026-02-08 15:58:55.880946,Seoul-5731,-23,9,Normal
2026-02-08 15:58:56.880946,Seoul-5731,-27,84,Normal
2026-02-08 15:58:57.880946,Seoul-5731,43,65,Normal
2026-02-08 15:58:58.880946,Seoul-5731,41,24,Normal
2026-02-08 15:58:59.880946,Seoul-5731,4,56,Normal
2026-02-08 15:59:00.880946,Seoul-5731,-2,100,Normal
2026-02-08 15:59:01.880946,Seoul-5731,-2,37,Normal
2026-02-08 15:59:02.880946,Seoul-5731,16,55,Normal
2026-02-08 15:59:03.880946,Seoul-5731,-30,62,Normal
2026-02-08 15:59:04.880946,Seoul-5731,-21,99,Normal
2026-02-08 15:59:05.880946,Seoul-5731,1,53,Normal
2026-02-08 15:59:06.880946,Seoul-5731,-14,95,Normal
2026-02-08 15:59:07.880946,Seoul-5731,-28,70,Normal
2026-02-08 15:59:08.880946,Seoul-5731,-19,11,Normal
2026-02-08 15:59:09.880946,Seoul-5731,2,23,Normal
2026-02-08 15:59:10.880946,Seoul-5731,-11,34,Normal
2026-02-08 15:59:11.880946,Seoul-5731,-8,53,Normal
2026-02-08 15:59:12.880946,Seoul-5731,48,77,Normal
2026-02-08 15:59:13.880946,Seoul-5731,39,73,Normal
2026-02-08 15:59:14.880946,Seoul-5731,2,25,Normal
2026-02-08 15:59:15.880946,Seoul-5731,42,25,Normal
2026-02-08 15:59:16.880946,Seoul-5731,16,28,Normal
2026-02-08 15:59:17.880946,Seoul-5731,45,52,Normal
2026-02-08 15:59:18.880946,Seoul-5731,-16,71,Normal
2026-02-08 15:59:19.880946,Seoul-5731,6,4,Normal
2026-02-08 15:59:20.880946,Seoul-5731,-1,66,Normal
2026-02-08 15:59:21.880946,Seoul-5731,2,99,Normal
2026-02-08 15:59:22.880946,Seoul-5731,-14,11,Normal
2026-02-08 15:59:23.880946,Seoul-5731,0,9,Normal
2026-02-08 15:59:24.880946,Seoul-5731,4,90,Normal
2026-02-08 15:59:25.880946,Seoul-5731,-24,20,Normal
2026-02-08 15:59:26.880946,Seoul-5731,-27,61,Normal
2026-02-08 15:59:27.880946,Seoul-5731,16,100,Normal
2026-02-08 15:59:28.880946,Seoul-5731,-3,17,Normal
2026-02-08 15:59:29.880946,Seoul-5731,-29,81,Normal
2026-02-08 15:59:30.880946,Seoul-5731,21,47,Normal
2026-02-08 15:59:31.880946,Seoul-5731,5,37,Normal
2026-02-08 15:59:32.880946,Seoul-5731,29,20,Normal
2026-02-08 15:59:33.880946,Seoul-5731,-15,59,Normal
2026-02-08 15:59:34.880946,Seoul-5731,-6,6,Normal
2026-02-08 15:59:35.880946,Seoul-5731,-12,82,Normal
2026-02-08 15:59:36.880946,Seoul-5731,-21,15,Normal
2026-02-08 15:59:37.880946,Seoul-5731,36,14,Normal
2026-02-08 15:59:38.880946,Seoul-5731,10,4,Normal
2026-02-08 15:59:39.880946,Seoul-5731,25,16,Normal
2026-02-08 15:59:40.880946,Seoul-5731,-12,33,Normal
2026-02-08 15:59:41.880946,Seoul-5731,33,88,Normal
2026-02-08 15:59:42.880946,Seoul-5731,13,24,Normal
2026-02-08 15:59:43.880946,Seoul-5731,17,14,Normal
2026-02-08 15:59:44.880946,Seoul-5731,-2,29,Normal
2026-02-08 15:59:45.880946,Seoul-5731,-29,15,Normal
2026-02-08 15:59:46.880946,Seoul-5731,10,72,Normal
2026-02-08 15:59:47.880946,Seoul-5731,30,23,Normal
2026-02-08 15:59:48.880946,Seoul-5731,-7,49,Normal
2026-02-08 15:59:49.880946,Seoul-5731,40,8,Normal
2026-02-08 15:59:50.880946,Seoul-5731,49,20,Normal
2026-02-08 15:59:51.880946,Seoul-5731,-27,93,Normal
2026-02-08 15:59:52.880946,Seoul-5731,-15,18,Normal
2026-02-08 15:59:53.880946,Seoul-5731,25,26,Normal
2026-02-08 15:59:54.880946,Seoul-5731,-16,76,Normal
2026-02-08 15:59:55.880946,Seoul-5731,41,52,Normal
2026-02-08 15:59:56.880946,Seoul-5731,-5,51,Normal
2026-02-08 15:59:57.880946,Seoul-5731,38,33,Normal
2026-02-08 15:59:58.880946,Seoul-5731,39,89,Normal
2026-02-08 15:59:59.880946,Seoul-5731,27,16,Normal
2026-02-08 16:00:00.880946,Seoul-5731,41,12,Normal
2026-02-08 16:00:01.880946,Seoul-5731,-5,30,Normal
2026-02-08 16:00:02.880946,Seoul-5731,19,31,Normal
2026-02-08 16:00:03.880946,Seoul-5731,43,58,Normal
2026-02-08 16:00:04.880946,Seoul-5731,-27,71,Normal
2026-02-08 16:00:05.880946,Seoul-5731,10,28,Normal
2026-02-08 16:00:06.880946,Seoul-5731,44,61,Normal
2026-02-08 16:00:07.880946,Seoul-5731,15,67,Normal
2026-02-08 16:00:08.880946,Seoul-5731,21,79,Normal
2026-02-08 16:00:09.880946,Seoul-5731,16,36,Normal
2026-02-08 16:00:10.880946,Seoul-5731,-9,22,Normal
2026-02-08 16:00:11.880946,Seoul-5731,34,28,Normal
2026-02-08 16:00:12.880946,Seoul-5731,-23,15,Normal
2026-02-08 16:00:13.880946,Seoul-5731,13,90,Normal
2026-02-08 16:00:14.880946,Seoul-5731,-5,1,Normal
2026-02-08 16:00:15.880946,Seoul-5731,28,60,Normal
2026-02-08 16:00:16.880946,Seoul-5731,21,29,Normal
2026-02-08 16:00:17.880946,Seoul-5731,-20,99,Normal
2026-02-08 16:00:18.880946,Seoul-5731,19,41,Normal
2026-02-08 16:00:19.880946,Seoul-5731,32,91,Normal
2026-02-08 16:00:20.880946,Seoul-5731,37,7,Normal
2026-02-08 16:00:21.880946,Seoul-5731,7,9,Normal
2026-02-08 16:00:22.880946,Seoul-5731,-29,40,Normal
2026-02-08 16:00:23.880946,Seoul-5731,29,15,Normal
2026-02-08 16:00:24.880946,Seoul-5731,48,88,Normal
2026-02-08 16:00:25.880946,Seoul-5731,28,91,Normal
2026-02-08 16:00:26.880946,Seoul-5731,41,2,Normal
2026-02-08 16:00:27.880946,Seoul-5731,-26,16,Normal
2026-02-08 16:00:28.880946,Seoul-5731,40,58,Normal
2026-02-08 16:00:29.880946,Seoul-5731,24,63,Normal
2026-02-08 16:00:30.880946,Seoul-5731,44,77,Normal
2026-02-08 16:00:31.880946,Seoul-5731,39,43,Normal
2026-02-08 16:00:32.880946,Seoul-5731,-11,39,Normal
2026-02-08 16:00:33.880946,Seoul-5731,32,73,Normal
2026-02-08 16:00:34.880946,Seoul-5731,-8,31,Normal
2026-02-08 16:00:35.880946,Seoul-5731,34,98,Normal
2026-02-08 16:00:36.880946,Seoul-5731,-5,29,Normal
2026-02-08 16:00:37.880946,Seoul-5731,-11,83,Normal
2026-02-08 16:00:38.880946,Seoul-5731,2,27,Normal
2026-02-08 16:00:39.880946,Seoul-5731,-27,74,Normal
2026-02-08 16:00:40.880946,Seoul-5731,3,11,Normal
2026-02-08 16:00:41.880946,Seoul-5731,-17,68,Normal
2026-02-08 16:00:42.880946,Seoul-5731,34,23,Normal
2026-02-08 16:00:43.880946,Seoul-5731,27,80,Normal
2026-02-08 16:00:44.880946,Seoul-5731,27,65,Normal
2026-02-08 16:00:45.880946,Seoul-5731,2,83,Normal
2026-02-08 16:00:46.880946,Seoul-5731,18,83,Normal
2026-02-08 16:00:47.880946,Seoul-5731,5,2,Normal
2026-02-08 16:00:48.880946,Seoul-5731,-27,29,Normal
2026-02-08 16:00:49.880946,Seoul-5731,44,64,Normal
2026-02-08 16:00:50.880946,Seoul-5731,-12,92,Normal
2026-02-08 16:00:51.880946,Seoul-5731,8,58,Normal
2026-02-08 16:00:52.880946,Seoul-5731,14,51,Normal
2026-02-08 16:00:53.880946,Seoul-5731,-2,72,Normal
2026-02-08 16:00:54.880946,Seoul-5731,-7,65,Normal
2026-02-08 16:00:55.880946,Seoul-5731,20,92,Normal
2026-02-08 16:00:56.880946,Seoul-5731,45,27,Normal
2026-02-08 16:00:57.880946,Seoul-5731,-30,45,Normal
2026-02-08 16:00:58.880946,Seoul-5731,1,53,Normal
2026-02-08 16:00:59.880946,Seoul-5731,27,95,Normal
2026-02-08 16:01:00.880946,Seoul-5731,47,85,Normal
2026-02-08 16:01:01.880946,Seoul-5731,39,12,Normal
2026-02-08 16:01:02.880946,Seoul-5731,37,27,Normal
2026-02-08 16:01:03.880946,Seoul-5731,-12,20,Normal
2026-02-08 16:01:04.880946,Seoul-5731,-14,36,Normal
2026-02-08 16:01:05.880946,Seoul-5731,29,48,Normal
2026-02-08 16:01:06.880946,Seoul-5731,35,76,Normal
2026-02-08 16:01:07.880946,Seoul-5731,36,97,Normal
2026-02-08 16:01:08.880946,Seoul-5731,49,68,Normal
2026-02-08 16:01:09.880946,Seoul-5731,11,4,Normal
2026-02-08 16:01:10.880946,Seoul-5731,-30,95,Normal
2026-02-08 16:01:11.880946,Seoul-5731,-1,82,Normal
2026-02-08 16:01:12.880946,Seoul-5731,35,88,Normal
2026-02-08 16:01:13.880946,Seoul-5731,-14,78,Normal
2026-02-08 16:01:14.880946,Seoul-5731,-19,16,Normal
2026-02-08 16:01:15.880946,Seoul-5731,4,86,Normal
2026-02-08 16:01:16.880946,Seoul-5731,12,5,Normal
2026-02-08 16:01:17.880946,Seoul-5731,-30,17,Normal
2026-02-08 16:01:18.880946,Seoul-5731,13,67,Normal
2026-02-08 16:01:19.880946,Seoul-5731,-18,4,Normal
2026-02-08 16:01:20.880946,Seoul-5731,0,72,Normal
2026-02-08 16:01:21.880946,Seoul-5731,34,76,Normal
2026-02-08 16:01:22.880946,Seoul-5731,-14,57,Normal
2026-02-08 16:01:23.880946,Seoul-5731,49,99,Normal
2026-02-08 16:01:24.880946,Seoul-5731,-27,28,Normal
2026-02-08 16:01:25.880946,Seoul-5731,-14,56,Normal
2026-02-08 16:01:26.880946,Seoul-5731,-7,69,Normal
2026-02-08 16:01:27.880946,Seoul-5731,22,23,Normal
2026-02-08 16:01:28.880946,Seoul-5731,18,96,Normal
2026-02-08 16:01:29.880946,Seoul-5731,36,96,Normal
2026-02-08 16:01:30.880946,Seoul-5731,17,69,Normal
2026-02-08 16:01:31.880946,Seoul-5731,3,81,Normal
2026-02-08 16:01:32.880946,Seoul-5731,12,33,Normal
2026-02-08 16:01:33.880946,Seoul-5731,45,89,Normal
2026-02-08 16:01:34.880946,Seoul-5731,3,48,Normal
2026-02-08 16:01:35.880946,Seoul-5731,-30,21,Normal
2026-02-08 16:01:36.880946,Seoul-5731,50,60,Normal
2026-02-08 16:01:37.880946,Seoul-5731,15,19,Normal
2026-02-08 16:01:38.880946,Seoul-5731,-25,46,Normal
2026-02-08 16:01:39.880946,Seoul-5731,45,98,Normal
2026-02-08 16:01:40.880946,Seoul-5731,25,54,Normal
2026-02-08 16:01:41.880946,Seoul-5731,20,53,Normal
2026-02-08 16:01:42.880946,Seoul-5731,8,72,Normal
2026-02-08 16:01:43.880946,Seoul-5731,40,73,Normal
2026-02-08 16:01:44.880946,Seoul-5731,-7,47,Normal
2026-02-08 16:01:45.880946,Seoul-5731,-4,22,Normal
2026-02-08 16:01:46.880946,Seoul-5731,25,85,Normal
2026-02-08 16:01:47.880946,Seoul-5731,-11,76,Normal
2026-02-08 16:01:48.880946,Seoul-5731,-28,31,Normal
2026-02-08 16:01:49.880946,Seoul-5731,29,32,Normal
2026-02-08 16:01:50.880946,Seoul-5731,-6,75,Normal
2026-02-08 16:01:51.880946,Seoul-5731,44,41,Normal
2026-02-08 16:01:52.880946,Seoul-5731,40,83,Normal
2026-02-08 16:01:53.880946,Seoul-5731,-11,80,Normal
2026-02-08 16:01:54.880946,Seoul-5731,-6,54,Normal
2026-02-08 16:01:55.880946,Seoul-5731,4,91,Normal
2026-02-08 16:01:56.880946,Seoul-5731,-1,11,Normal
2026-02-08 16:01:57.880946,Seoul-5731,42,82,Normal
2026-02-08 16:01:58.880946,Seoul-5731,-15,57,Normal
2026-02-08 16:01:59.880946,Seoul-5731,43,14,Normal
2026-02-08 16:02:00.880946,Seoul-5731,-17,61,Normal
2026-02-08 16:02:01.880946,Seoul-5731,6,25,Normal
2026-02-08 16:02:02.880946,Seoul-5731,42,57,Normal
2026-02-08 16:02:03.880946,Seoul-5731,1,56,Normal
2026-02-08 16:02:04.880946,Seoul-5731,30,98,Normal
2026-02-08 16:02:05.880946,Seoul-5731,-8,75,Normal
2026-02-08 16:02:06.880946,Seoul-5731,-15,3,Normal
2026-02-08 16:02:07.880946,Seoul-5731,9,52,Normal
2026-02-08 16:02:08.880946,Seoul-5731,44,25,Normal
2026-02-08 16:02:09.880946,Seoul-5731,4,58,Normal
2026-02-08 16:02:10.880946,Seoul-5731,8,92,Normal
2026-02-08 16:02:11.880946,Seoul-5731,-3,96,Normal
2026-02-08 16:02:12.880946,Seoul-5731,50,76,Normal
2026-02-08 16:02:13.880946,Seoul-5731,-23,0,Normal
2026-02-08 16:02:14.880946,Seoul-5731,-7,77,Normal
2026-02-08 16:02:15.880946,Seoul-5731,-14,45,Normal
2026-02-08 16:02:16.880946,Seoul-5731,0,33,Normal
2026-02-08 16:02:17.880946,Seoul-5731,39,44,Normal
2026-02-08 16:02:18.880946,Seoul-5731,35,89,Normal
2026-02-08 16:02:19.880946,Seoul-5731,-15,25,Normal
2026-02-08 16:02:20.880946,Seoul-5731,46,64,Normal
2026-02-08 16:02:21.880946,Seoul-5731,1,18,Normal
2026-02-08 16:02:22.880946,Seoul-5731,17,78,Normal
2026-02-08 16:02:23.880946,Seoul-5731,26,90,Normal
2026-02-08 16:02:24.880946,Seoul-5731,-9,42,Normal
2026-02-08 16:02:25.880946,Seoul-5731,-13,74,Normal
2026-02-08 16:02:26.880946,Seoul-5731,-27,57,Normal
2026-02-08 16:02:27.880946,Seoul-5731,-26,12,Normal
2026-02-08 16:02:28.880946,Seoul-5731,5,55,Normal
2026-02-08 16:02:29.880946,Seoul-5731,47,31,Normal
2026-02-08 16:02:30.880946,Seoul-5731,3,35,Normal
2026-02-08 16:02:31.880946,Seoul-5731,18,64,Normal
2026-02-08 16:02:32.880946,Seoul-5731,31,37,Normal
2026-02-08 16:02:33.880946,Seoul-5731,41,12,Normal
2026-02-08 16:02:34.880946,Seoul-5731,45,26,Normal
2026-02-08 16:02:35.880946,Seoul-5731,34,8,Normal
2026-02-08 16:02:36.880946,Seoul-5731,14,10,Normal
2026-02-08 16:02:37.880946,Seoul-5731,37,12,Normal
2026-02-08 16:02:38.880946,Seoul-5731,10,9,Normal
2026-02-08 16:02:39.880946,Seoul-5731,-11,11,Normal
2026-02-08 16:02:40.880946,Seoul-5731,-11,45,Normal
2026-02-08 16:02:41.880946,Seoul-5731,1,34,Normal
2026-02-08 16:02:42.880946,Seoul-5731,37,34,Normal
2026-02-08 16:02:43.880946,Seoul-5731,28,1,Normal
2026-02-08 16:02:44.880946,Seoul-5731,25,55,Normal
2026-02-08 16:02:45.880946,Seoul-5731,-7,67,Normal
2026-02-08 16:02:46.880946,Seoul-5731,6,65,Normal
2026-02-08 16:02:47.880946,Seoul-5731,34,2,Normal
2026-02-08 16:02:48.880946,Seoul-5731,27,38,Normal
2026-02-08 16:02:49.880946,Seoul-5731,37,93,Normal
2026-02-08 16:02:50.880946,Seoul-5731,15,83,Normal
2026-02-08 16:02:51.880946,Seoul-5731,14,99,Normal
2026-02-08 16:02:52.880946,Seoul-5731,-19,59,Normal
2026-02-08 16:02:53.880946,Seoul-5731,-13,81,Normal
2026-02-08 16:02:54.880946,Seoul-5731,50,41,Normal
2026-02-08 16:02:55.880946,Seoul-5731,-1,1,Normal
2026-02-08 16:02:56.880946,Seoul-5731,49,43,Normal
2026-02-08 16:02:57.880946,Seoul-5731,10,22,Normal
2026-02-08 16:02:58.880946,Seoul-5731,26,50,Normal
2026-02-08 16:02:59.880946,Seoul-5731,-26,29,Normal
2026-02-08 16:03:00.880946,Seoul-5731,16,90,Normal
2026-02-08 16:03:01.880946,Seoul-5731,34,87,Normal
2026-02-08 16:03:02.880946,Seoul-5731,22,25,Normal
2026-02-08 16:03:03.880946,Seoul-5731,15,27,Normal
2026-02-08 16:03:04.880946,Seoul-5731,-7,40,Normal
2026-02-08 16:03:05.880946,Seoul-5731,26,15,Normal
2026-02-08 16:03:06.880946,Seoul-5731,7,44,Normal
2026-02-08 16:03:07.880946,Seoul-5731,-27,36,Normal
2026-02-08 16:03:08.880946,Seoul-5731,40,80,Normal
2026-02-08 16:03:09.880946,Seoul-5731,5,44,Normal
2026-02-08 16:03:10.880946,Seoul-5731,22,12,Normal
2026-02-08 16:03:11.880946,Seoul-5731,27,46,Normal
2026-02-08 16:03:12.880946,Seoul-5731,-4,84,Normal
2026-02-08 16:03:13.880946,Seoul-5731,-16,42,Normal
2026-02-08 16:03:14.880946,Seoul-5731,44,27,Normal
2026-02-08 16:03:15.880946,Seoul-5731,8,62,Normal
2026-02-08 16:03:16.880946,Seoul-5731,2,78,Normal
2026-02-08 16:03:17.880946,Seoul-5731,13,27,Normal
2026-02-08 16:03:18.880946,Seoul-5731,-8,6,Normal
2026-02-08 16:03:19.880946,Seoul-5731,-27,99,Normal
2026-02-08 16:03:20.880946,Seoul-5731,26,93,Normal
2026-02-08 16:03:21.880946,Seoul-5731,-20,57,Normal
2026-02-08 16:03:22.880946,Seoul-5731,50,29,Normal
2026-02-08 16:03:23.880946,Seoul-5731,11,56,Normal
2026-02-08 16:03:24.880946,Seoul-5731,-13,22,Normal
2026-02-08 16:03:25.880946,Seoul-5731,26,12,Normal
2026-02-08 16:03:26.880946,Seoul-5731,31,10,Normal
2026-02-08 16:03:27.880946,Seoul-5731,2,30,Normal
2026-02-08 16:03:28.880946,Seoul-5731,49,77,Normal
2026-02-08 16:03:29.880946,Seoul-5731,11,0,Normal
2026-02-08 16:03:30.880946,Seoul-5731,23,87,Normal
2026-02-08 16:03:31.880946,Seoul-5731,10,39,Normal
2026-02-08 16:03:32.880946,Seoul-5731,1,20,Normal
2026-02-08 16:03:33.880946,Seoul-5731,27,91,Normal
2026-02-08 16:03:34.880946,Seoul-5731,32,62,Normal
2026-02-08 16:03:35.880946,Seoul-5731,-8,86,Normal
2026-02-08 16:03:36.880946,Seoul-5731,4,24,Normal
2026-02-08 16:03:37.880946,Seoul-5731,13,43,Normal
2026-02-08 16:03:38.880946,Seoul-5731,8,67,Normal
2026-02-08 16:03:39.880946,Seoul-5731,39,81,Normal
2026-02-08 16:03:40.880946,Seoul-5731,-10,49,Normal
2026-02-08 16:03:41.880946,Seoul-5731,36,97,Normal
2026-02-08 16:03:42.880946,Seoul-5731,44,33,Normal
2026-02-08 16:03:43.880946,Seoul-5731,37,95,Normal
2026-02-08 16:03:44.880946,Seoul-5731,-7,85,Normal
2026-02-08 16:03:45.880946,Seoul-5731,-12,11,Normal
2026-02-08 16:03:46.880946,Seoul-5731,-19,19,Normal
2026-02-08 16:03:47.880946,Seoul-5731,12,85,Normal
2026-02-08 16:03:48.880946,Seoul-5731,-17,7,Normal
2026-02-08 16:03:49.880946,Seoul-5731,-26,62,Normal
2026-02-08 16:03:50.880946,Seoul-5731,-24,6,Normal
2026-02-08 16:03:51.880946,Seoul-5731,49,47,Normal
2026-02-08 16:03:52.880946,Seoul-5731,18,67,Normal
2026-02-08 16:03:53.880946,Seoul-5731,21,18,Normal
2026-02-08 16:03:54.880946,Seoul-5731,-22,50,Normal
2026-02-08 16:03:55.880946,Seoul-5731,32,56,Normal
2026-02-08 16:03:56.880946,Seoul-5731,-23,1,Normal
2026-02-08 16:03:57.880946,Seoul-5731,45,89,Normal
2026-02-08 16:03:58.880946,Seoul-5731,36,43,Normal
2026-02-08 16:03:59.880946,Seoul-5731,1,35,Normal
2026-02-08 16:04:00.880946,Seoul-5731,-16,83,Normal
2026-02-08 16:04:01.880946,Seoul-5731,-5,93,Normal
2026-02-08 16:04:02.880946,Seoul-5731,31,74,Normal
2026-02-08 16:04:03.880946,Seoul-5731,-9,34,Normal
2026-02-08 16:04:04.880946,Seoul-5731,5,41,Normal
2026-02-08 16:04:05.880946,Seoul-5731,15,7,Normal
2026-02-08 16:04:06.880946,Seoul-5731,25,95,Normal
2026-02-08 16:04:07.880946,Seoul-5731,21,11,Normal
2026-02-08 16:04:08.880946,Seoul-5731,-18,34,Normal
2026-02-08 16:04:09.880946,Seoul-5731,-15,78,Normal
2026-02-08 16:04:10.880946,Seoul-5731,-1,49,Normal
2026-02-08 16:04:11.880946,Seoul-5731,-17,100,Normal
2026-02-08 16:04:12.880946,Seoul-5731,47,34,Normal
2026-02-08 16:04:13.880946,Seoul-5731,-28,63,Normal
2026-02-08 16:04:14.880946,Seoul-5731,-19,26,Normal
2026-02-08 16:04:15.880946,Seoul-5731,25,14,Normal
2026-02-08 16:04:16.880946,Seoul-5731,9,74,Normal
2026-02-08 16:04:17.880946,Seoul-5731,29,23,Normal
2026-02-08 16:04:18.880946,Seoul-5731,-19,31,Normal
2026-02-08 16:04:19.880946,Seoul-5731,-30,100,Normal
2026-02-08 16:04:20.880946,Seoul-5731,26,44,Normal
2026-02-08 16:04:21.880946,Seoul-5731,42,25,Normal
2026-02-08 16:04:22.880946,Seoul-5731,50,9,Normal
2026-02-08 16:04:23.880946,Seoul-5731,44,79,Normal
2026-02-08 16:04:24.880946,Seoul-5731,-23,7,Normal
2026-02-08 16:04:25.880946,Seoul-5731,-18,92,Normal
2026-02-08 16:04:26.880946,Seoul-5731,-23,23,Normal
2026-02-08 16:04:27.880946,Seoul-5731,-23,22,Normal
2026-02-08 16:04:28.880946,Seoul-5731,3,53,Normal
2026-02-08 16:04:29.880946,Seoul-5731,5,19,Normal
2026-02-08 16:04:30.880946,Seoul-5731,35,81,Normal
2026-02-08 16:04:31.880946,Seoul-5731,0,10,Normal
2026-02-08 16:04:32.880946,Seoul-5731,48,91,Normal
2026-02-08 16:04:33.880946,Seoul-5731,48,99,Normal
2026-02-08 16:04:34.880946,Seoul-5731,33,93,Normal
2026-02-08 16:04:35.880946,Seoul-5731,45,62,Normal
2026-02-08 16:04:36.880946,Seoul-5731,-9,22,Normal
2026-02-08 16:04:37.880946,Seoul-5731,-22,30,Normal
2026-02-08 16:04:38.880946,Seoul-5731,7,72,Normal
2026-02-08 16:04:39.880946,Seoul-5731,14,28,Normal
2026-02-08 16:04:40.880946,Seoul-5731,-18,93,Normal
2026-02-08 16:04:41.880946,Seoul-5731,-17,15,Normal
2026-02-08 16:04:42.880946,Seoul-5731,47,2,Normal
2026-02-08 16:04:43.880946,Seoul-5731,-5,24,Normal
2026-02-08 16:04:44.880946,Seoul-5731,17,90,Normal
2026-02-08 16:04:45.880946,Seoul-5731,5,16,Normal
2026-02-08 16:04:46.880946,Seoul-5731,-10,8,Normal
2026-02-08 16:04:47.880946,Seoul-5731,34,60,Normal
2026-02-08 16:04:48.880946,Seoul-5731,-9,86,Normal
2026-02-08 16:04:49.880946,Seoul-5731,4,23,Normal
2026-02-08 16:04:50.880946,Seoul-5731,37,47,Normal
2026-02-08 16:04:51.880946,Seoul-5731,3,25,Normal
2026-02-08 16:04:52.880946,Seoul-5731,10,40,Normal
2026-02-08 16:04:53.880946,Seoul-5731,-1,77,Normal
2026-02-08 16:04:54.880946,Seoul-5731,26,5,Normal
2026-02-08 16:04:55.880946,Seoul-5731,-27,60,Normal
2026-02-08 16:04:56.880946,Seoul-5731,13,10,Normal
2026-02-08 16:04:57.880946,Seoul-5731,6,5,Normal
2026-02-08 16:04:58.880946,Seoul-5731,11,13,Normal
2026-02-08 16:04:59.880946,Seoul-5731,15,60,Normal
2026-02-08 16:05:00.880946,Seoul-5731,-4,69,Normal
2026-02-08 16:05:01.880946,Seoul-5731,25,70,Normal
2026-02-08 16:05:02.880946,Seoul-5731,4,47,Normal
2026-02-08 16:05:03.880946,Seoul-5731,-5,2,Normal
2026-02-08 16:05:04.880946,Seoul-5731,22,0,Normal
2026-02-08 16:05:05.880946,Seoul-5731,-19,78,Normal
2026-02-08 16:05:06.880946,Seoul-5731,-20,15,Normal
2026-02-08 16:05:07.880946,Seoul-5731,-20,84,Normal
2026-02-08 16:05:08.880946,Seoul-5731,36,28,Normal
2026-02-08 16:05:09.880946,Seoul-5731,-13,14,Normal
2026-02-08 16:05:10.880946,Seoul-5731,-7,61,Normal
2026-02-08 16:05:11.880946,Seoul-5731,25,47,Normal
2026-02-08 16:05:12.880946,Seoul-5731,42,8,Normal
2026-02-08 16:05:13.880946,Seoul-5731,-3,29,Normal
2026-02-08 16:05:14.880946,Seoul-5731,50,76,Normal
2026-02-08 16:05:15.880946,Seoul-5731,15,83,Normal
2026-02-08 16:05:16.880946,Seoul-5731,24,48,Normal
2026-02-08 16:05:17.880946,Seoul-5731,46,62,Normal
2026-02-08 16:05:18.880946,Seoul-5731,-14,63,Normal
2026-02-08 16:05:19.880946,Seoul-5731,3,12,Normal
2026-02-08 16:05:20.880946,Seoul-5731,17,4,Normal
2026-02-08 16:05:21.880946,Seoul-5731,9,53,Normal
2026-02-08 16:05:22.880946,Seoul-5731,31,15,Normal
2026-02-08 16:05:23.880946,Seoul-5731,28,40,Normal
2026-02-08 16:05:24.880946,Seoul-5731,11,14,Normal
2026-02-08 16:05:25.880946,Seoul-5731,30,13,Normal
2026-02-08 16:05:26.880946,Seoul-5731,4,42,Normal
2026-02-08 16:05:27.880946,Seoul-5731,21,99,Normal
2026-02-08 16:05:28.880946,Seoul-5731,-24,76,Normal
2026-02-08 16:05:29.880946,Seoul-5731,16,18,Normal
2026-02-08 16:05:30.880946,Seoul-5731,18,6,Normal
2026-02-08 16:05:31.880946,Seoul-5731,-29,82,Normal
2026-02-08 16:05:32.880946,Seoul-5731,18,60,Normal
2026-02-08 16:05:33.880946,Seoul-5731,49,5,Normal
2026-02-08 16:05:34.880946,Seoul-5731,30,97,Normal
2026-02-08 16:05:35.880946,Seoul-5731,-18,9,Normal
2026-02-08 16:05:36.880946,Seoul-5731,19,85,Normal
2026-02-08 16:05:37.880946,Seoul-5731,-18,7,Normal
2026-02-08 16:05:38.880946,Seoul-5731,10,38,Normal
2026-02-08 16:05:39.880946,Seoul-5731,28,11,Normal
2026-02-08 16:05:40.880946,Seoul-5731,34,47,Normal
2026-02-08 16:05:41.880946,Seoul-5731,7,45,Normal
2026-02-08 16:05:42.880946,Seoul-5731,1,77,Normal
2026-02-08 16:05:43.880946,Seoul-5731,20,11,Normal
2026-02-08 16:05:44.880946,Seoul-5731,6,39,Normal
2026-02-08 16:05:45.880946,Seoul-5731,12,0,Normal
2026-02-08 16:05:46.880946,Seoul-5731,-18,90,Normal
2026-02-08 16:05:47.880946,Seoul-5731,-5,90,Normal
2026-02-08 16:05:48.880946,Seoul-5731,21,19,Normal
2026-02-08 16:05:49.880946,Seoul-5731,2,9,Normal
2026-02-08 16:05:50.880946,Seoul-5731,11,59,Normal
2026-02-08 16:05:51.880946,Seoul-5731,-16,43,Normal
2026-02-08 16:05:52.880946,Seoul-5731,-13,1,Normal
2026-02-08 16:05:53.880946,Seoul-5731,22,65,Normal
2026-02-08 16:05:54.880946,Seoul-5731,-21,69,Normal
2026-02-08 16:05:55.880946,Seoul-5731,-21,62,Normal
2026-02-08 16:05:56.880946,Seoul-5731,-25,3,Normal
2026-02-08 16:05:57.880946,Seoul-5731,-12,46,Normal
2026-02-08 16:05:58.880946,Seoul-5731,12,11,Normal
2026-02-08 16:05:59.880946,Seoul-5731,23,81,Normal
2026-02-08 16:06:00.880946,Seoul-5731,20,83,Normal
2026-02-08 16:06:01.880946,Seoul-5731,44,40,Normal
2026-02-08 16:06:02.880946,Seoul-5731,-20,50,Normal
2026-02-08 16:06:03.880946,Seoul-5731,37,6,Normal
2026-02-08 16:06:04.880946,Seoul-5731,2,42,Normal
2026-02-08 16:06:05.880946,Seoul-5731,1,31,Normal
2026-02-08 16:06:06.880946,Seoul-5731,6,35,Normal
2026-02-08 16:06:07.880946,Seoul-5731,-3,41,Normal
2026-02-08 16:06:08.880946,Seoul-5731,-19,3,Normal
2026-02-08 16:06:09.880946,Seoul-5731,-19,80,Normal
2026-02-08 16:06:10.880946,Seoul-5731,-15,96,Normal
2026-02-08 16:06:11.880946,Seoul-5731,-26,59,Normal
2026-02-08 16:06:12.880946,Seoul-5731,34,49,Normal
2026-02-08 16:06:13.880946,Seoul-5731,11,79,Normal
2026-02-08 16:06:14.880946,Seoul-5731,-13,61,Normal
2026-02-08 16:06:15.880946,Seoul-5731,32,21,Normal
2026-02-08 16:06:16.880946,Seoul-5731,1,90,Normal
2026-02-08 16:06:17.880946,Seoul-5731,30,99,Normal
2026-02-08 16:06:18.880946,Seoul-5731,26,12,Normal
2026-02-08 16:06:19.880946,Seoul-5731,50,33,Normal
2026-02-08 16:06:20.880946,Seoul-5731,10,21,Normal
2026-02-08 16:06:21.880946,Seoul-5731,23,21,Normal
2026-02-08 16:06:22.880946,Seoul-5731,-19,10,Normal
2026-02-08 16:06:23.880946,Seoul-5731,-21,5,Normal
2026-02-08 16:06:24.880946,Seoul-5731,34,100,Normal
2026-02-08 16:06:25.880946,Seoul-5731,8,69,Normal
2026-02-08 16:06:26.880946,Seoul-5731,10,65,Normal
2026-02-08 16:06:27.880946,Seoul-5731,40,33,Normal
2026-02-08 16:06:28.880946,Seoul-5731,26,12,Normal
2026-02-08 16:06:29.880946,Seoul-5731,-7,29,Normal
2026-02-08 16:06:30.880946,Seoul-5731,2,92,Normal
2026-02-08 16:06:31.880946,Seoul-5731,46,31,Normal
2026-02-08 16:06:32.880946,Seoul-5731,-2,81,Normal
2026-02-08 16:06:33.880946,Seoul-5731,47,84,Normal
2026-02-08 16:06:34.880946,Seoul-5731,41,68,Normal
2026-02-08 16:06:35.880946,Seoul-5731,-15,94,Normal
2026-02-08 16:06:36.880946,Seoul-5731,44,37,Normal
2026-02-08 16:06:37.880946,Seoul-5731,6,34,Normal
2026-02-08 16:06:38.880946,Seoul-5731,46,54,Normal
2026-02-08 16:06:39.880946,Seoul-5731,-8,71,Normal
2026-02-08 16:06:40.880946,Seoul-5731,-10,74,Normal
2026-02-08 16:06:41.880946,Seoul-5731,6,37,Normal
2026-02-08 16:06:42.880946,Seoul-5731,15,52,Normal
2026-02-08 16:06:43.880946,Seoul-5731,23,11,Normal
2026-02-08 16:06:44.880946,Seoul-5731,5,74,Normal
2026-02-08 16:06:45.880946,Seoul-5731,-13,28,Normal
2026-02-08 16:06:46.880946,Seoul-5731,33,1,Normal
2026-02-08 16:06:47.880946,Seoul-5731,35,7,Normal
2026-02-08 16:06:48.880946,Seoul-5731,42,61,Normal
2026-02-08 16:06:49.880946,Seoul-5731,27,55,Normal
2026-02-08 16:06:50.880946,Seoul-5731,26,3,Normal
2026-02-08 16:06:51.880946,Seoul-5731,4,77,Normal
2026-02-08 16:06:52.880946,Seoul-5731,15,31,Normal
2026-02-08 16:06:53.880946,Seoul-5731,22,96,Normal
2026-02-08 16:06:54.880946,Seoul-5731,24,87,Normal
2026-02-08 16:06:55.880946,Seoul-5731,-15,1,Normal
2026-02-08 16:06:56.880946,Seoul-5731,25,93,Normal
2026-02-08 16:06:57.880946,Seoul-5731,7,27,Normal
2026-02-08 16:06:58.880946,Seoul-5731,33,46,Normal
2026-02-08 16:06:59.880946,Seoul-5731,6,68,Normal
2026-02-08 16:07:00.880946,Seoul-5731,-5,95,Normal
2026-02-08 16:07:01.880946,Seoul-5731,39,36,Normal
2026-02-08 16:07:02.880946,Seoul-5731,-15,78,Normal
2026-02-08 16:07:03.880946,Seoul-5731,24,7,Normal
2026-02-08 16:07:04.880946,Seoul-5731,49,33,Normal
2026-02-08 16:07:05.880946,Seoul-5731,-13,30,Normal
2026-02-08 16:07:06.880946,Seoul-5731,4,69,Normal
2026-02-08 16:07:07.880946,Seoul-5731,14,95,Normal
2026-02-08 16:07:08.880946,Seoul-5731,44,62,Normal
2026-02-08 16:07:09.880946,Seoul-5731,-14,97,Normal
2026-02-08 16:07:10.880946,Seoul-5731,18,100,Normal
2026-02-08 16:07:11.880946,Seoul-5731,30,26,Normal
2026-02-08 16:07:12.880946,Seoul-5731,-11,44,Normal
2026-02-08 16:07:13.880946,Seoul-5731,31,34,Normal
2026-02-08 16:07:14.880946,Seoul-5731,-1,35,Normal
2026-02-08 16:07:15.880946,Seoul-5731,-11,12,Normal
2026-02-08 16:07:16.880946,Seoul-5731,30,1,Normal
2026-02-08 16:07:17.880946,Seoul-5731,-28,57,Normal
2026-02-08 16:07:18.880946,Seoul-5731,17,59,Normal
2026-02-08 16:07:19.880946,Seoul-5731,-3,53,Normal
2026-02-08 16:07:20.880946,Seoul-5731,-8,56,Normal
2026-02-08 16:07:21.880946,Seoul-5731,48,40,Normal
2026-02-08 16:07:22.880946,Seoul-5731,5,97,Normal
2026-02-08 16:07:23.880946,Seoul-5731,46,52,Normal
2026-02-08 16:07:24.880946,Seoul-5731,49,72,Normal
2026-02-08 16:07:25.880946,Seoul-5731,-13,12,Normal
2026-02-08 16:07:26.880946,Seoul-5731,28,11,Normal
2026-02-08 16:07:27.880946,Seoul-5731,-22,63,Normal
2026-02-08 16:07:28.880946,Seoul-5731,-8,74,Normal
2026-02-08 16:07:29.880946,Seoul-5731,-13,78,Normal
2026-02-08 16:07:30.880946,Seoul-5731,45,64,Normal
2026-02-08 16:07:31.880946,Seoul-5731,6,49,Normal
2026-02-08 16:07:32.880946,Seoul-5731,47,64,Normal
2026-02-08 16:07:33.880946,Seoul-5731,43,25,Normal
2026-02-08 16:07:34.880946,Seoul-5731,-20,67,Normal
2026-02-08 16:07:35.880946,Seoul-5731,-15,48,Normal
2026-02-08 16:07:36.880946,Seoul-5731,-3,27,Normal
2026-02-08 16:07:37.880946,Seoul-5731,31,83,Normal
2026-02-08 16:07:38.880946,Seoul-5731,19,14,Normal
2026-02-08 16:07:39.880946,Seoul-5731,45,23,Normal
2026-02-08 16:07:40.880946,Seoul-5731,40,0,Normal
2026-02-08 16:07:41.880946,Seoul-5731,-27,81,Normal
2026-02-08 16:07:42.880946,Seoul-5731,35,28,Normal
2026-02-08 16:07:43.880946,Seoul-5731,3,86,Normal
2026-02-08 16:07:44.880946,Seoul-5731,-2,78,Normal
2026-02-08 16:07:45.880946,Seoul-5731,24,45,Normal
2026-02-08 16:07:46.880946,Seoul-5731,31,89,Normal
2026-02-08 16:07:47.880946,Seoul-5731,40,27,Normal
2026-02-08 16:07:48.880946,Seoul-5731,8,63,Normal
2026-02-08 16:07:49.880946,Seoul-5731,4,94,Normal
2026-02-08 16:07:50.880946,Seoul-5731,43,68,Normal
2026-02-08 16:07:51.880946,Seoul-5731,27,44,Normal
2026-02-08 16:07:52.880946,Seoul-5731,35,10,Normal
2026-02-08 16:07:53.880946,Seoul-5731,-19,83,Normal
2026-02-08 16:07:54.880946,Seoul-5731,17,15,Normal
2026-02-08 16:07:55.880946,Seoul-5731,32,16,Normal
2026-02-08 16:07:56.880946,Seoul-5731,-17,66,Normal
2026-02-08 16:07:57.880946,Seoul-5731,48,30,Normal
2026-02-08 16:07:58.880946,Seoul-5731,-22,84,Normal
2026-02-08 16:07:59.880946,Seoul-5731,26,22,Normal
2026-02-08 16:08:00.880946,Seoul-5731,34,70,Normal
2026-02-08 16:08:01.880946,Seoul-5731,45,3,Normal
2026-02-08 16:08:02.880946,Seoul-5731,-14,10,Normal
2026-02-08 16:08:03.880946,Seoul-5731,-11,22,Normal
2026-02-08 16:08:04.880946,Seoul-5731,48,47,Normal
2026-02-08 16:08:05.880946,Seoul-5731,-5,69,Normal
2026-02-08 16:08:06.880946,Seoul-5731,-23,69,Normal
2026-02-08 16:08:07.880946,Seoul-5731,-26,31,Normal
2026-02-08 16:08:08.880946,Seoul-5731,12,24,Normal
2026-02-08 16:08:09.880946,Seoul-5731,35,18,Normal
2026-02-08 16:08:10.880946,Seoul-5731,25,42,Normal
2026-02-08 16:08:11.880946,Seoul-5731,32,68,Normal
2026-02-08 16:08:12.880946,Seoul-5731,42,29,Normal
2026-02-08 16:08:13.880946,Seoul-5731,-12,11,Normal
2026-02-08 16:08:14.880946,Seoul-5731,-27,62,Normal
2026-02-08 16:08:15.880946,Seoul-5731,-26,7,Normal
2026-02-08 16:08:16.880946,Seoul-5731,1,34,Normal
2026-02-08 16:08:17.880946,Seoul-5731,47,89,Normal
2026-02-08 16:08:18.880946,Seoul-5731,-23,100,Normal
2026-02-08 16:08:19.880946,Seoul-5731,31,37,Normal
2026-02-08 16:08:20.880946,Seoul-5731,30,10,Normal
2026-02-08 16:08:21.880946,Seoul-5731,50,50,Normal
2026-02-08 16:08:22.880946,Seoul-5731,-10,7,Normal
2026-02-08 16:08:23.880946,Seoul-5731,-13,41,Normal
2026-02-08 16:08:24.880946,Seoul-5731,-24,73,Normal
2026-02-08 16:08:25.880946,Seoul-5731,-25,65,Normal
2026-02-08 16:08:26.880946,Seoul-5731,39,65,Normal
2026-02-08 16:08:27.880946,Seoul-5731,-6,23,Normal
2026-02-08 16:08:28.880946,Seoul-5731,25,18,Normal
2026-02-08 16:08:29.880946,Seoul-5731,-30,37,Normal
2026-02-08 16:08:30.880946,Seoul-5731,-22,66,Normal
2026-02-08 16:08:31.880946,Seoul-5731,-29,14,Normal
2026-02-08 16:08:32.880946,Seoul-5731,14,74,Normal
2026-02-08 16:08:33.880946,Seoul-5731,-28,89,Normal
2026-02-08 16:08:34.880946,Seoul-5731,-26,13,Normal
2026-02-08 16:08:35.880946,Seoul-5731,-7,0,Normal
2026-02-08 16:08:36.880946,Seoul-5731,21,47,Normal
2026-02-08 16:08:37.880946,Seoul-5731,16,86,Normal
2026-02-08 16:08:38.880946,Seoul-5731,-1,68,Normal
2026-02-08 16:08:39.880946,Seoul-5731,25,29,Normal
2026-02-08 16:08:40.880946,Seoul-5731,24,24,Normal
2026-02-08 16:08:41.880946,Seoul-5731,-18,12,Normal
2026-02-08 16:08:42.880946,Seoul-5731,49,84,Normal
2026-02-08 16:08:43.880946,Seoul-5731,-20,2,Normal
2026-02-08 16:08:44.880946,Seoul-5731,44,24,Normal
2026-02-08 16:08:45.880946,Seoul-5731,11,79,Normal
2026-02-08 16:08:46.880946,Seoul-5731,-1,14,Normal
2026-02-08 16:08:47.880946,Seoul-5731,34,39,Normal
2026-02-08 16:08:48.880946,Seoul-5731,-10,62,Normal
2026-02-08 16:08:49.880946,Seoul-5731,15,43,Normal
2026-02-08 16:08:50.880946,Seoul-5731,42,3,Normal
2026-02-08 16:08:51.880946,Seoul-5731,-15,47,Normal
2026-02-08 16:08:52.880946,Seoul-5731,18,47,Normal
2026-02-08 16:08:53.880946,Seoul-5731,-27,31,Normal
2026-02-08 16:08:54.880946,Seoul-5731,-21,79,Normal
2026-02-08 16:08:55.880946,Seoul-5731,-13,60,Normal
2026-02-08 16:08:56.880946,Seoul-5731,32,37,Normal
2026-02-08 16:08:57.880946,Seoul-5731,18,73,Normal
2026-02-08 16:08:58.880946,Seoul-5731,6,9,Normal
2026-02-08 16:08:59.880946,Seoul-5731,1,33,Normal
2026-02-08 16:09:00.880946,Seoul-5731,48,69,Normal
2026-02-08 16:09:01.880946,Seoul-5731,-29,2,Normal
2026-02-08 16:09:02.880946,Seoul-5731,23,9,Normal
2026-02-08 16:09:03.880946,Seoul-5731,38,97,Normal
2026-02-08 16:09:04.880946,Seoul-5731,48,93,Normal
2026-02-08 16:09:05.880946,Seoul-5731,-28,18,Normal
2026-02-08 16:09:06.880946,Seoul-5731,3,92,Normal
2026-02-08 16:09:07.880946,Seoul-5731,1,40,Normal
2026-02-08 16:09:08.880946,Seoul-5731,9,89,Normal
2026-02-08 16:09:09.880946,Seoul-5731,-16,22,Normal
2026-02-08 16:09:10.880946,Seoul-5731,26,97,Normal
2026-02-08 16:09:11.880946,Seoul-5731,14,32,Normal
2026-02-08 16:09:12.880946,Seoul-5731,35,89,Normal
2026-02-08 16:09:13.880946,Seoul-5731,-26,41,Normal
2026-02-08 16:09:14.880946,Seoul-5731,30,90,Normal
2026-02-08 16:09:15.880946,Seoul-5731,47,38,Normal
2026-02-08 16:09:16.880946,Seoul-5731,27,91,Normal
2026-02-08 16:09:17.880946,Seoul-5731,48,60,Normal
2026-02-08 16:09:18.880946,Seoul-5731,9,13,Normal
2026-02-08 16:09:19.880946,Seoul-5731,-18,22,Normal
2026-02-08 16:09:20.880946,Seoul-5731,28,46,Normal
2026-02-08 16:09:21.880946,Seoul-5731,-7,60,Normal
2026-02-08 16:09:22.880946,Seoul-5731,5,45,Normal
2026-02-08 16:09:23.880946,Seoul-5731,-23,15,Normal
2026-02-08 16:09:24.880946,Seoul-5731,-8,40,Normal
2026-02-08 16:09:25.880946,Seoul-5731,10,8,Normal
2026-02-08 16:09:26.880946,Seoul-5731,46,78,Normal
2026-02-08 16:09:27.880946,Seoul-5731,25,14,Normal
2026-02-08 16:09:28.880946,Seoul-5731,10,52,Normal
2026-02-08 16:09:29.880946,Seoul-5731,-16,61,Normal
2026-02-08 16:09:30.880946,Seoul-5731,-22,55,Normal
2026-02-08 16:09:31.880946,Seoul-5731,-4,49,Normal
2026-02-08 16:09:32.880946,Seoul-5731,-8,2,Normal
2026-02-08 16:09:33.880946,Seoul-5731,-8,4,Normal
2026-02-08 16:09:34.880946,Seoul-5731,-26,5,Normal
2026-02-08 16:09:35.880946,Seoul-5731,20,61,Normal
2026-02-08 16:09:36.880946,Seoul-5731,28,34,Normal
2026-02-08 16:09:37.880946,Seoul-5731,18,58,Normal
2026-02-08 16:09:38.880946,Seoul-5731,37,65,Normal
2026-02-08 16:09:39.880946,Seoul-5731,1,0,Normal
2026-02-08 16:09:40.880946,Seoul-5731,49,41,Normal
2026-02-08 16:09:41.880946,Seoul-5731,-13,77,Normal
2026-02-08 16:09:42.880946,Seoul-5731,-6,25,Normal
2026-02-08 16:09:43.880946,Seoul-5731,-29,90,Normal
2026-02-08 16:09:44.880946,Seoul-5731,13,75,Normal
2026-02-08 16:09:45.880946,Seoul-5731,20,71,Normal
2026-02-08 16:09:46.880946,Seoul-5731,-11,89,Normal
2026-02-08 16:09:47.880946,Seoul-5731,36,69,Normal
2026-02-08 16:09:48.880946,Seoul-5731,18,82,Normal
2026-02-08 16:09:49.880946,Seoul-5731,2,77,Normal
2026-02-08 16:09:50.880946,Seoul-5731,-16,12,Normal
2026-02-08 16:09:51.880946,Seoul-5731,34,38,Normal
2026-02-08 16:09:52.880946,Seoul-5731,-8,0,Normal
2026-02-08 16:09:53.880946,Seoul-5731,26,21,Normal
2026-02-08 16:09:54.880946,Seoul-5731,-10,80,Normal
2026-02-08 16:09:55.880946,Seoul-5731,2,56,Normal
2026-02-08 16:09:56.880946,Seoul-5731,27,36,Normal
2026-02-08 16:09:57.880946,Seoul-5731,44,40,Normal
2026-02-08 16:09:58.880946,Seoul-5731,1,75,Normal
2026-02-08 16:09:59.880946,Seoul-5731,35,81,Normal
2026-02-08 16:10:00.880946,Seoul-5731,10,45,Normal
2026-02-08 16:10:01.880946,Seoul-5731,39,48,Normal
2026-02-08 16:10:02.880946,Seoul-5731,13,1,Normal
2026-02-08 16:10:03.880946,Seoul-5731,-22,98,Normal
2026-02-08 16:10:04.880946,Seoul-5731,27,8,Normal
2026-02-08 16:10:05.880946,Seoul-5731,39,0,Normal
2026-02-08 16:10:06.880946,Seoul-5731,29,11,Normal
2026-02-08 16:10:07.880946,Seoul-5731,25,14,Normal
2026-02-08 16:10:08.880946,Seoul-5731,2,33,Normal
2026-02-08 16:10:09.880946,Seoul-5731,22,81,Normal
2026-02-08 16:10:10.880946,Seoul-5731,44,66,Normal
2026-02-08 16:10:11.880946,Seoul-5731,-8,25,Normal
2026-02-08 16:10:12.880946,Seoul-5731,38,49,Normal
2026-02-08 16:10:13.880946,Seoul-5731,16,12,Normal
2026-02-08 16:10:14.880946,Seoul-5731,37,85,Normal
2026-02-08 16:10:15.880946,Seoul-5731,-30,72,Normal
2026-02-08 16:10:16.880946,Seoul-5731,-19,81,Normal
2026-02-08 16:10:17.880946,Seoul-5731,36,1,Normal
2026-02-08 16:10:18.880946,Seoul-5731,42,31,Normal
2026-02-08 16:10:19.880946,Seoul-5731,4,17,Normal
2026-02-08 16:10:20.880946,Seoul-5731,9,24,Normal
2026-02-08 16:10:21.880946,Seoul-5731,12,44,Normal
2026-02-08 16:10:22.880946,Seoul-5731,-9,95,Normal
2026-02-08 16:10:23.880946,Seoul-5731,5,68,Normal
2026-02-08 16:10:24.880946,Seoul-5731,26,61,Normal
2026-02-08 16:10:25.880946,Seoul-5731,32,27,Normal
2026-02-08 16:10:26.880946,Seoul-5731,-29,60,Normal
2026-02-08 16:10:27.880946,Seoul-5731,2,87,Normal
2026-02-08 16:10:28.880946,Seoul-5731,-12,23,Normal
2026-02-08 16:10:29.880946,Seoul-5731,45,47,Normal
2026-02-08 16:10:30.880946,Seoul-5731,-10,56,Normal
2026-02-08 16:10:31.880946,Seoul-5731,-25,85,Normal
2026-02-08 16:10:32.880946,Seoul-5731,-6,37,Normal
2026-02-08 16:10:33.880946,Seoul-5731,-17,53,Normal
2026-02-08 16:10:34.880946,Seoul-5731,23,39,Normal
2026-02-08 16:10:35.880946,Seoul-5731,18,43,Normal
2026-02-08 16:10:36.880946,Seoul-5731,37,14,Normal
2026-02-08 16:10:37.880946,Seoul-5731,-19,30,Normal
2026-02-08 16:10:38.880946,Seoul-5731,-27,60,Normal
2026-02-08 16:10:39.880946,Seoul-5731,34,52,Normal
2026-02-08 16:10:40.880946,Seoul-5731,30,73,Normal
2026-02-08 16:10:41.880946,Seoul-5731,-9,7,Normal
2026-02-08 16:10:42.880946,Seoul-5731,44,1,Normal
2026-02-08 16:10:43.880946,Seoul-5731,48,86,Normal
2026-02-08 16:10:44.880946,Seoul-5731,-27,84,Normal
2026-02-08 16:10:45.880946,Seoul-5731,0,87,Normal
2026-02-08 16:10:46.880946,Seoul-5731,-9,91,Normal
2026-02-08 16:10:47.880946,Seoul-5731,41,6,Normal
2026-02-08 16:10:48.880946,Seoul-5731,-26,24,Normal
2026-02-08 16:10:49.880946,Seoul-5731,2,9,Normal
2026-02-08 16:10:50.880946,Seoul-5731,-6,26,Normal
2026-02-08 16:10:51.880946,Seoul-5731,31,63,Normal
2026-02-08 16:10:52.880946,Seoul-5731,24,42,Normal
2026-02-08 16:10:53.880946,Seoul-5731,-8,50,Normal
2026-02-08 16:10:54.880946,Seoul-5731,5,68,Normal
2026-02-08 16:10:55.880946,Seoul-5731,10,83,Normal
2026-02-08 16:10:56.880946,Seoul-5731,20,14,Normal
2026-02-08 16:10:57.880946,Seoul-5731,42,88,Normal
2026-02-08 16:10:58.880946,Seoul-5731,6,4,Normal
2026-02-08 16:10:59.880946,Seoul-5731,-14,64,Normal
2026-02-08 16:11:00.880946,Seoul-5731,-23,7,Normal
2026-02-08 16:11:01.880946,Seoul-5731,18,8,Normal
2026-02-08 16:11:02.880946,Seoul-5731,-6,88,Normal
2026-02-08 16:11:03.880946,Seoul-5731,-13,73,Normal
2026-02-08 16:11:04.880946,Seoul-5731,48,45,Normal
2026-02-08 16:11:05.880946,Seoul-5731,12,86,Normal
2026-02-08 16:11:06.880946,Seoul-5731,17,87,Normal
2026-02-08 16:11:07.880946,Seoul-5731,25,93,Normal
2026-02-08 16:11:08.880946,Seoul-5731,-28,63,Normal
2026-02-08 16:11:09.880946,Seoul-5731,-16,88,Normal
2026-02-08 16:11:10.880946,Seoul-5731,17,24,Normal
2026-02-08 16:11:11.880946,Seoul-5731,5,58,Normal
2026-02-08 16:11:12.880946,Seoul-5731,26,46,Normal
2026-02-08 16:11:13.880946,Seoul-5731,-17,33,Normal
2026-02-08 16:11:14.880946,Seoul-5731,-26,17,Normal
2026-02-08 16:11:15.880946,Seoul-5731,25,89,Normal
2026-02-08 16:11:16.880946,Seoul-5731,5,51,Normal
2026-02-08 16:11:17.880946,Seoul-5731,-20,13,Normal
2026-02-08 16:11:18.880946,Seoul-5731,-28,56,Normal
2026-02-08 16:11:19.880946,Seoul-5731,15,9,Normal
2026-02-08 16:11:20.880946,Seoul-5731,22,47,Normal
2026-02-08 16:11:21.880946,Seoul-5731,11,50,Normal
2026-02-08 16:11:22.880946,Seoul-5731,13,19,Normal
2026-02-08 16:11:23.880946,Seoul-5731,-15,66,Normal
2026-02-08 16:11:24.880946,Seoul-5731,36,77,Normal
2026-02-08 16:11:25.880946,Seoul-5731,32,96,Normal
2026-02-08 16:11:26.880946,Seoul-5731,7,95,Normal
2026-02-08 16:11:27.880946,Seoul-5731,24,17,Normal
2026-02-08 16:11:28.880946,Seoul-5731,19,96,Normal
2026-02-08 16:11:29.880946,Seoul-5731,-14,65,Normal
2026-02-08 16:11:30.880946,Seoul-5731,-9,72,Normal
2026-02-08 16:11:31.880946,Seoul-5731,-10,57,Normal
2026-02-08 16:11:32.880946,Seoul-5731,26,0,Normal
2026-02-08 16:11:33.880946,Seoul-5731,37,65,Normal
2026-02-08 16:11:34.880946,Seoul-5731,1,84,Normal
2026-02-08 16:11:35.880946,Seoul-5731,6,64,Normal
2026-02-08 16:11:36.880946,Seoul-5731,10,96,Normal
2026-02-08 16:11:37.880946,Seoul-5731,31,36,Normal
2026-02-08 16:11:38.880946,Seoul-5731,-20,21,Normal
2026-02-08 16:11:39.880946,Seoul-5731,39,13,Normal
2026-02-08 16:11:40.880946,Seoul-5731,-27,91,Normal
2026-02-08 16:11:41.880946,Seoul-5731,-9,51,Normal
2026-02-08 16:11:42.880946,Seoul-5731,-20,27,Normal
2026-02-08 16:11:43.880946,Seoul-5731,-1,28,Normal
2026-02-08 16:11:44.880946,Seoul-5731,-2,8,Normal
2026-02-08 16:11:45.880946,Seoul-5731,-28,30,Normal
2026-02-08 16:11:46.880946,Seoul-5731,32,52,Normal
2026-02-08 16:11:47.880946,Seoul-5731,8,78,Normal
