timestamp,station_id,temp,humid,condition
2026-02-13 13:59:02.916655,Dubai-f0a4,7,92,Normal
2026-02-13 13:59:03.916655,Dubai-f0a4,35,6,Normal
2026-02-13 13:59:04.916655,Dubai-f0a4,23,87,Normal
2026-02-13 13:59:05.916655,Dubai-f0a4,39,23,Normal
2026-02-13 13:59:06.916655,Dubai-f0a4,21,50,Normal
2026-02-13 13:59:07.916655,Dubai-f0a4,36,59,Normal
2026-02-13 13:59:08.916655,Dubai-f0a4,-28,92,Normal
2026-02-13 13:59:09.916655,Dubai-f0a4,20,65,Normal
2026-02-13 13:59:10.916655,Dubai-f0a4,-22,67,Normal
2026-02-13 13:59:11.916655,Dubai-f0a4,19,14,Normal
2026-02-13 13:59:12.916655,Dubai-f0a4,-25,54,Normal
2026-02-13 13:59:13.916655,Dubai-f0a4,31,28,Normal
2026-02-13 13:59:14.916655,Dubai-f0a4,-6,25,Normal
2026-02-13 13:59:15.916655,Dubai-f0a4,-20,11,Normal
2026-02-13 13:59:16.916655,Dubai-f0a4,-10,46,Normal
2026-02-13 13:59:17.916655,Dubai-f0a4,31,9,Normal
2026-02-13 13:59:18.916655,Dubai-f0a4,-17,78,Normal
2026-02-13 13:59:19.916655,Dubai-f0a4,-12,15,Normal
2026-02-13 13:59:20.916655,Dubai-f0a4,-21,96,Normal
2026-02-13 13:59:21.916655,Dubai-f0a4,-18,57,Normal
2026-02-13 13:59:22.916655,Dubai-f0a4,19,71,Normal
2026-02-13 13:59:23.916655,Dubai-f0a4,-14,14,Normal
2026-02-13 13:59:24.916655,Dubai-f0a4,-22,44,Normal
2026-02-13 13:59:25.916655,Dubai-f0a4,5,9,Normal
2026-02-13 13:59:26.916655,Dubai-f0a4,11,46,Normal
2026-02-13 13:59:27.916655,Dubai-f0a4,3,53,Normal
2026-02-13 13:59:28.916655,Dubai-f0a4,35,82,Normal
2026-02-13 13:59:29.916655,Dubai-f0a4,-11,68,Normal
2026-02-13 13:59:30.916655,Dubai-f0a4,22,11,Normal
2026-02-13 13:59:31.916655,Dubai-f0a4,37,31,Normal
2026-02-13 13:59:32.916655,Dubai-f0a4,20,91,Normal
2026-02-13 13:59:33.916655,Dubai-f0a4,28,4,Normal
2026-02-13 13:59:34.916655,Dubai-f0a4,-8,13,Normal
2026-02-13 13:59:35.916655,Dubai-f0a4,8,53,Normal
2026-02-13 13:59:36.916655,Dubai-f0a4,13,18,Normal
2026-02-13 13:59:37.916655,Dubai-f0a4,24,71,Normal
2026-02-13 13:59:38.916655,Dubai-f0a4,-15,27,Normal
2026-02-13 13:59:39.916655,Dubai-f0a4,17,4,Normal
2026-02-13 13:59:40.916655,Dubai-f0a4,-23,18,Normal
2026-02-13 13:59:41.916655,Dubai-f0a4,-9,25,Normal
2026-02-13 13:59:42.916655,Dubai-f0a4,-24,52,Normal
2026-02-13 13:59:43.916655,Dubai-f0a4,-11,98,Normal
2026-02-13 13:59:44.916655,Dubai-f0a4,-23,3,Normal
2026-02-13 13:59:45.916655,Dubai-f0a4,17,89,Normal
2026-02-13 13:59:46.916655,Dubai-f0a4,41,38,Normal
2026-02-13 13:59:47.916655,Dubai-f0a4,21,30,Normal
2026-02-13 13:59:48.916655,Dubai-f0a4,31,34,Normal
2026-02-13 13:59:49.916655,Dubai-f0a4,-1,87,Normal
2026-02-13 13:59:50.916655,Dubai-f0a4,-19,57,Normal
2026-02-13 13:59:51.916655,Dubai-f0a4,40,89,Normal
2026-02-13 13:59:52.916655,Dubai-f0a4,-8,84,Normal
2026-02-13 13:59:53.916655,Dubai-f0a4,-6,7,Normal
2026-02-13 13:59:54.916655,Dubai-f0a4,42,89,Normal
2026-02-13 13:59:55.916655,Dubai-f0a4,21,46,Normal
2026-02-13 13:59:56.916655,Dubai-f0a4,1,83,Normal
2026-02-13 13:59:57.916655,Dubai-f0a4,17,25,Normal
2026-02-13 13:59:58.916655,Dubai-f0a4,24,8,Normal
2026-02-13 13:59:59.916655,Dubai-f0a4,35,79,Normal
2026-02-13 14:00:00.916655,Dubai-f0a4,-9,67,Normal
2026-02-13 14:00:01.916655,Dubai-f0a4,-15,66,Normal
2026-02-13 14:00:02.916655,Dubai-f0a4,46,62,Normal
2026-02-13 14:00:03.916655,Dubai-f0a4,11,45,Normal
2026-02-13 14:00:04.916655,Dubai-f0a4,-8,49,Normal
2026-02-13 14:00:05.916655,Dubai-f0a4,19,15,Normal
2026-02-13 14:00:06.916655,Dubai-f0a4,12,49,Normal
2026-02-13 14:00:07.916655,Dubai-f0a4,9,50,Normal
2026-02-13 14:00:08.916655,Dubai-f0a4,-22,15,Normal
2026-02-13 14:00:09.916655,Dubai-f0a4,32,61,Normal
2026-02-13 14:00:10.916655,Dubai-f0a4,-12,59,Normal
2026-02-13 14:00:11.916655,Dubai-f0a4,38,86,Normal
2026-02-13 14:00:12.916655,Dubai-f0a4,-2,50,Normal
2026-02-13 14:00:13.916655,Dubai-f0a4,12,56,Normal
2026-02-13 14:00:14.916655,Dubai-f0a4,-12,30,Normal
2026-02-13 14:00:15.916655,Dubai-f0a4,19,78,Normal
2026-02-13 14:00:16.916655,Dubai-f0a4,-4,34,Normal
2026-02-13 14:00:17.916655,Dubai-f0a4,21,24,Normal
2026-02-13 14:00:18.916655,Dubai-f0a4,43,86,Normal
2026-02-13 14:00:19.916655,Dubai-f0a4,34,100,Normal
2026-02-13 14:00:20.916655,Dubai-f0a4,-21,2,Normal
2026-02-13 14:00:21.916655,Dubai-f0a4,50,74,Normal
2026-02-13 14:00:22.916655,Dubai-f0a4,-13,89,Normal
2026-02-13 14:00:23.916655,Dubai-f0a4,-22,95,Normal
2026-02-13 14:00:24.916655,Dubai-f0a4,1,17,Normal
2026-02-13 14:00:25.916655,Dubai-f0a4,-5,9,Normal
2026-02-13 14:00:26.916655,Dubai-f0a4,19,84,Normal
2026-02-13 14:00:27.916655,Dubai-f0a4,45,30,Normal
2026-02-13 14:00:28.916655,Dubai-f0a4,22,9,Normal
2026-02-13 14:00:29.916655,Dubai-f0a4,23,53,Normal
2026-02-13 14:00:30.916655,Dubai-f0a4,16,45,Normal
2026-02-13 14:00:31.916655,Dubai-f0a4,-30,53,Normal
2026-02-13 14:00:32.916655,Dubai-f0a4,50,12,Normal
2026-02-13 14:00:33.916655,Dubai-f0a4,3,73,Normal
2026-02-13 14:00:34.916655,Dubai-f0a4,29,28,Normal
2026-02-13 14:00:35.916655,Dubai-f0a4,32,74,Normal
2026-02-13 14:00:36.916655,Dubai-f0a4,41,7,Normal
2026-02-13 14:00:37.916655,Dubai-f0a4,23,68,Normal
2026-02-13 14:00:38.916655,Dubai-f0a4,31,24,Normal
2026-02-13 14:00:39.916655,Dubai-f0a4,-10,85,Normal
2026-02-13 14:00:40.916655,Dubai-f0a4,-8,64,Normal
2026-02-13 14:00:41.916655,Dubai-f0a4,-2,62,Normal
2026-02-13 14:00:42.916655,Dubai-f0a4,11,78,Normal
2026-02-13 14:00:43.916655,Dubai-f0a4,-22,90,Normal
2026-02-13 14:00:44.916655,Dubai-f0a4,16,59,Normal
2026-02-13 14:00:45.916655,Dubai-f0a4,-25,7,Normal
2026-02-13 14:00:46.916655,Dubai-f0a4,45,55,Normal
2026-02-13 14:00:47.916655,Dubai-f0a4,-22,82,Normal
2026-02-13 14:00:48.916655,Dubai-f0a4,30,12,Normal
2026-02-13 14:00:49.916655,Dubai-f0a4,-20,74,Normal
2026-02-13 14:00:50.916655,Dubai-f0a4,34,52,Normal
2026-02-13 14:00:51.916655,Dubai-f0a4,49,41,Normal
2026-02-13 14:00:52.916655,Dubai-f0a4,-15,88,Normal
2026-02-13 14:00:53.916655,Dubai-f0a4,31,60,Normal
2026-02-13 14:00:54.916655,Dubai-f0a4,47,60,Normal
2026-02-13 14:00:55.916655,Dubai-f0a4,16,21,Normal
2026-02-13 14:00:56.916655,Dubai-f0a4,36,26,Normal
2026-02-13 14:00:57.916655,Dubai-f0a4,6,31,Normal
2026-02-13 14:00:58.916655,Dubai-f0a4,30,22,Normal
2026-02-13 14:00:59.916655,Dubai-f0a4,-13,79,Normal
2026-02-13 14:01:00.916655,Dubai-f0a4,36,95,Normal
2026-02-13 14:01:01.916655,Dubai-f0a4,18,63,Normal
2026-02-13 14:01:02.916655,Dubai-f0a4,-6,19,Normal
2026-02-13 14:01:03.916655,Dubai-f0a4,-20,69,Normal
2026-02-13 14:01:04.916655,Dubai-f0a4,28,2,Normal
2026-02-13 14:01:05.916655,Dubai-f0a4,38,73,Normal
2026-02-13 14:01:06.916655,Dubai-f0a4,21,85,Normal
2026-02-13 14:01:07.916655,Dubai-f0a4,13,43,Normal
2026-02-13 14:01:08.916655,Dubai-f0a4,41,22,Normal
2026-02-13 14:01:09.916655,Dubai-f0a4,-7,61,Normal
2026-02-13 14:01:10.916655,Dubai-f0a4,7,100,Normal
2026-02-13 14:01:11.916655,Dubai-f0a4,46,15,Normal
2026-02-13 14:01:12.916655,Dubai-f0a4,13,43,Normal
2026-02-13 14:01:13.916655,Dubai-f0a4,18,17,Normal
2026-02-13 14:01:14.916655,Dubai-f0a4,-11,62,Normal
2026-02-13 14:01:15.916655,Dubai-f0a4,43,98,Normal
2026-02-13 14:01:16.916655,Dubai-f0a4,-24,30,Normal
2026-02-13 14:01:17.916655,Dubai-f0a4,14,41,Normal
2026-02-13 14:01:18.916655,Dubai-f0a4,24,99,Normal
2026-02-13 14:01:19.916655,Dubai-f0a4,-7,55,Normal
2026-02-13 14:01:20.916655,Dubai-f0a4,6,28,Normal
2026-02-13 14:01:21.916655,Dubai-f0a4,21,17,Normal
2026-02-13 14:01:22.916655,Dubai-f0a4,-14,17,Normal
2026-02-13 14:01:23.916655,Dubai-f0a4,-25,93,Normal
2026-02-13 14:01:24.916655,Dubai-f0a4,-12,79,Normal
2026-02-13 14:01:25.916655,Dubai-f0a4,31,57,Normal
2026-02-13 14:01:26.916655,Dubai-f0a4,10,79,Normal
2026-02-13 14:01:27.916655,Dubai-f0a4,49,21,Normal
2026-02-13 14:01:28.916655,Dubai-f0a4,22,24,Normal
2026-02-13 14:01:29.916655,Dubai-f0a4,13,28,Normal
2026-02-13 14:01:30.916655,Dubai-f0a4,-20,15,Normal
2026-02-13 14:01:31.916655,Dubai-f0a4,-5,5,Normal
2026-02-13 14:01:32.916655,Dubai-f0a4,46,71,Normal
2026-02-13 14:01:33.916655,Dubai-f0a4,-23,76,Normal
2026-02-13 14:01:34.916655,Dubai-f0a4,7,63,Normal
2026-02-13 14:01:35.916655,Dubai-f0a4,-16,99,Normal
2026-02-13 14:01:36.916655,Dubai-f0a4,24,53,Normal
2026-02-13 14:01:37.916655,Dubai-f0a4,-7,21,Normal
2026-02-13 14:01:38.916655,Dubai-f0a4,-22,41,Normal
2026-02-13 14:01:39.916655,Dubai-f0a4,-19,38,Normal
2026-02-13 14:01:40.916655,Dubai-f0a4,30,3,Normal
2026-02-13 14:01:41.916655,Dubai-f0a4,-19,64,Normal
2026-02-13 14:01:42.916655,Dubai-f0a4,3,7,Normal
2026-02-13 14:01:43.916655,Dubai-f0a4,11,86,Normal
2026-02-13 14:01:44.916655,Dubai-f0a4,47,70,Normal
2026-02-13 14:01:45.916655,Dubai-f0a4,33,80,Normal
2026-02-13 14:01:46.916655,Dubai-f0a4,15,59,Normal
2026-02-13 14:01:47.916655,Dubai-f0a4,24,41,Normal
2026-02-13 14:01:48.916655,Dubai-f0a4,-4,46,Normal
2026-02-13 14:01:49.916655,Dubai-f0a4,42,85,Normal
2026-02-13 14:01:50.916655,Dubai-f0a4,-28,6,Normal
2026-02-13 14:01:51.916655,Dubai-f0a4,-20,9,Normal
2026-02-13 14:01:52.916655,Dubai-f0a4,38,34,Normal
2026-02-13 14:01:53.916655,Dubai-f0a4,19,36,Normal
2026-02-13 14:01:54.916655,Dubai-f0a4,4,10,Normal
2026-02-13 14:01:55.916655,Dubai-f0a4,47,66,Normal
2026-02-13 14:01:56.916655,Dubai-f0a4,-30,8,Normal
2026-02-13 14:01:57.916655,Dubai-f0a4,5,36,Normal
2026-02-13 14:01:58.916655,Dubai-f0a4,3,100,Normal
2026-02-13 14:01:59.916655,Dubai-f0a4,6,47,Normal
2026-02-13 14:02:00.916655,Dubai-f0a4,-13,11,Normal
2026-02-13 14:02:01.916655,Dubai-f0a4,-29,32,Normal
2026-02-13 14:02:02.916655,Dubai-f0a4,49,92,Normal
2026-02-13 14:02:03.916655,Dubai-f0a4,23,52,Normal
2026-02-13 14:02:04.916655,Dubai-f0a4,44,83,Normal
2026-02-13 14:02:05.916655,Dubai-f0a4,-22,7,Normal
2026-02-13 14:02:06.916655,Dubai-f0a4,16,32,Normal
2026-02-13 14:02:07.916655,Dubai-f0a4,-1,87,Normal
2026-02-13 14:02:08.916655,Dubai-f0a4,-14,14,Normal
2026-02-13 14:02:09.916655,Dubai-f0a4,-5,86,Normal
2026-02-13 14:02:10.916655,Dubai-f0a4,15,41,Normal
2026-02-13 14:02:11.916655,Dubai-f0a4,8,74,Normal
2026-02-13 14:02:12.916655,Dubai-f0a4,5,84,Normal
2026-02-13 14:02:13.916655,Dubai-f0a4,-23,65,Normal
2026-02-13 14:02:14.916655,Dubai-f0a4,24,4,Normal
2026-02-13 14:02:15.916655,Dubai-f0a4,-11,75,Normal
2026-02-13 14:02:16.916655,Dubai-f0a4,20,80,Normal
2026-02-13 14:02:17.916655,Dubai-f0a4,-6,13,Normal
2026-02-13 14:02:18.916655,Dubai-f0a4,17,61,Normal
2026-02-13 14:02:19.916655,Dubai-f0a4,22,22,Normal
2026-02-13 14:02:20.916655,Dubai-f0a4,27,0,Normal
2026-02-13 14:02:21.916655,Dubai-f0a4,-13,9,Normal
2026-02-13 14:02:22.916655,Dubai-f0a4,47,89,Normal
2026-02-13 14:02:23.916655,Dubai-f0a4,-9,0,Normal
2026-02-13 14:02:24.916655,Dubai-f0a4,33,95,Normal
2026-02-13 14:02:25.916655,Dubai-f0a4,31,20,Normal
2026-02-13 14:02:26.916655,Dubai-f0a4,-22,39,Normal
2026-02-13 14:02:27.916655,Dubai-f0a4,24,80,Normal
2026-02-13 14:02:28.916655,Dubai-f0a4,-28,1,Normal
2026-02-13 14:02:29.916655,Dubai-f0a4,33,95,Normal
2026-02-13 14:02:30.916655,Dubai-f0a4,15,0,Normal
2026-02-13 14:02:31.916655,Dubai-f0a4,-20,100,Normal
2026-02-13 14:02:32.916655,Dubai-f0a4,13,70,Normal
2026-02-13 14:02:33.916655,Dubai-f0a4,12,77,Normal
2026-02-13 14:02:34.916655,Dubai-f0a4,-13,21,Normal
2026-02-13 14:02:35.916655,Dubai-f0a4,-11,59,Normal
2026-02-13 14:02:36.916655,Dubai-f0a4,-26,3,Normal
2026-02-13 14:02:37.916655,Dubai-f0a4,36,86,Normal
2026-02-13 14:02:38.916655,Dubai-f0a4,14,11,Normal
2026-02-13 14:02:39.916655,Dubai-f0a4,38,16,Normal
2026-02-13 14:02:40.916655,Dubai-f0a4,42,71,Normal
2026-02-13 14:02:41.916655,Dubai-f0a4,41,2,Normal
2026-02-13 14:02:42.916655,Dubai-f0a4,-28,48,Normal
2026-02-13 14:02:43.916655,Dubai-f0a4,-6,34,Normal
2026-02-13 14:02:44.916655,Dubai-f0a4,-8,92,Normal
2026-02-13 14:02:45.916655,Dubai-f0a4,-27,66,Normal
2026-02-13 14:02:46.916655,Dubai-f0a4,32,2,Normal
2026-02-13 14:02:47.916655,Dubai-f0a4,-7,34,Normal
2026-02-13 14:02:48.916655,Dubai-f0a4,-15,19,Normal
2026-02-13 14:02:49.916655,Dubai-f0a4,-18,61,Normal
2026-02-13 14:02:50.916655,Dubai-f0a4,44,7,Normal
2026-02-13 14:02:51.916655,Dubai-f0a4,20,68,Normal
2026-02-13 14:02:52.916655,Dubai-f0a4,30,15,Normal
2026-02-13 14:02:53.916655,Dubai-f0a4,-4,75,Normal
2026-02-13 14:02:54.916655,Dubai-f0a4,-7,96,Normal
2026-02-13 14:02:55.916655,Dubai-f0a4,-13,22,Normal
2026-02-13 14:02:56.916655,Dubai-f0a4,19,72,Normal
2026-02-13 14:02:57.916655,Dubai-f0a4,2,54,Normal
2026-02-13 14:02:58.916655,Dubai-f0a4,-20,63,Normal
2026-02-13 14:02:59.916655,Dubai-f0a4,-19,96,Normal
2026-02-13 14:03:00.916655,Dubai-f0a4,32,72,Normal
2026-02-13 14:03:01.916655,Dubai-f0a4,22,40,Normal
2026-02-13 14:03:02.916655,Dubai-f0a4,43,30,Normal
2026-02-13 14:03:03.916655,Dubai-f0a4,14,85,Normal
2026-02-13 14:03:04.916655,Dubai-f0a4,46,19,Normal
2026-02-13 14:03:05.916655,Dubai-f0a4,44,49,Normal
2026-02-13 14:03:06.916655,Dubai-f0a4,9,12,Normal
2026-02-13 14:03:07.916655,Dubai-f0a4,-5,66,Normal
2026-02-13 14:03:08.916655,Dubai-f0a4,26,75,Normal
2026-02-13 14:03:09.916655,Dubai-f0a4,-15,40,Normal
2026-02-13 14:03:10.916655,Dubai-f0a4,-18,46,Normal
2026-02-13 14:03:11.916655,Dubai-f0a4,-29,42,Normal
2026-02-13 14:03:12.916655,Dubai-f0a4,47,32,Normal
2026-02-13 14:03:13.916655,Dubai-f0a4,37,92,Normal
2026-02-13 14:03:14.916655,Dubai-f0a4,19,61,Normal
2026-02-13 14:03:15.916655,Dubai-f0a4,35,74,Normal
2026-02-13 14:03:16.916655,Dubai-f0a4,24,58,Normal
2026-02-13 14:03:17.916655,Dubai-f0a4,-19,98,Normal
2026-02-13 14:03:18.916655,Dubai-f0a4,21,57,Normal
2026-02-13 14:03:19.916655,Dubai-f0a4,32,88,Normal
2026-02-13 14:03:20.916655,Dubai-f0a4,36,85,Normal
2026-02-13 14:03:21.916655,Dubai-f0a4,43,18,Normal
2026-02-13 14:03:22.916655,Dubai-f0a4,29,87,Normal
2026-02-13 14:03:23.916655,Dubai-f0a4,15,65,Normal
2026-02-13 14:03:24.916655,Dubai-f0a4,13,9,Normal
2026-02-13 14:03:25.916655,Dubai-f0a4,4,73,Normal
2026-02-13 14:03:26.916655,Dubai-f0a4,45,2,Normal
2026-02-13 14:03:27.916655,Dubai-f0a4,45,25,Normal
2026-02-13 14:03:28.916655,Dubai-f0a4,-25,71,Normal
2026-02-13 14:03:29.916655,Dubai-f0a4,17,54,Normal
2026-02-13 14:03:30.916655,Dubai-f0a4,16,80,Normal
2026-02-13 14:03:31.916655,Dubai-f0a4,-17,34,Normal
2026-02-13 14:03:32.916655,Dubai-f0a4,21,36,Normal
2026-02-13 14:03:33.916655,Dubai-f0a4,3,99,Normal
2026-02-13 14:03:34.916655,Dubai-f0a4,3,34,Normal
2026-02-13 14:03:35.916655,Dubai-f0a4,-28,67,Normal
2026-02-13 14:03:36.916655,Dubai-f0a4,-17,56,Normal
2026-02-13 14:03:37.916655,Dubai-f0a4,15,5,Normal
2026-02-13 14:03:38.916655,Dubai-f0a4,28,45,Normal
2026-02-13 14:03:39.916655,Dubai-f0a4,13,61,Normal
2026-02-13 14:03:40.916655,Dubai-f0a4,19,41,Normal
2026-02-13 14:03:41.916655,Dubai-f0a4,-28,69,Normal
2026-02-13 14:03:42.916655,Dubai-f0a4,50,3,Normal
2026-02-13 14:03:43.916655,Dubai-f0a4,-27,59,Normal
2026-02-13 14:03:44.916655,Dubai-f0a4,49,86,Normal
2026-02-13 14:03:45.916655,Dubai-f0a4,-2,15,Normal
2026-02-13 14:03:46.916655,Dubai-f0a4,12,11,Normal
2026-02-13 14:03:47.916655,Dubai-f0a4,49,69,Normal
2026-02-13 14:03:48.916655,Dubai-f0a4,-4,97,Normal
2026-02-13 14:03:49.916655,Dubai-f0a4,37,78,Normal
2026-02-13 14:03:50.916655,Dubai-f0a4,5,67,Normal
2026-02-13 14:03:51.916655,Dubai-f0a4,6,41,Normal
2026-02-13 14:03:52.916655,Dubai-f0a4,-21,5,Normal
2026-02-13 14:03:53.916655,Dubai-f0a4,-23,35,Normal
2026-02-13 14:03:54.916655,Dubai-f0a4,-28,5,Normal
2026-02-13 14:03:55.916655,Dubai-f0a4,-8,64,Normal
2026-02-13 14:03:56.916655,Dubai-f0a4,-22,75,Normal
2026-02-13 14:03:57.916655,Dubai-f0a4,25,17,Normal
2026-02-13 14:03:58.916655,Dubai-f0a4,-12,76,Normal
2026-02-13 14:03:59.916655,Dubai-f0a4,-27,8,Normal
2026-02-13 14:04:00.916655,Dubai-f0a4,-1,43,Normal
2026-02-13 14:04:01.916655,Dubai-f0a4,47,1,Normal
2026-02-13 14:04:02.916655,Dubai-f0a4,6,13,Normal
2026-02-13 14:04:03.916655,Dubai-f0a4,2,90,Normal
2026-02-13 14:04:04.916655,Dubai-f0a4,44,62,Normal
2026-02-13 14:04:05.916655,Dubai-f0a4,18,11,Normal
2026-02-13 14:04:06.916655,Dubai-f0a4,-21,5,Normal
2026-02-13 14:04:07.916655,Dubai-f0a4,4,48,Normal
2026-02-13 14:04:08.916655,Dubai-f0a4,15,80,Normal
2026-02-13 14:04:09.916655,Dubai-f0a4,27,0,Normal
2026-02-13 14:04:10.916655,Dubai-f0a4,48,89,Normal
2026-02-13 14:04:11.916655,Dubai-f0a4,37,16,Normal
2026-02-13 14:04:12.916655,Dubai-f0a4,18,8,Normal
2026-02-13 14:04:13.916655,Dubai-f0a4,45,58,Normal
2026-02-13 14:04:14.916655,Dubai-f0a4,19,0,Normal
2026-02-13 14:04:15.916655,Dubai-f0a4,-14,30,Normal
2026-02-13 14:04:16.916655,Dubai-f0a4,48,39,Normal
2026-02-13 14:04:17.916655,Dubai-f0a4,15,77,Normal
2026-02-13 14:04:18.916655,Dubai-f0a4,39,82,Normal
2026-02-13 14:04:19.916655,Dubai-f0a4,-15,10,Normal
2026-02-13 14:04:20.916655,Dubai-f0a4,42,6,Normal
2026-02-13 14:04:21.916655,Dubai-f0a4,-26,1,Normal
2026-02-13 14:04:22.916655,Dubai-f0a4,-9,62,Normal
2026-02-13 14:04:23.916655,Dubai-f0a4,29,13,Normal
2026-02-13 14:04:24.916655,Dubai-f0a4,-9,14,Normal
2026-02-13 14:04:25.916655,Dubai-f0a4,-12,57,Normal
2026-02-13 14:04:26.916655,Dubai-f0a4,-18,46,Normal
2026-02-13 14:04:27.916655,Dubai-f0a4,-21,97,Normal
2026-02-13 14:04:28.916655,Dubai-f0a4,1,73,Normal
2026-02-13 14:04:29.916655,Dubai-f0a4,-15,56,Normal
2026-02-13 14:04:30.916655,Dubai-f0a4,-25,48,Normal
2026-02-13 14:04:31.916655,Dubai-f0a4,38,40,Normal
2026-02-13 14:04:32.916655,Dubai-f0a4,-18,76,Normal
2026-02-13 14:04:33.916655,Dubai-f0a4,-10,33,Normal
2026-02-13 14:04:34.916655,Dubai-f0a4,34,66,Normal
2026-02-13 14:04:35.916655,Dubai-f0a4,-6,51,Normal
2026-02-13 14:04:36.916655,Dubai-f0a4,-29,44,Normal
2026-02-13 14:04:37.916655,Dubai-f0a4,10,77,Normal
2026-02-13 14:04:38.916655,Dubai-f0a4,41,83,Normal
2026-02-13 14:04:39.916655,Dubai-f0a4,42,35,Normal
2026-02-13 14:04:40.916655,Dubai-f0a4,-18,43,Normal
2026-02-13 14:04:41.916655,Dubai-f0a4,-19,4,Normal
2026-02-13 14:04:42.916655,Dubai-f0a4,-12,84,Normal
2026-02-13 14:04:43.916655,Dubai-f0a4,-24,50,Normal
2026-02-13 14:04:44.916655,Dubai-f0a4,18,88,Normal
2026-02-13 14:04:45.916655,Dubai-f0a4,-15,68,Normal
2026-02-13 14:04:46.916655,Dubai-f0a4,-17,68,Normal
2026-02-13 14:04:47.916655,Dubai-f0a4,37,38,Normal
2026-02-13 14:04:48.916655,Dubai-f0a4,34,49,Normal
2026-02-13 14:04:49.916655,Dubai-f0a4,18,89,Normal
2026-02-13 14:04:50.916655,Dubai-f0a4,42,70,Normal
2026-02-13 14:04:51.916655,Dubai-f0a4,-18,14,Normal
2026-02-13 14:04:52.916655,Dubai-f0a4,35,82,Normal
2026-02-13 14:04:53.916655,Dubai-f0a4,10,69,Normal
2026-02-13 14:04:54.916655,Dubai-f0a4,-27,67,Normal
2026-02-13 14:04:55.916655,Dubai-f0a4,10,43,Normal
2026-02-13 14:04:56.916655,Dubai-f0a4,22,70,Normal
2026-02-13 14:04:57.916655,Dubai-f0a4,17,88,Normal
2026-02-13 14:04:58.916655,Dubai-f0a4,-30,48,Normal
2026-02-13 14:04:59.916655,Dubai-f0a4,19,51,Normal
2026-02-13 14:05:00.916655,Dubai-f0a4,43,87,Normal
2026-02-13 14:05:01.916655,Dubai-f0a4,-5,55,Normal
2026-02-13 14:05:02.916655,Dubai-f0a4,-28,92,Normal
2026-02-13 14:05:03.916655,Dubai-f0a4,-12,34,Normal
2026-02-13 14:05:04.916655,Dubai-f0a4,-15,32,Normal
2026-02-13 14:05:05.916655,Dubai-f0a4,28,77,Normal
2026-02-13 14:05:06.916655,Dubai-f0a4,-23,25,Normal
2026-02-13 14:05:07.916655,Dubai-f0a4,42,88,Normal
2026-02-13 14:05:08.916655,Dubai-f0a4,-23,44,Normal
2026-02-13 14:05:09.916655,Dubai-f0a4,44,7,Normal
2026-02-13 14:05:10.916655,Dubai-f0a4,26,62,Normal
2026-02-13 14:05:11.916655,Dubai-f0a4,29,68,Normal
2026-02-13 14:05:12.916655,Dubai-f0a4,-17,47,Normal
2026-02-13 14:05:13.916655,Dubai-f0a4,-16,64,Normal
2026-02-13 14:05:14.916655,Dubai-f0a4,26,96,Normal
2026-02-13 14:05:15.916655,Dubai-f0a4,45,0,Normal
2026-02-13 14:05:16.916655,Dubai-f0a4,22,36,Normal
2026-02-13 14:05:17.916655,Dubai-f0a4,-25,19,Normal
2026-02-13 14:05:18.916655,Dubai-f0a4,20,17,Normal
2026-02-13 14:05:19.916655,Dubai-f0a4,49,83,Normal
2026-02-13 14:05:20.916655,Dubai-f0a4,30,5,Normal
2026-02-13 14:05:21.916655,Dubai-f0a4,-22,20,Normal
2026-02-13 14:05:22.916655,Dubai-f0a4,-19,64,Normal
2026-02-13 14:05:23.916655,Dubai-f0a4,-23,43,Normal
2026-02-13 14:05:24.916655,Dubai-f0a4,15,27,Normal
2026-02-13 14:05:25.916655,Dubai-f0a4,-30,98,Normal
2026-02-13 14:05:26.916655,Dubai-f0a4,17,62,Normal
2026-02-13 14:05:27.916655,Dubai-f0a4,22,36,Normal
2026-02-13 14:05:28.916655,Dubai-f0a4,23,83,Normal
2026-02-13 14:05:29.916655,Dubai-f0a4,-15,100,Normal
2026-02-13 14:05:30.916655,Dubai-f0a4,-12,62,Normal
2026-02-13 14:05:31.916655,Dubai-f0a4,37,58,Normal
2026-02-13 14:05:32.916655,Dubai-f0a4,16,65,Normal
2026-02-13 14:05:33.916655,Dubai-f0a4,14,23,Normal
2026-02-13 14:05:34.916655,Dubai-f0a4,-20,70,Normal
2026-02-13 14:05:35.916655,Dubai-f0a4,50,88,Normal
2026-02-13 14:05:36.916655,Dubai-f0a4,45,12,Normal
2026-02-13 14:05:37.916655,Dubai-f0a4,2,74,Normal
2026-02-13 14:05:38.916655,Dubai-f0a4,-8,89,Normal
2026-02-13 14:05:39.916655,Dubai-f0a4,39,19,Normal
2026-02-13 14:05:40.916655,Dubai-f0a4,-12,6,Normal
2026-02-13 14:05:41.916655,Dubai-f0a4,34,37,Normal
2026-02-13 14:05:42.916655,Dubai-f0a4,-14,57,Normal
2026-02-13 14:05:43.916655,Dubai-f0a4,3,45,Normal
2026-02-13 14:05:44.916655,Dubai-f0a4,42,29,Normal
2026-02-13 14:05:45.916655,Dubai-f0a4,-3,43,Normal
2026-02-13 14:05:46.916655,Dubai-f0a4,10,22,Normal
2026-02-13 14:05:47.916655,Dubai-f0a4,-29,97,Normal
2026-02-13 14:05:48.916655,Dubai-f0a4,44,40,Normal
2026-02-13 14:05:49.916655,Dubai-f0a4,30,61,Normal
2026-02-13 14:05:50.916655,Dubai-f0a4,-14,0,Normal
2026-02-13 14:05:51.916655,Dubai-f0a4,21,73,Normal
2026-02-13 14:05:52.916655,Dubai-f0a4,33,18,Normal
2026-02-13 14:05:53.916655,Dubai-f0a4,-24,100,Normal
2026-02-13 14:05:54.916655,Dubai-f0a4,43,44,Normal
2026-02-13 14:05:55.916655,Dubai-f0a4,20,66,Normal
2026-02-13 14:05:56.916655,Dubai-f0a4,-13,96,Normal
2026-02-13 14:05:57.916655,Dubai-f0a4,2,51,Normal
2026-02-13 14:05:58.916655,Dubai-f0a4,8,73,Normal
2026-02-13 14:05:59.916655,Dubai-f0a4,2,44,Normal
2026-02-13 14:06:00.916655,Dubai-f0a4,42,52,Normal
2026-02-13 14:06:01.916655,Dubai-f0a4,-25,70,Normal
2026-02-13 14:06:02.916655,Dubai-f0a4,26,61,Normal
2026-02-13 14:06:03.916655,Dubai-f0a4,-23,7,Normal
2026-02-13 14:06:04.916655,Dubai-f0a4,-24,85,Normal
2026-02-13 14:06:05.916655,Dubai-f0a4,-7,2,Normal
2026-02-13 14:06:06.916655,Dubai-f0a4,-10,47,Normal
2026-02-13 14:06:07.916655,Dubai-f0a4,1,41,Normal
2026-02-13 14:06:08.916655,Dubai-f0a4,11,99,Normal
2026-02-13 14:06:09.916655,Dubai-f0a4,-12,35,Normal
2026-02-13 14:06:10.916655,Dubai-f0a4,38,61,Normal
2026-02-13 14:06:11.916655,Dubai-f0a4,-8,5,Normal
2026-02-13 14:06:12.916655,Dubai-f0a4,43,9,Normal
2026-02-13 14:06:13.916655,Dubai-f0a4,-2,57,Normal
2026-02-13 14:06:14.916655,Dubai-f0a4,27,20,Normal
2026-02-13 14:06:15.916655,Dubai-f0a4,3,94,Normal
2026-02-13 14:06:16.916655,Dubai-f0a4,45,22,Normal
2026-02-13 14:06:17.916655,Dubai-f0a4,-21,42,Normal
2026-02-13 14:06:18.916655,Dubai-f0a4,21,18,Normal
2026-02-13 14:06:19.916655,Dubai-f0a4,40,67,Normal
2026-02-13 14:06:20.916655,Dubai-f0a4,-2,58,Normal
2026-02-13 14:06:21.916655,Dubai-f0a4,1,100,Normal
2026-02-13 14:06:22.916655,Dubai-f0a4,2,55,Normal
2026-02-13 14:06:23.916655,Dubai-f0a4,-27,44,Normal
2026-02-13 14:06:24.916655,Dubai-f0a4,-10,73,Normal
2026-02-13 14:06:25.916655,Dubai-f0a4,26,17,Normal
2026-02-13 14:06:26.916655,Dubai-f0a4,-12,18,Normal
2026-02-13 14:06:27.916655,Dubai-f0a4,13,7,Normal
2026-02-13 14:06:28.916655,Dubai-f0a4,48,39,Normal
2026-02-13 14:06:29.916655,Dubai-f0a4,-20,16,Normal
2026-02-13 14:06:30.916655,Dubai-f0a4,-24,34,Normal
2026-02-13 14:06:31.916655,Dubai-f0a4,19,20,Normal
2026-02-13 14:06:32.916655,Dubai-f0a4,34,3,Normal
2026-02-13 14:06:33.916655,Dubai-f0a4,17,25,Normal
2026-02-13 14:06:34.916655,Dubai-f0a4,46,12,Normal
2026-02-13 14:06:35.916655,Dubai-f0a4,35,10,Normal
2026-02-13 14:06:36.916655,Dubai-f0a4,13,80,Normal
2026-02-13 14:06:37.916655,Dubai-f0a4,-10,85,Normal
2026-02-13 14:06:38.916655,Dubai-f0a4,-21,24,Normal
2026-02-13 14:06:39.916655,Dubai-f0a4,3,23,Normal
2026-02-13 14:06:40.916655,Dubai-f0a4,24,25,Normal
2026-02-13 14:06:41.916655,Dubai-f0a4,39,64,Normal
2026-02-13 14:06:42.916655,Dubai-f0a4,30,41,Normal
2026-02-13 14:06:43.916655,Dubai-f0a4,50,62,Normal
2026-02-13 14:06:44.916655,Dubai-f0a4,47,26,Normal
2026-02-13 14:06:45.916655,Dubai-f0a4,9,13,Normal
2026-02-13 14:06:46.916655,Dubai-f0a4,38,97,Normal
2026-02-13 14:06:47.916655,Dubai-f0a4,-25,71,Normal
2026-02-13 14:06:48.916655,Dubai-f0a4,30,68,Normal
2026-02-13 14:06:49.916655,Dubai-f0a4,47,78,Normal
2026-02-13 14:06:50.916655,Dubai-f0a4,32,18,Normal
2026-02-13 14:06:51.916655,Dubai-f0a4,26,66,Normal
2026-02-13 14:06:52.916655,Dubai-f0a4,-8,7,Normal
2026-02-13 14:06:53.916655,Dubai-f0a4,-11,83,Normal
2026-02-13 14:06:54.916655,Dubai-f0a4,3,36,Normal
2026-02-13 14:06:55.916655,Dubai-f0a4,-13,37,Normal
2026-02-13 14:06:56.916655,Dubai-f0a4,11,0,Normal
2026-02-13 14:06:57.916655,Dubai-f0a4,-7,8,Normal
2026-02-13 14:06:58.916655,Dubai-f0a4,17,57,Normal
2026-02-13 14:06:59.916655,Dubai-f0a4,44,98,Normal
2026-02-13 14:07:00.916655,Dubai-f0a4,31,37,Normal
2026-02-13 14:07:01.916655,Dubai-f0a4,15,13,Normal
2026-02-13 14:07:02.916655,Dubai-f0a4,-30,13,Normal
2026-02-13 14:07:03.916655,Dubai-f0a4,-8,3,Normal
2026-02-13 14:07:04.916655,Dubai-f0a4,-21,68,Normal
2026-02-13 14:07:05.916655,Dubai-f0a4,7,32,Normal
2026-02-13 14:07:06.916655,Dubai-f0a4,21,99,Normal
2026-02-13 14:07:07.916655,Dubai-f0a4,-7,1,Normal
2026-02-13 14:07:08.916655,Dubai-f0a4,38,18,Normal
2026-02-13 14:07:09.916655,Dubai-f0a4,-6,76,Normal
2026-02-13 14:07:10.916655,Dubai-f0a4,50,63,Normal
2026-02-13 14:07:11.916655,Dubai-f0a4,11,80,Normal
2026-02-13 14:07:12.916655,Dubai-f0a4,22,56,Normal
2026-02-13 14:07:13.916655,Dubai-f0a4,36,76,Normal
2026-02-13 14:07:14.916655,Dubai-f0a4,-8,11,Normal
2026-02-13 14:07:15.916655,Dubai-f0a4,35,42,Normal
2026-02-13 14:07:16.916655,Dubai-f0a4,21,70,Normal
2026-02-13 14:07:17.916655,Dubai-f0a4,27,32,Normal
2026-02-13 14:07:18.916655,Dubai-f0a4,2,76,Normal
2026-02-13 14:07:19.916655,Dubai-f0a4,-4,44,Normal
2026-02-13 14:07:20.916655,Dubai-f0a4,6,37,Normal
2026-02-13 14:07:21.916655,Dubai-f0a4,32,56,Normal
2026-02-13 14:07:22.916655,Dubai-f0a4,31,30,Normal
2026-02-13 14:07:23.916655,Dubai-f0a4,4,98,Normal
2026-02-13 14:07:24.916655,Dubai-f0a4,-22,74,Normal
2026-02-13 14:07:25.916655,Dubai-f0a4,-15,33,Normal
2026-02-13 14:07:26.916655,Dubai-f0a4,-27,93,Normal
2026-02-13 14:07:27.916655,Dubai-f0a4,37,78,Normal
2026-02-13 14:07:28.916655,Dubai-f0a4,19,26,Normal
2026-02-13 14:07:29.916655,Dubai-f0a4,-15,69,Normal
2026-02-13 14:07:30.916655,Dubai-f0a4,17,17,Normal
2026-02-13 14:07:31.916655,Dubai-f0a4,-11,50,Normal
2026-02-13 14:07:32.916655,Dubai-f0a4,28,16,Normal
2026-02-13 14:07:33.916655,Dubai-f0a4,-16,49,Normal
2026-02-13 14:07:34.916655,Dubai-f0a4,39,80,Normal
2026-02-13 14:07:35.916655,Dubai-f0a4,-12,22,Normal
2026-02-13 14:07:36.916655,Dubai-f0a4,42,30,Normal
2026-02-13 14:07:37.916655,Dubai-f0a4,-13,78,Normal
2026-02-13 14:07:38.916655,Dubai-f0a4,-4,94,Normal
2026-02-13 14:07:39.916655,Dubai-f0a4,32,89,Normal
2026-02-13 14:07:40.916655,Dubai-f0a4,-14,43,Normal
2026-02-13 14:07:41.916655,Dubai-f0a4,40,48,Normal
2026-02-13 14:07:42.916655,Dubai-f0a4,15,32,Normal
2026-02-13 14:07:43.916655,Dubai-f0a4,8,27,Normal
2026-02-13 14:07:44.916655,Dubai-f0a4,-18,32,Normal
2026-02-13 14:07:45.916655,Dubai-f0a4,45,35,Normal
2026-02-13 14:07:46.916655,Dubai-f0a4,-11,32,Normal
2026-02-13 14:07:47.916655,Dubai-f0a4,47,0,Normal
2026-02-13 14:07:48.916655,Dubai-f0a4,31,61,Normal
2026-02-13 14:07:49.916655,Dubai-f0a4,-2,70,Normal
2026-02-13 14:07:50.916655,Dubai-f0a4,42,2,Normal
2026-02-13 14:07:51.916655,Dubai-f0a4,1,38,Normal
2026-02-13 14:07:52.916655,Dubai-f0a4,22,71,Normal
2026-02-13 14:07:53.916655,Dubai-f0a4,6,51,Normal
2026-02-13 14:07:54.916655,Dubai-f0a4,29,68,Normal
2026-02-13 14:07:55.916655,Dubai-f0a4,21,30,Normal
2026-02-13 14:07:56.916655,Dubai-f0a4,-4,43,Normal
2026-02-13 14:07:57.916655,Dubai-f0a4,-4,7,Normal
2026-02-13 14:07:58.916655,Dubai-f0a4,-18,58,Normal
2026-02-13 14:07:59.916655,Dubai-f0a4,32,14,Normal
2026-02-13 14:08:00.916655,Dubai-f0a4,-11,51,Normal
2026-02-13 14:08:01.916655,Dubai-f0a4,20,67,Normal
2026-02-13 14:08:02.916655,Dubai-f0a4,-18,46,Normal
2026-02-13 14:08:03.916655,Dubai-f0a4,-21,9,Normal
2026-02-13 14:08:04.916655,Dubai-f0a4,30,89,Normal
2026-02-13 14:08:05.916655,Dubai-f0a4,-15,14,Normal
2026-02-13 14:08:06.916655,Dubai-f0a4,-1,64,Normal
2026-02-13 14:08:07.916655,Dubai-f0a4,39,35,Normal
2026-02-13 14:08:08.916655,Dubai-f0a4,-18,92,Normal
2026-02-13 14:08:09.916655,Dubai-f0a4,6,98,Normal
2026-02-13 14:08:10.916655,Dubai-f0a4,38,36,Normal
2026-02-13 14:08:11.916655,Dubai-f0a4,-14,60,Normal
2026-02-13 14:08:12.916655,Dubai-f0a4,50,83,Normal
2026-02-13 14:08:13.916655,Dubai-f0a4,39,42,Normal
2026-02-13 14:08:14.916655,Dubai-f0a4,18,14,Normal
2026-02-13 14:08:15.916655,Dubai-f0a4,40,85,Normal
2026-02-13 14:08:16.916655,Dubai-f0a4,-11,32,Normal
2026-02-13 14:08:17.916655,Dubai-f0a4,46,67,Normal
2026-02-13 14:08:18.916655,Dubai-f0a4,-8,84,Normal
2026-02-13 14:08:19.916655,Dubai-f0a4,-24,29,Normal
2026-02-13 14:08:20.916655,Dubai-f0a4,13,12,Normal
2026-02-13 14:08:21.916655,Dubai-f0a4,-13,68,Normal
2026-02-13 14:08:22.916655,Dubai-f0a4,12,97,Normal
2026-02-13 14:08:23.916655,Dubai-f0a4,1,37,Normal
2026-02-13 14:08:24.916655,Dubai-f0a4,-21,36,Normal
2026-02-13 14:08:25.916655,Dubai-f0a4,48,34,Normal
2026-02-13 14:08:26.916655,Dubai-f0a4,9,48,Normal
2026-02-13 14:08:27.916655,Dubai-f0a4,18,68,Normal
2026-02-13 14:08:28.916655,Dubai-f0a4,15,7,Normal
2026-02-13 14:08:29.916655,Dubai-f0a4,5,84,Normal
2026-02-13 14:08:30.916655,Dubai-f0a4,48,99,Normal
2026-02-13 14:08:31.916655,Dubai-f0a4,13,36,Normal
2026-02-13 14:08:32.916655,Dubai-f0a4,5,13,Normal
2026-02-13 14:08:33.916655,Dubai-f0a4,-7,56,Normal
2026-02-13 14:08:34.916655,Dubai-f0a4,19,33,Normal
2026-02-13 14:08:35.916655,Dubai-f0a4,-20,86,Normal
2026-02-13 14:08:36.916655,Dubai-f0a4,6,89,Normal
2026-02-13 14:08:37.916655,Dubai-f0a4,-13,30,Normal
2026-02-13 14:08:38.916655,Dubai-f0a4,4,10,Normal
2026-02-13 14:08:39.916655,Dubai-f0a4,1,10,Normal
2026-02-13 14:08:40.916655,Dubai-f0a4,42,64,Normal
2026-02-13 14:08:41.916655,Dubai-f0a4,31,67,Normal
2026-02-13 14:08:42.916655,Dubai-f0a4,-15,22,Normal
2026-02-13 14:08:43.916655,Dubai-f0a4,13,97,Normal
2026-02-13 14:08:44.916655,Dubai-f0a4,29,32,Normal
2026-02-13 14:08:45.916655,Dubai-f0a4,4,21,Normal
2026-02-13 14:08:46.916655,Dubai-f0a4,26,3,Normal
2026-02-13 14:08:47.916655,Dubai-f0a4,28,3,Normal
2026-02-13 14:08:48.916655,Dubai-f0a4,6,41,Normal
2026-02-13 14:08:49.916655,Dubai-f0a4,7,63,Normal
2026-02-13 14:08:50.916655,Dubai-f0a4,-4,47,Normal
2026-02-13 14:08:51.916655,Dubai-f0a4,33,88,Normal
2026-02-13 14:08:52.916655,Dubai-f0a4,36,83,Normal
2026-02-13 14:08:53.916655,Dubai-f0a4,47,19,Normal
2026-02-13 14:08:54.916655,Dubai-f0a4,20,80,Normal
2026-02-13 14:08:55.916655,Dubai-f0a4,25,25,Normal
2026-02-13 14:08:56.916655,Dubai-f0a4,25,24,Normal
2026-02-13 14:08:57.916655,Dubai-f0a4,39,66,Normal
2026-02-13 14:08:58.916655,Dubai-f0a4,20,65,Normal
2026-02-13 14:08:59.916655,Dubai-f0a4,20,26,Normal
2026-02-13 14:09:00.916655,Dubai-f0a4,41,74,Normal
2026-02-13 14:09:01.916655,Dubai-f0a4,27,8,Normal
2026-02-13 14:09:02.916655,Dubai-f0a4,10,33,Normal
2026-02-13 14:09:03.916655,Dubai-f0a4,13,77,Normal
2026-02-13 14:09:04.916655,Dubai-f0a4,39,47,Normal
2026-02-13 14:09:05.916655,Dubai-f0a4,21,12,Normal
2026-02-13 14:09:06.916655,Dubai-f0a4,-3,86,Normal
2026-02-13 14:09:07.916655,Dubai-f0a4,3,8,Normal
2026-02-13 14:09:08.916655,Dubai-f0a4,31,83,Normal
2026-02-13 14:09:09.916655,Dubai-f0a4,42,9,Normal
2026-02-13 14:09:10.916655,Dubai-f0a4,46,90,Normal
2026-02-13 14:09:11.916655,Dubai-f0a4,43,45,Normal
2026-02-13 14:09:12.916655,Dubai-f0a4,11,43,Normal
2026-02-13 14:09:13.916655,Dubai-f0a4,-1,85,Normal
2026-02-13 14:09:14.916655,Dubai-f0a4,20,59,Normal
2026-02-13 14:09:15.916655,Dubai-f0a4,-9,63,Normal
2026-02-13 14:09:16.916655,Dubai-f0a4,3,79,Normal
2026-02-13 14:09:17.916655,Dubai-f0a4,28,5,Normal
2026-02-13 14:09:18.916655,Dubai-f0a4,-6,31,Normal
2026-02-13 14:09:19.916655,Dubai-f0a4,-17,80,Normal
2026-02-13 14:09:20.916655,Dubai-f0a4,14,88,Normal
2026-02-13 14:09:21.916655,Dubai-f0a4,-8,86,Normal
2026-02-13 14:09:22.916655,Dubai-f0a4,2,41,Normal
2026-02-13 14:09:23.916655,Dubai-f0a4,-4,34,Normal
2026-02-13 14:09:24.916655,Dubai-f0a4,22,29,Normal
2026-02-13 14:09:25.916655,Dubai-f0a4,0,50,Normal
2026-02-13 14:09:26.916655,Dubai-f0a4,2,31,Normal
2026-02-13 14:09:27.916655,Dubai-f0a4,36,12,Normal
2026-02-13 14:09:28.916655,Dubai-f0a4,-21,40,Normal
2026-02-13 14:09:29.916655,Dubai-f0a4,-5,86,Normal
2026-02-13 14:09:30.916655,Dubai-f0a4,-7,78,Normal
2026-02-13 14:09:31.916655,Dubai-f0a4,-12,54,Normal
2026-02-13 14:09:32.916655,Dubai-f0a4,-7,39,Normal
2026-02-13 14:09:33.916655,Dubai-f0a4,5,59,Normal
2026-02-13 14:09:34.916655,Dubai-f0a4,13,66,Normal
2026-02-13 14:09:35.916655,Dubai-f0a4,29,64,Normal
2026-02-13 14:09:36.916655,Dubai-f0a4,-28,0,Normal
2026-02-13 14:09:37.916655,Dubai-f0a4,6,38,Normal
2026-02-13 14:09:38.916655,Dubai-f0a4,29,75,Normal
2026-02-13 14:09:39.916655,Dubai-f0a4,-11,9,Normal
2026-02-13 14:09:40.916655,Dubai-f0a4,46,35,Normal
2026-02-13 14:09:41.916655,Dubai-f0a4,-4,41,Normal
2026-02-13 14:09:42.916655,Dubai-f0a4,-25,74,Normal
2026-02-13 14:09:43.916655,Dubai-f0a4,-1,81,Normal
2026-02-13 14:09:44.916655,Dubai-f0a4,-5,93,Normal
2026-02-13 14:09:45.916655,Dubai-f0a4,14,81,Normal
2026-02-13 14:09:46.916655,Dubai-f0a4,10,57,Normal
2026-02-13 14:09:47.916655,Dubai-f0a4,-26,33,Normal
2026-02-13 14:09:48.916655,Dubai-f0a4,3,51,Normal
2026-02-13 14:09:49.916655,Dubai-f0a4,-13,77,Normal
2026-02-13 14:09:50.916655,Dubai-f0a4,-22,32,Normal
2026-02-13 14:09:51.916655,Dubai-f0a4,-12,84,Normal
2026-02-13 14:09:52.916655,Dubai-f0a4,23,58,Normal
2026-02-13 14:09:53.916655,Dubai-f0a4,-20,62,Normal
2026-02-13 14:09:54.916655,Dubai-f0a4,23,19,Normal
2026-02-13 14:09:55.916655,Dubai-f0a4,-1,74,Normal
2026-02-13 14:09:56.916655,Dubai-f0a4,-18,11,Normal
2026-02-13 14:09:57.916655,Dubai-f0a4,-2,54,Normal
2026-02-13 14:09:58.916655,Dubai-f0a4,28,23,Normal
2026-02-13 14:09:59.916655,Dubai-f0a4,13,29,Normal
2026-02-13 14:10:00.916655,Dubai-f0a4,34,48,Normal
2026-02-13 14:10:01.916655,Dubai-f0a4,5,7,Normal
2026-02-13 14:10:02.916655,Dubai-f0a4,42,28,Normal
2026-02-13 14:10:03.916655,Dubai-f0a4,22,14,Normal
2026-02-13 14:10:04.916655,Dubai-f0a4,-29,69,Normal
2026-02-13 14:10:05.916655,Dubai-f0a4,-13,63,Normal
2026-02-13 14:10:06.916655,Dubai-f0a4,-27,42,Normal
2026-02-13 14:10:07.916655,Dubai-f0a4,-20,48,Normal
2026-02-13 14:10:08.916655,Dubai-f0a4,45,72,Normal
2026-02-13 14:10:09.916655,Dubai-f0a4,-18,71,Normal
2026-02-13 14:10:10.916655,Dubai-f0a4,36,6,Normal
2026-02-13 14:10:11.916655,Dubai-f0a4,38,84,Normal
2026-02-13 14:10:12.916655,Dubai-f0a4,32,79,Normal
2026-02-13 14:10:13.916655,Dubai-f0a4,43,14,Normal
2026-02-13 14:10:14.916655,Dubai-f0a4,43,59,Normal
2026-02-13 14:10:15.916655,Dubai-f0a4,40,83,Normal
2026-02-13 14:10:16.916655,Dubai-f0a4,39,21,Normal
2026-02-13 14:10:17.916655,Dubai-f0a4,3,64,Normal
2026-02-13 14:10:18.916655,Dubai-f0a4,18,59,Normal
2026-02-13 14:10:19.916655,Dubai-f0a4,40,17,Normal
2026-02-13 14:10:20.916655,Dubai-f0a4,8,78,Normal
2026-02-13 14:10:21.916655,Dubai-f0a4,40,54,Normal
2026-02-13 14:10:22.916655,Dubai-f0a4,3,16,Normal
2026-02-13 14:10:23.916655,Dubai-f0a4,-12,15,Normal
2026-02-13 14:10:24.916655,Dubai-f0a4,20,12,Normal
2026-02-13 14:10:25.916655,Dubai-f0a4,2,32,Normal
2026-02-13 14:10:26.916655,Dubai-f0a4,48,60,Normal
2026-02-13 14:10:27.916655,Dubai-f0a4,13,35,Normal
2026-02-13 14:10:28.916655,Dubai-f0a4,44,50,Normal
2026-02-13 14:10:29.916655,Dubai-f0a4,33,39,Normal
2026-02-13 14:10:30.916655,Dubai-f0a4,30,51,Normal
2026-02-13 14:10:31.916655,Dubai-f0a4,47,63,Normal
2026-02-13 14:10:32.916655,Dubai-f0a4,-17,49,Normal
2026-02-13 14:10:33.916655,Dubai-f0a4,40,59,Normal
2026-02-13 14:10:34.916655,Dubai-f0a4,19,25,Normal
2026-02-13 14:10:35.916655,Dubai-f0a4,-30,34,Normal
2026-02-13 14:10:36.916655,Dubai-f0a4,-28,34,Normal
2026-02-13 14:10:37.916655,Dubai-f0a4,21,46,Normal
2026-02-13 14:10:38.916655,Dubai-f0a4,-19,52,Normal
2026-02-13 14:10:39.916655,Dubai-f0a4,-25,79,Normal
2026-02-13 14:10:40.916655,Dubai-f0a4,-1,16,Normal
2026-02-13 14:10:41.916655,Dubai-f0a4,-10,20,Normal
2026-02-13 14:10:42.916655,Dubai-f0a4,7,55,Normal
2026-02-13 14:10:43.916655,Dubai-f0a4,19,18,Normal
2026-02-13 14:10:44.916655,Dubai-f0a4,-14,77,Normal
2026-02-13 14:10:45.916655,Dubai-f0a4,41,58,Normal
2026-02-13 14:10:46.916655,Dubai-f0a4,-1,50,Normal
2026-02-13 14:10:47.916655,Dubai-f0a4,-16,1,Normal
2026-02-13 14:10:48.916655,Dubai-f0a4,-13,36,Normal
2026-02-13 14:10:49.916655,Dubai-f0a4,5,23,Normal
2026-02-13 14:10:50.916655,Dubai-f0a4,-5,71,Normal
2026-02-13 14:10:51.916655,Dubai-f0a4,22,63,Normal
2026-02-13 14:10:52.916655,Dubai-f0a4,40,64,Normal
2026-02-13 14:10:53.916655,Dubai-f0a4,28,19,Normal
2026-02-13 14:10:54.916655,Dubai-f0a4,8,22,Normal
2026-02-13 14:10:55.916655,Dubai-f0a4,8,27,Normal
2026-02-13 14:10:56.916655,Dubai-f0a4,-21,83,Normal
2026-02-13 14:10:57.916655,Dubai-f0a4,-1,57,Normal
2026-02-13 14:10:58.916655,Dubai-f0a4,-2,40,Normal
2026-02-13 14:10:59.916655,Dubai-f0a4,31,78,Normal
2026-02-13 14:11:00.916655,Dubai-f0a4,16,96,Normal
2026-02-13 14:11:01.916655,Dubai-f0a4,-12,100,Normal
2026-02-13 14:11:02.916655,Dubai-f0a4,-1,71,Normal
2026-02-13 14:11:03.916655,Dubai-f0a4,18,59,Normal
2026-02-13 14:11:04.916655,Dubai-f0a4,11,94,Normal
2026-02-13 14:11:05.916655,Dubai-f0a4,-17,90,Normal
2026-02-13 14:11:06.916655,Dubai-f0a4,-22,72,Normal
2026-02-13 14:11:07.916655,Dubai-f0a4,41,67,Normal
2026-02-13 14:11:08.916655,Dubai-f0a4,-4,8,Normal
2026-02-13 14:11:09.916655,Dubai-f0a4,-10,18,Normal
2026-02-13 14:11:10.916655,Dubai-f0a4,-2,48,Normal
2026-02-13 14:11:11.916655,Dubai-f0a4,39,51,Normal
2026-02-13 14:11:12.916655,Dubai-f0a4,-25,64,Normal
2026-02-13 14:11:13.916655,Dubai-f0a4,38,91,Normal
2026-02-13 14:11:14.916655,Dubai-f0a4,-3,27,Normal
2026-02-13 14:11:15.916655,Dubai-f0a4,-15,35,Normal
2026-02-13 14:11:16.916655,Dubai-f0a4,-3,20,Normal
2026-02-13 14:11:17.916655,Dubai-f0a4,30,13,Normal
2026-02-13 14:11:18.916655,Dubai-f0a4,11,65,Normal
2026-02-13 14:11:19.916655,Dubai-f0a4,-3,19,Normal
2026-02-13 14:11:20.916655,Dubai-f0a4,45,11,Normal
2026-02-13 14:11:21.916655,Dubai-f0a4,0,54,Normal
2026-02-13 14:11:22.916655,Dubai-f0a4,12,70,Normal
2026-02-13 14:11:23.916655,Dubai-f0a4,31,52,Normal
2026-02-13 14:11:24.916655,Dubai-f0a4,21,100,Normal
2026-02-13 14:11:25.916655,Dubai-f0a4,44,39,Normal
2026-02-13 14:11:26.916655,Dubai-f0a4,19,86,Normal
2026-02-13 14:11:27.916655,Dubai-f0a4,-15,1,Normal
2026-02-13 14:11:28.916655,Dubai-f0a4,-10,67,Normal
2026-02-13 14:11:29.916655,Dubai-f0a4,14,73,Normal
2026-02-13 14:11:30.916655,Dubai-f0a4,31,64,Normal
2026-02-13 14:11:31.916655,Dubai-f0a4,2,96,Normal
2026-02-13 14:11:32.916655,Dubai-f0a4,0,30,Normal
2026-02-13 14:11:33.916655,Dubai-f0a4,-22,30,Normal
2026-02-13 14:11:34.916655,Dubai-f0a4,-21,11,Normal
2026-02-13 14:11:35.916655,Dubai-f0a4,12,31,Normal
2026-02-13 14:11:36.916655,Dubai-f0a4,1,27,Normal
2026-02-13 14:11:37.916655,Dubai-f0a4,26,4,Normal
2026-02-13 14:11:38.916655,Dubai-f0a4,-26,92,Normal
2026-02-13 14:11:39.916655,Dubai-f0a4,21,66,Normal
2026-02-13 14:11:40.916655,Dubai-f0a4,-8,40,Normal
2026-02-13 14:11:41.916655,Dubai-f0a4,-26,57,Normal
2026-02-13 14:11:42.916655,Dubai-f0a4,-16,94,Normal
2026-02-13 14:11:43.916655,Dubai-f0a4,0,100,Normal
2026-02-13 14:11:44.916655,Dubai-f0a4,37,73,Normal
2026-02-13 14:11:45.916655,Dubai-f0a4,-12,23,Normal
2026-02-13 14:11:46.916655,Dubai-f0a4,17,98,Normal
2026-02-13 14:11:47.916655,Dubai-f0a4,14,65,Normal
2026-02-13 14:11:48.916655,Dubai-f0a4,40,76,Normal
2026-02-13 14:11:49.916655,Dubai-f0a4,5,29,Normal
2026-02-13 14:11:50.916655,Dubai-f0a4,27,19,Normal
2026-02-13 14:11:51.916655,Dubai-f0a4,22,0,Normal
2026-02-13 14:11:52.916655,Dubai-f0a4,17,25,Normal
2026-02-13 14:11:53.916655,Dubai-f0a4,9,7,Normal
2026-02-13 14:11:54.916655,Dubai-f0a4,11,0,Normal
2026-02-13 14:11:55.916655,Dubai-f0a4,-5,13,Normal
2026-02-13 14:11:56.916655,Dubai-f0a4,30,51,Normal
2026-02-13 14:11:57.916655,Dubai-f0a4,30,85,Normal
2026-02-13 14:11:58.916655,Dubai-f0a4,48,87,Normal
2026-02-13 14:11:59.916655,Dubai-f0a4,21,73,Normal
2026-02-13 14:12:00.916655,Dubai-f0a4,-9,46,Normal
2026-02-13 14:12:01.916655,Dubai-f0a4,27,70,Normal
2026-02-13 14:12:02.916655,Dubai-f0a4,-12,50,Normal
2026-02-13 14:12:03.916655,Dubai-f0a4,47,99,Normal
2026-02-13 14:12:04.916655,Dubai-f0a4,-2,46,Normal
2026-02-13 14:12:05.916655,Dubai-f0a4,-23,42,Normal
2026-02-13 14:12:06.916655,Dubai-f0a4,32,49,Normal
2026-02-13 14:12:07.916655,Dubai-f0a4,26,40,Normal
2026-02-13 14:12:08.916655,Dubai-f0a4,-25,33,Normal
2026-02-13 14:12:09.916655,Dubai-f0a4,-17,21,Normal
2026-02-13 14:12:10.916655,Dubai-f0a4,45,92,Normal
2026-02-13 14:12:11.916655,Dubai-f0a4,12,91,Normal
2026-02-13 14:12:12.916655,Dubai-f0a4,-27,86,Normal
2026-02-13 14:12:13.916655,Dubai-f0a4,40,3,Normal
2026-02-13 14:12:14.916655,Dubai-f0a4,42,10,Normal
2026-02-13 14:12:15.916655,Dubai-f0a4,39,70,Normal
2026-02-13 14:12:16.916655,Dubai-f0a4,-25,20,Normal
2026-02-13 14:12:17.916655,Dubai-f0a4,-6,50,Normal
2026-02-13 14:12:18.916655,Dubai-f0a4,32,29,Normal
2026-02-13 14:12:19.916655,Dubai-f0a4,48,52,Normal
2026-02-13 14:12:20.916655,Dubai-f0a4,23,59,Normal
2026-02-13 14:12:21.916655,Dubai-f0a4,-27,72,Normal
2026-02-13 14:12:22.916655,Dubai-f0a4,-16,16,Normal
2026-02-13 14:12:23.916655,Dubai-f0a4,-10,80,Normal
2026-02-13 14:12:24.916655,Dubai-f0a4,48,85,Normal
2026-02-13 14:12:25.916655,Dubai-f0a4,17,26,Normal
2026-02-13 14:12:26.916655,Dubai-f0a4,19,96,Normal
2026-02-13 14:12:27.916655,Dubai-f0a4,8,24,Normal
2026-02-13 14:12:28.916655,Dubai-f0a4,38,44,Normal
2026-02-13 14:12:29.916655,Dubai-f0a4,-17,53,Normal
2026-02-13 14:12:30.916655,Dubai-f0a4,-5,58,Normal
2026-02-13 14:12:31.916655,Dubai-f0a4,16,53,Normal
2026-02-13 14:12:32.916655,Dubai-f0a4,-3,70,Normal
2026-02-13 14:12:33.916655,Dubai-f0a4,36,56,Normal
2026-02-13 14:12:34.916655,Dubai-f0a4,-29,24,Normal
2026-02-13 14:12:35.916655,Dubai-f0a4,44,71,Normal
2026-02-13 14:12:36.916655,Dubai-f0a4,39,33,Normal
2026-02-13 14:12:37.916655,Dubai-f0a4,15,75,Normal
2026-02-13 14:12:38.916655,Dubai-f0a4,44,27,Normal
2026-02-13 14:12:39.916655,Dubai-f0a4,22,33,Normal
2026-02-13 14:12:40.916655,Dubai-f0a4,11,60,Normal
2026-02-13 14:12:41.916655,Dubai-f0a4,23,21,Normal
2026-02-13 14:12:42.916655,Dubai-f0a4,-19,7,Normal
2026-02-13 14:12:43.916655,Dubai-f0a4,21,14,Normal
2026-02-13 14:12:44.916655,Dubai-f0a4,-27,3,Normal
2026-02-13 14:12:45.916655,Dubai-f0a4,-30,67,Normal
2026-02-13 14:12:46.916655,Dubai-f0a4,-3,90,Normal
2026-02-13 14:12:47.916655,Dubai-f0a4,-4,82,Normal
2026-02-13 14:12:48.916655,Dubai-f0a4,33,31,Normal
2026-02-13 14:12:49.916655,Dubai-f0a4,33,19,Normal
2026-02-13 14:12:50.916655,Dubai-f0a4,-21,3,Normal
2026-02-13 14:12:51.916655,Dubai-f0a4,29,80,Normal
2026-02-13 14:12:52.916655,Dubai-f0a4,-21,85,Normal
2026-02-13 14:12:53.916655,Dubai-f0a4,-25,19,Normal
2026-02-13 14:12:54.916655,Dubai-f0a4,35,72,Normal
2026-02-13 14:12:55.916655,Dubai-f0a4,18,17,Normal
2026-02-13 14:12:56.916655,Dubai-f0a4,-9,81,Normal
2026-02-13 14:12:57.916655,Dubai-f0a4,-6,10,Normal
2026-02-13 14:12:58.916655,Dubai-f0a4,3,49,Normal
2026-02-13 14:12:59.916655,Dubai-f0a4,49,14,Normal
2026-02-13 14:13:00.916655,Dubai-f0a4,27,80,Normal
2026-02-13 14:13:01.916655,Dubai-f0a4,15,98,Normal
2026-02-13 14:13:02.916655,Dubai-f0a4,40,42,Normal
2026-02-13 14:13:03.916655,Dubai-f0a4,-17,49,Normal
2026-02-13 14:13:04.916655,Dubai-f0a4,40,44,Normal
2026-02-13 14:13:05.916655,Dubai-f0a4,48,86,Normal
2026-02-13 14:13:06.916655,Dubai-f0a4,-11,45,Normal
2026-02-13 14:13:07.916655,Dubai-f0a4,42,64,Normal
2026-02-13 14:13:08.916655,Dubai-f0a4,-29,44,Normal
2026-02-13 14:13:09.916655,Dubai-f0a4,22,14,Normal
2026-02-13 14:13:10.916655,Dubai-f0a4,20,46,Normal
2026-02-13 14:13:11.916655,Dubai-f0a4,30,84,Normal
2026-02-13 14:13:12.916655,Dubai-f0a4,-12,49,Normal
2026-02-13 14:13:13.916655,Dubai-f0a4,18,93,Normal
2026-02-13 14:13:14.916655,Dubai-f0a4,-24,44,Normal
2026-02-13 14:13:15.916655,Dubai-f0a4,-17,15,Normal
2026-02-13 14:13:16.916655,Dubai-f0a4,25,97,Normal
2026-02-13 14:13:17.916655,Dubai-f0a4,9,15,Normal
2026-02-13 14:13:18.916655,Dubai-f0a4,23,19,Normal
2026-02-13 14:13:19.916655,Dubai-f0a4,17,20,Normal
2026-02-13 14:13:20.916655,Dubai-f0a4,-7,24,Normal
2026-02-13 14:13:21.916655,Dubai-f0a4,21,46,Normal
2026-02-13 14:13:22.916655,Dubai-f0a4,-19,53,Normal
2026-02-13 14:13:23.916655,Dubai-f0a4,-17,84,Normal
2026-02-13 14:13:24.916655,Dubai-f0a4,0,28,Normal
2026-02-13 14:13:25.916655,Dubai-f0a4,19,14,Normal
2026-02-13 14:13:26.916655,Dubai-f0a4,8,77,Normal
2026-02-13 14:13:27.916655,Dubai-f0a4,48,37,Normal
2026-02-13 14:13:28.916655,Dubai-f0a4,47,66,Normal
2026-02-13 14:13:29.916655,Dubai-f0a4,8,71,Normal
2026-02-13 14:13:30.916655,Dubai-f0a4,28,45,Normal
2026-02-13 14:13:31.916655,Dubai-f0a4,19,21,Normal
2026-02-13 14:13:32.916655,Dubai-f0a4,3,17,Normal
2026-02-13 14:13:33.916655,Dubai-f0a4,47,42,Normal
2026-02-13 14:13:34.916655,Dubai-f0a4,-1,49,Normal
2026-02-13 14:13:35.916655,Dubai-f0a4,12,0,Normal
2026-02-13 14:13:36.916655,Dubai-f0a4,39,19,Normal
2026-02-13 14:13:37.916655,Dubai-f0a4,41,94,Normal
2026-02-13 14:13:38.916655,Dubai-f0a4,-12,49,Normal
2026-02-13 14:13:39.916655,Dubai-f0a4,22,9,Normal
2026-02-13 14:13:40.916655,Dubai-f0a4,9,82,Normal
2026-02-13 14:13:41.916655,Dubai-f0a4,-28,79,Normal
2026-02-13 14:13:42.916655,Dubai-f0a4,29,83,Normal
2026-02-13 14:13:43.916655,Dubai-f0a4,32,55,Normal
2026-02-13 14:13:44.916655,Dubai-f0a4,18,70,Normal
2026-02-13 14:13:45.916655,Dubai-f0a4,23,0,Normal
2026-02-13 14:13:46.916655,Dubai-f0a4,-13,86,Normal
2026-02-13 14:13:47.916655,Dubai-f0a4,38,98,Normal
2026-02-13 14:13:48.916655,Dubai-f0a4,32,98,Normal
2026-02-13 14:13:49.916655,Dubai-f0a4,28,22,Normal
2026-02-13 14:13:50.916655,Dubai-f0a4,-27,62,Normal
2026-02-13 14:13:51.916655,Dubai-f0a4,-26,40,Normal
2026-02-13 14:13:52.916655,Dubai-f0a4,35,35,Normal
2026-02-13 14:13:53.916655,Dubai-f0a4,14,63,Normal
2026-02-13 14:13:54.916655,Dubai-f0a4,-26,84,Normal
2026-02-13 14:13:55.916655,Dubai-f0a4,38,32,Normal
2026-02-13 14:13:56.916655,Dubai-f0a4,48,17,Normal
2026-02-13 14:13:57.916655,Dubai-f0a4,-29,43,Normal
2026-02-13 14:13:58.916655,Dubai-f0a4,6,10,Normal
2026-02-13 14:13:59.916655,Dubai-f0a4,16,39,Normal
2026-02-13 14:14:00.916655,Dubai-f0a4,-25,43,Normal
2026-02-13 14:14:01.916655,Dubai-f0a4,24,81,Normal
2026-02-13 14:14:02.916655,Dubai-f0a4,12,5,Normal
2026-02-13 14:14:03.916655,Dubai-f0a4,-20,64,Normal
2026-02-13 14:14:04.916655,Dubai-f0a4,-15,53,Normal
2026-02-13 14:14:05.916655,Dubai-f0a4,6,80,Normal
2026-02-13 14:14:06.916655,Dubai-f0a4,44,76,Normal
2026-02-13 14:14:07.916655,Dubai-f0a4,10,78,Normal
2026-02-13 14:14:08.916655,Dubai-f0a4,2,55,Normal
2026-02-13 14:14:09.916655,Dubai-f0a4,-28,12,Normal
2026-02-13 14:14:10.916655,Dubai-f0a4,9,95,Normal
2026-02-13 14:14:11.916655,Dubai-f0a4,11,23,Normal
2026-02-13 14:14:12.916655,Dubai-f0a4,38,58,Normal
2026-02-13 14:14:13.916655,Dubai-f0a4,24,85,Normal
2026-02-13 14:14:14.916655,Dubai-f0a4,-19,98,Normal
2026-02-13 14:14:15.916655,Dubai-f0a4,34,91,Normal
2026-02-13 14:14:16.916655,Dubai-f0a4,-25,8,Normal
2026-02-13 14:14:17.916655,Dubai-f0a4,-13,78,Normal
2026-02-13 14:14:18.916655,Dubai-f0a4,7,90,Normal
2026-02-13 14:14:19.916655,Dubai-f0a4,20,1,Normal
2026-02-13 14:14:20.916655,Dubai-f0a4,23,72,Normal
2026-02-13 14:14:21.916655,Dubai-f0a4,-25,83,Normal
2026-02-13 14:14:22.916655,Dubai-f0a4,32,77,Normal
2026-02-13 14:14:23.916655,Dubai-f0a4,11,77,Normal
2026-02-13 14:14:24.916655,Dubai-f0a4,43,28,Normal
2026-02-13 14:14:25.916655,Dubai-f0a4,9,17,Normal
2026-02-13 14:14:26.916655,Dubai-f0a4,-21,95,Normal
2026-02-13 14:14:27.916655,Dubai-f0a4,41,1,Normal
2026-02-13 14:14:28.916655,Dubai-f0a4,2,71,Normal
2026-02-13 14:14:29.916655,Dubai-f0a4,29,58,Normal
2026-02-13 14:14:30.916655,Dubai-f0a4,-21,56,Normal
2026-02-13 14:14:31.916655,Dubai-f0a4,37,14,Normal
2026-02-13 14:14:32.916655,Dubai-f0a4,17,68,Normal
2026-02-13 14:14:33.916655,Dubai-f0a4,7,31,Normal
2026-02-13 14:14:34.916655,Dubai-f0a4,25,78,Normal
2026-02-13 14:14:35.916655,Dubai-f0a4,50,47,Normal
2026-02-13 14:14:36.916655,Dubai-f0a4,-7,80,Normal
2026-02-13 14:14:37.916655,Dubai-f0a4,-14,100,Normal
2026-02-13 14:14:38.916655,Dubai-f0a4,27,29,Normal
2026-02-13 14:14:39.916655,Dubai-f0a4,-18,54,Normal
2026-02-13 14:14:40.916655,Dubai-f0a4,-6,59,Normal
2026-02-13 14:14:41.916655,Dubai-f0a4,27,50,Normal
2026-02-13 14:14:42.916655,Dubai-f0a4,-2,45,Normal
2026-02-13 14:14:43.916655,Dubai-f0a4,3,32,Normal
2026-02-13 14:14:44.916655,Dubai-f0a4,37,79,Normal
2026-02-13 14:14:45.916655,Dubai-f0a4,39,72,Normal
2026-02-13 14:14:46.916655,Dubai-f0a4,17,39,Normal
2026-02-13 14:14:47.916655,Dubai-f0a4,-1,86,Normal
2026-02-13 14:14:48.916655,Dubai-f0a4,27,89,Normal
2026-02-13 14:14:49.916655,Dubai-f0a4,-23,8,Normal
2026-02-13 14:14:50.916655,Dubai-f0a4,-6,52,Normal
2026-02-13 14:14:51.916655,Dubai-f0a4,32,65,Normal
2026-02-13 14:14:52.916655,Dubai-f0a4,33,63,Normal
2026-02-13 14:14:53.916655,Dubai-f0a4,22,73,Normal
2026-02-13 14:14:54.916655,Dubai-f0a4,-21,94,Normal
2026-02-13 14:14:55.916655,Dubai-f0a4,39,13,Normal
2026-02-13 14:14:56.916655,Dubai-f0a4,-7,77,Normal
2026-02-13 14:14:57.916655,Dubai-f0a4,23,71,Normal
2026-02-13 14:14:58.916655,Dubai-f0a4,-25,28,Normal
2026-02-13 14:14:59.916655,Dubai-f0a4,21,92,Normal
2026-02-13 14:15:00.916655,Dubai-f0a4,-29,7,Normal
2026-02-13 14:15:01.916655,Dubai-f0a4,16,97,Normal
2026-02-13 14:15:02.916655,Dubai-f0a4,-18,93,Normal
2026-02-13 14:15:03.916655,Dubai-f0a4,2,34,Normal
2026-02-13 14:15:04.916655,Dubai-f0a4,17,85,Normal
2026-02-13 14:15:05.916655,Dubai-f0a4,-13,47,Normal
2026-02-13 14:15:06.916655,Dubai-f0a4,35,0,Normal
2026-02-13 14:15:07.916655,Dubai-f0a4,-12,52,Normal
2026-02-13 14:15:08.916655,Dubai-f0a4,4,46,Normal
2026-02-13 14:15:09.916655,Dubai-f0a4,43,2,Normal
2026-02-13 14:15:10.916655,Dubai-f0a4,-8,37,Normal
2026-02-13 14:15:11.916655,Dubai-f0a4,31,82,Normal
2026-02-13 14:15:12.916655,Dubai-f0a4,27,70,Normal
2026-02-13 14:15:13.916655,Dubai-f0a4,-8,82,Normal
2026-02-13 14:15:14.916655,Dubai-f0a4,-16,96,Normal
2026-02-13 14:15:15.916655,Dubai-f0a4,-3,97,Normal
2026-02-13 14:15:16.916655,Dubai-f0a4,-19,19,Normal
2026-02-13 14:15:17.916655,Dubai-f0a4,-23,44,Normal
2026-02-13 14:15:18.916655,Dubai-f0a4,-23,60,Normal
2026-02-13 14:15:19.916655,Dubai-f0a4,21,47,Normal
2026-02-13 14:15:20.916655,Dubai-f0a4,-8,14,Normal
2026-02-13 14:15:21.916655,Dubai-f0a4,7,43,Normal
2026-02-13 14:15:22.916655,Dubai-f0a4,21,32,Normal
2026-02-13 14:15:23.916655,Dubai-f0a4,9,69,Normal
2026-02-13 14:15:24.916655,Dubai-f0a4,-17,11,Normal
2026-02-13 14:15:25.916655,Dubai-f0a4,-5,97,Normal
2026-02-13 14:15:26.916655,Dubai-f0a4,28,11,Normal
2026-02-13 14:15:27.916655,Dubai-f0a4,49,62,Normal
2026-02-13 14:15:28.916655,Dubai-f0a4,-23,34,Normal
2026-02-13 14:15:29.916655,Dubai-f0a4,-24,35,Normal
2026-02-13 14:15:30.916655,Dubai-f0a4,16,93,Normal
2026-02-13 14:15:31.916655,Dubai-f0a4,25,39,Normal
2026-02-13 14:15:32.916655,Dubai-f0a4,31,39,Normal
2026-02-13 14:15:33.916655,Dubai-f0a4,-17,48,Normal
2026-02-13 14:15:34.916655,Dubai-f0a4,26,59,Normal
2026-02-13 14:15:35.916655,Dubai-f0a4,7,5,Normal
2026-02-13 14:15:36.916655,Dubai-f0a4,-22,96,Normal
2026-02-13 14:15:37.916655,Dubai-f0a4,-30,47,Normal
2026-02-13 14:15:38.916655,Dubai-f0a4,26,72,Normal
2026-02-13 14:15:39.916655,Dubai-f0a4,32,37,Normal
2026-02-13 14:15:40.916655,Dubai-f0a4,5,5,Normal
2026-02-13 14:15:41.916655,Dubai-f0a4,18,69,Normal
2026-02-13 14:15:42.916655,Dubai-f0a4,14,52,Normal
2026-02-13 14:15:43.916655,Dubai-f0a4,20,5,Normal
2026-02-13 14:15:44.916655,Dubai-f0a4,45,3,Normal
2026-02-13 14:15:45.916655,Dubai-f0a4,-1,40,Normal
2026-02-13 14:15:46.916655,Dubai-f0a4,-7,43,Normal
2026-02-13 14:15:47.916655,Dubai-f0a4,24,12,Normal
2026-02-13 14:15:48.916655,Dubai-f0a4,0,73,Normal
2026-02-13 14:15:49.916655,Dubai-f0a4,38,72,Normal
2026-02-13 14:15:50.916655,Dubai-f0a4,-5,15,Normal
2026-02-13 14:15:51.916655,Dubai-f0a4,35,89,Normal
2026-02-13 14:15:52.916655,Dubai-f0a4,-30,10,Normal
2026-02-13 14:15:53.916655,Dubai-f0a4,2,91,Normal
2026-02-13 14:15:54.916655,Dubai-f0a4,48,29,Normal
2026-02-13 14:15:55.916655,Dubai-f0a4,45,90,Normal
2026-02-13 14:15:56.916655,Dubai-f0a4,-19,78,Normal
2026-02-13 14:15:57.916655,Dubai-f0a4,7,99,Normal
2026-02-13 14:15:58.916655,Dubai-f0a4,32,72,Normal
2026-02-13 14:15:59.916655,Dubai-f0a4,17,44,Normal
2026-02-13 14:16:00.916655,Dubai-f0a4,24,3,Normal
2026-02-13 14:16:01.916655,Dubai-f0a4,19,65,Normal
2026-02-13 14:16:02.916655,Dubai-f0a4,39,92,Normal
2026-02-13 14:16:03.916655,Dubai-f0a4,20,68,Normal
2026-02-13 14:16:04.916655,Dubai-f0a4,34,15,Normal
2026-02-13 14:16:05.916655,Dubai-f0a4,-24,8,Normal
2026-02-13 14:16:06.916655,Dubai-f0a4,-3,0,Normal
2026-02-13 14:16:07.916655,Dubai-f0a4,12,66,Normal
2026-02-13 14:16:08.916655,Dubai-f0a4,6,93,Normal
2026-02-13 14:16:09.916655,Dubai-f0a4,27,91,Normal
2026-02-13 14:16:10.916655,Dubai-f0a4,14,82,Normal
2026-02-13 14:16:11.916655,Dubai-f0a4,-27,75,Normal
2026-02-13 14:16:12.916655,Dubai-f0a4,11,87,Normal
2026-02-13 14:16:13.916655,Dubai-f0a4,-18,49,Normal
2026-02-13 14:16:14.916655,Dubai-f0a4,5,65,Normal
2026-02-13 14:16:15.916655,Dubai-f0a4,32,36,Normal
2026-02-13 14:16:16.916655,Dubai-f0a4,31,77,Normal
2026-02-13 14:16:17.916655,Dubai-f0a4,36,86,Normal
2026-02-13 14:16:18.916655,Dubai-f0a4,-9,21,Normal
2026-02-13 14:16:19.916655,Dubai-f0a4,31,54,Normal
2026-02-13 14:16:20.916655,Dubai-f0a4,14,49,Normal
2026-02-13 14:16:21.916655,Dubai-f0a4,25,55,Normal
2026-02-13 14:16:22.916655,Dubai-f0a4,-15,30,Normal
2026-02-13 14:16:23.916655,Dubai-f0a4,30,11,Normal
2026-02-13 14:16:24.916655,Dubai-f0a4,-19,31,Normal
2026-02-13 14:16:25.916655,Dubai-f0a4,49,46,Normal
2026-02-13 14:16:26.916655,Dubai-f0a4,9,53,Normal
2026-02-13 14:16:27.916655,Dubai-f0a4,-16,92,Normal
2026-02-13 14:16:28.916655,Dubai-f0a4,-24,43,Normal
2026-02-13 14:16:29.916655,Dubai-f0a4,50,19,Normal
2026-02-13 14:16:30.916655,Dubai-f0a4,22,65,Normal
2026-02-13 14:16:31.916655,Dubai-f0a4,-1,34,Normal
2026-02-13 14:16:32.916655,Dubai-f0a4,30,29,Normal
2026-02-13 14:16:33.916655,Dubai-f0a4,19,49,Normal
2026-02-13 14:16:34.916655,Dubai-f0a4,31,39,Normal
2026-02-13 14:16:35.916655,Dubai-f0a4,8,24,Normal
2026-02-13 14:16:36.916655,Dubai-f0a4,-30,62,Normal
2026-02-13 14:16:37.916655,Dubai-f0a4,-8,24,Normal
2026-02-13 14:16:38.916655,Dubai-f0a4,33,86,Normal
2026-02-13 14:16:39.916655,Dubai-f0a4,4,14,Normal
2026-02-13 14:16:40.916655,Dubai-f0a4,-28,57,Normal
2026-02-13 14:16:41.916655,Dubai-f0a4,-2,93,Normal
2026-02-13 14:16:42.916655,Dubai-f0a4,-27,73,Normal
2026-02-13 14:16:43.916655,Dubai-f0a4,-10,71,Normal
2026-02-13 14:16:44.916655,Dubai-f0a4,18,66,Normal
2026-02-13 14:16:45.916655,Dubai-f0a4,39,42,Normal
2026-02-13 14:16:46.916655,Dubai-f0a4,16,0,Normal
2026-02-13 14:16:47.916655,Dubai-f0a4,10,80,Normal
2026-02-13 14:16:48.916655,Dubai-f0a4,49,46,Normal
2026-02-13 14:16:49.916655,Dubai-f0a4,-29,58,Normal
2026-02-13 14:16:50.916655,Dubai-f0a4,20,23,Normal
2026-02-13 14:16:51.916655,Dubai-f0a4,50,75,Normal
2026-02-13 14:16:52.916655,Dubai-f0a4,22,44,Normal
2026-02-13 14:16:53.916655,Dubai-f0a4,-4,62,Normal
2026-02-13 14:16:54.916655,Dubai-f0a4,17,45,Normal
2026-02-13 14:16:55.916655,Dubai-f0a4,-20,93,Normal
2026-02-13 14:16:56.916655,Dubai-f0a4,26,79,Normal
2026-02-13 14:16:57.916655,Dubai-f0a4,-18,23,Normal
2026-02-13 14:16:58.916655,Dubai-f0a4,-23,57,Normal
2026-02-13 14:16:59.916655,Dubai-f0a4,26,25,Normal
2026-02-13 14:17:00.916655,Dubai-f0a4,-11,52,Normal
2026-02-13 14:17:01.916655,Dubai-f0a4,44,25,Normal
2026-02-13 14:17:02.916655,Dubai-f0a4,-21,58,Normal
2026-02-13 14:17:03.916655,Dubai-f0a4,40,77,Normal
2026-02-13 14:17:04.916655,Dubai-f0a4,-24,87,Normal
2026-02-13 14:17:05.916655,Dubai-f0a4,11,69,Normal
2026-02-13 14:17:06.916655,Dubai-f0a4,13,39,Normal
2026-02-13 14:17:07.916655,Dubai-f0a4,-26,90,Normal
2026-02-13 14:17:08.916655,Dubai-f0a4,11,77,Normal
2026-02-13 14:17:09.916655,Dubai-f0a4,7,60,Normal
2026-02-13 14:17:10.916655,Dubai-f0a4,45,28,Normal
2026-02-13 14:17:11.916655,Dubai-f0a4,33,6,Normal
2026-02-13 14:17:12.916655,Dubai-f0a4,33,33,Normal
2026-02-13 14:17:13.916655,Dubai-f0a4,35,81,Normal
2026-02-13 14:17:14.916655,Dubai-f0a4,-15,29,Normal
2026-02-13 14:17:15.916655,Dubai-f0a4,32,67,Normal
2026-02-13 14:17:16.916655,Dubai-f0a4,9,25,Normal
2026-02-13 14:17:17.916655,Dubai-f0a4,-11,33,Normal
2026-02-13 14:17:18.916655,Dubai-f0a4,3,30,Normal
2026-02-13 14:17:19.916655,Dubai-f0a4,-12,84,Normal
2026-02-13 14:17:20.916655,Dubai-f0a4,24,17,Normal
2026-02-13 14:17:21.916655,Dubai-f0a4,10,75,Normal
2026-02-13 14:17:22.916655,Dubai-f0a4,-26,31,Normal
2026-02-13 14:17:23.916655,Dubai-f0a4,-30,39,Normal
2026-02-13 14:17:24.916655,Dubai-f0a4,17,52,Normal
2026-02-13 14:17:25.916655,Dubai-f0a4,31,78,Normal
2026-02-13 14:17:26.916655,Dubai-f0a4,-29,47,Normal
2026-02-13 14:17:27.916655,Dubai-f0a4,29,32,Normal
2026-02-13 14:17:28.916655,Dubai-f0a4,8,22,Normal
2026-02-13 14:17:29.916655,Dubai-f0a4,44,29,Normal
2026-02-13 14:17:30.916655,Dubai-f0a4,46,8,Normal
2026-02-13 14:17:31.916655,Dubai-f0a4,-29,40,Normal
2026-02-13 14:17:32.916655,Dubai-f0a4,50,70,Normal
2026-02-13 14:17:33.916655,Dubai-f0a4,20,30,Normal
2026-02-13 14:17:34.916655,Dubai-f0a4,38,68,Normal
2026-02-13 14:17:35.916655,Dubai-f0a4,34,36,Normal
2026-02-13 14:17:36.916655,Dubai-f0a4,-14,85,Normal
2026-02-13 14:17:37.916655,Dubai-f0a4,50,87,Normal
2026-02-13 14:17:38.916655,Dubai-f0a4,-9,57,Normal
2026-02-13 14:17:39.916655,Dubai-f0a4,49,16,Normal
2026-02-13 14:17:40.916655,Dubai-f0a4,21,91,Normal
2026-02-13 14:17:41.916655,Dubai-f0a4,18,23,Normal
2026-02-13 14:17:42.916655,Dubai-f0a4,30,58,Normal
2026-02-13 14:17:43.916655,Dubai-f0a4,-3,23,Normal
2026-02-13 14:17:44.916655,Dubai-f0a4,-22,76,Normal
2026-02-13 14:17:45.916655,Dubai-f0a4,21,66,Normal
2026-02-13 14:17:46.916655,Dubai-f0a4,-26,81,Normal
2026-02-13 14:17:47.916655,Dubai-f0a4,-10,82,Normal
2026-02-13 14:17:48.916655,Dubai-f0a4,-4,16,Normal
2026-02-13 14:17:49.916655,Dubai-f0a4,3,79,Normal
2026-02-13 14:17:50.916655,Dubai-f0a4,-12,14,Normal
2026-02-13 14:17:51.916655,Dubai-f0a4,-25,50,Normal
2026-02-13 14:17:52.916655,Dubai-f0a4,45,68,Normal
2026-02-13 14:17:53.916655,Dubai-f0a4,-10,24,Normal
2026-02-13 14:17:54.916655,Dubai-f0a4,31,10,Normal
2026-02-13 14:17:55.916655,Dubai-f0a4,-19,75,Normal
2026-02-13 14:17:56.916655,Dubai-f0a4,30,57,Normal
2026-02-13 14:17:57.916655,Dubai-f0a4,-18,19,Normal
2026-02-13 14:17:58.916655,Dubai-f0a4,-15,39,Normal
2026-02-13 14:17:59.916655,Dubai-f0a4,25,44,Normal
2026-02-13 14:18:00.916655,Dubai-f0a4,-9,52,Normal
2026-02-13 14:18:01.916655,Dubai-f0a4,36,98,Normal
2026-02-13 14:18:02.916655,Dubai-f0a4,8,100,Normal
2026-02-13 14:18:03.916655,Dubai-f0a4,-19,39,Normal
2026-02-13 14:18:04.916655,Dubai-f0a4,41,98,Normal
2026-02-13 14:18:05.916655,Dubai-f0a4,45,83,Normal
2026-02-13 14:18:06.916655,Dubai-f0a4,-4,41,Normal
2026-02-13 14:18:07.916655,Dubai-f0a4,-27,89,Normal
2026-02-13 14:18:08.916655,Dubai-f0a4,10,28,Normal
2026-02-13 14:18:09.916655,Dubai-f0a4,32,68,Normal
2026-02-13 14:18:10.916655,Dubai-f0a4,-8,33,Normal
2026-02-13 14:18:11.916655,Dubai-f0a4,-18,98,Normal
2026-02-13 14:18:12.916655,Dubai-f0a4,24,30,Normal
2026-02-13 14:18:13.916655,Dubai-f0a4,-6,2,Normal
2026-02-13 14:18:14.916655,Dubai-f0a4,-7,52,Normal
2026-02-13 14:18:15.916655,Dubai-f0a4,10,34,Normal
2026-02-13 14:18:16.916655,Dubai-f0a4,33,14,Normal
2026-02-13 14:18:17.916655,Dubai-f0a4,47,22,Normal
2026-02-13 14:18:18.916655,Dubai-f0a4,-10,40,Normal
2026-02-13 14:18:19.916655,Dubai-f0a4,-15,41,Normal
2026-02-13 14:18:20.916655,Dubai-f0a4,-20,0,Normal
2026-02-13 14:18:21.916655,Dubai-f0a4,8,77,Normal
2026-02-13 14:18:22.916655,Dubai-f0a4,-27,91,Normal
2026-02-13 14:18:23.916655,Dubai-f0a4,-5,24,Normal
2026-02-13 14:18:24.916655,Dubai-f0a4,5,53,Normal
2026-02-13 14:18:25.916655,Dubai-f0a4,26,79,Normal
2026-02-13 14:18:26.916655,Dubai-f0a4,4,66,Normal
2026-02-13 14:18:27.916655,Dubai-f0a4,-30,95,Normal
2026-02-13 14:18:28.916655,Dubai-f0a4,-29,24,Normal
2026-02-13 14:18:29.916655,Dubai-f0a4,-8,74,Normal
2026-02-13 14:18:30.916655,Dubai-f0a4,41,5,Normal
2026-02-13 14:18:31.916655,Dubai-f0a4,-16,2,Normal
2026-02-13 14:18:32.916655,Dubai-f0a4,12,22,Normal
2026-02-13 14:18:33.916655,Dubai-f0a4,21,1,Normal
2026-02-13 14:18:34.916655,Dubai-f0a4,38,5,Normal
2026-02-13 14:18:35.916655,Dubai-f0a4,43,25,Normal
2026-02-13 14:18:36.916655,Dubai-f0a4,-4,99,Normal
2026-02-13 14:18:37.916655,Dubai-f0a4,6,73,Normal
2026-02-13 14:18:38.916655,Dubai-f0a4,7,24,Normal
2026-02-13 14:18:39.916655,Dubai-f0a4,-29,65,Normal
2026-02-13 14:18:40.916655,Dubai-f0a4,-26,37,Normal
2026-02-13 14:18:41.916655,Dubai-f0a4,20,13,Normal
2026-02-13 14:18:42.916655,Dubai-f0a4,-8,36,Normal
2026-02-13 14:18:43.916655,Dubai-f0a4,-27,2,Normal
2026-02-13 14:18:44.916655,Dubai-f0a4,19,95,Normal
2026-02-13 14:18:45.916655,Dubai-f0a4,17,86,Normal
2026-02-13 14:18:46.916655,Dubai-f0a4,8,39,Normal
2026-02-13 14:18:47.916655,Dubai-f0a4,14,92,Normal
2026-02-13 14:18:48.916655,Dubai-f0a4,33,21,Normal
2026-02-13 14:18:49.916655,Dubai-f0a4,29,67,Normal
2026-02-13 14:18:50.916655,Dubai-f0a4,36,14,Normal
2026-02-13 14:18:51.916655,Dubai-f0a4,30,7,Normal
2026-02-13 14:18:52.916655,Dubai-f0a4,-23,22,Normal
2026-02-13 14:18:53.916655,Dubai-f0a4,42,42,Normal
2026-02-13 14:18:54.916655,Dubai-f0a4,48,32,Normal
2026-02-13 14:18:55.916655,Dubai-f0a4,-16,4,Normal
2026-02-13 14:18:56.916655,Dubai-f0a4,-1,3,Normal
2026-02-13 14:18:57.916655,Dubai-f0a4,-18,28,Normal
2026-02-13 14:18:58.916655,Dubai-f0a4,-25,10,Normal
2026-02-13 14:18:59.916655,Dubai-f0a4,15,38,Normal
2026-02-13 14:19:00.916655,Dubai-f0a4,9,22,Normal
2026-02-13 14:19:01.916655,Dubai-f0a4,13,38,Normal
2026-02-13 14:19:02.916655,Dubai-f0a4,36,54,Normal
2026-02-13 14:19:03.916655,Dubai-f0a4,-21,39,Normal
2026-02-13 14:19:04.916655,Dubai-f0a4,39,83,Normal
2026-02-13 14:19:05.916655,Dubai-f0a4,-25,66,Normal
2026-02-13 14:19:06.916655,Dubai-f0a4,-3,92,Normal
2026-02-13 14:19:07.916655,Dubai-f0a4,0,30,Normal
2026-02-13 14:19:08.916655,Dubai-f0a4,-30,26,Normal
2026-02-13 14:19:09.916655,Dubai-f0a4,20,60,Normal
2026-02-13 14:19:10.916655,Dubai-f0a4,36,28,Normal
2026-02-13 14:19:11.916655,Dubai-f0a4,22,69,Normal
2026-02-13 14:19:12.916655,Dubai-f0a4,-21,66,Normal
2026-02-13 14:19:13.916655,Dubai-f0a4,42,60,Normal
2026-02-13 14:19:14.916655,Dubai-f0a4,-1,98,Normal
2026-02-13 14:19:15.916655,Dubai-f0a4,32,99,Normal
2026-02-13 14:19:16.916655,Dubai-f0a4,47,22,Normal
2026-02-13 14:19:17.916655,Dubai-f0a4,33,49,Normal
2026-02-13 14:19:18.916655,Dubai-f0a4,16,30,Normal
2026-02-13 14:19:19.916655,Dubai-f0a4,-16,5,Normal
2026-02-13 14:19:20.916655,Dubai-f0a4,-1,56,Normal
2026-02-13 14:19:21.916655,Dubai-f0a4,7,83,Normal
2026-02-13 14:19:22.916655,Dubai-f0a4,10,57,Normal
2026-02-13 14:19:23.916655,Dubai-f0a4,21,83,Normal
2026-02-13 14:19:24.916655,Dubai-f0a4,27,27,Normal
2026-02-13 14:19:25.916655,Dubai-f0a4,-29,7,Normal
2026-02-13 14:19:26.916655,Dubai-f0a4,-8,25,Normal
2026-02-13 14:19:27.916655,Dubai-f0a4,27,42,Normal
2026-02-13 14:19:28.916655,Dubai-f0a4,-16,72,Normal
2026-02-13 14:19:29.916655,Dubai-f0a4,5,27,Normal
2026-02-13 14:19:30.916655,Dubai-f0a4,-10,94,Normal
2026-02-13 14:19:31.916655,Dubai-f0a4,25,74,Normal
2026-02-13 14:19:32.916655,Dubai-f0a4,26,53,Normal
2026-02-13 14:19:33.916655,Dubai-f0a4,-14,33,Normal
2026-02-13 14:19:34.916655,Dubai-f0a4,5,52,Normal
2026-02-13 14:19:35.916655,Dubai-f0a4,49,80,Normal
2026-02-13 14:19:36.916655,Dubai-f0a4,0,50,Normal
2026-02-13 14:19:37.916655,Dubai-f0a4,23,12,Normal
2026-02-13 14:19:38.916655,Dubai-f0a4,-1,20,Normal
2026-02-13 14:19:39.916655,Dubai-f0a4,17,53,Normal
2026-02-13 14:19:40.916655,Dubai-f0a4,23,56,Normal
2026-02-13 14:19:41.916655,Dubai-f0a4,-24,55,Normal
2026-02-13 14:19:42.916655,Dubai-f0a4,-15,9,Normal
2026-02-13 14:19:43.916655,Dubai-f0a4,7,78,Normal
2026-02-13 14:19:44.916655,Dubai-f0a4,27,99,Normal
2026-02-13 14:19:45.916655,Dubai-f0a4,-23,26,Normal
2026-02-13 14:19:46.916655,Dubai-f0a4,50,37,Normal
2026-02-13 14:19:47.916655,Dubai-f0a4,15,25,Normal
2026-02-13 14:19:48.916655,Dubai-f0a4,42,84,Normal
2026-02-13 14:19:49.916655,Dubai-f0a4,36,70,Normal
2026-02-13 14:19:50.916655,Dubai-f0a4,-24,100,Normal
2026-02-13 14:19:51.916655,Dubai-f0a4,-17,31,Normal
2026-02-13 14:19:52.916655,Dubai-f0a4,-8,1,Normal
2026-02-13 14:19:53.916655,Dubai-f0a4,26,1,Normal
2026-02-13 14:19:54.916655,Dubai-f0a4,9,85,Normal
2026-02-13 14:19:55.916655,Dubai-f0a4,18,32,Normal
2026-02-13 14:19:56.916655,Dubai-f0a4,36,15,Normal
2026-02-13 14:19:57.916655,Dubai-f0a4,36,98,Normal
2026-02-13 14:19:58.916655,Dubai-f0a4,-26,50,Normal
2026-02-13 14:19:59.916655,Dubai-f0a4,-4,96,Normal
2026-02-13 14:20:00.916655,Dubai-f0a4,-17,22,Normal
2026-02-13 14:20:01.916655,Dubai-f0a4,16,22,Normal
2026-02-13 14:20:02.916655,Dubai-f0a4,43,46,Normal
2026-02-13 14:20:03.916655,Dubai-f0a4,-19,61,Normal
2026-02-13 14:20:04.916655,Dubai-f0a4,34,18,Normal
2026-02-13 14:20:05.916655,Dubai-f0a4,30,0,Normal
2026-02-13 14:20:06.916655,Dubai-f0a4,12,29,Normal
2026-02-13 14:20:07.916655,Dubai-f0a4,8,10,Normal
2026-02-13 14:20:08.916655,Dubai-f0a4,-10,41,Normal
2026-02-13 14:20:09.916655,Dubai-f0a4,-17,80,Normal
2026-02-13 14:20:10.916655,Dubai-f0a4,-14,64,Normal
2026-02-13 14:20:11.916655,Dubai-f0a4,23,42,Normal
2026-02-13 14:20:12.916655,Dubai-f0a4,1,88,Normal
2026-02-13 14:20:13.916655,Dubai-f0a4,21,20,Normal
2026-02-13 14:20:14.916655,Dubai-f0a4,36,80,Normal
2026-02-13 14:20:15.916655,Dubai-f0a4,21,99,Normal
2026-02-13 14:20:16.916655,Dubai-f0a4,-27,90,Normal
2026-02-13 14:20:17.916655,Dubai-f0a4,-11,42,Normal
2026-02-13 14:20:18.916655,Dubai-f0a4,36,29,Normal
2026-02-13 14:20:19.916655,Dubai-f0a4,28,81,Normal
2026-02-13 14:20:20.916655,Dubai-f0a4,8,29,Normal
2026-02-13 14:20:21.916655,Dubai-f0a4,17,9,Normal
2026-02-13 14:20:22.916655,Dubai-f0a4,-20,23,Normal
2026-02-13 14:20:23.916655,Dubai-f0a4,43,32,Normal
2026-02-13 14:20:24.916655,Dubai-f0a4,31,56,Normal
2026-02-13 14:20:25.916655,Dubai-f0a4,1,5,Normal
2026-02-13 14:20:26.916655,Dubai-f0a4,-28,68,Normal
2026-02-13 14:20:27.916655,Dubai-f0a4,30,66,Normal
2026-02-13 14:20:28.916655,Dubai-f0a4,-24,47,Normal
2026-02-13 14:20:29.916655,Dubai-f0a4,-7,80,Normal
2026-02-13 14:20:30.916655,Dubai-f0a4,28,24,Normal
2026-02-13 14:20:31.916655,Dubai-f0a4,-30,40,Normal
2026-02-13 14:20:32.916655,Dubai-f0a4,-12,75,Normal
2026-02-13 14:20:33.916655,Dubai-f0a4,-25,15,Normal
2026-02-13 14:20:34.916655,Dubai-f0a4,2,27,Normal
2026-02-13 14:20:35.916655,Dubai-f0a4,14,85,Normal
2026-02-13 14:20:36.916655,Dubai-f0a4,11,65,Normal
2026-02-13 14:20:37.916655,Dubai-f0a4,-19,38,Normal
2026-02-13 14:20:38.916655,Dubai-f0a4,-18,99,Normal
2026-02-13 14:20:39.916655,Dubai-f0a4,0,81,Normal
2026-02-13 14:20:40.916655,Dubai-f0a4,-20,54,Normal
2026-02-13 14:20:41.916655,Dubai-f0a4,18,17,Normal
2026-02-13 14:20:42.916655,Dubai-f0a4,-11,67,Normal
2026-02-13 14:20:43.916655,Dubai-f0a4,40,87,Normal
2026-02-13 14:20:44.916655,Dubai-f0a4,-17,68,Normal
2026-02-13 14:20:45.916655,Dubai-f0a4,3,10,Normal
2026-02-13 14:20:46.916655,Dubai-f0a4,1,84,Normal
2026-02-13 14:20:47.916655,Dubai-f0a4,-17,35,Normal
2026-02-13 14:20:48.916655,Dubai-f0a4,46,12,Normal
2026-02-13 14:20:49.916655,Dubai-f0a4,10,89,Normal
2026-02-13 14:20:50.916655,Dubai-f0a4,40,9,Normal
2026-02-13 14:20:51.916655,Dubai-f0a4,15,94,Normal
2026-02-13 14:20:52.916655,Dubai-f0a4,15,96,Normal
2026-02-13 14:20:53.916655,Dubai-f0a4,27,37,Normal
2026-02-13 14:20:54.916655,Dubai-f0a4,-30,85,Normal
2026-02-13 14:20:55.916655,Dubai-f0a4,19,45,Normal
2026-02-13 14:20:56.916655,Dubai-f0a4,39,93,Normal
2026-02-13 14:20:57.916655,Dubai-f0a4,33,31,Normal
2026-02-13 14:20:58.916655,Dubai-f0a4,-12,44,Normal
2026-02-13 14:20:59.916655,Dubai-f0a4,-27,75,Normal
2026-02-13 14:21:00.916655,Dubai-f0a4,-28,61,Normal
2026-02-13 14:21:01.916655,Dubai-f0a4,-2,48,Normal
2026-02-13 14:21:02.916655,Dubai-f0a4,25,36,Normal
2026-02-13 14:21:03.916655,Dubai-f0a4,12,17,Normal
2026-02-13 14:21:04.916655,Dubai-f0a4,0,16,Normal
2026-02-13 14:21:05.916655,Dubai-f0a4,27,57,Normal
2026-02-13 14:21:06.916655,Dubai-f0a4,21,77,Normal
2026-02-13 14:21:07.916655,Dubai-f0a4,-8,46,Normal
2026-02-13 14:21:08.916655,Dubai-f0a4,50,62,Normal
2026-02-13 14:21:09.916655,Dubai-f0a4,-19,17,Normal
2026-02-13 14:21:10.916655,Dubai-f0a4,-3,43,Normal
2026-02-13 14:21:11.916655,Dubai-f0a4,19,35,Normal
2026-02-13 14:21:12.916655,Dubai-f0a4,-13,52,Normal
2026-02-13 14:21:13.916655,Dubai-f0a4,27,81,Normal
2026-02-13 14:21:14.916655,Dubai-f0a4,-9,95,Normal
2026-02-13 14:21:15.916655,Dubai-f0a4,37,55,Normal
2026-02-13 14:21:16.916655,Dubai-f0a4,43,100,Normal
2026-02-13 14:21:17.916655,Dubai-f0a4,42,26,Normal
2026-02-13 14:21:18.916655,Dubai-f0a4,50,57,Normal
2026-02-13 14:21:19.916655,Dubai-f0a4,4,95,Normal
2026-02-13 14:21:20.916655,Dubai-f0a4,50,67,Normal
2026-02-13 14:21:21.916655,Dubai-f0a4,28,11,Normal
2026-02-13 14:21:22.916655,Dubai-f0a4,41,36,Normal
2026-02-13 14:21:23.916655,Dubai-f0a4,46,44,Normal
2026-02-13 14:21:24.916655,Dubai-f0a4,-16,37,Normal
2026-02-13 14:21:25.916655,Dubai-f0a4,1,0,Normal
2026-02-13 14:21:26.916655,Dubai-f0a4,8,21,Normal
2026-02-13 14:21:27.916655,Dubai-f0a4,23,80,Normal
2026-02-13 14:21:28.916655,Dubai-f0a4,-24,3,Normal
2026-02-13 14:21:29.916655,Dubai-f0a4,40,46,Normal
2026-02-13 14:21:30.916655,Dubai-f0a4,40,22,Normal
2026-02-13 14:21:31.916655,Dubai-f0a4,33,75,Normal
2026-02-13 14:21:32.916655,Dubai-f0a4,-10,69,Normal
2026-02-13 14:21:33.916655,Dubai-f0a4,10,50,Normal
2026-02-13 14:21:34.916655,Dubai-f0a4,4,8,Normal
2026-02-13 14:21:35.916655,Dubai-f0a4,27,59,Normal
2026-02-13 14:21:36.916655,Dubai-f0a4,-25,83,Normal
2026-02-13 14:21:37.916655,Dubai-f0a4,-26,9,Normal
2026-02-13 14:21:38.916655,Dubai-f0a4,-28,87,Normal
2026-02-13 14:21:39.916655,Dubai-f0a4,-23,10,Normal
2026-02-13 14:21:40.916655,Dubai-f0a4,37,63,Normal
2026-02-13 14:21:41.916655,Dubai-f0a4,-10,78,Normal
2026-02-13 14:21:42.916655,Dubai-f0a4,-4,71,Normal
2026-02-13 14:21:43.916655,Dubai-f0a4,23,49,Normal
2026-02-13 14:21:44.916655,Dubai-f0a4,32,84,Normal
2026-02-13 14:21:45.916655,Dubai-f0a4,40,0,Normal
2026-02-13 14:21:46.916655,Dubai-f0a4,-6,93,Normal
2026-02-13 14:21:47.916655,Dubai-f0a4,-11,72,Normal
2026-02-13 14:21:48.916655,Dubai-f0a4,32,90,Normal
2026-02-13 14:21:49.916655,Dubai-f0a4,44,35,Normal
2026-02-13 14:21:50.916655,Dubai-f0a4,-29,54,Normal
2026-02-13 14:21:51.916655,Dubai-f0a4,29,48,Normal
2026-02-13 14:21:52.916655,Dubai-f0a4,-5,68,Normal
2026-02-13 14:21:53.916655,Dubai-f0a4,11,69,Normal
2026-02-13 14:21:54.916655,Dubai-f0a4,20,24,Normal
2026-02-13 14:21:55.916655,Dubai-f0a4,-10,53,Normal
2026-02-13 14:21:56.916655,Dubai-f0a4,-26,9,Normal
2026-02-13 14:21:57.916655,Dubai-f0a4,40,42,Normal
2026-02-13 14:21:58.916655,Dubai-f0a4,43,91,Normal
2026-02-13 14:21:59.916655,Dubai-f0a4,-18,21,Normal
2026-02-13 14:22:00.916655,Dubai-f0a4,47,51,Normal
2026-02-13 14:22:01.916655,Dubai-f0a4,46,15,Normal
2026-02-13 14:22:02.916655,Dubai-f0a4,43,56,Normal
2026-02-13 14:22:03.916655,Dubai-f0a4,45,98,Normal
2026-02-13 14:22:04.916655,Dubai-f0a4,37,29,Normal
2026-02-13 14:22:05.916655,Dubai-f0a4,21,35,Normal
2026-02-13 14:22:06.916655,Dubai-f0a4,-27,25,Normal
2026-02-13 14:22:07.916655,Dubai-f0a4,41,3,Normal
2026-02-13 14:22:08.916655,Dubai-f0a4,-7,82,Normal
2026-02-13 14:22:09.916655,Dubai-f0a4,28,42,Normal
2026-02-13 14:22:10.916655,Dubai-f0a4,-25,77,Normal
2026-02-13 14:22:11.916655,Dubai-f0a4,40,91,Normal
2026-02-13 14:22:12.916655,Dubai-f0a4,-18,62,Normal
2026-02-13 14:22:13.916655,Dubai-f0a4,-2,33,Normal
2026-02-13 14:22:14.916655,Dubai-f0a4,-26,47,Normal
2026-02-13 14:22:15.916655,Dubai-f0a4,12,62,Normal
2026-02-13 14:22:16.916655,Dubai-f0a4,-8,4,Normal
2026-02-13 14:22:17.916655,Dubai-f0a4,31,45,Normal
2026-02-13 14:22:18.916655,Dubai-f0a4,-9,0,Normal
2026-02-13 14:22:19.916655,Dubai-f0a4,-19,85,Normal
2026-02-13 14:22:20.916655,Dubai-f0a4,34,68,Normal
2026-02-13 14:22:21.916655,Dubai-f0a4,24,69,Normal
2026-02-13 14:22:22.916655,Dubai-f0a4,-7,53,Normal
2026-02-13 14:22:23.916655,Dubai-f0a4,24,19,Normal
2026-02-13 14:22:24.916655,Dubai-f0a4,-9,21,Normal
2026-02-13 14:22:25.916655,Dubai-f0a4,43,57,Normal
2026-02-13 14:22:26.916655,Dubai-f0a4,-6,24,Normal
2026-02-13 14:22:27.916655,Dubai-f0a4,-13,92,Normal
2026-02-13 14:22:28.916655,Dubai-f0a4,-1,90,Normal
2026-02-13 14:22:29.916655,Dubai-f0a4,8,82,Normal
2026-02-13 14:22:30.916655,Dubai-f0a4,-23,33,Normal
2026-02-13 14:22:31.916655,Dubai-f0a4,2,62,Normal
2026-02-13 14:22:32.916655,Dubai-f0a4,13,0,Normal
2026-02-13 14:22:33.916655,Dubai-f0a4,33,46,Normal
2026-02-13 14:22:34.916655,Dubai-f0a4,40,74,Normal
2026-02-13 14:22:35.916655,Dubai-f0a4,16,84,Normal
2026-02-13 14:22:36.916655,Dubai-f0a4,10,19,Normal
2026-02-13 14:22:37.916655,Dubai-f0a4,6,62,Normal
2026-02-13 14:22:38.916655,Dubai-f0a4,-25,70,Normal
2026-02-13 14:22:39.916655,Dubai-f0a4,6,95,Normal
2026-02-13 14:22:40.916655,Dubai-f0a4,13,79,Normal
2026-02-13 14:22:41.916655,Dubai-f0a4,20,6,Normal
2026-02-13 14:22:42.916655,Dubai-f0a4,35,43,Normal
2026-02-13 14:22:43.916655,Dubai-f0a4,25,1,Normal
2026-02-13 14:22:44.916655,Dubai-f0a4,20,63,Normal
2026-02-13 14:22:45.916655,Dubai-f0a4,27,45,Normal
2026-02-13 14:22:46.916655,Dubai-f0a4,35,59,Normal
2026-02-13 14:22:47.916655,Dubai-f0a4,3,49,Normal
2026-02-13 14:22:48.916655,Dubai-f0a4,11,100,Normal
2026-02-13 14:22:49.916655,Dubai-f0a4,12,88,Normal
2026-02-13 14:22:50.916655,Dubai-f0a4,-20,3,Normal
2026-02-13 14:22:51.916655,Dubai-f0a4,48,80,Normal
2026-02-13 14:22:52.916655,Dubai-f0a4,50,62,Normal
2026-02-13 14:22:53.916655,Dubai-f0a4,-13,23,Normal
2026-02-13 14:22:54.916655,Dubai-f0a4,-8,50,Normal
2026-02-13 14:22:55.916655,Dubai-f0a4,17,61,Normal
2026-02-13 14:22:56.916655,Dubai-f0a4,50,70,Normal
2026-02-13 14:22:57.916655,Dubai-f0a4,24,78,Normal
2026-02-13 14:22:58.916655,Dubai-f0a4,2,31,Normal
2026-02-13 14:22:59.916655,Dubai-f0a4,28,82,Normal
2026-02-13 14:23:00.916655,Dubai-f0a4,-17,33,Normal
2026-02-13 14:23:01.916655,Dubai-f0a4,-6,70,Normal
2026-02-13 14:23:02.916655,Dubai-f0a4,-20,0,Normal
2026-02-13 14:23:03.916655,Dubai-f0a4,39,41,Normal
2026-02-13 14:23:04.916655,Dubai-f0a4,-17,73,Normal
2026-02-13 14:23:05.916655,Dubai-f0a4,17,40,Normal
2026-02-13 14:23:06.916655,Dubai-f0a4,37,39,Normal
2026-02-13 14:23:07.916655,Dubai-f0a4,-13,26,Normal
2026-02-13 14:23:08.916655,Dubai-f0a4,17,92,Normal
2026-02-13 14:23:09.916655,Dubai-f0a4,-28,87,Normal
2026-02-13 14:23:10.916655,Dubai-f0a4,33,31,Normal
2026-02-13 14:23:11.916655,Dubai-f0a4,-16,93,Normal
2026-02-13 14:23:12.916655,Dubai-f0a4,-6,29,Normal
2026-02-13 14:23:13.916655,Dubai-f0a4,-2,33,Normal
2026-02-13 14:23:14.916655,Dubai-f0a4,8,97,Normal
2026-02-13 14:23:15.916655,Dubai-f0a4,9,93,Normal
2026-02-13 14:23:16.916655,Dubai-f0a4,17,100,Normal
2026-02-13 14:23:17.916655,Dubai-f0a4,-2,50,Normal
2026-02-13 14:23:18.916655,Dubai-f0a4,24,3,Normal
2026-02-13 14:23:19.916655,Dubai-f0a4,37,65,Normal
2026-02-13 14:23:20.916655,Dubai-f0a4,2,64,Normal
2026-02-13 14:23:21.916655,Dubai-f0a4,43,7,Normal
2026-02-13 14:23:22.916655,Dubai-f0a4,-21,95,Normal
2026-02-13 14:23:23.916655,Dubai-f0a4,8,5,Normal
2026-02-13 14:23:24.916655,Dubai-f0a4,26,40,Normal
2026-02-13 14:23:25.916655,Dubai-f0a4,41,35,Normal
2026-02-13 14:23:26.916655,Dubai-f0a4,9,26,Normal
2026-02-13 14:23:27.916655,Dubai-f0a4,-16,99,Normal
2026-02-13 14:23:28.916655,Dubai-f0a4,-29,38,Normal
2026-02-13 14:23:29.916655,Dubai-f0a4,30,34,Normal
2026-02-13 14:23:30.916655,Dubai-f0a4,36,1,Normal
2026-02-13 14:23:31.916655,Dubai-f0a4,-30,49,Normal
2026-02-13 14:23:32.916655,Dubai-f0a4,6,63,Normal
2026-02-13 14:23:33.916655,Dubai-f0a4,-26,70,Normal
2026-02-13 14:23:34.916655,Dubai-f0a4,-14,1,Normal
2026-02-13 14:23:35.916655,Dubai-f0a4,48,26,Normal
2026-02-13 14:23:36.916655,Dubai-f0a4,28,78,Normal
2026-02-13 14:23:37.916655,Dubai-f0a4,48,66,Normal
2026-02-13 14:23:38.916655,Dubai-f0a4,13,70,Normal
2026-02-13 14:23:39.916655,Dubai-f0a4,-23,6,Normal
2026-02-13 14:23:40.916655,Dubai-f0a4,21,14,Normal
2026-02-13 14:23:41.916655,Dubai-f0a4,-15,68,Normal
2026-02-13 14:23:42.916655,Dubai-f0a4,3,44,Normal
2026-02-13 14:23:43.916655,Dubai-f0a4,46,7,Normal
2026-02-13 14:23:44.916655,Dubai-f0a4,7,66,Normal
2026-02-13 14:23:45.916655,Dubai-f0a4,38,97,Normal
2026-02-13 14:23:46.916655,Dubai-f0a4,30,76,Normal
2026-02-13 14:23:47.916655,Dubai-f0a4,37,12,Normal
2026-02-13 14:23:48.916655,Dubai-f0a4,31,41,Normal
2026-02-13 14:23:49.916655,Dubai-f0a4,-2,4,Normal
2026-02-13 14:23:50.916655,Dubai-f0a4,17,72,Normal
2026-02-13 14:23:51.916655,Dubai-f0a4,-16,58,Normal
2026-02-13 14:23:52.916655,Dubai-f0a4,-2,33,Normal
2026-02-13 14:23:53.916655,Dubai-f0a4,-2,47,Normal
2026-02-13 14:23:54.916655,Dubai-f0a4,6,72,Normal
2026-02-13 14:23:55.916655,Dubai-f0a4,31,13,Normal
2026-02-13 14:23:56.916655,Dubai-f0a4,5,91,Normal
2026-02-13 14:23:57.916655,Dubai-f0a4,0,85,Normal
2026-02-13 14:23:58.916655,Dubai-f0a4,50,68,Normal
2026-02-13 14:23:59.916655,Dubai-f0a4,36,0,Normal
2026-02-13 14:24:00.916655,Dubai-f0a4,-25,86,Normal
2026-02-13 14:24:01.916655,Dubai-f0a4,38,57,Normal
2026-02-13 14:24:02.916655,Dubai-f0a4,-24,35,Normal
2026-02-13 14:24:03.916655,Dubai-f0a4,-14,52,Normal
2026-02-13 14:24:04.916655,Dubai-f0a4,-30,61,Normal
2026-02-13 14:24:05.916655,Dubai-f0a4,-15,84,Normal
2026-02-13 14:24:06.916655,Dubai-f0a4,2,9,Normal
2026-02-13 14:24:07.916655,Dubai-f0a4,-13,53,Normal
2026-02-13 14:24:08.916655,Dubai-f0a4,-12,86,Normal
2026-02-13 14:24:09.916655,Dubai-f0a4,3,25,Normal
2026-02-13 14:24:10.916655,Dubai-f0a4,38,63,Normal
2026-02-13 14:24:11.916655,Dubai-f0a4,4,29,Normal
2026-02-13 14:24:12.916655,Dubai-f0a4,3,7,Normal
2026-02-13 14:24:13.916655,Dubai-f0a4,2,5,Normal
2026-02-13 14:24:14.916655,Dubai-f0a4,-8,31,Normal
2026-02-13 14:24:15.916655,Dubai-f0a4,-7,46,Normal
2026-02-13 14:24:16.916655,Dubai-f0a4,-3,80,Normal
2026-02-13 14:24:17.916655,Dubai-f0a4,39,47,Normal
2026-02-13 14:24:18.916655,Dubai-f0a4,9,0,Normal
2026-02-13 14:24:19.916655,Dubai-f0a4,3,35,Normal
2026-02-13 14:24:20.916655,Dubai-f0a4,-17,97,Normal
2026-02-13 14:24:21.916655,Dubai-f0a4,8,57,Normal
2026-02-13 14:24:22.916655,Dubai-f0a4,-4,80,Normal
2026-02-13 14:24:23.916655,Dubai-f0a4,5,13,Normal
2026-02-13 14:24:24.916655,Dubai-f0a4,1,92,Normal
2026-02-13 14:24:25.916655,Dubai-f0a4,-21,50,Normal
2026-02-13 14:24:26.916655,Dubai-f0a4,-27,29,Normal
2026-02-13 14:24:27.916655,Dubai-f0a4,16,55,Normal
2026-02-13 14:24:28.916655,Dubai-f0a4,26,90,Normal
2026-02-13 14:24:29.916655,Dubai-f0a4,35,82,Normal
2026-02-13 14:24:30.916655,Dubai-f0a4,-28,53,Normal
2026-02-13 14:24:31.916655,Dubai-f0a4,22,19,Normal
2026-02-13 14:24:32.916655,Dubai-f0a4,21,20,Normal
2026-02-13 14:24:33.916655,Dubai-f0a4,10,39,Normal
2026-02-13 14:24:34.916655,Dubai-f0a4,-30,39,Normal
2026-02-13 14:24:35.916655,Dubai-f0a4,18,26,Normal
2026-02-13 14:24:36.916655,Dubai-f0a4,35,71,Normal
2026-02-13 14:24:37.916655,Dubai-f0a4,0,23,Normal
2026-02-13 14:24:38.916655,Dubai-f0a4,-1,64,Normal
2026-02-13 14:24:39.916655,Dubai-f0a4,-15,89,Normal
2026-02-13 14:24:40.916655,Dubai-f0a4,44,12,Normal
2026-02-13 14:24:41.916655,Dubai-f0a4,11,58,Normal
2026-02-13 14:24:42.916655,Dubai-f0a4,44,56,Normal
2026-02-13 14:24:43.916655,Dubai-f0a4,-27,23,Normal
2026-02-13 14:24:44.916655,Dubai-f0a4,-2,71,Normal
2026-02-13 14:24:45.916655,Dubai-f0a4,16,61,Normal
2026-02-13 14:24:46.916655,Dubai-f0a4,12,6,Normal
2026-02-13 14:24:47.916655,Dubai-f0a4,34,74,Normal
2026-02-13 14:24:48.916655,Dubai-f0a4,43,44,Normal
2026-02-13 14:24:49.916655,Dubai-f0a4,4,34,Normal
2026-02-13 14:24:50.916655,Dubai-f0a4,36,69,Normal
2026-02-13 14:24:51.916655,Dubai-f0a4,-18,45,Normal
2026-02-13 14:24:52.916655,Dubai-f0a4,-3,43,Normal
2026-02-13 14:24:53.916655,Dubai-f0a4,-9,70,Normal
2026-02-13 14:24:54.916655,Dubai-f0a4,24,79,Normal
2026-02-13 14:24:55.916655,Dubai-f0a4,-25,87,Normal
2026-02-13 14:24:56.916655,Dubai-f0a4,-23,57,Normal
2026-02-13 14:24:57.916655,Dubai-f0a4,-12,41,Normal
2026-02-13 14:24:58.916655,Dubai-f0a4,-4,43,Normal
2026-02-13 14:24:59.916655,Dubai-f0a4,-29,84,Normal
2026-02-13 14:25:00.916655,Dubai-f0a4,43,22,Normal
2026-02-13 14:25:01.916655,Dubai-f0a4,29,34,Normal
2026-02-13 14:25:02.916655,Dubai-f0a4,-13,84,Normal
2026-02-13 14:25:03.916655,Dubai-f0a4,-11,34,Normal
2026-02-13 14:25:04.916655,Dubai-f0a4,48,10,Normal
2026-02-13 14:25:05.916655,Dubai-f0a4,1,5,Normal
2026-02-13 14:25:06.916655,Dubai-f0a4,41,84,Normal
2026-02-13 14:25:07.916655,Dubai-f0a4,-21,17,Normal
2026-02-13 14:25:08.916655,Dubai-f0a4,45,8,Normal
2026-02-13 14:25:09.916655,Dubai-f0a4,33,26,Normal
2026-02-13 14:25:10.916655,Dubai-f0a4,29,18,Normal
2026-02-13 14:25:11.916655,Dubai-f0a4,22,35,Normal
2026-02-13 14:25:12.916655,Dubai-f0a4,-5,50,Normal
2026-02-13 14:25:13.916655,Dubai-f0a4,-26,78,Normal
2026-02-13 14:25:14.916655,Dubai-f0a4,-22,79,Normal
2026-02-13 14:25:15.916655,Dubai-f0a4,49,46,Normal
2026-02-13 14:25:16.916655,Dubai-f0a4,-18,46,Normal
2026-02-13 14:25:17.916655,Dubai-f0a4,0,58,Normal
2026-02-13 14:25:18.916655,Dubai-f0a4,15,30,Normal
2026-02-13 14:25:19.916655,Dubai-f0a4,-24,11,Normal
2026-02-13 14:25:20.916655,Dubai-f0a4,-14,99,Normal
2026-02-13 14:25:21.916655,Dubai-f0a4,28,90,Normal
2026-02-13 14:25:22.916655,Dubai-f0a4,8,10,Normal
2026-02-13 14:25:23.916655,Dubai-f0a4,-15,95,Normal
2026-02-13 14:25:24.916655,Dubai-f0a4,-26,52,Normal
2026-02-13 14:25:25.916655,Dubai-f0a4,40,67,Normal
2026-02-13 14:25:26.916655,Dubai-f0a4,-5,97,Normal
2026-02-13 14:25:27.916655,Dubai-f0a4,6,95,Normal
2026-02-13 14:25:28.916655,Dubai-f0a4,-16,0,Normal
2026-02-13 14:25:29.916655,Dubai-f0a4,39,82,Normal
2026-02-13 14:25:30.916655,Dubai-f0a4,26,76,Normal
2026-02-13 14:25:31.916655,Dubai-f0a4,-25,72,Normal
2026-02-13 14:25:32.916655,Dubai-f0a4,-7,86,Normal
2026-02-13 14:25:33.916655,Dubai-f0a4,26,37,Normal
2026-02-13 14:25:34.916655,Dubai-f0a4,-23,49,Normal
2026-02-13 14:25:35.916655,Dubai-f0a4,25,24,Normal
2026-02-13 14:25:36.916655,Dubai-f0a4,44,31,Normal
2026-02-13 14:25:37.916655,Dubai-f0a4,38,51,Normal
2026-02-13 14:25:38.916655,Dubai-f0a4,-5,21,Normal
2026-02-13 14:25:39.916655,Dubai-f0a4,17,78,Normal
2026-02-13 14:25:40.916655,Dubai-f0a4,6,45,Normal
2026-02-13 14:25:41.916655,Dubai-f0a4,16,28,Normal
2026-02-13 14:25:42.916655,Dubai-f0a4,-25,0,Normal
2026-02-13 14:25:43.916655,Dubai-f0a4,25,53,Normal
2026-02-13 14:25:44.916655,Dubai-f0a4,-13,33,Normal
2026-02-13 14:25:45.916655,Dubai-f0a4,13,6,Normal
2026-02-13 14:25:46.916655,Dubai-f0a4,-24,94,Normal
2026-02-13 14:25:47.916655,Dubai-f0a4,-19,33,Normal
2026-02-13 14:25:48.916655,Dubai-f0a4,0,28,Normal
2026-02-13 14:25:49.916655,Dubai-f0a4,42,16,Normal
2026-02-13 14:25:50.916655,Dubai-f0a4,28,17,Normal
2026-02-13 14:25:51.916655,Dubai-f0a4,17,55,Normal
2026-02-13 14:25:52.916655,Dubai-f0a4,4,57,Normal
2026-02-13 14:25:53.916655,Dubai-f0a4,-6,0,Normal
2026-02-13 14:25:54.916655,Dubai-f0a4,-8,13,Normal
2026-02-13 14:25:55.916655,Dubai-f0a4,50,0,Normal
2026-02-13 14:25:56.916655,Dubai-f0a4,44,49,Normal
2026-02-13 14:25:57.916655,Dubai-f0a4,-2,57,Normal
2026-02-13 14:25:58.916655,Dubai-f0a4,19,81,Normal
2026-02-13 14:25:59.916655,Dubai-f0a4,1,70,Normal
2026-02-13 14:26:00.916655,Dubai-f0a4,-28,52,Normal
2026-02-13 14:26:01.916655,Dubai-f0a4,-4,14,Normal
2026-02-13 14:26:02.916655,Dubai-f0a4,-20,35,Normal
2026-02-13 14:26:03.916655,Dubai-f0a4,-27,39,Normal
2026-02-13 14:26:04.916655,Dubai-f0a4,17,82,Normal
2026-02-13 14:26:05.916655,Dubai-f0a4,-2,67,Normal
2026-02-13 14:26:06.916655,Dubai-f0a4,11,60,Normal
2026-02-13 14:26:07.916655,Dubai-f0a4,-11,5,Normal
2026-02-13 14:26:08.916655,Dubai-f0a4,40,57,Normal
2026-02-13 14:26:09.916655,Dubai-f0a4,22,74,Normal
2026-02-13 14:26:10.916655,Dubai-f0a4,4,49,Normal
2026-02-13 14:26:11.916655,Dubai-f0a4,36,74,Normal
2026-02-13 14:26:12.916655,Dubai-f0a4,34,83,Normal
2026-02-13 14:26:13.916655,Dubai-f0a4,39,59,Normal
2026-02-13 14:26:14.916655,Dubai-f0a4,20,50,Normal
2026-02-13 14:26:15.916655,Dubai-f0a4,29,3,Normal
2026-02-13 14:26:16.916655,Dubai-f0a4,25,55,Normal
2026-02-13 14:26:17.916655,Dubai-f0a4,28,84,Normal
2026-02-13 14:26:18.916655,Dubai-f0a4,-7,12,Normal
2026-02-13 14:26:19.916655,Dubai-f0a4,9,97,Normal
2026-02-13 14:26:20.916655,Dubai-f0a4,23,7,Normal
2026-02-13 14:26:21.916655,Dubai-f0a4,8,83,Normal
2026-02-13 14:26:22.916655,Dubai-f0a4,-26,76,Normal
2026-02-13 14:26:23.916655,Dubai-f0a4,-24,57,Normal
2026-02-13 14:26:24.916655,Dubai-f0a4,20,76,Normal
2026-02-13 14:26:25.916655,Dubai-f0a4,-7,8,Normal
2026-02-13 14:26:26.916655,Dubai-f0a4,-22,81,Normal
2026-02-13 14:26:27.916655,Dubai-f0a4,-16,11,Normal
2026-02-13 14:26:28.916655,Dubai-f0a4,5,12,Normal
2026-02-13 14:26:29.916655,Dubai-f0a4,-20,83,Normal
2026-02-13 14:26:30.916655,Dubai-f0a4,-29,27,Normal
2026-02-13 14:26:31.916655,Dubai-f0a4,50,55,Normal
2026-02-13 14:26:32.916655,Dubai-f0a4,20,89,Normal
2026-02-13 14:26:33.916655,Dubai-f0a4,-17,29,Normal
2026-02-13 14:26:34.916655,Dubai-f0a4,-26,65,Normal
2026-02-13 14:26:35.916655,Dubai-f0a4,31,77,Normal
2026-02-13 14:26:36.916655,Dubai-f0a4,0,79,Normal
2026-02-13 14:26:37.916655,Dubai-f0a4,-12,37,Normal
2026-02-13 14:26:38.916655,Dubai-f0a4,-23,9,Normal
2026-02-13 14:26:39.916655,Dubai-f0a4,-20,33,Normal
2026-02-13 14:26:40.916655,Dubai-f0a4,41,32,Normal
2026-02-13 14:26:41.916655,Dubai-f0a4,-17,54,Normal
2026-02-13 14:26:42.916655,Dubai-f0a4,48,1,Normal
2026-02-13 14:26:43.916655,Dubai-f0a4,32,26,Normal
2026-02-13 14:26:44.916655,Dubai-f0a4,-24,22,Normal
2026-02-13 14:26:45.916655,Dubai-f0a4,38,18,Normal
2026-02-13 14:26:46.916655,Dubai-f0a4,-17,59,Normal
2026-02-13 14:26:47.916655,Dubai-f0a4,10,84,Normal
2026-02-13 14:26:48.916655,Dubai-f0a4,-10,73,Normal
2026-02-13 14:26:49.916655,Dubai-f0a4,47,81,Normal
2026-02-13 14:26:50.916655,Dubai-f0a4,-26,41,Normal
2026-02-13 14:26:51.916655,Dubai-f0a4,20,38,Normal
2026-02-13 14:26:52.916655,Dubai-f0a4,46,58,Normal
2026-02-13 14:26:53.916655,Dubai-f0a4,25,22,Normal
2026-02-13 14:26:54.916655,Dubai-f0a4,-14,43,Normal
2026-02-13 14:26:55.916655,Dubai-f0a4,28,33,Normal
2026-02-13 14:26:56.916655,Dubai-f0a4,-5,82,Normal
2026-02-13 14:26:57.916655,Dubai-f0a4,36,67,Normal
2026-02-13 14:26:58.916655,Dubai-f0a4,-30,84,Normal
2026-02-13 14:26:59.916655,Dubai-f0a4,42,70,Normal
2026-02-13 14:27:00.916655,Dubai-f0a4,32,82,Normal
2026-02-13 14:27:01.916655,Dubai-f0a4,-30,52,Normal
2026-02-13 14:27:02.916655,Dubai-f0a4,2,24,Normal
2026-02-13 14:27:03.916655,Dubai-f0a4,-20,36,Normal
2026-02-13 14:27:04.916655,Dubai-f0a4,-30,60,Normal
2026-02-13 14:27:05.916655,Dubai-f0a4,-26,47,Normal
2026-02-13 14:27:06.916655,Dubai-f0a4,16,27,Normal
2026-02-13 14:27:07.916655,Dubai-f0a4,-3,97,Normal
2026-02-13 14:27:08.916655,Dubai-f0a4,47,49,Normal
2026-02-13 14:27:09.916655,Dubai-f0a4,-14,85,Normal
2026-02-13 14:27:10.916655,Dubai-f0a4,-15,33,Normal
2026-02-13 14:27:11.916655,Dubai-f0a4,-6,72,Normal
2026-02-13 14:27:12.916655,Dubai-f0a4,27,83,Normal
2026-02-13 14:27:13.916655,Dubai-f0a4,1,62,Normal
2026-02-13 14:27:14.916655,Dubai-f0a4,35,1,Normal
2026-02-13 14:27:15.916655,Dubai-f0a4,10,30,Normal
2026-02-13 14:27:16.916655,Dubai-f0a4,49,87,Normal
2026-02-13 14:27:17.916655,Dubai-f0a4,6,35,Normal
2026-02-13 14:27:18.916655,Dubai-f0a4,-27,0,Normal
2026-02-13 14:27:19.916655,Dubai-f0a4,46,76,Normal
2026-02-13 14:27:20.916655,Dubai-f0a4,22,25,Normal
2026-02-13 14:27:21.916655,Dubai-f0a4,32,89,Normal
2026-02-13 14:27:22.916655,Dubai-f0a4,45,21,Normal
2026-02-13 14:27:23.916655,Dubai-f0a4,18,14,Normal
2026-02-13 14:27:24.916655,Dubai-f0a4,-23,69,Normal
2026-02-13 14:27:25.916655,Dubai-f0a4,36,51,Normal
2026-02-13 14:27:26.916655,Dubai-f0a4,-14,39,Normal
2026-02-13 14:27:27.916655,Dubai-f0a4,6,37,Normal
2026-02-13 14:27:28.916655,Dubai-f0a4,49,39,Normal
2026-02-13 14:27:29.916655,Dubai-f0a4,-3,59,Normal
2026-02-13 14:27:30.916655,Dubai-f0a4,-9,3,Normal
2026-02-13 14:27:31.916655,Dubai-f0a4,7,92,Normal
2026-02-13 14:27:32.916655,Dubai-f0a4,3,79,Normal
2026-02-13 14:27:33.916655,Dubai-f0a4,-18,2,Normal
2026-02-13 14:27:34.916655,Dubai-f0a4,24,22,Normal
2026-02-13 14:27:35.916655,Dubai-f0a4,0,12,Normal
2026-02-13 14:27:36.916655,Dubai-f0a4,4,81,Normal
2026-02-13 14:27:37.916655,Dubai-f0a4,18,85,Normal
2026-02-13 14:27:38.916655,Dubai-f0a4,-30,76,Normal
2026-02-13 14:27:39.916655,Dubai-f0a4,16,67,Normal
2026-02-13 14:27:40.916655,Dubai-f0a4,-8,85,Normal
2026-02-13 14:27:41.916655,Dubai-f0a4,15,57,Normal
2026-02-13 14:27:42.916655,Dubai-f0a4,2,80,Normal
2026-02-13 14:27:43.916655,Dubai-f0a4,22,63,Normal
2026-02-13 14:27:44.916655,Dubai-f0a4,38,46,Normal
2026-02-13 14:27:45.916655,Dubai-f0a4,33,10,Normal
2026-02-13 14:27:46.916655,Dubai-f0a4,4,87,Normal
2026-02-13 14:27:47.916655,Dubai-f0a4,-17,5,Normal
2026-02-13 14:27:48.916655,Dubai-f0a4,-8,79,Normal
2026-02-13 14:27:49.916655,Dubai-f0a4,10,67,Normal
2026-02-13 14:27:50.916655,Dubai-f0a4,-18,30,Normal
2026-02-13 14:27:51.916655,Dubai-f0a4,-18,100,Normal
2026-02-13 14:27:52.916655,Dubai-f0a4,8,53,Normal
2026-02-13 14:27:53.916655,Dubai-f0a4,-9,50,Normal
2026-02-13 14:27:54.916655,Dubai-f0a4,19,46,Normal
2026-02-13 14:27:55.916655,Dubai-f0a4,31,56,Normal
2026-02-13 14:27:56.916655,Dubai-f0a4,-20,6,Normal
2026-02-13 14:27:57.916655,Dubai-f0a4,48,92,Normal
2026-02-13 14:27:58.916655,Dubai-f0a4,-22,77,Normal
2026-02-13 14:27:59.916655,Dubai-f0a4,37,6,Normal
2026-02-13 14:28:00.916655,Dubai-f0a4,36,87,Normal
2026-02-13 14:28:01.916655,Dubai-f0a4,28,59,Normal
2026-02-13 14:28:02.916655,Dubai-f0a4,40,64,Normal
2026-02-13 14:28:03.916655,Dubai-f0a4,12,88,Normal
2026-02-13 14:28:04.916655,Dubai-f0a4,-24,79,Normal
2026-02-13 14:28:05.916655,Dubai-f0a4,-16,98,Normal
2026-02-13 14:28:06.916655,Dubai-f0a4,24,60,Normal
2026-02-13 14:28:07.916655,Dubai-f0a4,22,57,Normal
2026-02-13 14:28:08.916655,Dubai-f0a4,21,31,Normal
2026-02-13 14:28:09.916655,Dubai-f0a4,-25,85,Normal
2026-02-13 14:28:10.916655,Dubai-f0a4,30,15,Normal
2026-02-13 14:28:11.916655,Dubai-f0a4,-23,90,Normal
2026-02-13 14:28:12.916655,Dubai-f0a4,-24,95,Normal
2026-02-13 14:28:13.916655,Dubai-f0a4,-3,55,Normal
2026-02-13 14:28:14.916655,Dubai-f0a4,6,41,Normal
2026-02-13 14:28:15.916655,Dubai-f0a4,-8,23,Normal
2026-02-13 14:28:16.916655,Dubai-f0a4,41,68,Normal
2026-02-13 14:28:17.916655,Dubai-f0a4,5,44,Normal
2026-02-13 14:28:18.916655,Dubai-f0a4,-16,52,Normal
2026-02-13 14:28:19.916655,Dubai-f0a4,28,27,Normal
2026-02-13 14:28:20.916655,Dubai-f0a4,-1,62,Normal
2026-02-13 14:28:21.916655,Dubai-f0a4,-15,40,Normal
2026-02-13 14:28:22.916655,Dubai-f0a4,7,97,Normal
2026-02-13 14:28:23.916655,Dubai-f0a4,29,36,Normal
2026-02-13 14:28:24.916655,Dubai-f0a4,32,88,Normal
2026-02-13 14:28:25.916655,Dubai-f0a4,48,80,Normal
2026-02-13 14:28:26.916655,Dubai-f0a4,-4,63,Normal
2026-02-13 14:28:27.916655,Dubai-f0a4,32,53,Normal
2026-02-13 14:28:28.916655,Dubai-f0a4,-25,87,Normal
2026-02-13 14:28:29.916655,Dubai-f0a4,-14,71,Normal
2026-02-13 14:28:30.916655,Dubai-f0a4,40,1,Normal
2026-02-13 14:28:31.916655,Dubai-f0a4,-25,23,Normal
2026-02-13 14:28:32.916655,Dubai-f0a4,-12,24,Normal
2026-02-13 14:28:33.916655,Dubai-f0a4,37,83,Normal
2026-02-13 14:28:34.916655,Dubai-f0a4,-1,78,Normal
2026-02-13 14:28:35.916655,Dubai-f0a4,42,68,Normal
2026-02-13 14:28:36.916655,Dubai-f0a4,47,48,Normal
2026-02-13 14:28:37.916655,Dubai-f0a4,13,1,Normal
2026-02-13 14:28:38.916655,Dubai-f0a4,28,63,Normal
2026-02-13 14:28:39.916655,Dubai-f0a4,-19,56,Normal
2026-02-13 14:28:40.916655,Dubai-f0a4,-20,56,Normal
2026-02-13 14:28:41.916655,Dubai-f0a4,40,100,Normal
2026-02-13 14:28:42.916655,Dubai-f0a4,-15,44,Normal
2026-02-13 14:28:43.916655,Dubai-f0a4,-3,42,Normal
2026-02-13 14:28:44.916655,Dubai-f0a4,2,27,Normal
2026-02-13 14:28:45.916655,Dubai-f0a4,11,50,Normal
2026-02-13 14:28:46.916655,Dubai-f0a4,36,98,Normal
2026-02-13 14:28:47.916655,Dubai-f0a4,19,23,Normal
2026-02-13 14:28:48.916655,Dubai-f0a4,-22,70,Normal
2026-02-13 14:28:49.916655,Dubai-f0a4,10,17,Normal
2026-02-13 14:28:50.916655,Dubai-f0a4,9,26,Normal
2026-02-13 14:28:51.916655,Dubai-f0a4,-7,11,Normal
2026-02-13 14:28:52.916655,Dubai-f0a4,-15,59,Normal
2026-02-13 14:28:53.916655,Dubai-f0a4,30,6,Normal
2026-02-13 14:28:54.916655,Dubai-f0a4,8,84,Normal
2026-02-13 14:28:55.916655,Dubai-f0a4,49,82,Normal
2026-02-13 14:28:56.916655,Dubai-f0a4,27,57,Normal
2026-02-13 14:28:57.916655,Dubai-f0a4,-16,15,Normal
2026-02-13 14:28:58.916655,Dubai-f0a4,18,88,Normal
2026-02-13 14:28:59.916655,Dubai-f0a4,20,54,Normal
2026-02-13 14:29:00.916655,Dubai-f0a4,16,16,Normal
2026-02-13 14:29:01.916655,Dubai-f0a4,-13,72,Normal
2026-02-13 14:29:02.916655,Dubai-f0a4,2,24,Normal
2026-02-13 14:29:03.916655,Dubai-f0a4,-3,19,Normal
2026-02-13 14:29:04.916655,Dubai-f0a4,42,96,Normal
2026-02-13 14:29:05.916655,Dubai-f0a4,-2,37,Normal
2026-02-13 14:29:06.916655,Dubai-f0a4,-22,63,Normal
2026-02-13 14:29:07.916655,Dubai-f0a4,-25,41,Normal
2026-02-13 14:29:08.916655,Dubai-f0a4,41,4,Normal
2026-02-13 14:29:09.916655,Dubai-f0a4,0,0,Normal
2026-02-13 14:29:10.916655,Dubai-f0a4,-24,38,Normal
2026-02-13 14:29:11.916655,Dubai-f0a4,21,8,Normal
2026-02-13 14:29:12.916655,Dubai-f0a4,34,91,Normal
2026-02-13 14:29:13.916655,Dubai-f0a4,-9,59,Normal
2026-02-13 14:29:14.916655,Dubai-f0a4,-19,17,Normal
2026-02-13 14:29:15.916655,Dubai-f0a4,-26,66,Normal
2026-02-13 14:29:16.916655,Dubai-f0a4,-3,7,Normal
2026-02-13 14:29:17.916655,Dubai-f0a4,47,98,Normal
2026-02-13 14:29:18.916655,Dubai-f0a4,-12,82,Normal
2026-02-13 14:29:19.916655,Dubai-f0a4,-11,64,Normal
2026-02-13 14:29:20.916655,Dubai-f0a4,-12,34,Normal
2026-02-13 14:29:21.916655,Dubai-f0a4,-17,85,Normal
2026-02-13 14:29:22.916655,Dubai-f0a4,46,50,Normal
2026-02-13 14:29:23.916655,Dubai-f0a4,23,28,Normal
2026-02-13 14:29:24.916655,Dubai-f0a4,4,26,Normal
2026-02-13 14:29:25.916655,Dubai-f0a4,-24,66,Normal
2026-02-13 14:29:26.916655,Dubai-f0a4,-30,42,Normal
2026-02-13 14:29:27.916655,Dubai-f0a4,-20,21,Normal
2026-02-13 14:29:28.916655,Dubai-f0a4,-27,45,Normal
2026-02-13 14:29:29.916655,Dubai-f0a4,10,20,Normal
2026-02-13 14:29:30.916655,Dubai-f0a4,-18,53,Normal
2026-02-13 14:29:31.916655,Dubai-f0a4,38,3,Normal
2026-02-13 14:29:32.916655,Dubai-f0a4,42,95,Normal
2026-02-13 14:29:33.916655,Dubai-f0a4,-26,86,Normal
2026-02-13 14:29:34.916655,Dubai-f0a4,35,36,Normal
2026-02-13 14:29:35.916655,Dubai-f0a4,11,98,Normal
2026-02-13 14:29:36.916655,Dubai-f0a4,-7,91,Normal
2026-02-13 14:29:37.916655,Dubai-f0a4,31,50,Normal
2026-02-13 14:29:38.916655,Dubai-f0a4,3,17,Normal
2026-02-13 14:29:39.916655,Dubai-f0a4,46,80,Normal
2026-02-13 14:29:40.916655,Dubai-f0a4,6,26,Normal
2026-02-13 14:29:41.916655,Dubai-f0a4,46,75,Normal
2026-02-13 14:29:42.916655,Dubai-f0a4,44,73,Normal
2026-02-13 14:29:43.916655,Dubai-f0a4,0,35,Normal
2026-02-13 14:29:44.916655,Dubai-f0a4,49,58,Normal
2026-02-13 14:29:45.916655,Dubai-f0a4,46,79,Normal
2026-02-13 14:29:46.916655,Dubai-f0a4,22,97,Normal
2026-02-13 14:29:47.916655,Dubai-f0a4,-10,0,Normal
2026-02-13 14:29:48.916655,Dubai-f0a4,-12,56,Normal
2026-02-13 14:29:49.916655,Dubai-f0a4,13,81,Normal
2026-02-13 14:29:50.916655,Dubai-f0a4,40,64,Normal
2026-02-13 14:29:51.916655,Dubai-f0a4,41,97,Normal
2026-02-13 14:29:52.916655,Dubai-f0a4,-6,16,Normal
2026-02-13 14:29:53.916655,Dubai-f0a4,42,69,Normal
2026-02-13 14:29:54.916655,Dubai-f0a4,-13,17,Normal
2026-02-13 14:29:55.916655,Dubai-f0a4,32,61,Normal
2026-02-13 14:29:56.916655,Dubai-f0a4,-4,79,Normal
2026-02-13 14:29:57.916655,Dubai-f0a4,46,56,Normal
2026-02-13 14:29:58.916655,Dubai-f0a4,49,18,Normal
2026-02-13 14:29:59.916655,Dubai-f0a4,22,50,Normal
2026-02-13 14:30:00.916655,Dubai-f0a4,-23,0,Normal
2026-02-13 14:30:01.916655,Dubai-f0a4,15,91,Normal
2026-02-13 14:30:02.916655,Dubai-f0a4,16,62,Normal
2026-02-13 14:30:03.916655,Dubai-f0a4,15,93,Normal
2026-02-13 14:30:04.916655,Dubai-f0a4,31,91,Normal
2026-02-13 14:30:05.916655,Dubai-f0a4,13,53,Normal
2026-02-13 14:30:06.916655,Dubai-f0a4,-28,47,Normal
2026-02-13 14:30:07.916655,Dubai-f0a4,-8,25,Normal
2026-02-13 14:30:08.916655,Dubai-f0a4,4,56,Normal
2026-02-13 14:30:09.916655,Dubai-f0a4,7,74,Normal
2026-02-13 14:30:10.916655,Dubai-f0a4,-26,36,Normal
2026-02-13 14:30:11.916655,Dubai-f0a4,23,23,Normal
2026-02-13 14:30:12.916655,Dubai-f0a4,-4,71,Normal
2026-02-13 14:30:13.916655,Dubai-f0a4,9,48,Normal
2026-02-13 14:30:14.916655,Dubai-f0a4,26,23,Normal
2026-02-13 14:30:15.916655,Dubai-f0a4,10,48,Normal
2026-02-13 14:30:16.916655,Dubai-f0a4,25,51,Normal
2026-02-13 14:30:17.916655,Dubai-f0a4,14,70,Normal
2026-02-13 14:30:18.916655,Dubai-f0a4,32,49,Normal
2026-02-13 14:30:19.916655,Dubai-f0a4,40,5,Normal
2026-02-13 14:30:20.916655,Dubai-f0a4,25,4,Normal
2026-02-13 14:30:21.916655,Dubai-f0a4,-22,42,Normal
2026-02-13 14:30:22.916655,Dubai-f0a4,-24,10,Normal
2026-02-13 14:30:23.916655,Dubai-f0a4,15,10,Normal
2026-02-13 14:30:24.916655,Dubai-f0a4,34,52,Normal
2026-02-13 14:30:25.916655,Dubai-f0a4,5,14,Normal
2026-02-13 14:30:26.916655,Dubai-f0a4,3,1,Normal
2026-02-13 14:30:27.916655,Dubai-f0a4,-10,63,Normal
2026-02-13 14:30:28.916655,Dubai-f0a4,45,60,Normal
2026-02-13 14:30:29.916655,Dubai-f0a4,-30,42,Normal
2026-02-13 14:30:30.916655,Dubai-f0a4,39,77,Normal
2026-02-13 14:30:31.916655,Dubai-f0a4,6,55,Normal
2026-02-13 14:30:32.916655,Dubai-f0a4,21,27,Normal
2026-02-13 14:30:33.916655,Dubai-f0a4,-6,23,Normal
2026-02-13 14:30:34.916655,Dubai-f0a4,10,77,Normal
2026-02-13 14:30:35.916655,Dubai-f0a4,42,91,Normal
2026-02-13 14:30:36.916655,Dubai-f0a4,-17,27,Normal
2026-02-13 14:30:37.916655,Dubai-f0a4,-20,88,Normal
2026-02-13 14:30:38.916655,Dubai-f0a4,-10,37,Normal
2026-02-13 14:30:39.916655,Dubai-f0a4,14,35,Normal
2026-02-13 14:30:40.916655,Dubai-f0a4,-20,6,Normal
2026-02-13 14:30:41.916655,Dubai-f0a4,47,56,Normal
2026-02-13 14:30:42.916655,Dubai-f0a4,-3,75,Normal
2026-02-13 14:30:43.916655,Dubai-f0a4,34,64,Normal
2026-02-13 14:30:44.916655,Dubai-f0a4,41,0,Normal
2026-02-13 14:30:45.916655,Dubai-f0a4,31,96,Normal
2026-02-13 14:30:46.916655,Dubai-f0a4,7,50,Normal
2026-02-13 14:30:47.916655,Dubai-f0a4,30,23,Normal
2026-02-13 14:30:48.916655,Dubai-f0a4,-29,6,Normal
2026-02-13 14:30:49.916655,Dubai-f0a4,21,22,Normal
2026-02-13 14:30:50.916655,Dubai-f0a4,-7,32,Normal
2026-02-13 14:30:51.916655,Dubai-f0a4,39,2,Normal
2026-02-13 14:30:52.916655,Dubai-f0a4,5,32,Normal
2026-02-13 14:30:53.916655,Dubai-f0a4,-20,39,Normal
2026-02-13 14:30:54.916655,Dubai-f0a4,27,61,Normal
2026-02-13 14:30:55.916655,Dubai-f0a4,31,47,Normal
2026-02-13 14:30:56.916655,Dubai-f0a4,-30,53,Normal
2026-02-13 14:30:57.916655,Dubai-f0a4,7,72,Normal
2026-02-13 14:30:58.916655,Dubai-f0a4,48,97,Normal
2026-02-13 14:30:59.916655,Dubai-f0a4,1,0,Normal
2026-02-13 14:31:00.916655,Dubai-f0a4,33,41,Normal
2026-02-13 14:31:01.916655,Dubai-f0a4,-14,58,Normal
2026-02-13 14:31:02.916655,Dubai-f0a4,16,81,Normal
2026-02-13 14:31:03.916655,Dubai-f0a4,47,34,Normal
2026-02-13 14:31:04.916655,Dubai-f0a4,23,57,Normal
2026-02-13 14:31:05.916655,Dubai-f0a4,5,26,Normal
2026-02-13 14:31:06.916655,Dubai-f0a4,22,25,Normal
2026-02-13 14:31:07.916655,Dubai-f0a4,50,24,Normal
2026-02-13 14:31:08.916655,Dubai-f0a4,-11,42,Normal
2026-02-13 14:31:09.916655,Dubai-f0a4,31,81,Normal
2026-02-13 14:31:10.916655,Dubai-f0a4,20,66,Normal
2026-02-13 14:31:11.916655,Dubai-f0a4,29,62,Normal
2026-02-13 14:31:12.916655,Dubai-f0a4,-11,9,Normal
2026-02-13 14:31:13.916655,Dubai-f0a4,-30,55,Normal
2026-02-13 14:31:14.916655,Dubai-f0a4,-16,20,Normal
2026-02-13 14:31:15.916655,Dubai-f0a4,-1,33,Normal
2026-02-13 14:31:16.916655,Dubai-f0a4,16,2,Normal
2026-02-13 14:31:17.916655,Dubai-f0a4,7,30,Normal
2026-02-13 14:31:18.916655,Dubai-f0a4,-13,77,Normal
2026-02-13 14:31:19.916655,Dubai-f0a4,16,62,Normal
2026-02-13 14:31:20.916655,Dubai-f0a4,5,60,Normal
2026-02-13 14:31:21.916655,Dubai-f0a4,-16,88,Normal
2026-02-13 14:31:22.916655,Dubai-f0a4,-20,7,Normal
2026-02-13 14:31:23.916655,Dubai-f0a4,46,67,Normal
2026-02-13 14:31:24.916655,Dubai-f0a4,44,46,Normal
2026-02-13 14:31:25.916655,Dubai-f0a4,1,24,Normal
2026-02-13 14:31:26.916655,Dubai-f0a4,7,89,Normal
2026-02-13 14:31:27.916655,Dubai-f0a4,-29,22,Normal
2026-02-13 14:31:28.916655,Dubai-f0a4,4,88,Normal
2026-02-13 14:31:29.916655,Dubai-f0a4,48,21,Normal
2026-02-13 14:31:30.916655,Dubai-f0a4,17,47,Normal
2026-02-13 14:31:31.916655,Dubai-f0a4,-10,90,Normal
2026-02-13 14:31:32.916655,Dubai-f0a4,31,52,Normal
2026-02-13 14:31:33.916655,Dubai-f0a4,46,26,Normal
2026-02-13 14:31:34.916655,Dubai-f0a4,0,18,Normal
2026-02-13 14:31:35.916655,Dubai-f0a4,-13,55,Normal
2026-02-13 14:31:36.916655,Dubai-f0a4,-6,44,Normal
2026-02-13 14:31:37.916655,Dubai-f0a4,39,40,Normal
2026-02-13 14:31:38.916655,Dubai-f0a4,-28,90,Normal
2026-02-13 14:31:39.916655,Dubai-f0a4,43,3,Normal
2026-02-13 14:31:40.916655,Dubai-f0a4,-13,18,Normal
2026-02-13 14:31:41.916655,Dubai-f0a4,6,31,Normal
2026-02-13 14:31:42.916655,Dubai-f0a4,33,1,Normal
2026-02-13 14:31:43.916655,Dubai-f0a4,0,55,Normal
2026-02-13 14:31:44.916655,Dubai-f0a4,-17,77,Normal
2026-02-13 14:31:45.916655,Dubai-f0a4,-12,63,Normal
2026-02-13 14:31:46.916655,Dubai-f0a4,15,12,Normal
2026-02-13 14:31:47.916655,Dubai-f0a4,-22,30,Normal
2026-02-13 14:31:48.916655,Dubai-f0a4,10,40,Normal
2026-02-13 14:31:49.916655,Dubai-f0a4,26,12,Normal
2026-02-13 14:31:50.916655,Dubai-f0a4,1,75,Normal
2026-02-13 14:31:51.916655,Dubai-f0a4,11,68,Normal
2026-02-13 14:31:52.916655,Dubai-f0a4,2,12,Normal
2026-02-13 14:31:53.916655,Dubai-f0a4,-25,80,Normal
2026-02-13 14:31:54.916655,Dubai-f0a4,-11,33,Normal
2026-02-13 14:31:55.916655,Dubai-f0a4,6,8,Normal
2026-02-13 14:31:56.916655,Dubai-f0a4,18,76,Normal
2026-02-13 14:31:57.916655,Dubai-f0a4,41,79,Normal
2026-02-13 14:31:58.916655,Dubai-f0a4,10,53,Normal
2026-02-13 14:31:59.916655,Dubai-f0a4,13,61,Normal
2026-02-13 14:32:00.916655,Dubai-f0a4,-8,7,Normal
2026-02-13 14:32:01.916655,Dubai-f0a4,39,8,Normal
2026-02-13 14:32:02.916655,Dubai-f0a4,1,26,Normal
2026-02-13 14:32:03.916655,Dubai-f0a4,36,27,Normal
2026-02-13 14:32:04.916655,Dubai-f0a4,48,98,Normal
2026-02-13 14:32:05.916655,Dubai-f0a4,27,59,Normal
2026-02-13 14:32:06.916655,Dubai-f0a4,-10,31,Normal
2026-02-13 14:32:07.916655,Dubai-f0a4,10,75,Normal
2026-02-13 14:32:08.916655,Dubai-f0a4,-5,79,Normal
2026-02-13 14:32:09.916655,Dubai-f0a4,-15,45,Normal
2026-02-13 14:32:10.916655,Dubai-f0a4,4,15,Normal
2026-02-13 14:32:11.916655,Dubai-f0a4,2,25,Normal
2026-02-13 14:32:12.916655,Dubai-f0a4,-28,6,Normal
2026-02-13 14:32:13.916655,Dubai-f0a4,36,17,Normal
2026-02-13 14:32:14.916655,Dubai-f0a4,27,48,Normal
2026-02-13 14:32:15.916655,Dubai-f0a4,39,98,Normal
2026-02-13 14:32:16.916655,Dubai-f0a4,45,96,Normal
2026-02-13 14:32:17.916655,Dubai-f0a4,29,0,Normal
2026-02-13 14:32:18.916655,Dubai-f0a4,-22,15,Normal
2026-02-13 14:32:19.916655,Dubai-f0a4,0,71,Normal
2026-02-13 14:32:20.916655,Dubai-f0a4,-17,65,Normal
2026-02-13 14:32:21.916655,Dubai-f0a4,43,52,Normal
