timestamp,station_id,temp,humid,condition
2026-02-12 00:00:09.773361,Toronto-fa8a,-6,91,Normal
2026-02-12 00:00:10.773361,Toronto-fa8a,8,63,Normal
2026-02-12 00:00:11.773361,Toronto-fa8a,42,10,Normal
2026-02-12 00:00:12.773361,Toronto-fa8a,38,61,Normal
2026-02-12 00:00:13.773361,Toronto-fa8a,-20,78,Normal
2026-02-12 00:00:14.773361,Toronto-fa8a,28,52,Normal
2026-02-12 00:00:15.773361,Toronto-fa8a,2,33,Normal
2026-02-12 00:00:16.773361,Toronto-fa8a,30,7,Normal
2026-02-12 00:00:17.773361,Toronto-fa8a,-9,94,Normal
2026-02-12 00:00:18.773361,Toronto-fa8a,-10,67,Normal
2026-02-12 00:00:19.773361,Toronto-fa8a,37,20,Normal
2026-02-12 00:00:20.773361,Toronto-fa8a,34,90,Normal
2026-02-12 00:00:21.773361,Toronto-fa8a,1,60,Normal
2026-02-12 00:00:22.773361,Toronto-fa8a,24,22,Normal
2026-02-12 00:00:23.773361,Toronto-fa8a,20,41,Normal
2026-02-12 00:00:24.773361,Toronto-fa8a,-7,6,Normal
2026-02-12 00:00:25.773361,Toronto-fa8a,16,1,Normal
2026-02-12 00:00:26.773361,Toronto-fa8a,28,49,Normal
2026-02-12 00:00:27.773361,Toronto-fa8a,-4,92,Normal
2026-02-12 00:00:28.773361,Toronto-fa8a,21,66,Normal
2026-02-12 00:00:29.773361,Toronto-fa8a,47,3,Normal
2026-02-12 00:00:30.773361,Toronto-fa8a,12,13,Normal
2026-02-12 00:00:31.773361,Toronto-fa8a,-13,0,Normal
2026-02-12 00:00:32.773361,Toronto-fa8a,-25,90,Normal
2026-02-12 00:00:33.773361,Toronto-fa8a,-15,80,Normal
2026-02-12 00:00:34.773361,Toronto-fa8a,-1,28,Normal
2026-02-12 00:00:35.773361,Toronto-fa8a,36,30,Normal
2026-02-12 00:00:36.773361,Toronto-fa8a,-9,57,Normal
2026-02-12 00:00:37.773361,Toronto-fa8a,-10,33,Normal
2026-02-12 00:00:38.773361,Toronto-fa8a,-21,87,Normal
2026-02-12 00:00:39.773361,Toronto-fa8a,12,2,Normal
2026-02-12 00:00:40.773361,Toronto-fa8a,-7,60,Normal
2026-02-12 00:00:41.773361,Toronto-fa8a,24,38,Normal
2026-02-12 00:00:42.773361,Toronto-fa8a,28,62,Normal
2026-02-12 00:00:43.773361,Toronto-fa8a,-2,50,Normal
2026-02-12 00:00:44.773361,Toronto-fa8a,13,47,Normal
2026-02-12 00:00:45.773361,Toronto-fa8a,-8,68,Normal
2026-02-12 00:00:46.773361,Toronto-fa8a,45,77,Normal
2026-02-12 00:00:47.773361,Toronto-fa8a,-6,97,Normal
2026-02-12 00:00:48.773361,Toronto-fa8a,0,69,Normal
2026-02-12 00:00:49.773361,Toronto-fa8a,-22,9,Normal
2026-02-12 00:00:50.773361,Toronto-fa8a,-25,95,Normal
2026-02-12 00:00:51.773361,Toronto-fa8a,-15,10,Normal
2026-02-12 00:00:52.773361,Toronto-fa8a,-20,2,Normal
2026-02-12 00:00:53.773361,Toronto-fa8a,-27,28,Normal
2026-02-12 00:00:54.773361,Toronto-fa8a,3,87,Normal
2026-02-12 00:00:55.773361,Toronto-fa8a,-5,0,Normal
2026-02-12 00:00:56.773361,Toronto-fa8a,17,25,Normal
2026-02-12 00:00:57.773361,Toronto-fa8a,22,57,Normal
2026-02-12 00:00:58.773361,Toronto-fa8a,16,86,Normal
2026-02-12 00:00:59.773361,Toronto-fa8a,50,98,Normal
2026-02-12 00:01:00.773361,Toronto-fa8a,-11,66,Normal
2026-02-12 00:01:01.773361,Toronto-fa8a,-7,42,Normal
2026-02-12 00:01:02.773361,Toronto-fa8a,42,34,Normal
2026-02-12 00:01:03.773361,Toronto-fa8a,16,84,Normal
2026-02-12 00:01:04.773361,Toronto-fa8a,-15,75,Normal
2026-02-12 00:01:05.773361,Toronto-fa8a,-8,24,Normal
2026-02-12 00:01:06.773361,Toronto-fa8a,48,53,Normal
2026-02-12 00:01:07.773361,Toronto-fa8a,10,35,Normal
2026-02-12 00:01:08.773361,Toronto-fa8a,-29,52,Normal
2026-02-12 00:01:09.773361,Toronto-fa8a,1,95,Normal
2026-02-12 00:01:10.773361,Toronto-fa8a,19,42,Normal
2026-02-12 00:01:11.773361,Toronto-fa8a,-13,73,Normal
2026-02-12 00:01:12.773361,Toronto-fa8a,-13,11,Normal
2026-02-12 00:01:13.773361,Toronto-fa8a,48,42,Normal
2026-02-12 00:01:14.773361,Toronto-fa8a,15,0,Normal
2026-02-12 00:01:15.773361,Toronto-fa8a,44,10,Normal
2026-02-12 00:01:16.773361,Toronto-fa8a,-4,22,Normal
2026-02-12 00:01:17.773361,Toronto-fa8a,43,28,Normal
2026-02-12 00:01:18.773361,Toronto-fa8a,35,50,Normal
2026-02-12 00:01:19.773361,Toronto-fa8a,45,69,Normal
2026-02-12 00:01:20.773361,Toronto-fa8a,40,66,Normal
2026-02-12 00:01:21.773361,Toronto-fa8a,-25,8,Normal
2026-02-12 00:01:22.773361,Toronto-fa8a,-23,72,Normal
2026-02-12 00:01:23.773361,Toronto-fa8a,-24,18,Normal
2026-02-12 00:01:24.773361,Toronto-fa8a,2,66,Normal
2026-02-12 00:01:25.773361,Toronto-fa8a,29,77,Normal
2026-02-12 00:01:26.773361,Toronto-fa8a,-20,70,Normal
2026-02-12 00:01:27.773361,Toronto-fa8a,-17,96,Normal
2026-02-12 00:01:28.773361,Toronto-fa8a,28,2,Normal
2026-02-12 00:01:29.773361,Toronto-fa8a,20,83,Normal
2026-02-12 00:01:30.773361,Toronto-fa8a,45,14,Normal
2026-02-12 00:01:31.773361,Toronto-fa8a,8,95,Normal
2026-02-12 00:01:32.773361,Toronto-fa8a,29,58,Normal
2026-02-12 00:01:33.773361,Toronto-fa8a,-25,14,Normal
2026-02-12 00:01:34.773361,Toronto-fa8a,35,35,Normal
2026-02-12 00:01:35.773361,Toronto-fa8a,26,100,Normal
2026-02-12 00:01:36.773361,Toronto-fa8a,-24,19,Normal
2026-02-12 00:01:37.773361,Toronto-fa8a,1,97,Normal
2026-02-12 00:01:38.773361,Toronto-fa8a,-5,81,Normal
2026-02-12 00:01:39.773361,Toronto-fa8a,7,32,Normal
2026-02-12 00:01:40.773361,Toronto-fa8a,2,86,Normal
2026-02-12 00:01:41.773361,Toronto-fa8a,-24,96,Normal
2026-02-12 00:01:42.773361,Toronto-fa8a,45,39,Normal
2026-02-12 00:01:43.773361,Toronto-fa8a,-8,91,Normal
2026-02-12 00:01:44.773361,Toronto-fa8a,22,8,Normal
2026-02-12 00:01:45.773361,Toronto-fa8a,-2,64,Normal
2026-02-12 00:01:46.773361,Toronto-fa8a,16,85,Normal
2026-02-12 00:01:47.773361,Toronto-fa8a,-16,21,Normal
2026-02-12 00:01:48.773361,Toronto-fa8a,34,51,Normal
2026-02-12 00:01:49.773361,Toronto-fa8a,-26,37,Normal
2026-02-12 00:01:50.773361,Toronto-fa8a,23,98,Normal
2026-02-12 00:01:51.773361,Toronto-fa8a,47,70,Normal
2026-02-12 00:01:52.773361,Toronto-fa8a,36,55,Normal
2026-02-12 00:01:53.773361,Toronto-fa8a,15,80,Normal
2026-02-12 00:01:54.773361,Toronto-fa8a,30,74,Normal
2026-02-12 00:01:55.773361,Toronto-fa8a,44,30,Normal
2026-02-12 00:01:56.773361,Toronto-fa8a,25,30,Normal
2026-02-12 00:01:57.773361,Toronto-fa8a,-4,64,Normal
2026-02-12 00:01:58.773361,Toronto-fa8a,14,64,Normal
2026-02-12 00:01:59.773361,Toronto-fa8a,47,95,Normal
2026-02-12 00:02:00.773361,Toronto-fa8a,37,27,Normal
2026-02-12 00:02:01.773361,Toronto-fa8a,45,62,Normal
2026-02-12 00:02:02.773361,Toronto-fa8a,29,64,Normal
2026-02-12 00:02:03.773361,Toronto-fa8a,50,20,Normal
2026-02-12 00:02:04.773361,Toronto-fa8a,28,64,Normal
2026-02-12 00:02:05.773361,Toronto-fa8a,47,50,Normal
2026-02-12 00:02:06.773361,Toronto-fa8a,-4,58,Normal
2026-02-12 00:02:07.773361,Toronto-fa8a,27,48,Normal
2026-02-12 00:02:08.773361,Toronto-fa8a,-26,2,Normal
2026-02-12 00:02:09.773361,Toronto-fa8a,8,2,Normal
2026-02-12 00:02:10.773361,Toronto-fa8a,34,35,Normal
2026-02-12 00:02:11.773361,Toronto-fa8a,6,69,Normal
2026-02-12 00:02:12.773361,Toronto-fa8a,12,78,Normal
2026-02-12 00:02:13.773361,Toronto-fa8a,37,88,Normal
2026-02-12 00:02:14.773361,Toronto-fa8a,-17,83,Normal
2026-02-12 00:02:15.773361,Toronto-fa8a,-27,42,Normal
2026-02-12 00:02:16.773361,Toronto-fa8a,12,93,Normal
2026-02-12 00:02:17.773361,Toronto-fa8a,13,3,Normal
2026-02-12 00:02:18.773361,Toronto-fa8a,24,25,Normal
2026-02-12 00:02:19.773361,Toronto-fa8a,2,96,Normal
2026-02-12 00:02:20.773361,Toronto-fa8a,-26,69,Normal
2026-02-12 00:02:21.773361,Toronto-fa8a,13,51,Normal
2026-02-12 00:02:22.773361,Toronto-fa8a,48,93,Normal
2026-02-12 00:02:23.773361,Toronto-fa8a,47,32,Normal
2026-02-12 00:02:24.773361,Toronto-fa8a,48,6,Normal
2026-02-12 00:02:25.773361,Toronto-fa8a,-13,3,Normal
2026-02-12 00:02:26.773361,Toronto-fa8a,2,77,Normal
2026-02-12 00:02:27.773361,Toronto-fa8a,-21,90,Normal
2026-02-12 00:02:28.773361,Toronto-fa8a,-5,78,Normal
2026-02-12 00:02:29.773361,Toronto-fa8a,-9,87,Normal
2026-02-12 00:02:30.773361,Toronto-fa8a,4,26,Normal
2026-02-12 00:02:31.773361,Toronto-fa8a,16,70,Normal
2026-02-12 00:02:32.773361,Toronto-fa8a,14,22,Normal
2026-02-12 00:02:33.773361,Toronto-fa8a,-21,2,Normal
2026-02-12 00:02:34.773361,Toronto-fa8a,28,65,Normal
2026-02-12 00:02:35.773361,Toronto-fa8a,23,93,Normal
2026-02-12 00:02:36.773361,Toronto-fa8a,-25,18,Normal
2026-02-12 00:02:37.773361,Toronto-fa8a,6,62,Normal
2026-02-12 00:02:38.773361,Toronto-fa8a,30,14,Normal
2026-02-12 00:02:39.773361,Toronto-fa8a,-21,42,Normal
2026-02-12 00:02:40.773361,Toronto-fa8a,-2,50,Normal
2026-02-12 00:02:41.773361,Toronto-fa8a,29,26,Normal
2026-02-12 00:02:42.773361,Toronto-fa8a,34,29,Normal
2026-02-12 00:02:43.773361,Toronto-fa8a,20,10,Normal
2026-02-12 00:02:44.773361,Toronto-fa8a,18,99,Normal
2026-02-12 00:02:45.773361,Toronto-fa8a,30,22,Normal
2026-02-12 00:02:46.773361,Toronto-fa8a,-28,43,Normal
2026-02-12 00:02:47.773361,Toronto-fa8a,-1,8,Normal
2026-02-12 00:02:48.773361,Toronto-fa8a,27,70,Normal
2026-02-12 00:02:49.773361,Toronto-fa8a,-7,84,Normal
2026-02-12 00:02:50.773361,Toronto-fa8a,26,39,Normal
2026-02-12 00:02:51.773361,Toronto-fa8a,-17,55,Normal
2026-02-12 00:02:52.773361,Toronto-fa8a,43,75,Normal
2026-02-12 00:02:53.773361,Toronto-fa8a,7,99,Normal
2026-02-12 00:02:54.773361,Toronto-fa8a,-30,88,Normal
2026-02-12 00:02:55.773361,Toronto-fa8a,-7,93,Normal
2026-02-12 00:02:56.773361,Toronto-fa8a,44,74,Normal
2026-02-12 00:02:57.773361,Toronto-fa8a,50,99,Normal
2026-02-12 00:02:58.773361,Toronto-fa8a,-20,0,Normal
2026-02-12 00:02:59.773361,Toronto-fa8a,2,50,Normal
2026-02-12 00:03:00.773361,Toronto-fa8a,38,97,Normal
2026-02-12 00:03:01.773361,Toronto-fa8a,-4,93,Normal
2026-02-12 00:03:02.773361,Toronto-fa8a,24,25,Normal
2026-02-12 00:03:03.773361,Toronto-fa8a,2,68,Normal
2026-02-12 00:03:04.773361,Toronto-fa8a,27,20,Normal
2026-02-12 00:03:05.773361,Toronto-fa8a,10,63,Normal
2026-02-12 00:03:06.773361,Toronto-fa8a,48,59,Normal
2026-02-12 00:03:07.773361,Toronto-fa8a,-4,76,Normal
2026-02-12 00:03:08.773361,Toronto-fa8a,-29,83,Normal
2026-02-12 00:03:09.773361,Toronto-fa8a,-1,82,Normal
2026-02-12 00:03:10.773361,Toronto-fa8a,49,100,Normal
2026-02-12 00:03:11.773361,Toronto-fa8a,45,37,Normal
2026-02-12 00:03:12.773361,Toronto-fa8a,19,66,Normal
2026-02-12 00:03:13.773361,Toronto-fa8a,-6,65,Normal
2026-02-12 00:03:14.773361,Toronto-fa8a,-27,14,Normal
2026-02-12 00:03:15.773361,Toronto-fa8a,41,17,Normal
2026-02-12 00:03:16.773361,Toronto-fa8a,-3,28,Normal
2026-02-12 00:03:17.773361,Toronto-fa8a,49,40,Normal
2026-02-12 00:03:18.773361,Toronto-fa8a,-6,28,Normal
2026-02-12 00:03:19.773361,Toronto-fa8a,30,33,Normal
2026-02-12 00:03:20.773361,Toronto-fa8a,42,33,Normal
2026-02-12 00:03:21.773361,Toronto-fa8a,-25,73,Normal
2026-02-12 00:03:22.773361,Toronto-fa8a,-26,45,Normal
2026-02-12 00:03:23.773361,Toronto-fa8a,21,86,Normal
2026-02-12 00:03:24.773361,Toronto-fa8a,-29,30,Normal
2026-02-12 00:03:25.773361,Toronto-fa8a,26,32,Normal
2026-02-12 00:03:26.773361,Toronto-fa8a,11,67,Normal
2026-02-12 00:03:27.773361,Toronto-fa8a,-18,62,Normal
2026-02-12 00:03:28.773361,Toronto-fa8a,0,83,Normal
2026-02-12 00:03:29.773361,Toronto-fa8a,40,61,Normal
2026-02-12 00:03:30.773361,Toronto-fa8a,17,69,Normal
2026-02-12 00:03:31.773361,Toronto-fa8a,-30,59,Normal
2026-02-12 00:03:32.773361,Toronto-fa8a,20,72,Normal
2026-02-12 00:03:33.773361,Toronto-fa8a,41,8,Normal
2026-02-12 00:03:34.773361,Toronto-fa8a,49,28,Normal
2026-02-12 00:03:35.773361,Toronto-fa8a,37,14,Normal
2026-02-12 00:03:36.773361,Toronto-fa8a,2,61,Normal
2026-02-12 00:03:37.773361,Toronto-fa8a,18,45,Normal
2026-02-12 00:03:38.773361,Toronto-fa8a,31,85,Normal
2026-02-12 00:03:39.773361,Toronto-fa8a,-14,30,Normal
2026-02-12 00:03:40.773361,Toronto-fa8a,32,98,Normal
2026-02-12 00:03:41.773361,Toronto-fa8a,-30,5,Normal
2026-02-12 00:03:42.773361,Toronto-fa8a,49,14,Normal
2026-02-12 00:03:43.773361,Toronto-fa8a,27,69,Normal
2026-02-12 00:03:44.773361,Toronto-fa8a,44,60,Normal
2026-02-12 00:03:45.773361,Toronto-fa8a,36,12,Normal
2026-02-12 00:03:46.773361,Toronto-fa8a,17,56,Normal
2026-02-12 00:03:47.773361,Toronto-fa8a,-23,22,Normal
2026-02-12 00:03:48.773361,Toronto-fa8a,8,16,Normal
2026-02-12 00:03:49.773361,Toronto-fa8a,-14,32,Normal
2026-02-12 00:03:50.773361,Toronto-fa8a,-14,3,Normal
2026-02-12 00:03:51.773361,Toronto-fa8a,25,45,Normal
2026-02-12 00:03:52.773361,Toronto-fa8a,26,57,Normal
2026-02-12 00:03:53.773361,Toronto-fa8a,31,47,Normal
2026-02-12 00:03:54.773361,Toronto-fa8a,46,62,Normal
2026-02-12 00:03:55.773361,Toronto-fa8a,39,60,Normal
2026-02-12 00:03:56.773361,Toronto-fa8a,20,15,Normal
2026-02-12 00:03:57.773361,Toronto-fa8a,49,86,Normal
2026-02-12 00:03:58.773361,Toronto-fa8a,46,73,Normal
2026-02-12 00:03:59.773361,Toronto-fa8a,49,56,Normal
2026-02-12 00:04:00.773361,Toronto-fa8a,8,79,Normal
2026-02-12 00:04:01.773361,Toronto-fa8a,-8,58,Normal
2026-02-12 00:04:02.773361,Toronto-fa8a,-16,82,Normal
2026-02-12 00:04:03.773361,Toronto-fa8a,3,27,Normal
2026-02-12 00:04:04.773361,Toronto-fa8a,-21,25,Normal
2026-02-12 00:04:05.773361,Toronto-fa8a,34,10,Normal
2026-02-12 00:04:06.773361,Toronto-fa8a,2,0,Normal
2026-02-12 00:04:07.773361,Toronto-fa8a,1,80,Normal
2026-02-12 00:04:08.773361,Toronto-fa8a,37,64,Normal
2026-02-12 00:04:09.773361,Toronto-fa8a,33,100,Normal
2026-02-12 00:04:10.773361,Toronto-fa8a,14,18,Normal
2026-02-12 00:04:11.773361,Toronto-fa8a,-18,47,Normal
2026-02-12 00:04:12.773361,Toronto-fa8a,24,20,Normal
2026-02-12 00:04:13.773361,Toronto-fa8a,8,13,Normal
2026-02-12 00:04:14.773361,Toronto-fa8a,-11,67,Normal
2026-02-12 00:04:15.773361,Toronto-fa8a,26,2,Normal
2026-02-12 00:04:16.773361,Toronto-fa8a,36,23,Normal
2026-02-12 00:04:17.773361,Toronto-fa8a,24,21,Normal
2026-02-12 00:04:18.773361,Toronto-fa8a,-11,79,Normal
2026-02-12 00:04:19.773361,Toronto-fa8a,-24,55,Normal
2026-02-12 00:04:20.773361,Toronto-fa8a,24,32,Normal
2026-02-12 00:04:21.773361,Toronto-fa8a,14,87,Normal
2026-02-12 00:04:22.773361,Toronto-fa8a,47,26,Normal
2026-02-12 00:04:23.773361,Toronto-fa8a,4,45,Normal
2026-02-12 00:04:24.773361,Toronto-fa8a,44,85,Normal
2026-02-12 00:04:25.773361,Toronto-fa8a,48,38,Normal
2026-02-12 00:04:26.773361,Toronto-fa8a,-28,48,Normal
2026-02-12 00:04:27.773361,Toronto-fa8a,25,81,Normal
2026-02-12 00:04:28.773361,Toronto-fa8a,0,51,Normal
2026-02-12 00:04:29.773361,Toronto-fa8a,-15,31,Normal
2026-02-12 00:04:30.773361,Toronto-fa8a,35,22,Normal
2026-02-12 00:04:31.773361,Toronto-fa8a,31,4,Normal
2026-02-12 00:04:32.773361,Toronto-fa8a,-20,79,Normal
2026-02-12 00:04:33.773361,Toronto-fa8a,40,29,Normal
2026-02-12 00:04:34.773361,Toronto-fa8a,-15,0,Normal
2026-02-12 00:04:35.773361,Toronto-fa8a,-19,56,Normal
2026-02-12 00:04:36.773361,Toronto-fa8a,-14,51,Normal
2026-02-12 00:04:37.773361,Toronto-fa8a,20,58,Normal
2026-02-12 00:04:38.773361,Toronto-fa8a,8,76,Normal
2026-02-12 00:04:39.773361,Toronto-fa8a,-6,99,Normal
2026-02-12 00:04:40.773361,Toronto-fa8a,-16,72,Normal
2026-02-12 00:04:41.773361,Toronto-fa8a,34,50,Normal
2026-02-12 00:04:42.773361,Toronto-fa8a,41,73,Normal
2026-02-12 00:04:43.773361,Toronto-fa8a,22,6,Normal
2026-02-12 00:04:44.773361,Toronto-fa8a,14,10,Normal
2026-02-12 00:04:45.773361,Toronto-fa8a,42,48,Normal
2026-02-12 00:04:46.773361,Toronto-fa8a,-11,53,Normal
2026-02-12 00:04:47.773361,Toronto-fa8a,38,45,Normal
2026-02-12 00:04:48.773361,Toronto-fa8a,13,49,Normal
2026-02-12 00:04:49.773361,Toronto-fa8a,-19,12,Normal
2026-02-12 00:04:50.773361,Toronto-fa8a,38,89,Normal
2026-02-12 00:04:51.773361,Toronto-fa8a,33,32,Normal
2026-02-12 00:04:52.773361,Toronto-fa8a,19,2,Normal
2026-02-12 00:04:53.773361,Toronto-fa8a,48,31,Normal
2026-02-12 00:04:54.773361,Toronto-fa8a,-11,38,Normal
2026-02-12 00:04:55.773361,Toronto-fa8a,-8,18,Normal
2026-02-12 00:04:56.773361,Toronto-fa8a,38,86,Normal
2026-02-12 00:04:57.773361,Toronto-fa8a,-21,55,Normal
2026-02-12 00:04:58.773361,Toronto-fa8a,-16,22,Normal
2026-02-12 00:04:59.773361,Toronto-fa8a,-18,43,Normal
2026-02-12 00:05:00.773361,Toronto-fa8a,-6,19,Normal
2026-02-12 00:05:01.773361,Toronto-fa8a,-12,26,Normal
2026-02-12 00:05:02.773361,Toronto-fa8a,46,44,Normal
2026-02-12 00:05:03.773361,Toronto-fa8a,-7,41,Normal
2026-02-12 00:05:04.773361,Toronto-fa8a,49,56,Normal
2026-02-12 00:05:05.773361,Toronto-fa8a,-19,52,Normal
2026-02-12 00:05:06.773361,Toronto-fa8a,8,21,Normal
2026-02-12 00:05:07.773361,Toronto-fa8a,-20,66,Normal
2026-02-12 00:05:08.773361,Toronto-fa8a,-9,87,Normal
2026-02-12 00:05:09.773361,Toronto-fa8a,38,78,Normal
2026-02-12 00:05:10.773361,Toronto-fa8a,45,56,Normal
2026-02-12 00:05:11.773361,Toronto-fa8a,-26,91,Normal
2026-02-12 00:05:12.773361,Toronto-fa8a,-12,55,Normal
2026-02-12 00:05:13.773361,Toronto-fa8a,18,71,Normal
2026-02-12 00:05:14.773361,Toronto-fa8a,30,36,Normal
2026-02-12 00:05:15.773361,Toronto-fa8a,-14,99,Normal
2026-02-12 00:05:16.773361,Toronto-fa8a,10,49,Normal
2026-02-12 00:05:17.773361,Toronto-fa8a,-16,56,Normal
2026-02-12 00:05:18.773361,Toronto-fa8a,-22,37,Normal
2026-02-12 00:05:19.773361,Toronto-fa8a,-27,65,Normal
2026-02-12 00:05:20.773361,Toronto-fa8a,-2,62,Normal
2026-02-12 00:05:21.773361,Toronto-fa8a,-8,100,Normal
2026-02-12 00:05:22.773361,Toronto-fa8a,30,69,Normal
2026-02-12 00:05:23.773361,Toronto-fa8a,42,93,Normal
2026-02-12 00:05:24.773361,Toronto-fa8a,10,82,Normal
2026-02-12 00:05:25.773361,Toronto-fa8a,46,71,Normal
2026-02-12 00:05:26.773361,Toronto-fa8a,-18,83,Normal
2026-02-12 00:05:27.773361,Toronto-fa8a,5,50,Normal
2026-02-12 00:05:28.773361,Toronto-fa8a,3,25,Normal
2026-02-12 00:05:29.773361,Toronto-fa8a,20,84,Normal
2026-02-12 00:05:30.773361,Toronto-fa8a,32,15,Normal
2026-02-12 00:05:31.773361,Toronto-fa8a,44,92,Normal
2026-02-12 00:05:32.773361,Toronto-fa8a,-10,75,Normal
2026-02-12 00:05:33.773361,Toronto-fa8a,-17,9,Normal
2026-02-12 00:05:34.773361,Toronto-fa8a,24,7,Normal
2026-02-12 00:05:35.773361,Toronto-fa8a,-1,20,Normal
2026-02-12 00:05:36.773361,Toronto-fa8a,-19,62,Normal
2026-02-12 00:05:37.773361,Toronto-fa8a,31,62,Normal
2026-02-12 00:05:38.773361,Toronto-fa8a,-18,24,Normal
2026-02-12 00:05:39.773361,Toronto-fa8a,2,49,Normal
2026-02-12 00:05:40.773361,Toronto-fa8a,46,91,Normal
2026-02-12 00:05:41.773361,Toronto-fa8a,-25,54,Normal
2026-02-12 00:05:42.773361,Toronto-fa8a,-10,26,Normal
2026-02-12 00:05:43.773361,Toronto-fa8a,39,68,Normal
2026-02-12 00:05:44.773361,Toronto-fa8a,-19,3,Normal
2026-02-12 00:05:45.773361,Toronto-fa8a,-25,92,Normal
2026-02-12 00:05:46.773361,Toronto-fa8a,36,54,Normal
2026-02-12 00:05:47.773361,Toronto-fa8a,1,27,Normal
2026-02-12 00:05:48.773361,Toronto-fa8a,19,12,Normal
2026-02-12 00:05:49.773361,Toronto-fa8a,-7,29,Normal
2026-02-12 00:05:50.773361,Toronto-fa8a,39,8,Normal
2026-02-12 00:05:51.773361,Toronto-fa8a,48,7,Normal
2026-02-12 00:05:52.773361,Toronto-fa8a,-3,32,Normal
2026-02-12 00:05:53.773361,Toronto-fa8a,32,30,Normal
2026-02-12 00:05:54.773361,Toronto-fa8a,-19,18,Normal
2026-02-12 00:05:55.773361,Toronto-fa8a,2,26,Normal
2026-02-12 00:05:56.773361,Toronto-fa8a,39,95,Normal
2026-02-12 00:05:57.773361,Toronto-fa8a,43,85,Normal
2026-02-12 00:05:58.773361,Toronto-fa8a,10,26,Normal
2026-02-12 00:05:59.773361,Toronto-fa8a,39,62,Normal
2026-02-12 00:06:00.773361,Toronto-fa8a,1,14,Normal
2026-02-12 00:06:01.773361,Toronto-fa8a,-11,99,Normal
2026-02-12 00:06:02.773361,Toronto-fa8a,9,0,Normal
2026-02-12 00:06:03.773361,Toronto-fa8a,-6,81,Normal
2026-02-12 00:06:04.773361,Toronto-fa8a,34,2,Normal
2026-02-12 00:06:05.773361,Toronto-fa8a,-2,1,Normal
2026-02-12 00:06:06.773361,Toronto-fa8a,-9,33,Normal
2026-02-12 00:06:07.773361,Toronto-fa8a,29,95,Normal
2026-02-12 00:06:08.773361,Toronto-fa8a,13,13,Normal
2026-02-12 00:06:09.773361,Toronto-fa8a,14,21,Normal
2026-02-12 00:06:10.773361,Toronto-fa8a,32,22,Normal
2026-02-12 00:06:11.773361,Toronto-fa8a,38,52,Normal
2026-02-12 00:06:12.773361,Toronto-fa8a,-25,72,Normal
2026-02-12 00:06:13.773361,Toronto-fa8a,-7,6,Normal
2026-02-12 00:06:14.773361,Toronto-fa8a,-14,98,Normal
2026-02-12 00:06:15.773361,Toronto-fa8a,-1,0,Normal
2026-02-12 00:06:16.773361,Toronto-fa8a,-17,55,Normal
2026-02-12 00:06:17.773361,Toronto-fa8a,-28,97,Normal
2026-02-12 00:06:18.773361,Toronto-fa8a,48,37,Normal
2026-02-12 00:06:19.773361,Toronto-fa8a,24,84,Normal
2026-02-12 00:06:20.773361,Toronto-fa8a,5,65,Normal
2026-02-12 00:06:21.773361,Toronto-fa8a,12,57,Normal
2026-02-12 00:06:22.773361,Toronto-fa8a,9,39,Normal
2026-02-12 00:06:23.773361,Toronto-fa8a,-3,34,Normal
2026-02-12 00:06:24.773361,Toronto-fa8a,21,1,Normal
2026-02-12 00:06:25.773361,Toronto-fa8a,38,1,Normal
2026-02-12 00:06:26.773361,Toronto-fa8a,44,85,Normal
2026-02-12 00:06:27.773361,Toronto-fa8a,33,90,Normal
2026-02-12 00:06:28.773361,Toronto-fa8a,31,70,Normal
2026-02-12 00:06:29.773361,Toronto-fa8a,49,62,Normal
2026-02-12 00:06:30.773361,Toronto-fa8a,-23,23,Normal
2026-02-12 00:06:31.773361,Toronto-fa8a,45,81,Normal
2026-02-12 00:06:32.773361,Toronto-fa8a,49,13,Normal
2026-02-12 00:06:33.773361,Toronto-fa8a,11,99,Normal
2026-02-12 00:06:34.773361,Toronto-fa8a,21,3,Normal
2026-02-12 00:06:35.773361,Toronto-fa8a,36,28,Normal
2026-02-12 00:06:36.773361,Toronto-fa8a,-23,6,Normal
2026-02-12 00:06:37.773361,Toronto-fa8a,2,53,Normal
2026-02-12 00:06:38.773361,Toronto-fa8a,16,98,Normal
2026-02-12 00:06:39.773361,Toronto-fa8a,-6,13,Normal
2026-02-12 00:06:40.773361,Toronto-fa8a,20,63,Normal
2026-02-12 00:06:41.773361,Toronto-fa8a,28,39,Normal
2026-02-12 00:06:42.773361,Toronto-fa8a,27,67,Normal
2026-02-12 00:06:43.773361,Toronto-fa8a,-19,66,Normal
2026-02-12 00:06:44.773361,Toronto-fa8a,24,25,Normal
2026-02-12 00:06:45.773361,Toronto-fa8a,-26,62,Normal
2026-02-12 00:06:46.773361,Toronto-fa8a,-6,78,Normal
2026-02-12 00:06:47.773361,Toronto-fa8a,-29,32,Normal
2026-02-12 00:06:48.773361,Toronto-fa8a,-25,53,Normal
2026-02-12 00:06:49.773361,Toronto-fa8a,23,88,Normal
2026-02-12 00:06:50.773361,Toronto-fa8a,22,60,Normal
2026-02-12 00:06:51.773361,Toronto-fa8a,-9,18,Normal
2026-02-12 00:06:52.773361,Toronto-fa8a,6,17,Normal
2026-02-12 00:06:53.773361,Toronto-fa8a,25,77,Normal
2026-02-12 00:06:54.773361,Toronto-fa8a,28,30,Normal
2026-02-12 00:06:55.773361,Toronto-fa8a,-14,58,Normal
2026-02-12 00:06:56.773361,Toronto-fa8a,-8,76,Normal
2026-02-12 00:06:57.773361,Toronto-fa8a,-15,91,Normal
2026-02-12 00:06:58.773361,Toronto-fa8a,43,0,Normal
2026-02-12 00:06:59.773361,Toronto-fa8a,5,18,Normal
2026-02-12 00:07:00.773361,Toronto-fa8a,-26,24,Normal
2026-02-12 00:07:01.773361,Toronto-fa8a,0,42,Normal
2026-02-12 00:07:02.773361,Toronto-fa8a,41,34,Normal
2026-02-12 00:07:03.773361,Toronto-fa8a,40,11,Normal
2026-02-12 00:07:04.773361,Toronto-fa8a,0,69,Normal
2026-02-12 00:07:05.773361,Toronto-fa8a,43,71,Normal
2026-02-12 00:07:06.773361,Toronto-fa8a,-27,99,Normal
2026-02-12 00:07:07.773361,Toronto-fa8a,0,61,Normal
2026-02-12 00:07:08.773361,Toronto-fa8a,20,19,Normal
2026-02-12 00:07:09.773361,Toronto-fa8a,-7,80,Normal
2026-02-12 00:07:10.773361,Toronto-fa8a,38,46,Normal
2026-02-12 00:07:11.773361,Toronto-fa8a,31,17,Normal
2026-02-12 00:07:12.773361,Toronto-fa8a,45,10,Normal
2026-02-12 00:07:13.773361,Toronto-fa8a,30,9,Normal
2026-02-12 00:07:14.773361,Toronto-fa8a,-26,35,Normal
2026-02-12 00:07:15.773361,Toronto-fa8a,12,59,Normal
2026-02-12 00:07:16.773361,Toronto-fa8a,25,15,Normal
2026-02-12 00:07:17.773361,Toronto-fa8a,-5,52,Normal
2026-02-12 00:07:18.773361,Toronto-fa8a,-27,76,Normal
2026-02-12 00:07:19.773361,Toronto-fa8a,-9,42,Normal
2026-02-12 00:07:20.773361,Toronto-fa8a,44,90,Normal
2026-02-12 00:07:21.773361,Toronto-fa8a,20,59,Normal
2026-02-12 00:07:22.773361,Toronto-fa8a,10,43,Normal
2026-02-12 00:07:23.773361,Toronto-fa8a,-7,59,Normal
2026-02-12 00:07:24.773361,Toronto-fa8a,5,65,Normal
2026-02-12 00:07:25.773361,Toronto-fa8a,14,41,Normal
2026-02-12 00:07:26.773361,Toronto-fa8a,38,83,Normal
2026-02-12 00:07:27.773361,Toronto-fa8a,15,88,Normal
2026-02-12 00:07:28.773361,Toronto-fa8a,-23,23,Normal
2026-02-12 00:07:29.773361,Toronto-fa8a,-4,16,Normal
2026-02-12 00:07:30.773361,Toronto-fa8a,8,74,Normal
2026-02-12 00:07:31.773361,Toronto-fa8a,-21,43,Normal
2026-02-12 00:07:32.773361,Toronto-fa8a,-24,88,Normal
2026-02-12 00:07:33.773361,Toronto-fa8a,17,18,Normal
2026-02-12 00:07:34.773361,Toronto-fa8a,36,14,Normal
2026-02-12 00:07:35.773361,Toronto-fa8a,8,84,Normal
2026-02-12 00:07:36.773361,Toronto-fa8a,7,53,Normal
2026-02-12 00:07:37.773361,Toronto-fa8a,50,56,Normal
2026-02-12 00:07:38.773361,Toronto-fa8a,46,29,Normal
2026-02-12 00:07:39.773361,Toronto-fa8a,1,96,Normal
2026-02-12 00:07:40.773361,Toronto-fa8a,18,92,Normal
2026-02-12 00:07:41.773361,Toronto-fa8a,7,5,Normal
2026-02-12 00:07:42.773361,Toronto-fa8a,0,37,Normal
2026-02-12 00:07:43.773361,Toronto-fa8a,18,12,Normal
2026-02-12 00:07:44.773361,Toronto-fa8a,20,6,Normal
2026-02-12 00:07:45.773361,Toronto-fa8a,-5,88,Normal
2026-02-12 00:07:46.773361,Toronto-fa8a,40,87,Normal
2026-02-12 00:07:47.773361,Toronto-fa8a,32,59,Normal
2026-02-12 00:07:48.773361,Toronto-fa8a,47,21,Normal
2026-02-12 00:07:49.773361,Toronto-fa8a,18,8,Normal
2026-02-12 00:07:50.773361,Toronto-fa8a,7,11,Normal
2026-02-12 00:07:51.773361,Toronto-fa8a,-22,25,Normal
2026-02-12 00:07:52.773361,Toronto-fa8a,42,96,Normal
2026-02-12 00:07:53.773361,Toronto-fa8a,47,97,Normal
2026-02-12 00:07:54.773361,Toronto-fa8a,6,80,Normal
2026-02-12 00:07:55.773361,Toronto-fa8a,25,3,Normal
2026-02-12 00:07:56.773361,Toronto-fa8a,-4,69,Normal
2026-02-12 00:07:57.773361,Toronto-fa8a,36,59,Normal
2026-02-12 00:07:58.773361,Toronto-fa8a,27,98,Normal
2026-02-12 00:07:59.773361,Toronto-fa8a,-5,89,Normal
2026-02-12 00:08:00.773361,Toronto-fa8a,18,42,Normal
2026-02-12 00:08:01.773361,Toronto-fa8a,14,32,Normal
2026-02-12 00:08:02.773361,Toronto-fa8a,16,53,Normal
2026-02-12 00:08:03.773361,Toronto-fa8a,-22,39,Normal
2026-02-12 00:08:04.773361,Toronto-fa8a,-17,84,Normal
2026-02-12 00:08:05.773361,Toronto-fa8a,21,99,Normal
2026-02-12 00:08:06.773361,Toronto-fa8a,-23,29,Normal
2026-02-12 00:08:07.773361,Toronto-fa8a,-13,9,Normal
2026-02-12 00:08:08.773361,Toronto-fa8a,48,89,Normal
2026-02-12 00:08:09.773361,Toronto-fa8a,37,91,Normal
2026-02-12 00:08:10.773361,Toronto-fa8a,28,45,Normal
2026-02-12 00:08:11.773361,Toronto-fa8a,-15,91,Normal
2026-02-12 00:08:12.773361,Toronto-fa8a,26,34,Normal
2026-02-12 00:08:13.773361,Toronto-fa8a,15,48,Normal
2026-02-12 00:08:14.773361,Toronto-fa8a,13,14,Normal
2026-02-12 00:08:15.773361,Toronto-fa8a,-14,23,Normal
2026-02-12 00:08:16.773361,Toronto-fa8a,-21,59,Normal
2026-02-12 00:08:17.773361,Toronto-fa8a,21,10,Normal
2026-02-12 00:08:18.773361,Toronto-fa8a,-24,80,Normal
2026-02-12 00:08:19.773361,Toronto-fa8a,11,97,Normal
2026-02-12 00:08:20.773361,Toronto-fa8a,29,9,Normal
2026-02-12 00:08:21.773361,Toronto-fa8a,-15,18,Normal
2026-02-12 00:08:22.773361,Toronto-fa8a,33,93,Normal
2026-02-12 00:08:23.773361,Toronto-fa8a,2,35,Normal
2026-02-12 00:08:24.773361,Toronto-fa8a,32,59,Normal
2026-02-12 00:08:25.773361,Toronto-fa8a,11,71,Normal
2026-02-12 00:08:26.773361,Toronto-fa8a,-30,43,Normal
2026-02-12 00:08:27.773361,Toronto-fa8a,-13,68,Normal
2026-02-12 00:08:28.773361,Toronto-fa8a,49,87,Normal
2026-02-12 00:08:29.773361,Toronto-fa8a,10,61,Normal
2026-02-12 00:08:30.773361,Toronto-fa8a,1,55,Normal
2026-02-12 00:08:31.773361,Toronto-fa8a,24,18,Normal
2026-02-12 00:08:32.773361,Toronto-fa8a,28,30,Normal
2026-02-12 00:08:33.773361,Toronto-fa8a,42,38,Normal
2026-02-12 00:08:34.773361,Toronto-fa8a,33,16,Normal
2026-02-12 00:08:35.773361,Toronto-fa8a,-16,24,Normal
2026-02-12 00:08:36.773361,Toronto-fa8a,45,38,Normal
2026-02-12 00:08:37.773361,Toronto-fa8a,1,3,Normal
2026-02-12 00:08:38.773361,Toronto-fa8a,25,30,Normal
2026-02-12 00:08:39.773361,Toronto-fa8a,-18,73,Normal
2026-02-12 00:08:40.773361,Toronto-fa8a,20,81,Normal
2026-02-12 00:08:41.773361,Toronto-fa8a,-26,33,Normal
2026-02-12 00:08:42.773361,Toronto-fa8a,-27,32,Normal
2026-02-12 00:08:43.773361,Toronto-fa8a,21,41,Normal
2026-02-12 00:08:44.773361,Toronto-fa8a,-5,9,Normal
2026-02-12 00:08:45.773361,Toronto-fa8a,19,67,Normal
2026-02-12 00:08:46.773361,Toronto-fa8a,39,5,Normal
2026-02-12 00:08:47.773361,Toronto-fa8a,-20,97,Normal
2026-02-12 00:08:48.773361,Toronto-fa8a,18,26,Normal
2026-02-12 00:08:49.773361,Toronto-fa8a,-26,7,Normal
2026-02-12 00:08:50.773361,Toronto-fa8a,-1,91,Normal
2026-02-12 00:08:51.773361,Toronto-fa8a,-27,64,Normal
2026-02-12 00:08:52.773361,Toronto-fa8a,12,96,Normal
2026-02-12 00:08:53.773361,Toronto-fa8a,-7,5,Normal
2026-02-12 00:08:54.773361,Toronto-fa8a,26,10,Normal
2026-02-12 00:08:55.773361,Toronto-fa8a,10,74,Normal
2026-02-12 00:08:56.773361,Toronto-fa8a,30,41,Normal
2026-02-12 00:08:57.773361,Toronto-fa8a,49,24,Normal
2026-02-12 00:08:58.773361,Toronto-fa8a,44,77,Normal
2026-02-12 00:08:59.773361,Toronto-fa8a,12,34,Normal
2026-02-12 00:09:00.773361,Toronto-fa8a,42,71,Normal
2026-02-12 00:09:01.773361,Toronto-fa8a,19,86,Normal
2026-02-12 00:09:02.773361,Toronto-fa8a,40,46,Normal
2026-02-12 00:09:03.773361,Toronto-fa8a,20,69,Normal
2026-02-12 00:09:04.773361,Toronto-fa8a,30,97,Normal
2026-02-12 00:09:05.773361,Toronto-fa8a,-16,68,Normal
2026-02-12 00:09:06.773361,Toronto-fa8a,-24,66,Normal
2026-02-12 00:09:07.773361,Toronto-fa8a,-24,80,Normal
2026-02-12 00:09:08.773361,Toronto-fa8a,5,93,Normal
2026-02-12 00:09:09.773361,Toronto-fa8a,40,59,Normal
2026-02-12 00:09:10.773361,Toronto-fa8a,-4,14,Normal
2026-02-12 00:09:11.773361,Toronto-fa8a,23,51,Normal
2026-02-12 00:09:12.773361,Toronto-fa8a,-21,23,Normal
2026-02-12 00:09:13.773361,Toronto-fa8a,49,0,Normal
2026-02-12 00:09:14.773361,Toronto-fa8a,48,43,Normal
2026-02-12 00:09:15.773361,Toronto-fa8a,5,69,Normal
2026-02-12 00:09:16.773361,Toronto-fa8a,29,36,Normal
2026-02-12 00:09:17.773361,Toronto-fa8a,23,99,Normal
2026-02-12 00:09:18.773361,Toronto-fa8a,-5,47,Normal
2026-02-12 00:09:19.773361,Toronto-fa8a,49,91,Normal
2026-02-12 00:09:20.773361,Toronto-fa8a,29,82,Normal
2026-02-12 00:09:21.773361,Toronto-fa8a,27,27,Normal
2026-02-12 00:09:22.773361,Toronto-fa8a,-18,100,Normal
2026-02-12 00:09:23.773361,Toronto-fa8a,27,88,Normal
2026-02-12 00:09:24.773361,Toronto-fa8a,7,39,Normal
2026-02-12 00:09:25.773361,Toronto-fa8a,12,11,Normal
2026-02-12 00:09:26.773361,Toronto-fa8a,50,59,Normal
2026-02-12 00:09:27.773361,Toronto-fa8a,23,83,Normal
2026-02-12 00:09:28.773361,Toronto-fa8a,-28,1,Normal
2026-02-12 00:09:29.773361,Toronto-fa8a,37,81,Normal
2026-02-12 00:09:30.773361,Toronto-fa8a,29,99,Normal
2026-02-12 00:09:31.773361,Toronto-fa8a,20,10,Normal
2026-02-12 00:09:32.773361,Toronto-fa8a,-8,42,Normal
2026-02-12 00:09:33.773361,Toronto-fa8a,-20,86,Normal
2026-02-12 00:09:34.773361,Toronto-fa8a,-21,85,Normal
2026-02-12 00:09:35.773361,Toronto-fa8a,25,56,Normal
2026-02-12 00:09:36.773361,Toronto-fa8a,45,26,Normal
2026-02-12 00:09:37.773361,Toronto-fa8a,11,57,Normal
2026-02-12 00:09:38.773361,Toronto-fa8a,13,92,Normal
2026-02-12 00:09:39.773361,Toronto-fa8a,-21,25,Normal
2026-02-12 00:09:40.773361,Toronto-fa8a,-18,76,Normal
2026-02-12 00:09:41.773361,Toronto-fa8a,-4,84,Normal
2026-02-12 00:09:42.773361,Toronto-fa8a,-28,80,Normal
2026-02-12 00:09:43.773361,Toronto-fa8a,-22,96,Normal
2026-02-12 00:09:44.773361,Toronto-fa8a,42,94,Normal
2026-02-12 00:09:45.773361,Toronto-fa8a,4,35,Normal
2026-02-12 00:09:46.773361,Toronto-fa8a,-23,35,Normal
2026-02-12 00:09:47.773361,Toronto-fa8a,14,81,Normal
2026-02-12 00:09:48.773361,Toronto-fa8a,15,78,Normal
2026-02-12 00:09:49.773361,Toronto-fa8a,24,35,Normal
2026-02-12 00:09:50.773361,Toronto-fa8a,-4,15,Normal
2026-02-12 00:09:51.773361,Toronto-fa8a,-20,75,Normal
2026-02-12 00:09:52.773361,Toronto-fa8a,11,100,Normal
2026-02-12 00:09:53.773361,Toronto-fa8a,48,100,Normal
2026-02-12 00:09:54.773361,Toronto-fa8a,12,47,Normal
2026-02-12 00:09:55.773361,Toronto-fa8a,24,51,Normal
2026-02-12 00:09:56.773361,Toronto-fa8a,-21,83,Normal
2026-02-12 00:09:57.773361,Toronto-fa8a,8,46,Normal
2026-02-12 00:09:58.773361,Toronto-fa8a,10,68,Normal
2026-02-12 00:09:59.773361,Toronto-fa8a,-21,96,Normal
2026-02-12 00:10:00.773361,Toronto-fa8a,42,22,Normal
2026-02-12 00:10:01.773361,Toronto-fa8a,-7,46,Normal
2026-02-12 00:10:02.773361,Toronto-fa8a,1,68,Normal
2026-02-12 00:10:03.773361,Toronto-fa8a,34,99,Normal
2026-02-12 00:10:04.773361,Toronto-fa8a,8,19,Normal
2026-02-12 00:10:05.773361,Toronto-fa8a,-16,59,Normal
2026-02-12 00:10:06.773361,Toronto-fa8a,24,30,Normal
2026-02-12 00:10:07.773361,Toronto-fa8a,-23,4,Normal
2026-02-12 00:10:08.773361,Toronto-fa8a,23,62,Normal
2026-02-12 00:10:09.773361,Toronto-fa8a,50,48,Normal
2026-02-12 00:10:10.773361,Toronto-fa8a,7,15,Normal
2026-02-12 00:10:11.773361,Toronto-fa8a,-16,96,Normal
2026-02-12 00:10:12.773361,Toronto-fa8a,41,15,Normal
2026-02-12 00:10:13.773361,Toronto-fa8a,18,97,Normal
2026-02-12 00:10:14.773361,Toronto-fa8a,40,90,Normal
2026-02-12 00:10:15.773361,Toronto-fa8a,19,61,Normal
2026-02-12 00:10:16.773361,Toronto-fa8a,27,48,Normal
2026-02-12 00:10:17.773361,Toronto-fa8a,22,10,Normal
2026-02-12 00:10:18.773361,Toronto-fa8a,42,28,Normal
2026-02-12 00:10:19.773361,Toronto-fa8a,49,25,Normal
2026-02-12 00:10:20.773361,Toronto-fa8a,-7,62,Normal
2026-02-12 00:10:21.773361,Toronto-fa8a,3,60,Normal
2026-02-12 00:10:22.773361,Toronto-fa8a,-22,53,Normal
2026-02-12 00:10:23.773361,Toronto-fa8a,20,31,Normal
2026-02-12 00:10:24.773361,Toronto-fa8a,-10,25,Normal
2026-02-12 00:10:25.773361,Toronto-fa8a,41,9,Normal
2026-02-12 00:10:26.773361,Toronto-fa8a,26,81,Normal
2026-02-12 00:10:27.773361,Toronto-fa8a,39,90,Normal
2026-02-12 00:10:28.773361,Toronto-fa8a,-11,56,Normal
2026-02-12 00:10:29.773361,Toronto-fa8a,47,30,Normal
2026-02-12 00:10:30.773361,Toronto-fa8a,0,54,Normal
2026-02-12 00:10:31.773361,Toronto-fa8a,1,71,Normal
2026-02-12 00:10:32.773361,Toronto-fa8a,-7,76,Normal
2026-02-12 00:10:33.773361,Toronto-fa8a,19,7,Normal
2026-02-12 00:10:34.773361,Toronto-fa8a,-2,68,Normal
2026-02-12 00:10:35.773361,Toronto-fa8a,-21,7,Normal
2026-02-12 00:10:36.773361,Toronto-fa8a,3,59,Normal
2026-02-12 00:10:37.773361,Toronto-fa8a,49,93,Normal
2026-02-12 00:10:38.773361,Toronto-fa8a,-27,31,Normal
2026-02-12 00:10:39.773361,Toronto-fa8a,39,87,Normal
2026-02-12 00:10:40.773361,Toronto-fa8a,42,15,Normal
2026-02-12 00:10:41.773361,Toronto-fa8a,23,75,Normal
2026-02-12 00:10:42.773361,Toronto-fa8a,13,93,Normal
2026-02-12 00:10:43.773361,Toronto-fa8a,-13,81,Normal
2026-02-12 00:10:44.773361,Toronto-fa8a,2,63,Normal
2026-02-12 00:10:45.773361,Toronto-fa8a,10,72,Normal
2026-02-12 00:10:46.773361,Toronto-fa8a,17,39,Normal
2026-02-12 00:10:47.773361,Toronto-fa8a,-16,48,Normal
2026-02-12 00:10:48.773361,Toronto-fa8a,9,85,Normal
2026-02-12 00:10:49.773361,Toronto-fa8a,30,2,Normal
2026-02-12 00:10:50.773361,Toronto-fa8a,4,57,Normal
2026-02-12 00:10:51.773361,Toronto-fa8a,11,64,Normal
2026-02-12 00:10:52.773361,Toronto-fa8a,-1,98,Normal
2026-02-12 00:10:53.773361,Toronto-fa8a,43,76,Normal
2026-02-12 00:10:54.773361,Toronto-fa8a,1,74,Normal
2026-02-12 00:10:55.773361,Toronto-fa8a,-3,82,Normal
2026-02-12 00:10:56.773361,Toronto-fa8a,50,81,Normal
2026-02-12 00:10:57.773361,Toronto-fa8a,-12,53,Normal
2026-02-12 00:10:58.773361,Toronto-fa8a,-18,40,Normal
2026-02-12 00:10:59.773361,Toronto-fa8a,-23,85,Normal
2026-02-12 00:11:00.773361,Toronto-fa8a,48,79,Normal
2026-02-12 00:11:01.773361,Toronto-fa8a,-15,30,Normal
2026-02-12 00:11:02.773361,Toronto-fa8a,1,17,Normal
2026-02-12 00:11:03.773361,Toronto-fa8a,46,72,Normal
2026-02-12 00:11:04.773361,Toronto-fa8a,25,89,Normal
2026-02-12 00:11:05.773361,Toronto-fa8a,21,70,Normal
2026-02-12 00:11:06.773361,Toronto-fa8a,23,91,Normal
2026-02-12 00:11:07.773361,Toronto-fa8a,-20,66,Normal
2026-02-12 00:11:08.773361,Toronto-fa8a,31,56,Normal
2026-02-12 00:11:09.773361,Toronto-fa8a,17,41,Normal
2026-02-12 00:11:10.773361,Toronto-fa8a,-9,61,Normal
2026-02-12 00:11:11.773361,Toronto-fa8a,12,58,Normal
2026-02-12 00:11:12.773361,Toronto-fa8a,10,82,Normal
2026-02-12 00:11:13.773361,Toronto-fa8a,-10,99,Normal
2026-02-12 00:11:14.773361,Toronto-fa8a,21,35,Normal
2026-02-12 00:11:15.773361,Toronto-fa8a,3,53,Normal
2026-02-12 00:11:16.773361,Toronto-fa8a,-9,66,Normal
2026-02-12 00:11:17.773361,Toronto-fa8a,-22,22,Normal
2026-02-12 00:11:18.773361,Toronto-fa8a,38,43,Normal
2026-02-12 00:11:19.773361,Toronto-fa8a,9,98,Normal
2026-02-12 00:11:20.773361,Toronto-fa8a,0,70,Normal
2026-02-12 00:11:21.773361,Toronto-fa8a,-5,10,Normal
2026-02-12 00:11:22.773361,Toronto-fa8a,-8,11,Normal
2026-02-12 00:11:23.773361,Toronto-fa8a,32,89,Normal
2026-02-12 00:11:24.773361,Toronto-fa8a,-2,24,Normal
2026-02-12 00:11:25.773361,Toronto-fa8a,41,32,Normal
2026-02-12 00:11:26.773361,Toronto-fa8a,4,63,Normal
2026-02-12 00:11:27.773361,Toronto-fa8a,40,87,Normal
2026-02-12 00:11:28.773361,Toronto-fa8a,13,57,Normal
2026-02-12 00:11:29.773361,Toronto-fa8a,-7,64,Normal
2026-02-12 00:11:30.773361,Toronto-fa8a,-21,25,Normal
2026-02-12 00:11:31.773361,Toronto-fa8a,-14,67,Normal
2026-02-12 00:11:32.773361,Toronto-fa8a,12,29,Normal
2026-02-12 00:11:33.773361,Toronto-fa8a,-22,55,Normal
2026-02-12 00:11:34.773361,Toronto-fa8a,17,100,Normal
2026-02-12 00:11:35.773361,Toronto-fa8a,-10,68,Normal
2026-02-12 00:11:36.773361,Toronto-fa8a,-26,6,Normal
2026-02-12 00:11:37.773361,Toronto-fa8a,43,65,Normal
2026-02-12 00:11:38.773361,Toronto-fa8a,50,91,Normal
2026-02-12 00:11:39.773361,Toronto-fa8a,20,20,Normal
2026-02-12 00:11:40.773361,Toronto-fa8a,14,16,Normal
2026-02-12 00:11:41.773361,Toronto-fa8a,-3,92,Normal
2026-02-12 00:11:42.773361,Toronto-fa8a,-1,45,Normal
2026-02-12 00:11:43.773361,Toronto-fa8a,-23,48,Normal
2026-02-12 00:11:44.773361,Toronto-fa8a,-25,5,Normal
2026-02-12 00:11:45.773361,Toronto-fa8a,24,76,Normal
2026-02-12 00:11:46.773361,Toronto-fa8a,-24,28,Normal
2026-02-12 00:11:47.773361,Toronto-fa8a,-25,28,Normal
2026-02-12 00:11:48.773361,Toronto-fa8a,28,44,Normal
2026-02-12 00:11:49.773361,Toronto-fa8a,0,76,Normal
2026-02-12 00:11:50.773361,Toronto-fa8a,11,95,Normal
2026-02-12 00:11:51.773361,Toronto-fa8a,38,14,Normal
2026-02-12 00:11:52.773361,Toronto-fa8a,7,30,Normal
2026-02-12 00:11:53.773361,Toronto-fa8a,-23,81,Normal
2026-02-12 00:11:54.773361,Toronto-fa8a,10,27,Normal
2026-02-12 00:11:55.773361,Toronto-fa8a,-8,25,Normal
2026-02-12 00:11:56.773361,Toronto-fa8a,4,37,Normal
2026-02-12 00:11:57.773361,Toronto-fa8a,24,15,Normal
2026-02-12 00:11:58.773361,Toronto-fa8a,21,40,Normal
2026-02-12 00:11:59.773361,Toronto-fa8a,-10,3,Normal
2026-02-12 00:12:00.773361,Toronto-fa8a,-26,82,Normal
2026-02-12 00:12:01.773361,Toronto-fa8a,-18,62,Normal
2026-02-12 00:12:02.773361,Toronto-fa8a,30,81,Normal
2026-02-12 00:12:03.773361,Toronto-fa8a,28,8,Normal
2026-02-12 00:12:04.773361,Toronto-fa8a,3,94,Normal
2026-02-12 00:12:05.773361,Toronto-fa8a,10,43,Normal
2026-02-12 00:12:06.773361,Toronto-fa8a,10,36,Normal
2026-02-12 00:12:07.773361,Toronto-fa8a,6,33,Normal
2026-02-12 00:12:08.773361,Toronto-fa8a,5,45,Normal
2026-02-12 00:12:09.773361,Toronto-fa8a,-9,42,Normal
2026-02-12 00:12:10.773361,Toronto-fa8a,3,23,Normal
2026-02-12 00:12:11.773361,Toronto-fa8a,31,82,Normal
2026-02-12 00:12:12.773361,Toronto-fa8a,-11,53,Normal
2026-02-12 00:12:13.773361,Toronto-fa8a,-22,77,Normal
2026-02-12 00:12:14.773361,Toronto-fa8a,-7,99,Normal
2026-02-12 00:12:15.773361,Toronto-fa8a,13,69,Normal
2026-02-12 00:12:16.773361,Toronto-fa8a,35,70,Normal
2026-02-12 00:12:17.773361,Toronto-fa8a,33,88,Normal
2026-02-12 00:12:18.773361,Toronto-fa8a,-25,83,Normal
2026-02-12 00:12:19.773361,Toronto-fa8a,33,41,Normal
2026-02-12 00:12:20.773361,Toronto-fa8a,35,77,Normal
2026-02-12 00:12:21.773361,Toronto-fa8a,21,35,Normal
2026-02-12 00:12:22.773361,Toronto-fa8a,-3,38,Normal
2026-02-12 00:12:23.773361,Toronto-fa8a,-10,28,Normal
2026-02-12 00:12:24.773361,Toronto-fa8a,38,72,Normal
2026-02-12 00:12:25.773361,Toronto-fa8a,42,32,Normal
2026-02-12 00:12:26.773361,Toronto-fa8a,-4,36,Normal
2026-02-12 00:12:27.773361,Toronto-fa8a,25,43,Normal
2026-02-12 00:12:28.773361,Toronto-fa8a,11,81,Normal
2026-02-12 00:12:29.773361,Toronto-fa8a,13,76,Normal
2026-02-12 00:12:30.773361,Toronto-fa8a,-2,55,Normal
2026-02-12 00:12:31.773361,Toronto-fa8a,40,64,Normal
2026-02-12 00:12:32.773361,Toronto-fa8a,18,63,Normal
2026-02-12 00:12:33.773361,Toronto-fa8a,33,69,Normal
2026-02-12 00:12:34.773361,Toronto-fa8a,30,28,Normal
2026-02-12 00:12:35.773361,Toronto-fa8a,5,26,Normal
2026-02-12 00:12:36.773361,Toronto-fa8a,28,51,Normal
2026-02-12 00:12:37.773361,Toronto-fa8a,22,77,Normal
2026-02-12 00:12:38.773361,Toronto-fa8a,-2,12,Normal
2026-02-12 00:12:39.773361,Toronto-fa8a,-19,77,Normal
2026-02-12 00:12:40.773361,Toronto-fa8a,3,67,Normal
2026-02-12 00:12:41.773361,Toronto-fa8a,15,77,Normal
2026-02-12 00:12:42.773361,Toronto-fa8a,18,19,Normal
2026-02-12 00:12:43.773361,Toronto-fa8a,-15,99,Normal
2026-02-12 00:12:44.773361,Toronto-fa8a,40,100,Normal
2026-02-12 00:12:45.773361,Toronto-fa8a,-26,33,Normal
2026-02-12 00:12:46.773361,Toronto-fa8a,-4,61,Normal
2026-02-12 00:12:47.773361,Toronto-fa8a,15,93,Normal
2026-02-12 00:12:48.773361,Toronto-fa8a,7,83,Normal
2026-02-12 00:12:49.773361,Toronto-fa8a,5,98,Normal
2026-02-12 00:12:50.773361,Toronto-fa8a,-28,80,Normal
2026-02-12 00:12:51.773361,Toronto-fa8a,27,41,Normal
2026-02-12 00:12:52.773361,Toronto-fa8a,26,41,Normal
2026-02-12 00:12:53.773361,Toronto-fa8a,30,52,Normal
2026-02-12 00:12:54.773361,Toronto-fa8a,18,96,Normal
2026-02-12 00:12:55.773361,Toronto-fa8a,29,61,Normal
2026-02-12 00:12:56.773361,Toronto-fa8a,-12,79,Normal
2026-02-12 00:12:57.773361,Toronto-fa8a,-28,63,Normal
2026-02-12 00:12:58.773361,Toronto-fa8a,28,70,Normal
2026-02-12 00:12:59.773361,Toronto-fa8a,39,4,Normal
2026-02-12 00:13:00.773361,Toronto-fa8a,42,6,Normal
2026-02-12 00:13:01.773361,Toronto-fa8a,-25,49,Normal
2026-02-12 00:13:02.773361,Toronto-fa8a,35,49,Normal
2026-02-12 00:13:03.773361,Toronto-fa8a,-26,68,Normal
2026-02-12 00:13:04.773361,Toronto-fa8a,-29,26,Normal
2026-02-12 00:13:05.773361,Toronto-fa8a,-2,41,Normal
2026-02-12 00:13:06.773361,Toronto-fa8a,-20,82,Normal
2026-02-12 00:13:07.773361,Toronto-fa8a,-19,53,Normal
2026-02-12 00:13:08.773361,Toronto-fa8a,6,29,Normal
2026-02-12 00:13:09.773361,Toronto-fa8a,10,19,Normal
2026-02-12 00:13:10.773361,Toronto-fa8a,9,94,Normal
2026-02-12 00:13:11.773361,Toronto-fa8a,13,97,Normal
2026-02-12 00:13:12.773361,Toronto-fa8a,-8,38,Normal
2026-02-12 00:13:13.773361,Toronto-fa8a,25,23,Normal
2026-02-12 00:13:14.773361,Toronto-fa8a,11,40,Normal
2026-02-12 00:13:15.773361,Toronto-fa8a,24,62,Normal
2026-02-12 00:13:16.773361,Toronto-fa8a,-7,95,Normal
2026-02-12 00:13:17.773361,Toronto-fa8a,37,69,Normal
2026-02-12 00:13:18.773361,Toronto-fa8a,19,3,Normal
2026-02-12 00:13:19.773361,Toronto-fa8a,-19,64,Normal
2026-02-12 00:13:20.773361,Toronto-fa8a,9,49,Normal
2026-02-12 00:13:21.773361,Toronto-fa8a,44,59,Normal
2026-02-12 00:13:22.773361,Toronto-fa8a,-21,75,Normal
2026-02-12 00:13:23.773361,Toronto-fa8a,-18,67,Normal
2026-02-12 00:13:24.773361,Toronto-fa8a,-15,4,Normal
2026-02-12 00:13:25.773361,Toronto-fa8a,29,26,Normal
2026-02-12 00:13:26.773361,Toronto-fa8a,0,26,Normal
2026-02-12 00:13:27.773361,Toronto-fa8a,-1,73,Normal
2026-02-12 00:13:28.773361,Toronto-fa8a,16,85,Normal
2026-02-12 00:13:29.773361,Toronto-fa8a,37,6,Normal
2026-02-12 00:13:30.773361,Toronto-fa8a,-20,61,Normal
2026-02-12 00:13:31.773361,Toronto-fa8a,5,95,Normal
2026-02-12 00:13:32.773361,Toronto-fa8a,14,73,Normal
2026-02-12 00:13:33.773361,Toronto-fa8a,-7,76,Normal
2026-02-12 00:13:34.773361,Toronto-fa8a,44,43,Normal
2026-02-12 00:13:35.773361,Toronto-fa8a,15,29,Normal
2026-02-12 00:13:36.773361,Toronto-fa8a,10,100,Normal
2026-02-12 00:13:37.773361,Toronto-fa8a,-1,47,Normal
2026-02-12 00:13:38.773361,Toronto-fa8a,9,21,Normal
2026-02-12 00:13:39.773361,Toronto-fa8a,45,16,Normal
2026-02-12 00:13:40.773361,Toronto-fa8a,42,13,Normal
2026-02-12 00:13:41.773361,Toronto-fa8a,-27,35,Normal
2026-02-12 00:13:42.773361,Toronto-fa8a,-4,31,Normal
2026-02-12 00:13:43.773361,Toronto-fa8a,41,76,Normal
2026-02-12 00:13:44.773361,Toronto-fa8a,3,70,Normal
2026-02-12 00:13:45.773361,Toronto-fa8a,14,57,Normal
2026-02-12 00:13:46.773361,Toronto-fa8a,17,98,Normal
2026-02-12 00:13:47.773361,Toronto-fa8a,29,82,Normal
2026-02-12 00:13:48.773361,Toronto-fa8a,-28,88,Normal
2026-02-12 00:13:49.773361,Toronto-fa8a,33,63,Normal
2026-02-12 00:13:50.773361,Toronto-fa8a,12,82,Normal
2026-02-12 00:13:51.773361,Toronto-fa8a,11,58,Normal
2026-02-12 00:13:52.773361,Toronto-fa8a,45,71,Normal
2026-02-12 00:13:53.773361,Toronto-fa8a,49,76,Normal
2026-02-12 00:13:54.773361,Toronto-fa8a,41,42,Normal
2026-02-12 00:13:55.773361,Toronto-fa8a,4,37,Normal
2026-02-12 00:13:56.773361,Toronto-fa8a,-15,87,Normal
2026-02-12 00:13:57.773361,Toronto-fa8a,35,1,Normal
2026-02-12 00:13:58.773361,Toronto-fa8a,26,68,Normal
2026-02-12 00:13:59.773361,Toronto-fa8a,5,97,Normal
2026-02-12 00:14:00.773361,Toronto-fa8a,19,22,Normal
2026-02-12 00:14:01.773361,Toronto-fa8a,-16,59,Normal
2026-02-12 00:14:02.773361,Toronto-fa8a,-18,38,Normal
2026-02-12 00:14:03.773361,Toronto-fa8a,-1,49,Normal
2026-02-12 00:14:04.773361,Toronto-fa8a,-17,22,Normal
2026-02-12 00:14:05.773361,Toronto-fa8a,-24,71,Normal
2026-02-12 00:14:06.773361,Toronto-fa8a,32,63,Normal
2026-02-12 00:14:07.773361,Toronto-fa8a,-9,75,Normal
2026-02-12 00:14:08.773361,Toronto-fa8a,-26,41,Normal
2026-02-12 00:14:09.773361,Toronto-fa8a,3,7,Normal
2026-02-12 00:14:10.773361,Toronto-fa8a,18,8,Normal
2026-02-12 00:14:11.773361,Toronto-fa8a,12,27,Normal
2026-02-12 00:14:12.773361,Toronto-fa8a,17,38,Normal
2026-02-12 00:14:13.773361,Toronto-fa8a,7,96,Normal
2026-02-12 00:14:14.773361,Toronto-fa8a,-5,63,Normal
2026-02-12 00:14:15.773361,Toronto-fa8a,-17,7,Normal
2026-02-12 00:14:16.773361,Toronto-fa8a,-13,23,Normal
2026-02-12 00:14:17.773361,Toronto-fa8a,-21,51,Normal
2026-02-12 00:14:18.773361,Toronto-fa8a,20,5,Normal
2026-02-12 00:14:19.773361,Toronto-fa8a,30,32,Normal
2026-02-12 00:14:20.773361,Toronto-fa8a,-8,94,Normal
2026-02-12 00:14:21.773361,Toronto-fa8a,0,10,Normal
2026-02-12 00:14:22.773361,Toronto-fa8a,34,71,Normal
2026-02-12 00:14:23.773361,Toronto-fa8a,-2,52,Normal
2026-02-12 00:14:24.773361,Toronto-fa8a,24,40,Normal
2026-02-12 00:14:25.773361,Toronto-fa8a,25,20,Normal
2026-02-12 00:14:26.773361,Toronto-fa8a,46,23,Normal
2026-02-12 00:14:27.773361,Toronto-fa8a,36,95,Normal
2026-02-12 00:14:28.773361,Toronto-fa8a,-8,78,Normal
2026-02-12 00:14:29.773361,Toronto-fa8a,34,79,Normal
2026-02-12 00:14:30.773361,Toronto-fa8a,-23,30,Normal
2026-02-12 00:14:31.773361,Toronto-fa8a,31,92,Normal
2026-02-12 00:14:32.773361,Toronto-fa8a,4,56,Normal
2026-02-12 00:14:33.773361,Toronto-fa8a,4,35,Normal
2026-02-12 00:14:34.773361,Toronto-fa8a,0,68,Normal
2026-02-12 00:14:35.773361,Toronto-fa8a,11,96,Normal
2026-02-12 00:14:36.773361,Toronto-fa8a,-18,20,Normal
2026-02-12 00:14:37.773361,Toronto-fa8a,-7,88,Normal
2026-02-12 00:14:38.773361,Toronto-fa8a,45,81,Normal
2026-02-12 00:14:39.773361,Toronto-fa8a,-5,41,Normal
2026-02-12 00:14:40.773361,Toronto-fa8a,7,23,Normal
2026-02-12 00:14:41.773361,Toronto-fa8a,46,67,Normal
2026-02-12 00:14:42.773361,Toronto-fa8a,48,5,Normal
2026-02-12 00:14:43.773361,Toronto-fa8a,-15,78,Normal
2026-02-12 00:14:44.773361,Toronto-fa8a,-18,33,Normal
2026-02-12 00:14:45.773361,Toronto-fa8a,-24,88,Normal
2026-02-12 00:14:46.773361,Toronto-fa8a,16,62,Normal
2026-02-12 00:14:47.773361,Toronto-fa8a,9,53,Normal
2026-02-12 00:14:48.773361,Toronto-fa8a,-19,89,Normal
2026-02-12 00:14:49.773361,Toronto-fa8a,23,95,Normal
2026-02-12 00:14:50.773361,Toronto-fa8a,21,8,Normal
2026-02-12 00:14:51.773361,Toronto-fa8a,40,30,Normal
2026-02-12 00:14:52.773361,Toronto-fa8a,37,65,Normal
2026-02-12 00:14:53.773361,Toronto-fa8a,-29,60,Normal
2026-02-12 00:14:54.773361,Toronto-fa8a,14,31,Normal
2026-02-12 00:14:55.773361,Toronto-fa8a,0,29,Normal
2026-02-12 00:14:56.773361,Toronto-fa8a,33,22,Normal
2026-02-12 00:14:57.773361,Toronto-fa8a,-17,68,Normal
2026-02-12 00:14:58.773361,Toronto-fa8a,-3,85,Normal
2026-02-12 00:14:59.773361,Toronto-fa8a,28,11,Normal
2026-02-12 00:15:00.773361,Toronto-fa8a,32,51,Normal
2026-02-12 00:15:01.773361,Toronto-fa8a,4,43,Normal
2026-02-12 00:15:02.773361,Toronto-fa8a,-30,28,Normal
2026-02-12 00:15:03.773361,Toronto-fa8a,-26,51,Normal
2026-02-12 00:15:04.773361,Toronto-fa8a,38,69,Normal
2026-02-12 00:15:05.773361,Toronto-fa8a,33,59,Normal
2026-02-12 00:15:06.773361,Toronto-fa8a,41,28,Normal
2026-02-12 00:15:07.773361,Toronto-fa8a,30,92,Normal
2026-02-12 00:15:08.773361,Toronto-fa8a,38,10,Normal
2026-02-12 00:15:09.773361,Toronto-fa8a,31,59,Normal
2026-02-12 00:15:10.773361,Toronto-fa8a,48,73,Normal
2026-02-12 00:15:11.773361,Toronto-fa8a,3,35,Normal
2026-02-12 00:15:12.773361,Toronto-fa8a,-11,97,Normal
2026-02-12 00:15:13.773361,Toronto-fa8a,-11,53,Normal
2026-02-12 00:15:14.773361,Toronto-fa8a,45,5,Normal
2026-02-12 00:15:15.773361,Toronto-fa8a,-8,0,Normal
2026-02-12 00:15:16.773361,Toronto-fa8a,44,5,Normal
2026-02-12 00:15:17.773361,Toronto-fa8a,27,16,Normal
2026-02-12 00:15:18.773361,Toronto-fa8a,21,28,Normal
2026-02-12 00:15:19.773361,Toronto-fa8a,22,27,Normal
2026-02-12 00:15:20.773361,Toronto-fa8a,35,46,Normal
2026-02-12 00:15:21.773361,Toronto-fa8a,-19,95,Normal
2026-02-12 00:15:22.773361,Toronto-fa8a,37,98,Normal
2026-02-12 00:15:23.773361,Toronto-fa8a,-12,2,Normal
2026-02-12 00:15:24.773361,Toronto-fa8a,25,69,Normal
2026-02-12 00:15:25.773361,Toronto-fa8a,-1,91,Normal
2026-02-12 00:15:26.773361,Toronto-fa8a,36,52,Normal
2026-02-12 00:15:27.773361,Toronto-fa8a,-1,32,Normal
2026-02-12 00:15:28.773361,Toronto-fa8a,-22,32,Normal
2026-02-12 00:15:29.773361,Toronto-fa8a,30,65,Normal
2026-02-12 00:15:30.773361,Toronto-fa8a,17,49,Normal
2026-02-12 00:15:31.773361,Toronto-fa8a,20,24,Normal
2026-02-12 00:15:32.773361,Toronto-fa8a,-27,70,Normal
2026-02-12 00:15:33.773361,Toronto-fa8a,-2,66,Normal
2026-02-12 00:15:34.773361,Toronto-fa8a,37,21,Normal
2026-02-12 00:15:35.773361,Toronto-fa8a,29,54,Normal
2026-02-12 00:15:36.773361,Toronto-fa8a,30,53,Normal
2026-02-12 00:15:37.773361,Toronto-fa8a,26,5,Normal
2026-02-12 00:15:38.773361,Toronto-fa8a,-11,99,Normal
2026-02-12 00:15:39.773361,Toronto-fa8a,5,45,Normal
2026-02-12 00:15:40.773361,Toronto-fa8a,24,2,Normal
2026-02-12 00:15:41.773361,Toronto-fa8a,-8,37,Normal
2026-02-12 00:15:42.773361,Toronto-fa8a,8,2,Normal
2026-02-12 00:15:43.773361,Toronto-fa8a,28,61,Normal
2026-02-12 00:15:44.773361,Toronto-fa8a,-3,53,Normal
2026-02-12 00:15:45.773361,Toronto-fa8a,5,0,Normal
2026-02-12 00:15:46.773361,Toronto-fa8a,-1,9,Normal
2026-02-12 00:15:47.773361,Toronto-fa8a,41,82,Normal
2026-02-12 00:15:48.773361,Toronto-fa8a,-1,45,Normal
2026-02-12 00:15:49.773361,Toronto-fa8a,39,44,Normal
2026-02-12 00:15:50.773361,Toronto-fa8a,8,97,Normal
2026-02-12 00:15:51.773361,Toronto-fa8a,21,74,Normal
2026-02-12 00:15:52.773361,Toronto-fa8a,-5,92,Normal
2026-02-12 00:15:53.773361,Toronto-fa8a,-13,73,Normal
2026-02-12 00:15:54.773361,Toronto-fa8a,34,52,Normal
2026-02-12 00:15:55.773361,Toronto-fa8a,-30,71,Normal
2026-02-12 00:15:56.773361,Toronto-fa8a,49,65,Normal
2026-02-12 00:15:57.773361,Toronto-fa8a,24,45,Normal
2026-02-12 00:15:58.773361,Toronto-fa8a,22,78,Normal
2026-02-12 00:15:59.773361,Toronto-fa8a,-26,72,Normal
2026-02-12 00:16:00.773361,Toronto-fa8a,7,31,Normal
2026-02-12 00:16:01.773361,Toronto-fa8a,32,82,Normal
2026-02-12 00:16:02.773361,Toronto-fa8a,1,97,Normal
2026-02-12 00:16:03.773361,Toronto-fa8a,-20,27,Normal
2026-02-12 00:16:04.773361,Toronto-fa8a,27,84,Normal
2026-02-12 00:16:05.773361,Toronto-fa8a,36,13,Normal
2026-02-12 00:16:06.773361,Toronto-fa8a,-12,67,Normal
2026-02-12 00:16:07.773361,Toronto-fa8a,47,81,Normal
2026-02-12 00:16:08.773361,Toronto-fa8a,29,88,Normal
2026-02-12 00:16:09.773361,Toronto-fa8a,-21,9,Normal
2026-02-12 00:16:10.773361,Toronto-fa8a,36,70,Normal
2026-02-12 00:16:11.773361,Toronto-fa8a,-2,69,Normal
2026-02-12 00:16:12.773361,Toronto-fa8a,3,48,Normal
2026-02-12 00:16:13.773361,Toronto-fa8a,-23,56,Normal
2026-02-12 00:16:14.773361,Toronto-fa8a,38,97,Normal
2026-02-12 00:16:15.773361,Toronto-fa8a,-23,52,Normal
2026-02-12 00:16:16.773361,Toronto-fa8a,2,97,Normal
2026-02-12 00:16:17.773361,Toronto-fa8a,-6,11,Normal
2026-02-12 00:16:18.773361,Toronto-fa8a,21,50,Normal
2026-02-12 00:16:19.773361,Toronto-fa8a,11,57,Normal
2026-02-12 00:16:20.773361,Toronto-fa8a,-17,5,Normal
2026-02-12 00:16:21.773361,Toronto-fa8a,6,42,Normal
2026-02-12 00:16:22.773361,Toronto-fa8a,2,9,Normal
2026-02-12 00:16:23.773361,Toronto-fa8a,21,89,Normal
2026-02-12 00:16:24.773361,Toronto-fa8a,-11,17,Normal
2026-02-12 00:16:25.773361,Toronto-fa8a,-20,14,Normal
2026-02-12 00:16:26.773361,Toronto-fa8a,6,46,Normal
2026-02-12 00:16:27.773361,Toronto-fa8a,31,69,Normal
2026-02-12 00:16:28.773361,Toronto-fa8a,-24,81,Normal
2026-02-12 00:16:29.773361,Toronto-fa8a,13,11,Normal
2026-02-12 00:16:30.773361,Toronto-fa8a,33,10,Normal
2026-02-12 00:16:31.773361,Toronto-fa8a,-24,53,Normal
2026-02-12 00:16:32.773361,Toronto-fa8a,-17,25,Normal
2026-02-12 00:16:33.773361,Toronto-fa8a,27,31,Normal
2026-02-12 00:16:34.773361,Toronto-fa8a,45,64,Normal
2026-02-12 00:16:35.773361,Toronto-fa8a,23,96,Normal
2026-02-12 00:16:36.773361,Toronto-fa8a,19,17,Normal
2026-02-12 00:16:37.773361,Toronto-fa8a,-11,35,Normal
2026-02-12 00:16:38.773361,Toronto-fa8a,-16,66,Normal
2026-02-12 00:16:39.773361,Toronto-fa8a,27,19,Normal
2026-02-12 00:16:40.773361,Toronto-fa8a,-19,53,Normal
2026-02-12 00:16:41.773361,Toronto-fa8a,-17,25,Normal
2026-02-12 00:16:42.773361,Toronto-fa8a,35,76,Normal
2026-02-12 00:16:43.773361,Toronto-fa8a,-14,99,Normal
2026-02-12 00:16:44.773361,Toronto-fa8a,-29,69,Normal
2026-02-12 00:16:45.773361,Toronto-fa8a,-30,79,Normal
2026-02-12 00:16:46.773361,Toronto-fa8a,48,99,Normal
2026-02-12 00:16:47.773361,Toronto-fa8a,-10,18,Normal
2026-02-12 00:16:48.773361,Toronto-fa8a,-3,3,Normal
2026-02-12 00:16:49.773361,Toronto-fa8a,39,66,Normal
2026-02-12 00:16:50.773361,Toronto-fa8a,-10,58,Normal
2026-02-12 00:16:51.773361,Toronto-fa8a,7,15,Normal
2026-02-12 00:16:52.773361,Toronto-fa8a,5,97,Normal
2026-02-12 00:16:53.773361,Toronto-fa8a,-9,36,Normal
2026-02-12 00:16:54.773361,Toronto-fa8a,36,15,Normal
2026-02-12 00:16:55.773361,Toronto-fa8a,37,15,Normal
2026-02-12 00:16:56.773361,Toronto-fa8a,-8,72,Normal
2026-02-12 00:16:57.773361,Toronto-fa8a,47,81,Normal
2026-02-12 00:16:58.773361,Toronto-fa8a,-13,81,Normal
2026-02-12 00:16:59.773361,Toronto-fa8a,28,10,Normal
2026-02-12 00:17:00.773361,Toronto-fa8a,7,32,Normal
2026-02-12 00:17:01.773361,Toronto-fa8a,-3,66,Normal
2026-02-12 00:17:02.773361,Toronto-fa8a,50,14,Normal
2026-02-12 00:17:03.773361,Toronto-fa8a,19,6,Normal
2026-02-12 00:17:04.773361,Toronto-fa8a,9,24,Normal
2026-02-12 00:17:05.773361,Toronto-fa8a,25,68,Normal
2026-02-12 00:17:06.773361,Toronto-fa8a,-12,19,Normal
2026-02-12 00:17:07.773361,Toronto-fa8a,39,49,Normal
2026-02-12 00:17:08.773361,Toronto-fa8a,12,38,Normal
2026-02-12 00:17:09.773361,Toronto-fa8a,-7,44,Normal
2026-02-12 00:17:10.773361,Toronto-fa8a,10,14,Normal
2026-02-12 00:17:11.773361,Toronto-fa8a,-22,22,Normal
2026-02-12 00:17:12.773361,Toronto-fa8a,-20,46,Normal
2026-02-12 00:17:13.773361,Toronto-fa8a,43,52,Normal
2026-02-12 00:17:14.773361,Toronto-fa8a,23,55,Normal
2026-02-12 00:17:15.773361,Toronto-fa8a,17,18,Normal
2026-02-12 00:17:16.773361,Toronto-fa8a,-22,55,Normal
2026-02-12 00:17:17.773361,Toronto-fa8a,31,64,Normal
2026-02-12 00:17:18.773361,Toronto-fa8a,14,64,Normal
2026-02-12 00:17:19.773361,Toronto-fa8a,-18,45,Normal
2026-02-12 00:17:20.773361,Toronto-fa8a,-30,33,Normal
2026-02-12 00:17:21.773361,Toronto-fa8a,-22,7,Normal
2026-02-12 00:17:22.773361,Toronto-fa8a,23,93,Normal
2026-02-12 00:17:23.773361,Toronto-fa8a,30,64,Normal
2026-02-12 00:17:24.773361,Toronto-fa8a,43,0,Normal
2026-02-12 00:17:25.773361,Toronto-fa8a,-25,78,Normal
2026-02-12 00:17:26.773361,Toronto-fa8a,-13,49,Normal
2026-02-12 00:17:27.773361,Toronto-fa8a,-24,31,Normal
2026-02-12 00:17:28.773361,Toronto-fa8a,47,78,Normal
2026-02-12 00:17:29.773361,Toronto-fa8a,-24,89,Normal
2026-02-12 00:17:30.773361,Toronto-fa8a,34,48,Normal
2026-02-12 00:17:31.773361,Toronto-fa8a,-23,33,Normal
2026-02-12 00:17:32.773361,Toronto-fa8a,32,15,Normal
2026-02-12 00:17:33.773361,Toronto-fa8a,19,9,Normal
2026-02-12 00:17:34.773361,Toronto-fa8a,-29,21,Normal
2026-02-12 00:17:35.773361,Toronto-fa8a,-4,84,Normal
2026-02-12 00:17:36.773361,Toronto-fa8a,-11,21,Normal
2026-02-12 00:17:37.773361,Toronto-fa8a,-13,11,Normal
2026-02-12 00:17:38.773361,Toronto-fa8a,-11,44,Normal
2026-02-12 00:17:39.773361,Toronto-fa8a,12,96,Normal
2026-02-12 00:17:40.773361,Toronto-fa8a,-18,7,Normal
2026-02-12 00:17:41.773361,Toronto-fa8a,-27,90,Normal
2026-02-12 00:17:42.773361,Toronto-fa8a,-1,14,Normal
2026-02-12 00:17:43.773361,Toronto-fa8a,31,31,Normal
2026-02-12 00:17:44.773361,Toronto-fa8a,2,34,Normal
2026-02-12 00:17:45.773361,Toronto-fa8a,31,56,Normal
2026-02-12 00:17:46.773361,Toronto-fa8a,-22,94,Normal
2026-02-12 00:17:47.773361,Toronto-fa8a,0,27,Normal
2026-02-12 00:17:48.773361,Toronto-fa8a,26,81,Normal
2026-02-12 00:17:49.773361,Toronto-fa8a,-23,96,Normal
2026-02-12 00:17:50.773361,Toronto-fa8a,-24,44,Normal
2026-02-12 00:17:51.773361,Toronto-fa8a,-2,22,Normal
2026-02-12 00:17:52.773361,Toronto-fa8a,-28,25,Normal
2026-02-12 00:17:53.773361,Toronto-fa8a,33,42,Normal
2026-02-12 00:17:54.773361,Toronto-fa8a,28,72,Normal
2026-02-12 00:17:55.773361,Toronto-fa8a,-8,21,Normal
2026-02-12 00:17:56.773361,Toronto-fa8a,-21,21,Normal
2026-02-12 00:17:57.773361,Toronto-fa8a,16,3,Normal
2026-02-12 00:17:58.773361,Toronto-fa8a,-21,81,Normal
2026-02-12 00:17:59.773361,Toronto-fa8a,33,31,Normal
2026-02-12 00:18:00.773361,Toronto-fa8a,20,56,Normal
2026-02-12 00:18:01.773361,Toronto-fa8a,20,97,Normal
2026-02-12 00:18:02.773361,Toronto-fa8a,-14,38,Normal
2026-02-12 00:18:03.773361,Toronto-fa8a,33,87,Normal
2026-02-12 00:18:04.773361,Toronto-fa8a,31,1,Normal
2026-02-12 00:18:05.773361,Toronto-fa8a,25,35,Normal
2026-02-12 00:18:06.773361,Toronto-fa8a,-3,77,Normal
2026-02-12 00:18:07.773361,Toronto-fa8a,-13,16,Normal
2026-02-12 00:18:08.773361,Toronto-fa8a,41,88,Normal
2026-02-12 00:18:09.773361,Toronto-fa8a,29,38,Normal
2026-02-12 00:18:10.773361,Toronto-fa8a,-26,4,Normal
2026-02-12 00:18:11.773361,Toronto-fa8a,0,92,Normal
2026-02-12 00:18:12.773361,Toronto-fa8a,21,88,Normal
2026-02-12 00:18:13.773361,Toronto-fa8a,22,75,Normal
2026-02-12 00:18:14.773361,Toronto-fa8a,-17,78,Normal
2026-02-12 00:18:15.773361,Toronto-fa8a,36,18,Normal
2026-02-12 00:18:16.773361,Toronto-fa8a,-24,69,Normal
2026-02-12 00:18:17.773361,Toronto-fa8a,40,37,Normal
2026-02-12 00:18:18.773361,Toronto-fa8a,-24,55,Normal
2026-02-12 00:18:19.773361,Toronto-fa8a,40,36,Normal
2026-02-12 00:18:20.773361,Toronto-fa8a,-1,33,Normal
2026-02-12 00:18:21.773361,Toronto-fa8a,-5,74,Normal
2026-02-12 00:18:22.773361,Toronto-fa8a,44,19,Normal
2026-02-12 00:18:23.773361,Toronto-fa8a,33,5,Normal
2026-02-12 00:18:24.773361,Toronto-fa8a,14,3,Normal
2026-02-12 00:18:25.773361,Toronto-fa8a,7,44,Normal
2026-02-12 00:18:26.773361,Toronto-fa8a,35,0,Normal
2026-02-12 00:18:27.773361,Toronto-fa8a,-24,51,Normal
2026-02-12 00:18:28.773361,Toronto-fa8a,4,17,Normal
2026-02-12 00:18:29.773361,Toronto-fa8a,14,42,Normal
2026-02-12 00:18:30.773361,Toronto-fa8a,-15,50,Normal
2026-02-12 00:18:31.773361,Toronto-fa8a,12,47,Normal
2026-02-12 00:18:32.773361,Toronto-fa8a,42,75,Normal
2026-02-12 00:18:33.773361,Toronto-fa8a,-10,73,Normal
2026-02-12 00:18:34.773361,Toronto-fa8a,16,85,Normal
2026-02-12 00:18:35.773361,Toronto-fa8a,37,16,Normal
2026-02-12 00:18:36.773361,Toronto-fa8a,10,32,Normal
2026-02-12 00:18:37.773361,Toronto-fa8a,-11,8,Normal
2026-02-12 00:18:38.773361,Toronto-fa8a,30,82,Normal
2026-02-12 00:18:39.773361,Toronto-fa8a,5,83,Normal
2026-02-12 00:18:40.773361,Toronto-fa8a,-6,10,Normal
2026-02-12 00:18:41.773361,Toronto-fa8a,27,91,Normal
2026-02-12 00:18:42.773361,Toronto-fa8a,50,20,Normal
2026-02-12 00:18:43.773361,Toronto-fa8a,15,28,Normal
2026-02-12 00:18:44.773361,Toronto-fa8a,7,75,Normal
2026-02-12 00:18:45.773361,Toronto-fa8a,-26,1,Normal
2026-02-12 00:18:46.773361,Toronto-fa8a,45,82,Normal
2026-02-12 00:18:47.773361,Toronto-fa8a,6,14,Normal
2026-02-12 00:18:48.773361,Toronto-fa8a,-13,19,Normal
2026-02-12 00:18:49.773361,Toronto-fa8a,28,19,Normal
2026-02-12 00:18:50.773361,Toronto-fa8a,-22,12,Normal
2026-02-12 00:18:51.773361,Toronto-fa8a,-17,67,Normal
2026-02-12 00:18:52.773361,Toronto-fa8a,27,56,Normal
2026-02-12 00:18:53.773361,Toronto-fa8a,-30,74,Normal
2026-02-12 00:18:54.773361,Toronto-fa8a,-22,41,Normal
2026-02-12 00:18:55.773361,Toronto-fa8a,-18,80,Normal
2026-02-12 00:18:56.773361,Toronto-fa8a,48,15,Normal
2026-02-12 00:18:57.773361,Toronto-fa8a,-2,83,Normal
2026-02-12 00:18:58.773361,Toronto-fa8a,50,40,Normal
2026-02-12 00:18:59.773361,Toronto-fa8a,-21,36,Normal
2026-02-12 00:19:00.773361,Toronto-fa8a,-12,13,Normal
2026-02-12 00:19:01.773361,Toronto-fa8a,-9,23,Normal
2026-02-12 00:19:02.773361,Toronto-fa8a,50,10,Normal
2026-02-12 00:19:03.773361,Toronto-fa8a,-11,43,Normal
2026-02-12 00:19:04.773361,Toronto-fa8a,-1,0,Normal
2026-02-12 00:19:05.773361,Toronto-fa8a,42,17,Normal
2026-02-12 00:19:06.773361,Toronto-fa8a,4,11,Normal
2026-02-12 00:19:07.773361,Toronto-fa8a,10,62,Normal
2026-02-12 00:19:08.773361,Toronto-fa8a,-11,89,Normal
2026-02-12 00:19:09.773361,Toronto-fa8a,35,29,Normal
2026-02-12 00:19:10.773361,Toronto-fa8a,16,89,Normal
2026-02-12 00:19:11.773361,Toronto-fa8a,46,9,Normal
2026-02-12 00:19:12.773361,Toronto-fa8a,6,82,Normal
2026-02-12 00:19:13.773361,Toronto-fa8a,25,11,Normal
2026-02-12 00:19:14.773361,Toronto-fa8a,47,56,Normal
2026-02-12 00:19:15.773361,Toronto-fa8a,44,53,Normal
2026-02-12 00:19:16.773361,Toronto-fa8a,-5,53,Normal
2026-02-12 00:19:17.773361,Toronto-fa8a,8,80,Normal
2026-02-12 00:19:18.773361,Toronto-fa8a,46,63,Normal
2026-02-12 00:19:19.773361,Toronto-fa8a,1,64,Normal
2026-02-12 00:19:20.773361,Toronto-fa8a,39,22,Normal
2026-02-12 00:19:21.773361,Toronto-fa8a,-6,87,Normal
2026-02-12 00:19:22.773361,Toronto-fa8a,40,16,Normal
2026-02-12 00:19:23.773361,Toronto-fa8a,12,9,Normal
2026-02-12 00:19:24.773361,Toronto-fa8a,5,71,Normal
2026-02-12 00:19:25.773361,Toronto-fa8a,-13,39,Normal
2026-02-12 00:19:26.773361,Toronto-fa8a,1,11,Normal
2026-02-12 00:19:27.773361,Toronto-fa8a,-6,3,Normal
2026-02-12 00:19:28.773361,Toronto-fa8a,15,32,Normal
2026-02-12 00:19:29.773361,Toronto-fa8a,-18,30,Normal
2026-02-12 00:19:30.773361,Toronto-fa8a,32,28,Normal
2026-02-12 00:19:31.773361,Toronto-fa8a,-9,79,Normal
2026-02-12 00:19:32.773361,Toronto-fa8a,-11,89,Normal
2026-02-12 00:19:33.773361,Toronto-fa8a,8,44,Normal
2026-02-12 00:19:34.773361,Toronto-fa8a,48,9,Normal
2026-02-12 00:19:35.773361,Toronto-fa8a,5,98,Normal
2026-02-12 00:19:36.773361,Toronto-fa8a,45,81,Normal
2026-02-12 00:19:37.773361,Toronto-fa8a,-13,34,Normal
2026-02-12 00:19:38.773361,Toronto-fa8a,17,73,Normal
2026-02-12 00:19:39.773361,Toronto-fa8a,-2,94,Normal
2026-02-12 00:19:40.773361,Toronto-fa8a,-12,94,Normal
2026-02-12 00:19:41.773361,Toronto-fa8a,19,48,Normal
2026-02-12 00:19:42.773361,Toronto-fa8a,-15,92,Normal
2026-02-12 00:19:43.773361,Toronto-fa8a,32,30,Normal
2026-02-12 00:19:44.773361,Toronto-fa8a,28,29,Normal
2026-02-12 00:19:45.773361,Toronto-fa8a,10,41,Normal
2026-02-12 00:19:46.773361,Toronto-fa8a,13,52,Normal
2026-02-12 00:19:47.773361,Toronto-fa8a,47,64,Normal
2026-02-12 00:19:48.773361,Toronto-fa8a,33,87,Normal
2026-02-12 00:19:49.773361,Toronto-fa8a,5,86,Normal
2026-02-12 00:19:50.773361,Toronto-fa8a,49,28,Normal
2026-02-12 00:19:51.773361,Toronto-fa8a,-13,30,Normal
2026-02-12 00:19:52.773361,Toronto-fa8a,-18,5,Normal
2026-02-12 00:19:53.773361,Toronto-fa8a,-6,3,Normal
2026-02-12 00:19:54.773361,Toronto-fa8a,21,0,Normal
2026-02-12 00:19:55.773361,Toronto-fa8a,19,7,Normal
2026-02-12 00:19:56.773361,Toronto-fa8a,18,49,Normal
2026-02-12 00:19:57.773361,Toronto-fa8a,25,62,Normal
2026-02-12 00:19:58.773361,Toronto-fa8a,43,73,Normal
2026-02-12 00:19:59.773361,Toronto-fa8a,5,53,Normal
2026-02-12 00:20:00.773361,Toronto-fa8a,0,86,Normal
2026-02-12 00:20:01.773361,Toronto-fa8a,25,16,Normal
2026-02-12 00:20:02.773361,Toronto-fa8a,17,70,Normal
2026-02-12 00:20:03.773361,Toronto-fa8a,39,15,Normal
2026-02-12 00:20:04.773361,Toronto-fa8a,26,47,Normal
2026-02-12 00:20:05.773361,Toronto-fa8a,19,75,Normal
2026-02-12 00:20:06.773361,Toronto-fa8a,43,10,Normal
2026-02-12 00:20:07.773361,Toronto-fa8a,42,54,Normal
2026-02-12 00:20:08.773361,Toronto-fa8a,12,35,Normal
2026-02-12 00:20:09.773361,Toronto-fa8a,-3,91,Normal
2026-02-12 00:20:10.773361,Toronto-fa8a,-17,48,Normal
2026-02-12 00:20:11.773361,Toronto-fa8a,-30,60,Normal
2026-02-12 00:20:12.773361,Toronto-fa8a,-4,50,Normal
2026-02-12 00:20:13.773361,Toronto-fa8a,36,46,Normal
2026-02-12 00:20:14.773361,Toronto-fa8a,-23,22,Normal
2026-02-12 00:20:15.773361,Toronto-fa8a,27,16,Normal
2026-02-12 00:20:16.773361,Toronto-fa8a,36,2,Normal
2026-02-12 00:20:17.773361,Toronto-fa8a,14,68,Normal
2026-02-12 00:20:18.773361,Toronto-fa8a,3,22,Normal
2026-02-12 00:20:19.773361,Toronto-fa8a,-1,2,Normal
2026-02-12 00:20:20.773361,Toronto-fa8a,13,15,Normal
2026-02-12 00:20:21.773361,Toronto-fa8a,25,57,Normal
2026-02-12 00:20:22.773361,Toronto-fa8a,0,26,Normal
2026-02-12 00:20:23.773361,Toronto-fa8a,-26,5,Normal
2026-02-12 00:20:24.773361,Toronto-fa8a,-2,8,Normal
2026-02-12 00:20:25.773361,Toronto-fa8a,28,88,Normal
2026-02-12 00:20:26.773361,Toronto-fa8a,-19,54,Normal
2026-02-12 00:20:27.773361,Toronto-fa8a,22,32,Normal
2026-02-12 00:20:28.773361,Toronto-fa8a,41,2,Normal
2026-02-12 00:20:29.773361,Toronto-fa8a,50,68,Normal
2026-02-12 00:20:30.773361,Toronto-fa8a,-2,57,Normal
2026-02-12 00:20:31.773361,Toronto-fa8a,37,23,Normal
2026-02-12 00:20:32.773361,Toronto-fa8a,31,54,Normal
2026-02-12 00:20:33.773361,Toronto-fa8a,-2,94,Normal
2026-02-12 00:20:34.773361,Toronto-fa8a,0,7,Normal
2026-02-12 00:20:35.773361,Toronto-fa8a,30,47,Normal
2026-02-12 00:20:36.773361,Toronto-fa8a,-20,68,Normal
2026-02-12 00:20:37.773361,Toronto-fa8a,12,56,Normal
2026-02-12 00:20:38.773361,Toronto-fa8a,-13,85,Normal
2026-02-12 00:20:39.773361,Toronto-fa8a,10,74,Normal
2026-02-12 00:20:40.773361,Toronto-fa8a,14,45,Normal
2026-02-12 00:20:41.773361,Toronto-fa8a,-28,79,Normal
2026-02-12 00:20:42.773361,Toronto-fa8a,8,18,Normal
2026-02-12 00:20:43.773361,Toronto-fa8a,-11,27,Normal
2026-02-12 00:20:44.773361,Toronto-fa8a,-15,59,Normal
2026-02-12 00:20:45.773361,Toronto-fa8a,24,10,Normal
2026-02-12 00:20:46.773361,Toronto-fa8a,-1,13,Normal
2026-02-12 00:20:47.773361,Toronto-fa8a,29,56,Normal
2026-02-12 00:20:48.773361,Toronto-fa8a,0,92,Normal
2026-02-12 00:20:49.773361,Toronto-fa8a,-13,97,Normal
2026-02-12 00:20:50.773361,Toronto-fa8a,26,74,Normal
2026-02-12 00:20:51.773361,Toronto-fa8a,22,47,Normal
2026-02-12 00:20:52.773361,Toronto-fa8a,35,85,Normal
2026-02-12 00:20:53.773361,Toronto-fa8a,-27,82,Normal
2026-02-12 00:20:54.773361,Toronto-fa8a,4,54,Normal
2026-02-12 00:20:55.773361,Toronto-fa8a,17,97,Normal
2026-02-12 00:20:56.773361,Toronto-fa8a,14,83,Normal
2026-02-12 00:20:57.773361,Toronto-fa8a,11,70,Normal
2026-02-12 00:20:58.773361,Toronto-fa8a,-1,87,Normal
2026-02-12 00:20:59.773361,Toronto-fa8a,35,39,Normal
2026-02-12 00:21:00.773361,Toronto-fa8a,43,61,Normal
2026-02-12 00:21:01.773361,Toronto-fa8a,24,23,Normal
2026-02-12 00:21:02.773361,Toronto-fa8a,-18,59,Normal
2026-02-12 00:21:03.773361,Toronto-fa8a,49,68,Normal
2026-02-12 00:21:04.773361,Toronto-fa8a,22,88,Normal
2026-02-12 00:21:05.773361,Toronto-fa8a,7,38,Normal
2026-02-12 00:21:06.773361,Toronto-fa8a,-16,59,Normal
2026-02-12 00:21:07.773361,Toronto-fa8a,-13,22,Normal
2026-02-12 00:21:08.773361,Toronto-fa8a,40,63,Normal
2026-02-12 00:21:09.773361,Toronto-fa8a,-29,51,Normal
2026-02-12 00:21:10.773361,Toronto-fa8a,6,68,Normal
2026-02-12 00:21:11.773361,Toronto-fa8a,10,58,Normal
2026-02-12 00:21:12.773361,Toronto-fa8a,-7,5,Normal
2026-02-12 00:21:13.773361,Toronto-fa8a,-18,86,Normal
2026-02-12 00:21:14.773361,Toronto-fa8a,26,20,Normal
2026-02-12 00:21:15.773361,Toronto-fa8a,38,52,Normal
2026-02-12 00:21:16.773361,Toronto-fa8a,-22,52,Normal
2026-02-12 00:21:17.773361,Toronto-fa8a,7,30,Normal
2026-02-12 00:21:18.773361,Toronto-fa8a,-20,62,Normal
2026-02-12 00:21:19.773361,Toronto-fa8a,45,45,Normal
2026-02-12 00:21:20.773361,Toronto-fa8a,33,13,Normal
2026-02-12 00:21:21.773361,Toronto-fa8a,25,85,Normal
2026-02-12 00:21:22.773361,Toronto-fa8a,24,96,Normal
2026-02-12 00:21:23.773361,Toronto-fa8a,-4,60,Normal
2026-02-12 00:21:24.773361,Toronto-fa8a,49,79,Normal
2026-02-12 00:21:25.773361,Toronto-fa8a,8,37,Normal
2026-02-12 00:21:26.773361,Toronto-fa8a,37,35,Normal
2026-02-12 00:21:27.773361,Toronto-fa8a,6,63,Normal
2026-02-12 00:21:28.773361,Toronto-fa8a,28,28,Normal
2026-02-12 00:21:29.773361,Toronto-fa8a,15,69,Normal
2026-02-12 00:21:30.773361,Toronto-fa8a,34,27,Normal
2026-02-12 00:21:31.773361,Toronto-fa8a,1,31,Normal
2026-02-12 00:21:32.773361,Toronto-fa8a,-9,21,Normal
2026-02-12 00:21:33.773361,Toronto-fa8a,39,37,Normal
2026-02-12 00:21:34.773361,Toronto-fa8a,1,44,Normal
2026-02-12 00:21:35.773361,Toronto-fa8a,-15,1,Normal
2026-02-12 00:21:36.773361,Toronto-fa8a,39,12,Normal
2026-02-12 00:21:37.773361,Toronto-fa8a,2,28,Normal
2026-02-12 00:21:38.773361,Toronto-fa8a,43,54,Normal
2026-02-12 00:21:39.773361,Toronto-fa8a,-25,48,Normal
2026-02-12 00:21:40.773361,Toronto-fa8a,26,11,Normal
2026-02-12 00:21:41.773361,Toronto-fa8a,-2,13,Normal
2026-02-12 00:21:42.773361,Toronto-fa8a,33,38,Normal
2026-02-12 00:21:43.773361,Toronto-fa8a,-26,54,Normal
2026-02-12 00:21:44.773361,Toronto-fa8a,-12,55,Normal
2026-02-12 00:21:45.773361,Toronto-fa8a,-23,71,Normal
2026-02-12 00:21:46.773361,Toronto-fa8a,41,89,Normal
2026-02-12 00:21:47.773361,Toronto-fa8a,-2,90,Normal
2026-02-12 00:21:48.773361,Toronto-fa8a,40,33,Normal
2026-02-12 00:21:49.773361,Toronto-fa8a,35,24,Normal
2026-02-12 00:21:50.773361,Toronto-fa8a,22,60,Normal
2026-02-12 00:21:51.773361,Toronto-fa8a,41,15,Normal
2026-02-12 00:21:52.773361,Toronto-fa8a,-20,59,Normal
2026-02-12 00:21:53.773361,Toronto-fa8a,-11,78,Normal
2026-02-12 00:21:54.773361,Toronto-fa8a,12,22,Normal
2026-02-12 00:21:55.773361,Toronto-fa8a,32,88,Normal
2026-02-12 00:21:56.773361,Toronto-fa8a,-10,34,Normal
2026-02-12 00:21:57.773361,Toronto-fa8a,30,80,Normal
2026-02-12 00:21:58.773361,Toronto-fa8a,-28,31,Normal
2026-02-12 00:21:59.773361,Toronto-fa8a,41,62,Normal
2026-02-12 00:22:00.773361,Toronto-fa8a,49,42,Normal
2026-02-12 00:22:01.773361,Toronto-fa8a,45,66,Normal
2026-02-12 00:22:02.773361,Toronto-fa8a,-27,33,Normal
2026-02-12 00:22:03.773361,Toronto-fa8a,48,9,Normal
2026-02-12 00:22:04.773361,Toronto-fa8a,-26,25,Normal
2026-02-12 00:22:05.773361,Toronto-fa8a,48,19,Normal
2026-02-12 00:22:06.773361,Toronto-fa8a,4,20,Normal
2026-02-12 00:22:07.773361,Toronto-fa8a,-5,57,Normal
2026-02-12 00:22:08.773361,Toronto-fa8a,-20,37,Normal
2026-02-12 00:22:09.773361,Toronto-fa8a,40,53,Normal
2026-02-12 00:22:10.773361,Toronto-fa8a,-22,30,Normal
2026-02-12 00:22:11.773361,Toronto-fa8a,43,89,Normal
2026-02-12 00:22:12.773361,Toronto-fa8a,-14,51,Normal
2026-02-12 00:22:13.773361,Toronto-fa8a,-15,86,Normal
2026-02-12 00:22:14.773361,Toronto-fa8a,-16,43,Normal
2026-02-12 00:22:15.773361,Toronto-fa8a,-15,30,Normal
2026-02-12 00:22:16.773361,Toronto-fa8a,9,46,Normal
2026-02-12 00:22:17.773361,Toronto-fa8a,-7,70,Normal
2026-02-12 00:22:18.773361,Toronto-fa8a,-25,54,Normal
2026-02-12 00:22:19.773361,Toronto-fa8a,32,16,Normal
2026-02-12 00:22:20.773361,Toronto-fa8a,-24,57,Normal
2026-02-12 00:22:21.773361,Toronto-fa8a,46,83,Normal
2026-02-12 00:22:22.773361,Toronto-fa8a,42,75,Normal
2026-02-12 00:22:23.773361,Toronto-fa8a,27,76,Normal
2026-02-12 00:22:24.773361,Toronto-fa8a,-29,47,Normal
2026-02-12 00:22:25.773361,Toronto-fa8a,-22,57,Normal
2026-02-12 00:22:26.773361,Toronto-fa8a,-7,39,Normal
2026-02-12 00:22:27.773361,Toronto-fa8a,-13,88,Normal
2026-02-12 00:22:28.773361,Toronto-fa8a,-10,49,Normal
2026-02-12 00:22:29.773361,Toronto-fa8a,-7,62,Normal
2026-02-12 00:22:30.773361,Toronto-fa8a,2,64,Normal
2026-02-12 00:22:31.773361,Toronto-fa8a,-27,49,Normal
2026-02-12 00:22:32.773361,Toronto-fa8a,15,0,Normal
2026-02-12 00:22:33.773361,Toronto-fa8a,-15,59,Normal
2026-02-12 00:22:34.773361,Toronto-fa8a,-13,90,Normal
2026-02-12 00:22:35.773361,Toronto-fa8a,32,9,Normal
2026-02-12 00:22:36.773361,Toronto-fa8a,-19,73,Normal
2026-02-12 00:22:37.773361,Toronto-fa8a,40,90,Normal
2026-02-12 00:22:38.773361,Toronto-fa8a,-26,15,Normal
2026-02-12 00:22:39.773361,Toronto-fa8a,26,92,Normal
2026-02-12 00:22:40.773361,Toronto-fa8a,45,25,Normal
2026-02-12 00:22:41.773361,Toronto-fa8a,20,99,Normal
2026-02-12 00:22:42.773361,Toronto-fa8a,-9,42,Normal
2026-02-12 00:22:43.773361,Toronto-fa8a,12,5,Normal
2026-02-12 00:22:44.773361,Toronto-fa8a,33,28,Normal
2026-02-12 00:22:45.773361,Toronto-fa8a,46,49,Normal
2026-02-12 00:22:46.773361,Toronto-fa8a,-14,64,Normal
2026-02-12 00:22:47.773361,Toronto-fa8a,23,11,Normal
2026-02-12 00:22:48.773361,Toronto-fa8a,-8,36,Normal
2026-02-12 00:22:49.773361,Toronto-fa8a,-18,39,Normal
2026-02-12 00:22:50.773361,Toronto-fa8a,25,52,Normal
2026-02-12 00:22:51.773361,Toronto-fa8a,36,24,Normal
2026-02-12 00:22:52.773361,Toronto-fa8a,17,68,Normal
2026-02-12 00:22:53.773361,Toronto-fa8a,40,6,Normal
2026-02-12 00:22:54.773361,Toronto-fa8a,36,84,Normal
2026-02-12 00:22:55.773361,Toronto-fa8a,1,40,Normal
2026-02-12 00:22:56.773361,Toronto-fa8a,43,23,Normal
2026-02-12 00:22:57.773361,Toronto-fa8a,20,75,Normal
2026-02-12 00:22:58.773361,Toronto-fa8a,8,69,Normal
2026-02-12 00:22:59.773361,Toronto-fa8a,-16,16,Normal
2026-02-12 00:23:00.773361,Toronto-fa8a,23,46,Normal
2026-02-12 00:23:01.773361,Toronto-fa8a,1,34,Normal
2026-02-12 00:23:02.773361,Toronto-fa8a,48,58,Normal
2026-02-12 00:23:03.773361,Toronto-fa8a,1,64,Normal
2026-02-12 00:23:04.773361,Toronto-fa8a,24,63,Normal
2026-02-12 00:23:05.773361,Toronto-fa8a,50,0,Normal
2026-02-12 00:23:06.773361,Toronto-fa8a,26,88,Normal
2026-02-12 00:23:07.773361,Toronto-fa8a,37,58,Normal
2026-02-12 00:23:08.773361,Toronto-fa8a,23,49,Normal
2026-02-12 00:23:09.773361,Toronto-fa8a,28,14,Normal
2026-02-12 00:23:10.773361,Toronto-fa8a,-20,76,Normal
2026-02-12 00:23:11.773361,Toronto-fa8a,48,54,Normal
2026-02-12 00:23:12.773361,Toronto-fa8a,10,79,Normal
2026-02-12 00:23:13.773361,Toronto-fa8a,-5,38,Normal
2026-02-12 00:23:14.773361,Toronto-fa8a,28,68,Normal
2026-02-12 00:23:15.773361,Toronto-fa8a,29,26,Normal
2026-02-12 00:23:16.773361,Toronto-fa8a,4,26,Normal
2026-02-12 00:23:17.773361,Toronto-fa8a,18,83,Normal
2026-02-12 00:23:18.773361,Toronto-fa8a,49,52,Normal
2026-02-12 00:23:19.773361,Toronto-fa8a,30,32,Normal
2026-02-12 00:23:20.773361,Toronto-fa8a,37,25,Normal
2026-02-12 00:23:21.773361,Toronto-fa8a,36,83,Normal
2026-02-12 00:23:22.773361,Toronto-fa8a,-17,71,Normal
2026-02-12 00:23:23.773361,Toronto-fa8a,-3,42,Normal
2026-02-12 00:23:24.773361,Toronto-fa8a,35,92,Normal
2026-02-12 00:23:25.773361,Toronto-fa8a,23,0,Normal
2026-02-12 00:23:26.773361,Toronto-fa8a,-17,52,Normal
2026-02-12 00:23:27.773361,Toronto-fa8a,23,51,Normal
2026-02-12 00:23:28.773361,Toronto-fa8a,-30,20,Normal
2026-02-12 00:23:29.773361,Toronto-fa8a,39,55,Normal
2026-02-12 00:23:30.773361,Toronto-fa8a,-21,0,Normal
2026-02-12 00:23:31.773361,Toronto-fa8a,-6,37,Normal
2026-02-12 00:23:32.773361,Toronto-fa8a,8,45,Normal
2026-02-12 00:23:33.773361,Toronto-fa8a,-17,71,Normal
2026-02-12 00:23:34.773361,Toronto-fa8a,17,47,Normal
2026-02-12 00:23:35.773361,Toronto-fa8a,7,13,Normal
2026-02-12 00:23:36.773361,Toronto-fa8a,13,83,Normal
2026-02-12 00:23:37.773361,Toronto-fa8a,34,47,Normal
2026-02-12 00:23:38.773361,Toronto-fa8a,29,83,Normal
2026-02-12 00:23:39.773361,Toronto-fa8a,15,63,Normal
2026-02-12 00:23:40.773361,Toronto-fa8a,-29,27,Normal
2026-02-12 00:23:41.773361,Toronto-fa8a,-20,86,Normal
2026-02-12 00:23:42.773361,Toronto-fa8a,0,81,Normal
2026-02-12 00:23:43.773361,Toronto-fa8a,14,5,Normal
2026-02-12 00:23:44.773361,Toronto-fa8a,-5,86,Normal
2026-02-12 00:23:45.773361,Toronto-fa8a,10,18,Normal
2026-02-12 00:23:46.773361,Toronto-fa8a,-17,78,Normal
2026-02-12 00:23:47.773361,Toronto-fa8a,10,79,Normal
2026-02-12 00:23:48.773361,Toronto-fa8a,-17,62,Normal
2026-02-12 00:23:49.773361,Toronto-fa8a,17,83,Normal
2026-02-12 00:23:50.773361,Toronto-fa8a,8,31,Normal
2026-02-12 00:23:51.773361,Toronto-fa8a,43,34,Normal
2026-02-12 00:23:52.773361,Toronto-fa8a,-9,67,Normal
2026-02-12 00:23:53.773361,Toronto-fa8a,-27,11,Normal
2026-02-12 00:23:54.773361,Toronto-fa8a,11,14,Normal
2026-02-12 00:23:55.773361,Toronto-fa8a,8,96,Normal
2026-02-12 00:23:56.773361,Toronto-fa8a,11,35,Normal
2026-02-12 00:23:57.773361,Toronto-fa8a,-17,34,Normal
2026-02-12 00:23:58.773361,Toronto-fa8a,1,1,Normal
2026-02-12 00:23:59.773361,Toronto-fa8a,48,89,Normal
2026-02-12 00:24:00.773361,Toronto-fa8a,-18,6,Normal
2026-02-12 00:24:01.773361,Toronto-fa8a,-7,37,Normal
2026-02-12 00:24:02.773361,Toronto-fa8a,12,99,Normal
2026-02-12 00:24:03.773361,Toronto-fa8a,43,0,Normal
2026-02-12 00:24:04.773361,Toronto-fa8a,-15,53,Normal
2026-02-12 00:24:05.773361,Toronto-fa8a,-21,40,Normal
2026-02-12 00:24:06.773361,Toronto-fa8a,0,5,Normal
2026-02-12 00:24:07.773361,Toronto-fa8a,34,45,Normal
2026-02-12 00:24:08.773361,Toronto-fa8a,-30,82,Normal
2026-02-12 00:24:09.773361,Toronto-fa8a,18,23,Normal
2026-02-12 00:24:10.773361,Toronto-fa8a,-12,13,Normal
2026-02-12 00:24:11.773361,Toronto-fa8a,38,32,Normal
2026-02-12 00:24:12.773361,Toronto-fa8a,35,27,Normal
2026-02-12 00:24:13.773361,Toronto-fa8a,38,26,Normal
2026-02-12 00:24:14.773361,Toronto-fa8a,-11,41,Normal
2026-02-12 00:24:15.773361,Toronto-fa8a,45,49,Normal
2026-02-12 00:24:16.773361,Toronto-fa8a,-6,51,Normal
2026-02-12 00:24:17.773361,Toronto-fa8a,-14,92,Normal
2026-02-12 00:24:18.773361,Toronto-fa8a,-6,47,Normal
2026-02-12 00:24:19.773361,Toronto-fa8a,17,3,Normal
2026-02-12 00:24:20.773361,Toronto-fa8a,20,79,Normal
2026-02-12 00:24:21.773361,Toronto-fa8a,-25,25,Normal
2026-02-12 00:24:22.773361,Toronto-fa8a,-15,80,Normal
2026-02-12 00:24:23.773361,Toronto-fa8a,41,22,Normal
2026-02-12 00:24:24.773361,Toronto-fa8a,12,66,Normal
2026-02-12 00:24:25.773361,Toronto-fa8a,7,0,Normal
2026-02-12 00:24:26.773361,Toronto-fa8a,-20,29,Normal
2026-02-12 00:24:27.773361,Toronto-fa8a,-17,52,Normal
2026-02-12 00:24:28.773361,Toronto-fa8a,2,74,Normal
2026-02-12 00:24:29.773361,Toronto-fa8a,4,46,Normal
2026-02-12 00:24:30.773361,Toronto-fa8a,39,53,Normal
2026-02-12 00:24:31.773361,Toronto-fa8a,0,88,Normal
2026-02-12 00:24:32.773361,Toronto-fa8a,-16,34,Normal
2026-02-12 00:24:33.773361,Toronto-fa8a,-28,88,Normal
2026-02-12 00:24:34.773361,Toronto-fa8a,20,94,Normal
2026-02-12 00:24:35.773361,Toronto-fa8a,22,36,Normal
2026-02-12 00:24:36.773361,Toronto-fa8a,-2,21,Normal
2026-02-12 00:24:37.773361,Toronto-fa8a,45,75,Normal
2026-02-12 00:24:38.773361,Toronto-fa8a,-10,98,Normal
2026-02-12 00:24:39.773361,Toronto-fa8a,-12,73,Normal
2026-02-12 00:24:40.773361,Toronto-fa8a,-29,63,Normal
2026-02-12 00:24:41.773361,Toronto-fa8a,49,34,Normal
2026-02-12 00:24:42.773361,Toronto-fa8a,-9,23,Normal
2026-02-12 00:24:43.773361,Toronto-fa8a,7,14,Normal
2026-02-12 00:24:44.773361,Toronto-fa8a,12,81,Normal
2026-02-12 00:24:45.773361,Toronto-fa8a,-9,92,Normal
2026-02-12 00:24:46.773361,Toronto-fa8a,-14,71,Normal
2026-02-12 00:24:47.773361,Toronto-fa8a,-16,79,Normal
2026-02-12 00:24:48.773361,Toronto-fa8a,3,60,Normal
2026-02-12 00:24:49.773361,Toronto-fa8a,2,4,Normal
2026-02-12 00:24:50.773361,Toronto-fa8a,2,97,Normal
2026-02-12 00:24:51.773361,Toronto-fa8a,27,98,Normal
2026-02-12 00:24:52.773361,Toronto-fa8a,24,12,Normal
2026-02-12 00:24:53.773361,Toronto-fa8a,-16,25,Normal
2026-02-12 00:24:54.773361,Toronto-fa8a,-12,56,Normal
2026-02-12 00:24:55.773361,Toronto-fa8a,6,19,Normal
2026-02-12 00:24:56.773361,Toronto-fa8a,39,48,Normal
2026-02-12 00:24:57.773361,Toronto-fa8a,30,3,Normal
2026-02-12 00:24:58.773361,Toronto-fa8a,-9,90,Normal
2026-02-12 00:24:59.773361,Toronto-fa8a,26,67,Normal
2026-02-12 00:25:00.773361,Toronto-fa8a,10,20,Normal
2026-02-12 00:25:01.773361,Toronto-fa8a,20,73,Normal
2026-02-12 00:25:02.773361,Toronto-fa8a,16,78,Normal
2026-02-12 00:25:03.773361,Toronto-fa8a,11,21,Normal
2026-02-12 00:25:04.773361,Toronto-fa8a,-18,64,Normal
2026-02-12 00:25:05.773361,Toronto-fa8a,14,57,Normal
2026-02-12 00:25:06.773361,Toronto-fa8a,-10,97,Normal
2026-02-12 00:25:07.773361,Toronto-fa8a,14,0,Normal
2026-02-12 00:25:08.773361,Toronto-fa8a,39,9,Normal
2026-02-12 00:25:09.773361,Toronto-fa8a,-5,5,Normal
2026-02-12 00:25:10.773361,Toronto-fa8a,27,91,Normal
2026-02-12 00:25:11.773361,Toronto-fa8a,37,26,Normal
2026-02-12 00:25:12.773361,Toronto-fa8a,37,100,Normal
2026-02-12 00:25:13.773361,Toronto-fa8a,-29,84,Normal
2026-02-12 00:25:14.773361,Toronto-fa8a,12,50,Normal
2026-02-12 00:25:15.773361,Toronto-fa8a,26,24,Normal
2026-02-12 00:25:16.773361,Toronto-fa8a,27,3,Normal
2026-02-12 00:25:17.773361,Toronto-fa8a,44,91,Normal
2026-02-12 00:25:18.773361,Toronto-fa8a,38,57,Normal
2026-02-12 00:25:19.773361,Toronto-fa8a,-12,40,Normal
2026-02-12 00:25:20.773361,Toronto-fa8a,46,26,Normal
2026-02-12 00:25:21.773361,Toronto-fa8a,31,82,Normal
2026-02-12 00:25:22.773361,Toronto-fa8a,34,79,Normal
2026-02-12 00:25:23.773361,Toronto-fa8a,-27,23,Normal
2026-02-12 00:25:24.773361,Toronto-fa8a,-29,29,Normal
2026-02-12 00:25:25.773361,Toronto-fa8a,1,70,Normal
2026-02-12 00:25:26.773361,Toronto-fa8a,11,33,Normal
2026-02-12 00:25:27.773361,Toronto-fa8a,13,91,Normal
2026-02-12 00:25:28.773361,Toronto-fa8a,-8,34,Normal
2026-02-12 00:25:29.773361,Toronto-fa8a,-10,76,Normal
2026-02-12 00:25:30.773361,Toronto-fa8a,36,65,Normal
2026-02-12 00:25:31.773361,Toronto-fa8a,46,99,Normal
2026-02-12 00:25:32.773361,Toronto-fa8a,2,25,Normal
2026-02-12 00:25:33.773361,Toronto-fa8a,21,97,Normal
2026-02-12 00:25:34.773361,Toronto-fa8a,23,59,Normal
2026-02-12 00:25:35.773361,Toronto-fa8a,-26,60,Normal
2026-02-12 00:25:36.773361,Toronto-fa8a,-1,34,Normal
2026-02-12 00:25:37.773361,Toronto-fa8a,36,0,Normal
2026-02-12 00:25:38.773361,Toronto-fa8a,-10,43,Normal
2026-02-12 00:25:39.773361,Toronto-fa8a,18,100,Normal
2026-02-12 00:25:40.773361,Toronto-fa8a,32,61,Normal
2026-02-12 00:25:41.773361,Toronto-fa8a,50,58,Normal
2026-02-12 00:25:42.773361,Toronto-fa8a,49,20,Normal
2026-02-12 00:25:43.773361,Toronto-fa8a,2,85,Normal
2026-02-12 00:25:44.773361,Toronto-fa8a,13,35,Normal
2026-02-12 00:25:45.773361,Toronto-fa8a,17,84,Normal
2026-02-12 00:25:46.773361,Toronto-fa8a,12,46,Normal
2026-02-12 00:25:47.773361,Toronto-fa8a,27,62,Normal
2026-02-12 00:25:48.773361,Toronto-fa8a,14,70,Normal
2026-02-12 00:25:49.773361,Toronto-fa8a,12,26,Normal
2026-02-12 00:25:50.773361,Toronto-fa8a,-27,89,Normal
2026-02-12 00:25:51.773361,Toronto-fa8a,2,23,Normal
2026-02-12 00:25:52.773361,Toronto-fa8a,7,94,Normal
2026-02-12 00:25:53.773361,Toronto-fa8a,-17,66,Normal
2026-02-12 00:25:54.773361,Toronto-fa8a,49,66,Normal
2026-02-12 00:25:55.773361,Toronto-fa8a,11,2,Normal
2026-02-12 00:25:56.773361,Toronto-fa8a,-12,98,Normal
2026-02-12 00:25:57.773361,Toronto-fa8a,-5,91,Normal
2026-02-12 00:25:58.773361,Toronto-fa8a,-24,95,Normal
2026-02-12 00:25:59.773361,Toronto-fa8a,32,96,Normal
2026-02-12 00:26:00.773361,Toronto-fa8a,1,29,Normal
2026-02-12 00:26:01.773361,Toronto-fa8a,20,10,Normal
2026-02-12 00:26:02.773361,Toronto-fa8a,-7,100,Normal
2026-02-12 00:26:03.773361,Toronto-fa8a,14,69,Normal
2026-02-12 00:26:04.773361,Toronto-fa8a,19,77,Normal
2026-02-12 00:26:05.773361,Toronto-fa8a,-22,75,Normal
2026-02-12 00:26:06.773361,Toronto-fa8a,45,0,Normal
2026-02-12 00:26:07.773361,Toronto-fa8a,21,59,Normal
2026-02-12 00:26:08.773361,Toronto-fa8a,-14,69,Normal
2026-02-12 00:26:09.773361,Toronto-fa8a,-16,86,Normal
2026-02-12 00:26:10.773361,Toronto-fa8a,-2,67,Normal
2026-02-12 00:26:11.773361,Toronto-fa8a,-4,65,Normal
2026-02-12 00:26:12.773361,Toronto-fa8a,-17,87,Normal
2026-02-12 00:26:13.773361,Toronto-fa8a,21,24,Normal
2026-02-12 00:26:14.773361,Toronto-fa8a,25,88,Normal
2026-02-12 00:26:15.773361,Toronto-fa8a,-9,94,Normal
2026-02-12 00:26:16.773361,Toronto-fa8a,-23,90,Normal
2026-02-12 00:26:17.773361,Toronto-fa8a,45,24,Normal
2026-02-12 00:26:18.773361,Toronto-fa8a,11,17,Normal
2026-02-12 00:26:19.773361,Toronto-fa8a,22,71,Normal
2026-02-12 00:26:20.773361,Toronto-fa8a,-13,1,Normal
2026-02-12 00:26:21.773361,Toronto-fa8a,-17,92,Normal
2026-02-12 00:26:22.773361,Toronto-fa8a,-13,47,Normal
2026-02-12 00:26:23.773361,Toronto-fa8a,50,55,Normal
2026-02-12 00:26:24.773361,Toronto-fa8a,-9,80,Normal
2026-02-12 00:26:25.773361,Toronto-fa8a,41,42,Normal
2026-02-12 00:26:26.773361,Toronto-fa8a,23,14,Normal
2026-02-12 00:26:27.773361,Toronto-fa8a,35,100,Normal
2026-02-12 00:26:28.773361,Toronto-fa8a,-25,60,Normal
2026-02-12 00:26:29.773361,Toronto-fa8a,19,7,Normal
2026-02-12 00:26:30.773361,Toronto-fa8a,46,41,Normal
2026-02-12 00:26:31.773361,Toronto-fa8a,28,51,Normal
2026-02-12 00:26:32.773361,Toronto-fa8a,-29,5,Normal
2026-02-12 00:26:33.773361,Toronto-fa8a,-23,73,Normal
2026-02-12 00:26:34.773361,Toronto-fa8a,25,73,Normal
2026-02-12 00:26:35.773361,Toronto-fa8a,37,66,Normal
2026-02-12 00:26:36.773361,Toronto-fa8a,-10,71,Normal
2026-02-12 00:26:37.773361,Toronto-fa8a,23,34,Normal
2026-02-12 00:26:38.773361,Toronto-fa8a,28,50,Normal
2026-02-12 00:26:39.773361,Toronto-fa8a,-14,1,Normal
2026-02-12 00:26:40.773361,Toronto-fa8a,-17,14,Normal
2026-02-12 00:26:41.773361,Toronto-fa8a,-23,68,Normal
2026-02-12 00:26:42.773361,Toronto-fa8a,-17,55,Normal
2026-02-12 00:26:43.773361,Toronto-fa8a,26,95,Normal
2026-02-12 00:26:44.773361,Toronto-fa8a,-21,93,Normal
2026-02-12 00:26:45.773361,Toronto-fa8a,20,38,Normal
2026-02-12 00:26:46.773361,Toronto-fa8a,-30,92,Normal
2026-02-12 00:26:47.773361,Toronto-fa8a,22,24,Normal
2026-02-12 00:26:48.773361,Toronto-fa8a,1,19,Normal
2026-02-12 00:26:49.773361,Toronto-fa8a,27,100,Normal
2026-02-12 00:26:50.773361,Toronto-fa8a,9,13,Normal
2026-02-12 00:26:51.773361,Toronto-fa8a,18,37,Normal
2026-02-12 00:26:52.773361,Toronto-fa8a,-11,22,Normal
2026-02-12 00:26:53.773361,Toronto-fa8a,5,24,Normal
2026-02-12 00:26:54.773361,Toronto-fa8a,17,52,Normal
2026-02-12 00:26:55.773361,Toronto-fa8a,35,68,Normal
2026-02-12 00:26:56.773361,Toronto-fa8a,31,33,Normal
2026-02-12 00:26:57.773361,Toronto-fa8a,21,53,Normal
2026-02-12 00:26:58.773361,Toronto-fa8a,35,52,Normal
2026-02-12 00:26:59.773361,Toronto-fa8a,-9,61,Normal
2026-02-12 00:27:00.773361,Toronto-fa8a,9,6,Normal
2026-02-12 00:27:01.773361,Toronto-fa8a,35,90,Normal
2026-02-12 00:27:02.773361,Toronto-fa8a,0,3,Normal
2026-02-12 00:27:03.773361,Toronto-fa8a,22,83,Normal
2026-02-12 00:27:04.773361,Toronto-fa8a,23,47,Normal
2026-02-12 00:27:05.773361,Toronto-fa8a,-29,56,Normal
2026-02-12 00:27:06.773361,Toronto-fa8a,13,41,Normal
2026-02-12 00:27:07.773361,Toronto-fa8a,-8,90,Normal
2026-02-12 00:27:08.773361,Toronto-fa8a,14,82,Normal
2026-02-12 00:27:09.773361,Toronto-fa8a,-10,64,Normal
2026-02-12 00:27:10.773361,Toronto-fa8a,38,75,Normal
2026-02-12 00:27:11.773361,Toronto-fa8a,49,76,Normal
2026-02-12 00:27:12.773361,Toronto-fa8a,-23,31,Normal
2026-02-12 00:27:13.773361,Toronto-fa8a,12,37,Normal
2026-02-12 00:27:14.773361,Toronto-fa8a,-23,37,Normal
2026-02-12 00:27:15.773361,Toronto-fa8a,5,84,Normal
2026-02-12 00:27:16.773361,Toronto-fa8a,23,22,Normal
2026-02-12 00:27:17.773361,Toronto-fa8a,-24,80,Normal
2026-02-12 00:27:18.773361,Toronto-fa8a,41,24,Normal
2026-02-12 00:27:19.773361,Toronto-fa8a,31,62,Normal
2026-02-12 00:27:20.773361,Toronto-fa8a,30,77,Normal
2026-02-12 00:27:21.773361,Toronto-fa8a,9,59,Normal
2026-02-12 00:27:22.773361,Toronto-fa8a,-24,17,Normal
2026-02-12 00:27:23.773361,Toronto-fa8a,46,42,Normal
2026-02-12 00:27:24.773361,Toronto-fa8a,-29,92,Normal
2026-02-12 00:27:25.773361,Toronto-fa8a,-14,96,Normal
2026-02-12 00:27:26.773361,Toronto-fa8a,-7,98,Normal
2026-02-12 00:27:27.773361,Toronto-fa8a,-7,82,Normal
2026-02-12 00:27:28.773361,Toronto-fa8a,-14,62,Normal
2026-02-12 00:27:29.773361,Toronto-fa8a,-17,43,Normal
2026-02-12 00:27:30.773361,Toronto-fa8a,41,12,Normal
2026-02-12 00:27:31.773361,Toronto-fa8a,-2,83,Normal
2026-02-12 00:27:32.773361,Toronto-fa8a,5,45,Normal
2026-02-12 00:27:33.773361,Toronto-fa8a,37,21,Normal
2026-02-12 00:27:34.773361,Toronto-fa8a,25,51,Normal
2026-02-12 00:27:35.773361,Toronto-fa8a,37,62,Normal
2026-02-12 00:27:36.773361,Toronto-fa8a,-19,58,Normal
2026-02-12 00:27:37.773361,Toronto-fa8a,-17,85,Normal
2026-02-12 00:27:38.773361,Toronto-fa8a,-27,86,Normal
2026-02-12 00:27:39.773361,Toronto-fa8a,-23,69,Normal
2026-02-12 00:27:40.773361,Toronto-fa8a,21,9,Normal
2026-02-12 00:27:41.773361,Toronto-fa8a,6,83,Normal
2026-02-12 00:27:42.773361,Toronto-fa8a,-11,84,Normal
2026-02-12 00:27:43.773361,Toronto-fa8a,-14,75,Normal
2026-02-12 00:27:44.773361,Toronto-fa8a,29,12,Normal
2026-02-12 00:27:45.773361,Toronto-fa8a,1,88,Normal
2026-02-12 00:27:46.773361,Toronto-fa8a,-2,61,Normal
2026-02-12 00:27:47.773361,Toronto-fa8a,25,53,Normal
2026-02-12 00:27:48.773361,Toronto-fa8a,46,22,Normal
2026-02-12 00:27:49.773361,Toronto-fa8a,10,88,Normal
2026-02-12 00:27:50.773361,Toronto-fa8a,-11,60,Normal
2026-02-12 00:27:51.773361,Toronto-fa8a,-10,1,Normal
2026-02-12 00:27:52.773361,Toronto-fa8a,-15,8,Normal
2026-02-12 00:27:53.773361,Toronto-fa8a,35,34,Normal
2026-02-12 00:27:54.773361,Toronto-fa8a,1,62,Normal
2026-02-12 00:27:55.773361,Toronto-fa8a,21,71,Normal
2026-02-12 00:27:56.773361,Toronto-fa8a,21,0,Normal
2026-02-12 00:27:57.773361,Toronto-fa8a,22,93,Normal
2026-02-12 00:27:58.773361,Toronto-fa8a,15,92,Normal
2026-02-12 00:27:59.773361,Toronto-fa8a,41,13,Normal
2026-02-12 00:28:00.773361,Toronto-fa8a,-17,73,Normal
2026-02-12 00:28:01.773361,Toronto-fa8a,-23,26,Normal
2026-02-12 00:28:02.773361,Toronto-fa8a,-30,91,Normal
2026-02-12 00:28:03.773361,Toronto-fa8a,23,54,Normal
2026-02-12 00:28:04.773361,Toronto-fa8a,-24,54,Normal
2026-02-12 00:28:05.773361,Toronto-fa8a,8,9,Normal
2026-02-12 00:28:06.773361,Toronto-fa8a,20,86,Normal
2026-02-12 00:28:07.773361,Toronto-fa8a,27,85,Normal
2026-02-12 00:28:08.773361,Toronto-fa8a,-11,84,Normal
2026-02-12 00:28:09.773361,Toronto-fa8a,37,38,Normal
2026-02-12 00:28:10.773361,Toronto-fa8a,26,11,Normal
2026-02-12 00:28:11.773361,Toronto-fa8a,-5,47,Normal
2026-02-12 00:28:12.773361,Toronto-fa8a,16,79,Normal
2026-02-12 00:28:13.773361,Toronto-fa8a,43,90,Normal
2026-02-12 00:28:14.773361,Toronto-fa8a,-5,74,Normal
2026-02-12 00:28:15.773361,Toronto-fa8a,2,49,Normal
2026-02-12 00:28:16.773361,Toronto-fa8a,7,67,Normal
2026-02-12 00:28:17.773361,Toronto-fa8a,37,1,Normal
2026-02-12 00:28:18.773361,Toronto-fa8a,-1,89,Normal
2026-02-12 00:28:19.773361,Toronto-fa8a,19,20,Normal
2026-02-12 00:28:20.773361,Toronto-fa8a,-29,88,Normal
2026-02-12 00:28:21.773361,Toronto-fa8a,-7,40,Normal
2026-02-12 00:28:22.773361,Toronto-fa8a,-25,24,Normal
2026-02-12 00:28:23.773361,Toronto-fa8a,26,25,Normal
2026-02-12 00:28:24.773361,Toronto-fa8a,13,64,Normal
2026-02-12 00:28:25.773361,Toronto-fa8a,26,66,Normal
2026-02-12 00:28:26.773361,Toronto-fa8a,45,8,Normal
2026-02-12 00:28:27.773361,Toronto-fa8a,-18,44,Normal
2026-02-12 00:28:28.773361,Toronto-fa8a,25,78,Normal
2026-02-12 00:28:29.773361,Toronto-fa8a,-5,40,Normal
2026-02-12 00:28:30.773361,Toronto-fa8a,1,64,Normal
2026-02-12 00:28:31.773361,Toronto-fa8a,7,9,Normal
2026-02-12 00:28:32.773361,Toronto-fa8a,0,31,Normal
2026-02-12 00:28:33.773361,Toronto-fa8a,4,83,Normal
2026-02-12 00:28:34.773361,Toronto-fa8a,8,81,Normal
2026-02-12 00:28:35.773361,Toronto-fa8a,-28,22,Normal
2026-02-12 00:28:36.773361,Toronto-fa8a,-7,27,Normal
2026-02-12 00:28:37.773361,Toronto-fa8a,-13,55,Normal
2026-02-12 00:28:38.773361,Toronto-fa8a,33,24,Normal
2026-02-12 00:28:39.773361,Toronto-fa8a,46,45,Normal
2026-02-12 00:28:40.773361,Toronto-fa8a,-8,97,Normal
2026-02-12 00:28:41.773361,Toronto-fa8a,-27,100,Normal
2026-02-12 00:28:42.773361,Toronto-fa8a,11,69,Normal
2026-02-12 00:28:43.773361,Toronto-fa8a,47,14,Normal
2026-02-12 00:28:44.773361,Toronto-fa8a,-27,65,Normal
2026-02-12 00:28:45.773361,Toronto-fa8a,49,79,Normal
2026-02-12 00:28:46.773361,Toronto-fa8a,-23,29,Normal
2026-02-12 00:28:47.773361,Toronto-fa8a,26,48,Normal
2026-02-12 00:28:48.773361,Toronto-fa8a,-20,97,Normal
2026-02-12 00:28:49.773361,Toronto-fa8a,29,20,Normal
2026-02-12 00:28:50.773361,Toronto-fa8a,-20,54,Normal
2026-02-12 00:28:51.773361,Toronto-fa8a,22,55,Normal
2026-02-12 00:28:52.773361,Toronto-fa8a,-25,7,Normal
2026-02-12 00:28:53.773361,Toronto-fa8a,3,4,Normal
2026-02-12 00:28:54.773361,Toronto-fa8a,39,46,Normal
2026-02-12 00:28:55.773361,Toronto-fa8a,-23,42,Normal
2026-02-12 00:28:56.773361,Toronto-fa8a,28,50,Normal
2026-02-12 00:28:57.773361,Toronto-fa8a,-22,89,Normal
2026-02-12 00:28:58.773361,Toronto-fa8a,-28,30,Normal
2026-02-12 00:28:59.773361,Toronto-fa8a,-24,57,Normal
2026-02-12 00:29:00.773361,Toronto-fa8a,28,16,Normal
2026-02-12 00:29:01.773361,Toronto-fa8a,12,28,Normal
2026-02-12 00:29:02.773361,Toronto-fa8a,-9,76,Normal
2026-02-12 00:29:03.773361,Toronto-fa8a,48,70,Normal
2026-02-12 00:29:04.773361,Toronto-fa8a,23,14,Normal
2026-02-12 00:29:05.773361,Toronto-fa8a,28,64,Normal
2026-02-12 00:29:06.773361,Toronto-fa8a,1,19,Normal
2026-02-12 00:29:07.773361,Toronto-fa8a,21,59,Normal
2026-02-12 00:29:08.773361,Toronto-fa8a,4,38,Normal
2026-02-12 00:29:09.773361,Toronto-fa8a,13,88,Normal
2026-02-12 00:29:10.773361,Toronto-fa8a,46,12,Normal
2026-02-12 00:29:11.773361,Toronto-fa8a,35,47,Normal
2026-02-12 00:29:12.773361,Toronto-fa8a,-18,80,Normal
2026-02-12 00:29:13.773361,Toronto-fa8a,1,82,Normal
2026-02-12 00:29:14.773361,Toronto-fa8a,-17,90,Normal
2026-02-12 00:29:15.773361,Toronto-fa8a,-11,41,Normal
2026-02-12 00:29:16.773361,Toronto-fa8a,-29,68,Normal
2026-02-12 00:29:17.773361,Toronto-fa8a,32,17,Normal
2026-02-12 00:29:18.773361,Toronto-fa8a,10,86,Normal
2026-02-12 00:29:19.773361,Toronto-fa8a,38,89,Normal
2026-02-12 00:29:20.773361,Toronto-fa8a,16,21,Normal
2026-02-12 00:29:21.773361,Toronto-fa8a,5,99,Normal
2026-02-12 00:29:22.773361,Toronto-fa8a,-4,91,Normal
2026-02-12 00:29:23.773361,Toronto-fa8a,40,34,Normal
2026-02-12 00:29:24.773361,Toronto-fa8a,24,52,Normal
2026-02-12 00:29:25.773361,Toronto-fa8a,36,68,Normal
2026-02-12 00:29:26.773361,Toronto-fa8a,33,53,Normal
2026-02-12 00:29:27.773361,Toronto-fa8a,37,21,Normal
2026-02-12 00:29:28.773361,Toronto-fa8a,-29,55,Normal
2026-02-12 00:29:29.773361,Toronto-fa8a,-8,45,Normal
2026-02-12 00:29:30.773361,Toronto-fa8a,-8,3,Normal
2026-02-12 00:29:31.773361,Toronto-fa8a,35,75,Normal
2026-02-12 00:29:32.773361,Toronto-fa8a,-21,19,Normal
2026-02-12 00:29:33.773361,Toronto-fa8a,-23,7,Normal
2026-02-12 00:29:34.773361,Toronto-fa8a,23,86,Normal
2026-02-12 00:29:35.773361,Toronto-fa8a,-10,29,Normal
2026-02-12 00:29:36.773361,Toronto-fa8a,6,24,Normal
2026-02-12 00:29:37.773361,Toronto-fa8a,2,50,Normal
2026-02-12 00:29:38.773361,Toronto-fa8a,17,11,Normal
2026-02-12 00:29:39.773361,Toronto-fa8a,27,85,Normal
2026-02-12 00:29:40.773361,Toronto-fa8a,-14,31,Normal
2026-02-12 00:29:41.773361,Toronto-fa8a,22,3,Normal
2026-02-12 00:29:42.773361,Toronto-fa8a,-12,71,Normal
2026-02-12 00:29:43.773361,Toronto-fa8a,-15,76,Normal
2026-02-12 00:29:44.773361,Toronto-fa8a,-19,62,Normal
2026-02-12 00:29:45.773361,Toronto-fa8a,-13,54,Normal
2026-02-12 00:29:46.773361,Toronto-fa8a,-20,7,Normal
2026-02-12 00:29:47.773361,Toronto-fa8a,13,22,Normal
2026-02-12 00:29:48.773361,Toronto-fa8a,3,20,Normal
2026-02-12 00:29:49.773361,Toronto-fa8a,-16,68,Normal
2026-02-12 00:29:50.773361,Toronto-fa8a,-3,46,Normal
2026-02-12 00:29:51.773361,Toronto-fa8a,16,38,Normal
2026-02-12 00:29:52.773361,Toronto-fa8a,-7,4,Normal
2026-02-12 00:29:53.773361,Toronto-fa8a,44,45,Normal
2026-02-12 00:29:54.773361,Toronto-fa8a,28,31,Normal
2026-02-12 00:29:55.773361,Toronto-fa8a,8,56,Normal
2026-02-12 00:29:56.773361,Toronto-fa8a,18,83,Normal
2026-02-12 00:29:57.773361,Toronto-fa8a,47,73,Normal
2026-02-12 00:29:58.773361,Toronto-fa8a,44,27,Normal
2026-02-12 00:29:59.773361,Toronto-fa8a,-30,24,Normal
2026-02-12 00:30:00.773361,Toronto-fa8a,33,57,Normal
2026-02-12 00:30:01.773361,Toronto-fa8a,-21,100,Normal
2026-02-12 00:30:02.773361,Toronto-fa8a,5,7,Normal
2026-02-12 00:30:03.773361,Toronto-fa8a,16,90,Normal
2026-02-12 00:30:04.773361,Toronto-fa8a,-5,15,Normal
2026-02-12 00:30:05.773361,Toronto-fa8a,-1,19,Normal
2026-02-12 00:30:06.773361,Toronto-fa8a,44,73,Normal
2026-02-12 00:30:07.773361,Toronto-fa8a,12,33,Normal
2026-02-12 00:30:08.773361,Toronto-fa8a,14,72,Normal
2026-02-12 00:30:09.773361,Toronto-fa8a,1,0,Normal
2026-02-12 00:30:10.773361,Toronto-fa8a,-5,22,Normal
2026-02-12 00:30:11.773361,Toronto-fa8a,-11,2,Normal
2026-02-12 00:30:12.773361,Toronto-fa8a,6,12,Normal
2026-02-12 00:30:13.773361,Toronto-fa8a,33,12,Normal
2026-02-12 00:30:14.773361,Toronto-fa8a,-30,77,Normal
2026-02-12 00:30:15.773361,Toronto-fa8a,8,92,Normal
2026-02-12 00:30:16.773361,Toronto-fa8a,50,60,Normal
2026-02-12 00:30:17.773361,Toronto-fa8a,10,34,Normal
2026-02-12 00:30:18.773361,Toronto-fa8a,2,68,Normal
2026-02-12 00:30:19.773361,Toronto-fa8a,34,2,Normal
2026-02-12 00:30:20.773361,Toronto-fa8a,-5,6,Normal
2026-02-12 00:30:21.773361,Toronto-fa8a,-21,10,Normal
2026-02-12 00:30:22.773361,Toronto-fa8a,42,58,Normal
2026-02-12 00:30:23.773361,Toronto-fa8a,34,36,Normal
2026-02-12 00:30:24.773361,Toronto-fa8a,15,52,Normal
2026-02-12 00:30:25.773361,Toronto-fa8a,33,28,Normal
2026-02-12 00:30:26.773361,Toronto-fa8a,29,97,Normal
2026-02-12 00:30:27.773361,Toronto-fa8a,-25,73,Normal
2026-02-12 00:30:28.773361,Toronto-fa8a,-26,15,Normal
2026-02-12 00:30:29.773361,Toronto-fa8a,21,62,Normal
2026-02-12 00:30:30.773361,Toronto-fa8a,30,22,Normal
2026-02-12 00:30:31.773361,Toronto-fa8a,-5,11,Normal
2026-02-12 00:30:32.773361,Toronto-fa8a,42,32,Normal
2026-02-12 00:30:33.773361,Toronto-fa8a,46,99,Normal
2026-02-12 00:30:34.773361,Toronto-fa8a,48,85,Normal
2026-02-12 00:30:35.773361,Toronto-fa8a,-16,97,Normal
2026-02-12 00:30:36.773361,Toronto-fa8a,34,88,Normal
2026-02-12 00:30:37.773361,Toronto-fa8a,45,20,Normal
2026-02-12 00:30:38.773361,Toronto-fa8a,43,93,Normal
2026-02-12 00:30:39.773361,Toronto-fa8a,-2,69,Normal
2026-02-12 00:30:40.773361,Toronto-fa8a,-8,79,Normal
2026-02-12 00:30:41.773361,Toronto-fa8a,34,93,Normal
2026-02-12 00:30:42.773361,Toronto-fa8a,36,88,Normal
2026-02-12 00:30:43.773361,Toronto-fa8a,-25,6,Normal
2026-02-12 00:30:44.773361,Toronto-fa8a,-12,28,Normal
2026-02-12 00:30:45.773361,Toronto-fa8a,9,63,Normal
2026-02-12 00:30:46.773361,Toronto-fa8a,47,88,Normal
2026-02-12 00:30:47.773361,Toronto-fa8a,22,82,Normal
2026-02-12 00:30:48.773361,Toronto-fa8a,20,61,Normal
2026-02-12 00:30:49.773361,Toronto-fa8a,-14,41,Normal
2026-02-12 00:30:50.773361,Toronto-fa8a,14,32,Normal
2026-02-12 00:30:51.773361,Toronto-fa8a,-4,56,Normal
2026-02-12 00:30:52.773361,Toronto-fa8a,34,28,Normal
2026-02-12 00:30:53.773361,Toronto-fa8a,48,25,Normal
2026-02-12 00:30:54.773361,Toronto-fa8a,20,7,Normal
2026-02-12 00:30:55.773361,Toronto-fa8a,49,11,Normal
2026-02-12 00:30:56.773361,Toronto-fa8a,40,10,Normal
2026-02-12 00:30:57.773361,Toronto-fa8a,-3,67,Normal
2026-02-12 00:30:58.773361,Toronto-fa8a,-3,75,Normal
2026-02-12 00:30:59.773361,Toronto-fa8a,3,41,Normal
2026-02-12 00:31:00.773361,Toronto-fa8a,31,11,Normal
2026-02-12 00:31:01.773361,Toronto-fa8a,49,91,Normal
2026-02-12 00:31:02.773361,Toronto-fa8a,18,76,Normal
2026-02-12 00:31:03.773361,Toronto-fa8a,40,73,Normal
2026-02-12 00:31:04.773361,Toronto-fa8a,28,66,Normal
2026-02-12 00:31:05.773361,Toronto-fa8a,6,69,Normal
2026-02-12 00:31:06.773361,Toronto-fa8a,44,3,Normal
2026-02-12 00:31:07.773361,Toronto-fa8a,37,22,Normal
2026-02-12 00:31:08.773361,Toronto-fa8a,18,51,Normal
2026-02-12 00:31:09.773361,Toronto-fa8a,-23,24,Normal
2026-02-12 00:31:10.773361,Toronto-fa8a,-27,29,Normal
2026-02-12 00:31:11.773361,Toronto-fa8a,-17,88,Normal
2026-02-12 00:31:12.773361,Toronto-fa8a,-28,84,Normal
2026-02-12 00:31:13.773361,Toronto-fa8a,-4,59,Normal
2026-02-12 00:31:14.773361,Toronto-fa8a,-12,18,Normal
2026-02-12 00:31:15.773361,Toronto-fa8a,10,54,Normal
2026-02-12 00:31:16.773361,Toronto-fa8a,-10,96,Normal
2026-02-12 00:31:17.773361,Toronto-fa8a,11,69,Normal
2026-02-12 00:31:18.773361,Toronto-fa8a,46,33,Normal
2026-02-12 00:31:19.773361,Toronto-fa8a,10,42,Normal
2026-02-12 00:31:20.773361,Toronto-fa8a,-8,70,Normal
2026-02-12 00:31:21.773361,Toronto-fa8a,14,82,Normal
2026-02-12 00:31:22.773361,Toronto-fa8a,-10,13,Normal
2026-02-12 00:31:23.773361,Toronto-fa8a,-24,54,Normal
2026-02-12 00:31:24.773361,Toronto-fa8a,-5,92,Normal
2026-02-12 00:31:25.773361,Toronto-fa8a,22,80,Normal
2026-02-12 00:31:26.773361,Toronto-fa8a,-14,17,Normal
2026-02-12 00:31:27.773361,Toronto-fa8a,-17,57,Normal
2026-02-12 00:31:28.773361,Toronto-fa8a,46,52,Normal
2026-02-12 00:31:29.773361,Toronto-fa8a,0,74,Normal
2026-02-12 00:31:30.773361,Toronto-fa8a,-7,55,Normal
2026-02-12 00:31:31.773361,Toronto-fa8a,-28,38,Normal
2026-02-12 00:31:32.773361,Toronto-fa8a,-14,59,Normal
2026-02-12 00:31:33.773361,Toronto-fa8a,-20,88,Normal
2026-02-12 00:31:34.773361,Toronto-fa8a,-23,37,Normal
2026-02-12 00:31:35.773361,Toronto-fa8a,20,40,Normal
2026-02-12 00:31:36.773361,Toronto-fa8a,2,22,Normal
2026-02-12 00:31:37.773361,Toronto-fa8a,15,37,Normal
2026-02-12 00:31:38.773361,Toronto-fa8a,23,26,Normal
2026-02-12 00:31:39.773361,Toronto-fa8a,9,20,Normal
2026-02-12 00:31:40.773361,Toronto-fa8a,3,99,Normal
2026-02-12 00:31:41.773361,Toronto-fa8a,-10,21,Normal
2026-02-12 00:31:42.773361,Toronto-fa8a,-30,31,Normal
2026-02-12 00:31:43.773361,Toronto-fa8a,-16,49,Normal
2026-02-12 00:31:44.773361,Toronto-fa8a,10,15,Normal
2026-02-12 00:31:45.773361,Toronto-fa8a,-18,91,Normal
2026-02-12 00:31:46.773361,Toronto-fa8a,45,100,Normal
2026-02-12 00:31:47.773361,Toronto-fa8a,49,5,Normal
2026-02-12 00:31:48.773361,Toronto-fa8a,37,64,Normal
2026-02-12 00:31:49.773361,Toronto-fa8a,-2,10,Normal
2026-02-12 00:31:50.773361,Toronto-fa8a,29,73,Normal
2026-02-12 00:31:51.773361,Toronto-fa8a,14,12,Normal
2026-02-12 00:31:52.773361,Toronto-fa8a,-21,9,Normal
2026-02-12 00:31:53.773361,Toronto-fa8a,-28,82,Normal
2026-02-12 00:31:54.773361,Toronto-fa8a,9,82,Normal
2026-02-12 00:31:55.773361,Toronto-fa8a,-19,51,Normal
2026-02-12 00:31:56.773361,Toronto-fa8a,39,8,Normal
2026-02-12 00:31:57.773361,Toronto-fa8a,15,10,Normal
2026-02-12 00:31:58.773361,Toronto-fa8a,7,46,Normal
2026-02-12 00:31:59.773361,Toronto-fa8a,16,96,Normal
2026-02-12 00:32:00.773361,Toronto-fa8a,32,3,Normal
2026-02-12 00:32:01.773361,Toronto-fa8a,0,3,Normal
2026-02-12 00:32:02.773361,Toronto-fa8a,7,26,Normal
2026-02-12 00:32:03.773361,Toronto-fa8a,-20,93,Normal
2026-02-12 00:32:04.773361,Toronto-fa8a,48,52,Normal
2026-02-12 00:32:05.773361,Toronto-fa8a,28,38,Normal
2026-02-12 00:32:06.773361,Toronto-fa8a,-5,35,Normal
2026-02-12 00:32:07.773361,Toronto-fa8a,-29,0,Normal
2026-02-12 00:32:08.773361,Toronto-fa8a,41,100,Normal
2026-02-12 00:32:09.773361,Toronto-fa8a,11,65,Normal
2026-02-12 00:32:10.773361,Toronto-fa8a,11,20,Normal
2026-02-12 00:32:11.773361,Toronto-fa8a,50,31,Normal
2026-02-12 00:32:12.773361,Toronto-fa8a,-22,79,Normal
2026-02-12 00:32:13.773361,Toronto-fa8a,-9,31,Normal
2026-02-12 00:32:14.773361,Toronto-fa8a,-17,64,Normal
2026-02-12 00:32:15.773361,Toronto-fa8a,20,43,Normal
2026-02-12 00:32:16.773361,Toronto-fa8a,0,50,Normal
2026-02-12 00:32:17.773361,Toronto-fa8a,-9,79,Normal
2026-02-12 00:32:18.773361,Toronto-fa8a,-15,91,Normal
2026-02-12 00:32:19.773361,Toronto-fa8a,-26,50,Normal
2026-02-12 00:32:20.773361,Toronto-fa8a,-29,6,Normal
2026-02-12 00:32:21.773361,Toronto-fa8a,21,54,Normal
2026-02-12 00:32:22.773361,Toronto-fa8a,27,5,Normal
2026-02-12 00:32:23.773361,Toronto-fa8a,-12,53,Normal
2026-02-12 00:32:24.773361,Toronto-fa8a,-13,25,Normal
2026-02-12 00:32:25.773361,Toronto-fa8a,-27,29,Normal
2026-02-12 00:32:26.773361,Toronto-fa8a,18,2,Normal
2026-02-12 00:32:27.773361,Toronto-fa8a,46,47,Normal
2026-02-12 00:32:28.773361,Toronto-fa8a,20,29,Normal
2026-02-12 00:32:29.773361,Toronto-fa8a,-18,86,Normal
2026-02-12 00:32:30.773361,Toronto-fa8a,-23,5,Normal
2026-02-12 00:32:31.773361,Toronto-fa8a,-10,72,Normal
2026-02-12 00:32:32.773361,Toronto-fa8a,47,70,Normal
2026-02-12 00:32:33.773361,Toronto-fa8a,-19,39,Normal
2026-02-12 00:32:34.773361,Toronto-fa8a,10,57,Normal
2026-02-12 00:32:35.773361,Toronto-fa8a,-6,60,Normal
2026-02-12 00:32:36.773361,Toronto-fa8a,16,99,Normal
2026-02-12 00:32:37.773361,Toronto-fa8a,-25,26,Normal
2026-02-12 00:32:38.773361,Toronto-fa8a,43,18,Normal
2026-02-12 00:32:39.773361,Toronto-fa8a,31,27,Normal
2026-02-12 00:32:40.773361,Toronto-fa8a,45,49,Normal
2026-02-12 00:32:41.773361,Toronto-fa8a,-12,70,Normal
2026-02-12 00:32:42.773361,Toronto-fa8a,-12,59,Normal
2026-02-12 00:32:43.773361,Toronto-fa8a,43,67,Normal
2026-02-12 00:32:44.773361,Toronto-fa8a,6,32,Normal
2026-02-12 00:32:45.773361,Toronto-fa8a,-10,35,Normal
2026-02-12 00:32:46.773361,Toronto-fa8a,30,93,Normal
2026-02-12 00:32:47.773361,Toronto-fa8a,40,9,Normal
2026-02-12 00:32:48.773361,Toronto-fa8a,50,15,Normal
2026-02-12 00:32:49.773361,Toronto-fa8a,11,46,Normal
2026-02-12 00:32:50.773361,Toronto-fa8a,-30,20,Normal
2026-02-12 00:32:51.773361,Toronto-fa8a,20,70,Normal
2026-02-12 00:32:52.773361,Toronto-fa8a,-1,83,Normal
2026-02-12 00:32:53.773361,Toronto-fa8a,18,89,Normal
2026-02-12 00:32:54.773361,Toronto-fa8a,0,47,Normal
2026-02-12 00:32:55.773361,Toronto-fa8a,-4,36,Normal
2026-02-12 00:32:56.773361,Toronto-fa8a,-18,72,Normal
2026-02-12 00:32:57.773361,Toronto-fa8a,26,36,Normal
2026-02-12 00:32:58.773361,Toronto-fa8a,39,91,Normal
2026-02-12 00:32:59.773361,Toronto-fa8a,-24,55,Normal
2026-02-12 00:33:00.773361,Toronto-fa8a,43,21,Normal
2026-02-12 00:33:01.773361,Toronto-fa8a,17,89,Normal
2026-02-12 00:33:02.773361,Toronto-fa8a,41,28,Normal
2026-02-12 00:33:03.773361,Toronto-fa8a,3,7,Normal
2026-02-12 00:33:04.773361,Toronto-fa8a,-14,17,Normal
2026-02-12 00:33:05.773361,Toronto-fa8a,5,90,Normal
2026-02-12 00:33:06.773361,Toronto-fa8a,-19,85,Normal
2026-02-12 00:33:07.773361,Toronto-fa8a,-9,82,Normal
2026-02-12 00:33:08.773361,Toronto-fa8a,21,83,Normal
2026-02-12 00:33:09.773361,Toronto-fa8a,24,28,Normal
2026-02-12 00:33:10.773361,Toronto-fa8a,-17,69,Normal
2026-02-12 00:33:11.773361,Toronto-fa8a,40,84,Normal
2026-02-12 00:33:12.773361,Toronto-fa8a,-17,61,Normal
2026-02-12 00:33:13.773361,Toronto-fa8a,45,83,Normal
2026-02-12 00:33:14.773361,Toronto-fa8a,30,18,Normal
2026-02-12 00:33:15.773361,Toronto-fa8a,23,8,Normal
2026-02-12 00:33:16.773361,Toronto-fa8a,-9,62,Normal
2026-02-12 00:33:17.773361,Toronto-fa8a,16,81,Normal
2026-02-12 00:33:18.773361,Toronto-fa8a,-24,19,Normal
2026-02-12 00:33:19.773361,Toronto-fa8a,-5,66,Normal
2026-02-12 00:33:20.773361,Toronto-fa8a,14,67,Normal
2026-02-12 00:33:21.773361,Toronto-fa8a,-12,41,Normal
2026-02-12 00:33:22.773361,Toronto-fa8a,-3,79,Normal
2026-02-12 00:33:23.773361,Toronto-fa8a,7,41,Normal
2026-02-12 00:33:24.773361,Toronto-fa8a,6,46,Normal
2026-02-12 00:33:25.773361,Toronto-fa8a,-22,66,Normal
2026-02-12 00:33:26.773361,Toronto-fa8a,18,100,Normal
2026-02-12 00:33:27.773361,Toronto-fa8a,47,79,Normal
2026-02-12 00:33:28.773361,Toronto-fa8a,29,58,Normal
