timestamp,station_id,temp,humid,condition
2026-02-10 09:38:54.323700,Berlin-3a9d,6,1,Normal
2026-02-10 09:38:55.323700,Berlin-3a9d,-12,70,Normal
2026-02-10 09:38:56.323700,Berlin-3a9d,-14,6,Normal
2026-02-10 09:38:57.323700,Berlin-3a9d,30,52,Normal
2026-02-10 09:38:58.323700,Berlin-3a9d,30,74,Normal
2026-02-10 09:38:59.323700,Berlin-3a9d,18,62,Normal
2026-02-10 09:39:00.323700,Berlin-3a9d,-21,98,Normal
2026-02-10 09:39:01.323700,Berlin-3a9d,39,31,Normal
2026-02-10 09:39:02.323700,Berlin-3a9d,46,74,Normal
2026-02-10 09:39:03.323700,Berlin-3a9d,6,68,Normal
2026-02-10 09:39:04.323700,Berlin-3a9d,-30,81,Normal
2026-02-10 09:39:05.323700,Berlin-3a9d,39,78,Normal
2026-02-10 09:39:06.323700,Berlin-3a9d,-9,13,Normal
2026-02-10 09:39:07.323700,Berlin-3a9d,-3,79,Normal
2026-02-10 09:39:08.323700,Berlin-3a9d,43,32,Normal
2026-02-10 09:39:09.323700,Berlin-3a9d,-2,75,Normal
2026-02-10 09:39:10.323700,Berlin-3a9d,-21,87,Normal
2026-02-10 09:39:11.323700,Berlin-3a9d,-25,75,Normal
2026-02-10 09:39:12.323700,Berlin-3a9d,11,33,Normal
2026-02-10 09:39:13.323700,Berlin-3a9d,25,96,Normal
2026-02-10 09:39:14.323700,Berlin-3a9d,0,87,Normal
2026-02-10 09:39:15.323700,Berlin-3a9d,-5,93,Normal
2026-02-10 09:39:16.323700,Berlin-3a9d,45,2,Normal
2026-02-10 09:39:17.323700,Berlin-3a9d,48,57,Normal
2026-02-10 09:39:18.323700,Berlin-3a9d,-18,51,Normal
2026-02-10 09:39:19.323700,Berlin-3a9d,-12,94,Normal
2026-02-10 09:39:20.323700,Berlin-3a9d,17,43,Normal
2026-02-10 09:39:21.323700,Berlin-3a9d,33,24,Normal
2026-02-10 09:39:22.323700,Berlin-3a9d,10,33,Normal
2026-02-10 09:39:23.323700,Berlin-3a9d,21,90,Normal
2026-02-10 09:39:24.323700,Berlin-3a9d,36,89,Normal
2026-02-10 09:39:25.323700,Berlin-3a9d,-21,53,Normal
2026-02-10 09:39:26.323700,Berlin-3a9d,17,90,Normal
2026-02-10 09:39:27.323700,Berlin-3a9d,42,55,Normal
2026-02-10 09:39:28.323700,Berlin-3a9d,35,30,Normal
2026-02-10 09:39:29.323700,Berlin-3a9d,35,50,Normal
2026-02-10 09:39:30.323700,Berlin-3a9d,41,47,Normal
2026-02-10 09:39:31.323700,Berlin-3a9d,11,16,Normal
2026-02-10 09:39:32.323700,Berlin-3a9d,25,20,Normal
2026-02-10 09:39:33.323700,Berlin-3a9d,15,81,Normal
2026-02-10 09:39:34.323700,Berlin-3a9d,49,28,Normal
2026-02-10 09:39:35.323700,Berlin-3a9d,19,8,Normal
2026-02-10 09:39:36.323700,Berlin-3a9d,-22,94,Normal
2026-02-10 09:39:37.323700,Berlin-3a9d,44,93,Normal
2026-02-10 09:39:38.323700,Berlin-3a9d,41,60,Normal
2026-02-10 09:39:39.323700,Berlin-3a9d,40,72,Normal
2026-02-10 09:39:40.323700,Berlin-3a9d,-10,94,Normal
2026-02-10 09:39:41.323700,Berlin-3a9d,-1,1,Normal
2026-02-10 09:39:42.323700,Berlin-3a9d,21,37,Normal
2026-02-10 09:39:43.323700,Berlin-3a9d,-26,51,Normal
2026-02-10 09:39:44.323700,Berlin-3a9d,-19,24,Normal
2026-02-10 09:39:45.323700,Berlin-3a9d,20,100,Normal
2026-02-10 09:39:46.323700,Berlin-3a9d,-18,84,Normal
2026-02-10 09:39:47.323700,Berlin-3a9d,48,76,Normal
2026-02-10 09:39:48.323700,Berlin-3a9d,10,55,Normal
2026-02-10 09:39:49.323700,Berlin-3a9d,-19,42,Normal
2026-02-10 09:39:50.323700,Berlin-3a9d,48,14,Normal
2026-02-10 09:39:51.323700,Berlin-3a9d,-30,80,Normal
2026-02-10 09:39:52.323700,Berlin-3a9d,9,41,Normal
2026-02-10 09:39:53.323700,Berlin-3a9d,21,54,Normal
2026-02-10 09:39:54.323700,Berlin-3a9d,16,63,Normal
2026-02-10 09:39:55.323700,Berlin-3a9d,-9,93,Normal
2026-02-10 09:39:56.323700,Berlin-3a9d,25,33,Normal
2026-02-10 09:39:57.323700,Berlin-3a9d,21,0,Normal
2026-02-10 09:39:58.323700,Berlin-3a9d,43,57,Normal
2026-02-10 09:39:59.323700,Berlin-3a9d,0,64,Normal
2026-02-10 09:40:00.323700,Berlin-3a9d,-9,23,Normal
2026-02-10 09:40:01.323700,Berlin-3a9d,12,96,Normal
2026-02-10 09:40:02.323700,Berlin-3a9d,38,61,Normal
2026-02-10 09:40:03.323700,Berlin-3a9d,-12,53,Normal
2026-02-10 09:40:04.323700,Berlin-3a9d,-30,7,Normal
2026-02-10 09:40:05.323700,Berlin-3a9d,-8,17,Normal
2026-02-10 09:40:06.323700,Berlin-3a9d,-22,74,Normal
2026-02-10 09:40:07.323700,Berlin-3a9d,45,12,Normal
2026-02-10 09:40:08.323700,Berlin-3a9d,-27,16,Normal
2026-02-10 09:40:09.323700,Berlin-3a9d,17,80,Normal
2026-02-10 09:40:10.323700,Berlin-3a9d,30,27,Normal
2026-02-10 09:40:11.323700,Berlin-3a9d,37,26,Normal
2026-02-10 09:40:12.323700,Berlin-3a9d,29,53,Normal
2026-02-10 09:40:13.323700,Berlin-3a9d,-28,46,Normal
2026-02-10 09:40:14.323700,Berlin-3a9d,-4,71,Normal
2026-02-10 09:40:15.323700,Berlin-3a9d,44,82,Normal
2026-02-10 09:40:16.323700,Berlin-3a9d,44,21,Normal
2026-02-10 09:40:17.323700,Berlin-3a9d,-26,56,Normal
2026-02-10 09:40:18.323700,Berlin-3a9d,4,95,Normal
2026-02-10 09:40:19.323700,Berlin-3a9d,-27,32,Normal
2026-02-10 09:40:20.323700,Berlin-3a9d,-14,4,Normal
2026-02-10 09:40:21.323700,Berlin-3a9d,41,85,Normal
2026-02-10 09:40:22.323700,Berlin-3a9d,49,95,Normal
2026-02-10 09:40:23.323700,Berlin-3a9d,13,17,Normal
2026-02-10 09:40:24.323700,Berlin-3a9d,30,95,Normal
2026-02-10 09:40:25.323700,Berlin-3a9d,11,67,Normal
2026-02-10 09:40:26.323700,Berlin-3a9d,35,88,Normal
2026-02-10 09:40:27.323700,Berlin-3a9d,-29,63,Normal
2026-02-10 09:40:28.323700,Berlin-3a9d,45,1,Normal
2026-02-10 09:40:29.323700,Berlin-3a9d,32,41,Normal
2026-02-10 09:40:30.323700,Berlin-3a9d,19,46,Normal
2026-02-10 09:40:31.323700,Berlin-3a9d,-25,71,Normal
2026-02-10 09:40:32.323700,Berlin-3a9d,47,82,Normal
2026-02-10 09:40:33.323700,Berlin-3a9d,23,6,Normal
2026-02-10 09:40:34.323700,Berlin-3a9d,9,34,Normal
2026-02-10 09:40:35.323700,Berlin-3a9d,-2,6,Normal
2026-02-10 09:40:36.323700,Berlin-3a9d,35,85,Normal
2026-02-10 09:40:37.323700,Berlin-3a9d,-19,11,Normal
2026-02-10 09:40:38.323700,Berlin-3a9d,10,58,Normal
2026-02-10 09:40:39.323700,Berlin-3a9d,2,56,Normal
2026-02-10 09:40:40.323700,Berlin-3a9d,-28,33,Normal
2026-02-10 09:40:41.323700,Berlin-3a9d,26,0,Normal
2026-02-10 09:40:42.323700,Berlin-3a9d,21,98,Normal
2026-02-10 09:40:43.323700,Berlin-3a9d,-14,36,Normal
2026-02-10 09:40:44.323700,Berlin-3a9d,-5,70,Normal
2026-02-10 09:40:45.323700,Berlin-3a9d,50,50,Normal
2026-02-10 09:40:46.323700,Berlin-3a9d,-15,54,Normal
2026-02-10 09:40:47.323700,Berlin-3a9d,1,54,Normal
2026-02-10 09:40:48.323700,Berlin-3a9d,24,46,Normal
2026-02-10 09:40:49.323700,Berlin-3a9d,-22,79,Normal
2026-02-10 09:40:50.323700,Berlin-3a9d,-29,98,Normal
2026-02-10 09:40:51.323700,Berlin-3a9d,42,24,Normal
2026-02-10 09:40:52.323700,Berlin-3a9d,-28,85,Normal
2026-02-10 09:40:53.323700,Berlin-3a9d,21,35,Normal
2026-02-10 09:40:54.323700,Berlin-3a9d,17,89,Normal
2026-02-10 09:40:55.323700,Berlin-3a9d,11,68,Normal
2026-02-10 09:40:56.323700,Berlin-3a9d,-30,47,Normal
2026-02-10 09:40:57.323700,Berlin-3a9d,36,15,Normal
2026-02-10 09:40:58.323700,Berlin-3a9d,-7,22,Normal
2026-02-10 09:40:59.323700,Berlin-3a9d,48,43,Normal
2026-02-10 09:41:00.323700,Berlin-3a9d,29,28,Normal
2026-02-10 09:41:01.323700,Berlin-3a9d,2,9,Normal
2026-02-10 09:41:02.323700,Berlin-3a9d,23,32,Normal
2026-02-10 09:41:03.323700,Berlin-3a9d,-13,58,Normal
2026-02-10 09:41:04.323700,Berlin-3a9d,8,77,Normal
2026-02-10 09:41:05.323700,Berlin-3a9d,-12,17,Normal
2026-02-10 09:41:06.323700,Berlin-3a9d,31,74,Normal
2026-02-10 09:41:07.323700,Berlin-3a9d,-1,79,Normal
2026-02-10 09:41:08.323700,Berlin-3a9d,-28,2,Normal
2026-02-10 09:41:09.323700,Berlin-3a9d,32,80,Normal
2026-02-10 09:41:10.323700,Berlin-3a9d,-15,48,Normal
2026-02-10 09:41:11.323700,Berlin-3a9d,32,36,Normal
2026-02-10 09:41:12.323700,Berlin-3a9d,-24,2,Normal
2026-02-10 09:41:13.323700,Berlin-3a9d,-22,97,Normal
2026-02-10 09:41:14.323700,Berlin-3a9d,21,76,Normal
2026-02-10 09:41:15.323700,Berlin-3a9d,38,31,Normal
2026-02-10 09:41:16.323700,Berlin-3a9d,-19,5,Normal
2026-02-10 09:41:17.323700,Berlin-3a9d,34,1,Normal
2026-02-10 09:41:18.323700,Berlin-3a9d,8,95,Normal
2026-02-10 09:41:19.323700,Berlin-3a9d,-10,80,Normal
2026-02-10 09:41:20.323700,Berlin-3a9d,46,91,Normal
2026-02-10 09:41:21.323700,Berlin-3a9d,11,72,Normal
2026-02-10 09:41:22.323700,Berlin-3a9d,-26,70,Normal
2026-02-10 09:41:23.323700,Berlin-3a9d,-14,54,Normal
2026-02-10 09:41:24.323700,Berlin-3a9d,25,58,Normal
2026-02-10 09:41:25.323700,Berlin-3a9d,-17,11,Normal
2026-02-10 09:41:26.323700,Berlin-3a9d,-13,9,Normal
2026-02-10 09:41:27.323700,Berlin-3a9d,-13,48,Normal
2026-02-10 09:41:28.323700,Berlin-3a9d,-17,49,Normal
2026-02-10 09:41:29.323700,Berlin-3a9d,34,48,Normal
2026-02-10 09:41:30.323700,Berlin-3a9d,-24,16,Normal
2026-02-10 09:41:31.323700,Berlin-3a9d,0,75,Normal
2026-02-10 09:41:32.323700,Berlin-3a9d,19,92,Normal
2026-02-10 09:41:33.323700,Berlin-3a9d,6,71,Normal
2026-02-10 09:41:34.323700,Berlin-3a9d,32,7,Normal
2026-02-10 09:41:35.323700,Berlin-3a9d,32,94,Normal
2026-02-10 09:41:36.323700,Berlin-3a9d,-27,74,Normal
2026-02-10 09:41:37.323700,Berlin-3a9d,-24,8,Normal
2026-02-10 09:41:38.323700,Berlin-3a9d,36,88,Normal
2026-02-10 09:41:39.323700,Berlin-3a9d,-22,52,Normal
2026-02-10 09:41:40.323700,Berlin-3a9d,45,47,Normal
2026-02-10 09:41:41.323700,Berlin-3a9d,-17,23,Normal
2026-02-10 09:41:42.323700,Berlin-3a9d,30,75,Normal
2026-02-10 09:41:43.323700,Berlin-3a9d,50,64,Normal
2026-02-10 09:41:44.323700,Berlin-3a9d,29,64,Normal
2026-02-10 09:41:45.323700,Berlin-3a9d,-4,82,Normal
2026-02-10 09:41:46.323700,Berlin-3a9d,6,88,Normal
2026-02-10 09:41:47.323700,Berlin-3a9d,28,45,Normal
2026-02-10 09:41:48.323700,Berlin-3a9d,-14,81,Normal
2026-02-10 09:41:49.323700,Berlin-3a9d,-11,84,Normal
2026-02-10 09:41:50.323700,Berlin-3a9d,7,76,Normal
2026-02-10 09:41:51.323700,Berlin-3a9d,-18,42,Normal
2026-02-10 09:41:52.323700,Berlin-3a9d,-13,99,Normal
2026-02-10 09:41:53.323700,Berlin-3a9d,-26,80,Normal
2026-02-10 09:41:54.323700,Berlin-3a9d,-19,1,Normal
2026-02-10 09:41:55.323700,Berlin-3a9d,-15,34,Normal
2026-02-10 09:41:56.323700,Berlin-3a9d,33,9,Normal
2026-02-10 09:41:57.323700,Berlin-3a9d,-22,57,Normal
2026-02-10 09:41:58.323700,Berlin-3a9d,4,89,Normal
2026-02-10 09:41:59.323700,Berlin-3a9d,-11,59,Normal
2026-02-10 09:42:00.323700,Berlin-3a9d,50,10,Normal
2026-02-10 09:42:01.323700,Berlin-3a9d,7,10,Normal
2026-02-10 09:42:02.323700,Berlin-3a9d,-30,0,Normal
2026-02-10 09:42:03.323700,Berlin-3a9d,-24,47,Normal
2026-02-10 09:42:04.323700,Berlin-3a9d,20,97,Normal
2026-02-10 09:42:05.323700,Berlin-3a9d,30,16,Normal
2026-02-10 09:42:06.323700,Berlin-3a9d,7,46,Normal
2026-02-10 09:42:07.323700,Berlin-3a9d,-16,38,Normal
2026-02-10 09:42:08.323700,Berlin-3a9d,22,61,Normal
2026-02-10 09:42:09.323700,Berlin-3a9d,36,74,Normal
2026-02-10 09:42:10.323700,Berlin-3a9d,50,74,Normal
2026-02-10 09:42:11.323700,Berlin-3a9d,-4,50,Normal
2026-02-10 09:42:12.323700,Berlin-3a9d,16,48,Normal
2026-02-10 09:42:13.323700,Berlin-3a9d,46,17,Normal
2026-02-10 09:42:14.323700,Berlin-3a9d,18,80,Normal
2026-02-10 09:42:15.323700,Berlin-3a9d,25,69,Normal
2026-02-10 09:42:16.323700,Berlin-3a9d,-25,56,Normal
2026-02-10 09:42:17.323700,Berlin-3a9d,19,49,Normal
2026-02-10 09:42:18.323700,Berlin-3a9d,23,95,Normal
2026-02-10 09:42:19.323700,Berlin-3a9d,14,23,Normal
2026-02-10 09:42:20.323700,Berlin-3a9d,26,44,Normal
2026-02-10 09:42:21.323700,Berlin-3a9d,-14,39,Normal
2026-02-10 09:42:22.323700,Berlin-3a9d,41,83,Normal
2026-02-10 09:42:23.323700,Berlin-3a9d,41,3,Normal
2026-02-10 09:42:24.323700,Berlin-3a9d,-21,4,Normal
2026-02-10 09:42:25.323700,Berlin-3a9d,20,93,Normal
2026-02-10 09:42:26.323700,Berlin-3a9d,1,1,Normal
2026-02-10 09:42:27.323700,Berlin-3a9d,-21,9,Normal
2026-02-10 09:42:28.323700,Berlin-3a9d,16,73,Normal
2026-02-10 09:42:29.323700,Berlin-3a9d,-22,65,Normal
2026-02-10 09:42:30.323700,Berlin-3a9d,-10,67,Normal
2026-02-10 09:42:31.323700,Berlin-3a9d,-29,97,Normal
2026-02-10 09:42:32.323700,Berlin-3a9d,44,15,Normal
2026-02-10 09:42:33.323700,Berlin-3a9d,-21,53,Normal
2026-02-10 09:42:34.323700,Berlin-3a9d,43,28,Normal
2026-02-10 09:42:35.323700,Berlin-3a9d,38,66,Normal
2026-02-10 09:42:36.323700,Berlin-3a9d,4,100,Normal
2026-02-10 09:42:37.323700,Berlin-3a9d,8,75,Normal
2026-02-10 09:42:38.323700,Berlin-3a9d,-8,72,Normal
2026-02-10 09:42:39.323700,Berlin-3a9d,49,63,Normal
2026-02-10 09:42:40.323700,Berlin-3a9d,29,41,Normal
2026-02-10 09:42:41.323700,Berlin-3a9d,21,57,Normal
2026-02-10 09:42:42.323700,Berlin-3a9d,-23,46,Normal
2026-02-10 09:42:43.323700,Berlin-3a9d,36,28,Normal
2026-02-10 09:42:44.323700,Berlin-3a9d,3,65,Normal
2026-02-10 09:42:45.323700,Berlin-3a9d,-23,5,Normal
2026-02-10 09:42:46.323700,Berlin-3a9d,-28,37,Normal
2026-02-10 09:42:47.323700,Berlin-3a9d,-27,96,Normal
2026-02-10 09:42:48.323700,Berlin-3a9d,13,45,Normal
2026-02-10 09:42:49.323700,Berlin-3a9d,6,37,Normal
2026-02-10 09:42:50.323700,Berlin-3a9d,13,84,Normal
2026-02-10 09:42:51.323700,Berlin-3a9d,35,1,Normal
2026-02-10 09:42:52.323700,Berlin-3a9d,-13,95,Normal
2026-02-10 09:42:53.323700,Berlin-3a9d,38,7,Normal
2026-02-10 09:42:54.323700,Berlin-3a9d,20,52,Normal
2026-02-10 09:42:55.323700,Berlin-3a9d,17,93,Normal
2026-02-10 09:42:56.323700,Berlin-3a9d,39,30,Normal
2026-02-10 09:42:57.323700,Berlin-3a9d,47,95,Normal
2026-02-10 09:42:58.323700,Berlin-3a9d,32,71,Normal
2026-02-10 09:42:59.323700,Berlin-3a9d,40,71,Normal
2026-02-10 09:43:00.323700,Berlin-3a9d,-5,56,Normal
2026-02-10 09:43:01.323700,Berlin-3a9d,30,26,Normal
2026-02-10 09:43:02.323700,Berlin-3a9d,3,24,Normal
2026-02-10 09:43:03.323700,Berlin-3a9d,41,43,Normal
2026-02-10 09:43:04.323700,Berlin-3a9d,50,84,Normal
2026-02-10 09:43:05.323700,Berlin-3a9d,24,55,Normal
2026-02-10 09:43:06.323700,Berlin-3a9d,-24,46,Normal
2026-02-10 09:43:07.323700,Berlin-3a9d,-21,78,Normal
2026-02-10 09:43:08.323700,Berlin-3a9d,-2,27,Normal
2026-02-10 09:43:09.323700,Berlin-3a9d,40,44,Normal
2026-02-10 09:43:10.323700,Berlin-3a9d,-8,58,Normal
2026-02-10 09:43:11.323700,Berlin-3a9d,18,74,Normal
2026-02-10 09:43:12.323700,Berlin-3a9d,-25,42,Normal
2026-02-10 09:43:13.323700,Berlin-3a9d,43,19,Normal
2026-02-10 09:43:14.323700,Berlin-3a9d,16,51,Normal
2026-02-10 09:43:15.323700,Berlin-3a9d,49,4,Normal
2026-02-10 09:43:16.323700,Berlin-3a9d,33,60,Normal
2026-02-10 09:43:17.323700,Berlin-3a9d,-11,88,Normal
2026-02-10 09:43:18.323700,Berlin-3a9d,26,11,Normal
2026-02-10 09:43:19.323700,Berlin-3a9d,-13,80,Normal
2026-02-10 09:43:20.323700,Berlin-3a9d,46,98,Normal
2026-02-10 09:43:21.323700,Berlin-3a9d,38,94,Normal
2026-02-10 09:43:22.323700,Berlin-3a9d,45,38,Normal
2026-02-10 09:43:23.323700,Berlin-3a9d,33,65,Normal
2026-02-10 09:43:24.323700,Berlin-3a9d,24,75,Normal
2026-02-10 09:43:25.323700,Berlin-3a9d,29,36,Normal
2026-02-10 09:43:26.323700,Berlin-3a9d,-3,70,Normal
2026-02-10 09:43:27.323700,Berlin-3a9d,-17,43,Normal
2026-02-10 09:43:28.323700,Berlin-3a9d,20,42,Normal
2026-02-10 09:43:29.323700,Berlin-3a9d,30,27,Normal
2026-02-10 09:43:30.323700,Berlin-3a9d,4,94,Normal
2026-02-10 09:43:31.323700,Berlin-3a9d,-25,66,Normal
2026-02-10 09:43:32.323700,Berlin-3a9d,14,53,Normal
2026-02-10 09:43:33.323700,Berlin-3a9d,47,47,Normal
2026-02-10 09:43:34.323700,Berlin-3a9d,0,94,Normal
2026-02-10 09:43:35.323700,Berlin-3a9d,23,62,Normal
2026-02-10 09:43:36.323700,Berlin-3a9d,-9,30,Normal
2026-02-10 09:43:37.323700,Berlin-3a9d,25,60,Normal
2026-02-10 09:43:38.323700,Berlin-3a9d,-22,29,Normal
2026-02-10 09:43:39.323700,Berlin-3a9d,-1,87,Normal
2026-02-10 09:43:40.323700,Berlin-3a9d,-12,11,Normal
2026-02-10 09:43:41.323700,Berlin-3a9d,3,60,Normal
2026-02-10 09:43:42.323700,Berlin-3a9d,26,70,Normal
2026-02-10 09:43:43.323700,Berlin-3a9d,26,43,Normal
2026-02-10 09:43:44.323700,Berlin-3a9d,31,55,Normal
2026-02-10 09:43:45.323700,Berlin-3a9d,-1,27,Normal
2026-02-10 09:43:46.323700,Berlin-3a9d,44,13,Normal
2026-02-10 09:43:47.323700,Berlin-3a9d,-25,39,Normal
2026-02-10 09:43:48.323700,Berlin-3a9d,10,72,Normal
2026-02-10 09:43:49.323700,Berlin-3a9d,36,50,Normal
2026-02-10 09:43:50.323700,Berlin-3a9d,40,99,Normal
2026-02-10 09:43:51.323700,Berlin-3a9d,26,69,Normal
2026-02-10 09:43:52.323700,Berlin-3a9d,2,100,Normal
2026-02-10 09:43:53.323700,Berlin-3a9d,-14,18,Normal
2026-02-10 09:43:54.323700,Berlin-3a9d,46,34,Normal
2026-02-10 09:43:55.323700,Berlin-3a9d,6,45,Normal
2026-02-10 09:43:56.323700,Berlin-3a9d,-16,79,Normal
2026-02-10 09:43:57.323700,Berlin-3a9d,48,67,Normal
2026-02-10 09:43:58.323700,Berlin-3a9d,-20,35,Normal
2026-02-10 09:43:59.323700,Berlin-3a9d,-28,43,Normal
2026-02-10 09:44:00.323700,Berlin-3a9d,6,66,Normal
2026-02-10 09:44:01.323700,Berlin-3a9d,26,1,Normal
2026-02-10 09:44:02.323700,Berlin-3a9d,-19,22,Normal
2026-02-10 09:44:03.323700,Berlin-3a9d,-4,59,Normal
2026-02-10 09:44:04.323700,Berlin-3a9d,17,64,Normal
2026-02-10 09:44:05.323700,Berlin-3a9d,-1,30,Normal
2026-02-10 09:44:06.323700,Berlin-3a9d,13,22,Normal
2026-02-10 09:44:07.323700,Berlin-3a9d,29,23,Normal
2026-02-10 09:44:08.323700,Berlin-3a9d,2,30,Normal
2026-02-10 09:44:09.323700,Berlin-3a9d,-19,80,Normal
2026-02-10 09:44:10.323700,Berlin-3a9d,-22,73,Normal
2026-02-10 09:44:11.323700,Berlin-3a9d,14,25,Normal
2026-02-10 09:44:12.323700,Berlin-3a9d,36,45,Normal
2026-02-10 09:44:13.323700,Berlin-3a9d,18,69,Normal
2026-02-10 09:44:14.323700,Berlin-3a9d,30,99,Normal
2026-02-10 09:44:15.323700,Berlin-3a9d,23,77,Normal
2026-02-10 09:44:16.323700,Berlin-3a9d,-14,8,Normal
2026-02-10 09:44:17.323700,Berlin-3a9d,-30,93,Normal
2026-02-10 09:44:18.323700,Berlin-3a9d,-11,46,Normal
2026-02-10 09:44:19.323700,Berlin-3a9d,-22,27,Normal
2026-02-10 09:44:20.323700,Berlin-3a9d,18,31,Normal
2026-02-10 09:44:21.323700,Berlin-3a9d,15,76,Normal
2026-02-10 09:44:22.323700,Berlin-3a9d,1,40,Normal
2026-02-10 09:44:23.323700,Berlin-3a9d,-10,47,Normal
2026-02-10 09:44:24.323700,Berlin-3a9d,-3,94,Normal
2026-02-10 09:44:25.323700,Berlin-3a9d,21,93,Normal
2026-02-10 09:44:26.323700,Berlin-3a9d,6,96,Normal
2026-02-10 09:44:27.323700,Berlin-3a9d,-17,38,Normal
2026-02-10 09:44:28.323700,Berlin-3a9d,-17,51,Normal
2026-02-10 09:44:29.323700,Berlin-3a9d,37,18,Normal
2026-02-10 09:44:30.323700,Berlin-3a9d,38,37,Normal
2026-02-10 09:44:31.323700,Berlin-3a9d,16,45,Normal
2026-02-10 09:44:32.323700,Berlin-3a9d,-28,35,Normal
2026-02-10 09:44:33.323700,Berlin-3a9d,27,47,Normal
2026-02-10 09:44:34.323700,Berlin-3a9d,42,68,Normal
2026-02-10 09:44:35.323700,Berlin-3a9d,-6,4,Normal
2026-02-10 09:44:36.323700,Berlin-3a9d,-17,58,Normal
2026-02-10 09:44:37.323700,Berlin-3a9d,28,86,Normal
2026-02-10 09:44:38.323700,Berlin-3a9d,38,12,Normal
2026-02-10 09:44:39.323700,Berlin-3a9d,36,80,Normal
2026-02-10 09:44:40.323700,Berlin-3a9d,23,2,Normal
2026-02-10 09:44:41.323700,Berlin-3a9d,8,92,Normal
2026-02-10 09:44:42.323700,Berlin-3a9d,18,15,Normal
2026-02-10 09:44:43.323700,Berlin-3a9d,-29,38,Normal
2026-02-10 09:44:44.323700,Berlin-3a9d,14,4,Normal
2026-02-10 09:44:45.323700,Berlin-3a9d,-2,96,Normal
2026-02-10 09:44:46.323700,Berlin-3a9d,44,2,Normal
2026-02-10 09:44:47.323700,Berlin-3a9d,48,2,Normal
2026-02-10 09:44:48.323700,Berlin-3a9d,9,68,Normal
2026-02-10 09:44:49.323700,Berlin-3a9d,49,69,Normal
2026-02-10 09:44:50.323700,Berlin-3a9d,-18,69,Normal
2026-02-10 09:44:51.323700,Berlin-3a9d,25,36,Normal
2026-02-10 09:44:52.323700,Berlin-3a9d,47,81,Normal
2026-02-10 09:44:53.323700,Berlin-3a9d,48,46,Normal
2026-02-10 09:44:54.323700,Berlin-3a9d,42,76,Normal
2026-02-10 09:44:55.323700,Berlin-3a9d,-23,84,Normal
2026-02-10 09:44:56.323700,Berlin-3a9d,49,35,Normal
2026-02-10 09:44:57.323700,Berlin-3a9d,-16,78,Normal
2026-02-10 09:44:58.323700,Berlin-3a9d,-13,40,Normal
2026-02-10 09:44:59.323700,Berlin-3a9d,-9,86,Normal
2026-02-10 09:45:00.323700,Berlin-3a9d,42,77,Normal
2026-02-10 09:45:01.323700,Berlin-3a9d,-5,79,Normal
2026-02-10 09:45:02.323700,Berlin-3a9d,-24,48,Normal
2026-02-10 09:45:03.323700,Berlin-3a9d,-28,25,Normal
2026-02-10 09:45:04.323700,Berlin-3a9d,15,94,Normal
2026-02-10 09:45:05.323700,Berlin-3a9d,-20,31,Normal
2026-02-10 09:45:06.323700,Berlin-3a9d,-28,59,Normal
2026-02-10 09:45:07.323700,Berlin-3a9d,8,10,Normal
2026-02-10 09:45:08.323700,Berlin-3a9d,-11,15,Normal
2026-02-10 09:45:09.323700,Berlin-3a9d,44,79,Normal
2026-02-10 09:45:10.323700,Berlin-3a9d,11,65,Normal
2026-02-10 09:45:11.323700,Berlin-3a9d,-2,95,Normal
2026-02-10 09:45:12.323700,Berlin-3a9d,24,52,Normal
2026-02-10 09:45:13.323700,Berlin-3a9d,48,2,Normal
2026-02-10 09:45:14.323700,Berlin-3a9d,-19,47,Normal
2026-02-10 09:45:15.323700,Berlin-3a9d,11,16,Normal
2026-02-10 09:45:16.323700,Berlin-3a9d,7,25,Normal
2026-02-10 09:45:17.323700,Berlin-3a9d,43,33,Normal
2026-02-10 09:45:18.323700,Berlin-3a9d,17,95,Normal
2026-02-10 09:45:19.323700,Berlin-3a9d,2,89,Normal
2026-02-10 09:45:20.323700,Berlin-3a9d,-19,26,Normal
2026-02-10 09:45:21.323700,Berlin-3a9d,39,9,Normal
2026-02-10 09:45:22.323700,Berlin-3a9d,23,36,Normal
2026-02-10 09:45:23.323700,Berlin-3a9d,-4,94,Normal
2026-02-10 09:45:24.323700,Berlin-3a9d,45,27,Normal
2026-02-10 09:45:25.323700,Berlin-3a9d,45,48,Normal
2026-02-10 09:45:26.323700,Berlin-3a9d,-26,65,Normal
2026-02-10 09:45:27.323700,Berlin-3a9d,-17,56,Normal
2026-02-10 09:45:28.323700,Berlin-3a9d,39,19,Normal
2026-02-10 09:45:29.323700,Berlin-3a9d,-8,12,Normal
2026-02-10 09:45:30.323700,Berlin-3a9d,-9,64,Normal
2026-02-10 09:45:31.323700,Berlin-3a9d,-13,37,Normal
2026-02-10 09:45:32.323700,Berlin-3a9d,-18,39,Normal
2026-02-10 09:45:33.323700,Berlin-3a9d,10,92,Normal
2026-02-10 09:45:34.323700,Berlin-3a9d,11,85,Normal
2026-02-10 09:45:35.323700,Berlin-3a9d,26,72,Normal
2026-02-10 09:45:36.323700,Berlin-3a9d,-24,73,Normal
2026-02-10 09:45:37.323700,Berlin-3a9d,19,8,Normal
2026-02-10 09:45:38.323700,Berlin-3a9d,32,78,Normal
2026-02-10 09:45:39.323700,Berlin-3a9d,-10,64,Normal
2026-02-10 09:45:40.323700,Berlin-3a9d,27,3,Normal
2026-02-10 09:45:41.323700,Berlin-3a9d,50,95,Normal
2026-02-10 09:45:42.323700,Berlin-3a9d,44,50,Normal
2026-02-10 09:45:43.323700,Berlin-3a9d,31,46,Normal
2026-02-10 09:45:44.323700,Berlin-3a9d,28,70,Normal
2026-02-10 09:45:45.323700,Berlin-3a9d,-29,73,Normal
2026-02-10 09:45:46.323700,Berlin-3a9d,-10,87,Normal
2026-02-10 09:45:47.323700,Berlin-3a9d,-9,96,Normal
2026-02-10 09:45:48.323700,Berlin-3a9d,-20,64,Normal
2026-02-10 09:45:49.323700,Berlin-3a9d,5,33,Normal
2026-02-10 09:45:50.323700,Berlin-3a9d,-23,43,Normal
2026-02-10 09:45:51.323700,Berlin-3a9d,39,75,Normal
2026-02-10 09:45:52.323700,Berlin-3a9d,41,100,Normal
2026-02-10 09:45:53.323700,Berlin-3a9d,0,61,Normal
2026-02-10 09:45:54.323700,Berlin-3a9d,-20,56,Normal
2026-02-10 09:45:55.323700,Berlin-3a9d,11,45,Normal
2026-02-10 09:45:56.323700,Berlin-3a9d,-30,51,Normal
2026-02-10 09:45:57.323700,Berlin-3a9d,9,18,Normal
2026-02-10 09:45:58.323700,Berlin-3a9d,43,63,Normal
2026-02-10 09:45:59.323700,Berlin-3a9d,17,32,Normal
2026-02-10 09:46:00.323700,Berlin-3a9d,-9,59,Normal
2026-02-10 09:46:01.323700,Berlin-3a9d,10,76,Normal
2026-02-10 09:46:02.323700,Berlin-3a9d,-23,55,Normal
2026-02-10 09:46:03.323700,Berlin-3a9d,-10,44,Normal
2026-02-10 09:46:04.323700,Berlin-3a9d,-22,94,Normal
2026-02-10 09:46:05.323700,Berlin-3a9d,40,18,Normal
2026-02-10 09:46:06.323700,Berlin-3a9d,26,29,Normal
2026-02-10 09:46:07.323700,Berlin-3a9d,24,88,Normal
2026-02-10 09:46:08.323700,Berlin-3a9d,33,42,Normal
2026-02-10 09:46:09.323700,Berlin-3a9d,28,91,Normal
2026-02-10 09:46:10.323700,Berlin-3a9d,8,72,Normal
2026-02-10 09:46:11.323700,Berlin-3a9d,-27,28,Normal
2026-02-10 09:46:12.323700,Berlin-3a9d,-23,61,Normal
2026-02-10 09:46:13.323700,Berlin-3a9d,-1,0,Normal
2026-02-10 09:46:14.323700,Berlin-3a9d,8,23,Normal
2026-02-10 09:46:15.323700,Berlin-3a9d,20,95,Normal
2026-02-10 09:46:16.323700,Berlin-3a9d,-19,94,Normal
2026-02-10 09:46:17.323700,Berlin-3a9d,20,57,Normal
2026-02-10 09:46:18.323700,Berlin-3a9d,17,14,Normal
2026-02-10 09:46:19.323700,Berlin-3a9d,-22,38,Normal
2026-02-10 09:46:20.323700,Berlin-3a9d,-2,83,Normal
2026-02-10 09:46:21.323700,Berlin-3a9d,47,25,Normal
2026-02-10 09:46:22.323700,Berlin-3a9d,-22,34,Normal
2026-02-10 09:46:23.323700,Berlin-3a9d,-14,20,Normal
2026-02-10 09:46:24.323700,Berlin-3a9d,-23,66,Normal
2026-02-10 09:46:25.323700,Berlin-3a9d,8,18,Normal
2026-02-10 09:46:26.323700,Berlin-3a9d,-6,20,Normal
2026-02-10 09:46:27.323700,Berlin-3a9d,-4,5,Normal
2026-02-10 09:46:28.323700,Berlin-3a9d,-23,93,Normal
2026-02-10 09:46:29.323700,Berlin-3a9d,-1,89,Normal
2026-02-10 09:46:30.323700,Berlin-3a9d,-3,21,Normal
2026-02-10 09:46:31.323700,Berlin-3a9d,17,9,Normal
2026-02-10 09:46:32.323700,Berlin-3a9d,33,15,Normal
2026-02-10 09:46:33.323700,Berlin-3a9d,31,53,Normal
2026-02-10 09:46:34.323700,Berlin-3a9d,-22,38,Normal
2026-02-10 09:46:35.323700,Berlin-3a9d,-30,41,Normal
2026-02-10 09:46:36.323700,Berlin-3a9d,34,97,Normal
2026-02-10 09:46:37.323700,Berlin-3a9d,-23,32,Normal
2026-02-10 09:46:38.323700,Berlin-3a9d,39,24,Normal
2026-02-10 09:46:39.323700,Berlin-3a9d,-8,56,Normal
2026-02-10 09:46:40.323700,Berlin-3a9d,-29,29,Normal
2026-02-10 09:46:41.323700,Berlin-3a9d,33,22,Normal
2026-02-10 09:46:42.323700,Berlin-3a9d,7,3,Normal
2026-02-10 09:46:43.323700,Berlin-3a9d,-27,5,Normal
2026-02-10 09:46:44.323700,Berlin-3a9d,8,77,Normal
2026-02-10 09:46:45.323700,Berlin-3a9d,-18,92,Normal
2026-02-10 09:46:46.323700,Berlin-3a9d,-14,86,Normal
2026-02-10 09:46:47.323700,Berlin-3a9d,-18,17,Normal
2026-02-10 09:46:48.323700,Berlin-3a9d,34,10,Normal
2026-02-10 09:46:49.323700,Berlin-3a9d,15,48,Normal
2026-02-10 09:46:50.323700,Berlin-3a9d,6,60,Normal
2026-02-10 09:46:51.323700,Berlin-3a9d,31,12,Normal
2026-02-10 09:46:52.323700,Berlin-3a9d,-4,6,Normal
2026-02-10 09:46:53.323700,Berlin-3a9d,-14,7,Normal
2026-02-10 09:46:54.323700,Berlin-3a9d,27,90,Normal
2026-02-10 09:46:55.323700,Berlin-3a9d,-3,21,Normal
2026-02-10 09:46:56.323700,Berlin-3a9d,46,21,Normal
2026-02-10 09:46:57.323700,Berlin-3a9d,17,33,Normal
2026-02-10 09:46:58.323700,Berlin-3a9d,-24,31,Normal
2026-02-10 09:46:59.323700,Berlin-3a9d,45,90,Normal
2026-02-10 09:47:00.323700,Berlin-3a9d,-21,36,Normal
2026-02-10 09:47:01.323700,Berlin-3a9d,-30,36,Normal
2026-02-10 09:47:02.323700,Berlin-3a9d,23,6,Normal
2026-02-10 09:47:03.323700,Berlin-3a9d,3,40,Normal
2026-02-10 09:47:04.323700,Berlin-3a9d,-3,33,Normal
2026-02-10 09:47:05.323700,Berlin-3a9d,-15,71,Normal
2026-02-10 09:47:06.323700,Berlin-3a9d,13,97,Normal
2026-02-10 09:47:07.323700,Berlin-3a9d,-14,30,Normal
2026-02-10 09:47:08.323700,Berlin-3a9d,38,74,Normal
2026-02-10 09:47:09.323700,Berlin-3a9d,33,36,Normal
2026-02-10 09:47:10.323700,Berlin-3a9d,-13,87,Normal
2026-02-10 09:47:11.323700,Berlin-3a9d,2,58,Normal
2026-02-10 09:47:12.323700,Berlin-3a9d,-20,94,Normal
2026-02-10 09:47:13.323700,Berlin-3a9d,8,79,Normal
2026-02-10 09:47:14.323700,Berlin-3a9d,4,54,Normal
2026-02-10 09:47:15.323700,Berlin-3a9d,26,4,Normal
2026-02-10 09:47:16.323700,Berlin-3a9d,-16,72,Normal
2026-02-10 09:47:17.323700,Berlin-3a9d,26,91,Normal
2026-02-10 09:47:18.323700,Berlin-3a9d,32,40,Normal
2026-02-10 09:47:19.323700,Berlin-3a9d,-21,46,Normal
2026-02-10 09:47:20.323700,Berlin-3a9d,4,22,Normal
2026-02-10 09:47:21.323700,Berlin-3a9d,19,99,Normal
2026-02-10 09:47:22.323700,Berlin-3a9d,7,16,Normal
2026-02-10 09:47:23.323700,Berlin-3a9d,-28,98,Normal
2026-02-10 09:47:24.323700,Berlin-3a9d,3,61,Normal
2026-02-10 09:47:25.323700,Berlin-3a9d,37,99,Normal
2026-02-10 09:47:26.323700,Berlin-3a9d,34,3,Normal
2026-02-10 09:47:27.323700,Berlin-3a9d,-25,62,Normal
2026-02-10 09:47:28.323700,Berlin-3a9d,28,46,Normal
2026-02-10 09:47:29.323700,Berlin-3a9d,46,96,Normal
2026-02-10 09:47:30.323700,Berlin-3a9d,-14,93,Normal
2026-02-10 09:47:31.323700,Berlin-3a9d,27,91,Normal
2026-02-10 09:47:32.323700,Berlin-3a9d,19,20,Normal
2026-02-10 09:47:33.323700,Berlin-3a9d,22,34,Normal
2026-02-10 09:47:34.323700,Berlin-3a9d,35,1,Normal
2026-02-10 09:47:35.323700,Berlin-3a9d,41,35,Normal
2026-02-10 09:47:36.323700,Berlin-3a9d,47,56,Normal
2026-02-10 09:47:37.323700,Berlin-3a9d,39,63,Normal
2026-02-10 09:47:38.323700,Berlin-3a9d,34,35,Normal
2026-02-10 09:47:39.323700,Berlin-3a9d,17,47,Normal
2026-02-10 09:47:40.323700,Berlin-3a9d,16,16,Normal
2026-02-10 09:47:41.323700,Berlin-3a9d,21,6,Normal
2026-02-10 09:47:42.323700,Berlin-3a9d,24,68,Normal
2026-02-10 09:47:43.323700,Berlin-3a9d,8,58,Normal
2026-02-10 09:47:44.323700,Berlin-3a9d,-21,6,Normal
2026-02-10 09:47:45.323700,Berlin-3a9d,48,56,Normal
2026-02-10 09:47:46.323700,Berlin-3a9d,-23,68,Normal
2026-02-10 09:47:47.323700,Berlin-3a9d,8,35,Normal
2026-02-10 09:47:48.323700,Berlin-3a9d,-23,4,Normal
2026-02-10 09:47:49.323700,Berlin-3a9d,0,33,Normal
2026-02-10 09:47:50.323700,Berlin-3a9d,-9,82,Normal
2026-02-10 09:47:51.323700,Berlin-3a9d,-14,39,Normal
2026-02-10 09:47:52.323700,Berlin-3a9d,-25,71,Normal
2026-02-10 09:47:53.323700,Berlin-3a9d,-18,87,Normal
2026-02-10 09:47:54.323700,Berlin-3a9d,-10,65,Normal
2026-02-10 09:47:55.323700,Berlin-3a9d,-26,100,Normal
2026-02-10 09:47:56.323700,Berlin-3a9d,26,65,Normal
2026-02-10 09:47:57.323700,Berlin-3a9d,-8,11,Normal
2026-02-10 09:47:58.323700,Berlin-3a9d,1,33,Normal
2026-02-10 09:47:59.323700,Berlin-3a9d,34,68,Normal
2026-02-10 09:48:00.323700,Berlin-3a9d,40,48,Normal
2026-02-10 09:48:01.323700,Berlin-3a9d,47,0,Normal
2026-02-10 09:48:02.323700,Berlin-3a9d,18,95,Normal
2026-02-10 09:48:03.323700,Berlin-3a9d,46,22,Normal
2026-02-10 09:48:04.323700,Berlin-3a9d,9,16,Normal
2026-02-10 09:48:05.323700,Berlin-3a9d,30,0,Normal
2026-02-10 09:48:06.323700,Berlin-3a9d,31,46,Normal
2026-02-10 09:48:07.323700,Berlin-3a9d,-29,24,Normal
2026-02-10 09:48:08.323700,Berlin-3a9d,22,95,Normal
2026-02-10 09:48:09.323700,Berlin-3a9d,47,19,Normal
2026-02-10 09:48:10.323700,Berlin-3a9d,-9,99,Normal
2026-02-10 09:48:11.323700,Berlin-3a9d,-18,37,Normal
2026-02-10 09:48:12.323700,Berlin-3a9d,19,97,Normal
2026-02-10 09:48:13.323700,Berlin-3a9d,-14,59,Normal
2026-02-10 09:48:14.323700,Berlin-3a9d,23,97,Normal
2026-02-10 09:48:15.323700,Berlin-3a9d,19,48,Normal
2026-02-10 09:48:16.323700,Berlin-3a9d,11,59,Normal
2026-02-10 09:48:17.323700,Berlin-3a9d,25,33,Normal
2026-02-10 09:48:18.323700,Berlin-3a9d,38,55,Normal
2026-02-10 09:48:19.323700,Berlin-3a9d,31,19,Normal
2026-02-10 09:48:20.323700,Berlin-3a9d,-16,98,Normal
2026-02-10 09:48:21.323700,Berlin-3a9d,-14,84,Normal
2026-02-10 09:48:22.323700,Berlin-3a9d,44,88,Normal
2026-02-10 09:48:23.323700,Berlin-3a9d,26,15,Normal
2026-02-10 09:48:24.323700,Berlin-3a9d,7,94,Normal
2026-02-10 09:48:25.323700,Berlin-3a9d,13,29,Normal
2026-02-10 09:48:26.323700,Berlin-3a9d,-6,50,Normal
2026-02-10 09:48:27.323700,Berlin-3a9d,-14,49,Normal
2026-02-10 09:48:28.323700,Berlin-3a9d,46,53,Normal
2026-02-10 09:48:29.323700,Berlin-3a9d,-16,12,Normal
2026-02-10 09:48:30.323700,Berlin-3a9d,11,99,Normal
2026-02-10 09:48:31.323700,Berlin-3a9d,40,66,Normal
2026-02-10 09:48:32.323700,Berlin-3a9d,-26,61,Normal
2026-02-10 09:48:33.323700,Berlin-3a9d,31,89,Normal
2026-02-10 09:48:34.323700,Berlin-3a9d,-19,32,Normal
2026-02-10 09:48:35.323700,Berlin-3a9d,-6,3,Normal
2026-02-10 09:48:36.323700,Berlin-3a9d,-17,17,Normal
2026-02-10 09:48:37.323700,Berlin-3a9d,23,18,Normal
2026-02-10 09:48:38.323700,Berlin-3a9d,32,0,Normal
2026-02-10 09:48:39.323700,Berlin-3a9d,44,93,Normal
2026-02-10 09:48:40.323700,Berlin-3a9d,-12,31,Normal
2026-02-10 09:48:41.323700,Berlin-3a9d,28,42,Normal
2026-02-10 09:48:42.323700,Berlin-3a9d,19,5,Normal
2026-02-10 09:48:43.323700,Berlin-3a9d,-11,67,Normal
2026-02-10 09:48:44.323700,Berlin-3a9d,14,4,Normal
2026-02-10 09:48:45.323700,Berlin-3a9d,-1,27,Normal
2026-02-10 09:48:46.323700,Berlin-3a9d,-25,75,Normal
2026-02-10 09:48:47.323700,Berlin-3a9d,37,41,Normal
2026-02-10 09:48:48.323700,Berlin-3a9d,-17,87,Normal
2026-02-10 09:48:49.323700,Berlin-3a9d,6,40,Normal
2026-02-10 09:48:50.323700,Berlin-3a9d,32,21,Normal
2026-02-10 09:48:51.323700,Berlin-3a9d,-27,63,Normal
2026-02-10 09:48:52.323700,Berlin-3a9d,22,9,Normal
2026-02-10 09:48:53.323700,Berlin-3a9d,-12,29,Normal
2026-02-10 09:48:54.323700,Berlin-3a9d,-3,99,Normal
2026-02-10 09:48:55.323700,Berlin-3a9d,11,81,Normal
2026-02-10 09:48:56.323700,Berlin-3a9d,27,5,Normal
2026-02-10 09:48:57.323700,Berlin-3a9d,49,65,Normal
2026-02-10 09:48:58.323700,Berlin-3a9d,-28,74,Normal
2026-02-10 09:48:59.323700,Berlin-3a9d,-22,61,Normal
2026-02-10 09:49:00.323700,Berlin-3a9d,12,58,Normal
2026-02-10 09:49:01.323700,Berlin-3a9d,35,76,Normal
2026-02-10 09:49:02.323700,Berlin-3a9d,-7,3,Normal
2026-02-10 09:49:03.323700,Berlin-3a9d,49,81,Normal
2026-02-10 09:49:04.323700,Berlin-3a9d,26,53,Normal
2026-02-10 09:49:05.323700,Berlin-3a9d,-1,90,Normal
2026-02-10 09:49:06.323700,Berlin-3a9d,35,61,Normal
2026-02-10 09:49:07.323700,Berlin-3a9d,25,19,Normal
2026-02-10 09:49:08.323700,Berlin-3a9d,31,39,Normal
2026-02-10 09:49:09.323700,Berlin-3a9d,33,31,Normal
2026-02-10 09:49:10.323700,Berlin-3a9d,20,14,Normal
2026-02-10 09:49:11.323700,Berlin-3a9d,-6,66,Normal
2026-02-10 09:49:12.323700,Berlin-3a9d,8,92,Normal
2026-02-10 09:49:13.323700,Berlin-3a9d,-23,70,Normal
2026-02-10 09:49:14.323700,Berlin-3a9d,-20,73,Normal
2026-02-10 09:49:15.323700,Berlin-3a9d,-30,3,Normal
2026-02-10 09:49:16.323700,Berlin-3a9d,14,1,Normal
2026-02-10 09:49:17.323700,Berlin-3a9d,46,58,Normal
2026-02-10 09:49:18.323700,Berlin-3a9d,36,88,Normal
2026-02-10 09:49:19.323700,Berlin-3a9d,-1,59,Normal
2026-02-10 09:49:20.323700,Berlin-3a9d,0,93,Normal
2026-02-10 09:49:21.323700,Berlin-3a9d,-24,13,Normal
2026-02-10 09:49:22.323700,Berlin-3a9d,-28,30,Normal
2026-02-10 09:49:23.323700,Berlin-3a9d,22,88,Normal
2026-02-10 09:49:24.323700,Berlin-3a9d,22,74,Normal
2026-02-10 09:49:25.323700,Berlin-3a9d,-10,70,Normal
2026-02-10 09:49:26.323700,Berlin-3a9d,10,25,Normal
2026-02-10 09:49:27.323700,Berlin-3a9d,40,84,Normal
2026-02-10 09:49:28.323700,Berlin-3a9d,-1,49,Normal
2026-02-10 09:49:29.323700,Berlin-3a9d,31,18,Normal
2026-02-10 09:49:30.323700,Berlin-3a9d,7,90,Normal
2026-02-10 09:49:31.323700,Berlin-3a9d,-15,40,Normal
2026-02-10 09:49:32.323700,Berlin-3a9d,21,15,Normal
2026-02-10 09:49:33.323700,Berlin-3a9d,-1,0,Normal
2026-02-10 09:49:34.323700,Berlin-3a9d,-5,20,Normal
2026-02-10 09:49:35.323700,Berlin-3a9d,23,31,Normal
2026-02-10 09:49:36.323700,Berlin-3a9d,1,60,Normal
2026-02-10 09:49:37.323700,Berlin-3a9d,-23,80,Normal
2026-02-10 09:49:38.323700,Berlin-3a9d,10,7,Normal
2026-02-10 09:49:39.323700,Berlin-3a9d,23,55,Normal
2026-02-10 09:49:40.323700,Berlin-3a9d,49,5,Normal
2026-02-10 09:49:41.323700,Berlin-3a9d,-26,30,Normal
2026-02-10 09:49:42.323700,Berlin-3a9d,13,100,Normal
2026-02-10 09:49:43.323700,Berlin-3a9d,17,31,Normal
2026-02-10 09:49:44.323700,Berlin-3a9d,-13,23,Normal
2026-02-10 09:49:45.323700,Berlin-3a9d,-27,97,Normal
2026-02-10 09:49:46.323700,Berlin-3a9d,2,19,Normal
2026-02-10 09:49:47.323700,Berlin-3a9d,12,91,Normal
2026-02-10 09:49:48.323700,Berlin-3a9d,5,15,Normal
2026-02-10 09:49:49.323700,Berlin-3a9d,-3,53,Normal
2026-02-10 09:49:50.323700,Berlin-3a9d,44,64,Normal
2026-02-10 09:49:51.323700,Berlin-3a9d,-15,8,Normal
2026-02-10 09:49:52.323700,Berlin-3a9d,-9,48,Normal
2026-02-10 09:49:53.323700,Berlin-3a9d,34,8,Normal
2026-02-10 09:49:54.323700,Berlin-3a9d,13,80,Normal
2026-02-10 09:49:55.323700,Berlin-3a9d,30,9,Normal
2026-02-10 09:49:56.323700,Berlin-3a9d,8,90,Normal
2026-02-10 09:49:57.323700,Berlin-3a9d,11,82,Normal
2026-02-10 09:49:58.323700,Berlin-3a9d,5,74,Normal
2026-02-10 09:49:59.323700,Berlin-3a9d,19,64,Normal
2026-02-10 09:50:00.323700,Berlin-3a9d,6,63,Normal
2026-02-10 09:50:01.323700,Berlin-3a9d,6,91,Normal
2026-02-10 09:50:02.323700,Berlin-3a9d,48,45,Normal
2026-02-10 09:50:03.323700,Berlin-3a9d,34,48,Normal
2026-02-10 09:50:04.323700,Berlin-3a9d,24,71,Normal
2026-02-10 09:50:05.323700,Berlin-3a9d,-23,6,Normal
2026-02-10 09:50:06.323700,Berlin-3a9d,43,12,Normal
2026-02-10 09:50:07.323700,Berlin-3a9d,-5,68,Normal
2026-02-10 09:50:08.323700,Berlin-3a9d,16,53,Normal
2026-02-10 09:50:09.323700,Berlin-3a9d,10,74,Normal
2026-02-10 09:50:10.323700,Berlin-3a9d,28,70,Normal
2026-02-10 09:50:11.323700,Berlin-3a9d,13,51,Normal
2026-02-10 09:50:12.323700,Berlin-3a9d,-21,97,Normal
2026-02-10 09:50:13.323700,Berlin-3a9d,-23,74,Normal
2026-02-10 09:50:14.323700,Berlin-3a9d,40,72,Normal
2026-02-10 09:50:15.323700,Berlin-3a9d,13,78,Normal
2026-02-10 09:50:16.323700,Berlin-3a9d,15,74,Normal
2026-02-10 09:50:17.323700,Berlin-3a9d,-18,84,Normal
2026-02-10 09:50:18.323700,Berlin-3a9d,-4,55,Normal
2026-02-10 09:50:19.323700,Berlin-3a9d,-3,69,Normal
2026-02-10 09:50:20.323700,Berlin-3a9d,-16,47,Normal
2026-02-10 09:50:21.323700,Berlin-3a9d,5,54,Normal
2026-02-10 09:50:22.323700,Berlin-3a9d,10,5,Normal
2026-02-10 09:50:23.323700,Berlin-3a9d,18,93,Normal
2026-02-10 09:50:24.323700,Berlin-3a9d,-20,48,Normal
2026-02-10 09:50:25.323700,Berlin-3a9d,-16,87,Normal
2026-02-10 09:50:26.323700,Berlin-3a9d,10,59,Normal
2026-02-10 09:50:27.323700,Berlin-3a9d,23,78,Normal
2026-02-10 09:50:28.323700,Berlin-3a9d,9,28,Normal
2026-02-10 09:50:29.323700,Berlin-3a9d,-4,84,Normal
2026-02-10 09:50:30.323700,Berlin-3a9d,23,0,Normal
2026-02-10 09:50:31.323700,Berlin-3a9d,22,87,Normal
2026-02-10 09:50:32.323700,Berlin-3a9d,45,60,Normal
2026-02-10 09:50:33.323700,Berlin-3a9d,40,35,Normal
2026-02-10 09:50:34.323700,Berlin-3a9d,47,27,Normal
2026-02-10 09:50:35.323700,Berlin-3a9d,0,53,Normal
2026-02-10 09:50:36.323700,Berlin-3a9d,45,60,Normal
2026-02-10 09:50:37.323700,Berlin-3a9d,37,66,Normal
2026-02-10 09:50:38.323700,Berlin-3a9d,22,64,Normal
2026-02-10 09:50:39.323700,Berlin-3a9d,34,40,Normal
2026-02-10 09:50:40.323700,Berlin-3a9d,-15,30,Normal
2026-02-10 09:50:41.323700,Berlin-3a9d,20,44,Normal
2026-02-10 09:50:42.323700,Berlin-3a9d,-21,54,Normal
2026-02-10 09:50:43.323700,Berlin-3a9d,32,48,Normal
2026-02-10 09:50:44.323700,Berlin-3a9d,-2,89,Normal
2026-02-10 09:50:45.323700,Berlin-3a9d,3,90,Normal
2026-02-10 09:50:46.323700,Berlin-3a9d,46,15,Normal
2026-02-10 09:50:47.323700,Berlin-3a9d,-26,94,Normal
2026-02-10 09:50:48.323700,Berlin-3a9d,34,49,Normal
2026-02-10 09:50:49.323700,Berlin-3a9d,-8,79,Normal
2026-02-10 09:50:50.323700,Berlin-3a9d,46,11,Normal
2026-02-10 09:50:51.323700,Berlin-3a9d,-26,1,Normal
2026-02-10 09:50:52.323700,Berlin-3a9d,13,14,Normal
2026-02-10 09:50:53.323700,Berlin-3a9d,-25,22,Normal
2026-02-10 09:50:54.323700,Berlin-3a9d,13,28,Normal
2026-02-10 09:50:55.323700,Berlin-3a9d,1,16,Normal
2026-02-10 09:50:56.323700,Berlin-3a9d,35,0,Normal
2026-02-10 09:50:57.323700,Berlin-3a9d,-15,79,Normal
2026-02-10 09:50:58.323700,Berlin-3a9d,-12,21,Normal
2026-02-10 09:50:59.323700,Berlin-3a9d,-29,69,Normal
2026-02-10 09:51:00.323700,Berlin-3a9d,27,50,Normal
2026-02-10 09:51:01.323700,Berlin-3a9d,-16,83,Normal
2026-02-10 09:51:02.323700,Berlin-3a9d,-2,62,Normal
2026-02-10 09:51:03.323700,Berlin-3a9d,-4,18,Normal
2026-02-10 09:51:04.323700,Berlin-3a9d,-28,3,Normal
2026-02-10 09:51:05.323700,Berlin-3a9d,-4,68,Normal
2026-02-10 09:51:06.323700,Berlin-3a9d,48,80,Normal
2026-02-10 09:51:07.323700,Berlin-3a9d,-2,23,Normal
2026-02-10 09:51:08.323700,Berlin-3a9d,29,63,Normal
2026-02-10 09:51:09.323700,Berlin-3a9d,-2,60,Normal
2026-02-10 09:51:10.323700,Berlin-3a9d,-25,21,Normal
2026-02-10 09:51:11.323700,Berlin-3a9d,43,46,Normal
2026-02-10 09:51:12.323700,Berlin-3a9d,-16,70,Normal
2026-02-10 09:51:13.323700,Berlin-3a9d,-3,51,Normal
2026-02-10 09:51:14.323700,Berlin-3a9d,13,64,Normal
2026-02-10 09:51:15.323700,Berlin-3a9d,41,35,Normal
2026-02-10 09:51:16.323700,Berlin-3a9d,29,18,Normal
2026-02-10 09:51:17.323700,Berlin-3a9d,-29,91,Normal
2026-02-10 09:51:18.323700,Berlin-3a9d,-7,33,Normal
2026-02-10 09:51:19.323700,Berlin-3a9d,-14,0,Normal
2026-02-10 09:51:20.323700,Berlin-3a9d,31,82,Normal
2026-02-10 09:51:21.323700,Berlin-3a9d,29,93,Normal
2026-02-10 09:51:22.323700,Berlin-3a9d,-7,4,Normal
2026-02-10 09:51:23.323700,Berlin-3a9d,20,66,Normal
2026-02-10 09:51:24.323700,Berlin-3a9d,15,0,Normal
2026-02-10 09:51:25.323700,Berlin-3a9d,-18,90,Normal
2026-02-10 09:51:26.323700,Berlin-3a9d,-19,93,Normal
2026-02-10 09:51:27.323700,Berlin-3a9d,11,88,Normal
2026-02-10 09:51:28.323700,Berlin-3a9d,32,11,Normal
2026-02-10 09:51:29.323700,Berlin-3a9d,-23,70,Normal
2026-02-10 09:51:30.323700,Berlin-3a9d,17,20,Normal
2026-02-10 09:51:31.323700,Berlin-3a9d,47,27,Normal
2026-02-10 09:51:32.323700,Berlin-3a9d,8,96,Normal
2026-02-10 09:51:33.323700,Berlin-3a9d,25,79,Normal
2026-02-10 09:51:34.323700,Berlin-3a9d,13,69,Normal
2026-02-10 09:51:35.323700,Berlin-3a9d,0,0,Normal
2026-02-10 09:51:36.323700,Berlin-3a9d,18,49,Normal
2026-02-10 09:51:37.323700,Berlin-3a9d,-15,92,Normal
2026-02-10 09:51:38.323700,Berlin-3a9d,16,16,Normal
2026-02-10 09:51:39.323700,Berlin-3a9d,-26,21,Normal
2026-02-10 09:51:40.323700,Berlin-3a9d,-2,77,Normal
2026-02-10 09:51:41.323700,Berlin-3a9d,-28,15,Normal
2026-02-10 09:51:42.323700,Berlin-3a9d,46,11,Normal
2026-02-10 09:51:43.323700,Berlin-3a9d,-4,50,Normal
2026-02-10 09:51:44.323700,Berlin-3a9d,31,56,Normal
2026-02-10 09:51:45.323700,Berlin-3a9d,13,49,Normal
2026-02-10 09:51:46.323700,Berlin-3a9d,25,83,Normal
2026-02-10 09:51:47.323700,Berlin-3a9d,46,99,Normal
2026-02-10 09:51:48.323700,Berlin-3a9d,18,30,Normal
2026-02-10 09:51:49.323700,Berlin-3a9d,-15,11,Normal
2026-02-10 09:51:50.323700,Berlin-3a9d,-14,90,Normal
2026-02-10 09:51:51.323700,Berlin-3a9d,23,69,Normal
2026-02-10 09:51:52.323700,Berlin-3a9d,17,73,Normal
2026-02-10 09:51:53.323700,Berlin-3a9d,29,45,Normal
2026-02-10 09:51:54.323700,Berlin-3a9d,-29,96,Normal
2026-02-10 09:51:55.323700,Berlin-3a9d,-3,29,Normal
2026-02-10 09:51:56.323700,Berlin-3a9d,41,86,Normal
2026-02-10 09:51:57.323700,Berlin-3a9d,14,50,Normal
2026-02-10 09:51:58.323700,Berlin-3a9d,43,4,Normal
2026-02-10 09:51:59.323700,Berlin-3a9d,-9,27,Normal
2026-02-10 09:52:00.323700,Berlin-3a9d,27,68,Normal
2026-02-10 09:52:01.323700,Berlin-3a9d,-5,94,Normal
2026-02-10 09:52:02.323700,Berlin-3a9d,-12,37,Normal
2026-02-10 09:52:03.323700,Berlin-3a9d,40,61,Normal
2026-02-10 09:52:04.323700,Berlin-3a9d,32,19,Normal
2026-02-10 09:52:05.323700,Berlin-3a9d,28,23,Normal
2026-02-10 09:52:06.323700,Berlin-3a9d,-25,6,Normal
2026-02-10 09:52:07.323700,Berlin-3a9d,-7,91,Normal
2026-02-10 09:52:08.323700,Berlin-3a9d,-3,99,Normal
2026-02-10 09:52:09.323700,Berlin-3a9d,41,8,Normal
2026-02-10 09:52:10.323700,Berlin-3a9d,-27,45,Normal
2026-02-10 09:52:11.323700,Berlin-3a9d,-13,12,Normal
2026-02-10 09:52:12.323700,Berlin-3a9d,-24,68,Normal
2026-02-10 09:52:13.323700,Berlin-3a9d,-26,63,Normal
2026-02-10 09:52:14.323700,Berlin-3a9d,31,44,Normal
2026-02-10 09:52:15.323700,Berlin-3a9d,1,47,Normal
2026-02-10 09:52:16.323700,Berlin-3a9d,-16,20,Normal
2026-02-10 09:52:17.323700,Berlin-3a9d,33,99,Normal
2026-02-10 09:52:18.323700,Berlin-3a9d,-25,59,Normal
2026-02-10 09:52:19.323700,Berlin-3a9d,8,17,Normal
2026-02-10 09:52:20.323700,Berlin-3a9d,-21,36,Normal
2026-02-10 09:52:21.323700,Berlin-3a9d,-6,84,Normal
2026-02-10 09:52:22.323700,Berlin-3a9d,7,100,Normal
2026-02-10 09:52:23.323700,Berlin-3a9d,-5,85,Normal
2026-02-10 09:52:24.323700,Berlin-3a9d,5,57,Normal
2026-02-10 09:52:25.323700,Berlin-3a9d,-21,22,Normal
2026-02-10 09:52:26.323700,Berlin-3a9d,-5,46,Normal
2026-02-10 09:52:27.323700,Berlin-3a9d,38,3,Normal
2026-02-10 09:52:28.323700,Berlin-3a9d,12,63,Normal
2026-02-10 09:52:29.323700,Berlin-3a9d,8,95,Normal
2026-02-10 09:52:30.323700,Berlin-3a9d,-9,49,Normal
2026-02-10 09:52:31.323700,Berlin-3a9d,13,26,Normal
2026-02-10 09:52:32.323700,Berlin-3a9d,46,61,Normal
2026-02-10 09:52:33.323700,Berlin-3a9d,30,91,Normal
2026-02-10 09:52:34.323700,Berlin-3a9d,-26,33,Normal
2026-02-10 09:52:35.323700,Berlin-3a9d,22,46,Normal
2026-02-10 09:52:36.323700,Berlin-3a9d,-11,3,Normal
2026-02-10 09:52:37.323700,Berlin-3a9d,1,59,Normal
2026-02-10 09:52:38.323700,Berlin-3a9d,-11,99,Normal
2026-02-10 09:52:39.323700,Berlin-3a9d,36,30,Normal
2026-02-10 09:52:40.323700,Berlin-3a9d,1,9,Normal
2026-02-10 09:52:41.323700,Berlin-3a9d,-13,7,Normal
2026-02-10 09:52:42.323700,Berlin-3a9d,-30,7,Normal
2026-02-10 09:52:43.323700,Berlin-3a9d,-14,69,Normal
2026-02-10 09:52:44.323700,Berlin-3a9d,48,13,Normal
2026-02-10 09:52:45.323700,Berlin-3a9d,-17,22,Normal
2026-02-10 09:52:46.323700,Berlin-3a9d,39,80,Normal
2026-02-10 09:52:47.323700,Berlin-3a9d,23,31,Normal
2026-02-10 09:52:48.323700,Berlin-3a9d,-18,13,Normal
2026-02-10 09:52:49.323700,Berlin-3a9d,-29,36,Normal
2026-02-10 09:52:50.323700,Berlin-3a9d,21,74,Normal
2026-02-10 09:52:51.323700,Berlin-3a9d,-25,60,Normal
2026-02-10 09:52:52.323700,Berlin-3a9d,21,41,Normal
2026-02-10 09:52:53.323700,Berlin-3a9d,49,9,Normal
2026-02-10 09:52:54.323700,Berlin-3a9d,15,98,Normal
2026-02-10 09:52:55.323700,Berlin-3a9d,16,36,Normal
2026-02-10 09:52:56.323700,Berlin-3a9d,0,68,Normal
2026-02-10 09:52:57.323700,Berlin-3a9d,-3,78,Normal
2026-02-10 09:52:58.323700,Berlin-3a9d,32,89,Normal
2026-02-10 09:52:59.323700,Berlin-3a9d,27,28,Normal
2026-02-10 09:53:00.323700,Berlin-3a9d,-19,52,Normal
2026-02-10 09:53:01.323700,Berlin-3a9d,-13,23,Normal
2026-02-10 09:53:02.323700,Berlin-3a9d,8,22,Normal
2026-02-10 09:53:03.323700,Berlin-3a9d,29,12,Normal
2026-02-10 09:53:04.323700,Berlin-3a9d,0,89,Normal
2026-02-10 09:53:05.323700,Berlin-3a9d,-20,36,Normal
2026-02-10 09:53:06.323700,Berlin-3a9d,17,83,Normal
2026-02-10 09:53:07.323700,Berlin-3a9d,43,41,Normal
2026-02-10 09:53:08.323700,Berlin-3a9d,47,98,Normal
2026-02-10 09:53:09.323700,Berlin-3a9d,-25,90,Normal
2026-02-10 09:53:10.323700,Berlin-3a9d,34,8,Normal
2026-02-10 09:53:11.323700,Berlin-3a9d,19,38,Normal
2026-02-10 09:53:12.323700,Berlin-3a9d,-3,3,Normal
2026-02-10 09:53:13.323700,Berlin-3a9d,-25,65,Normal
2026-02-10 09:53:14.323700,Berlin-3a9d,-27,40,Normal
2026-02-10 09:53:15.323700,Berlin-3a9d,2,85,Normal
2026-02-10 09:53:16.323700,Berlin-3a9d,22,29,Normal
2026-02-10 09:53:17.323700,Berlin-3a9d,-26,53,Normal
2026-02-10 09:53:18.323700,Berlin-3a9d,37,0,Normal
2026-02-10 09:53:19.323700,Berlin-3a9d,-12,22,Normal
2026-02-10 09:53:20.323700,Berlin-3a9d,-18,77,Normal
2026-02-10 09:53:21.323700,Berlin-3a9d,36,40,Normal
2026-02-10 09:53:22.323700,Berlin-3a9d,9,55,Normal
2026-02-10 09:53:23.323700,Berlin-3a9d,15,88,Normal
2026-02-10 09:53:24.323700,Berlin-3a9d,31,79,Normal
2026-02-10 09:53:25.323700,Berlin-3a9d,-6,91,Normal
2026-02-10 09:53:26.323700,Berlin-3a9d,1,18,Normal
2026-02-10 09:53:27.323700,Berlin-3a9d,7,63,Normal
2026-02-10 09:53:28.323700,Berlin-3a9d,-17,8,Normal
2026-02-10 09:53:29.323700,Berlin-3a9d,10,8,Normal
2026-02-10 09:53:30.323700,Berlin-3a9d,14,97,Normal
2026-02-10 09:53:31.323700,Berlin-3a9d,-15,80,Normal
2026-02-10 09:53:32.323700,Berlin-3a9d,48,14,Normal
2026-02-10 09:53:33.323700,Berlin-3a9d,1,27,Normal
2026-02-10 09:53:34.323700,Berlin-3a9d,39,2,Normal
2026-02-10 09:53:35.323700,Berlin-3a9d,42,65,Normal
2026-02-10 09:53:36.323700,Berlin-3a9d,41,59,Normal
2026-02-10 09:53:37.323700,Berlin-3a9d,-5,47,Normal
2026-02-10 09:53:38.323700,Berlin-3a9d,46,50,Normal
2026-02-10 09:53:39.323700,Berlin-3a9d,13,23,Normal
2026-02-10 09:53:40.323700,Berlin-3a9d,14,84,Normal
2026-02-10 09:53:41.323700,Berlin-3a9d,0,49,Normal
2026-02-10 09:53:42.323700,Berlin-3a9d,47,90,Normal
2026-02-10 09:53:43.323700,Berlin-3a9d,22,51,Normal
2026-02-10 09:53:44.323700,Berlin-3a9d,20,62,Normal
2026-02-10 09:53:45.323700,Berlin-3a9d,-21,17,Normal
2026-02-10 09:53:46.323700,Berlin-3a9d,-5,98,Normal
2026-02-10 09:53:47.323700,Berlin-3a9d,6,100,Normal
2026-02-10 09:53:48.323700,Berlin-3a9d,4,7,Normal
2026-02-10 09:53:49.323700,Berlin-3a9d,9,30,Normal
2026-02-10 09:53:50.323700,Berlin-3a9d,23,97,Normal
2026-02-10 09:53:51.323700,Berlin-3a9d,20,10,Normal
2026-02-10 09:53:52.323700,Berlin-3a9d,-3,52,Normal
2026-02-10 09:53:53.323700,Berlin-3a9d,-12,92,Normal
2026-02-10 09:53:54.323700,Berlin-3a9d,23,22,Normal
2026-02-10 09:53:55.323700,Berlin-3a9d,-24,13,Normal
2026-02-10 09:53:56.323700,Berlin-3a9d,-11,47,Normal
2026-02-10 09:53:57.323700,Berlin-3a9d,39,17,Normal
2026-02-10 09:53:58.323700,Berlin-3a9d,0,5,Normal
2026-02-10 09:53:59.323700,Berlin-3a9d,15,86,Normal
2026-02-10 09:54:00.323700,Berlin-3a9d,-18,5,Normal
2026-02-10 09:54:01.323700,Berlin-3a9d,-19,79,Normal
2026-02-10 09:54:02.323700,Berlin-3a9d,-24,100,Normal
2026-02-10 09:54:03.323700,Berlin-3a9d,6,71,Normal
2026-02-10 09:54:04.323700,Berlin-3a9d,-27,49,Normal
2026-02-10 09:54:05.323700,Berlin-3a9d,27,78,Normal
2026-02-10 09:54:06.323700,Berlin-3a9d,21,25,Normal
2026-02-10 09:54:07.323700,Berlin-3a9d,31,52,Normal
2026-02-10 09:54:08.323700,Berlin-3a9d,-19,80,Normal
2026-02-10 09:54:09.323700,Berlin-3a9d,33,20,Normal
2026-02-10 09:54:10.323700,Berlin-3a9d,-1,84,Normal
2026-02-10 09:54:11.323700,Berlin-3a9d,-12,19,Normal
2026-02-10 09:54:12.323700,Berlin-3a9d,31,60,Normal
2026-02-10 09:54:13.323700,Berlin-3a9d,20,29,Normal
2026-02-10 09:54:14.323700,Berlin-3a9d,-27,52,Normal
2026-02-10 09:54:15.323700,Berlin-3a9d,14,50,Normal
2026-02-10 09:54:16.323700,Berlin-3a9d,-26,15,Normal
2026-02-10 09:54:17.323700,Berlin-3a9d,5,14,Normal
2026-02-10 09:54:18.323700,Berlin-3a9d,22,76,Normal
2026-02-10 09:54:19.323700,Berlin-3a9d,18,26,Normal
2026-02-10 09:54:20.323700,Berlin-3a9d,40,62,Normal
2026-02-10 09:54:21.323700,Berlin-3a9d,-19,91,Normal
2026-02-10 09:54:22.323700,Berlin-3a9d,32,33,Normal
2026-02-10 09:54:23.323700,Berlin-3a9d,26,52,Normal
2026-02-10 09:54:24.323700,Berlin-3a9d,1,86,Normal
2026-02-10 09:54:25.323700,Berlin-3a9d,-5,81,Normal
2026-02-10 09:54:26.323700,Berlin-3a9d,-23,60,Normal
2026-02-10 09:54:27.323700,Berlin-3a9d,-3,43,Normal
2026-02-10 09:54:28.323700,Berlin-3a9d,-1,98,Normal
2026-02-10 09:54:29.323700,Berlin-3a9d,-26,81,Normal
2026-02-10 09:54:30.323700,Berlin-3a9d,-25,50,Normal
2026-02-10 09:54:31.323700,Berlin-3a9d,3,23,Normal
2026-02-10 09:54:32.323700,Berlin-3a9d,-21,68,Normal
2026-02-10 09:54:33.323700,Berlin-3a9d,32,34,Normal
2026-02-10 09:54:34.323700,Berlin-3a9d,24,90,Normal
2026-02-10 09:54:35.323700,Berlin-3a9d,39,77,Normal
2026-02-10 09:54:36.323700,Berlin-3a9d,-6,95,Normal
2026-02-10 09:54:37.323700,Berlin-3a9d,-30,98,Normal
2026-02-10 09:54:38.323700,Berlin-3a9d,26,66,Normal
2026-02-10 09:54:39.323700,Berlin-3a9d,49,53,Normal
2026-02-10 09:54:40.323700,Berlin-3a9d,12,48,Normal
2026-02-10 09:54:41.323700,Berlin-3a9d,-29,0,Normal
2026-02-10 09:54:42.323700,Berlin-3a9d,28,29,Normal
2026-02-10 09:54:43.323700,Berlin-3a9d,-7,77,Normal
2026-02-10 09:54:44.323700,Berlin-3a9d,32,56,Normal
2026-02-10 09:54:45.323700,Berlin-3a9d,29,60,Normal
2026-02-10 09:54:46.323700,Berlin-3a9d,13,56,Normal
2026-02-10 09:54:47.323700,Berlin-3a9d,-3,76,Normal
2026-02-10 09:54:48.323700,Berlin-3a9d,13,34,Normal
2026-02-10 09:54:49.323700,Berlin-3a9d,12,90,Normal
2026-02-10 09:54:50.323700,Berlin-3a9d,-27,26,Normal
2026-02-10 09:54:51.323700,Berlin-3a9d,-12,61,Normal
2026-02-10 09:54:52.323700,Berlin-3a9d,42,98,Normal
2026-02-10 09:54:53.323700,Berlin-3a9d,-27,79,Normal
2026-02-10 09:54:54.323700,Berlin-3a9d,-7,71,Normal
2026-02-10 09:54:55.323700,Berlin-3a9d,16,19,Normal
2026-02-10 09:54:56.323700,Berlin-3a9d,4,94,Normal
2026-02-10 09:54:57.323700,Berlin-3a9d,0,85,Normal
2026-02-10 09:54:58.323700,Berlin-3a9d,7,49,Normal
2026-02-10 09:54:59.323700,Berlin-3a9d,-13,71,Normal
2026-02-10 09:55:00.323700,Berlin-3a9d,-26,90,Normal
2026-02-10 09:55:01.323700,Berlin-3a9d,38,26,Normal
2026-02-10 09:55:02.323700,Berlin-3a9d,43,70,Normal
2026-02-10 09:55:03.323700,Berlin-3a9d,-28,35,Normal
2026-02-10 09:55:04.323700,Berlin-3a9d,48,30,Normal
2026-02-10 09:55:05.323700,Berlin-3a9d,-19,53,Normal
2026-02-10 09:55:06.323700,Berlin-3a9d,35,49,Normal
2026-02-10 09:55:07.323700,Berlin-3a9d,42,56,Normal
2026-02-10 09:55:08.323700,Berlin-3a9d,-14,67,Normal
2026-02-10 09:55:09.323700,Berlin-3a9d,11,39,Normal
2026-02-10 09:55:10.323700,Berlin-3a9d,13,70,Normal
2026-02-10 09:55:11.323700,Berlin-3a9d,-9,66,Normal
2026-02-10 09:55:12.323700,Berlin-3a9d,-28,66,Normal
2026-02-10 09:55:13.323700,Berlin-3a9d,-16,98,Normal
2026-02-10 09:55:14.323700,Berlin-3a9d,28,20,Normal
2026-02-10 09:55:15.323700,Berlin-3a9d,-23,65,Normal
2026-02-10 09:55:16.323700,Berlin-3a9d,-8,10,Normal
2026-02-10 09:55:17.323700,Berlin-3a9d,46,96,Normal
2026-02-10 09:55:18.323700,Berlin-3a9d,12,38,Normal
2026-02-10 09:55:19.323700,Berlin-3a9d,12,87,Normal
2026-02-10 09:55:20.323700,Berlin-3a9d,37,42,Normal
2026-02-10 09:55:21.323700,Berlin-3a9d,43,50,Normal
2026-02-10 09:55:22.323700,Berlin-3a9d,43,97,Normal
2026-02-10 09:55:23.323700,Berlin-3a9d,20,21,Normal
2026-02-10 09:55:24.323700,Berlin-3a9d,-24,34,Normal
2026-02-10 09:55:25.323700,Berlin-3a9d,36,41,Normal
2026-02-10 09:55:26.323700,Berlin-3a9d,18,59,Normal
2026-02-10 09:55:27.323700,Berlin-3a9d,36,65,Normal
2026-02-10 09:55:28.323700,Berlin-3a9d,-28,39,Normal
2026-02-10 09:55:29.323700,Berlin-3a9d,3,35,Normal
2026-02-10 09:55:30.323700,Berlin-3a9d,-11,74,Normal
2026-02-10 09:55:31.323700,Berlin-3a9d,28,13,Normal
2026-02-10 09:55:32.323700,Berlin-3a9d,13,70,Normal
2026-02-10 09:55:33.323700,Berlin-3a9d,26,27,Normal
2026-02-10 09:55:34.323700,Berlin-3a9d,13,83,Normal
2026-02-10 09:55:35.323700,Berlin-3a9d,4,77,Normal
2026-02-10 09:55:36.323700,Berlin-3a9d,-4,76,Normal
2026-02-10 09:55:37.323700,Berlin-3a9d,-30,14,Normal
2026-02-10 09:55:38.323700,Berlin-3a9d,-12,23,Normal
2026-02-10 09:55:39.323700,Berlin-3a9d,-14,41,Normal
2026-02-10 09:55:40.323700,Berlin-3a9d,-6,3,Normal
2026-02-10 09:55:41.323700,Berlin-3a9d,-26,97,Normal
2026-02-10 09:55:42.323700,Berlin-3a9d,18,79,Normal
2026-02-10 09:55:43.323700,Berlin-3a9d,20,59,Normal
2026-02-10 09:55:44.323700,Berlin-3a9d,22,81,Normal
2026-02-10 09:55:45.323700,Berlin-3a9d,-29,97,Normal
2026-02-10 09:55:46.323700,Berlin-3a9d,-14,48,Normal
2026-02-10 09:55:47.323700,Berlin-3a9d,5,44,Normal
2026-02-10 09:55:48.323700,Berlin-3a9d,-10,63,Normal
2026-02-10 09:55:49.323700,Berlin-3a9d,-5,99,Normal
2026-02-10 09:55:50.323700,Berlin-3a9d,49,35,Normal
2026-02-10 09:55:51.323700,Berlin-3a9d,-26,64,Normal
2026-02-10 09:55:52.323700,Berlin-3a9d,-19,60,Normal
2026-02-10 09:55:53.323700,Berlin-3a9d,-16,85,Normal
2026-02-10 09:55:54.323700,Berlin-3a9d,46,37,Normal
2026-02-10 09:55:55.323700,Berlin-3a9d,17,77,Normal
2026-02-10 09:55:56.323700,Berlin-3a9d,12,71,Normal
2026-02-10 09:55:57.323700,Berlin-3a9d,11,85,Normal
2026-02-10 09:55:58.323700,Berlin-3a9d,-24,3,Normal
2026-02-10 09:55:59.323700,Berlin-3a9d,-5,30,Normal
2026-02-10 09:56:00.323700,Berlin-3a9d,22,47,Normal
2026-02-10 09:56:01.323700,Berlin-3a9d,45,90,Normal
2026-02-10 09:56:02.323700,Berlin-3a9d,1,14,Normal
2026-02-10 09:56:03.323700,Berlin-3a9d,22,22,Normal
2026-02-10 09:56:04.323700,Berlin-3a9d,-28,5,Normal
2026-02-10 09:56:05.323700,Berlin-3a9d,-9,69,Normal
2026-02-10 09:56:06.323700,Berlin-3a9d,44,43,Normal
2026-02-10 09:56:07.323700,Berlin-3a9d,11,77,Normal
2026-02-10 09:56:08.323700,Berlin-3a9d,-18,84,Normal
2026-02-10 09:56:09.323700,Berlin-3a9d,-21,11,Normal
2026-02-10 09:56:10.323700,Berlin-3a9d,1,100,Normal
2026-02-10 09:56:11.323700,Berlin-3a9d,12,40,Normal
2026-02-10 09:56:12.323700,Berlin-3a9d,18,92,Normal
2026-02-10 09:56:13.323700,Berlin-3a9d,-22,59,Normal
2026-02-10 09:56:14.323700,Berlin-3a9d,46,42,Normal
2026-02-10 09:56:15.323700,Berlin-3a9d,-1,56,Normal
2026-02-10 09:56:16.323700,Berlin-3a9d,32,73,Normal
2026-02-10 09:56:17.323700,Berlin-3a9d,1,97,Normal
2026-02-10 09:56:18.323700,Berlin-3a9d,-5,99,Normal
2026-02-10 09:56:19.323700,Berlin-3a9d,-3,18,Normal
2026-02-10 09:56:20.323700,Berlin-3a9d,33,97,Normal
2026-02-10 09:56:21.323700,Berlin-3a9d,9,45,Normal
2026-02-10 09:56:22.323700,Berlin-3a9d,-1,86,Normal
2026-02-10 09:56:23.323700,Berlin-3a9d,49,24,Normal
2026-02-10 09:56:24.323700,Berlin-3a9d,-4,99,Normal
2026-02-10 09:56:25.323700,Berlin-3a9d,28,88,Normal
2026-02-10 09:56:26.323700,Berlin-3a9d,21,30,Normal
2026-02-10 09:56:27.323700,Berlin-3a9d,-26,84,Normal
2026-02-10 09:56:28.323700,Berlin-3a9d,44,72,Normal
2026-02-10 09:56:29.323700,Berlin-3a9d,6,90,Normal
2026-02-10 09:56:30.323700,Berlin-3a9d,-11,50,Normal
2026-02-10 09:56:31.323700,Berlin-3a9d,39,33,Normal
2026-02-10 09:56:32.323700,Berlin-3a9d,31,87,Normal
2026-02-10 09:56:33.323700,Berlin-3a9d,37,52,Normal
2026-02-10 09:56:34.323700,Berlin-3a9d,-5,52,Normal
2026-02-10 09:56:35.323700,Berlin-3a9d,-9,92,Normal
2026-02-10 09:56:36.323700,Berlin-3a9d,-26,70,Normal
2026-02-10 09:56:37.323700,Berlin-3a9d,3,33,Normal
2026-02-10 09:56:38.323700,Berlin-3a9d,27,1,Normal
2026-02-10 09:56:39.323700,Berlin-3a9d,35,99,Normal
2026-02-10 09:56:40.323700,Berlin-3a9d,-27,87,Normal
2026-02-10 09:56:41.323700,Berlin-3a9d,18,56,Normal
2026-02-10 09:56:42.323700,Berlin-3a9d,-21,91,Normal
2026-02-10 09:56:43.323700,Berlin-3a9d,1,77,Normal
2026-02-10 09:56:44.323700,Berlin-3a9d,21,19,Normal
2026-02-10 09:56:45.323700,Berlin-3a9d,36,45,Normal
2026-02-10 09:56:46.323700,Berlin-3a9d,4,40,Normal
2026-02-10 09:56:47.323700,Berlin-3a9d,-10,98,Normal
2026-02-10 09:56:48.323700,Berlin-3a9d,-4,20,Normal
2026-02-10 09:56:49.323700,Berlin-3a9d,7,21,Normal
2026-02-10 09:56:50.323700,Berlin-3a9d,27,6,Normal
2026-02-10 09:56:51.323700,Berlin-3a9d,-28,60,Normal
2026-02-10 09:56:52.323700,Berlin-3a9d,13,25,Normal
2026-02-10 09:56:53.323700,Berlin-3a9d,-14,12,Normal
2026-02-10 09:56:54.323700,Berlin-3a9d,7,45,Normal
2026-02-10 09:56:55.323700,Berlin-3a9d,0,56,Normal
2026-02-10 09:56:56.323700,Berlin-3a9d,4,22,Normal
2026-02-10 09:56:57.323700,Berlin-3a9d,49,57,Normal
2026-02-10 09:56:58.323700,Berlin-3a9d,36,85,Normal
2026-02-10 09:56:59.323700,Berlin-3a9d,-5,41,Normal
2026-02-10 09:57:00.323700,Berlin-3a9d,32,51,Normal
2026-02-10 09:57:01.323700,Berlin-3a9d,-29,41,Normal
2026-02-10 09:57:02.323700,Berlin-3a9d,50,49,Normal
2026-02-10 09:57:03.323700,Berlin-3a9d,-2,4,Normal
2026-02-10 09:57:04.323700,Berlin-3a9d,47,86,Normal
2026-02-10 09:57:05.323700,Berlin-3a9d,-17,58,Normal
2026-02-10 09:57:06.323700,Berlin-3a9d,43,60,Normal
2026-02-10 09:57:07.323700,Berlin-3a9d,-15,1,Normal
2026-02-10 09:57:08.323700,Berlin-3a9d,9,79,Normal
2026-02-10 09:57:09.323700,Berlin-3a9d,14,54,Normal
2026-02-10 09:57:10.323700,Berlin-3a9d,-29,51,Normal
2026-02-10 09:57:11.323700,Berlin-3a9d,2,4,Normal
2026-02-10 09:57:12.323700,Berlin-3a9d,31,21,Normal
2026-02-10 09:57:13.323700,Berlin-3a9d,1,68,Normal
2026-02-10 09:57:14.323700,Berlin-3a9d,-5,38,Normal
2026-02-10 09:57:15.323700,Berlin-3a9d,14,65,Normal
2026-02-10 09:57:16.323700,Berlin-3a9d,36,23,Normal
2026-02-10 09:57:17.323700,Berlin-3a9d,46,60,Normal
2026-02-10 09:57:18.323700,Berlin-3a9d,11,69,Normal
2026-02-10 09:57:19.323700,Berlin-3a9d,6,68,Normal
2026-02-10 09:57:20.323700,Berlin-3a9d,45,52,Normal
2026-02-10 09:57:21.323700,Berlin-3a9d,26,99,Normal
2026-02-10 09:57:22.323700,Berlin-3a9d,23,26,Normal
2026-02-10 09:57:23.323700,Berlin-3a9d,35,19,Normal
2026-02-10 09:57:24.323700,Berlin-3a9d,-9,30,Normal
2026-02-10 09:57:25.323700,Berlin-3a9d,7,8,Normal
2026-02-10 09:57:26.323700,Berlin-3a9d,41,26,Normal
2026-02-10 09:57:27.323700,Berlin-3a9d,-6,9,Normal
2026-02-10 09:57:28.323700,Berlin-3a9d,0,89,Normal
2026-02-10 09:57:29.323700,Berlin-3a9d,7,88,Normal
2026-02-10 09:57:30.323700,Berlin-3a9d,10,64,Normal
2026-02-10 09:57:31.323700,Berlin-3a9d,-11,85,Normal
2026-02-10 09:57:32.323700,Berlin-3a9d,13,85,Normal
2026-02-10 09:57:33.323700,Berlin-3a9d,3,72,Normal
2026-02-10 09:57:34.323700,Berlin-3a9d,46,78,Normal
2026-02-10 09:57:35.323700,Berlin-3a9d,48,74,Normal
2026-02-10 09:57:36.323700,Berlin-3a9d,5,93,Normal
2026-02-10 09:57:37.323700,Berlin-3a9d,41,47,Normal
2026-02-10 09:57:38.323700,Berlin-3a9d,-22,50,Normal
2026-02-10 09:57:39.323700,Berlin-3a9d,24,40,Normal
2026-02-10 09:57:40.323700,Berlin-3a9d,-20,59,Normal
2026-02-10 09:57:41.323700,Berlin-3a9d,-30,93,Normal
2026-02-10 09:57:42.323700,Berlin-3a9d,33,47,Normal
2026-02-10 09:57:43.323700,Berlin-3a9d,20,29,Normal
2026-02-10 09:57:44.323700,Berlin-3a9d,-7,24,Normal
2026-02-10 09:57:45.323700,Berlin-3a9d,15,38,Normal
2026-02-10 09:57:46.323700,Berlin-3a9d,37,83,Normal
2026-02-10 09:57:47.323700,Berlin-3a9d,-30,70,Normal
2026-02-10 09:57:48.323700,Berlin-3a9d,-19,73,Normal
2026-02-10 09:57:49.323700,Berlin-3a9d,33,60,Normal
2026-02-10 09:57:50.323700,Berlin-3a9d,17,51,Normal
2026-02-10 09:57:51.323700,Berlin-3a9d,-17,17,Normal
2026-02-10 09:57:52.323700,Berlin-3a9d,10,26,Normal
2026-02-10 09:57:53.323700,Berlin-3a9d,10,56,Normal
2026-02-10 09:57:54.323700,Berlin-3a9d,34,55,Normal
2026-02-10 09:57:55.323700,Berlin-3a9d,25,38,Normal
2026-02-10 09:57:56.323700,Berlin-3a9d,46,66,Normal
2026-02-10 09:57:57.323700,Berlin-3a9d,4,47,Normal
2026-02-10 09:57:58.323700,Berlin-3a9d,-5,49,Normal
2026-02-10 09:57:59.323700,Berlin-3a9d,-22,5,Normal
2026-02-10 09:58:00.323700,Berlin-3a9d,-21,20,Normal
2026-02-10 09:58:01.323700,Berlin-3a9d,-16,32,Normal
2026-02-10 09:58:02.323700,Berlin-3a9d,8,33,Normal
2026-02-10 09:58:03.323700,Berlin-3a9d,37,17,Normal
2026-02-10 09:58:04.323700,Berlin-3a9d,40,17,Normal
2026-02-10 09:58:05.323700,Berlin-3a9d,4,5,Normal
2026-02-10 09:58:06.323700,Berlin-3a9d,9,22,Normal
2026-02-10 09:58:07.323700,Berlin-3a9d,47,61,Normal
2026-02-10 09:58:08.323700,Berlin-3a9d,47,14,Normal
2026-02-10 09:58:09.323700,Berlin-3a9d,39,90,Normal
2026-02-10 09:58:10.323700,Berlin-3a9d,31,27,Normal
2026-02-10 09:58:11.323700,Berlin-3a9d,-16,59,Normal
2026-02-10 09:58:12.323700,Berlin-3a9d,22,46,Normal
2026-02-10 09:58:13.323700,Berlin-3a9d,35,81,Normal
2026-02-10 09:58:14.323700,Berlin-3a9d,30,54,Normal
2026-02-10 09:58:15.323700,Berlin-3a9d,-8,0,Normal
2026-02-10 09:58:16.323700,Berlin-3a9d,0,5,Normal
2026-02-10 09:58:17.323700,Berlin-3a9d,-21,63,Normal
2026-02-10 09:58:18.323700,Berlin-3a9d,16,11,Normal
2026-02-10 09:58:19.323700,Berlin-3a9d,6,23,Normal
2026-02-10 09:58:20.323700,Berlin-3a9d,-1,58,Normal
2026-02-10 09:58:21.323700,Berlin-3a9d,3,35,Normal
2026-02-10 09:58:22.323700,Berlin-3a9d,42,1,Normal
2026-02-10 09:58:23.323700,Berlin-3a9d,1,57,Normal
2026-02-10 09:58:24.323700,Berlin-3a9d,-17,46,Normal
2026-02-10 09:58:25.323700,Berlin-3a9d,-25,93,Normal
2026-02-10 09:58:26.323700,Berlin-3a9d,19,46,Normal
2026-02-10 09:58:27.323700,Berlin-3a9d,15,38,Normal
2026-02-10 09:58:28.323700,Berlin-3a9d,21,2,Normal
2026-02-10 09:58:29.323700,Berlin-3a9d,3,18,Normal
2026-02-10 09:58:30.323700,Berlin-3a9d,40,82,Normal
2026-02-10 09:58:31.323700,Berlin-3a9d,-19,79,Normal
2026-02-10 09:58:32.323700,Berlin-3a9d,33,20,Normal
2026-02-10 09:58:33.323700,Berlin-3a9d,-18,17,Normal
2026-02-10 09:58:34.323700,Berlin-3a9d,17,21,Normal
2026-02-10 09:58:35.323700,Berlin-3a9d,44,23,Normal
2026-02-10 09:58:36.323700,Berlin-3a9d,27,89,Normal
2026-02-10 09:58:37.323700,Berlin-3a9d,14,34,Normal
2026-02-10 09:58:38.323700,Berlin-3a9d,-23,12,Normal
2026-02-10 09:58:39.323700,Berlin-3a9d,-24,5,Normal
2026-02-10 09:58:40.323700,Berlin-3a9d,-16,76,Normal
2026-02-10 09:58:41.323700,Berlin-3a9d,39,41,Normal
2026-02-10 09:58:42.323700,Berlin-3a9d,16,4,Normal
2026-02-10 09:58:43.323700,Berlin-3a9d,32,19,Normal
2026-02-10 09:58:44.323700,Berlin-3a9d,-13,38,Normal
2026-02-10 09:58:45.323700,Berlin-3a9d,44,17,Normal
2026-02-10 09:58:46.323700,Berlin-3a9d,41,4,Normal
2026-02-10 09:58:47.323700,Berlin-3a9d,32,79,Normal
2026-02-10 09:58:48.323700,Berlin-3a9d,-3,35,Normal
2026-02-10 09:58:49.323700,Berlin-3a9d,0,85,Normal
2026-02-10 09:58:50.323700,Berlin-3a9d,41,52,Normal
2026-02-10 09:58:51.323700,Berlin-3a9d,-11,52,Normal
2026-02-10 09:58:52.323700,Berlin-3a9d,-6,42,Normal
2026-02-10 09:58:53.323700,Berlin-3a9d,17,40,Normal
2026-02-10 09:58:54.323700,Berlin-3a9d,17,26,Normal
2026-02-10 09:58:55.323700,Berlin-3a9d,35,99,Normal
2026-02-10 09:58:56.323700,Berlin-3a9d,-3,59,Normal
2026-02-10 09:58:57.323700,Berlin-3a9d,-24,23,Normal
2026-02-10 09:58:58.323700,Berlin-3a9d,31,81,Normal
2026-02-10 09:58:59.323700,Berlin-3a9d,26,29,Normal
2026-02-10 09:59:00.323700,Berlin-3a9d,-14,24,Normal
2026-02-10 09:59:01.323700,Berlin-3a9d,48,95,Normal
2026-02-10 09:59:02.323700,Berlin-3a9d,50,31,Normal
2026-02-10 09:59:03.323700,Berlin-3a9d,15,35,Normal
2026-02-10 09:59:04.323700,Berlin-3a9d,45,82,Normal
2026-02-10 09:59:05.323700,Berlin-3a9d,36,67,Normal
2026-02-10 09:59:06.323700,Berlin-3a9d,-30,82,Normal
2026-02-10 09:59:07.323700,Berlin-3a9d,-29,43,Normal
2026-02-10 09:59:08.323700,Berlin-3a9d,-3,27,Normal
2026-02-10 09:59:09.323700,Berlin-3a9d,-10,8,Normal
2026-02-10 09:59:10.323700,Berlin-3a9d,43,46,Normal
2026-02-10 09:59:11.323700,Berlin-3a9d,0,41,Normal
2026-02-10 09:59:12.323700,Berlin-3a9d,39,64,Normal
2026-02-10 09:59:13.323700,Berlin-3a9d,-22,5,Normal
2026-02-10 09:59:14.323700,Berlin-3a9d,29,36,Normal
2026-02-10 09:59:15.323700,Berlin-3a9d,-13,47,Normal
2026-02-10 09:59:16.323700,Berlin-3a9d,6,50,Normal
2026-02-10 09:59:17.323700,Berlin-3a9d,6,25,Normal
2026-02-10 09:59:18.323700,Berlin-3a9d,-8,63,Normal
2026-02-10 09:59:19.323700,Berlin-3a9d,12,92,Normal
2026-02-10 09:59:20.323700,Berlin-3a9d,6,20,Normal
2026-02-10 09:59:21.323700,Berlin-3a9d,50,33,Normal
2026-02-10 09:59:22.323700,Berlin-3a9d,-11,86,Normal
2026-02-10 09:59:23.323700,Berlin-3a9d,-13,66,Normal
2026-02-10 09:59:24.323700,Berlin-3a9d,13,85,Normal
2026-02-10 09:59:25.323700,Berlin-3a9d,50,30,Normal
2026-02-10 09:59:26.323700,Berlin-3a9d,3,84,Normal
2026-02-10 09:59:27.323700,Berlin-3a9d,45,0,Normal
2026-02-10 09:59:28.323700,Berlin-3a9d,26,17,Normal
2026-02-10 09:59:29.323700,Berlin-3a9d,46,35,Normal
2026-02-10 09:59:30.323700,Berlin-3a9d,38,42,Normal
2026-02-10 09:59:31.323700,Berlin-3a9d,-22,93,Normal
2026-02-10 09:59:32.323700,Berlin-3a9d,-3,60,Normal
2026-02-10 09:59:33.323700,Berlin-3a9d,50,99,Normal
2026-02-10 09:59:34.323700,Berlin-3a9d,39,82,Normal
2026-02-10 09:59:35.323700,Berlin-3a9d,40,63,Normal
2026-02-10 09:59:36.323700,Berlin-3a9d,41,20,Normal
2026-02-10 09:59:37.323700,Berlin-3a9d,50,29,Normal
2026-02-10 09:59:38.323700,Berlin-3a9d,0,77,Normal
2026-02-10 09:59:39.323700,Berlin-3a9d,-10,47,Normal
2026-02-10 09:59:40.323700,Berlin-3a9d,3,38,Normal
2026-02-10 09:59:41.323700,Berlin-3a9d,21,77,Normal
2026-02-10 09:59:42.323700,Berlin-3a9d,12,9,Normal
2026-02-10 09:59:43.323700,Berlin-3a9d,34,87,Normal
2026-02-10 09:59:44.323700,Berlin-3a9d,45,68,Normal
2026-02-10 09:59:45.323700,Berlin-3a9d,19,27,Normal
2026-02-10 09:59:46.323700,Berlin-3a9d,-28,91,Normal
2026-02-10 09:59:47.323700,Berlin-3a9d,42,54,Normal
2026-02-10 09:59:48.323700,Berlin-3a9d,7,65,Normal
2026-02-10 09:59:49.323700,Berlin-3a9d,40,82,Normal
2026-02-10 09:59:50.323700,Berlin-3a9d,-28,62,Normal
2026-02-10 09:59:51.323700,Berlin-3a9d,-19,49,Normal
2026-02-10 09:59:52.323700,Berlin-3a9d,-26,42,Normal
2026-02-10 09:59:53.323700,Berlin-3a9d,-24,25,Normal
2026-02-10 09:59:54.323700,Berlin-3a9d,-24,67,Normal
2026-02-10 09:59:55.323700,Berlin-3a9d,17,99,Normal
2026-02-10 09:59:56.323700,Berlin-3a9d,13,60,Normal
2026-02-10 09:59:57.323700,Berlin-3a9d,42,91,Normal
2026-02-10 09:59:58.323700,Berlin-3a9d,50,95,Normal
2026-02-10 09:59:59.323700,Berlin-3a9d,6,72,Normal
2026-02-10 10:00:00.323700,Berlin-3a9d,22,75,Normal
2026-02-10 10:00:01.323700,Berlin-3a9d,32,91,Normal
2026-02-10 10:00:02.323700,Berlin-3a9d,43,22,Normal
2026-02-10 10:00:03.323700,Berlin-3a9d,-12,91,Normal
2026-02-10 10:00:04.323700,Berlin-3a9d,-21,89,Normal
2026-02-10 10:00:05.323700,Berlin-3a9d,22,82,Normal
2026-02-10 10:00:06.323700,Berlin-3a9d,38,63,Normal
2026-02-10 10:00:07.323700,Berlin-3a9d,4,4,Normal
2026-02-10 10:00:08.323700,Berlin-3a9d,46,40,Normal
2026-02-10 10:00:09.323700,Berlin-3a9d,-7,35,Normal
2026-02-10 10:00:10.323700,Berlin-3a9d,-14,100,Normal
2026-02-10 10:00:11.323700,Berlin-3a9d,-28,94,Normal
2026-02-10 10:00:12.323700,Berlin-3a9d,20,100,Normal
2026-02-10 10:00:13.323700,Berlin-3a9d,7,3,Normal
2026-02-10 10:00:14.323700,Berlin-3a9d,35,45,Normal
2026-02-10 10:00:15.323700,Berlin-3a9d,30,48,Normal
2026-02-10 10:00:16.323700,Berlin-3a9d,25,36,Normal
2026-02-10 10:00:17.323700,Berlin-3a9d,5,63,Normal
2026-02-10 10:00:18.323700,Berlin-3a9d,17,2,Normal
2026-02-10 10:00:19.323700,Berlin-3a9d,-6,79,Normal
2026-02-10 10:00:20.323700,Berlin-3a9d,3,49,Normal
2026-02-10 10:00:21.323700,Berlin-3a9d,-1,15,Normal
2026-02-10 10:00:22.323700,Berlin-3a9d,18,20,Normal
2026-02-10 10:00:23.323700,Berlin-3a9d,0,83,Normal
2026-02-10 10:00:24.323700,Berlin-3a9d,10,89,Normal
2026-02-10 10:00:25.323700,Berlin-3a9d,5,35,Normal
2026-02-10 10:00:26.323700,Berlin-3a9d,-20,46,Normal
2026-02-10 10:00:27.323700,Berlin-3a9d,-5,73,Normal
2026-02-10 10:00:28.323700,Berlin-3a9d,36,50,Normal
2026-02-10 10:00:29.323700,Berlin-3a9d,10,19,Normal
2026-02-10 10:00:30.323700,Berlin-3a9d,22,63,Normal
2026-02-10 10:00:31.323700,Berlin-3a9d,49,72,Normal
2026-02-10 10:00:32.323700,Berlin-3a9d,23,28,Normal
2026-02-10 10:00:33.323700,Berlin-3a9d,47,52,Normal
2026-02-10 10:00:34.323700,Berlin-3a9d,27,11,Normal
2026-02-10 10:00:35.323700,Berlin-3a9d,39,29,Normal
2026-02-10 10:00:36.323700,Berlin-3a9d,18,65,Normal
2026-02-10 10:00:37.323700,Berlin-3a9d,38,2,Normal
2026-02-10 10:00:38.323700,Berlin-3a9d,10,60,Normal
2026-02-10 10:00:39.323700,Berlin-3a9d,-21,47,Normal
2026-02-10 10:00:40.323700,Berlin-3a9d,12,5,Normal
2026-02-10 10:00:41.323700,Berlin-3a9d,-27,40,Normal
2026-02-10 10:00:42.323700,Berlin-3a9d,30,80,Normal
2026-02-10 10:00:43.323700,Berlin-3a9d,41,96,Normal
2026-02-10 10:00:44.323700,Berlin-3a9d,14,11,Normal
2026-02-10 10:00:45.323700,Berlin-3a9d,-14,22,Normal
2026-02-10 10:00:46.323700,Berlin-3a9d,2,19,Normal
2026-02-10 10:00:47.323700,Berlin-3a9d,16,22,Normal
2026-02-10 10:00:48.323700,Berlin-3a9d,9,38,Normal
2026-02-10 10:00:49.323700,Berlin-3a9d,11,59,Normal
2026-02-10 10:00:50.323700,Berlin-3a9d,34,65,Normal
2026-02-10 10:00:51.323700,Berlin-3a9d,12,76,Normal
2026-02-10 10:00:52.323700,Berlin-3a9d,44,65,Normal
2026-02-10 10:00:53.323700,Berlin-3a9d,-30,59,Normal
2026-02-10 10:00:54.323700,Berlin-3a9d,48,25,Normal
2026-02-10 10:00:55.323700,Berlin-3a9d,-25,35,Normal
2026-02-10 10:00:56.323700,Berlin-3a9d,-1,25,Normal
2026-02-10 10:00:57.323700,Berlin-3a9d,-8,38,Normal
2026-02-10 10:00:58.323700,Berlin-3a9d,45,8,Normal
2026-02-10 10:00:59.323700,Berlin-3a9d,30,4,Normal
2026-02-10 10:01:00.323700,Berlin-3a9d,-8,21,Normal
2026-02-10 10:01:01.323700,Berlin-3a9d,-6,98,Normal
2026-02-10 10:01:02.323700,Berlin-3a9d,10,33,Normal
2026-02-10 10:01:03.323700,Berlin-3a9d,37,85,Normal
2026-02-10 10:01:04.323700,Berlin-3a9d,34,11,Normal
2026-02-10 10:01:05.323700,Berlin-3a9d,39,12,Normal
2026-02-10 10:01:06.323700,Berlin-3a9d,50,34,Normal
2026-02-10 10:01:07.323700,Berlin-3a9d,1,8,Normal
2026-02-10 10:01:08.323700,Berlin-3a9d,-29,38,Normal
2026-02-10 10:01:09.323700,Berlin-3a9d,48,7,Normal
2026-02-10 10:01:10.323700,Berlin-3a9d,16,59,Normal
2026-02-10 10:01:11.323700,Berlin-3a9d,23,74,Normal
2026-02-10 10:01:12.323700,Berlin-3a9d,-5,39,Normal
2026-02-10 10:01:13.323700,Berlin-3a9d,6,71,Normal
2026-02-10 10:01:14.323700,Berlin-3a9d,43,78,Normal
2026-02-10 10:01:15.323700,Berlin-3a9d,2,56,Normal
2026-02-10 10:01:16.323700,Berlin-3a9d,-26,0,Normal
2026-02-10 10:01:17.323700,Berlin-3a9d,-18,48,Normal
2026-02-10 10:01:18.323700,Berlin-3a9d,10,92,Normal
2026-02-10 10:01:19.323700,Berlin-3a9d,-25,91,Normal
2026-02-10 10:01:20.323700,Berlin-3a9d,16,84,Normal
2026-02-10 10:01:21.323700,Berlin-3a9d,-27,81,Normal
2026-02-10 10:01:22.323700,Berlin-3a9d,40,33,Normal
2026-02-10 10:01:23.323700,Berlin-3a9d,-1,22,Normal
2026-02-10 10:01:24.323700,Berlin-3a9d,-1,86,Normal
2026-02-10 10:01:25.323700,Berlin-3a9d,7,68,Normal
2026-02-10 10:01:26.323700,Berlin-3a9d,34,41,Normal
2026-02-10 10:01:27.323700,Berlin-3a9d,-1,98,Normal
2026-02-10 10:01:28.323700,Berlin-3a9d,2,72,Normal
2026-02-10 10:01:29.323700,Berlin-3a9d,39,20,Normal
2026-02-10 10:01:30.323700,Berlin-3a9d,46,76,Normal
2026-02-10 10:01:31.323700,Berlin-3a9d,-6,78,Normal
2026-02-10 10:01:32.323700,Berlin-3a9d,24,36,Normal
2026-02-10 10:01:33.323700,Berlin-3a9d,-27,35,Normal
2026-02-10 10:01:34.323700,Berlin-3a9d,42,40,Normal
2026-02-10 10:01:35.323700,Berlin-3a9d,-23,54,Normal
2026-02-10 10:01:36.323700,Berlin-3a9d,-8,76,Normal
2026-02-10 10:01:37.323700,Berlin-3a9d,50,92,Normal
2026-02-10 10:01:38.323700,Berlin-3a9d,2,85,Normal
2026-02-10 10:01:39.323700,Berlin-3a9d,47,84,Normal
2026-02-10 10:01:40.323700,Berlin-3a9d,-29,66,Normal
2026-02-10 10:01:41.323700,Berlin-3a9d,-19,77,Normal
2026-02-10 10:01:42.323700,Berlin-3a9d,-26,35,Normal
2026-02-10 10:01:43.323700,Berlin-3a9d,20,24,Normal
2026-02-10 10:01:44.323700,Berlin-3a9d,49,90,Normal
2026-02-10 10:01:45.323700,Berlin-3a9d,47,6,Normal
2026-02-10 10:01:46.323700,Berlin-3a9d,45,33,Normal
2026-02-10 10:01:47.323700,Berlin-3a9d,13,26,Normal
2026-02-10 10:01:48.323700,Berlin-3a9d,-23,100,Normal
2026-02-10 10:01:49.323700,Berlin-3a9d,31,64,Normal
2026-02-10 10:01:50.323700,Berlin-3a9d,30,50,Normal
2026-02-10 10:01:51.323700,Berlin-3a9d,25,2,Normal
2026-02-10 10:01:52.323700,Berlin-3a9d,40,11,Normal
2026-02-10 10:01:53.323700,Berlin-3a9d,33,41,Normal
2026-02-10 10:01:54.323700,Berlin-3a9d,-5,2,Normal
2026-02-10 10:01:55.323700,Berlin-3a9d,-18,54,Normal
2026-02-10 10:01:56.323700,Berlin-3a9d,-17,97,Normal
2026-02-10 10:01:57.323700,Berlin-3a9d,42,2,Normal
2026-02-10 10:01:58.323700,Berlin-3a9d,46,74,Normal
2026-02-10 10:01:59.323700,Berlin-3a9d,16,84,Normal
2026-02-10 10:02:00.323700,Berlin-3a9d,-11,3,Normal
2026-02-10 10:02:01.323700,Berlin-3a9d,-9,73,Normal
2026-02-10 10:02:02.323700,Berlin-3a9d,43,100,Normal
2026-02-10 10:02:03.323700,Berlin-3a9d,-3,54,Normal
2026-02-10 10:02:04.323700,Berlin-3a9d,31,38,Normal
2026-02-10 10:02:05.323700,Berlin-3a9d,-12,26,Normal
2026-02-10 10:02:06.323700,Berlin-3a9d,14,61,Normal
2026-02-10 10:02:07.323700,Berlin-3a9d,19,93,Normal
2026-02-10 10:02:08.323700,Berlin-3a9d,49,95,Normal
2026-02-10 10:02:09.323700,Berlin-3a9d,2,7,Normal
2026-02-10 10:02:10.323700,Berlin-3a9d,20,33,Normal
2026-02-10 10:02:11.323700,Berlin-3a9d,-21,69,Normal
2026-02-10 10:02:12.323700,Berlin-3a9d,35,56,Normal
2026-02-10 10:02:13.323700,Berlin-3a9d,36,61,Normal
2026-02-10 10:02:14.323700,Berlin-3a9d,-12,83,Normal
2026-02-10 10:02:15.323700,Berlin-3a9d,-14,82,Normal
2026-02-10 10:02:16.323700,Berlin-3a9d,-1,74,Normal
2026-02-10 10:02:17.323700,Berlin-3a9d,46,39,Normal
2026-02-10 10:02:18.323700,Berlin-3a9d,-10,93,Normal
2026-02-10 10:02:19.323700,Berlin-3a9d,38,33,Normal
2026-02-10 10:02:20.323700,Berlin-3a9d,43,94,Normal
2026-02-10 10:02:21.323700,Berlin-3a9d,7,33,Normal
2026-02-10 10:02:22.323700,Berlin-3a9d,38,70,Normal
2026-02-10 10:02:23.323700,Berlin-3a9d,10,9,Normal
2026-02-10 10:02:24.323700,Berlin-3a9d,48,50,Normal
2026-02-10 10:02:25.323700,Berlin-3a9d,-14,17,Normal
2026-02-10 10:02:26.323700,Berlin-3a9d,24,61,Normal
2026-02-10 10:02:27.323700,Berlin-3a9d,-30,51,Normal
2026-02-10 10:02:28.323700,Berlin-3a9d,18,11,Normal
2026-02-10 10:02:29.323700,Berlin-3a9d,35,56,Normal
2026-02-10 10:02:30.323700,Berlin-3a9d,44,56,Normal
2026-02-10 10:02:31.323700,Berlin-3a9d,-11,94,Normal
2026-02-10 10:02:32.323700,Berlin-3a9d,-27,58,Normal
2026-02-10 10:02:33.323700,Berlin-3a9d,22,98,Normal
2026-02-10 10:02:34.323700,Berlin-3a9d,10,22,Normal
2026-02-10 10:02:35.323700,Berlin-3a9d,24,19,Normal
2026-02-10 10:02:36.323700,Berlin-3a9d,-25,78,Normal
2026-02-10 10:02:37.323700,Berlin-3a9d,43,29,Normal
2026-02-10 10:02:38.323700,Berlin-3a9d,-11,88,Normal
2026-02-10 10:02:39.323700,Berlin-3a9d,-12,85,Normal
2026-02-10 10:02:40.323700,Berlin-3a9d,-22,44,Normal
2026-02-10 10:02:41.323700,Berlin-3a9d,40,32,Normal
2026-02-10 10:02:42.323700,Berlin-3a9d,-22,73,Normal
2026-02-10 10:02:43.323700,Berlin-3a9d,33,10,Normal
2026-02-10 10:02:44.323700,Berlin-3a9d,35,23,Normal
2026-02-10 10:02:45.323700,Berlin-3a9d,41,19,Normal
2026-02-10 10:02:46.323700,Berlin-3a9d,-6,47,Normal
2026-02-10 10:02:47.323700,Berlin-3a9d,12,44,Normal
2026-02-10 10:02:48.323700,Berlin-3a9d,5,83,Normal
2026-02-10 10:02:49.323700,Berlin-3a9d,-21,62,Normal
2026-02-10 10:02:50.323700,Berlin-3a9d,46,54,Normal
2026-02-10 10:02:51.323700,Berlin-3a9d,42,52,Normal
2026-02-10 10:02:52.323700,Berlin-3a9d,-9,34,Normal
2026-02-10 10:02:53.323700,Berlin-3a9d,16,18,Normal
2026-02-10 10:02:54.323700,Berlin-3a9d,36,41,Normal
2026-02-10 10:02:55.323700,Berlin-3a9d,-11,87,Normal
2026-02-10 10:02:56.323700,Berlin-3a9d,-8,75,Normal
2026-02-10 10:02:57.323700,Berlin-3a9d,24,100,Normal
2026-02-10 10:02:58.323700,Berlin-3a9d,43,25,Normal
2026-02-10 10:02:59.323700,Berlin-3a9d,7,65,Normal
2026-02-10 10:03:00.323700,Berlin-3a9d,-23,70,Normal
2026-02-10 10:03:01.323700,Berlin-3a9d,-3,23,Normal
2026-02-10 10:03:02.323700,Berlin-3a9d,47,0,Normal
2026-02-10 10:03:03.323700,Berlin-3a9d,22,15,Normal
2026-02-10 10:03:04.323700,Berlin-3a9d,20,2,Normal
2026-02-10 10:03:05.323700,Berlin-3a9d,-10,67,Normal
2026-02-10 10:03:06.323700,Berlin-3a9d,-21,99,Normal
2026-02-10 10:03:07.323700,Berlin-3a9d,48,10,Normal
2026-02-10 10:03:08.323700,Berlin-3a9d,40,68,Normal
2026-02-10 10:03:09.323700,Berlin-3a9d,-25,10,Normal
2026-02-10 10:03:10.323700,Berlin-3a9d,42,53,Normal
2026-02-10 10:03:11.323700,Berlin-3a9d,49,96,Normal
2026-02-10 10:03:12.323700,Berlin-3a9d,-5,66,Normal
2026-02-10 10:03:13.323700,Berlin-3a9d,20,88,Normal
2026-02-10 10:03:14.323700,Berlin-3a9d,4,56,Normal
2026-02-10 10:03:15.323700,Berlin-3a9d,-7,49,Normal
2026-02-10 10:03:16.323700,Berlin-3a9d,-29,13,Normal
2026-02-10 10:03:17.323700,Berlin-3a9d,39,5,Normal
2026-02-10 10:03:18.323700,Berlin-3a9d,23,65,Normal
2026-02-10 10:03:19.323700,Berlin-3a9d,-17,87,Normal
2026-02-10 10:03:20.323700,Berlin-3a9d,-5,20,Normal
2026-02-10 10:03:21.323700,Berlin-3a9d,24,15,Normal
2026-02-10 10:03:22.323700,Berlin-3a9d,22,90,Normal
2026-02-10 10:03:23.323700,Berlin-3a9d,24,48,Normal
2026-02-10 10:03:24.323700,Berlin-3a9d,-28,17,Normal
2026-02-10 10:03:25.323700,Berlin-3a9d,41,48,Normal
2026-02-10 10:03:26.323700,Berlin-3a9d,-8,84,Normal
2026-02-10 10:03:27.323700,Berlin-3a9d,15,36,Normal
2026-02-10 10:03:28.323700,Berlin-3a9d,-12,2,Normal
2026-02-10 10:03:29.323700,Berlin-3a9d,37,68,Normal
2026-02-10 10:03:30.323700,Berlin-3a9d,33,44,Normal
2026-02-10 10:03:31.323700,Berlin-3a9d,-5,62,Normal
2026-02-10 10:03:32.323700,Berlin-3a9d,15,13,Normal
2026-02-10 10:03:33.323700,Berlin-3a9d,48,27,Normal
2026-02-10 10:03:34.323700,Berlin-3a9d,-7,83,Normal
2026-02-10 10:03:35.323700,Berlin-3a9d,10,8,Normal
2026-02-10 10:03:36.323700,Berlin-3a9d,9,24,Normal
2026-02-10 10:03:37.323700,Berlin-3a9d,-4,89,Normal
2026-02-10 10:03:38.323700,Berlin-3a9d,7,19,Normal
2026-02-10 10:03:39.323700,Berlin-3a9d,-15,33,Normal
2026-02-10 10:03:40.323700,Berlin-3a9d,-11,49,Normal
2026-02-10 10:03:41.323700,Berlin-3a9d,16,42,Normal
2026-02-10 10:03:42.323700,Berlin-3a9d,-14,58,Normal
2026-02-10 10:03:43.323700,Berlin-3a9d,36,38,Normal
2026-02-10 10:03:44.323700,Berlin-3a9d,-5,61,Normal
2026-02-10 10:03:45.323700,Berlin-3a9d,-18,37,Normal
2026-02-10 10:03:46.323700,Berlin-3a9d,-21,21,Normal
2026-02-10 10:03:47.323700,Berlin-3a9d,30,85,Normal
2026-02-10 10:03:48.323700,Berlin-3a9d,50,21,Normal
2026-02-10 10:03:49.323700,Berlin-3a9d,25,72,Normal
2026-02-10 10:03:50.323700,Berlin-3a9d,47,59,Normal
2026-02-10 10:03:51.323700,Berlin-3a9d,-9,67,Normal
2026-02-10 10:03:52.323700,Berlin-3a9d,21,84,Normal
2026-02-10 10:03:53.323700,Berlin-3a9d,10,34,Normal
2026-02-10 10:03:54.323700,Berlin-3a9d,29,39,Normal
2026-02-10 10:03:55.323700,Berlin-3a9d,31,54,Normal
2026-02-10 10:03:56.323700,Berlin-3a9d,20,29,Normal
2026-02-10 10:03:57.323700,Berlin-3a9d,-4,84,Normal
2026-02-10 10:03:58.323700,Berlin-3a9d,28,10,Normal
2026-02-10 10:03:59.323700,Berlin-3a9d,-26,38,Normal
2026-02-10 10:04:00.323700,Berlin-3a9d,-17,57,Normal
2026-02-10 10:04:01.323700,Berlin-3a9d,41,59,Normal
2026-02-10 10:04:02.323700,Berlin-3a9d,-10,100,Normal
2026-02-10 10:04:03.323700,Berlin-3a9d,-8,73,Normal
2026-02-10 10:04:04.323700,Berlin-3a9d,-14,19,Normal
2026-02-10 10:04:05.323700,Berlin-3a9d,6,59,Normal
2026-02-10 10:04:06.323700,Berlin-3a9d,17,78,Normal
2026-02-10 10:04:07.323700,Berlin-3a9d,11,5,Normal
2026-02-10 10:04:08.323700,Berlin-3a9d,39,81,Normal
2026-02-10 10:04:09.323700,Berlin-3a9d,30,25,Normal
2026-02-10 10:04:10.323700,Berlin-3a9d,35,50,Normal
2026-02-10 10:04:11.323700,Berlin-3a9d,-28,43,Normal
2026-02-10 10:04:12.323700,Berlin-3a9d,17,5,Normal
2026-02-10 10:04:13.323700,Berlin-3a9d,-28,10,Normal
2026-02-10 10:04:14.323700,Berlin-3a9d,-4,73,Normal
2026-02-10 10:04:15.323700,Berlin-3a9d,5,44,Normal
2026-02-10 10:04:16.323700,Berlin-3a9d,-19,12,Normal
2026-02-10 10:04:17.323700,Berlin-3a9d,33,91,Normal
2026-02-10 10:04:18.323700,Berlin-3a9d,-3,67,Normal
2026-02-10 10:04:19.323700,Berlin-3a9d,13,52,Normal
2026-02-10 10:04:20.323700,Berlin-3a9d,22,57,Normal
2026-02-10 10:04:21.323700,Berlin-3a9d,11,82,Normal
2026-02-10 10:04:22.323700,Berlin-3a9d,41,38,Normal
2026-02-10 10:04:23.323700,Berlin-3a9d,16,87,Normal
2026-02-10 10:04:24.323700,Berlin-3a9d,2,89,Normal
2026-02-10 10:04:25.323700,Berlin-3a9d,24,91,Normal
2026-02-10 10:04:26.323700,Berlin-3a9d,-5,68,Normal
2026-02-10 10:04:27.323700,Berlin-3a9d,26,44,Normal
2026-02-10 10:04:28.323700,Berlin-3a9d,-1,86,Normal
2026-02-10 10:04:29.323700,Berlin-3a9d,-8,24,Normal
2026-02-10 10:04:30.323700,Berlin-3a9d,1,53,Normal
2026-02-10 10:04:31.323700,Berlin-3a9d,41,54,Normal
2026-02-10 10:04:32.323700,Berlin-3a9d,41,11,Normal
2026-02-10 10:04:33.323700,Berlin-3a9d,32,80,Normal
2026-02-10 10:04:34.323700,Berlin-3a9d,-13,38,Normal
2026-02-10 10:04:35.323700,Berlin-3a9d,14,98,Normal
2026-02-10 10:04:36.323700,Berlin-3a9d,14,46,Normal
2026-02-10 10:04:37.323700,Berlin-3a9d,-27,12,Normal
2026-02-10 10:04:38.323700,Berlin-3a9d,49,68,Normal
2026-02-10 10:04:39.323700,Berlin-3a9d,-9,42,Normal
2026-02-10 10:04:40.323700,Berlin-3a9d,-25,93,Normal
2026-02-10 10:04:41.323700,Berlin-3a9d,22,60,Normal
2026-02-10 10:04:42.323700,Berlin-3a9d,-27,33,Normal
2026-02-10 10:04:43.323700,Berlin-3a9d,-13,27,Normal
2026-02-10 10:04:44.323700,Berlin-3a9d,19,8,Normal
2026-02-10 10:04:45.323700,Berlin-3a9d,9,35,Normal
2026-02-10 10:04:46.323700,Berlin-3a9d,49,98,Normal
2026-02-10 10:04:47.323700,Berlin-3a9d,5,94,Normal
2026-02-10 10:04:48.323700,Berlin-3a9d,-5,60,Normal
2026-02-10 10:04:49.323700,Berlin-3a9d,32,29,Normal
2026-02-10 10:04:50.323700,Berlin-3a9d,-3,1,Normal
2026-02-10 10:04:51.323700,Berlin-3a9d,-4,15,Normal
2026-02-10 10:04:52.323700,Berlin-3a9d,47,73,Normal
2026-02-10 10:04:53.323700,Berlin-3a9d,-10,49,Normal
2026-02-10 10:04:54.323700,Berlin-3a9d,13,77,Normal
2026-02-10 10:04:55.323700,Berlin-3a9d,35,54,Normal
2026-02-10 10:04:56.323700,Berlin-3a9d,-5,19,Normal
2026-02-10 10:04:57.323700,Berlin-3a9d,21,5,Normal
2026-02-10 10:04:58.323700,Berlin-3a9d,28,39,Normal
2026-02-10 10:04:59.323700,Berlin-3a9d,-26,21,Normal
2026-02-10 10:05:00.323700,Berlin-3a9d,29,58,Normal
2026-02-10 10:05:01.323700,Berlin-3a9d,-14,77,Normal
2026-02-10 10:05:02.323700,Berlin-3a9d,-23,89,Normal
2026-02-10 10:05:03.323700,Berlin-3a9d,8,41,Normal
2026-02-10 10:05:04.323700,Berlin-3a9d,47,25,Normal
2026-02-10 10:05:05.323700,Berlin-3a9d,38,82,Normal
2026-02-10 10:05:06.323700,Berlin-3a9d,-30,71,Normal
2026-02-10 10:05:07.323700,Berlin-3a9d,26,89,Normal
2026-02-10 10:05:08.323700,Berlin-3a9d,6,1,Normal
2026-02-10 10:05:09.323700,Berlin-3a9d,21,16,Normal
2026-02-10 10:05:10.323700,Berlin-3a9d,40,41,Normal
2026-02-10 10:05:11.323700,Berlin-3a9d,-29,75,Normal
2026-02-10 10:05:12.323700,Berlin-3a9d,4,90,Normal
2026-02-10 10:05:13.323700,Berlin-3a9d,-13,72,Normal
2026-02-10 10:05:14.323700,Berlin-3a9d,-26,11,Normal
2026-02-10 10:05:15.323700,Berlin-3a9d,-15,100,Normal
2026-02-10 10:05:16.323700,Berlin-3a9d,41,71,Normal
2026-02-10 10:05:17.323700,Berlin-3a9d,20,91,Normal
2026-02-10 10:05:18.323700,Berlin-3a9d,0,45,Normal
2026-02-10 10:05:19.323700,Berlin-3a9d,-18,99,Normal
2026-02-10 10:05:20.323700,Berlin-3a9d,48,14,Normal
2026-02-10 10:05:21.323700,Berlin-3a9d,15,99,Normal
2026-02-10 10:05:22.323700,Berlin-3a9d,25,34,Normal
2026-02-10 10:05:23.323700,Berlin-3a9d,10,29,Normal
2026-02-10 10:05:24.323700,Berlin-3a9d,22,34,Normal
2026-02-10 10:05:25.323700,Berlin-3a9d,21,76,Normal
2026-02-10 10:05:26.323700,Berlin-3a9d,35,13,Normal
2026-02-10 10:05:27.323700,Berlin-3a9d,35,61,Normal
2026-02-10 10:05:28.323700,Berlin-3a9d,14,77,Normal
2026-02-10 10:05:29.323700,Berlin-3a9d,-6,83,Normal
2026-02-10 10:05:30.323700,Berlin-3a9d,-14,75,Normal
2026-02-10 10:05:31.323700,Berlin-3a9d,27,56,Normal
2026-02-10 10:05:32.323700,Berlin-3a9d,30,7,Normal
2026-02-10 10:05:33.323700,Berlin-3a9d,23,79,Normal
2026-02-10 10:05:34.323700,Berlin-3a9d,-18,88,Normal
2026-02-10 10:05:35.323700,Berlin-3a9d,45,84,Normal
2026-02-10 10:05:36.323700,Berlin-3a9d,3,21,Normal
2026-02-10 10:05:37.323700,Berlin-3a9d,17,62,Normal
2026-02-10 10:05:38.323700,Berlin-3a9d,7,9,Normal
2026-02-10 10:05:39.323700,Berlin-3a9d,-8,98,Normal
2026-02-10 10:05:40.323700,Berlin-3a9d,-11,31,Normal
2026-02-10 10:05:41.323700,Berlin-3a9d,0,30,Normal
2026-02-10 10:05:42.323700,Berlin-3a9d,32,23,Normal
2026-02-10 10:05:43.323700,Berlin-3a9d,14,81,Normal
2026-02-10 10:05:44.323700,Berlin-3a9d,-21,60,Normal
2026-02-10 10:05:45.323700,Berlin-3a9d,47,17,Normal
2026-02-10 10:05:46.323700,Berlin-3a9d,2,19,Normal
2026-02-10 10:05:47.323700,Berlin-3a9d,46,9,Normal
2026-02-10 10:05:48.323700,Berlin-3a9d,29,36,Normal
2026-02-10 10:05:49.323700,Berlin-3a9d,-25,9,Normal
2026-02-10 10:05:50.323700,Berlin-3a9d,-14,6,Normal
2026-02-10 10:05:51.323700,Berlin-3a9d,5,73,Normal
2026-02-10 10:05:52.323700,Berlin-3a9d,48,39,Normal
2026-02-10 10:05:53.323700,Berlin-3a9d,18,73,Normal
2026-02-10 10:05:54.323700,Berlin-3a9d,23,29,Normal
2026-02-10 10:05:55.323700,Berlin-3a9d,25,41,Normal
2026-02-10 10:05:56.323700,Berlin-3a9d,2,44,Normal
2026-02-10 10:05:57.323700,Berlin-3a9d,-19,13,Normal
2026-02-10 10:05:58.323700,Berlin-3a9d,10,53,Normal
2026-02-10 10:05:59.323700,Berlin-3a9d,5,54,Normal
2026-02-10 10:06:00.323700,Berlin-3a9d,27,83,Normal
2026-02-10 10:06:01.323700,Berlin-3a9d,7,24,Normal
2026-02-10 10:06:02.323700,Berlin-3a9d,25,8,Normal
2026-02-10 10:06:03.323700,Berlin-3a9d,-2,11,Normal
2026-02-10 10:06:04.323700,Berlin-3a9d,35,62,Normal
2026-02-10 10:06:05.323700,Berlin-3a9d,-24,11,Normal
2026-02-10 10:06:06.323700,Berlin-3a9d,18,59,Normal
2026-02-10 10:06:07.323700,Berlin-3a9d,28,74,Normal
2026-02-10 10:06:08.323700,Berlin-3a9d,45,54,Normal
2026-02-10 10:06:09.323700,Berlin-3a9d,7,34,Normal
2026-02-10 10:06:10.323700,Berlin-3a9d,17,90,Normal
2026-02-10 10:06:11.323700,Berlin-3a9d,-23,76,Normal
2026-02-10 10:06:12.323700,Berlin-3a9d,-21,9,Normal
2026-02-10 10:06:13.323700,Berlin-3a9d,-9,44,Normal
2026-02-10 10:06:14.323700,Berlin-3a9d,-2,42,Normal
2026-02-10 10:06:15.323700,Berlin-3a9d,14,11,Normal
2026-02-10 10:06:16.323700,Berlin-3a9d,45,12,Normal
2026-02-10 10:06:17.323700,Berlin-3a9d,22,24,Normal
2026-02-10 10:06:18.323700,Berlin-3a9d,-19,15,Normal
2026-02-10 10:06:19.323700,Berlin-3a9d,35,96,Normal
2026-02-10 10:06:20.323700,Berlin-3a9d,-2,12,Normal
2026-02-10 10:06:21.323700,Berlin-3a9d,6,6,Normal
2026-02-10 10:06:22.323700,Berlin-3a9d,17,93,Normal
2026-02-10 10:06:23.323700,Berlin-3a9d,20,69,Normal
2026-02-10 10:06:24.323700,Berlin-3a9d,-14,91,Normal
2026-02-10 10:06:25.323700,Berlin-3a9d,7,88,Normal
2026-02-10 10:06:26.323700,Berlin-3a9d,22,82,Normal
2026-02-10 10:06:27.323700,Berlin-3a9d,-11,18,Normal
2026-02-10 10:06:28.323700,Berlin-3a9d,-12,69,Normal
2026-02-10 10:06:29.323700,Berlin-3a9d,34,93,Normal
2026-02-10 10:06:30.323700,Berlin-3a9d,15,68,Normal
2026-02-10 10:06:31.323700,Berlin-3a9d,30,17,Normal
2026-02-10 10:06:32.323700,Berlin-3a9d,-18,77,Normal
2026-02-10 10:06:33.323700,Berlin-3a9d,-30,96,Normal
2026-02-10 10:06:34.323700,Berlin-3a9d,-7,32,Normal
2026-02-10 10:06:35.323700,Berlin-3a9d,12,81,Normal
2026-02-10 10:06:36.323700,Berlin-3a9d,24,65,Normal
2026-02-10 10:06:37.323700,Berlin-3a9d,-9,51,Normal
2026-02-10 10:06:38.323700,Berlin-3a9d,5,83,Normal
2026-02-10 10:06:39.323700,Berlin-3a9d,27,15,Normal
2026-02-10 10:06:40.323700,Berlin-3a9d,2,97,Normal
2026-02-10 10:06:41.323700,Berlin-3a9d,38,45,Normal
2026-02-10 10:06:42.323700,Berlin-3a9d,7,15,Normal
2026-02-10 10:06:43.323700,Berlin-3a9d,49,19,Normal
2026-02-10 10:06:44.323700,Berlin-3a9d,-21,52,Normal
2026-02-10 10:06:45.323700,Berlin-3a9d,-7,19,Normal
2026-02-10 10:06:46.323700,Berlin-3a9d,27,77,Normal
2026-02-10 10:06:47.323700,Berlin-3a9d,34,89,Normal
2026-02-10 10:06:48.323700,Berlin-3a9d,24,91,Normal
2026-02-10 10:06:49.323700,Berlin-3a9d,31,3,Normal
2026-02-10 10:06:50.323700,Berlin-3a9d,-23,52,Normal
2026-02-10 10:06:51.323700,Berlin-3a9d,20,85,Normal
2026-02-10 10:06:52.323700,Berlin-3a9d,-4,83,Normal
2026-02-10 10:06:53.323700,Berlin-3a9d,-28,51,Normal
2026-02-10 10:06:54.323700,Berlin-3a9d,29,79,Normal
2026-02-10 10:06:55.323700,Berlin-3a9d,2,64,Normal
2026-02-10 10:06:56.323700,Berlin-3a9d,11,43,Normal
2026-02-10 10:06:57.323700,Berlin-3a9d,45,46,Normal
2026-02-10 10:06:58.323700,Berlin-3a9d,-25,2,Normal
2026-02-10 10:06:59.323700,Berlin-3a9d,48,94,Normal
2026-02-10 10:07:00.323700,Berlin-3a9d,-10,54,Normal
2026-02-10 10:07:01.323700,Berlin-3a9d,34,34,Normal
2026-02-10 10:07:02.323700,Berlin-3a9d,7,97,Normal
2026-02-10 10:07:03.323700,Berlin-3a9d,45,99,Normal
2026-02-10 10:07:04.323700,Berlin-3a9d,-23,57,Normal
2026-02-10 10:07:05.323700,Berlin-3a9d,-2,60,Normal
2026-02-10 10:07:06.323700,Berlin-3a9d,-8,93,Normal
2026-02-10 10:07:07.323700,Berlin-3a9d,-1,100,Normal
2026-02-10 10:07:08.323700,Berlin-3a9d,27,89,Normal
2026-02-10 10:07:09.323700,Berlin-3a9d,1,86,Normal
2026-02-10 10:07:10.323700,Berlin-3a9d,26,51,Normal
2026-02-10 10:07:11.323700,Berlin-3a9d,47,100,Normal
2026-02-10 10:07:12.323700,Berlin-3a9d,7,74,Normal
2026-02-10 10:07:13.323700,Berlin-3a9d,39,90,Normal
2026-02-10 10:07:14.323700,Berlin-3a9d,25,81,Normal
2026-02-10 10:07:15.323700,Berlin-3a9d,37,18,Normal
2026-02-10 10:07:16.323700,Berlin-3a9d,-16,77,Normal
2026-02-10 10:07:17.323700,Berlin-3a9d,32,82,Normal
2026-02-10 10:07:18.323700,Berlin-3a9d,-13,35,Normal
2026-02-10 10:07:19.323700,Berlin-3a9d,-12,8,Normal
2026-02-10 10:07:20.323700,Berlin-3a9d,13,74,Normal
2026-02-10 10:07:21.323700,Berlin-3a9d,50,19,Normal
2026-02-10 10:07:22.323700,Berlin-3a9d,-17,51,Normal
2026-02-10 10:07:23.323700,Berlin-3a9d,-8,31,Normal
2026-02-10 10:07:24.323700,Berlin-3a9d,3,3,Normal
2026-02-10 10:07:25.323700,Berlin-3a9d,37,73,Normal
2026-02-10 10:07:26.323700,Berlin-3a9d,41,91,Normal
2026-02-10 10:07:27.323700,Berlin-3a9d,9,100,Normal
2026-02-10 10:07:28.323700,Berlin-3a9d,32,90,Normal
2026-02-10 10:07:29.323700,Berlin-3a9d,3,43,Normal
2026-02-10 10:07:30.323700,Berlin-3a9d,-28,87,Normal
2026-02-10 10:07:31.323700,Berlin-3a9d,23,97,Normal
2026-02-10 10:07:32.323700,Berlin-3a9d,28,78,Normal
2026-02-10 10:07:33.323700,Berlin-3a9d,-24,81,Normal
2026-02-10 10:07:34.323700,Berlin-3a9d,39,61,Normal
2026-02-10 10:07:35.323700,Berlin-3a9d,42,74,Normal
2026-02-10 10:07:36.323700,Berlin-3a9d,-14,90,Normal
2026-02-10 10:07:37.323700,Berlin-3a9d,42,53,Normal
2026-02-10 10:07:38.323700,Berlin-3a9d,4,41,Normal
2026-02-10 10:07:39.323700,Berlin-3a9d,1,60,Normal
2026-02-10 10:07:40.323700,Berlin-3a9d,-15,44,Normal
2026-02-10 10:07:41.323700,Berlin-3a9d,33,18,Normal
2026-02-10 10:07:42.323700,Berlin-3a9d,-15,17,Normal
2026-02-10 10:07:43.323700,Berlin-3a9d,-1,96,Normal
2026-02-10 10:07:44.323700,Berlin-3a9d,-28,16,Normal
2026-02-10 10:07:45.323700,Berlin-3a9d,-20,62,Normal
2026-02-10 10:07:46.323700,Berlin-3a9d,32,7,Normal
2026-02-10 10:07:47.323700,Berlin-3a9d,2,28,Normal
2026-02-10 10:07:48.323700,Berlin-3a9d,0,88,Normal
2026-02-10 10:07:49.323700,Berlin-3a9d,-12,12,Normal
2026-02-10 10:07:50.323700,Berlin-3a9d,-20,75,Normal
2026-02-10 10:07:51.323700,Berlin-3a9d,8,91,Normal
2026-02-10 10:07:52.323700,Berlin-3a9d,16,50,Normal
2026-02-10 10:07:53.323700,Berlin-3a9d,41,28,Normal
2026-02-10 10:07:54.323700,Berlin-3a9d,49,25,Normal
2026-02-10 10:07:55.323700,Berlin-3a9d,-11,54,Normal
2026-02-10 10:07:56.323700,Berlin-3a9d,35,68,Normal
2026-02-10 10:07:57.323700,Berlin-3a9d,0,68,Normal
2026-02-10 10:07:58.323700,Berlin-3a9d,28,79,Normal
2026-02-10 10:07:59.323700,Berlin-3a9d,30,75,Normal
2026-02-10 10:08:00.323700,Berlin-3a9d,29,3,Normal
2026-02-10 10:08:01.323700,Berlin-3a9d,-3,20,Normal
2026-02-10 10:08:02.323700,Berlin-3a9d,-20,16,Normal
2026-02-10 10:08:03.323700,Berlin-3a9d,-24,47,Normal
2026-02-10 10:08:04.323700,Berlin-3a9d,-17,93,Normal
2026-02-10 10:08:05.323700,Berlin-3a9d,-28,89,Normal
2026-02-10 10:08:06.323700,Berlin-3a9d,29,78,Normal
2026-02-10 10:08:07.323700,Berlin-3a9d,-1,86,Normal
2026-02-10 10:08:08.323700,Berlin-3a9d,13,34,Normal
2026-02-10 10:08:09.323700,Berlin-3a9d,48,75,Normal
2026-02-10 10:08:10.323700,Berlin-3a9d,27,99,Normal
2026-02-10 10:08:11.323700,Berlin-3a9d,30,21,Normal
2026-02-10 10:08:12.323700,Berlin-3a9d,9,14,Normal
2026-02-10 10:08:13.323700,Berlin-3a9d,-23,97,Normal
2026-02-10 10:08:14.323700,Berlin-3a9d,36,11,Normal
2026-02-10 10:08:15.323700,Berlin-3a9d,33,29,Normal
2026-02-10 10:08:16.323700,Berlin-3a9d,48,58,Normal
2026-02-10 10:08:17.323700,Berlin-3a9d,-11,54,Normal
2026-02-10 10:08:18.323700,Berlin-3a9d,15,96,Normal
2026-02-10 10:08:19.323700,Berlin-3a9d,48,91,Normal
2026-02-10 10:08:20.323700,Berlin-3a9d,50,75,Normal
2026-02-10 10:08:21.323700,Berlin-3a9d,15,73,Normal
2026-02-10 10:08:22.323700,Berlin-3a9d,49,39,Normal
2026-02-10 10:08:23.323700,Berlin-3a9d,10,29,Normal
2026-02-10 10:08:24.323700,Berlin-3a9d,24,94,Normal
2026-02-10 10:08:25.323700,Berlin-3a9d,48,73,Normal
2026-02-10 10:08:26.323700,Berlin-3a9d,49,53,Normal
2026-02-10 10:08:27.323700,Berlin-3a9d,-25,75,Normal
2026-02-10 10:08:28.323700,Berlin-3a9d,2,89,Normal
2026-02-10 10:08:29.323700,Berlin-3a9d,24,26,Normal
2026-02-10 10:08:30.323700,Berlin-3a9d,-26,27,Normal
2026-02-10 10:08:31.323700,Berlin-3a9d,-23,44,Normal
2026-02-10 10:08:32.323700,Berlin-3a9d,-1,87,Normal
2026-02-10 10:08:33.323700,Berlin-3a9d,-18,85,Normal
2026-02-10 10:08:34.323700,Berlin-3a9d,28,75,Normal
2026-02-10 10:08:35.323700,Berlin-3a9d,-17,58,Normal
2026-02-10 10:08:36.323700,Berlin-3a9d,12,92,Normal
2026-02-10 10:08:37.323700,Berlin-3a9d,-1,66,Normal
2026-02-10 10:08:38.323700,Berlin-3a9d,16,20,Normal
2026-02-10 10:08:39.323700,Berlin-3a9d,-7,16,Normal
2026-02-10 10:08:40.323700,Berlin-3a9d,-28,62,Normal
2026-02-10 10:08:41.323700,Berlin-3a9d,11,97,Normal
2026-02-10 10:08:42.323700,Berlin-3a9d,18,51,Normal
2026-02-10 10:08:43.323700,Berlin-3a9d,49,14,Normal
2026-02-10 10:08:44.323700,Berlin-3a9d,1,89,Normal
2026-02-10 10:08:45.323700,Berlin-3a9d,-8,13,Normal
2026-02-10 10:08:46.323700,Berlin-3a9d,25,88,Normal
2026-02-10 10:08:47.323700,Berlin-3a9d,46,83,Normal
2026-02-10 10:08:48.323700,Berlin-3a9d,-28,79,Normal
2026-02-10 10:08:49.323700,Berlin-3a9d,-21,75,Normal
2026-02-10 10:08:50.323700,Berlin-3a9d,-13,53,Normal
2026-02-10 10:08:51.323700,Berlin-3a9d,35,51,Normal
2026-02-10 10:08:52.323700,Berlin-3a9d,25,33,Normal
2026-02-10 10:08:53.323700,Berlin-3a9d,39,34,Normal
2026-02-10 10:08:54.323700,Berlin-3a9d,29,28,Normal
2026-02-10 10:08:55.323700,Berlin-3a9d,22,19,Normal
2026-02-10 10:08:56.323700,Berlin-3a9d,30,13,Normal
2026-02-10 10:08:57.323700,Berlin-3a9d,-12,65,Normal
2026-02-10 10:08:58.323700,Berlin-3a9d,20,85,Normal
2026-02-10 10:08:59.323700,Berlin-3a9d,-5,21,Normal
2026-02-10 10:09:00.323700,Berlin-3a9d,-17,19,Normal
2026-02-10 10:09:01.323700,Berlin-3a9d,-23,53,Normal
2026-02-10 10:09:02.323700,Berlin-3a9d,-11,54,Normal
2026-02-10 10:09:03.323700,Berlin-3a9d,2,80,Normal
2026-02-10 10:09:04.323700,Berlin-3a9d,-4,5,Normal
2026-02-10 10:09:05.323700,Berlin-3a9d,-29,40,Normal
2026-02-10 10:09:06.323700,Berlin-3a9d,37,75,Normal
2026-02-10 10:09:07.323700,Berlin-3a9d,-6,2,Normal
2026-02-10 10:09:08.323700,Berlin-3a9d,-4,25,Normal
2026-02-10 10:09:09.323700,Berlin-3a9d,32,52,Normal
2026-02-10 10:09:10.323700,Berlin-3a9d,34,84,Normal
2026-02-10 10:09:11.323700,Berlin-3a9d,-19,80,Normal
2026-02-10 10:09:12.323700,Berlin-3a9d,10,53,Normal
2026-02-10 10:09:13.323700,Berlin-3a9d,50,78,Normal
2026-02-10 10:09:14.323700,Berlin-3a9d,11,83,Normal
2026-02-10 10:09:15.323700,Berlin-3a9d,-12,63,Normal
2026-02-10 10:09:16.323700,Berlin-3a9d,1,35,Normal
2026-02-10 10:09:17.323700,Berlin-3a9d,33,81,Normal
2026-02-10 10:09:18.323700,Berlin-3a9d,-8,27,Normal
2026-02-10 10:09:19.323700,Berlin-3a9d,-26,63,Normal
2026-02-10 10:09:20.323700,Berlin-3a9d,35,21,Normal
2026-02-10 10:09:21.323700,Berlin-3a9d,-14,91,Normal
2026-02-10 10:09:22.323700,Berlin-3a9d,42,52,Normal
2026-02-10 10:09:23.323700,Berlin-3a9d,18,8,Normal
2026-02-10 10:09:24.323700,Berlin-3a9d,-29,77,Normal
2026-02-10 10:09:25.323700,Berlin-3a9d,-14,8,Normal
2026-02-10 10:09:26.323700,Berlin-3a9d,25,66,Normal
2026-02-10 10:09:27.323700,Berlin-3a9d,7,44,Normal
2026-02-10 10:09:28.323700,Berlin-3a9d,-14,48,Normal
2026-02-10 10:09:29.323700,Berlin-3a9d,21,1,Normal
2026-02-10 10:09:30.323700,Berlin-3a9d,-30,62,Normal
2026-02-10 10:09:31.323700,Berlin-3a9d,40,8,Normal
2026-02-10 10:09:32.323700,Berlin-3a9d,5,52,Normal
2026-02-10 10:09:33.323700,Berlin-3a9d,23,15,Normal
2026-02-10 10:09:34.323700,Berlin-3a9d,25,64,Normal
2026-02-10 10:09:35.323700,Berlin-3a9d,35,84,Normal
2026-02-10 10:09:36.323700,Berlin-3a9d,-13,42,Normal
2026-02-10 10:09:37.323700,Berlin-3a9d,6,63,Normal
2026-02-10 10:09:38.323700,Berlin-3a9d,-5,90,Normal
2026-02-10 10:09:39.323700,Berlin-3a9d,19,93,Normal
2026-02-10 10:09:40.323700,Berlin-3a9d,50,51,Normal
2026-02-10 10:09:41.323700,Berlin-3a9d,6,97,Normal
2026-02-10 10:09:42.323700,Berlin-3a9d,10,6,Normal
2026-02-10 10:09:43.323700,Berlin-3a9d,23,29,Normal
2026-02-10 10:09:44.323700,Berlin-3a9d,-24,47,Normal
2026-02-10 10:09:45.323700,Berlin-3a9d,-19,14,Normal
2026-02-10 10:09:46.323700,Berlin-3a9d,-12,26,Normal
2026-02-10 10:09:47.323700,Berlin-3a9d,-13,69,Normal
2026-02-10 10:09:48.323700,Berlin-3a9d,43,43,Normal
2026-02-10 10:09:49.323700,Berlin-3a9d,-15,80,Normal
2026-02-10 10:09:50.323700,Berlin-3a9d,-9,17,Normal
2026-02-10 10:09:51.323700,Berlin-3a9d,-5,83,Normal
2026-02-10 10:09:52.323700,Berlin-3a9d,23,53,Normal
2026-02-10 10:09:53.323700,Berlin-3a9d,-8,80,Normal
2026-02-10 10:09:54.323700,Berlin-3a9d,-28,65,Normal
2026-02-10 10:09:55.323700,Berlin-3a9d,19,4,Normal
2026-02-10 10:09:56.323700,Berlin-3a9d,-28,12,Normal
2026-02-10 10:09:57.323700,Berlin-3a9d,-22,99,Normal
2026-02-10 10:09:58.323700,Berlin-3a9d,-8,90,Normal
2026-02-10 10:09:59.323700,Berlin-3a9d,27,85,Normal
2026-02-10 10:10:00.323700,Berlin-3a9d,-14,69,Normal
2026-02-10 10:10:01.323700,Berlin-3a9d,10,40,Normal
2026-02-10 10:10:02.323700,Berlin-3a9d,13,42,Normal
2026-02-10 10:10:03.323700,Berlin-3a9d,-24,40,Normal
2026-02-10 10:10:04.323700,Berlin-3a9d,39,30,Normal
2026-02-10 10:10:05.323700,Berlin-3a9d,-13,73,Normal
2026-02-10 10:10:06.323700,Berlin-3a9d,22,18,Normal
2026-02-10 10:10:07.323700,Berlin-3a9d,32,17,Normal
2026-02-10 10:10:08.323700,Berlin-3a9d,-16,21,Normal
2026-02-10 10:10:09.323700,Berlin-3a9d,-16,83,Normal
2026-02-10 10:10:10.323700,Berlin-3a9d,-12,24,Normal
2026-02-10 10:10:11.323700,Berlin-3a9d,-17,14,Normal
2026-02-10 10:10:12.323700,Berlin-3a9d,-23,20,Normal
2026-02-10 10:10:13.323700,Berlin-3a9d,47,14,Normal
2026-02-10 10:10:14.323700,Berlin-3a9d,46,2,Normal
2026-02-10 10:10:15.323700,Berlin-3a9d,12,91,Normal
2026-02-10 10:10:16.323700,Berlin-3a9d,15,94,Normal
2026-02-10 10:10:17.323700,Berlin-3a9d,18,17,Normal
2026-02-10 10:10:18.323700,Berlin-3a9d,24,96,Normal
2026-02-10 10:10:19.323700,Berlin-3a9d,11,4,Normal
2026-02-10 10:10:20.323700,Berlin-3a9d,-19,8,Normal
2026-02-10 10:10:21.323700,Berlin-3a9d,-20,94,Normal
2026-02-10 10:10:22.323700,Berlin-3a9d,5,83,Normal
2026-02-10 10:10:23.323700,Berlin-3a9d,30,37,Normal
2026-02-10 10:10:24.323700,Berlin-3a9d,-25,4,Normal
2026-02-10 10:10:25.323700,Berlin-3a9d,43,8,Normal
2026-02-10 10:10:26.323700,Berlin-3a9d,4,73,Normal
2026-02-10 10:10:27.323700,Berlin-3a9d,-9,2,Normal
2026-02-10 10:10:28.323700,Berlin-3a9d,32,78,Normal
2026-02-10 10:10:29.323700,Berlin-3a9d,38,96,Normal
2026-02-10 10:10:30.323700,Berlin-3a9d,-2,95,Normal
2026-02-10 10:10:31.323700,Berlin-3a9d,-8,14,Normal
2026-02-10 10:10:32.323700,Berlin-3a9d,38,15,Normal
2026-02-10 10:10:33.323700,Berlin-3a9d,34,43,Normal
2026-02-10 10:10:34.323700,Berlin-3a9d,37,4,Normal
2026-02-10 10:10:35.323700,Berlin-3a9d,15,48,Normal
2026-02-10 10:10:36.323700,Berlin-3a9d,5,77,Normal
2026-02-10 10:10:37.323700,Berlin-3a9d,-13,24,Normal
2026-02-10 10:10:38.323700,Berlin-3a9d,-28,77,Normal
2026-02-10 10:10:39.323700,Berlin-3a9d,-12,49,Normal
2026-02-10 10:10:40.323700,Berlin-3a9d,40,19,Normal
2026-02-10 10:10:41.323700,Berlin-3a9d,34,87,Normal
2026-02-10 10:10:42.323700,Berlin-3a9d,20,14,Normal
2026-02-10 10:10:43.323700,Berlin-3a9d,13,3,Normal
2026-02-10 10:10:44.323700,Berlin-3a9d,-27,38,Normal
2026-02-10 10:10:45.323700,Berlin-3a9d,33,94,Normal
2026-02-10 10:10:46.323700,Berlin-3a9d,36,92,Normal
2026-02-10 10:10:47.323700,Berlin-3a9d,-5,29,Normal
2026-02-10 10:10:48.323700,Berlin-3a9d,-30,68,Normal
2026-02-10 10:10:49.323700,Berlin-3a9d,33,2,Normal
2026-02-10 10:10:50.323700,Berlin-3a9d,-24,56,Normal
2026-02-10 10:10:51.323700,Berlin-3a9d,38,66,Normal
2026-02-10 10:10:52.323700,Berlin-3a9d,46,37,Normal
2026-02-10 10:10:53.323700,Berlin-3a9d,-13,52,Normal
2026-02-10 10:10:54.323700,Berlin-3a9d,34,38,Normal
2026-02-10 10:10:55.323700,Berlin-3a9d,1,56,Normal
2026-02-10 10:10:56.323700,Berlin-3a9d,-21,15,Normal
2026-02-10 10:10:57.323700,Berlin-3a9d,-26,66,Normal
2026-02-10 10:10:58.323700,Berlin-3a9d,-28,88,Normal
2026-02-10 10:10:59.323700,Berlin-3a9d,48,61,Normal
2026-02-10 10:11:00.323700,Berlin-3a9d,12,85,Normal
2026-02-10 10:11:01.323700,Berlin-3a9d,17,1,Normal
2026-02-10 10:11:02.323700,Berlin-3a9d,29,35,Normal
2026-02-10 10:11:03.323700,Berlin-3a9d,3,60,Normal
2026-02-10 10:11:04.323700,Berlin-3a9d,7,84,Normal
2026-02-10 10:11:05.323700,Berlin-3a9d,-1,89,Normal
2026-02-10 10:11:06.323700,Berlin-3a9d,-15,91,Normal
2026-02-10 10:11:07.323700,Berlin-3a9d,48,79,Normal
2026-02-10 10:11:08.323700,Berlin-3a9d,-19,69,Normal
2026-02-10 10:11:09.323700,Berlin-3a9d,41,67,Normal
2026-02-10 10:11:10.323700,Berlin-3a9d,7,94,Normal
2026-02-10 10:11:11.323700,Berlin-3a9d,-1,39,Normal
2026-02-10 10:11:12.323700,Berlin-3a9d,46,88,Normal
2026-02-10 10:11:13.323700,Berlin-3a9d,20,89,Normal
2026-02-10 10:11:14.323700,Berlin-3a9d,-3,74,Normal
2026-02-10 10:11:15.323700,Berlin-3a9d,45,42,Normal
2026-02-10 10:11:16.323700,Berlin-3a9d,20,72,Normal
2026-02-10 10:11:17.323700,Berlin-3a9d,26,80,Normal
2026-02-10 10:11:18.323700,Berlin-3a9d,17,52,Normal
2026-02-10 10:11:19.323700,Berlin-3a9d,-28,22,Normal
2026-02-10 10:11:20.323700,Berlin-3a9d,-30,5,Normal
2026-02-10 10:11:21.323700,Berlin-3a9d,-17,4,Normal
2026-02-10 10:11:22.323700,Berlin-3a9d,-16,97,Normal
2026-02-10 10:11:23.323700,Berlin-3a9d,40,26,Normal
2026-02-10 10:11:24.323700,Berlin-3a9d,29,73,Normal
2026-02-10 10:11:25.323700,Berlin-3a9d,2,98,Normal
2026-02-10 10:11:26.323700,Berlin-3a9d,28,55,Normal
2026-02-10 10:11:27.323700,Berlin-3a9d,4,87,Normal
2026-02-10 10:11:28.323700,Berlin-3a9d,32,30,Normal
2026-02-10 10:11:29.323700,Berlin-3a9d,-25,23,Normal
2026-02-10 10:11:30.323700,Berlin-3a9d,40,14,Normal
2026-02-10 10:11:31.323700,Berlin-3a9d,4,84,Normal
2026-02-10 10:11:32.323700,Berlin-3a9d,-21,40,Normal
2026-02-10 10:11:33.323700,Berlin-3a9d,-8,72,Normal
2026-02-10 10:11:34.323700,Berlin-3a9d,-10,75,Normal
2026-02-10 10:11:35.323700,Berlin-3a9d,43,98,Normal
2026-02-10 10:11:36.323700,Berlin-3a9d,6,85,Normal
2026-02-10 10:11:37.323700,Berlin-3a9d,32,59,Normal
2026-02-10 10:11:38.323700,Berlin-3a9d,43,76,Normal
2026-02-10 10:11:39.323700,Berlin-3a9d,2,33,Normal
2026-02-10 10:11:40.323700,Berlin-3a9d,1,64,Normal
2026-02-10 10:11:41.323700,Berlin-3a9d,30,99,Normal
2026-02-10 10:11:42.323700,Berlin-3a9d,27,46,Normal
2026-02-10 10:11:43.323700,Berlin-3a9d,46,9,Normal
2026-02-10 10:11:44.323700,Berlin-3a9d,32,11,Normal
2026-02-10 10:11:45.323700,Berlin-3a9d,-21,56,Normal
2026-02-10 10:11:46.323700,Berlin-3a9d,30,5,Normal
2026-02-10 10:11:47.323700,Berlin-3a9d,31,94,Normal
2026-02-10 10:11:48.323700,Berlin-3a9d,10,50,Normal
2026-02-10 10:11:49.323700,Berlin-3a9d,26,65,Normal
2026-02-10 10:11:50.323700,Berlin-3a9d,-19,34,Normal
2026-02-10 10:11:51.323700,Berlin-3a9d,17,99,Normal
2026-02-10 10:11:52.323700,Berlin-3a9d,50,29,Normal
2026-02-10 10:11:53.323700,Berlin-3a9d,0,86,Normal
2026-02-10 10:11:54.323700,Berlin-3a9d,-17,43,Normal
2026-02-10 10:11:55.323700,Berlin-3a9d,38,95,Normal
2026-02-10 10:11:56.323700,Berlin-3a9d,-1,65,Normal
2026-02-10 10:11:57.323700,Berlin-3a9d,9,55,Normal
2026-02-10 10:11:58.323700,Berlin-3a9d,4,73,Normal
2026-02-10 10:11:59.323700,Berlin-3a9d,-16,63,Normal
2026-02-10 10:12:00.323700,Berlin-3a9d,45,39,Normal
2026-02-10 10:12:01.323700,Berlin-3a9d,32,82,Normal
2026-02-10 10:12:02.323700,Berlin-3a9d,-27,92,Normal
2026-02-10 10:12:03.323700,Berlin-3a9d,-19,16,Normal
2026-02-10 10:12:04.323700,Berlin-3a9d,0,2,Normal
2026-02-10 10:12:05.323700,Berlin-3a9d,-9,16,Normal
2026-02-10 10:12:06.323700,Berlin-3a9d,50,56,Normal
2026-02-10 10:12:07.323700,Berlin-3a9d,29,85,Normal
2026-02-10 10:12:08.323700,Berlin-3a9d,-24,56,Normal
2026-02-10 10:12:09.323700,Berlin-3a9d,10,73,Normal
2026-02-10 10:12:10.323700,Berlin-3a9d,-6,74,Normal
2026-02-10 10:12:11.323700,Berlin-3a9d,-9,95,Normal
2026-02-10 10:12:12.323700,Berlin-3a9d,38,49,Normal
2026-02-10 10:12:13.323700,Berlin-3a9d,32,63,Normal
