timestamp,station_id,temp,humid,condition
2026-02-13 14:55:32.402923,Paris-4ab3,44,97,Normal
2026-02-13 14:55:33.402923,Paris-4ab3,16,45,Normal
2026-02-13 14:55:34.402923,Paris-4ab3,3,57,Normal
2026-02-13 14:55:35.402923,Paris-4ab3,-29,47,Normal
2026-02-13 14:55:36.402923,Paris-4ab3,47,70,Normal
2026-02-13 14:55:37.402923,Paris-4ab3,-22,70,Normal
2026-02-13 14:55:38.402923,Paris-4ab3,-8,23,Normal
2026-02-13 14:55:39.402923,Paris-4ab3,36,82,Normal
2026-02-13 14:55:40.402923,Paris-4ab3,-29,49,Normal
2026-02-13 14:55:41.402923,Paris-4ab3,-9,98,Normal
2026-02-13 14:55:42.402923,Paris-4ab3,13,45,Normal
2026-02-13 14:55:43.402923,Paris-4ab3,-16,62,Normal
2026-02-13 14:55:44.402923,Paris-4ab3,15,34,Normal
2026-02-13 14:55:45.402923,Paris-4ab3,-27,30,Normal
2026-02-13 14:55:46.402923,Paris-4ab3,-4,72,Normal
2026-02-13 14:55:47.402923,Paris-4ab3,-4,72,Normal
2026-02-13 14:55:48.402923,Paris-4ab3,-28,11,Normal
2026-02-13 14:55:49.402923,Paris-4ab3,24,43,Normal
2026-02-13 14:55:50.402923,Paris-4ab3,48,56,Normal
2026-02-13 14:55:51.402923,Paris-4ab3,23,16,Normal
2026-02-13 14:55:52.402923,Paris-4ab3,-9,60,Normal
2026-02-13 14:55:53.402923,Paris-4ab3,10,78,Normal
2026-02-13 14:55:54.402923,Paris-4ab3,29,56,Normal
2026-02-13 14:55:55.402923,Paris-4ab3,-15,11,Normal
2026-02-13 14:55:56.402923,Paris-4ab3,-10,44,Normal
2026-02-13 14:55:57.402923,Paris-4ab3,17,95,Normal
2026-02-13 14:55:58.402923,Paris-4ab3,-19,3,Normal
2026-02-13 14:55:59.402923,Paris-4ab3,-26,49,Normal
2026-02-13 14:56:00.402923,Paris-4ab3,-21,100,Normal
2026-02-13 14:56:01.402923,Paris-4ab3,49,16,Normal
2026-02-13 14:56:02.402923,Paris-4ab3,7,50,Normal
2026-02-13 14:56:03.402923,Paris-4ab3,-27,99,Normal
2026-02-13 14:56:04.402923,Paris-4ab3,22,56,Normal
2026-02-13 14:56:05.402923,Paris-4ab3,-5,22,Normal
2026-02-13 14:56:06.402923,Paris-4ab3,35,44,Normal
2026-02-13 14:56:07.402923,Paris-4ab3,-18,3,Normal
2026-02-13 14:56:08.402923,Paris-4ab3,14,22,Normal
2026-02-13 14:56:09.402923,Paris-4ab3,-15,49,Normal
2026-02-13 14:56:10.402923,Paris-4ab3,30,92,Normal
2026-02-13 14:56:11.402923,Paris-4ab3,3,60,Normal
2026-02-13 14:56:12.402923,Paris-4ab3,26,22,Normal
2026-02-13 14:56:13.402923,Paris-4ab3,-27,15,Normal
2026-02-13 14:56:14.402923,Paris-4ab3,18,87,Normal
2026-02-13 14:56:15.402923,Paris-4ab3,-9,12,Normal
2026-02-13 14:56:16.402923,Paris-4ab3,45,13,Normal
2026-02-13 14:56:17.402923,Paris-4ab3,6,68,Normal
2026-02-13 14:56:18.402923,Paris-4ab3,48,50,Normal
2026-02-13 14:56:19.402923,Paris-4ab3,-4,62,Normal
2026-02-13 14:56:20.402923,Paris-4ab3,1,1,Normal
2026-02-13 14:56:21.402923,Paris-4ab3,41,5,Normal
2026-02-13 14:56:22.402923,Paris-4ab3,0,50,Normal
2026-02-13 14:56:23.402923,Paris-4ab3,24,91,Normal
2026-02-13 14:56:24.402923,Paris-4ab3,-5,70,Normal
2026-02-13 14:56:25.402923,Paris-4ab3,-5,80,Normal
2026-02-13 14:56:26.402923,Paris-4ab3,32,37,Normal
2026-02-13 14:56:27.402923,Paris-4ab3,28,2,Normal
2026-02-13 14:56:28.402923,Paris-4ab3,43,81,Normal
2026-02-13 14:56:29.402923,Paris-4ab3,-1,45,Normal
2026-02-13 14:56:30.402923,Paris-4ab3,-1,41,Normal
2026-02-13 14:56:31.402923,Paris-4ab3,-2,27,Normal
2026-02-13 14:56:32.402923,Paris-4ab3,18,96,Normal
2026-02-13 14:56:33.402923,Paris-4ab3,29,98,Normal
2026-02-13 14:56:34.402923,Paris-4ab3,45,17,Normal
2026-02-13 14:56:35.402923,Paris-4ab3,10,65,Normal
2026-02-13 14:56:36.402923,Paris-4ab3,-30,17,Normal
2026-02-13 14:56:37.402923,Paris-4ab3,-28,19,Normal
2026-02-13 14:56:38.402923,Paris-4ab3,47,29,Normal
2026-02-13 14:56:39.402923,Paris-4ab3,-24,75,Normal
2026-02-13 14:56:40.402923,Paris-4ab3,24,11,Normal
2026-02-13 14:56:41.402923,Paris-4ab3,-10,61,Normal
2026-02-13 14:56:42.402923,Paris-4ab3,27,49,Normal
2026-02-13 14:56:43.402923,Paris-4ab3,13,98,Normal
2026-02-13 14:56:44.402923,Paris-4ab3,17,47,Normal
2026-02-13 14:56:45.402923,Paris-4ab3,15,66,Normal
2026-02-13 14:56:46.402923,Paris-4ab3,6,41,Normal
2026-02-13 14:56:47.402923,Paris-4ab3,-20,62,Normal
2026-02-13 14:56:48.402923,Paris-4ab3,41,39,Normal
2026-02-13 14:56:49.402923,Paris-4ab3,1,30,Normal
2026-02-13 14:56:50.402923,Paris-4ab3,18,44,Normal
2026-02-13 14:56:51.402923,Paris-4ab3,1,78,Normal
2026-02-13 14:56:52.402923,Paris-4ab3,-15,48,Normal
2026-02-13 14:56:53.402923,Paris-4ab3,-28,72,Normal
2026-02-13 14:56:54.402923,Paris-4ab3,-12,6,Normal
2026-02-13 14:56:55.402923,Paris-4ab3,-9,11,Normal
2026-02-13 14:56:56.402923,Paris-4ab3,-7,12,Normal
2026-02-13 14:56:57.402923,Paris-4ab3,43,75,Normal
2026-02-13 14:56:58.402923,Paris-4ab3,-14,25,Normal
2026-02-13 14:56:59.402923,Paris-4ab3,2,67,Normal
2026-02-13 14:57:00.402923,Paris-4ab3,14,87,Normal
2026-02-13 14:57:01.402923,Paris-4ab3,-7,56,Normal
2026-02-13 14:57:02.402923,Paris-4ab3,-26,32,Normal
2026-02-13 14:57:03.402923,Paris-4ab3,-6,61,Normal
2026-02-13 14:57:04.402923,Paris-4ab3,8,66,Normal
2026-02-13 14:57:05.402923,Paris-4ab3,-9,77,Normal
2026-02-13 14:57:06.402923,Paris-4ab3,20,68,Normal
2026-02-13 14:57:07.402923,Paris-4ab3,-12,42,Normal
2026-02-13 14:57:08.402923,Paris-4ab3,-18,32,Normal
2026-02-13 14:57:09.402923,Paris-4ab3,40,13,Normal
2026-02-13 14:57:10.402923,Paris-4ab3,-7,81,Normal
2026-02-13 14:57:11.402923,Paris-4ab3,12,56,Normal
2026-02-13 14:57:12.402923,Paris-4ab3,48,61,Normal
2026-02-13 14:57:13.402923,Paris-4ab3,-14,77,Normal
2026-02-13 14:57:14.402923,Paris-4ab3,41,52,Normal
2026-02-13 14:57:15.402923,Paris-4ab3,15,77,Normal
2026-02-13 14:57:16.402923,Paris-4ab3,-19,45,Normal
2026-02-13 14:57:17.402923,Paris-4ab3,39,2,Normal
2026-02-13 14:57:18.402923,Paris-4ab3,13,45,Normal
2026-02-13 14:57:19.402923,Paris-4ab3,27,41,Normal
2026-02-13 14:57:20.402923,Paris-4ab3,-23,85,Normal
2026-02-13 14:57:21.402923,Paris-4ab3,33,6,Normal
2026-02-13 14:57:22.402923,Paris-4ab3,-20,26,Normal
2026-02-13 14:57:23.402923,Paris-4ab3,16,57,Normal
2026-02-13 14:57:24.402923,Paris-4ab3,-2,8,Normal
2026-02-13 14:57:25.402923,Paris-4ab3,-29,54,Normal
2026-02-13 14:57:26.402923,Paris-4ab3,32,64,Normal
2026-02-13 14:57:27.402923,Paris-4ab3,-7,87,Normal
2026-02-13 14:57:28.402923,Paris-4ab3,11,2,Normal
2026-02-13 14:57:29.402923,Paris-4ab3,21,52,Normal
2026-02-13 14:57:30.402923,Paris-4ab3,6,61,Normal
2026-02-13 14:57:31.402923,Paris-4ab3,28,30,Normal
2026-02-13 14:57:32.402923,Paris-4ab3,-6,37,Normal
2026-02-13 14:57:33.402923,Paris-4ab3,-26,25,Normal
2026-02-13 14:57:34.402923,Paris-4ab3,-18,75,Normal
2026-02-13 14:57:35.402923,Paris-4ab3,-15,25,Normal
2026-02-13 14:57:36.402923,Paris-4ab3,44,19,Normal
2026-02-13 14:57:37.402923,Paris-4ab3,11,47,Normal
2026-02-13 14:57:38.402923,Paris-4ab3,15,32,Normal
2026-02-13 14:57:39.402923,Paris-4ab3,7,36,Normal
2026-02-13 14:57:40.402923,Paris-4ab3,7,99,Normal
2026-02-13 14:57:41.402923,Paris-4ab3,2,58,Normal
2026-02-13 14:57:42.402923,Paris-4ab3,-19,82,Normal
2026-02-13 14:57:43.402923,Paris-4ab3,10,29,Normal
2026-02-13 14:57:44.402923,Paris-4ab3,-28,32,Normal
2026-02-13 14:57:45.402923,Paris-4ab3,13,10,Normal
2026-02-13 14:57:46.402923,Paris-4ab3,2,22,Normal
2026-02-13 14:57:47.402923,Paris-4ab3,15,72,Normal
2026-02-13 14:57:48.402923,Paris-4ab3,36,37,Normal
2026-02-13 14:57:49.402923,Paris-4ab3,-17,3,Normal
2026-02-13 14:57:50.402923,Paris-4ab3,-20,38,Normal
2026-02-13 14:57:51.402923,Paris-4ab3,43,40,Normal
2026-02-13 14:57:52.402923,Paris-4ab3,-23,43,Normal
2026-02-13 14:57:53.402923,Paris-4ab3,-30,27,Normal
2026-02-13 14:57:54.402923,Paris-4ab3,-2,60,Normal
2026-02-13 14:57:55.402923,Paris-4ab3,15,33,Normal
2026-02-13 14:57:56.402923,Paris-4ab3,-7,11,Normal
2026-02-13 14:57:57.402923,Paris-4ab3,25,70,Normal
2026-02-13 14:57:58.402923,Paris-4ab3,-26,31,Normal
2026-02-13 14:57:59.402923,Paris-4ab3,4,18,Normal
2026-02-13 14:58:00.402923,Paris-4ab3,40,91,Normal
2026-02-13 14:58:01.402923,Paris-4ab3,-15,40,Normal
2026-02-13 14:58:02.402923,Paris-4ab3,22,17,Normal
2026-02-13 14:58:03.402923,Paris-4ab3,-13,85,Normal
2026-02-13 14:58:04.402923,Paris-4ab3,43,98,Normal
2026-02-13 14:58:05.402923,Paris-4ab3,-20,92,Normal
2026-02-13 14:58:06.402923,Paris-4ab3,-8,5,Normal
2026-02-13 14:58:07.402923,Paris-4ab3,37,10,Normal
2026-02-13 14:58:08.402923,Paris-4ab3,12,66,Normal
2026-02-13 14:58:09.402923,Paris-4ab3,6,81,Normal
2026-02-13 14:58:10.402923,Paris-4ab3,42,14,Normal
2026-02-13 14:58:11.402923,Paris-4ab3,-5,41,Normal
2026-02-13 14:58:12.402923,Paris-4ab3,5,57,Normal
2026-02-13 14:58:13.402923,Paris-4ab3,-29,17,Normal
2026-02-13 14:58:14.402923,Paris-4ab3,-30,45,Normal
2026-02-13 14:58:15.402923,Paris-4ab3,25,81,Normal
2026-02-13 14:58:16.402923,Paris-4ab3,34,58,Normal
2026-02-13 14:58:17.402923,Paris-4ab3,47,45,Normal
2026-02-13 14:58:18.402923,Paris-4ab3,-26,54,Normal
2026-02-13 14:58:19.402923,Paris-4ab3,38,74,Normal
2026-02-13 14:58:20.402923,Paris-4ab3,14,31,Normal
2026-02-13 14:58:21.402923,Paris-4ab3,42,54,Normal
2026-02-13 14:58:22.402923,Paris-4ab3,-9,89,Normal
2026-02-13 14:58:23.402923,Paris-4ab3,-30,10,Normal
2026-02-13 14:58:24.402923,Paris-4ab3,15,53,Normal
2026-02-13 14:58:25.402923,Paris-4ab3,4,60,Normal
2026-02-13 14:58:26.402923,Paris-4ab3,31,50,Normal
2026-02-13 14:58:27.402923,Paris-4ab3,-11,16,Normal
2026-02-13 14:58:28.402923,Paris-4ab3,-25,4,Normal
2026-02-13 14:58:29.402923,Paris-4ab3,-29,79,Normal
2026-02-13 14:58:30.402923,Paris-4ab3,-29,29,Normal
2026-02-13 14:58:31.402923,Paris-4ab3,-6,23,Normal
2026-02-13 14:58:32.402923,Paris-4ab3,-28,19,Normal
2026-02-13 14:58:33.402923,Paris-4ab3,-25,37,Normal
2026-02-13 14:58:34.402923,Paris-4ab3,12,99,Normal
2026-02-13 14:58:35.402923,Paris-4ab3,25,32,Normal
2026-02-13 14:58:36.402923,Paris-4ab3,20,77,Normal
2026-02-13 14:58:37.402923,Paris-4ab3,-16,76,Normal
2026-02-13 14:58:38.402923,Paris-4ab3,42,84,Normal
2026-02-13 14:58:39.402923,Paris-4ab3,-8,82,Normal
2026-02-13 14:58:40.402923,Paris-4ab3,15,9,Normal
2026-02-13 14:58:41.402923,Paris-4ab3,-26,65,Normal
2026-02-13 14:58:42.402923,Paris-4ab3,-6,70,Normal
2026-02-13 14:58:43.402923,Paris-4ab3,-21,79,Normal
2026-02-13 14:58:44.402923,Paris-4ab3,37,2,Normal
2026-02-13 14:58:45.402923,Paris-4ab3,8,42,Normal
2026-02-13 14:58:46.402923,Paris-4ab3,-5,7,Normal
2026-02-13 14:58:47.402923,Paris-4ab3,13,92,Normal
2026-02-13 14:58:48.402923,Paris-4ab3,50,18,Normal
2026-02-13 14:58:49.402923,Paris-4ab3,1,74,Normal
2026-02-13 14:58:50.402923,Paris-4ab3,42,70,Normal
2026-02-13 14:58:51.402923,Paris-4ab3,-18,31,Normal
2026-02-13 14:58:52.402923,Paris-4ab3,7,78,Normal
2026-02-13 14:58:53.402923,Paris-4ab3,6,89,Normal
2026-02-13 14:58:54.402923,Paris-4ab3,36,11,Normal
2026-02-13 14:58:55.402923,Paris-4ab3,16,14,Normal
2026-02-13 14:58:56.402923,Paris-4ab3,-29,41,Normal
2026-02-13 14:58:57.402923,Paris-4ab3,-25,38,Normal
2026-02-13 14:58:58.402923,Paris-4ab3,40,74,Normal
2026-02-13 14:58:59.402923,Paris-4ab3,44,59,Normal
2026-02-13 14:59:00.402923,Paris-4ab3,32,1,Normal
2026-02-13 14:59:01.402923,Paris-4ab3,-17,85,Normal
2026-02-13 14:59:02.402923,Paris-4ab3,-21,76,Normal
2026-02-13 14:59:03.402923,Paris-4ab3,41,51,Normal
2026-02-13 14:59:04.402923,Paris-4ab3,-29,91,Normal
2026-02-13 14:59:05.402923,Paris-4ab3,44,60,Normal
2026-02-13 14:59:06.402923,Paris-4ab3,43,37,Normal
2026-02-13 14:59:07.402923,Paris-4ab3,-4,30,Normal
2026-02-13 14:59:08.402923,Paris-4ab3,-1,25,Normal
2026-02-13 14:59:09.402923,Paris-4ab3,8,82,Normal
2026-02-13 14:59:10.402923,Paris-4ab3,45,47,Normal
2026-02-13 14:59:11.402923,Paris-4ab3,35,9,Normal
2026-02-13 14:59:12.402923,Paris-4ab3,39,94,Normal
2026-02-13 14:59:13.402923,Paris-4ab3,-4,37,Normal
2026-02-13 14:59:14.402923,Paris-4ab3,45,29,Normal
2026-02-13 14:59:15.402923,Paris-4ab3,-22,90,Normal
2026-02-13 14:59:16.402923,Paris-4ab3,37,99,Normal
2026-02-13 14:59:17.402923,Paris-4ab3,39,29,Normal
2026-02-13 14:59:18.402923,Paris-4ab3,-19,59,Normal
2026-02-13 14:59:19.402923,Paris-4ab3,18,33,Normal
2026-02-13 14:59:20.402923,Paris-4ab3,5,99,Normal
2026-02-13 14:59:21.402923,Paris-4ab3,-4,90,Normal
2026-02-13 14:59:22.402923,Paris-4ab3,38,50,Normal
2026-02-13 14:59:23.402923,Paris-4ab3,-29,13,Normal
2026-02-13 14:59:24.402923,Paris-4ab3,34,56,Normal
2026-02-13 14:59:25.402923,Paris-4ab3,49,88,Normal
2026-02-13 14:59:26.402923,Paris-4ab3,25,2,Normal
2026-02-13 14:59:27.402923,Paris-4ab3,3,56,Normal
2026-02-13 14:59:28.402923,Paris-4ab3,-27,99,Normal
2026-02-13 14:59:29.402923,Paris-4ab3,25,81,Normal
2026-02-13 14:59:30.402923,Paris-4ab3,-3,38,Normal
2026-02-13 14:59:31.402923,Paris-4ab3,-5,29,Normal
2026-02-13 14:59:32.402923,Paris-4ab3,38,7,Normal
2026-02-13 14:59:33.402923,Paris-4ab3,2,54,Normal
2026-02-13 14:59:34.402923,Paris-4ab3,-5,29,Normal
2026-02-13 14:59:35.402923,Paris-4ab3,-12,56,Normal
2026-02-13 14:59:36.402923,Paris-4ab3,3,42,Normal
2026-02-13 14:59:37.402923,Paris-4ab3,-20,49,Normal
2026-02-13 14:59:38.402923,Paris-4ab3,2,43,Normal
2026-02-13 14:59:39.402923,Paris-4ab3,37,77,Normal
2026-02-13 14:59:40.402923,Paris-4ab3,13,24,Normal
2026-02-13 14:59:41.402923,Paris-4ab3,42,75,Normal
2026-02-13 14:59:42.402923,Paris-4ab3,21,15,Normal
2026-02-13 14:59:43.402923,Paris-4ab3,34,61,Normal
2026-02-13 14:59:44.402923,Paris-4ab3,22,85,Normal
2026-02-13 14:59:45.402923,Paris-4ab3,-20,74,Normal
2026-02-13 14:59:46.402923,Paris-4ab3,47,9,Normal
2026-02-13 14:59:47.402923,Paris-4ab3,-3,52,Normal
2026-02-13 14:59:48.402923,Paris-4ab3,42,39,Normal
2026-02-13 14:59:49.402923,Paris-4ab3,-1,10,Normal
2026-02-13 14:59:50.402923,Paris-4ab3,36,97,Normal
2026-02-13 14:59:51.402923,Paris-4ab3,-5,24,Normal
2026-02-13 14:59:52.402923,Paris-4ab3,-17,62,Normal
2026-02-13 14:59:53.402923,Paris-4ab3,21,48,Normal
2026-02-13 14:59:54.402923,Paris-4ab3,-20,56,Normal
2026-02-13 14:59:55.402923,Paris-4ab3,10,64,Normal
2026-02-13 14:59:56.402923,Paris-4ab3,42,93,Normal
2026-02-13 14:59:57.402923,Paris-4ab3,22,60,Normal
2026-02-13 14:59:58.402923,Paris-4ab3,-29,36,Normal
2026-02-13 14:59:59.402923,Paris-4ab3,-17,31,Normal
2026-02-13 15:00:00.402923,Paris-4ab3,6,96,Normal
2026-02-13 15:00:01.402923,Paris-4ab3,28,59,Normal
2026-02-13 15:00:02.402923,Paris-4ab3,30,64,Normal
2026-02-13 15:00:03.402923,Paris-4ab3,44,39,Normal
2026-02-13 15:00:04.402923,Paris-4ab3,-6,23,Normal
2026-02-13 15:00:05.402923,Paris-4ab3,-11,66,Normal
2026-02-13 15:00:06.402923,Paris-4ab3,-29,15,Normal
2026-02-13 15:00:07.402923,Paris-4ab3,50,75,Normal
2026-02-13 15:00:08.402923,Paris-4ab3,-15,4,Normal
2026-02-13 15:00:09.402923,Paris-4ab3,9,25,Normal
2026-02-13 15:00:10.402923,Paris-4ab3,22,25,Normal
2026-02-13 15:00:11.402923,Paris-4ab3,-19,98,Normal
2026-02-13 15:00:12.402923,Paris-4ab3,-28,10,Normal
2026-02-13 15:00:13.402923,Paris-4ab3,10,72,Normal
2026-02-13 15:00:14.402923,Paris-4ab3,29,43,Normal
2026-02-13 15:00:15.402923,Paris-4ab3,-8,19,Normal
2026-02-13 15:00:16.402923,Paris-4ab3,-2,92,Normal
2026-02-13 15:00:17.402923,Paris-4ab3,-5,27,Normal
2026-02-13 15:00:18.402923,Paris-4ab3,-13,38,Normal
2026-02-13 15:00:19.402923,Paris-4ab3,16,15,Normal
2026-02-13 15:00:20.402923,Paris-4ab3,31,73,Normal
2026-02-13 15:00:21.402923,Paris-4ab3,10,0,Normal
2026-02-13 15:00:22.402923,Paris-4ab3,-10,90,Normal
2026-02-13 15:00:23.402923,Paris-4ab3,39,4,Normal
2026-02-13 15:00:24.402923,Paris-4ab3,-18,78,Normal
2026-02-13 15:00:25.402923,Paris-4ab3,8,30,Normal
2026-02-13 15:00:26.402923,Paris-4ab3,46,87,Normal
2026-02-13 15:00:27.402923,Paris-4ab3,-9,52,Normal
2026-02-13 15:00:28.402923,Paris-4ab3,19,8,Normal
2026-02-13 15:00:29.402923,Paris-4ab3,8,70,Normal
2026-02-13 15:00:30.402923,Paris-4ab3,19,100,Normal
2026-02-13 15:00:31.402923,Paris-4ab3,20,51,Normal
2026-02-13 15:00:32.402923,Paris-4ab3,5,51,Normal
2026-02-13 15:00:33.402923,Paris-4ab3,-17,95,Normal
2026-02-13 15:00:34.402923,Paris-4ab3,45,99,Normal
2026-02-13 15:00:35.402923,Paris-4ab3,-3,39,Normal
2026-02-13 15:00:36.402923,Paris-4ab3,-8,20,Normal
2026-02-13 15:00:37.402923,Paris-4ab3,35,27,Normal
2026-02-13 15:00:38.402923,Paris-4ab3,-7,65,Normal
2026-02-13 15:00:39.402923,Paris-4ab3,12,45,Normal
2026-02-13 15:00:40.402923,Paris-4ab3,48,0,Normal
2026-02-13 15:00:41.402923,Paris-4ab3,43,89,Normal
2026-02-13 15:00:42.402923,Paris-4ab3,-21,62,Normal
2026-02-13 15:00:43.402923,Paris-4ab3,13,2,Normal
2026-02-13 15:00:44.402923,Paris-4ab3,9,42,Normal
2026-02-13 15:00:45.402923,Paris-4ab3,32,14,Normal
2026-02-13 15:00:46.402923,Paris-4ab3,-8,28,Normal
2026-02-13 15:00:47.402923,Paris-4ab3,40,55,Normal
2026-02-13 15:00:48.402923,Paris-4ab3,32,75,Normal
2026-02-13 15:00:49.402923,Paris-4ab3,18,32,Normal
2026-02-13 15:00:50.402923,Paris-4ab3,-11,63,Normal
2026-02-13 15:00:51.402923,Paris-4ab3,40,26,Normal
2026-02-13 15:00:52.402923,Paris-4ab3,11,39,Normal
2026-02-13 15:00:53.402923,Paris-4ab3,-16,95,Normal
2026-02-13 15:00:54.402923,Paris-4ab3,-25,70,Normal
2026-02-13 15:00:55.402923,Paris-4ab3,14,50,Normal
2026-02-13 15:00:56.402923,Paris-4ab3,18,59,Normal
2026-02-13 15:00:57.402923,Paris-4ab3,41,57,Normal
2026-02-13 15:00:58.402923,Paris-4ab3,-8,9,Normal
2026-02-13 15:00:59.402923,Paris-4ab3,2,49,Normal
2026-02-13 15:01:00.402923,Paris-4ab3,25,39,Normal
2026-02-13 15:01:01.402923,Paris-4ab3,7,57,Normal
2026-02-13 15:01:02.402923,Paris-4ab3,44,58,Normal
2026-02-13 15:01:03.402923,Paris-4ab3,40,57,Normal
2026-02-13 15:01:04.402923,Paris-4ab3,3,69,Normal
2026-02-13 15:01:05.402923,Paris-4ab3,26,56,Normal
2026-02-13 15:01:06.402923,Paris-4ab3,29,50,Normal
2026-02-13 15:01:07.402923,Paris-4ab3,-17,27,Normal
2026-02-13 15:01:08.402923,Paris-4ab3,3,25,Normal
2026-02-13 15:01:09.402923,Paris-4ab3,6,89,Normal
2026-02-13 15:01:10.402923,Paris-4ab3,18,86,Normal
2026-02-13 15:01:11.402923,Paris-4ab3,-2,11,Normal
2026-02-13 15:01:12.402923,Paris-4ab3,34,5,Normal
2026-02-13 15:01:13.402923,Paris-4ab3,32,60,Normal
2026-02-13 15:01:14.402923,Paris-4ab3,8,90,Normal
2026-02-13 15:01:15.402923,Paris-4ab3,18,24,Normal
2026-02-13 15:01:16.402923,Paris-4ab3,20,88,Normal
2026-02-13 15:01:17.402923,Paris-4ab3,-24,16,Normal
2026-02-13 15:01:18.402923,Paris-4ab3,24,20,Normal
2026-02-13 15:01:19.402923,Paris-4ab3,-6,14,Normal
2026-02-13 15:01:20.402923,Paris-4ab3,49,27,Normal
2026-02-13 15:01:21.402923,Paris-4ab3,-10,79,Normal
2026-02-13 15:01:22.402923,Paris-4ab3,48,14,Normal
2026-02-13 15:01:23.402923,Paris-4ab3,35,29,Normal
2026-02-13 15:01:24.402923,Paris-4ab3,18,75,Normal
2026-02-13 15:01:25.402923,Paris-4ab3,4,31,Normal
2026-02-13 15:01:26.402923,Paris-4ab3,-7,60,Normal
2026-02-13 15:01:27.402923,Paris-4ab3,40,34,Normal
2026-02-13 15:01:28.402923,Paris-4ab3,17,54,Normal
2026-02-13 15:01:29.402923,Paris-4ab3,-5,2,Normal
2026-02-13 15:01:30.402923,Paris-4ab3,-12,13,Normal
2026-02-13 15:01:31.402923,Paris-4ab3,3,38,Normal
2026-02-13 15:01:32.402923,Paris-4ab3,34,7,Normal
2026-02-13 15:01:33.402923,Paris-4ab3,39,29,Normal
2026-02-13 15:01:34.402923,Paris-4ab3,39,58,Normal
2026-02-13 15:01:35.402923,Paris-4ab3,-14,61,Normal
2026-02-13 15:01:36.402923,Paris-4ab3,22,69,Normal
2026-02-13 15:01:37.402923,Paris-4ab3,-23,99,Normal
2026-02-13 15:01:38.402923,Paris-4ab3,28,72,Normal
2026-02-13 15:01:39.402923,Paris-4ab3,-14,94,Normal
2026-02-13 15:01:40.402923,Paris-4ab3,-3,90,Normal
2026-02-13 15:01:41.402923,Paris-4ab3,20,60,Normal
2026-02-13 15:01:42.402923,Paris-4ab3,24,50,Normal
2026-02-13 15:01:43.402923,Paris-4ab3,3,67,Normal
2026-02-13 15:01:44.402923,Paris-4ab3,3,22,Normal
2026-02-13 15:01:45.402923,Paris-4ab3,-10,15,Normal
2026-02-13 15:01:46.402923,Paris-4ab3,-10,27,Normal
2026-02-13 15:01:47.402923,Paris-4ab3,27,96,Normal
2026-02-13 15:01:48.402923,Paris-4ab3,-28,70,Normal
2026-02-13 15:01:49.402923,Paris-4ab3,-10,90,Normal
2026-02-13 15:01:50.402923,Paris-4ab3,-1,90,Normal
2026-02-13 15:01:51.402923,Paris-4ab3,29,27,Normal
2026-02-13 15:01:52.402923,Paris-4ab3,34,8,Normal
2026-02-13 15:01:53.402923,Paris-4ab3,-6,4,Normal
2026-02-13 15:01:54.402923,Paris-4ab3,4,60,Normal
2026-02-13 15:01:55.402923,Paris-4ab3,-26,83,Normal
2026-02-13 15:01:56.402923,Paris-4ab3,42,47,Normal
2026-02-13 15:01:57.402923,Paris-4ab3,7,29,Normal
2026-02-13 15:01:58.402923,Paris-4ab3,30,17,Normal
2026-02-13 15:01:59.402923,Paris-4ab3,8,11,Normal
2026-02-13 15:02:00.402923,Paris-4ab3,-3,0,Normal
2026-02-13 15:02:01.402923,Paris-4ab3,27,9,Normal
2026-02-13 15:02:02.402923,Paris-4ab3,50,38,Normal
2026-02-13 15:02:03.402923,Paris-4ab3,35,94,Normal
2026-02-13 15:02:04.402923,Paris-4ab3,-1,29,Normal
2026-02-13 15:02:05.402923,Paris-4ab3,35,1,Normal
2026-02-13 15:02:06.402923,Paris-4ab3,14,47,Normal
2026-02-13 15:02:07.402923,Paris-4ab3,7,57,Normal
2026-02-13 15:02:08.402923,Paris-4ab3,-26,61,Normal
2026-02-13 15:02:09.402923,Paris-4ab3,21,8,Normal
2026-02-13 15:02:10.402923,Paris-4ab3,34,45,Normal
2026-02-13 15:02:11.402923,Paris-4ab3,15,86,Normal
2026-02-13 15:02:12.402923,Paris-4ab3,13,48,Normal
2026-02-13 15:02:13.402923,Paris-4ab3,43,99,Normal
2026-02-13 15:02:14.402923,Paris-4ab3,32,71,Normal
2026-02-13 15:02:15.402923,Paris-4ab3,24,31,Normal
2026-02-13 15:02:16.402923,Paris-4ab3,-21,65,Normal
2026-02-13 15:02:17.402923,Paris-4ab3,-12,74,Normal
2026-02-13 15:02:18.402923,Paris-4ab3,38,74,Normal
2026-02-13 15:02:19.402923,Paris-4ab3,17,59,Normal
2026-02-13 15:02:20.402923,Paris-4ab3,26,40,Normal
2026-02-13 15:02:21.402923,Paris-4ab3,16,47,Normal
2026-02-13 15:02:22.402923,Paris-4ab3,23,92,Normal
2026-02-13 15:02:23.402923,Paris-4ab3,-19,70,Normal
2026-02-13 15:02:24.402923,Paris-4ab3,1,91,Normal
2026-02-13 15:02:25.402923,Paris-4ab3,25,14,Normal
2026-02-13 15:02:26.402923,Paris-4ab3,42,31,Normal
2026-02-13 15:02:27.402923,Paris-4ab3,-13,18,Normal
2026-02-13 15:02:28.402923,Paris-4ab3,5,37,Normal
2026-02-13 15:02:29.402923,Paris-4ab3,-1,65,Normal
2026-02-13 15:02:30.402923,Paris-4ab3,16,6,Normal
2026-02-13 15:02:31.402923,Paris-4ab3,-17,95,Normal
2026-02-13 15:02:32.402923,Paris-4ab3,21,88,Normal
2026-02-13 15:02:33.402923,Paris-4ab3,31,89,Normal
2026-02-13 15:02:34.402923,Paris-4ab3,23,63,Normal
2026-02-13 15:02:35.402923,Paris-4ab3,7,82,Normal
2026-02-13 15:02:36.402923,Paris-4ab3,36,15,Normal
2026-02-13 15:02:37.402923,Paris-4ab3,-4,39,Normal
2026-02-13 15:02:38.402923,Paris-4ab3,-20,33,Normal
2026-02-13 15:02:39.402923,Paris-4ab3,28,2,Normal
2026-02-13 15:02:40.402923,Paris-4ab3,21,33,Normal
2026-02-13 15:02:41.402923,Paris-4ab3,40,78,Normal
2026-02-13 15:02:42.402923,Paris-4ab3,0,16,Normal
2026-02-13 15:02:43.402923,Paris-4ab3,37,24,Normal
2026-02-13 15:02:44.402923,Paris-4ab3,-4,83,Normal
2026-02-13 15:02:45.402923,Paris-4ab3,-6,41,Normal
2026-02-13 15:02:46.402923,Paris-4ab3,-24,80,Normal
2026-02-13 15:02:47.402923,Paris-4ab3,16,3,Normal
2026-02-13 15:02:48.402923,Paris-4ab3,30,20,Normal
2026-02-13 15:02:49.402923,Paris-4ab3,-1,0,Normal
2026-02-13 15:02:50.402923,Paris-4ab3,37,69,Normal
2026-02-13 15:02:51.402923,Paris-4ab3,-28,100,Normal
2026-02-13 15:02:52.402923,Paris-4ab3,-26,52,Normal
2026-02-13 15:02:53.402923,Paris-4ab3,12,84,Normal
2026-02-13 15:02:54.402923,Paris-4ab3,18,86,Normal
2026-02-13 15:02:55.402923,Paris-4ab3,37,70,Normal
2026-02-13 15:02:56.402923,Paris-4ab3,24,13,Normal
2026-02-13 15:02:57.402923,Paris-4ab3,19,46,Normal
2026-02-13 15:02:58.402923,Paris-4ab3,12,48,Normal
2026-02-13 15:02:59.402923,Paris-4ab3,-19,1,Normal
2026-02-13 15:03:00.402923,Paris-4ab3,-22,18,Normal
2026-02-13 15:03:01.402923,Paris-4ab3,-11,64,Normal
2026-02-13 15:03:02.402923,Paris-4ab3,43,90,Normal
2026-02-13 15:03:03.402923,Paris-4ab3,-13,71,Normal
2026-02-13 15:03:04.402923,Paris-4ab3,16,82,Normal
2026-02-13 15:03:05.402923,Paris-4ab3,14,54,Normal
2026-02-13 15:03:06.402923,Paris-4ab3,2,78,Normal
2026-02-13 15:03:07.402923,Paris-4ab3,-22,66,Normal
2026-02-13 15:03:08.402923,Paris-4ab3,-7,66,Normal
2026-02-13 15:03:09.402923,Paris-4ab3,20,3,Normal
2026-02-13 15:03:10.402923,Paris-4ab3,48,1,Normal
2026-02-13 15:03:11.402923,Paris-4ab3,32,16,Normal
2026-02-13 15:03:12.402923,Paris-4ab3,27,52,Normal
2026-02-13 15:03:13.402923,Paris-4ab3,11,31,Normal
2026-02-13 15:03:14.402923,Paris-4ab3,-5,57,Normal
2026-02-13 15:03:15.402923,Paris-4ab3,-21,59,Normal
2026-02-13 15:03:16.402923,Paris-4ab3,20,68,Normal
2026-02-13 15:03:17.402923,Paris-4ab3,-2,96,Normal
2026-02-13 15:03:18.402923,Paris-4ab3,20,77,Normal
2026-02-13 15:03:19.402923,Paris-4ab3,4,40,Normal
2026-02-13 15:03:20.402923,Paris-4ab3,22,71,Normal
2026-02-13 15:03:21.402923,Paris-4ab3,29,39,Normal
2026-02-13 15:03:22.402923,Paris-4ab3,11,76,Normal
2026-02-13 15:03:23.402923,Paris-4ab3,15,58,Normal
2026-02-13 15:03:24.402923,Paris-4ab3,20,97,Normal
2026-02-13 15:03:25.402923,Paris-4ab3,19,69,Normal
2026-02-13 15:03:26.402923,Paris-4ab3,26,65,Normal
2026-02-13 15:03:27.402923,Paris-4ab3,27,87,Normal
2026-02-13 15:03:28.402923,Paris-4ab3,-12,90,Normal
2026-02-13 15:03:29.402923,Paris-4ab3,7,16,Normal
2026-02-13 15:03:30.402923,Paris-4ab3,-8,30,Normal
2026-02-13 15:03:31.402923,Paris-4ab3,-6,20,Normal
2026-02-13 15:03:32.402923,Paris-4ab3,-12,5,Normal
2026-02-13 15:03:33.402923,Paris-4ab3,-23,41,Normal
2026-02-13 15:03:34.402923,Paris-4ab3,-19,66,Normal
2026-02-13 15:03:35.402923,Paris-4ab3,13,16,Normal
2026-02-13 15:03:36.402923,Paris-4ab3,-19,56,Normal
2026-02-13 15:03:37.402923,Paris-4ab3,43,49,Normal
2026-02-13 15:03:38.402923,Paris-4ab3,-3,37,Normal
2026-02-13 15:03:39.402923,Paris-4ab3,46,65,Normal
2026-02-13 15:03:40.402923,Paris-4ab3,47,48,Normal
2026-02-13 15:03:41.402923,Paris-4ab3,-19,47,Normal
2026-02-13 15:03:42.402923,Paris-4ab3,46,86,Normal
2026-02-13 15:03:43.402923,Paris-4ab3,43,70,Normal
2026-02-13 15:03:44.402923,Paris-4ab3,2,55,Normal
2026-02-13 15:03:45.402923,Paris-4ab3,20,29,Normal
2026-02-13 15:03:46.402923,Paris-4ab3,19,84,Normal
2026-02-13 15:03:47.402923,Paris-4ab3,47,5,Normal
2026-02-13 15:03:48.402923,Paris-4ab3,16,5,Normal
2026-02-13 15:03:49.402923,Paris-4ab3,-26,39,Normal
2026-02-13 15:03:50.402923,Paris-4ab3,17,64,Normal
2026-02-13 15:03:51.402923,Paris-4ab3,41,39,Normal
2026-02-13 15:03:52.402923,Paris-4ab3,-5,38,Normal
2026-02-13 15:03:53.402923,Paris-4ab3,-14,99,Normal
2026-02-13 15:03:54.402923,Paris-4ab3,37,57,Normal
2026-02-13 15:03:55.402923,Paris-4ab3,30,4,Normal
2026-02-13 15:03:56.402923,Paris-4ab3,11,6,Normal
2026-02-13 15:03:57.402923,Paris-4ab3,-14,67,Normal
2026-02-13 15:03:58.402923,Paris-4ab3,41,69,Normal
2026-02-13 15:03:59.402923,Paris-4ab3,-9,96,Normal
2026-02-13 15:04:00.402923,Paris-4ab3,28,92,Normal
2026-02-13 15:04:01.402923,Paris-4ab3,-7,28,Normal
2026-02-13 15:04:02.402923,Paris-4ab3,37,8,Normal
2026-02-13 15:04:03.402923,Paris-4ab3,-7,11,Normal
2026-02-13 15:04:04.402923,Paris-4ab3,-18,36,Normal
2026-02-13 15:04:05.402923,Paris-4ab3,-4,87,Normal
2026-02-13 15:04:06.402923,Paris-4ab3,-14,34,Normal
2026-02-13 15:04:07.402923,Paris-4ab3,23,99,Normal
2026-02-13 15:04:08.402923,Paris-4ab3,46,78,Normal
2026-02-13 15:04:09.402923,Paris-4ab3,40,58,Normal
2026-02-13 15:04:10.402923,Paris-4ab3,-29,37,Normal
2026-02-13 15:04:11.402923,Paris-4ab3,-29,60,Normal
2026-02-13 15:04:12.402923,Paris-4ab3,50,64,Normal
2026-02-13 15:04:13.402923,Paris-4ab3,-6,15,Normal
2026-02-13 15:04:14.402923,Paris-4ab3,-6,39,Normal
2026-02-13 15:04:15.402923,Paris-4ab3,23,43,Normal
2026-02-13 15:04:16.402923,Paris-4ab3,33,90,Normal
2026-02-13 15:04:17.402923,Paris-4ab3,33,88,Normal
2026-02-13 15:04:18.402923,Paris-4ab3,-29,40,Normal
2026-02-13 15:04:19.402923,Paris-4ab3,30,22,Normal
2026-02-13 15:04:20.402923,Paris-4ab3,-10,76,Normal
2026-02-13 15:04:21.402923,Paris-4ab3,-6,27,Normal
2026-02-13 15:04:22.402923,Paris-4ab3,33,99,Normal
2026-02-13 15:04:23.402923,Paris-4ab3,28,83,Normal
2026-02-13 15:04:24.402923,Paris-4ab3,43,22,Normal
2026-02-13 15:04:25.402923,Paris-4ab3,18,67,Normal
2026-02-13 15:04:26.402923,Paris-4ab3,47,5,Normal
2026-02-13 15:04:27.402923,Paris-4ab3,-30,99,Normal
2026-02-13 15:04:28.402923,Paris-4ab3,17,22,Normal
2026-02-13 15:04:29.402923,Paris-4ab3,0,38,Normal
2026-02-13 15:04:30.402923,Paris-4ab3,18,96,Normal
2026-02-13 15:04:31.402923,Paris-4ab3,38,35,Normal
2026-02-13 15:04:32.402923,Paris-4ab3,28,31,Normal
2026-02-13 15:04:33.402923,Paris-4ab3,-1,96,Normal
2026-02-13 15:04:34.402923,Paris-4ab3,-24,60,Normal
2026-02-13 15:04:35.402923,Paris-4ab3,-13,39,Normal
2026-02-13 15:04:36.402923,Paris-4ab3,17,68,Normal
2026-02-13 15:04:37.402923,Paris-4ab3,-30,47,Normal
2026-02-13 15:04:38.402923,Paris-4ab3,37,71,Normal
2026-02-13 15:04:39.402923,Paris-4ab3,-18,69,Normal
2026-02-13 15:04:40.402923,Paris-4ab3,-27,33,Normal
2026-02-13 15:04:41.402923,Paris-4ab3,16,17,Normal
2026-02-13 15:04:42.402923,Paris-4ab3,29,51,Normal
2026-02-13 15:04:43.402923,Paris-4ab3,-15,16,Normal
2026-02-13 15:04:44.402923,Paris-4ab3,44,57,Normal
2026-02-13 15:04:45.402923,Paris-4ab3,32,79,Normal
2026-02-13 15:04:46.402923,Paris-4ab3,-12,12,Normal
2026-02-13 15:04:47.402923,Paris-4ab3,5,10,Normal
2026-02-13 15:04:48.402923,Paris-4ab3,-27,14,Normal
2026-02-13 15:04:49.402923,Paris-4ab3,30,76,Normal
2026-02-13 15:04:50.402923,Paris-4ab3,-15,62,Normal
2026-02-13 15:04:51.402923,Paris-4ab3,-15,54,Normal
2026-02-13 15:04:52.402923,Paris-4ab3,40,82,Normal
2026-02-13 15:04:53.402923,Paris-4ab3,35,94,Normal
2026-02-13 15:04:54.402923,Paris-4ab3,-24,3,Normal
2026-02-13 15:04:55.402923,Paris-4ab3,47,29,Normal
2026-02-13 15:04:56.402923,Paris-4ab3,-23,76,Normal
2026-02-13 15:04:57.402923,Paris-4ab3,12,19,Normal
2026-02-13 15:04:58.402923,Paris-4ab3,-25,82,Normal
2026-02-13 15:04:59.402923,Paris-4ab3,22,86,Normal
2026-02-13 15:05:00.402923,Paris-4ab3,-24,21,Normal
2026-02-13 15:05:01.402923,Paris-4ab3,38,24,Normal
2026-02-13 15:05:02.402923,Paris-4ab3,36,30,Normal
2026-02-13 15:05:03.402923,Paris-4ab3,-8,66,Normal
2026-02-13 15:05:04.402923,Paris-4ab3,33,10,Normal
2026-02-13 15:05:05.402923,Paris-4ab3,-24,7,Normal
2026-02-13 15:05:06.402923,Paris-4ab3,-11,64,Normal
2026-02-13 15:05:07.402923,Paris-4ab3,-6,21,Normal
2026-02-13 15:05:08.402923,Paris-4ab3,1,96,Normal
2026-02-13 15:05:09.402923,Paris-4ab3,43,29,Normal
2026-02-13 15:05:10.402923,Paris-4ab3,18,50,Normal
2026-02-13 15:05:11.402923,Paris-4ab3,-12,13,Normal
2026-02-13 15:05:12.402923,Paris-4ab3,-12,78,Normal
2026-02-13 15:05:13.402923,Paris-4ab3,27,49,Normal
2026-02-13 15:05:14.402923,Paris-4ab3,42,92,Normal
2026-02-13 15:05:15.402923,Paris-4ab3,47,75,Normal
2026-02-13 15:05:16.402923,Paris-4ab3,0,54,Normal
2026-02-13 15:05:17.402923,Paris-4ab3,19,47,Normal
2026-02-13 15:05:18.402923,Paris-4ab3,-9,40,Normal
2026-02-13 15:05:19.402923,Paris-4ab3,23,85,Normal
2026-02-13 15:05:20.402923,Paris-4ab3,13,45,Normal
2026-02-13 15:05:21.402923,Paris-4ab3,24,80,Normal
2026-02-13 15:05:22.402923,Paris-4ab3,27,22,Normal
2026-02-13 15:05:23.402923,Paris-4ab3,36,7,Normal
2026-02-13 15:05:24.402923,Paris-4ab3,-1,23,Normal
2026-02-13 15:05:25.402923,Paris-4ab3,4,54,Normal
2026-02-13 15:05:26.402923,Paris-4ab3,8,29,Normal
2026-02-13 15:05:27.402923,Paris-4ab3,17,51,Normal
2026-02-13 15:05:28.402923,Paris-4ab3,12,6,Normal
2026-02-13 15:05:29.402923,Paris-4ab3,48,28,Normal
2026-02-13 15:05:30.402923,Paris-4ab3,10,42,Normal
2026-02-13 15:05:31.402923,Paris-4ab3,-15,44,Normal
2026-02-13 15:05:32.402923,Paris-4ab3,34,79,Normal
2026-02-13 15:05:33.402923,Paris-4ab3,-29,69,Normal
2026-02-13 15:05:34.402923,Paris-4ab3,26,8,Normal
2026-02-13 15:05:35.402923,Paris-4ab3,28,8,Normal
2026-02-13 15:05:36.402923,Paris-4ab3,34,72,Normal
2026-02-13 15:05:37.402923,Paris-4ab3,41,33,Normal
2026-02-13 15:05:38.402923,Paris-4ab3,24,79,Normal
2026-02-13 15:05:39.402923,Paris-4ab3,19,69,Normal
2026-02-13 15:05:40.402923,Paris-4ab3,29,81,Normal
2026-02-13 15:05:41.402923,Paris-4ab3,14,90,Normal
2026-02-13 15:05:42.402923,Paris-4ab3,0,42,Normal
2026-02-13 15:05:43.402923,Paris-4ab3,15,50,Normal
2026-02-13 15:05:44.402923,Paris-4ab3,8,2,Normal
2026-02-13 15:05:45.402923,Paris-4ab3,35,59,Normal
2026-02-13 15:05:46.402923,Paris-4ab3,0,25,Normal
2026-02-13 15:05:47.402923,Paris-4ab3,-18,41,Normal
2026-02-13 15:05:48.402923,Paris-4ab3,14,73,Normal
2026-02-13 15:05:49.402923,Paris-4ab3,41,18,Normal
2026-02-13 15:05:50.402923,Paris-4ab3,-11,17,Normal
2026-02-13 15:05:51.402923,Paris-4ab3,37,57,Normal
2026-02-13 15:05:52.402923,Paris-4ab3,14,38,Normal
2026-02-13 15:05:53.402923,Paris-4ab3,48,45,Normal
2026-02-13 15:05:54.402923,Paris-4ab3,29,41,Normal
2026-02-13 15:05:55.402923,Paris-4ab3,21,27,Normal
2026-02-13 15:05:56.402923,Paris-4ab3,23,59,Normal
2026-02-13 15:05:57.402923,Paris-4ab3,-7,38,Normal
2026-02-13 15:05:58.402923,Paris-4ab3,9,37,Normal
2026-02-13 15:05:59.402923,Paris-4ab3,-25,76,Normal
2026-02-13 15:06:00.402923,Paris-4ab3,-5,35,Normal
2026-02-13 15:06:01.402923,Paris-4ab3,8,66,Normal
2026-02-13 15:06:02.402923,Paris-4ab3,34,72,Normal
2026-02-13 15:06:03.402923,Paris-4ab3,19,26,Normal
2026-02-13 15:06:04.402923,Paris-4ab3,30,7,Normal
2026-02-13 15:06:05.402923,Paris-4ab3,25,94,Normal
2026-02-13 15:06:06.402923,Paris-4ab3,1,68,Normal
2026-02-13 15:06:07.402923,Paris-4ab3,10,31,Normal
2026-02-13 15:06:08.402923,Paris-4ab3,-24,40,Normal
2026-02-13 15:06:09.402923,Paris-4ab3,2,63,Normal
2026-02-13 15:06:10.402923,Paris-4ab3,31,87,Normal
2026-02-13 15:06:11.402923,Paris-4ab3,29,70,Normal
2026-02-13 15:06:12.402923,Paris-4ab3,0,73,Normal
2026-02-13 15:06:13.402923,Paris-4ab3,0,74,Normal
2026-02-13 15:06:14.402923,Paris-4ab3,-16,89,Normal
2026-02-13 15:06:15.402923,Paris-4ab3,-5,54,Normal
2026-02-13 15:06:16.402923,Paris-4ab3,0,68,Normal
2026-02-13 15:06:17.402923,Paris-4ab3,-5,66,Normal
2026-02-13 15:06:18.402923,Paris-4ab3,34,7,Normal
2026-02-13 15:06:19.402923,Paris-4ab3,14,14,Normal
2026-02-13 15:06:20.402923,Paris-4ab3,13,56,Normal
2026-02-13 15:06:21.402923,Paris-4ab3,14,45,Normal
2026-02-13 15:06:22.402923,Paris-4ab3,4,0,Normal
2026-02-13 15:06:23.402923,Paris-4ab3,-8,94,Normal
2026-02-13 15:06:24.402923,Paris-4ab3,-6,29,Normal
2026-02-13 15:06:25.402923,Paris-4ab3,16,0,Normal
2026-02-13 15:06:26.402923,Paris-4ab3,18,97,Normal
2026-02-13 15:06:27.402923,Paris-4ab3,43,25,Normal
2026-02-13 15:06:28.402923,Paris-4ab3,37,95,Normal
2026-02-13 15:06:29.402923,Paris-4ab3,-11,68,Normal
2026-02-13 15:06:30.402923,Paris-4ab3,-24,98,Normal
2026-02-13 15:06:31.402923,Paris-4ab3,31,67,Normal
2026-02-13 15:06:32.402923,Paris-4ab3,19,45,Normal
2026-02-13 15:06:33.402923,Paris-4ab3,-10,22,Normal
2026-02-13 15:06:34.402923,Paris-4ab3,16,45,Normal
2026-02-13 15:06:35.402923,Paris-4ab3,50,13,Normal
2026-02-13 15:06:36.402923,Paris-4ab3,48,51,Normal
2026-02-13 15:06:37.402923,Paris-4ab3,46,46,Normal
2026-02-13 15:06:38.402923,Paris-4ab3,28,23,Normal
2026-02-13 15:06:39.402923,Paris-4ab3,46,99,Normal
2026-02-13 15:06:40.402923,Paris-4ab3,-25,94,Normal
2026-02-13 15:06:41.402923,Paris-4ab3,37,18,Normal
2026-02-13 15:06:42.402923,Paris-4ab3,0,0,Normal
2026-02-13 15:06:43.402923,Paris-4ab3,46,86,Normal
2026-02-13 15:06:44.402923,Paris-4ab3,22,27,Normal
2026-02-13 15:06:45.402923,Paris-4ab3,37,55,Normal
2026-02-13 15:06:46.402923,Paris-4ab3,2,76,Normal
2026-02-13 15:06:47.402923,Paris-4ab3,-2,16,Normal
2026-02-13 15:06:48.402923,Paris-4ab3,24,47,Normal
2026-02-13 15:06:49.402923,Paris-4ab3,9,22,Normal
2026-02-13 15:06:50.402923,Paris-4ab3,29,78,Normal
2026-02-13 15:06:51.402923,Paris-4ab3,43,35,Normal
2026-02-13 15:06:52.402923,Paris-4ab3,45,20,Normal
2026-02-13 15:06:53.402923,Paris-4ab3,2,7,Normal
2026-02-13 15:06:54.402923,Paris-4ab3,0,70,Normal
2026-02-13 15:06:55.402923,Paris-4ab3,-26,56,Normal
2026-02-13 15:06:56.402923,Paris-4ab3,-11,55,Normal
2026-02-13 15:06:57.402923,Paris-4ab3,43,35,Normal
2026-02-13 15:06:58.402923,Paris-4ab3,37,88,Normal
2026-02-13 15:06:59.402923,Paris-4ab3,48,75,Normal
2026-02-13 15:07:00.402923,Paris-4ab3,5,64,Normal
2026-02-13 15:07:01.402923,Paris-4ab3,26,94,Normal
2026-02-13 15:07:02.402923,Paris-4ab3,-19,88,Normal
2026-02-13 15:07:03.402923,Paris-4ab3,38,5,Normal
2026-02-13 15:07:04.402923,Paris-4ab3,49,59,Normal
2026-02-13 15:07:05.402923,Paris-4ab3,38,65,Normal
2026-02-13 15:07:06.402923,Paris-4ab3,-16,14,Normal
2026-02-13 15:07:07.402923,Paris-4ab3,40,44,Normal
2026-02-13 15:07:08.402923,Paris-4ab3,-5,75,Normal
2026-02-13 15:07:09.402923,Paris-4ab3,-25,30,Normal
2026-02-13 15:07:10.402923,Paris-4ab3,49,5,Normal
2026-02-13 15:07:11.402923,Paris-4ab3,-6,16,Normal
2026-02-13 15:07:12.402923,Paris-4ab3,15,29,Normal
2026-02-13 15:07:13.402923,Paris-4ab3,34,52,Normal
2026-02-13 15:07:14.402923,Paris-4ab3,14,99,Normal
2026-02-13 15:07:15.402923,Paris-4ab3,-11,52,Normal
2026-02-13 15:07:16.402923,Paris-4ab3,5,70,Normal
2026-02-13 15:07:17.402923,Paris-4ab3,-2,23,Normal
2026-02-13 15:07:18.402923,Paris-4ab3,-21,100,Normal
2026-02-13 15:07:19.402923,Paris-4ab3,-1,36,Normal
2026-02-13 15:07:20.402923,Paris-4ab3,30,26,Normal
2026-02-13 15:07:21.402923,Paris-4ab3,-16,81,Normal
2026-02-13 15:07:22.402923,Paris-4ab3,47,40,Normal
2026-02-13 15:07:23.402923,Paris-4ab3,18,33,Normal
2026-02-13 15:07:24.402923,Paris-4ab3,-2,92,Normal
2026-02-13 15:07:25.402923,Paris-4ab3,4,8,Normal
2026-02-13 15:07:26.402923,Paris-4ab3,-13,65,Normal
2026-02-13 15:07:27.402923,Paris-4ab3,6,30,Normal
2026-02-13 15:07:28.402923,Paris-4ab3,9,34,Normal
2026-02-13 15:07:29.402923,Paris-4ab3,2,73,Normal
2026-02-13 15:07:30.402923,Paris-4ab3,24,76,Normal
2026-02-13 15:07:31.402923,Paris-4ab3,-3,3,Normal
2026-02-13 15:07:32.402923,Paris-4ab3,-18,8,Normal
2026-02-13 15:07:33.402923,Paris-4ab3,21,10,Normal
2026-02-13 15:07:34.402923,Paris-4ab3,33,5,Normal
2026-02-13 15:07:35.402923,Paris-4ab3,17,65,Normal
2026-02-13 15:07:36.402923,Paris-4ab3,8,20,Normal
2026-02-13 15:07:37.402923,Paris-4ab3,-10,10,Normal
2026-02-13 15:07:38.402923,Paris-4ab3,12,0,Normal
2026-02-13 15:07:39.402923,Paris-4ab3,11,96,Normal
2026-02-13 15:07:40.402923,Paris-4ab3,42,15,Normal
2026-02-13 15:07:41.402923,Paris-4ab3,31,62,Normal
2026-02-13 15:07:42.402923,Paris-4ab3,39,53,Normal
2026-02-13 15:07:43.402923,Paris-4ab3,-19,19,Normal
2026-02-13 15:07:44.402923,Paris-4ab3,-15,61,Normal
2026-02-13 15:07:45.402923,Paris-4ab3,2,45,Normal
2026-02-13 15:07:46.402923,Paris-4ab3,-17,47,Normal
2026-02-13 15:07:47.402923,Paris-4ab3,46,20,Normal
2026-02-13 15:07:48.402923,Paris-4ab3,-1,98,Normal
2026-02-13 15:07:49.402923,Paris-4ab3,33,61,Normal
2026-02-13 15:07:50.402923,Paris-4ab3,12,73,Normal
2026-02-13 15:07:51.402923,Paris-4ab3,-8,92,Normal
2026-02-13 15:07:52.402923,Paris-4ab3,-1,15,Normal
2026-02-13 15:07:53.402923,Paris-4ab3,3,64,Normal
2026-02-13 15:07:54.402923,Paris-4ab3,38,94,Normal
2026-02-13 15:07:55.402923,Paris-4ab3,18,86,Normal
2026-02-13 15:07:56.402923,Paris-4ab3,47,72,Normal
2026-02-13 15:07:57.402923,Paris-4ab3,35,80,Normal
2026-02-13 15:07:58.402923,Paris-4ab3,-3,42,Normal
2026-02-13 15:07:59.402923,Paris-4ab3,24,95,Normal
2026-02-13 15:08:00.402923,Paris-4ab3,12,80,Normal
2026-02-13 15:08:01.402923,Paris-4ab3,-21,42,Normal
2026-02-13 15:08:02.402923,Paris-4ab3,-1,26,Normal
2026-02-13 15:08:03.402923,Paris-4ab3,-3,59,Normal
2026-02-13 15:08:04.402923,Paris-4ab3,43,28,Normal
2026-02-13 15:08:05.402923,Paris-4ab3,-12,87,Normal
2026-02-13 15:08:06.402923,Paris-4ab3,4,41,Normal
2026-02-13 15:08:07.402923,Paris-4ab3,9,37,Normal
2026-02-13 15:08:08.402923,Paris-4ab3,-12,94,Normal
2026-02-13 15:08:09.402923,Paris-4ab3,42,72,Normal
2026-02-13 15:08:10.402923,Paris-4ab3,12,55,Normal
2026-02-13 15:08:11.402923,Paris-4ab3,-25,12,Normal
2026-02-13 15:08:12.402923,Paris-4ab3,-23,81,Normal
2026-02-13 15:08:13.402923,Paris-4ab3,1,82,Normal
2026-02-13 15:08:14.402923,Paris-4ab3,21,3,Normal
2026-02-13 15:08:15.402923,Paris-4ab3,17,100,Normal
2026-02-13 15:08:16.402923,Paris-4ab3,33,50,Normal
2026-02-13 15:08:17.402923,Paris-4ab3,-20,4,Normal
2026-02-13 15:08:18.402923,Paris-4ab3,-22,15,Normal
2026-02-13 15:08:19.402923,Paris-4ab3,-8,57,Normal
2026-02-13 15:08:20.402923,Paris-4ab3,23,74,Normal
2026-02-13 15:08:21.402923,Paris-4ab3,-10,23,Normal
2026-02-13 15:08:22.402923,Paris-4ab3,25,46,Normal
2026-02-13 15:08:23.402923,Paris-4ab3,21,92,Normal
2026-02-13 15:08:24.402923,Paris-4ab3,-14,64,Normal
2026-02-13 15:08:25.402923,Paris-4ab3,34,12,Normal
2026-02-13 15:08:26.402923,Paris-4ab3,34,35,Normal
2026-02-13 15:08:27.402923,Paris-4ab3,26,99,Normal
2026-02-13 15:08:28.402923,Paris-4ab3,14,81,Normal
2026-02-13 15:08:29.402923,Paris-4ab3,3,100,Normal
2026-02-13 15:08:30.402923,Paris-4ab3,15,4,Normal
2026-02-13 15:08:31.402923,Paris-4ab3,24,14,Normal
2026-02-13 15:08:32.402923,Paris-4ab3,-22,5,Normal
2026-02-13 15:08:33.402923,Paris-4ab3,35,96,Normal
2026-02-13 15:08:34.402923,Paris-4ab3,-1,4,Normal
2026-02-13 15:08:35.402923,Paris-4ab3,29,76,Normal
2026-02-13 15:08:36.402923,Paris-4ab3,-10,80,Normal
2026-02-13 15:08:37.402923,Paris-4ab3,43,6,Normal
2026-02-13 15:08:38.402923,Paris-4ab3,-10,46,Normal
2026-02-13 15:08:39.402923,Paris-4ab3,-6,76,Normal
2026-02-13 15:08:40.402923,Paris-4ab3,-10,77,Normal
2026-02-13 15:08:41.402923,Paris-4ab3,17,61,Normal
2026-02-13 15:08:42.402923,Paris-4ab3,-19,69,Normal
2026-02-13 15:08:43.402923,Paris-4ab3,36,50,Normal
2026-02-13 15:08:44.402923,Paris-4ab3,8,6,Normal
2026-02-13 15:08:45.402923,Paris-4ab3,12,82,Normal
2026-02-13 15:08:46.402923,Paris-4ab3,-18,25,Normal
2026-02-13 15:08:47.402923,Paris-4ab3,33,78,Normal
2026-02-13 15:08:48.402923,Paris-4ab3,48,83,Normal
2026-02-13 15:08:49.402923,Paris-4ab3,-9,45,Normal
2026-02-13 15:08:50.402923,Paris-4ab3,6,77,Normal
2026-02-13 15:08:51.402923,Paris-4ab3,35,37,Normal
2026-02-13 15:08:52.402923,Paris-4ab3,40,45,Normal
2026-02-13 15:08:53.402923,Paris-4ab3,-29,91,Normal
2026-02-13 15:08:54.402923,Paris-4ab3,-2,86,Normal
2026-02-13 15:08:55.402923,Paris-4ab3,13,21,Normal
2026-02-13 15:08:56.402923,Paris-4ab3,27,86,Normal
2026-02-13 15:08:57.402923,Paris-4ab3,5,29,Normal
2026-02-13 15:08:58.402923,Paris-4ab3,21,2,Normal
2026-02-13 15:08:59.402923,Paris-4ab3,-29,46,Normal
2026-02-13 15:09:00.402923,Paris-4ab3,17,44,Normal
2026-02-13 15:09:01.402923,Paris-4ab3,25,43,Normal
2026-02-13 15:09:02.402923,Paris-4ab3,7,73,Normal
2026-02-13 15:09:03.402923,Paris-4ab3,50,92,Normal
2026-02-13 15:09:04.402923,Paris-4ab3,31,16,Normal
2026-02-13 15:09:05.402923,Paris-4ab3,32,35,Normal
2026-02-13 15:09:06.402923,Paris-4ab3,-14,48,Normal
2026-02-13 15:09:07.402923,Paris-4ab3,10,32,Normal
2026-02-13 15:09:08.402923,Paris-4ab3,41,66,Normal
2026-02-13 15:09:09.402923,Paris-4ab3,14,3,Normal
2026-02-13 15:09:10.402923,Paris-4ab3,22,85,Normal
2026-02-13 15:09:11.402923,Paris-4ab3,18,45,Normal
2026-02-13 15:09:12.402923,Paris-4ab3,36,26,Normal
2026-02-13 15:09:13.402923,Paris-4ab3,-4,12,Normal
2026-02-13 15:09:14.402923,Paris-4ab3,25,57,Normal
2026-02-13 15:09:15.402923,Paris-4ab3,-3,7,Normal
2026-02-13 15:09:16.402923,Paris-4ab3,31,62,Normal
2026-02-13 15:09:17.402923,Paris-4ab3,-24,37,Normal
2026-02-13 15:09:18.402923,Paris-4ab3,15,27,Normal
2026-02-13 15:09:19.402923,Paris-4ab3,43,56,Normal
2026-02-13 15:09:20.402923,Paris-4ab3,1,36,Normal
2026-02-13 15:09:21.402923,Paris-4ab3,-15,84,Normal
2026-02-13 15:09:22.402923,Paris-4ab3,-14,61,Normal
2026-02-13 15:09:23.402923,Paris-4ab3,-26,70,Normal
2026-02-13 15:09:24.402923,Paris-4ab3,-14,28,Normal
2026-02-13 15:09:25.402923,Paris-4ab3,30,32,Normal
2026-02-13 15:09:26.402923,Paris-4ab3,-16,52,Normal
2026-02-13 15:09:27.402923,Paris-4ab3,-22,64,Normal
2026-02-13 15:09:28.402923,Paris-4ab3,2,43,Normal
2026-02-13 15:09:29.402923,Paris-4ab3,3,79,Normal
2026-02-13 15:09:30.402923,Paris-4ab3,29,35,Normal
2026-02-13 15:09:31.402923,Paris-4ab3,44,18,Normal
2026-02-13 15:09:32.402923,Paris-4ab3,-9,42,Normal
2026-02-13 15:09:33.402923,Paris-4ab3,14,93,Normal
2026-02-13 15:09:34.402923,Paris-4ab3,45,24,Normal
2026-02-13 15:09:35.402923,Paris-4ab3,-14,75,Normal
2026-02-13 15:09:36.402923,Paris-4ab3,20,4,Normal
2026-02-13 15:09:37.402923,Paris-4ab3,41,92,Normal
2026-02-13 15:09:38.402923,Paris-4ab3,12,42,Normal
2026-02-13 15:09:39.402923,Paris-4ab3,34,3,Normal
2026-02-13 15:09:40.402923,Paris-4ab3,36,61,Normal
2026-02-13 15:09:41.402923,Paris-4ab3,40,59,Normal
2026-02-13 15:09:42.402923,Paris-4ab3,-30,75,Normal
2026-02-13 15:09:43.402923,Paris-4ab3,11,34,Normal
2026-02-13 15:09:44.402923,Paris-4ab3,14,17,Normal
2026-02-13 15:09:45.402923,Paris-4ab3,41,70,Normal
2026-02-13 15:09:46.402923,Paris-4ab3,-12,86,Normal
2026-02-13 15:09:47.402923,Paris-4ab3,34,87,Normal
2026-02-13 15:09:48.402923,Paris-4ab3,27,23,Normal
2026-02-13 15:09:49.402923,Paris-4ab3,20,16,Normal
2026-02-13 15:09:50.402923,Paris-4ab3,14,1,Normal
2026-02-13 15:09:51.402923,Paris-4ab3,42,28,Normal
2026-02-13 15:09:52.402923,Paris-4ab3,-18,96,Normal
2026-02-13 15:09:53.402923,Paris-4ab3,30,16,Normal
2026-02-13 15:09:54.402923,Paris-4ab3,-3,84,Normal
2026-02-13 15:09:55.402923,Paris-4ab3,49,19,Normal
2026-02-13 15:09:56.402923,Paris-4ab3,-9,91,Normal
2026-02-13 15:09:57.402923,Paris-4ab3,5,1,Normal
2026-02-13 15:09:58.402923,Paris-4ab3,-4,18,Normal
2026-02-13 15:09:59.402923,Paris-4ab3,25,90,Normal
2026-02-13 15:10:00.402923,Paris-4ab3,44,75,Normal
2026-02-13 15:10:01.402923,Paris-4ab3,-20,25,Normal
2026-02-13 15:10:02.402923,Paris-4ab3,-4,66,Normal
2026-02-13 15:10:03.402923,Paris-4ab3,11,95,Normal
2026-02-13 15:10:04.402923,Paris-4ab3,12,83,Normal
2026-02-13 15:10:05.402923,Paris-4ab3,39,98,Normal
2026-02-13 15:10:06.402923,Paris-4ab3,6,92,Normal
2026-02-13 15:10:07.402923,Paris-4ab3,-17,41,Normal
2026-02-13 15:10:08.402923,Paris-4ab3,32,90,Normal
2026-02-13 15:10:09.402923,Paris-4ab3,22,18,Normal
2026-02-13 15:10:10.402923,Paris-4ab3,-11,86,Normal
2026-02-13 15:10:11.402923,Paris-4ab3,29,66,Normal
2026-02-13 15:10:12.402923,Paris-4ab3,16,55,Normal
2026-02-13 15:10:13.402923,Paris-4ab3,5,51,Normal
2026-02-13 15:10:14.402923,Paris-4ab3,-12,53,Normal
2026-02-13 15:10:15.402923,Paris-4ab3,-21,71,Normal
2026-02-13 15:10:16.402923,Paris-4ab3,5,22,Normal
2026-02-13 15:10:17.402923,Paris-4ab3,17,24,Normal
2026-02-13 15:10:18.402923,Paris-4ab3,-12,46,Normal
2026-02-13 15:10:19.402923,Paris-4ab3,39,33,Normal
2026-02-13 15:10:20.402923,Paris-4ab3,30,59,Normal
2026-02-13 15:10:21.402923,Paris-4ab3,-4,51,Normal
2026-02-13 15:10:22.402923,Paris-4ab3,49,57,Normal
2026-02-13 15:10:23.402923,Paris-4ab3,-21,42,Normal
2026-02-13 15:10:24.402923,Paris-4ab3,43,48,Normal
2026-02-13 15:10:25.402923,Paris-4ab3,38,84,Normal
2026-02-13 15:10:26.402923,Paris-4ab3,0,68,Normal
2026-02-13 15:10:27.402923,Paris-4ab3,-4,84,Normal
2026-02-13 15:10:28.402923,Paris-4ab3,-3,44,Normal
2026-02-13 15:10:29.402923,Paris-4ab3,-13,63,Normal
2026-02-13 15:10:30.402923,Paris-4ab3,17,97,Normal
2026-02-13 15:10:31.402923,Paris-4ab3,2,23,Normal
2026-02-13 15:10:32.402923,Paris-4ab3,14,58,Normal
2026-02-13 15:10:33.402923,Paris-4ab3,27,62,Normal
2026-02-13 15:10:34.402923,Paris-4ab3,20,42,Normal
2026-02-13 15:10:35.402923,Paris-4ab3,-29,18,Normal
2026-02-13 15:10:36.402923,Paris-4ab3,37,17,Normal
2026-02-13 15:10:37.402923,Paris-4ab3,-8,92,Normal
2026-02-13 15:10:38.402923,Paris-4ab3,-14,81,Normal
2026-02-13 15:10:39.402923,Paris-4ab3,34,83,Normal
2026-02-13 15:10:40.402923,Paris-4ab3,9,62,Normal
2026-02-13 15:10:41.402923,Paris-4ab3,-18,70,Normal
2026-02-13 15:10:42.402923,Paris-4ab3,38,51,Normal
2026-02-13 15:10:43.402923,Paris-4ab3,5,86,Normal
2026-02-13 15:10:44.402923,Paris-4ab3,1,64,Normal
2026-02-13 15:10:45.402923,Paris-4ab3,-2,93,Normal
2026-02-13 15:10:46.402923,Paris-4ab3,-17,95,Normal
2026-02-13 15:10:47.402923,Paris-4ab3,-1,48,Normal
2026-02-13 15:10:48.402923,Paris-4ab3,42,42,Normal
2026-02-13 15:10:49.402923,Paris-4ab3,-2,83,Normal
2026-02-13 15:10:50.402923,Paris-4ab3,22,29,Normal
2026-02-13 15:10:51.402923,Paris-4ab3,41,8,Normal
2026-02-13 15:10:52.402923,Paris-4ab3,-7,42,Normal
2026-02-13 15:10:53.402923,Paris-4ab3,36,85,Normal
2026-02-13 15:10:54.402923,Paris-4ab3,0,91,Normal
2026-02-13 15:10:55.402923,Paris-4ab3,14,65,Normal
2026-02-13 15:10:56.402923,Paris-4ab3,25,40,Normal
2026-02-13 15:10:57.402923,Paris-4ab3,-1,58,Normal
2026-02-13 15:10:58.402923,Paris-4ab3,37,93,Normal
2026-02-13 15:10:59.402923,Paris-4ab3,33,4,Normal
2026-02-13 15:11:00.402923,Paris-4ab3,-4,71,Normal
2026-02-13 15:11:01.402923,Paris-4ab3,-9,61,Normal
2026-02-13 15:11:02.402923,Paris-4ab3,-20,52,Normal
2026-02-13 15:11:03.402923,Paris-4ab3,12,70,Normal
2026-02-13 15:11:04.402923,Paris-4ab3,10,4,Normal
2026-02-13 15:11:05.402923,Paris-4ab3,21,13,Normal
2026-02-13 15:11:06.402923,Paris-4ab3,24,85,Normal
2026-02-13 15:11:07.402923,Paris-4ab3,39,78,Normal
2026-02-13 15:11:08.402923,Paris-4ab3,-18,28,Normal
2026-02-13 15:11:09.402923,Paris-4ab3,16,94,Normal
2026-02-13 15:11:10.402923,Paris-4ab3,-12,61,Normal
2026-02-13 15:11:11.402923,Paris-4ab3,23,68,Normal
2026-02-13 15:11:12.402923,Paris-4ab3,12,9,Normal
2026-02-13 15:11:13.402923,Paris-4ab3,38,75,Normal
2026-02-13 15:11:14.402923,Paris-4ab3,43,61,Normal
2026-02-13 15:11:15.402923,Paris-4ab3,26,39,Normal
2026-02-13 15:11:16.402923,Paris-4ab3,25,77,Normal
2026-02-13 15:11:17.402923,Paris-4ab3,44,35,Normal
2026-02-13 15:11:18.402923,Paris-4ab3,24,93,Normal
2026-02-13 15:11:19.402923,Paris-4ab3,42,81,Normal
2026-02-13 15:11:20.402923,Paris-4ab3,-21,98,Normal
2026-02-13 15:11:21.402923,Paris-4ab3,40,63,Normal
2026-02-13 15:11:22.402923,Paris-4ab3,13,49,Normal
2026-02-13 15:11:23.402923,Paris-4ab3,28,62,Normal
2026-02-13 15:11:24.402923,Paris-4ab3,-26,47,Normal
2026-02-13 15:11:25.402923,Paris-4ab3,8,50,Normal
2026-02-13 15:11:26.402923,Paris-4ab3,22,66,Normal
2026-02-13 15:11:27.402923,Paris-4ab3,-9,58,Normal
2026-02-13 15:11:28.402923,Paris-4ab3,8,41,Normal
2026-02-13 15:11:29.402923,Paris-4ab3,28,92,Normal
2026-02-13 15:11:30.402923,Paris-4ab3,0,31,Normal
2026-02-13 15:11:31.402923,Paris-4ab3,31,63,Normal
2026-02-13 15:11:32.402923,Paris-4ab3,-6,73,Normal
2026-02-13 15:11:33.402923,Paris-4ab3,35,41,Normal
2026-02-13 15:11:34.402923,Paris-4ab3,47,17,Normal
2026-02-13 15:11:35.402923,Paris-4ab3,13,59,Normal
2026-02-13 15:11:36.402923,Paris-4ab3,49,41,Normal
2026-02-13 15:11:37.402923,Paris-4ab3,35,40,Normal
2026-02-13 15:11:38.402923,Paris-4ab3,40,16,Normal
2026-02-13 15:11:39.402923,Paris-4ab3,19,6,Normal
2026-02-13 15:11:40.402923,Paris-4ab3,-4,30,Normal
2026-02-13 15:11:41.402923,Paris-4ab3,-14,61,Normal
2026-02-13 15:11:42.402923,Paris-4ab3,35,26,Normal
2026-02-13 15:11:43.402923,Paris-4ab3,2,38,Normal
2026-02-13 15:11:44.402923,Paris-4ab3,-17,98,Normal
2026-02-13 15:11:45.402923,Paris-4ab3,6,91,Normal
2026-02-13 15:11:46.402923,Paris-4ab3,31,41,Normal
2026-02-13 15:11:47.402923,Paris-4ab3,44,83,Normal
2026-02-13 15:11:48.402923,Paris-4ab3,-19,8,Normal
2026-02-13 15:11:49.402923,Paris-4ab3,4,14,Normal
2026-02-13 15:11:50.402923,Paris-4ab3,23,100,Normal
2026-02-13 15:11:51.402923,Paris-4ab3,-26,22,Normal
2026-02-13 15:11:52.402923,Paris-4ab3,28,36,Normal
2026-02-13 15:11:53.402923,Paris-4ab3,16,54,Normal
2026-02-13 15:11:54.402923,Paris-4ab3,9,53,Normal
2026-02-13 15:11:55.402923,Paris-4ab3,5,33,Normal
2026-02-13 15:11:56.402923,Paris-4ab3,40,37,Normal
2026-02-13 15:11:57.402923,Paris-4ab3,3,33,Normal
2026-02-13 15:11:58.402923,Paris-4ab3,-22,96,Normal
2026-02-13 15:11:59.402923,Paris-4ab3,19,31,Normal
2026-02-13 15:12:00.402923,Paris-4ab3,10,12,Normal
2026-02-13 15:12:01.402923,Paris-4ab3,32,6,Normal
2026-02-13 15:12:02.402923,Paris-4ab3,-22,14,Normal
2026-02-13 15:12:03.402923,Paris-4ab3,-21,52,Normal
2026-02-13 15:12:04.402923,Paris-4ab3,-11,46,Normal
2026-02-13 15:12:05.402923,Paris-4ab3,-29,50,Normal
2026-02-13 15:12:06.402923,Paris-4ab3,17,41,Normal
2026-02-13 15:12:07.402923,Paris-4ab3,-27,53,Normal
2026-02-13 15:12:08.402923,Paris-4ab3,-21,24,Normal
2026-02-13 15:12:09.402923,Paris-4ab3,17,14,Normal
2026-02-13 15:12:10.402923,Paris-4ab3,-15,7,Normal
2026-02-13 15:12:11.402923,Paris-4ab3,45,86,Normal
2026-02-13 15:12:12.402923,Paris-4ab3,29,24,Normal
2026-02-13 15:12:13.402923,Paris-4ab3,38,14,Normal
2026-02-13 15:12:14.402923,Paris-4ab3,-4,13,Normal
2026-02-13 15:12:15.402923,Paris-4ab3,-29,49,Normal
2026-02-13 15:12:16.402923,Paris-4ab3,6,66,Normal
2026-02-13 15:12:17.402923,Paris-4ab3,3,31,Normal
2026-02-13 15:12:18.402923,Paris-4ab3,50,90,Normal
2026-02-13 15:12:19.402923,Paris-4ab3,17,19,Normal
2026-02-13 15:12:20.402923,Paris-4ab3,47,64,Normal
2026-02-13 15:12:21.402923,Paris-4ab3,30,30,Normal
2026-02-13 15:12:22.402923,Paris-4ab3,47,83,Normal
2026-02-13 15:12:23.402923,Paris-4ab3,17,25,Normal
2026-02-13 15:12:24.402923,Paris-4ab3,-17,8,Normal
2026-02-13 15:12:25.402923,Paris-4ab3,37,18,Normal
2026-02-13 15:12:26.402923,Paris-4ab3,46,35,Normal
2026-02-13 15:12:27.402923,Paris-4ab3,-5,87,Normal
2026-02-13 15:12:28.402923,Paris-4ab3,18,94,Normal
2026-02-13 15:12:29.402923,Paris-4ab3,-12,100,Normal
2026-02-13 15:12:30.402923,Paris-4ab3,-16,1,Normal
2026-02-13 15:12:31.402923,Paris-4ab3,39,74,Normal
2026-02-13 15:12:32.402923,Paris-4ab3,10,67,Normal
2026-02-13 15:12:33.402923,Paris-4ab3,4,68,Normal
2026-02-13 15:12:34.402923,Paris-4ab3,0,80,Normal
2026-02-13 15:12:35.402923,Paris-4ab3,2,19,Normal
2026-02-13 15:12:36.402923,Paris-4ab3,41,34,Normal
2026-02-13 15:12:37.402923,Paris-4ab3,-28,64,Normal
2026-02-13 15:12:38.402923,Paris-4ab3,26,83,Normal
2026-02-13 15:12:39.402923,Paris-4ab3,-30,97,Normal
2026-02-13 15:12:40.402923,Paris-4ab3,33,6,Normal
2026-02-13 15:12:41.402923,Paris-4ab3,4,45,Normal
2026-02-13 15:12:42.402923,Paris-4ab3,37,26,Normal
2026-02-13 15:12:43.402923,Paris-4ab3,30,64,Normal
2026-02-13 15:12:44.402923,Paris-4ab3,-12,92,Normal
2026-02-13 15:12:45.402923,Paris-4ab3,-12,3,Normal
2026-02-13 15:12:46.402923,Paris-4ab3,-28,82,Normal
2026-02-13 15:12:47.402923,Paris-4ab3,-9,30,Normal
2026-02-13 15:12:48.402923,Paris-4ab3,38,19,Normal
2026-02-13 15:12:49.402923,Paris-4ab3,-2,71,Normal
2026-02-13 15:12:50.402923,Paris-4ab3,-8,79,Normal
2026-02-13 15:12:51.402923,Paris-4ab3,4,15,Normal
2026-02-13 15:12:52.402923,Paris-4ab3,-6,58,Normal
2026-02-13 15:12:53.402923,Paris-4ab3,33,44,Normal
2026-02-13 15:12:54.402923,Paris-4ab3,9,12,Normal
2026-02-13 15:12:55.402923,Paris-4ab3,-26,24,Normal
2026-02-13 15:12:56.402923,Paris-4ab3,50,62,Normal
2026-02-13 15:12:57.402923,Paris-4ab3,37,60,Normal
2026-02-13 15:12:58.402923,Paris-4ab3,-9,70,Normal
2026-02-13 15:12:59.402923,Paris-4ab3,15,13,Normal
2026-02-13 15:13:00.402923,Paris-4ab3,44,91,Normal
2026-02-13 15:13:01.402923,Paris-4ab3,12,10,Normal
2026-02-13 15:13:02.402923,Paris-4ab3,15,81,Normal
2026-02-13 15:13:03.402923,Paris-4ab3,20,93,Normal
2026-02-13 15:13:04.402923,Paris-4ab3,-14,95,Normal
2026-02-13 15:13:05.402923,Paris-4ab3,29,46,Normal
2026-02-13 15:13:06.402923,Paris-4ab3,5,73,Normal
2026-02-13 15:13:07.402923,Paris-4ab3,-28,31,Normal
2026-02-13 15:13:08.402923,Paris-4ab3,29,39,Normal
2026-02-13 15:13:09.402923,Paris-4ab3,-2,69,Normal
2026-02-13 15:13:10.402923,Paris-4ab3,-4,51,Normal
2026-02-13 15:13:11.402923,Paris-4ab3,43,95,Normal
2026-02-13 15:13:12.402923,Paris-4ab3,5,0,Normal
2026-02-13 15:13:13.402923,Paris-4ab3,4,65,Normal
2026-02-13 15:13:14.402923,Paris-4ab3,2,62,Normal
2026-02-13 15:13:15.402923,Paris-4ab3,32,71,Normal
2026-02-13 15:13:16.402923,Paris-4ab3,24,46,Normal
2026-02-13 15:13:17.402923,Paris-4ab3,7,33,Normal
2026-02-13 15:13:18.402923,Paris-4ab3,-20,11,Normal
2026-02-13 15:13:19.402923,Paris-4ab3,7,98,Normal
2026-02-13 15:13:20.402923,Paris-4ab3,-14,93,Normal
2026-02-13 15:13:21.402923,Paris-4ab3,22,60,Normal
2026-02-13 15:13:22.402923,Paris-4ab3,-12,95,Normal
2026-02-13 15:13:23.402923,Paris-4ab3,13,27,Normal
2026-02-13 15:13:24.402923,Paris-4ab3,-15,43,Normal
2026-02-13 15:13:25.402923,Paris-4ab3,-18,44,Normal
2026-02-13 15:13:26.402923,Paris-4ab3,20,84,Normal
2026-02-13 15:13:27.402923,Paris-4ab3,20,67,Normal
2026-02-13 15:13:28.402923,Paris-4ab3,-20,35,Normal
2026-02-13 15:13:29.402923,Paris-4ab3,16,4,Normal
2026-02-13 15:13:30.402923,Paris-4ab3,15,91,Normal
2026-02-13 15:13:31.402923,Paris-4ab3,-28,63,Normal
2026-02-13 15:13:32.402923,Paris-4ab3,4,35,Normal
2026-02-13 15:13:33.402923,Paris-4ab3,-1,87,Normal
2026-02-13 15:13:34.402923,Paris-4ab3,-24,34,Normal
2026-02-13 15:13:35.402923,Paris-4ab3,37,8,Normal
2026-02-13 15:13:36.402923,Paris-4ab3,27,3,Normal
2026-02-13 15:13:37.402923,Paris-4ab3,15,60,Normal
2026-02-13 15:13:38.402923,Paris-4ab3,16,74,Normal
2026-02-13 15:13:39.402923,Paris-4ab3,10,64,Normal
2026-02-13 15:13:40.402923,Paris-4ab3,-7,31,Normal
2026-02-13 15:13:41.402923,Paris-4ab3,16,83,Normal
2026-02-13 15:13:42.402923,Paris-4ab3,27,20,Normal
2026-02-13 15:13:43.402923,Paris-4ab3,-4,23,Normal
2026-02-13 15:13:44.402923,Paris-4ab3,8,39,Normal
2026-02-13 15:13:45.402923,Paris-4ab3,39,72,Normal
2026-02-13 15:13:46.402923,Paris-4ab3,-30,23,Normal
2026-02-13 15:13:47.402923,Paris-4ab3,2,85,Normal
2026-02-13 15:13:48.402923,Paris-4ab3,-12,17,Normal
2026-02-13 15:13:49.402923,Paris-4ab3,14,91,Normal
2026-02-13 15:13:50.402923,Paris-4ab3,11,48,Normal
2026-02-13 15:13:51.402923,Paris-4ab3,32,23,Normal
2026-02-13 15:13:52.402923,Paris-4ab3,19,68,Normal
2026-02-13 15:13:53.402923,Paris-4ab3,-23,62,Normal
2026-02-13 15:13:54.402923,Paris-4ab3,41,41,Normal
2026-02-13 15:13:55.402923,Paris-4ab3,10,61,Normal
2026-02-13 15:13:56.402923,Paris-4ab3,-7,39,Normal
2026-02-13 15:13:57.402923,Paris-4ab3,41,6,Normal
2026-02-13 15:13:58.402923,Paris-4ab3,6,95,Normal
2026-02-13 15:13:59.402923,Paris-4ab3,29,90,Normal
2026-02-13 15:14:00.402923,Paris-4ab3,-3,2,Normal
2026-02-13 15:14:01.402923,Paris-4ab3,-18,6,Normal
2026-02-13 15:14:02.402923,Paris-4ab3,-18,93,Normal
2026-02-13 15:14:03.402923,Paris-4ab3,23,35,Normal
2026-02-13 15:14:04.402923,Paris-4ab3,6,59,Normal
2026-02-13 15:14:05.402923,Paris-4ab3,-28,7,Normal
2026-02-13 15:14:06.402923,Paris-4ab3,27,96,Normal
2026-02-13 15:14:07.402923,Paris-4ab3,-3,84,Normal
2026-02-13 15:14:08.402923,Paris-4ab3,-30,6,Normal
2026-02-13 15:14:09.402923,Paris-4ab3,9,24,Normal
2026-02-13 15:14:10.402923,Paris-4ab3,-23,32,Normal
2026-02-13 15:14:11.402923,Paris-4ab3,-26,82,Normal
2026-02-13 15:14:12.402923,Paris-4ab3,34,46,Normal
2026-02-13 15:14:13.402923,Paris-4ab3,-29,31,Normal
2026-02-13 15:14:14.402923,Paris-4ab3,9,78,Normal
2026-02-13 15:14:15.402923,Paris-4ab3,14,21,Normal
2026-02-13 15:14:16.402923,Paris-4ab3,49,31,Normal
2026-02-13 15:14:17.402923,Paris-4ab3,43,29,Normal
2026-02-13 15:14:18.402923,Paris-4ab3,8,13,Normal
2026-02-13 15:14:19.402923,Paris-4ab3,15,11,Normal
2026-02-13 15:14:20.402923,Paris-4ab3,-17,9,Normal
2026-02-13 15:14:21.402923,Paris-4ab3,49,38,Normal
2026-02-13 15:14:22.402923,Paris-4ab3,-27,23,Normal
2026-02-13 15:14:23.402923,Paris-4ab3,15,53,Normal
2026-02-13 15:14:24.402923,Paris-4ab3,-4,85,Normal
2026-02-13 15:14:25.402923,Paris-4ab3,-27,44,Normal
2026-02-13 15:14:26.402923,Paris-4ab3,-9,47,Normal
2026-02-13 15:14:27.402923,Paris-4ab3,22,33,Normal
2026-02-13 15:14:28.402923,Paris-4ab3,-17,59,Normal
2026-02-13 15:14:29.402923,Paris-4ab3,22,1,Normal
2026-02-13 15:14:30.402923,Paris-4ab3,12,57,Normal
2026-02-13 15:14:31.402923,Paris-4ab3,46,88,Normal
2026-02-13 15:14:32.402923,Paris-4ab3,-22,62,Normal
2026-02-13 15:14:33.402923,Paris-4ab3,-9,59,Normal
2026-02-13 15:14:34.402923,Paris-4ab3,44,3,Normal
2026-02-13 15:14:35.402923,Paris-4ab3,36,20,Normal
2026-02-13 15:14:36.402923,Paris-4ab3,8,68,Normal
2026-02-13 15:14:37.402923,Paris-4ab3,-20,91,Normal
2026-02-13 15:14:38.402923,Paris-4ab3,20,90,Normal
2026-02-13 15:14:39.402923,Paris-4ab3,-3,82,Normal
2026-02-13 15:14:40.402923,Paris-4ab3,-3,69,Normal
2026-02-13 15:14:41.402923,Paris-4ab3,22,60,Normal
2026-02-13 15:14:42.402923,Paris-4ab3,35,78,Normal
2026-02-13 15:14:43.402923,Paris-4ab3,46,93,Normal
2026-02-13 15:14:44.402923,Paris-4ab3,43,100,Normal
2026-02-13 15:14:45.402923,Paris-4ab3,-26,88,Normal
2026-02-13 15:14:46.402923,Paris-4ab3,-29,44,Normal
2026-02-13 15:14:47.402923,Paris-4ab3,16,76,Normal
2026-02-13 15:14:48.402923,Paris-4ab3,-26,50,Normal
2026-02-13 15:14:49.402923,Paris-4ab3,4,48,Normal
2026-02-13 15:14:50.402923,Paris-4ab3,10,60,Normal
2026-02-13 15:14:51.402923,Paris-4ab3,0,43,Normal
2026-02-13 15:14:52.402923,Paris-4ab3,37,82,Normal
2026-02-13 15:14:53.402923,Paris-4ab3,-6,82,Normal
2026-02-13 15:14:54.402923,Paris-4ab3,41,68,Normal
2026-02-13 15:14:55.402923,Paris-4ab3,29,66,Normal
2026-02-13 15:14:56.402923,Paris-4ab3,20,28,Normal
2026-02-13 15:14:57.402923,Paris-4ab3,43,4,Normal
2026-02-13 15:14:58.402923,Paris-4ab3,37,93,Normal
2026-02-13 15:14:59.402923,Paris-4ab3,39,88,Normal
2026-02-13 15:15:00.402923,Paris-4ab3,44,29,Normal
2026-02-13 15:15:01.402923,Paris-4ab3,-16,29,Normal
2026-02-13 15:15:02.402923,Paris-4ab3,-6,86,Normal
2026-02-13 15:15:03.402923,Paris-4ab3,15,76,Normal
2026-02-13 15:15:04.402923,Paris-4ab3,47,28,Normal
2026-02-13 15:15:05.402923,Paris-4ab3,26,45,Normal
2026-02-13 15:15:06.402923,Paris-4ab3,0,55,Normal
2026-02-13 15:15:07.402923,Paris-4ab3,13,39,Normal
2026-02-13 15:15:08.402923,Paris-4ab3,-12,12,Normal
2026-02-13 15:15:09.402923,Paris-4ab3,9,73,Normal
2026-02-13 15:15:10.402923,Paris-4ab3,-28,84,Normal
2026-02-13 15:15:11.402923,Paris-4ab3,-16,35,Normal
2026-02-13 15:15:12.402923,Paris-4ab3,24,49,Normal
2026-02-13 15:15:13.402923,Paris-4ab3,-11,68,Normal
2026-02-13 15:15:14.402923,Paris-4ab3,-24,73,Normal
2026-02-13 15:15:15.402923,Paris-4ab3,-29,76,Normal
2026-02-13 15:15:16.402923,Paris-4ab3,10,80,Normal
2026-02-13 15:15:17.402923,Paris-4ab3,42,94,Normal
2026-02-13 15:15:18.402923,Paris-4ab3,-19,33,Normal
2026-02-13 15:15:19.402923,Paris-4ab3,34,77,Normal
2026-02-13 15:15:20.402923,Paris-4ab3,21,73,Normal
2026-02-13 15:15:21.402923,Paris-4ab3,30,22,Normal
2026-02-13 15:15:22.402923,Paris-4ab3,9,44,Normal
2026-02-13 15:15:23.402923,Paris-4ab3,47,60,Normal
2026-02-13 15:15:24.402923,Paris-4ab3,-24,47,Normal
2026-02-13 15:15:25.402923,Paris-4ab3,-21,44,Normal
2026-02-13 15:15:26.402923,Paris-4ab3,21,37,Normal
2026-02-13 15:15:27.402923,Paris-4ab3,-29,83,Normal
2026-02-13 15:15:28.402923,Paris-4ab3,-25,43,Normal
2026-02-13 15:15:29.402923,Paris-4ab3,-23,90,Normal
2026-02-13 15:15:30.402923,Paris-4ab3,-26,67,Normal
2026-02-13 15:15:31.402923,Paris-4ab3,6,40,Normal
2026-02-13 15:15:32.402923,Paris-4ab3,2,35,Normal
2026-02-13 15:15:33.402923,Paris-4ab3,23,60,Normal
2026-02-13 15:15:34.402923,Paris-4ab3,-12,59,Normal
2026-02-13 15:15:35.402923,Paris-4ab3,18,67,Normal
2026-02-13 15:15:36.402923,Paris-4ab3,19,29,Normal
2026-02-13 15:15:37.402923,Paris-4ab3,18,72,Normal
2026-02-13 15:15:38.402923,Paris-4ab3,49,89,Normal
2026-02-13 15:15:39.402923,Paris-4ab3,0,10,Normal
2026-02-13 15:15:40.402923,Paris-4ab3,46,69,Normal
2026-02-13 15:15:41.402923,Paris-4ab3,42,89,Normal
2026-02-13 15:15:42.402923,Paris-4ab3,-2,61,Normal
2026-02-13 15:15:43.402923,Paris-4ab3,-25,59,Normal
2026-02-13 15:15:44.402923,Paris-4ab3,-2,75,Normal
2026-02-13 15:15:45.402923,Paris-4ab3,6,91,Normal
2026-02-13 15:15:46.402923,Paris-4ab3,-19,31,Normal
2026-02-13 15:15:47.402923,Paris-4ab3,18,36,Normal
2026-02-13 15:15:48.402923,Paris-4ab3,-14,90,Normal
2026-02-13 15:15:49.402923,Paris-4ab3,22,45,Normal
2026-02-13 15:15:50.402923,Paris-4ab3,-19,29,Normal
2026-02-13 15:15:51.402923,Paris-4ab3,-14,23,Normal
2026-02-13 15:15:52.402923,Paris-4ab3,50,24,Normal
2026-02-13 15:15:53.402923,Paris-4ab3,13,69,Normal
2026-02-13 15:15:54.402923,Paris-4ab3,9,42,Normal
2026-02-13 15:15:55.402923,Paris-4ab3,39,4,Normal
2026-02-13 15:15:56.402923,Paris-4ab3,27,95,Normal
2026-02-13 15:15:57.402923,Paris-4ab3,-8,44,Normal
2026-02-13 15:15:58.402923,Paris-4ab3,44,76,Normal
2026-02-13 15:15:59.402923,Paris-4ab3,34,47,Normal
2026-02-13 15:16:00.402923,Paris-4ab3,-27,59,Normal
2026-02-13 15:16:01.402923,Paris-4ab3,33,44,Normal
2026-02-13 15:16:02.402923,Paris-4ab3,34,92,Normal
2026-02-13 15:16:03.402923,Paris-4ab3,33,49,Normal
2026-02-13 15:16:04.402923,Paris-4ab3,-9,87,Normal
2026-02-13 15:16:05.402923,Paris-4ab3,15,27,Normal
2026-02-13 15:16:06.402923,Paris-4ab3,31,20,Normal
2026-02-13 15:16:07.402923,Paris-4ab3,44,23,Normal
2026-02-13 15:16:08.402923,Paris-4ab3,12,13,Normal
2026-02-13 15:16:09.402923,Paris-4ab3,10,22,Normal
2026-02-13 15:16:10.402923,Paris-4ab3,26,10,Normal
2026-02-13 15:16:11.402923,Paris-4ab3,-29,32,Normal
2026-02-13 15:16:12.402923,Paris-4ab3,48,0,Normal
2026-02-13 15:16:13.402923,Paris-4ab3,8,12,Normal
2026-02-13 15:16:14.402923,Paris-4ab3,-16,26,Normal
2026-02-13 15:16:15.402923,Paris-4ab3,42,70,Normal
2026-02-13 15:16:16.402923,Paris-4ab3,10,21,Normal
2026-02-13 15:16:17.402923,Paris-4ab3,36,16,Normal
2026-02-13 15:16:18.402923,Paris-4ab3,-27,3,Normal
2026-02-13 15:16:19.402923,Paris-4ab3,37,95,Normal
2026-02-13 15:16:20.402923,Paris-4ab3,25,1,Normal
2026-02-13 15:16:21.402923,Paris-4ab3,28,93,Normal
2026-02-13 15:16:22.402923,Paris-4ab3,35,2,Normal
2026-02-13 15:16:23.402923,Paris-4ab3,-22,68,Normal
2026-02-13 15:16:24.402923,Paris-4ab3,46,67,Normal
2026-02-13 15:16:25.402923,Paris-4ab3,-17,16,Normal
2026-02-13 15:16:26.402923,Paris-4ab3,47,100,Normal
2026-02-13 15:16:27.402923,Paris-4ab3,16,86,Normal
2026-02-13 15:16:28.402923,Paris-4ab3,39,20,Normal
2026-02-13 15:16:29.402923,Paris-4ab3,18,28,Normal
2026-02-13 15:16:30.402923,Paris-4ab3,3,6,Normal
2026-02-13 15:16:31.402923,Paris-4ab3,-19,84,Normal
2026-02-13 15:16:32.402923,Paris-4ab3,-25,21,Normal
2026-02-13 15:16:33.402923,Paris-4ab3,42,0,Normal
2026-02-13 15:16:34.402923,Paris-4ab3,-19,54,Normal
2026-02-13 15:16:35.402923,Paris-4ab3,-3,80,Normal
2026-02-13 15:16:36.402923,Paris-4ab3,-25,53,Normal
2026-02-13 15:16:37.402923,Paris-4ab3,50,52,Normal
2026-02-13 15:16:38.402923,Paris-4ab3,47,37,Normal
2026-02-13 15:16:39.402923,Paris-4ab3,-27,91,Normal
2026-02-13 15:16:40.402923,Paris-4ab3,-10,31,Normal
2026-02-13 15:16:41.402923,Paris-4ab3,5,74,Normal
2026-02-13 15:16:42.402923,Paris-4ab3,-21,69,Normal
2026-02-13 15:16:43.402923,Paris-4ab3,-12,86,Normal
2026-02-13 15:16:44.402923,Paris-4ab3,-1,92,Normal
2026-02-13 15:16:45.402923,Paris-4ab3,-20,91,Normal
2026-02-13 15:16:46.402923,Paris-4ab3,22,64,Normal
2026-02-13 15:16:47.402923,Paris-4ab3,-17,37,Normal
2026-02-13 15:16:48.402923,Paris-4ab3,24,37,Normal
2026-02-13 15:16:49.402923,Paris-4ab3,-17,8,Normal
2026-02-13 15:16:50.402923,Paris-4ab3,25,82,Normal
2026-02-13 15:16:51.402923,Paris-4ab3,45,28,Normal
2026-02-13 15:16:52.402923,Paris-4ab3,8,56,Normal
2026-02-13 15:16:53.402923,Paris-4ab3,-3,8,Normal
2026-02-13 15:16:54.402923,Paris-4ab3,-11,40,Normal
2026-02-13 15:16:55.402923,Paris-4ab3,18,61,Normal
2026-02-13 15:16:56.402923,Paris-4ab3,7,11,Normal
2026-02-13 15:16:57.402923,Paris-4ab3,-23,26,Normal
2026-02-13 15:16:58.402923,Paris-4ab3,-12,38,Normal
2026-02-13 15:16:59.402923,Paris-4ab3,33,32,Normal
2026-02-13 15:17:00.402923,Paris-4ab3,-7,89,Normal
2026-02-13 15:17:01.402923,Paris-4ab3,-17,30,Normal
2026-02-13 15:17:02.402923,Paris-4ab3,6,15,Normal
2026-02-13 15:17:03.402923,Paris-4ab3,-9,23,Normal
2026-02-13 15:17:04.402923,Paris-4ab3,-4,88,Normal
2026-02-13 15:17:05.402923,Paris-4ab3,-29,81,Normal
2026-02-13 15:17:06.402923,Paris-4ab3,46,0,Normal
2026-02-13 15:17:07.402923,Paris-4ab3,30,29,Normal
2026-02-13 15:17:08.402923,Paris-4ab3,-17,19,Normal
2026-02-13 15:17:09.402923,Paris-4ab3,48,84,Normal
2026-02-13 15:17:10.402923,Paris-4ab3,39,30,Normal
2026-02-13 15:17:11.402923,Paris-4ab3,-18,40,Normal
2026-02-13 15:17:12.402923,Paris-4ab3,-3,32,Normal
2026-02-13 15:17:13.402923,Paris-4ab3,25,47,Normal
2026-02-13 15:17:14.402923,Paris-4ab3,-16,97,Normal
2026-02-13 15:17:15.402923,Paris-4ab3,-17,22,Normal
2026-02-13 15:17:16.402923,Paris-4ab3,39,80,Normal
2026-02-13 15:17:17.402923,Paris-4ab3,44,38,Normal
2026-02-13 15:17:18.402923,Paris-4ab3,33,28,Normal
2026-02-13 15:17:19.402923,Paris-4ab3,30,68,Normal
2026-02-13 15:17:20.402923,Paris-4ab3,-19,100,Normal
2026-02-13 15:17:21.402923,Paris-4ab3,39,3,Normal
2026-02-13 15:17:22.402923,Paris-4ab3,15,3,Normal
2026-02-13 15:17:23.402923,Paris-4ab3,28,59,Normal
2026-02-13 15:17:24.402923,Paris-4ab3,-21,42,Normal
2026-02-13 15:17:25.402923,Paris-4ab3,3,92,Normal
2026-02-13 15:17:26.402923,Paris-4ab3,-15,40,Normal
2026-02-13 15:17:27.402923,Paris-4ab3,15,17,Normal
2026-02-13 15:17:28.402923,Paris-4ab3,-19,30,Normal
2026-02-13 15:17:29.402923,Paris-4ab3,40,35,Normal
2026-02-13 15:17:30.402923,Paris-4ab3,4,18,Normal
2026-02-13 15:17:31.402923,Paris-4ab3,-11,67,Normal
2026-02-13 15:17:32.402923,Paris-4ab3,-27,89,Normal
2026-02-13 15:17:33.402923,Paris-4ab3,47,68,Normal
2026-02-13 15:17:34.402923,Paris-4ab3,16,100,Normal
2026-02-13 15:17:35.402923,Paris-4ab3,-12,8,Normal
2026-02-13 15:17:36.402923,Paris-4ab3,1,96,Normal
2026-02-13 15:17:37.402923,Paris-4ab3,-3,89,Normal
2026-02-13 15:17:38.402923,Paris-4ab3,-4,82,Normal
2026-02-13 15:17:39.402923,Paris-4ab3,39,58,Normal
2026-02-13 15:17:40.402923,Paris-4ab3,-2,19,Normal
2026-02-13 15:17:41.402923,Paris-4ab3,-5,68,Normal
2026-02-13 15:17:42.402923,Paris-4ab3,43,48,Normal
2026-02-13 15:17:43.402923,Paris-4ab3,42,73,Normal
2026-02-13 15:17:44.402923,Paris-4ab3,41,85,Normal
2026-02-13 15:17:45.402923,Paris-4ab3,35,17,Normal
2026-02-13 15:17:46.402923,Paris-4ab3,-30,95,Normal
2026-02-13 15:17:47.402923,Paris-4ab3,9,10,Normal
2026-02-13 15:17:48.402923,Paris-4ab3,17,25,Normal
2026-02-13 15:17:49.402923,Paris-4ab3,21,70,Normal
2026-02-13 15:17:50.402923,Paris-4ab3,-30,14,Normal
2026-02-13 15:17:51.402923,Paris-4ab3,-12,72,Normal
2026-02-13 15:17:52.402923,Paris-4ab3,35,2,Normal
2026-02-13 15:17:53.402923,Paris-4ab3,-3,21,Normal
2026-02-13 15:17:54.402923,Paris-4ab3,-8,99,Normal
2026-02-13 15:17:55.402923,Paris-4ab3,-28,42,Normal
2026-02-13 15:17:56.402923,Paris-4ab3,-17,100,Normal
2026-02-13 15:17:57.402923,Paris-4ab3,12,6,Normal
2026-02-13 15:17:58.402923,Paris-4ab3,24,79,Normal
2026-02-13 15:17:59.402923,Paris-4ab3,42,74,Normal
2026-02-13 15:18:00.402923,Paris-4ab3,22,49,Normal
2026-02-13 15:18:01.402923,Paris-4ab3,-8,4,Normal
2026-02-13 15:18:02.402923,Paris-4ab3,-11,19,Normal
2026-02-13 15:18:03.402923,Paris-4ab3,38,44,Normal
2026-02-13 15:18:04.402923,Paris-4ab3,40,30,Normal
2026-02-13 15:18:05.402923,Paris-4ab3,44,60,Normal
2026-02-13 15:18:06.402923,Paris-4ab3,-28,49,Normal
2026-02-13 15:18:07.402923,Paris-4ab3,17,12,Normal
2026-02-13 15:18:08.402923,Paris-4ab3,-14,87,Normal
2026-02-13 15:18:09.402923,Paris-4ab3,48,83,Normal
2026-02-13 15:18:10.402923,Paris-4ab3,-21,16,Normal
2026-02-13 15:18:11.402923,Paris-4ab3,6,67,Normal
2026-02-13 15:18:12.402923,Paris-4ab3,49,75,Normal
2026-02-13 15:18:13.402923,Paris-4ab3,-11,5,Normal
2026-02-13 15:18:14.402923,Paris-4ab3,5,2,Normal
2026-02-13 15:18:15.402923,Paris-4ab3,19,5,Normal
2026-02-13 15:18:16.402923,Paris-4ab3,-16,38,Normal
2026-02-13 15:18:17.402923,Paris-4ab3,-16,44,Normal
2026-02-13 15:18:18.402923,Paris-4ab3,-11,25,Normal
2026-02-13 15:18:19.402923,Paris-4ab3,-10,32,Normal
2026-02-13 15:18:20.402923,Paris-4ab3,19,82,Normal
2026-02-13 15:18:21.402923,Paris-4ab3,10,30,Normal
2026-02-13 15:18:22.402923,Paris-4ab3,-25,11,Normal
2026-02-13 15:18:23.402923,Paris-4ab3,36,53,Normal
2026-02-13 15:18:24.402923,Paris-4ab3,47,94,Normal
2026-02-13 15:18:25.402923,Paris-4ab3,13,56,Normal
2026-02-13 15:18:26.402923,Paris-4ab3,12,40,Normal
2026-02-13 15:18:27.402923,Paris-4ab3,-25,42,Normal
2026-02-13 15:18:28.402923,Paris-4ab3,4,11,Normal
2026-02-13 15:18:29.402923,Paris-4ab3,26,58,Normal
2026-02-13 15:18:30.402923,Paris-4ab3,33,74,Normal
2026-02-13 15:18:31.402923,Paris-4ab3,-15,33,Normal
2026-02-13 15:18:32.402923,Paris-4ab3,-23,94,Normal
2026-02-13 15:18:33.402923,Paris-4ab3,37,97,Normal
2026-02-13 15:18:34.402923,Paris-4ab3,16,26,Normal
2026-02-13 15:18:35.402923,Paris-4ab3,22,18,Normal
2026-02-13 15:18:36.402923,Paris-4ab3,12,40,Normal
2026-02-13 15:18:37.402923,Paris-4ab3,-24,38,Normal
2026-02-13 15:18:38.402923,Paris-4ab3,-22,49,Normal
2026-02-13 15:18:39.402923,Paris-4ab3,-22,18,Normal
2026-02-13 15:18:40.402923,Paris-4ab3,19,23,Normal
2026-02-13 15:18:41.402923,Paris-4ab3,39,27,Normal
2026-02-13 15:18:42.402923,Paris-4ab3,-17,5,Normal
2026-02-13 15:18:43.402923,Paris-4ab3,30,3,Normal
2026-02-13 15:18:44.402923,Paris-4ab3,-3,63,Normal
2026-02-13 15:18:45.402923,Paris-4ab3,-8,21,Normal
2026-02-13 15:18:46.402923,Paris-4ab3,-14,10,Normal
2026-02-13 15:18:47.402923,Paris-4ab3,35,26,Normal
2026-02-13 15:18:48.402923,Paris-4ab3,-22,76,Normal
2026-02-13 15:18:49.402923,Paris-4ab3,11,83,Normal
2026-02-13 15:18:50.402923,Paris-4ab3,-9,53,Normal
2026-02-13 15:18:51.402923,Paris-4ab3,36,95,Normal
2026-02-13 15:18:52.402923,Paris-4ab3,-13,91,Normal
2026-02-13 15:18:53.402923,Paris-4ab3,38,40,Normal
2026-02-13 15:18:54.402923,Paris-4ab3,6,78,Normal
2026-02-13 15:18:55.402923,Paris-4ab3,45,98,Normal
2026-02-13 15:18:56.402923,Paris-4ab3,18,16,Normal
2026-02-13 15:18:57.402923,Paris-4ab3,-16,37,Normal
2026-02-13 15:18:58.402923,Paris-4ab3,-6,58,Normal
2026-02-13 15:18:59.402923,Paris-4ab3,-6,49,Normal
2026-02-13 15:19:00.402923,Paris-4ab3,-14,87,Normal
2026-02-13 15:19:01.402923,Paris-4ab3,8,42,Normal
2026-02-13 15:19:02.402923,Paris-4ab3,29,19,Normal
2026-02-13 15:19:03.402923,Paris-4ab3,44,100,Normal
2026-02-13 15:19:04.402923,Paris-4ab3,7,53,Normal
2026-02-13 15:19:05.402923,Paris-4ab3,-25,22,Normal
2026-02-13 15:19:06.402923,Paris-4ab3,23,13,Normal
2026-02-13 15:19:07.402923,Paris-4ab3,-1,12,Normal
2026-02-13 15:19:08.402923,Paris-4ab3,3,96,Normal
2026-02-13 15:19:09.402923,Paris-4ab3,-9,51,Normal
2026-02-13 15:19:10.402923,Paris-4ab3,32,97,Normal
2026-02-13 15:19:11.402923,Paris-4ab3,-24,90,Normal
2026-02-13 15:19:12.402923,Paris-4ab3,-26,92,Normal
2026-02-13 15:19:13.402923,Paris-4ab3,28,88,Normal
2026-02-13 15:19:14.402923,Paris-4ab3,2,24,Normal
2026-02-13 15:19:15.402923,Paris-4ab3,-5,47,Normal
2026-02-13 15:19:16.402923,Paris-4ab3,-17,79,Normal
2026-02-13 15:19:17.402923,Paris-4ab3,0,0,Normal
2026-02-13 15:19:18.402923,Paris-4ab3,50,87,Normal
2026-02-13 15:19:19.402923,Paris-4ab3,-4,31,Normal
2026-02-13 15:19:20.402923,Paris-4ab3,6,22,Normal
2026-02-13 15:19:21.402923,Paris-4ab3,-10,22,Normal
2026-02-13 15:19:22.402923,Paris-4ab3,15,48,Normal
2026-02-13 15:19:23.402923,Paris-4ab3,48,49,Normal
2026-02-13 15:19:24.402923,Paris-4ab3,22,59,Normal
2026-02-13 15:19:25.402923,Paris-4ab3,7,83,Normal
2026-02-13 15:19:26.402923,Paris-4ab3,30,97,Normal
2026-02-13 15:19:27.402923,Paris-4ab3,-7,14,Normal
2026-02-13 15:19:28.402923,Paris-4ab3,-11,85,Normal
2026-02-13 15:19:29.402923,Paris-4ab3,26,54,Normal
2026-02-13 15:19:30.402923,Paris-4ab3,-6,64,Normal
2026-02-13 15:19:31.402923,Paris-4ab3,-15,44,Normal
2026-02-13 15:19:32.402923,Paris-4ab3,21,29,Normal
2026-02-13 15:19:33.402923,Paris-4ab3,12,45,Normal
2026-02-13 15:19:34.402923,Paris-4ab3,-26,57,Normal
2026-02-13 15:19:35.402923,Paris-4ab3,12,36,Normal
2026-02-13 15:19:36.402923,Paris-4ab3,6,25,Normal
2026-02-13 15:19:37.402923,Paris-4ab3,-12,79,Normal
2026-02-13 15:19:38.402923,Paris-4ab3,25,52,Normal
2026-02-13 15:19:39.402923,Paris-4ab3,27,28,Normal
2026-02-13 15:19:40.402923,Paris-4ab3,-19,42,Normal
2026-02-13 15:19:41.402923,Paris-4ab3,5,68,Normal
2026-02-13 15:19:42.402923,Paris-4ab3,39,48,Normal
2026-02-13 15:19:43.402923,Paris-4ab3,5,82,Normal
2026-02-13 15:19:44.402923,Paris-4ab3,-22,26,Normal
2026-02-13 15:19:45.402923,Paris-4ab3,4,90,Normal
2026-02-13 15:19:46.402923,Paris-4ab3,-24,29,Normal
2026-02-13 15:19:47.402923,Paris-4ab3,21,48,Normal
2026-02-13 15:19:48.402923,Paris-4ab3,-5,98,Normal
2026-02-13 15:19:49.402923,Paris-4ab3,15,31,Normal
2026-02-13 15:19:50.402923,Paris-4ab3,44,63,Normal
2026-02-13 15:19:51.402923,Paris-4ab3,44,44,Normal
2026-02-13 15:19:52.402923,Paris-4ab3,36,1,Normal
2026-02-13 15:19:53.402923,Paris-4ab3,26,57,Normal
2026-02-13 15:19:54.402923,Paris-4ab3,0,55,Normal
2026-02-13 15:19:55.402923,Paris-4ab3,41,16,Normal
2026-02-13 15:19:56.402923,Paris-4ab3,21,78,Normal
2026-02-13 15:19:57.402923,Paris-4ab3,17,49,Normal
2026-02-13 15:19:58.402923,Paris-4ab3,19,80,Normal
2026-02-13 15:19:59.402923,Paris-4ab3,16,44,Normal
2026-02-13 15:20:00.402923,Paris-4ab3,21,33,Normal
2026-02-13 15:20:01.402923,Paris-4ab3,-6,33,Normal
2026-02-13 15:20:02.402923,Paris-4ab3,48,63,Normal
2026-02-13 15:20:03.402923,Paris-4ab3,-20,61,Normal
2026-02-13 15:20:04.402923,Paris-4ab3,49,10,Normal
2026-02-13 15:20:05.402923,Paris-4ab3,23,80,Normal
2026-02-13 15:20:06.402923,Paris-4ab3,0,61,Normal
2026-02-13 15:20:07.402923,Paris-4ab3,-4,49,Normal
2026-02-13 15:20:08.402923,Paris-4ab3,3,92,Normal
2026-02-13 15:20:09.402923,Paris-4ab3,-21,69,Normal
2026-02-13 15:20:10.402923,Paris-4ab3,19,60,Normal
2026-02-13 15:20:11.402923,Paris-4ab3,40,39,Normal
2026-02-13 15:20:12.402923,Paris-4ab3,39,77,Normal
2026-02-13 15:20:13.402923,Paris-4ab3,-10,35,Normal
2026-02-13 15:20:14.402923,Paris-4ab3,42,87,Normal
2026-02-13 15:20:15.402923,Paris-4ab3,-2,47,Normal
2026-02-13 15:20:16.402923,Paris-4ab3,-12,73,Normal
2026-02-13 15:20:17.402923,Paris-4ab3,21,64,Normal
2026-02-13 15:20:18.402923,Paris-4ab3,26,28,Normal
2026-02-13 15:20:19.402923,Paris-4ab3,36,54,Normal
2026-02-13 15:20:20.402923,Paris-4ab3,28,16,Normal
2026-02-13 15:20:21.402923,Paris-4ab3,30,47,Normal
2026-02-13 15:20:22.402923,Paris-4ab3,-9,23,Normal
2026-02-13 15:20:23.402923,Paris-4ab3,46,97,Normal
2026-02-13 15:20:24.402923,Paris-4ab3,1,25,Normal
2026-02-13 15:20:25.402923,Paris-4ab3,46,65,Normal
2026-02-13 15:20:26.402923,Paris-4ab3,-30,98,Normal
2026-02-13 15:20:27.402923,Paris-4ab3,43,70,Normal
2026-02-13 15:20:28.402923,Paris-4ab3,-22,63,Normal
2026-02-13 15:20:29.402923,Paris-4ab3,-8,52,Normal
2026-02-13 15:20:30.402923,Paris-4ab3,43,85,Normal
2026-02-13 15:20:31.402923,Paris-4ab3,-30,29,Normal
2026-02-13 15:20:32.402923,Paris-4ab3,31,75,Normal
2026-02-13 15:20:33.402923,Paris-4ab3,27,59,Normal
2026-02-13 15:20:34.402923,Paris-4ab3,-14,28,Normal
2026-02-13 15:20:35.402923,Paris-4ab3,-30,35,Normal
2026-02-13 15:20:36.402923,Paris-4ab3,2,14,Normal
2026-02-13 15:20:37.402923,Paris-4ab3,4,91,Normal
2026-02-13 15:20:38.402923,Paris-4ab3,41,58,Normal
2026-02-13 15:20:39.402923,Paris-4ab3,28,64,Normal
2026-02-13 15:20:40.402923,Paris-4ab3,34,76,Normal
2026-02-13 15:20:41.402923,Paris-4ab3,12,11,Normal
2026-02-13 15:20:42.402923,Paris-4ab3,30,72,Normal
2026-02-13 15:20:43.402923,Paris-4ab3,9,35,Normal
2026-02-13 15:20:44.402923,Paris-4ab3,-17,36,Normal
2026-02-13 15:20:45.402923,Paris-4ab3,-29,3,Normal
2026-02-13 15:20:46.402923,Paris-4ab3,49,21,Normal
2026-02-13 15:20:47.402923,Paris-4ab3,-6,71,Normal
2026-02-13 15:20:48.402923,Paris-4ab3,-9,47,Normal
2026-02-13 15:20:49.402923,Paris-4ab3,-11,67,Normal
2026-02-13 15:20:50.402923,Paris-4ab3,-12,0,Normal
2026-02-13 15:20:51.402923,Paris-4ab3,-21,4,Normal
2026-02-13 15:20:52.402923,Paris-4ab3,-10,53,Normal
2026-02-13 15:20:53.402923,Paris-4ab3,19,29,Normal
2026-02-13 15:20:54.402923,Paris-4ab3,26,1,Normal
2026-02-13 15:20:55.402923,Paris-4ab3,14,36,Normal
2026-02-13 15:20:56.402923,Paris-4ab3,-18,12,Normal
2026-02-13 15:20:57.402923,Paris-4ab3,-1,12,Normal
2026-02-13 15:20:58.402923,Paris-4ab3,16,41,Normal
2026-02-13 15:20:59.402923,Paris-4ab3,23,68,Normal
2026-02-13 15:21:00.402923,Paris-4ab3,-22,11,Normal
2026-02-13 15:21:01.402923,Paris-4ab3,8,90,Normal
2026-02-13 15:21:02.402923,Paris-4ab3,9,14,Normal
2026-02-13 15:21:03.402923,Paris-4ab3,43,26,Normal
2026-02-13 15:21:04.402923,Paris-4ab3,2,78,Normal
2026-02-13 15:21:05.402923,Paris-4ab3,35,6,Normal
2026-02-13 15:21:06.402923,Paris-4ab3,-12,89,Normal
2026-02-13 15:21:07.402923,Paris-4ab3,36,0,Normal
2026-02-13 15:21:08.402923,Paris-4ab3,15,70,Normal
2026-02-13 15:21:09.402923,Paris-4ab3,24,38,Normal
2026-02-13 15:21:10.402923,Paris-4ab3,-27,47,Normal
2026-02-13 15:21:11.402923,Paris-4ab3,41,71,Normal
2026-02-13 15:21:12.402923,Paris-4ab3,34,46,Normal
2026-02-13 15:21:13.402923,Paris-4ab3,-13,8,Normal
2026-02-13 15:21:14.402923,Paris-4ab3,26,97,Normal
2026-02-13 15:21:15.402923,Paris-4ab3,40,78,Normal
2026-02-13 15:21:16.402923,Paris-4ab3,24,73,Normal
2026-02-13 15:21:17.402923,Paris-4ab3,-29,91,Normal
2026-02-13 15:21:18.402923,Paris-4ab3,-14,51,Normal
2026-02-13 15:21:19.402923,Paris-4ab3,-25,4,Normal
2026-02-13 15:21:20.402923,Paris-4ab3,28,71,Normal
2026-02-13 15:21:21.402923,Paris-4ab3,19,54,Normal
2026-02-13 15:21:22.402923,Paris-4ab3,-4,19,Normal
2026-02-13 15:21:23.402923,Paris-4ab3,25,6,Normal
2026-02-13 15:21:24.402923,Paris-4ab3,-12,62,Normal
2026-02-13 15:21:25.402923,Paris-4ab3,43,55,Normal
2026-02-13 15:21:26.402923,Paris-4ab3,-21,26,Normal
2026-02-13 15:21:27.402923,Paris-4ab3,46,16,Normal
2026-02-13 15:21:28.402923,Paris-4ab3,-4,5,Normal
2026-02-13 15:21:29.402923,Paris-4ab3,49,62,Normal
2026-02-13 15:21:30.402923,Paris-4ab3,36,22,Normal
2026-02-13 15:21:31.402923,Paris-4ab3,22,19,Normal
2026-02-13 15:21:32.402923,Paris-4ab3,49,42,Normal
2026-02-13 15:21:33.402923,Paris-4ab3,-30,32,Normal
2026-02-13 15:21:34.402923,Paris-4ab3,30,8,Normal
2026-02-13 15:21:35.402923,Paris-4ab3,-25,99,Normal
2026-02-13 15:21:36.402923,Paris-4ab3,49,19,Normal
2026-02-13 15:21:37.402923,Paris-4ab3,18,44,Normal
2026-02-13 15:21:38.402923,Paris-4ab3,25,98,Normal
2026-02-13 15:21:39.402923,Paris-4ab3,31,97,Normal
2026-02-13 15:21:40.402923,Paris-4ab3,21,71,Normal
2026-02-13 15:21:41.402923,Paris-4ab3,-9,53,Normal
2026-02-13 15:21:42.402923,Paris-4ab3,0,18,Normal
2026-02-13 15:21:43.402923,Paris-4ab3,33,77,Normal
2026-02-13 15:21:44.402923,Paris-4ab3,-19,8,Normal
2026-02-13 15:21:45.402923,Paris-4ab3,31,77,Normal
2026-02-13 15:21:46.402923,Paris-4ab3,28,42,Normal
2026-02-13 15:21:47.402923,Paris-4ab3,-17,52,Normal
2026-02-13 15:21:48.402923,Paris-4ab3,-15,69,Normal
2026-02-13 15:21:49.402923,Paris-4ab3,23,26,Normal
2026-02-13 15:21:50.402923,Paris-4ab3,-5,30,Normal
2026-02-13 15:21:51.402923,Paris-4ab3,-29,82,Normal
2026-02-13 15:21:52.402923,Paris-4ab3,47,44,Normal
2026-02-13 15:21:53.402923,Paris-4ab3,-23,65,Normal
2026-02-13 15:21:54.402923,Paris-4ab3,6,91,Normal
2026-02-13 15:21:55.402923,Paris-4ab3,35,0,Normal
2026-02-13 15:21:56.402923,Paris-4ab3,-7,65,Normal
2026-02-13 15:21:57.402923,Paris-4ab3,7,39,Normal
2026-02-13 15:21:58.402923,Paris-4ab3,-9,86,Normal
2026-02-13 15:21:59.402923,Paris-4ab3,3,82,Normal
2026-02-13 15:22:00.402923,Paris-4ab3,-15,44,Normal
2026-02-13 15:22:01.402923,Paris-4ab3,-11,82,Normal
2026-02-13 15:22:02.402923,Paris-4ab3,47,34,Normal
2026-02-13 15:22:03.402923,Paris-4ab3,39,66,Normal
2026-02-13 15:22:04.402923,Paris-4ab3,-19,63,Normal
2026-02-13 15:22:05.402923,Paris-4ab3,-19,63,Normal
2026-02-13 15:22:06.402923,Paris-4ab3,-22,15,Normal
2026-02-13 15:22:07.402923,Paris-4ab3,-8,38,Normal
2026-02-13 15:22:08.402923,Paris-4ab3,-21,70,Normal
2026-02-13 15:22:09.402923,Paris-4ab3,34,62,Normal
2026-02-13 15:22:10.402923,Paris-4ab3,10,11,Normal
2026-02-13 15:22:11.402923,Paris-4ab3,47,34,Normal
2026-02-13 15:22:12.402923,Paris-4ab3,16,65,Normal
2026-02-13 15:22:13.402923,Paris-4ab3,-29,88,Normal
2026-02-13 15:22:14.402923,Paris-4ab3,-2,25,Normal
2026-02-13 15:22:15.402923,Paris-4ab3,19,35,Normal
2026-02-13 15:22:16.402923,Paris-4ab3,49,92,Normal
2026-02-13 15:22:17.402923,Paris-4ab3,-3,20,Normal
2026-02-13 15:22:18.402923,Paris-4ab3,32,84,Normal
2026-02-13 15:22:19.402923,Paris-4ab3,-11,57,Normal
2026-02-13 15:22:20.402923,Paris-4ab3,48,35,Normal
2026-02-13 15:22:21.402923,Paris-4ab3,40,71,Normal
2026-02-13 15:22:22.402923,Paris-4ab3,46,33,Normal
2026-02-13 15:22:23.402923,Paris-4ab3,24,16,Normal
2026-02-13 15:22:24.402923,Paris-4ab3,41,9,Normal
2026-02-13 15:22:25.402923,Paris-4ab3,8,4,Normal
2026-02-13 15:22:26.402923,Paris-4ab3,-8,30,Normal
2026-02-13 15:22:27.402923,Paris-4ab3,44,44,Normal
2026-02-13 15:22:28.402923,Paris-4ab3,29,46,Normal
2026-02-13 15:22:29.402923,Paris-4ab3,22,33,Normal
2026-02-13 15:22:30.402923,Paris-4ab3,19,71,Normal
2026-02-13 15:22:31.402923,Paris-4ab3,47,94,Normal
2026-02-13 15:22:32.402923,Paris-4ab3,38,40,Normal
2026-02-13 15:22:33.402923,Paris-4ab3,7,24,Normal
2026-02-13 15:22:34.402923,Paris-4ab3,40,29,Normal
2026-02-13 15:22:35.402923,Paris-4ab3,-11,94,Normal
2026-02-13 15:22:36.402923,Paris-4ab3,28,74,Normal
2026-02-13 15:22:37.402923,Paris-4ab3,22,65,Normal
2026-02-13 15:22:38.402923,Paris-4ab3,49,22,Normal
2026-02-13 15:22:39.402923,Paris-4ab3,-19,58,Normal
2026-02-13 15:22:40.402923,Paris-4ab3,7,34,Normal
2026-02-13 15:22:41.402923,Paris-4ab3,24,68,Normal
2026-02-13 15:22:42.402923,Paris-4ab3,-20,4,Normal
2026-02-13 15:22:43.402923,Paris-4ab3,-3,45,Normal
2026-02-13 15:22:44.402923,Paris-4ab3,18,10,Normal
2026-02-13 15:22:45.402923,Paris-4ab3,-26,86,Normal
2026-02-13 15:22:46.402923,Paris-4ab3,18,97,Normal
2026-02-13 15:22:47.402923,Paris-4ab3,43,66,Normal
2026-02-13 15:22:48.402923,Paris-4ab3,35,21,Normal
2026-02-13 15:22:49.402923,Paris-4ab3,0,34,Normal
2026-02-13 15:22:50.402923,Paris-4ab3,-4,36,Normal
2026-02-13 15:22:51.402923,Paris-4ab3,-2,17,Normal
2026-02-13 15:22:52.402923,Paris-4ab3,47,96,Normal
2026-02-13 15:22:53.402923,Paris-4ab3,9,5,Normal
2026-02-13 15:22:54.402923,Paris-4ab3,-8,72,Normal
2026-02-13 15:22:55.402923,Paris-4ab3,31,33,Normal
2026-02-13 15:22:56.402923,Paris-4ab3,44,35,Normal
2026-02-13 15:22:57.402923,Paris-4ab3,12,90,Normal
2026-02-13 15:22:58.402923,Paris-4ab3,-20,24,Normal
2026-02-13 15:22:59.402923,Paris-4ab3,-4,87,Normal
2026-02-13 15:23:00.402923,Paris-4ab3,-29,42,Normal
2026-02-13 15:23:01.402923,Paris-4ab3,-27,21,Normal
2026-02-13 15:23:02.402923,Paris-4ab3,28,31,Normal
2026-02-13 15:23:03.402923,Paris-4ab3,48,22,Normal
2026-02-13 15:23:04.402923,Paris-4ab3,31,23,Normal
2026-02-13 15:23:05.402923,Paris-4ab3,44,75,Normal
2026-02-13 15:23:06.402923,Paris-4ab3,-11,80,Normal
2026-02-13 15:23:07.402923,Paris-4ab3,-2,31,Normal
2026-02-13 15:23:08.402923,Paris-4ab3,-2,20,Normal
2026-02-13 15:23:09.402923,Paris-4ab3,20,83,Normal
2026-02-13 15:23:10.402923,Paris-4ab3,-3,18,Normal
2026-02-13 15:23:11.402923,Paris-4ab3,6,72,Normal
2026-02-13 15:23:12.402923,Paris-4ab3,21,91,Normal
2026-02-13 15:23:13.402923,Paris-4ab3,17,82,Normal
2026-02-13 15:23:14.402923,Paris-4ab3,1,80,Normal
2026-02-13 15:23:15.402923,Paris-4ab3,35,38,Normal
2026-02-13 15:23:16.402923,Paris-4ab3,6,17,Normal
2026-02-13 15:23:17.402923,Paris-4ab3,-17,37,Normal
2026-02-13 15:23:18.402923,Paris-4ab3,-10,2,Normal
2026-02-13 15:23:19.402923,Paris-4ab3,28,78,Normal
2026-02-13 15:23:20.402923,Paris-4ab3,19,44,Normal
2026-02-13 15:23:21.402923,Paris-4ab3,17,30,Normal
2026-02-13 15:23:22.402923,Paris-4ab3,43,49,Normal
2026-02-13 15:23:23.402923,Paris-4ab3,-26,65,Normal
2026-02-13 15:23:24.402923,Paris-4ab3,32,50,Normal
2026-02-13 15:23:25.402923,Paris-4ab3,-20,21,Normal
2026-02-13 15:23:26.402923,Paris-4ab3,-2,94,Normal
2026-02-13 15:23:27.402923,Paris-4ab3,-6,62,Normal
2026-02-13 15:23:28.402923,Paris-4ab3,23,52,Normal
2026-02-13 15:23:29.402923,Paris-4ab3,-22,19,Normal
2026-02-13 15:23:30.402923,Paris-4ab3,28,22,Normal
2026-02-13 15:23:31.402923,Paris-4ab3,2,56,Normal
2026-02-13 15:23:32.402923,Paris-4ab3,40,70,Normal
2026-02-13 15:23:33.402923,Paris-4ab3,-8,0,Normal
2026-02-13 15:23:34.402923,Paris-4ab3,-13,6,Normal
2026-02-13 15:23:35.402923,Paris-4ab3,1,2,Normal
2026-02-13 15:23:36.402923,Paris-4ab3,22,17,Normal
2026-02-13 15:23:37.402923,Paris-4ab3,40,61,Normal
2026-02-13 15:23:38.402923,Paris-4ab3,25,99,Normal
2026-02-13 15:23:39.402923,Paris-4ab3,-3,69,Normal
2026-02-13 15:23:40.402923,Paris-4ab3,40,14,Normal
2026-02-13 15:23:41.402923,Paris-4ab3,-27,61,Normal
2026-02-13 15:23:42.402923,Paris-4ab3,5,72,Normal
2026-02-13 15:23:43.402923,Paris-4ab3,12,78,Normal
2026-02-13 15:23:44.402923,Paris-4ab3,21,53,Normal
2026-02-13 15:23:45.402923,Paris-4ab3,1,49,Normal
2026-02-13 15:23:46.402923,Paris-4ab3,15,71,Normal
2026-02-13 15:23:47.402923,Paris-4ab3,13,44,Normal
2026-02-13 15:23:48.402923,Paris-4ab3,46,51,Normal
2026-02-13 15:23:49.402923,Paris-4ab3,49,94,Normal
2026-02-13 15:23:50.402923,Paris-4ab3,-28,33,Normal
2026-02-13 15:23:51.402923,Paris-4ab3,-18,44,Normal
2026-02-13 15:23:52.402923,Paris-4ab3,38,20,Normal
2026-02-13 15:23:53.402923,Paris-4ab3,-22,97,Normal
2026-02-13 15:23:54.402923,Paris-4ab3,-26,16,Normal
2026-02-13 15:23:55.402923,Paris-4ab3,29,89,Normal
2026-02-13 15:23:56.402923,Paris-4ab3,-18,36,Normal
2026-02-13 15:23:57.402923,Paris-4ab3,-8,63,Normal
2026-02-13 15:23:58.402923,Paris-4ab3,35,30,Normal
2026-02-13 15:23:59.402923,Paris-4ab3,6,100,Normal
2026-02-13 15:24:00.402923,Paris-4ab3,-30,60,Normal
2026-02-13 15:24:01.402923,Paris-4ab3,-2,40,Normal
2026-02-13 15:24:02.402923,Paris-4ab3,28,59,Normal
2026-02-13 15:24:03.402923,Paris-4ab3,17,64,Normal
2026-02-13 15:24:04.402923,Paris-4ab3,35,48,Normal
2026-02-13 15:24:05.402923,Paris-4ab3,8,39,Normal
2026-02-13 15:24:06.402923,Paris-4ab3,7,29,Normal
2026-02-13 15:24:07.402923,Paris-4ab3,10,16,Normal
2026-02-13 15:24:08.402923,Paris-4ab3,30,95,Normal
2026-02-13 15:24:09.402923,Paris-4ab3,-3,83,Normal
2026-02-13 15:24:10.402923,Paris-4ab3,31,33,Normal
2026-02-13 15:24:11.402923,Paris-4ab3,-8,85,Normal
2026-02-13 15:24:12.402923,Paris-4ab3,-21,31,Normal
2026-02-13 15:24:13.402923,Paris-4ab3,9,100,Normal
2026-02-13 15:24:14.402923,Paris-4ab3,10,14,Normal
2026-02-13 15:24:15.402923,Paris-4ab3,39,2,Normal
2026-02-13 15:24:16.402923,Paris-4ab3,21,35,Normal
2026-02-13 15:24:17.402923,Paris-4ab3,-7,81,Normal
2026-02-13 15:24:18.402923,Paris-4ab3,20,28,Normal
2026-02-13 15:24:19.402923,Paris-4ab3,-10,59,Normal
2026-02-13 15:24:20.402923,Paris-4ab3,-27,34,Normal
2026-02-13 15:24:21.402923,Paris-4ab3,-16,43,Normal
2026-02-13 15:24:22.402923,Paris-4ab3,-23,31,Normal
2026-02-13 15:24:23.402923,Paris-4ab3,39,9,Normal
2026-02-13 15:24:24.402923,Paris-4ab3,-16,36,Normal
2026-02-13 15:24:25.402923,Paris-4ab3,45,83,Normal
2026-02-13 15:24:26.402923,Paris-4ab3,0,77,Normal
2026-02-13 15:24:27.402923,Paris-4ab3,24,14,Normal
2026-02-13 15:24:28.402923,Paris-4ab3,-21,90,Normal
2026-02-13 15:24:29.402923,Paris-4ab3,22,11,Normal
2026-02-13 15:24:30.402923,Paris-4ab3,27,31,Normal
2026-02-13 15:24:31.402923,Paris-4ab3,-9,51,Normal
2026-02-13 15:24:32.402923,Paris-4ab3,-19,74,Normal
2026-02-13 15:24:33.402923,Paris-4ab3,15,18,Normal
2026-02-13 15:24:34.402923,Paris-4ab3,43,79,Normal
2026-02-13 15:24:35.402923,Paris-4ab3,29,78,Normal
2026-02-13 15:24:36.402923,Paris-4ab3,-9,79,Normal
2026-02-13 15:24:37.402923,Paris-4ab3,23,58,Normal
2026-02-13 15:24:38.402923,Paris-4ab3,-5,50,Normal
2026-02-13 15:24:39.402923,Paris-4ab3,30,0,Normal
2026-02-13 15:24:40.402923,Paris-4ab3,24,81,Normal
2026-02-13 15:24:41.402923,Paris-4ab3,-18,62,Normal
2026-02-13 15:24:42.402923,Paris-4ab3,-9,24,Normal
2026-02-13 15:24:43.402923,Paris-4ab3,31,27,Normal
2026-02-13 15:24:44.402923,Paris-4ab3,22,20,Normal
2026-02-13 15:24:45.402923,Paris-4ab3,50,59,Normal
2026-02-13 15:24:46.402923,Paris-4ab3,0,40,Normal
2026-02-13 15:24:47.402923,Paris-4ab3,-17,61,Normal
2026-02-13 15:24:48.402923,Paris-4ab3,29,94,Normal
2026-02-13 15:24:49.402923,Paris-4ab3,22,89,Normal
2026-02-13 15:24:50.402923,Paris-4ab3,29,5,Normal
2026-02-13 15:24:51.402923,Paris-4ab3,-23,8,Normal
2026-02-13 15:24:52.402923,Paris-4ab3,16,32,Normal
2026-02-13 15:24:53.402923,Paris-4ab3,-25,17,Normal
2026-02-13 15:24:54.402923,Paris-4ab3,28,90,Normal
2026-02-13 15:24:55.402923,Paris-4ab3,14,27,Normal
2026-02-13 15:24:56.402923,Paris-4ab3,13,7,Normal
2026-02-13 15:24:57.402923,Paris-4ab3,25,30,Normal
2026-02-13 15:24:58.402923,Paris-4ab3,11,82,Normal
2026-02-13 15:24:59.402923,Paris-4ab3,-10,27,Normal
2026-02-13 15:25:00.402923,Paris-4ab3,17,57,Normal
2026-02-13 15:25:01.402923,Paris-4ab3,-4,66,Normal
2026-02-13 15:25:02.402923,Paris-4ab3,43,3,Normal
2026-02-13 15:25:03.402923,Paris-4ab3,23,40,Normal
2026-02-13 15:25:04.402923,Paris-4ab3,18,51,Normal
2026-02-13 15:25:05.402923,Paris-4ab3,-10,45,Normal
2026-02-13 15:25:06.402923,Paris-4ab3,15,30,Normal
2026-02-13 15:25:07.402923,Paris-4ab3,43,89,Normal
2026-02-13 15:25:08.402923,Paris-4ab3,31,37,Normal
2026-02-13 15:25:09.402923,Paris-4ab3,45,5,Normal
2026-02-13 15:25:10.402923,Paris-4ab3,30,7,Normal
2026-02-13 15:25:11.402923,Paris-4ab3,49,90,Normal
2026-02-13 15:25:12.402923,Paris-4ab3,25,93,Normal
2026-02-13 15:25:13.402923,Paris-4ab3,40,85,Normal
2026-02-13 15:25:14.402923,Paris-4ab3,23,73,Normal
2026-02-13 15:25:15.402923,Paris-4ab3,41,64,Normal
2026-02-13 15:25:16.402923,Paris-4ab3,-9,80,Normal
2026-02-13 15:25:17.402923,Paris-4ab3,44,90,Normal
2026-02-13 15:25:18.402923,Paris-4ab3,26,53,Normal
2026-02-13 15:25:19.402923,Paris-4ab3,-5,19,Normal
2026-02-13 15:25:20.402923,Paris-4ab3,-14,91,Normal
2026-02-13 15:25:21.402923,Paris-4ab3,-6,68,Normal
2026-02-13 15:25:22.402923,Paris-4ab3,-13,95,Normal
2026-02-13 15:25:23.402923,Paris-4ab3,49,48,Normal
2026-02-13 15:25:24.402923,Paris-4ab3,43,4,Normal
2026-02-13 15:25:25.402923,Paris-4ab3,37,87,Normal
2026-02-13 15:25:26.402923,Paris-4ab3,-28,90,Normal
2026-02-13 15:25:27.402923,Paris-4ab3,-23,50,Normal
2026-02-13 15:25:28.402923,Paris-4ab3,-27,93,Normal
2026-02-13 15:25:29.402923,Paris-4ab3,-13,46,Normal
2026-02-13 15:25:30.402923,Paris-4ab3,-19,48,Normal
2026-02-13 15:25:31.402923,Paris-4ab3,-9,100,Normal
2026-02-13 15:25:32.402923,Paris-4ab3,27,21,Normal
2026-02-13 15:25:33.402923,Paris-4ab3,18,87,Normal
2026-02-13 15:25:34.402923,Paris-4ab3,-18,88,Normal
2026-02-13 15:25:35.402923,Paris-4ab3,-18,30,Normal
2026-02-13 15:25:36.402923,Paris-4ab3,23,69,Normal
2026-02-13 15:25:37.402923,Paris-4ab3,7,15,Normal
2026-02-13 15:25:38.402923,Paris-4ab3,-6,88,Normal
2026-02-13 15:25:39.402923,Paris-4ab3,-19,91,Normal
2026-02-13 15:25:40.402923,Paris-4ab3,18,33,Normal
2026-02-13 15:25:41.402923,Paris-4ab3,41,47,Normal
2026-02-13 15:25:42.402923,Paris-4ab3,-14,73,Normal
2026-02-13 15:25:43.402923,Paris-4ab3,37,98,Normal
2026-02-13 15:25:44.402923,Paris-4ab3,27,69,Normal
2026-02-13 15:25:45.402923,Paris-4ab3,35,6,Normal
2026-02-13 15:25:46.402923,Paris-4ab3,-1,13,Normal
2026-02-13 15:25:47.402923,Paris-4ab3,-16,36,Normal
2026-02-13 15:25:48.402923,Paris-4ab3,-27,95,Normal
2026-02-13 15:25:49.402923,Paris-4ab3,37,53,Normal
2026-02-13 15:25:50.402923,Paris-4ab3,49,53,Normal
2026-02-13 15:25:51.402923,Paris-4ab3,16,98,Normal
2026-02-13 15:25:52.402923,Paris-4ab3,-4,88,Normal
2026-02-13 15:25:53.402923,Paris-4ab3,-2,43,Normal
2026-02-13 15:25:54.402923,Paris-4ab3,44,96,Normal
2026-02-13 15:25:55.402923,Paris-4ab3,8,23,Normal
2026-02-13 15:25:56.402923,Paris-4ab3,-14,39,Normal
2026-02-13 15:25:57.402923,Paris-4ab3,21,27,Normal
2026-02-13 15:25:58.402923,Paris-4ab3,-7,16,Normal
2026-02-13 15:25:59.402923,Paris-4ab3,-4,98,Normal
2026-02-13 15:26:00.402923,Paris-4ab3,-17,4,Normal
2026-02-13 15:26:01.402923,Paris-4ab3,-11,19,Normal
2026-02-13 15:26:02.402923,Paris-4ab3,-20,49,Normal
2026-02-13 15:26:03.402923,Paris-4ab3,2,89,Normal
2026-02-13 15:26:04.402923,Paris-4ab3,39,52,Normal
2026-02-13 15:26:05.402923,Paris-4ab3,39,89,Normal
2026-02-13 15:26:06.402923,Paris-4ab3,30,74,Normal
2026-02-13 15:26:07.402923,Paris-4ab3,37,12,Normal
2026-02-13 15:26:08.402923,Paris-4ab3,-25,25,Normal
2026-02-13 15:26:09.402923,Paris-4ab3,17,45,Normal
2026-02-13 15:26:10.402923,Paris-4ab3,39,32,Normal
2026-02-13 15:26:11.402923,Paris-4ab3,39,8,Normal
2026-02-13 15:26:12.402923,Paris-4ab3,42,4,Normal
2026-02-13 15:26:13.402923,Paris-4ab3,11,62,Normal
2026-02-13 15:26:14.402923,Paris-4ab3,24,62,Normal
2026-02-13 15:26:15.402923,Paris-4ab3,50,85,Normal
2026-02-13 15:26:16.402923,Paris-4ab3,-26,87,Normal
2026-02-13 15:26:17.402923,Paris-4ab3,41,23,Normal
2026-02-13 15:26:18.402923,Paris-4ab3,50,74,Normal
2026-02-13 15:26:19.402923,Paris-4ab3,-2,75,Normal
2026-02-13 15:26:20.402923,Paris-4ab3,-17,83,Normal
2026-02-13 15:26:21.402923,Paris-4ab3,-4,88,Normal
2026-02-13 15:26:22.402923,Paris-4ab3,20,2,Normal
2026-02-13 15:26:23.402923,Paris-4ab3,-9,77,Normal
2026-02-13 15:26:24.402923,Paris-4ab3,20,11,Normal
2026-02-13 15:26:25.402923,Paris-4ab3,49,13,Normal
2026-02-13 15:26:26.402923,Paris-4ab3,48,25,Normal
2026-02-13 15:26:27.402923,Paris-4ab3,-29,79,Normal
2026-02-13 15:26:28.402923,Paris-4ab3,-4,98,Normal
2026-02-13 15:26:29.402923,Paris-4ab3,33,8,Normal
2026-02-13 15:26:30.402923,Paris-4ab3,30,19,Normal
2026-02-13 15:26:31.402923,Paris-4ab3,21,74,Normal
2026-02-13 15:26:32.402923,Paris-4ab3,12,13,Normal
2026-02-13 15:26:33.402923,Paris-4ab3,-18,71,Normal
2026-02-13 15:26:34.402923,Paris-4ab3,17,73,Normal
2026-02-13 15:26:35.402923,Paris-4ab3,29,65,Normal
2026-02-13 15:26:36.402923,Paris-4ab3,12,98,Normal
2026-02-13 15:26:37.402923,Paris-4ab3,47,83,Normal
2026-02-13 15:26:38.402923,Paris-4ab3,-12,11,Normal
2026-02-13 15:26:39.402923,Paris-4ab3,36,33,Normal
2026-02-13 15:26:40.402923,Paris-4ab3,17,95,Normal
2026-02-13 15:26:41.402923,Paris-4ab3,-14,54,Normal
2026-02-13 15:26:42.402923,Paris-4ab3,-1,83,Normal
2026-02-13 15:26:43.402923,Paris-4ab3,-23,48,Normal
2026-02-13 15:26:44.402923,Paris-4ab3,30,11,Normal
2026-02-13 15:26:45.402923,Paris-4ab3,-5,14,Normal
2026-02-13 15:26:46.402923,Paris-4ab3,-28,49,Normal
2026-02-13 15:26:47.402923,Paris-4ab3,12,25,Normal
2026-02-13 15:26:48.402923,Paris-4ab3,-24,87,Normal
2026-02-13 15:26:49.402923,Paris-4ab3,-20,10,Normal
2026-02-13 15:26:50.402923,Paris-4ab3,-3,27,Normal
2026-02-13 15:26:51.402923,Paris-4ab3,25,17,Normal
2026-02-13 15:26:52.402923,Paris-4ab3,-2,33,Normal
2026-02-13 15:26:53.402923,Paris-4ab3,-9,13,Normal
2026-02-13 15:26:54.402923,Paris-4ab3,-10,81,Normal
2026-02-13 15:26:55.402923,Paris-4ab3,48,99,Normal
2026-02-13 15:26:56.402923,Paris-4ab3,50,76,Normal
2026-02-13 15:26:57.402923,Paris-4ab3,-19,31,Normal
2026-02-13 15:26:58.402923,Paris-4ab3,44,46,Normal
2026-02-13 15:26:59.402923,Paris-4ab3,-28,72,Normal
2026-02-13 15:27:00.402923,Paris-4ab3,11,64,Normal
2026-02-13 15:27:01.402923,Paris-4ab3,20,12,Normal
2026-02-13 15:27:02.402923,Paris-4ab3,-18,62,Normal
2026-02-13 15:27:03.402923,Paris-4ab3,-30,56,Normal
2026-02-13 15:27:04.402923,Paris-4ab3,20,3,Normal
2026-02-13 15:27:05.402923,Paris-4ab3,30,85,Normal
2026-02-13 15:27:06.402923,Paris-4ab3,-3,12,Normal
2026-02-13 15:27:07.402923,Paris-4ab3,4,21,Normal
2026-02-13 15:27:08.402923,Paris-4ab3,24,17,Normal
2026-02-13 15:27:09.402923,Paris-4ab3,45,77,Normal
2026-02-13 15:27:10.402923,Paris-4ab3,-4,81,Normal
2026-02-13 15:27:11.402923,Paris-4ab3,-5,22,Normal
2026-02-13 15:27:12.402923,Paris-4ab3,-10,26,Normal
2026-02-13 15:27:13.402923,Paris-4ab3,-14,48,Normal
2026-02-13 15:27:14.402923,Paris-4ab3,6,18,Normal
2026-02-13 15:27:15.402923,Paris-4ab3,30,93,Normal
2026-02-13 15:27:16.402923,Paris-4ab3,18,31,Normal
2026-02-13 15:27:17.402923,Paris-4ab3,-26,47,Normal
2026-02-13 15:27:18.402923,Paris-4ab3,25,94,Normal
2026-02-13 15:27:19.402923,Paris-4ab3,30,39,Normal
2026-02-13 15:27:20.402923,Paris-4ab3,13,40,Normal
2026-02-13 15:27:21.402923,Paris-4ab3,-24,23,Normal
2026-02-13 15:27:22.402923,Paris-4ab3,-24,56,Normal
2026-02-13 15:27:23.402923,Paris-4ab3,44,73,Normal
2026-02-13 15:27:24.402923,Paris-4ab3,-19,92,Normal
2026-02-13 15:27:25.402923,Paris-4ab3,29,91,Normal
2026-02-13 15:27:26.402923,Paris-4ab3,40,61,Normal
2026-02-13 15:27:27.402923,Paris-4ab3,1,48,Normal
2026-02-13 15:27:28.402923,Paris-4ab3,27,31,Normal
2026-02-13 15:27:29.402923,Paris-4ab3,-30,84,Normal
2026-02-13 15:27:30.402923,Paris-4ab3,-24,67,Normal
2026-02-13 15:27:31.402923,Paris-4ab3,21,96,Normal
2026-02-13 15:27:32.402923,Paris-4ab3,-20,40,Normal
2026-02-13 15:27:33.402923,Paris-4ab3,3,98,Normal
2026-02-13 15:27:34.402923,Paris-4ab3,27,39,Normal
2026-02-13 15:27:35.402923,Paris-4ab3,4,3,Normal
2026-02-13 15:27:36.402923,Paris-4ab3,-27,54,Normal
2026-02-13 15:27:37.402923,Paris-4ab3,44,23,Normal
2026-02-13 15:27:38.402923,Paris-4ab3,26,59,Normal
2026-02-13 15:27:39.402923,Paris-4ab3,-29,95,Normal
2026-02-13 15:27:40.402923,Paris-4ab3,-20,37,Normal
2026-02-13 15:27:41.402923,Paris-4ab3,-9,0,Normal
2026-02-13 15:27:42.402923,Paris-4ab3,3,33,Normal
2026-02-13 15:27:43.402923,Paris-4ab3,22,70,Normal
2026-02-13 15:27:44.402923,Paris-4ab3,22,14,Normal
2026-02-13 15:27:45.402923,Paris-4ab3,-25,93,Normal
2026-02-13 15:27:46.402923,Paris-4ab3,-19,14,Normal
2026-02-13 15:27:47.402923,Paris-4ab3,24,93,Normal
2026-02-13 15:27:48.402923,Paris-4ab3,-23,18,Normal
2026-02-13 15:27:49.402923,Paris-4ab3,11,47,Normal
2026-02-13 15:27:50.402923,Paris-4ab3,42,26,Normal
2026-02-13 15:27:51.402923,Paris-4ab3,39,85,Normal
2026-02-13 15:27:52.402923,Paris-4ab3,50,27,Normal
2026-02-13 15:27:53.402923,Paris-4ab3,-3,29,Normal
2026-02-13 15:27:54.402923,Paris-4ab3,9,35,Normal
2026-02-13 15:27:55.402923,Paris-4ab3,-22,40,Normal
2026-02-13 15:27:56.402923,Paris-4ab3,-20,64,Normal
2026-02-13 15:27:57.402923,Paris-4ab3,24,82,Normal
2026-02-13 15:27:58.402923,Paris-4ab3,0,76,Normal
2026-02-13 15:27:59.402923,Paris-4ab3,48,30,Normal
2026-02-13 15:28:00.402923,Paris-4ab3,30,89,Normal
2026-02-13 15:28:01.402923,Paris-4ab3,-30,24,Normal
2026-02-13 15:28:02.402923,Paris-4ab3,5,10,Normal
2026-02-13 15:28:03.402923,Paris-4ab3,29,97,Normal
2026-02-13 15:28:04.402923,Paris-4ab3,-19,7,Normal
2026-02-13 15:28:05.402923,Paris-4ab3,39,20,Normal
2026-02-13 15:28:06.402923,Paris-4ab3,47,41,Normal
2026-02-13 15:28:07.402923,Paris-4ab3,46,15,Normal
2026-02-13 15:28:08.402923,Paris-4ab3,45,53,Normal
2026-02-13 15:28:09.402923,Paris-4ab3,22,14,Normal
2026-02-13 15:28:10.402923,Paris-4ab3,-15,83,Normal
2026-02-13 15:28:11.402923,Paris-4ab3,-2,26,Normal
2026-02-13 15:28:12.402923,Paris-4ab3,0,77,Normal
2026-02-13 15:28:13.402923,Paris-4ab3,33,57,Normal
2026-02-13 15:28:14.402923,Paris-4ab3,-2,4,Normal
2026-02-13 15:28:15.402923,Paris-4ab3,40,63,Normal
2026-02-13 15:28:16.402923,Paris-4ab3,12,38,Normal
2026-02-13 15:28:17.402923,Paris-4ab3,43,39,Normal
2026-02-13 15:28:18.402923,Paris-4ab3,7,10,Normal
2026-02-13 15:28:19.402923,Paris-4ab3,-12,77,Normal
2026-02-13 15:28:20.402923,Paris-4ab3,-14,79,Normal
2026-02-13 15:28:21.402923,Paris-4ab3,46,78,Normal
2026-02-13 15:28:22.402923,Paris-4ab3,-19,93,Normal
2026-02-13 15:28:23.402923,Paris-4ab3,31,88,Normal
2026-02-13 15:28:24.402923,Paris-4ab3,49,6,Normal
2026-02-13 15:28:25.402923,Paris-4ab3,11,27,Normal
2026-02-13 15:28:26.402923,Paris-4ab3,27,5,Normal
2026-02-13 15:28:27.402923,Paris-4ab3,-26,32,Normal
2026-02-13 15:28:28.402923,Paris-4ab3,0,21,Normal
2026-02-13 15:28:29.402923,Paris-4ab3,38,48,Normal
2026-02-13 15:28:30.402923,Paris-4ab3,37,68,Normal
2026-02-13 15:28:31.402923,Paris-4ab3,3,69,Normal
2026-02-13 15:28:32.402923,Paris-4ab3,28,46,Normal
2026-02-13 15:28:33.402923,Paris-4ab3,-21,16,Normal
2026-02-13 15:28:34.402923,Paris-4ab3,-11,79,Normal
2026-02-13 15:28:35.402923,Paris-4ab3,17,86,Normal
2026-02-13 15:28:36.402923,Paris-4ab3,-10,80,Normal
2026-02-13 15:28:37.402923,Paris-4ab3,-24,30,Normal
2026-02-13 15:28:38.402923,Paris-4ab3,1,67,Normal
2026-02-13 15:28:39.402923,Paris-4ab3,-30,12,Normal
2026-02-13 15:28:40.402923,Paris-4ab3,-29,86,Normal
2026-02-13 15:28:41.402923,Paris-4ab3,39,9,Normal
2026-02-13 15:28:42.402923,Paris-4ab3,1,83,Normal
2026-02-13 15:28:43.402923,Paris-4ab3,0,47,Normal
2026-02-13 15:28:44.402923,Paris-4ab3,44,16,Normal
2026-02-13 15:28:45.402923,Paris-4ab3,20,9,Normal
2026-02-13 15:28:46.402923,Paris-4ab3,4,0,Normal
2026-02-13 15:28:47.402923,Paris-4ab3,34,38,Normal
2026-02-13 15:28:48.402923,Paris-4ab3,44,28,Normal
2026-02-13 15:28:49.402923,Paris-4ab3,17,59,Normal
2026-02-13 15:28:50.402923,Paris-4ab3,-28,47,Normal
2026-02-13 15:28:51.402923,Paris-4ab3,26,7,Normal
