timestamp,station_id,temp,humid,condition
2026-04-29 20:49:59.349601,Toronto-8206,-21,42,Normal
2026-04-29 20:50:00.349601,Toronto-8206,-3,32,Normal
2026-04-29 20:50:01.349601,Toronto-8206,-20,46,Normal
2026-04-29 20:50:02.349601,Toronto-8206,31,63,Normal
2026-04-29 20:50:03.349601,Toronto-8206,48,77,Normal
2026-04-29 20:50:04.349601,Toronto-8206,36,33,Normal
2026-04-29 20:50:05.349601,Toronto-8206,11,14,Normal
2026-04-29 20:50:06.349601,Toronto-8206,-6,36,Normal
2026-04-29 20:50:07.349601,Toronto-8206,-23,98,Normal
2026-04-29 20:50:08.349601,Toronto-8206,5,63,Normal
2026-04-29 20:50:09.349601,Toronto-8206,9,70,Normal
2026-04-29 20:50:10.349601,Toronto-8206,-18,35,Normal
2026-04-29 20:50:11.349601,Toronto-8206,1,43,Normal
2026-04-29 20:50:12.349601,Toronto-8206,23,2,Normal
2026-04-29 20:50:13.349601,Toronto-8206,-18,8,Normal
2026-04-29 20:50:14.349601,Toronto-8206,24,77,Normal
2026-04-29 20:50:15.349601,Toronto-8206,-22,100,Normal
2026-04-29 20:50:16.349601,Toronto-8206,-16,14,Normal
2026-04-29 20:50:17.349601,Toronto-8206,23,77,Normal
2026-04-29 20:50:18.349601,Toronto-8206,-20,4,Normal
2026-04-29 20:50:19.349601,Toronto-8206,19,45,Normal
2026-04-29 20:50:20.349601,Toronto-8206,40,86,Normal
2026-04-29 20:50:21.349601,Toronto-8206,13,60,Normal
2026-04-29 20:50:22.349601,Toronto-8206,8,35,Normal
2026-04-29 20:50:23.349601,Toronto-8206,34,49,Normal
2026-04-29 20:50:24.349601,Toronto-8206,42,86,Normal
2026-04-29 20:50:25.349601,Toronto-8206,8,26,Normal
2026-04-29 20:50:26.349601,Toronto-8206,43,2,Normal
2026-04-29 20:50:27.349601,Toronto-8206,1,30,Normal
2026-04-29 20:50:28.349601,Toronto-8206,-18,4,Normal
2026-04-29 20:50:29.349601,Toronto-8206,39,16,Normal
2026-04-29 20:50:30.349601,Toronto-8206,-4,42,Normal
2026-04-29 20:50:31.349601,Toronto-8206,37,1,Normal
2026-04-29 20:50:32.349601,Toronto-8206,-24,48,Normal
2026-04-29 20:50:33.349601,Toronto-8206,-20,7,Normal
2026-04-29 20:50:34.349601,Toronto-8206,48,17,Normal
2026-04-29 20:50:35.349601,Toronto-8206,45,75,Normal
2026-04-29 20:50:36.349601,Toronto-8206,-21,48,Normal
2026-04-29 20:50:37.349601,Toronto-8206,20,29,Normal
2026-04-29 20:50:38.349601,Toronto-8206,-13,25,Normal
2026-04-29 20:50:39.349601,Toronto-8206,16,90,Normal
2026-04-29 20:50:40.349601,Toronto-8206,17,17,Normal
2026-04-29 20:50:41.349601,Toronto-8206,-5,40,Normal
2026-04-29 20:50:42.349601,Toronto-8206,-10,90,Normal
2026-04-29 20:50:43.349601,Toronto-8206,-9,59,Normal
2026-04-29 20:50:44.349601,Toronto-8206,26,8,Normal
2026-04-29 20:50:45.349601,Toronto-8206,26,97,Normal
2026-04-29 20:50:46.349601,Toronto-8206,-29,84,Normal
2026-04-29 20:50:47.349601,Toronto-8206,-24,90,Normal
2026-04-29 20:50:48.349601,Toronto-8206,9,35,Normal
2026-04-29 20:50:49.349601,Toronto-8206,1,36,Normal
2026-04-29 20:50:50.349601,Toronto-8206,37,55,Normal
2026-04-29 20:50:51.349601,Toronto-8206,16,97,Normal
2026-04-29 20:50:52.349601,Toronto-8206,28,27,Normal
2026-04-29 20:50:53.349601,Toronto-8206,-1,69,Normal
2026-04-29 20:50:54.349601,Toronto-8206,48,4,Normal
2026-04-29 20:50:55.349601,Toronto-8206,40,55,Normal
2026-04-29 20:50:56.349601,Toronto-8206,26,94,Normal
2026-04-29 20:50:57.349601,Toronto-8206,-12,66,Normal
2026-04-29 20:50:58.349601,Toronto-8206,-11,50,Normal
2026-04-29 20:50:59.349601,Toronto-8206,-20,79,Normal
2026-04-29 20:51:00.349601,Toronto-8206,26,92,Normal
2026-04-29 20:51:01.349601,Toronto-8206,28,2,Normal
2026-04-29 20:51:02.349601,Toronto-8206,40,58,Normal
2026-04-29 20:51:03.349601,Toronto-8206,-20,27,Normal
2026-04-29 20:51:04.349601,Toronto-8206,34,14,Normal
2026-04-29 20:51:05.349601,Toronto-8206,-22,36,Normal
2026-04-29 20:51:06.349601,Toronto-8206,43,99,Normal
2026-04-29 20:51:07.349601,Toronto-8206,46,35,Normal
2026-04-29 20:51:08.349601,Toronto-8206,16,24,Normal
2026-04-29 20:51:09.349601,Toronto-8206,45,33,Normal
2026-04-29 20:51:10.349601,Toronto-8206,33,75,Normal
2026-04-29 20:51:11.349601,Toronto-8206,6,81,Normal
2026-04-29 20:51:12.349601,Toronto-8206,-9,54,Normal
2026-04-29 20:51:13.349601,Toronto-8206,32,1,Normal
2026-04-29 20:51:14.349601,Toronto-8206,-20,76,Normal
2026-04-29 20:51:15.349601,Toronto-8206,14,75,Normal
2026-04-29 20:51:16.349601,Toronto-8206,-2,61,Normal
2026-04-29 20:51:17.349601,Toronto-8206,33,41,Normal
2026-04-29 20:51:18.349601,Toronto-8206,13,98,Normal
2026-04-29 20:51:19.349601,Toronto-8206,-1,98,Normal
2026-04-29 20:51:20.349601,Toronto-8206,30,44,Normal
2026-04-29 20:51:21.349601,Toronto-8206,19,22,Normal
2026-04-29 20:51:22.349601,Toronto-8206,-22,36,Normal
2026-04-29 20:51:23.349601,Toronto-8206,23,96,Normal
2026-04-29 20:51:24.349601,Toronto-8206,29,8,Normal
2026-04-29 20:51:25.349601,Toronto-8206,49,20,Normal
2026-04-29 20:51:26.349601,Toronto-8206,-5,16,Normal
2026-04-29 20:51:27.349601,Toronto-8206,-7,41,Normal
2026-04-29 20:51:28.349601,Toronto-8206,8,46,Normal
2026-04-29 20:51:29.349601,Toronto-8206,-17,62,Normal
2026-04-29 20:51:30.349601,Toronto-8206,-17,45,Normal
2026-04-29 20:51:31.349601,Toronto-8206,31,8,Normal
2026-04-29 20:51:32.349601,Toronto-8206,33,24,Normal
2026-04-29 20:51:33.349601,Toronto-8206,30,17,Normal
2026-04-29 20:51:34.349601,Toronto-8206,9,49,Normal
2026-04-29 20:51:35.349601,Toronto-8206,2,61,Normal
2026-04-29 20:51:36.349601,Toronto-8206,-6,87,Normal
2026-04-29 20:51:37.349601,Toronto-8206,29,49,Normal
2026-04-29 20:51:38.349601,Toronto-8206,-15,40,Normal
2026-04-29 20:51:39.349601,Toronto-8206,29,69,Normal
2026-04-29 20:51:40.349601,Toronto-8206,45,62,Normal
2026-04-29 20:51:41.349601,Toronto-8206,-17,1,Normal
2026-04-29 20:51:42.349601,Toronto-8206,-8,75,Normal
2026-04-29 20:51:43.349601,Toronto-8206,-20,23,Normal
2026-04-29 20:51:44.349601,Toronto-8206,-12,79,Normal
2026-04-29 20:51:45.349601,Toronto-8206,29,22,Normal
2026-04-29 20:51:46.349601,Toronto-8206,-9,95,Normal
2026-04-29 20:51:47.349601,Toronto-8206,9,9,Normal
2026-04-29 20:51:48.349601,Toronto-8206,-20,95,Normal
2026-04-29 20:51:49.349601,Toronto-8206,27,16,Normal
2026-04-29 20:51:50.349601,Toronto-8206,27,50,Normal
2026-04-29 20:51:51.349601,Toronto-8206,27,54,Normal
2026-04-29 20:51:52.349601,Toronto-8206,37,9,Normal
2026-04-29 20:51:53.349601,Toronto-8206,31,37,Normal
2026-04-29 20:51:54.349601,Toronto-8206,34,32,Normal
2026-04-29 20:51:55.349601,Toronto-8206,31,57,Normal
2026-04-29 20:51:56.349601,Toronto-8206,32,29,Normal
2026-04-29 20:51:57.349601,Toronto-8206,-27,86,Normal
2026-04-29 20:51:58.349601,Toronto-8206,5,2,Normal
2026-04-29 20:51:59.349601,Toronto-8206,10,11,Normal
2026-04-29 20:52:00.349601,Toronto-8206,14,1,Normal
2026-04-29 20:52:01.349601,Toronto-8206,-18,63,Normal
2026-04-29 20:52:02.349601,Toronto-8206,-4,90,Normal
2026-04-29 20:52:03.349601,Toronto-8206,16,77,Normal
2026-04-29 20:52:04.349601,Toronto-8206,-30,69,Normal
2026-04-29 20:52:05.349601,Toronto-8206,8,60,Normal
2026-04-29 20:52:06.349601,Toronto-8206,-23,82,Normal
2026-04-29 20:52:07.349601,Toronto-8206,16,98,Normal
2026-04-29 20:52:08.349601,Toronto-8206,24,62,Normal
2026-04-29 20:52:09.349601,Toronto-8206,-13,69,Normal
2026-04-29 20:52:10.349601,Toronto-8206,-17,48,Normal
2026-04-29 20:52:11.349601,Toronto-8206,6,38,Normal
2026-04-29 20:52:12.349601,Toronto-8206,40,9,Normal
2026-04-29 20:52:13.349601,Toronto-8206,8,59,Normal
2026-04-29 20:52:14.349601,Toronto-8206,25,50,Normal
2026-04-29 20:52:15.349601,Toronto-8206,50,4,Normal
2026-04-29 20:52:16.349601,Toronto-8206,-23,3,Normal
2026-04-29 20:52:17.349601,Toronto-8206,42,24,Normal
2026-04-29 20:52:18.349601,Toronto-8206,-4,94,Normal
2026-04-29 20:52:19.349601,Toronto-8206,3,49,Normal
2026-04-29 20:52:20.349601,Toronto-8206,-16,44,Normal
2026-04-29 20:52:21.349601,Toronto-8206,9,83,Normal
2026-04-29 20:52:22.349601,Toronto-8206,-27,67,Normal
2026-04-29 20:52:23.349601,Toronto-8206,33,79,Normal
2026-04-29 20:52:24.349601,Toronto-8206,17,91,Normal
2026-04-29 20:52:25.349601,Toronto-8206,-20,15,Normal
2026-04-29 20:52:26.349601,Toronto-8206,25,86,Normal
2026-04-29 20:52:27.349601,Toronto-8206,-17,55,Normal
2026-04-29 20:52:28.349601,Toronto-8206,8,58,Normal
2026-04-29 20:52:29.349601,Toronto-8206,38,9,Normal
2026-04-29 20:52:30.349601,Toronto-8206,-9,53,Normal
2026-04-29 20:52:31.349601,Toronto-8206,-9,35,Normal
2026-04-29 20:52:32.349601,Toronto-8206,-30,3,Normal
2026-04-29 20:52:33.349601,Toronto-8206,-30,3,Normal
2026-04-29 20:52:34.349601,Toronto-8206,-24,90,Normal
2026-04-29 20:52:35.349601,Toronto-8206,17,99,Normal
2026-04-29 20:52:36.349601,Toronto-8206,-24,24,Normal
2026-04-29 20:52:37.349601,Toronto-8206,-29,18,Normal
2026-04-29 20:52:38.349601,Toronto-8206,-25,100,Normal
2026-04-29 20:52:39.349601,Toronto-8206,3,76,Normal
2026-04-29 20:52:40.349601,Toronto-8206,1,59,Normal
2026-04-29 20:52:41.349601,Toronto-8206,49,87,Normal
2026-04-29 20:52:42.349601,Toronto-8206,17,8,Normal
2026-04-29 20:52:43.349601,Toronto-8206,-4,20,Normal
2026-04-29 20:52:44.349601,Toronto-8206,-29,36,Normal
2026-04-29 20:52:45.349601,Toronto-8206,42,18,Normal
2026-04-29 20:52:46.349601,Toronto-8206,42,6,Normal
2026-04-29 20:52:47.349601,Toronto-8206,-18,52,Normal
2026-04-29 20:52:48.349601,Toronto-8206,-11,12,Normal
2026-04-29 20:52:49.349601,Toronto-8206,18,75,Normal
2026-04-29 20:52:50.349601,Toronto-8206,1,92,Normal
2026-04-29 20:52:51.349601,Toronto-8206,7,90,Normal
2026-04-29 20:52:52.349601,Toronto-8206,-19,70,Normal
2026-04-29 20:52:53.349601,Toronto-8206,-29,82,Normal
2026-04-29 20:52:54.349601,Toronto-8206,-24,56,Normal
2026-04-29 20:52:55.349601,Toronto-8206,23,33,Normal
2026-04-29 20:52:56.349601,Toronto-8206,9,43,Normal
2026-04-29 20:52:57.349601,Toronto-8206,-24,65,Normal
2026-04-29 20:52:58.349601,Toronto-8206,-11,78,Normal
2026-04-29 20:52:59.349601,Toronto-8206,-13,5,Normal
2026-04-29 20:53:00.349601,Toronto-8206,6,22,Normal
2026-04-29 20:53:01.349601,Toronto-8206,30,10,Normal
2026-04-29 20:53:02.349601,Toronto-8206,-5,46,Normal
2026-04-29 20:53:03.349601,Toronto-8206,41,59,Normal
2026-04-29 20:53:04.349601,Toronto-8206,38,73,Normal
2026-04-29 20:53:05.349601,Toronto-8206,45,62,Normal
2026-04-29 20:53:06.349601,Toronto-8206,-1,19,Normal
2026-04-29 20:53:07.349601,Toronto-8206,9,72,Normal
2026-04-29 20:53:08.349601,Toronto-8206,-14,14,Normal
2026-04-29 20:53:09.349601,Toronto-8206,37,17,Normal
2026-04-29 20:53:10.349601,Toronto-8206,39,30,Normal
2026-04-29 20:53:11.349601,Toronto-8206,-4,64,Normal
2026-04-29 20:53:12.349601,Toronto-8206,-20,30,Normal
2026-04-29 20:53:13.349601,Toronto-8206,30,4,Normal
2026-04-29 20:53:14.349601,Toronto-8206,-9,72,Normal
2026-04-29 20:53:15.349601,Toronto-8206,49,21,Normal
2026-04-29 20:53:16.349601,Toronto-8206,33,7,Normal
2026-04-29 20:53:17.349601,Toronto-8206,-18,78,Normal
2026-04-29 20:53:18.349601,Toronto-8206,28,89,Normal
2026-04-29 20:53:19.349601,Toronto-8206,-16,35,Normal
2026-04-29 20:53:20.349601,Toronto-8206,27,38,Normal
2026-04-29 20:53:21.349601,Toronto-8206,-10,49,Normal
2026-04-29 20:53:22.349601,Toronto-8206,-24,76,Normal
2026-04-29 20:53:23.349601,Toronto-8206,-29,100,Normal
2026-04-29 20:53:24.349601,Toronto-8206,-29,13,Normal
2026-04-29 20:53:25.349601,Toronto-8206,10,14,Normal
2026-04-29 20:53:26.349601,Toronto-8206,7,34,Normal
2026-04-29 20:53:27.349601,Toronto-8206,19,61,Normal
2026-04-29 20:53:28.349601,Toronto-8206,20,2,Normal
2026-04-29 20:53:29.349601,Toronto-8206,48,5,Normal
2026-04-29 20:53:30.349601,Toronto-8206,-14,87,Normal
2026-04-29 20:53:31.349601,Toronto-8206,21,34,Normal
2026-04-29 20:53:32.349601,Toronto-8206,6,10,Normal
2026-04-29 20:53:33.349601,Toronto-8206,5,28,Normal
2026-04-29 20:53:34.349601,Toronto-8206,21,44,Normal
2026-04-29 20:53:35.349601,Toronto-8206,44,11,Normal
2026-04-29 20:53:36.349601,Toronto-8206,17,94,Normal
2026-04-29 20:53:37.349601,Toronto-8206,-7,38,Normal
2026-04-29 20:53:38.349601,Toronto-8206,-27,29,Normal
2026-04-29 20:53:39.349601,Toronto-8206,24,42,Normal
2026-04-29 20:53:40.349601,Toronto-8206,0,100,Normal
2026-04-29 20:53:41.349601,Toronto-8206,30,6,Normal
2026-04-29 20:53:42.349601,Toronto-8206,-16,25,Normal
2026-04-29 20:53:43.349601,Toronto-8206,41,48,Normal
2026-04-29 20:53:44.349601,Toronto-8206,33,38,Normal
2026-04-29 20:53:45.349601,Toronto-8206,-5,26,Normal
2026-04-29 20:53:46.349601,Toronto-8206,-2,29,Normal
2026-04-29 20:53:47.349601,Toronto-8206,-4,76,Normal
2026-04-29 20:53:48.349601,Toronto-8206,-10,0,Normal
2026-04-29 20:53:49.349601,Toronto-8206,34,85,Normal
2026-04-29 20:53:50.349601,Toronto-8206,6,87,Normal
2026-04-29 20:53:51.349601,Toronto-8206,-10,42,Normal
2026-04-29 20:53:52.349601,Toronto-8206,-21,16,Normal
2026-04-29 20:53:53.349601,Toronto-8206,22,87,Normal
2026-04-29 20:53:54.349601,Toronto-8206,22,7,Normal
2026-04-29 20:53:55.349601,Toronto-8206,26,67,Normal
2026-04-29 20:53:56.349601,Toronto-8206,20,24,Normal
2026-04-29 20:53:57.349601,Toronto-8206,-11,61,Normal
2026-04-29 20:53:58.349601,Toronto-8206,17,40,Normal
2026-04-29 20:53:59.349601,Toronto-8206,-29,45,Normal
2026-04-29 20:54:00.349601,Toronto-8206,36,7,Normal
2026-04-29 20:54:01.349601,Toronto-8206,-12,32,Normal
2026-04-29 20:54:02.349601,Toronto-8206,-26,34,Normal
2026-04-29 20:54:03.349601,Toronto-8206,0,35,Normal
2026-04-29 20:54:04.349601,Toronto-8206,-19,78,Normal
2026-04-29 20:54:05.349601,Toronto-8206,47,94,Normal
2026-04-29 20:54:06.349601,Toronto-8206,23,92,Normal
2026-04-29 20:54:07.349601,Toronto-8206,-11,14,Normal
2026-04-29 20:54:08.349601,Toronto-8206,29,96,Normal
2026-04-29 20:54:09.349601,Toronto-8206,36,100,Normal
2026-04-29 20:54:10.349601,Toronto-8206,8,71,Normal
2026-04-29 20:54:11.349601,Toronto-8206,-30,36,Normal
2026-04-29 20:54:12.349601,Toronto-8206,-26,98,Normal
2026-04-29 20:54:13.349601,Toronto-8206,48,44,Normal
2026-04-29 20:54:14.349601,Toronto-8206,37,33,Normal
2026-04-29 20:54:15.349601,Toronto-8206,17,17,Normal
2026-04-29 20:54:16.349601,Toronto-8206,-18,52,Normal
2026-04-29 20:54:17.349601,Toronto-8206,44,4,Normal
2026-04-29 20:54:18.349601,Toronto-8206,8,97,Normal
2026-04-29 20:54:19.349601,Toronto-8206,12,37,Normal
2026-04-29 20:54:20.349601,Toronto-8206,-12,79,Normal
2026-04-29 20:54:21.349601,Toronto-8206,6,33,Normal
2026-04-29 20:54:22.349601,Toronto-8206,-12,39,Normal
2026-04-29 20:54:23.349601,Toronto-8206,31,14,Normal
2026-04-29 20:54:24.349601,Toronto-8206,26,51,Normal
2026-04-29 20:54:25.349601,Toronto-8206,-22,98,Normal
2026-04-29 20:54:26.349601,Toronto-8206,-30,87,Normal
2026-04-29 20:54:27.349601,Toronto-8206,31,42,Normal
2026-04-29 20:54:28.349601,Toronto-8206,-28,18,Normal
2026-04-29 20:54:29.349601,Toronto-8206,-15,80,Normal
2026-04-29 20:54:30.349601,Toronto-8206,48,58,Normal
2026-04-29 20:54:31.349601,Toronto-8206,8,86,Normal
2026-04-29 20:54:32.349601,Toronto-8206,19,62,Normal
2026-04-29 20:54:33.349601,Toronto-8206,14,70,Normal
2026-04-29 20:54:34.349601,Toronto-8206,47,99,Normal
2026-04-29 20:54:35.349601,Toronto-8206,-25,93,Normal
2026-04-29 20:54:36.349601,Toronto-8206,12,74,Normal
2026-04-29 20:54:37.349601,Toronto-8206,-2,71,Normal
2026-04-29 20:54:38.349601,Toronto-8206,24,2,Normal
2026-04-29 20:54:39.349601,Toronto-8206,48,25,Normal
2026-04-29 20:54:40.349601,Toronto-8206,48,88,Normal
2026-04-29 20:54:41.349601,Toronto-8206,45,36,Normal
2026-04-29 20:54:42.349601,Toronto-8206,32,96,Normal
2026-04-29 20:54:43.349601,Toronto-8206,-3,81,Normal
2026-04-29 20:54:44.349601,Toronto-8206,11,38,Normal
2026-04-29 20:54:45.349601,Toronto-8206,49,78,Normal
2026-04-29 20:54:46.349601,Toronto-8206,33,54,Normal
2026-04-29 20:54:47.349601,Toronto-8206,38,97,Normal
2026-04-29 20:54:48.349601,Toronto-8206,19,5,Normal
2026-04-29 20:54:49.349601,Toronto-8206,-18,33,Normal
2026-04-29 20:54:50.349601,Toronto-8206,-10,76,Normal
2026-04-29 20:54:51.349601,Toronto-8206,-16,4,Normal
2026-04-29 20:54:52.349601,Toronto-8206,13,24,Normal
2026-04-29 20:54:53.349601,Toronto-8206,50,9,Normal
2026-04-29 20:54:54.349601,Toronto-8206,-19,55,Normal
2026-04-29 20:54:55.349601,Toronto-8206,-16,65,Normal
2026-04-29 20:54:56.349601,Toronto-8206,33,57,Normal
2026-04-29 20:54:57.349601,Toronto-8206,21,64,Normal
2026-04-29 20:54:58.349601,Toronto-8206,40,5,Normal
2026-04-29 20:54:59.349601,Toronto-8206,19,50,Normal
2026-04-29 20:55:00.349601,Toronto-8206,4,69,Normal
2026-04-29 20:55:01.349601,Toronto-8206,-17,84,Normal
2026-04-29 20:55:02.349601,Toronto-8206,5,39,Normal
2026-04-29 20:55:03.349601,Toronto-8206,49,32,Normal
2026-04-29 20:55:04.349601,Toronto-8206,-5,80,Normal
2026-04-29 20:55:05.349601,Toronto-8206,19,93,Normal
2026-04-29 20:55:06.349601,Toronto-8206,-25,22,Normal
2026-04-29 20:55:07.349601,Toronto-8206,1,67,Normal
2026-04-29 20:55:08.349601,Toronto-8206,15,4,Normal
2026-04-29 20:55:09.349601,Toronto-8206,4,89,Normal
2026-04-29 20:55:10.349601,Toronto-8206,-12,27,Normal
2026-04-29 20:55:11.349601,Toronto-8206,5,17,Normal
2026-04-29 20:55:12.349601,Toronto-8206,29,38,Normal
2026-04-29 20:55:13.349601,Toronto-8206,-27,59,Normal
2026-04-29 20:55:14.349601,Toronto-8206,46,39,Normal
2026-04-29 20:55:15.349601,Toronto-8206,-1,83,Normal
2026-04-29 20:55:16.349601,Toronto-8206,44,90,Normal
2026-04-29 20:55:17.349601,Toronto-8206,-18,93,Normal
2026-04-29 20:55:18.349601,Toronto-8206,-9,32,Normal
2026-04-29 20:55:19.349601,Toronto-8206,16,92,Normal
2026-04-29 20:55:20.349601,Toronto-8206,33,12,Normal
2026-04-29 20:55:21.349601,Toronto-8206,-8,65,Normal
2026-04-29 20:55:22.349601,Toronto-8206,40,32,Normal
2026-04-29 20:55:23.349601,Toronto-8206,-9,40,Normal
2026-04-29 20:55:24.349601,Toronto-8206,-10,11,Normal
2026-04-29 20:55:25.349601,Toronto-8206,38,5,Normal
2026-04-29 20:55:26.349601,Toronto-8206,11,55,Normal
2026-04-29 20:55:27.349601,Toronto-8206,22,90,Normal
2026-04-29 20:55:28.349601,Toronto-8206,3,26,Normal
2026-04-29 20:55:29.349601,Toronto-8206,6,48,Normal
2026-04-29 20:55:30.349601,Toronto-8206,-30,23,Normal
2026-04-29 20:55:31.349601,Toronto-8206,30,51,Normal
2026-04-29 20:55:32.349601,Toronto-8206,38,57,Normal
2026-04-29 20:55:33.349601,Toronto-8206,41,83,Normal
2026-04-29 20:55:34.349601,Toronto-8206,7,57,Normal
2026-04-29 20:55:35.349601,Toronto-8206,-18,11,Normal
2026-04-29 20:55:36.349601,Toronto-8206,6,84,Normal
2026-04-29 20:55:37.349601,Toronto-8206,25,94,Normal
2026-04-29 20:55:38.349601,Toronto-8206,2,67,Normal
2026-04-29 20:55:39.349601,Toronto-8206,-9,29,Normal
2026-04-29 20:55:40.349601,Toronto-8206,-28,89,Normal
2026-04-29 20:55:41.349601,Toronto-8206,-30,44,Normal
2026-04-29 20:55:42.349601,Toronto-8206,-17,4,Normal
2026-04-29 20:55:43.349601,Toronto-8206,5,32,Normal
2026-04-29 20:55:44.349601,Toronto-8206,1,35,Normal
2026-04-29 20:55:45.349601,Toronto-8206,20,40,Normal
2026-04-29 20:55:46.349601,Toronto-8206,46,55,Normal
2026-04-29 20:55:47.349601,Toronto-8206,-28,20,Normal
2026-04-29 20:55:48.349601,Toronto-8206,26,97,Normal
2026-04-29 20:55:49.349601,Toronto-8206,-15,54,Normal
2026-04-29 20:55:50.349601,Toronto-8206,6,54,Normal
2026-04-29 20:55:51.349601,Toronto-8206,32,27,Normal
2026-04-29 20:55:52.349601,Toronto-8206,32,67,Normal
2026-04-29 20:55:53.349601,Toronto-8206,-24,98,Normal
2026-04-29 20:55:54.349601,Toronto-8206,36,36,Normal
2026-04-29 20:55:55.349601,Toronto-8206,50,1,Normal
2026-04-29 20:55:56.349601,Toronto-8206,-13,15,Normal
2026-04-29 20:55:57.349601,Toronto-8206,32,9,Normal
2026-04-29 20:55:58.349601,Toronto-8206,-22,87,Normal
2026-04-29 20:55:59.349601,Toronto-8206,-11,50,Normal
2026-04-29 20:56:00.349601,Toronto-8206,-26,27,Normal
2026-04-29 20:56:01.349601,Toronto-8206,36,60,Normal
2026-04-29 20:56:02.349601,Toronto-8206,9,81,Normal
2026-04-29 20:56:03.349601,Toronto-8206,16,52,Normal
2026-04-29 20:56:04.349601,Toronto-8206,2,38,Normal
2026-04-29 20:56:05.349601,Toronto-8206,30,94,Normal
2026-04-29 20:56:06.349601,Toronto-8206,27,43,Normal
2026-04-29 20:56:07.349601,Toronto-8206,-26,32,Normal
2026-04-29 20:56:08.349601,Toronto-8206,-20,46,Normal
2026-04-29 20:56:09.349601,Toronto-8206,41,77,Normal
2026-04-29 20:56:10.349601,Toronto-8206,28,97,Normal
2026-04-29 20:56:11.349601,Toronto-8206,-25,45,Normal
2026-04-29 20:56:12.349601,Toronto-8206,-23,44,Normal
2026-04-29 20:56:13.349601,Toronto-8206,7,89,Normal
2026-04-29 20:56:14.349601,Toronto-8206,46,62,Normal
2026-04-29 20:56:15.349601,Toronto-8206,32,58,Normal
2026-04-29 20:56:16.349601,Toronto-8206,-25,91,Normal
2026-04-29 20:56:17.349601,Toronto-8206,-13,92,Normal
2026-04-29 20:56:18.349601,Toronto-8206,14,12,Normal
2026-04-29 20:56:19.349601,Toronto-8206,48,44,Normal
2026-04-29 20:56:20.349601,Toronto-8206,23,3,Normal
2026-04-29 20:56:21.349601,Toronto-8206,6,80,Normal
2026-04-29 20:56:22.349601,Toronto-8206,11,59,Normal
2026-04-29 20:56:23.349601,Toronto-8206,27,76,Normal
2026-04-29 20:56:24.349601,Toronto-8206,-29,89,Normal
2026-04-29 20:56:25.349601,Toronto-8206,48,51,Normal
2026-04-29 20:56:26.349601,Toronto-8206,45,51,Normal
2026-04-29 20:56:27.349601,Toronto-8206,-24,12,Normal
2026-04-29 20:56:28.349601,Toronto-8206,2,12,Normal
2026-04-29 20:56:29.349601,Toronto-8206,10,32,Normal
2026-04-29 20:56:30.349601,Toronto-8206,46,96,Normal
2026-04-29 20:56:31.349601,Toronto-8206,18,99,Normal
2026-04-29 20:56:32.349601,Toronto-8206,-11,89,Normal
2026-04-29 20:56:33.349601,Toronto-8206,37,85,Normal
2026-04-29 20:56:34.349601,Toronto-8206,-27,74,Normal
2026-04-29 20:56:35.349601,Toronto-8206,9,62,Normal
2026-04-29 20:56:36.349601,Toronto-8206,38,78,Normal
2026-04-29 20:56:37.349601,Toronto-8206,-6,15,Normal
2026-04-29 20:56:38.349601,Toronto-8206,-23,22,Normal
2026-04-29 20:56:39.349601,Toronto-8206,-27,89,Normal
2026-04-29 20:56:40.349601,Toronto-8206,-19,22,Normal
2026-04-29 20:56:41.349601,Toronto-8206,28,36,Normal
2026-04-29 20:56:42.349601,Toronto-8206,37,26,Normal
2026-04-29 20:56:43.349601,Toronto-8206,3,58,Normal
2026-04-29 20:56:44.349601,Toronto-8206,-7,78,Normal
2026-04-29 20:56:45.349601,Toronto-8206,0,14,Normal
2026-04-29 20:56:46.349601,Toronto-8206,36,0,Normal
2026-04-29 20:56:47.349601,Toronto-8206,-27,4,Normal
2026-04-29 20:56:48.349601,Toronto-8206,-25,100,Normal
2026-04-29 20:56:49.349601,Toronto-8206,33,74,Normal
2026-04-29 20:56:50.349601,Toronto-8206,16,85,Normal
2026-04-29 20:56:51.349601,Toronto-8206,8,31,Normal
2026-04-29 20:56:52.349601,Toronto-8206,31,49,Normal
2026-04-29 20:56:53.349601,Toronto-8206,28,31,Normal
2026-04-29 20:56:54.349601,Toronto-8206,44,28,Normal
2026-04-29 20:56:55.349601,Toronto-8206,-11,24,Normal
2026-04-29 20:56:56.349601,Toronto-8206,2,13,Normal
2026-04-29 20:56:57.349601,Toronto-8206,-7,43,Normal
2026-04-29 20:56:58.349601,Toronto-8206,-3,45,Normal
2026-04-29 20:56:59.349601,Toronto-8206,-20,32,Normal
2026-04-29 20:57:00.349601,Toronto-8206,36,31,Normal
2026-04-29 20:57:01.349601,Toronto-8206,-1,21,Normal
2026-04-29 20:57:02.349601,Toronto-8206,50,4,Normal
2026-04-29 20:57:03.349601,Toronto-8206,37,39,Normal
2026-04-29 20:57:04.349601,Toronto-8206,-14,22,Normal
2026-04-29 20:57:05.349601,Toronto-8206,2,56,Normal
2026-04-29 20:57:06.349601,Toronto-8206,-18,87,Normal
2026-04-29 20:57:07.349601,Toronto-8206,-3,27,Normal
2026-04-29 20:57:08.349601,Toronto-8206,-11,91,Normal
2026-04-29 20:57:09.349601,Toronto-8206,16,65,Normal
2026-04-29 20:57:10.349601,Toronto-8206,8,68,Normal
2026-04-29 20:57:11.349601,Toronto-8206,15,6,Normal
2026-04-29 20:57:12.349601,Toronto-8206,3,39,Normal
2026-04-29 20:57:13.349601,Toronto-8206,-18,56,Normal
2026-04-29 20:57:14.349601,Toronto-8206,16,70,Normal
2026-04-29 20:57:15.349601,Toronto-8206,-5,96,Normal
2026-04-29 20:57:16.349601,Toronto-8206,31,93,Normal
2026-04-29 20:57:17.349601,Toronto-8206,6,92,Normal
2026-04-29 20:57:18.349601,Toronto-8206,23,84,Normal
2026-04-29 20:57:19.349601,Toronto-8206,-16,99,Normal
2026-04-29 20:57:20.349601,Toronto-8206,0,32,Normal
2026-04-29 20:57:21.349601,Toronto-8206,33,96,Normal
2026-04-29 20:57:22.349601,Toronto-8206,38,4,Normal
2026-04-29 20:57:23.349601,Toronto-8206,-18,22,Normal
2026-04-29 20:57:24.349601,Toronto-8206,0,62,Normal
2026-04-29 20:57:25.349601,Toronto-8206,34,32,Normal
2026-04-29 20:57:26.349601,Toronto-8206,46,84,Normal
2026-04-29 20:57:27.349601,Toronto-8206,49,85,Normal
2026-04-29 20:57:28.349601,Toronto-8206,39,77,Normal
2026-04-29 20:57:29.349601,Toronto-8206,38,67,Normal
2026-04-29 20:57:30.349601,Toronto-8206,-9,77,Normal
2026-04-29 20:57:31.349601,Toronto-8206,0,8,Normal
2026-04-29 20:57:32.349601,Toronto-8206,46,98,Normal
2026-04-29 20:57:33.349601,Toronto-8206,4,92,Normal
2026-04-29 20:57:34.349601,Toronto-8206,2,86,Normal
2026-04-29 20:57:35.349601,Toronto-8206,33,61,Normal
2026-04-29 20:57:36.349601,Toronto-8206,27,73,Normal
2026-04-29 20:57:37.349601,Toronto-8206,49,93,Normal
2026-04-29 20:57:38.349601,Toronto-8206,-27,70,Normal
2026-04-29 20:57:39.349601,Toronto-8206,-26,87,Normal
2026-04-29 20:57:40.349601,Toronto-8206,43,88,Normal
2026-04-29 20:57:41.349601,Toronto-8206,44,71,Normal
2026-04-29 20:57:42.349601,Toronto-8206,-30,6,Normal
2026-04-29 20:57:43.349601,Toronto-8206,-15,98,Normal
2026-04-29 20:57:44.349601,Toronto-8206,-18,13,Normal
2026-04-29 20:57:45.349601,Toronto-8206,44,19,Normal
2026-04-29 20:57:46.349601,Toronto-8206,45,45,Normal
2026-04-29 20:57:47.349601,Toronto-8206,41,25,Normal
2026-04-29 20:57:48.349601,Toronto-8206,3,39,Normal
2026-04-29 20:57:49.349601,Toronto-8206,-12,49,Normal
2026-04-29 20:57:50.349601,Toronto-8206,-20,2,Normal
2026-04-29 20:57:51.349601,Toronto-8206,-4,86,Normal
2026-04-29 20:57:52.349601,Toronto-8206,35,11,Normal
2026-04-29 20:57:53.349601,Toronto-8206,47,65,Normal
2026-04-29 20:57:54.349601,Toronto-8206,32,75,Normal
2026-04-29 20:57:55.349601,Toronto-8206,40,28,Normal
2026-04-29 20:57:56.349601,Toronto-8206,47,83,Normal
2026-04-29 20:57:57.349601,Toronto-8206,9,95,Normal
2026-04-29 20:57:58.349601,Toronto-8206,20,0,Normal
2026-04-29 20:57:59.349601,Toronto-8206,20,32,Normal
2026-04-29 20:58:00.349601,Toronto-8206,44,26,Normal
2026-04-29 20:58:01.349601,Toronto-8206,15,72,Normal
2026-04-29 20:58:02.349601,Toronto-8206,3,87,Normal
2026-04-29 20:58:03.349601,Toronto-8206,20,48,Normal
2026-04-29 20:58:04.349601,Toronto-8206,14,45,Normal
2026-04-29 20:58:05.349601,Toronto-8206,43,58,Normal
2026-04-29 20:58:06.349601,Toronto-8206,-15,18,Normal
2026-04-29 20:58:07.349601,Toronto-8206,41,16,Normal
2026-04-29 20:58:08.349601,Toronto-8206,-27,93,Normal
2026-04-29 20:58:09.349601,Toronto-8206,26,18,Normal
2026-04-29 20:58:10.349601,Toronto-8206,-12,22,Normal
2026-04-29 20:58:11.349601,Toronto-8206,-11,87,Normal
2026-04-29 20:58:12.349601,Toronto-8206,-23,19,Normal
2026-04-29 20:58:13.349601,Toronto-8206,9,69,Normal
2026-04-29 20:58:14.349601,Toronto-8206,-21,62,Normal
2026-04-29 20:58:15.349601,Toronto-8206,39,55,Normal
2026-04-29 20:58:16.349601,Toronto-8206,-4,62,Normal
2026-04-29 20:58:17.349601,Toronto-8206,15,26,Normal
2026-04-29 20:58:18.349601,Toronto-8206,7,13,Normal
2026-04-29 20:58:19.349601,Toronto-8206,26,31,Normal
2026-04-29 20:58:20.349601,Toronto-8206,3,85,Normal
2026-04-29 20:58:21.349601,Toronto-8206,18,62,Normal
2026-04-29 20:58:22.349601,Toronto-8206,19,76,Normal
2026-04-29 20:58:23.349601,Toronto-8206,42,48,Normal
2026-04-29 20:58:24.349601,Toronto-8206,-22,0,Normal
2026-04-29 20:58:25.349601,Toronto-8206,47,38,Normal
2026-04-29 20:58:26.349601,Toronto-8206,23,16,Normal
2026-04-29 20:58:27.349601,Toronto-8206,20,50,Normal
2026-04-29 20:58:28.349601,Toronto-8206,-9,36,Normal
2026-04-29 20:58:29.349601,Toronto-8206,30,9,Normal
2026-04-29 20:58:30.349601,Toronto-8206,29,58,Normal
2026-04-29 20:58:31.349601,Toronto-8206,9,60,Normal
2026-04-29 20:58:32.349601,Toronto-8206,-28,76,Normal
2026-04-29 20:58:33.349601,Toronto-8206,38,59,Normal
2026-04-29 20:58:34.349601,Toronto-8206,-17,14,Normal
2026-04-29 20:58:35.349601,Toronto-8206,37,4,Normal
2026-04-29 20:58:36.349601,Toronto-8206,-9,66,Normal
2026-04-29 20:58:37.349601,Toronto-8206,-11,73,Normal
2026-04-29 20:58:38.349601,Toronto-8206,-7,55,Normal
2026-04-29 20:58:39.349601,Toronto-8206,9,86,Normal
2026-04-29 20:58:40.349601,Toronto-8206,27,42,Normal
2026-04-29 20:58:41.349601,Toronto-8206,-25,8,Normal
2026-04-29 20:58:42.349601,Toronto-8206,-12,74,Normal
2026-04-29 20:58:43.349601,Toronto-8206,3,0,Normal
2026-04-29 20:58:44.349601,Toronto-8206,-25,87,Normal
2026-04-29 20:58:45.349601,Toronto-8206,-19,78,Normal
2026-04-29 20:58:46.349601,Toronto-8206,22,7,Normal
2026-04-29 20:58:47.349601,Toronto-8206,31,27,Normal
2026-04-29 20:58:48.349601,Toronto-8206,41,3,Normal
2026-04-29 20:58:49.349601,Toronto-8206,16,62,Normal
2026-04-29 20:58:50.349601,Toronto-8206,-28,16,Normal
2026-04-29 20:58:51.349601,Toronto-8206,34,98,Normal
2026-04-29 20:58:52.349601,Toronto-8206,13,35,Normal
2026-04-29 20:58:53.349601,Toronto-8206,-24,30,Normal
2026-04-29 20:58:54.349601,Toronto-8206,-29,66,Normal
2026-04-29 20:58:55.349601,Toronto-8206,-28,93,Normal
2026-04-29 20:58:56.349601,Toronto-8206,21,45,Normal
2026-04-29 20:58:57.349601,Toronto-8206,42,29,Normal
2026-04-29 20:58:58.349601,Toronto-8206,29,17,Normal
2026-04-29 20:58:59.349601,Toronto-8206,-21,5,Normal
2026-04-29 20:59:00.349601,Toronto-8206,11,38,Normal
2026-04-29 20:59:01.349601,Toronto-8206,32,95,Normal
2026-04-29 20:59:02.349601,Toronto-8206,26,96,Normal
2026-04-29 20:59:03.349601,Toronto-8206,-15,12,Normal
2026-04-29 20:59:04.349601,Toronto-8206,40,98,Normal
2026-04-29 20:59:05.349601,Toronto-8206,49,60,Normal
2026-04-29 20:59:06.349601,Toronto-8206,47,57,Normal
2026-04-29 20:59:07.349601,Toronto-8206,22,60,Normal
2026-04-29 20:59:08.349601,Toronto-8206,44,87,Normal
2026-04-29 20:59:09.349601,Toronto-8206,-11,94,Normal
2026-04-29 20:59:10.349601,Toronto-8206,35,24,Normal
2026-04-29 20:59:11.349601,Toronto-8206,-4,13,Normal
2026-04-29 20:59:12.349601,Toronto-8206,-4,63,Normal
2026-04-29 20:59:13.349601,Toronto-8206,-16,13,Normal
2026-04-29 20:59:14.349601,Toronto-8206,28,46,Normal
2026-04-29 20:59:15.349601,Toronto-8206,-15,1,Normal
2026-04-29 20:59:16.349601,Toronto-8206,-20,24,Normal
2026-04-29 20:59:17.349601,Toronto-8206,2,48,Normal
2026-04-29 20:59:18.349601,Toronto-8206,10,100,Normal
2026-04-29 20:59:19.349601,Toronto-8206,-1,54,Normal
2026-04-29 20:59:20.349601,Toronto-8206,-20,0,Normal
2026-04-29 20:59:21.349601,Toronto-8206,7,12,Normal
2026-04-29 20:59:22.349601,Toronto-8206,46,21,Normal
2026-04-29 20:59:23.349601,Toronto-8206,21,17,Normal
2026-04-29 20:59:24.349601,Toronto-8206,-14,37,Normal
2026-04-29 20:59:25.349601,Toronto-8206,-4,0,Normal
2026-04-29 20:59:26.349601,Toronto-8206,-20,66,Normal
2026-04-29 20:59:27.349601,Toronto-8206,0,81,Normal
2026-04-29 20:59:28.349601,Toronto-8206,-30,62,Normal
2026-04-29 20:59:29.349601,Toronto-8206,-18,100,Normal
2026-04-29 20:59:30.349601,Toronto-8206,37,57,Normal
2026-04-29 20:59:31.349601,Toronto-8206,16,24,Normal
2026-04-29 20:59:32.349601,Toronto-8206,16,84,Normal
2026-04-29 20:59:33.349601,Toronto-8206,-18,68,Normal
2026-04-29 20:59:34.349601,Toronto-8206,-19,40,Normal
2026-04-29 20:59:35.349601,Toronto-8206,13,23,Normal
2026-04-29 20:59:36.349601,Toronto-8206,24,72,Normal
2026-04-29 20:59:37.349601,Toronto-8206,4,63,Normal
2026-04-29 20:59:38.349601,Toronto-8206,-17,22,Normal
2026-04-29 20:59:39.349601,Toronto-8206,32,95,Normal
2026-04-29 20:59:40.349601,Toronto-8206,-28,7,Normal
2026-04-29 20:59:41.349601,Toronto-8206,-6,93,Normal
2026-04-29 20:59:42.349601,Toronto-8206,35,15,Normal
2026-04-29 20:59:43.349601,Toronto-8206,28,96,Normal
2026-04-29 20:59:44.349601,Toronto-8206,13,85,Normal
2026-04-29 20:59:45.349601,Toronto-8206,21,67,Normal
2026-04-29 20:59:46.349601,Toronto-8206,45,50,Normal
2026-04-29 20:59:47.349601,Toronto-8206,19,91,Normal
2026-04-29 20:59:48.349601,Toronto-8206,-2,89,Normal
2026-04-29 20:59:49.349601,Toronto-8206,41,32,Normal
2026-04-29 20:59:50.349601,Toronto-8206,-22,3,Normal
2026-04-29 20:59:51.349601,Toronto-8206,26,82,Normal
2026-04-29 20:59:52.349601,Toronto-8206,14,74,Normal
2026-04-29 20:59:53.349601,Toronto-8206,45,17,Normal
2026-04-29 20:59:54.349601,Toronto-8206,24,99,Normal
2026-04-29 20:59:55.349601,Toronto-8206,34,15,Normal
2026-04-29 20:59:56.349601,Toronto-8206,49,49,Normal
2026-04-29 20:59:57.349601,Toronto-8206,34,50,Normal
2026-04-29 20:59:58.349601,Toronto-8206,17,19,Normal
2026-04-29 20:59:59.349601,Toronto-8206,-5,28,Normal
2026-04-29 21:00:00.349601,Toronto-8206,-17,22,Normal
2026-04-29 21:00:01.349601,Toronto-8206,6,8,Normal
2026-04-29 21:00:02.349601,Toronto-8206,42,5,Normal
2026-04-29 21:00:03.349601,Toronto-8206,50,8,Normal
2026-04-29 21:00:04.349601,Toronto-8206,7,73,Normal
2026-04-29 21:00:05.349601,Toronto-8206,6,26,Normal
2026-04-29 21:00:06.349601,Toronto-8206,14,7,Normal
2026-04-29 21:00:07.349601,Toronto-8206,4,51,Normal
2026-04-29 21:00:08.349601,Toronto-8206,-11,37,Normal
2026-04-29 21:00:09.349601,Toronto-8206,9,21,Normal
2026-04-29 21:00:10.349601,Toronto-8206,26,80,Normal
2026-04-29 21:00:11.349601,Toronto-8206,38,78,Normal
2026-04-29 21:00:12.349601,Toronto-8206,17,12,Normal
2026-04-29 21:00:13.349601,Toronto-8206,20,21,Normal
2026-04-29 21:00:14.349601,Toronto-8206,-18,16,Normal
2026-04-29 21:00:15.349601,Toronto-8206,-13,17,Normal
2026-04-29 21:00:16.349601,Toronto-8206,36,12,Normal
2026-04-29 21:00:17.349601,Toronto-8206,29,97,Normal
2026-04-29 21:00:18.349601,Toronto-8206,-13,12,Normal
2026-04-29 21:00:19.349601,Toronto-8206,-22,2,Normal
2026-04-29 21:00:20.349601,Toronto-8206,-11,63,Normal
2026-04-29 21:00:21.349601,Toronto-8206,-5,20,Normal
2026-04-29 21:00:22.349601,Toronto-8206,-4,38,Normal
2026-04-29 21:00:23.349601,Toronto-8206,-14,91,Normal
2026-04-29 21:00:24.349601,Toronto-8206,43,79,Normal
2026-04-29 21:00:25.349601,Toronto-8206,-17,71,Normal
2026-04-29 21:00:26.349601,Toronto-8206,25,94,Normal
2026-04-29 21:00:27.349601,Toronto-8206,-12,38,Normal
2026-04-29 21:00:28.349601,Toronto-8206,6,63,Normal
2026-04-29 21:00:29.349601,Toronto-8206,47,57,Normal
2026-04-29 21:00:30.349601,Toronto-8206,-22,94,Normal
2026-04-29 21:00:31.349601,Toronto-8206,-30,51,Normal
2026-04-29 21:00:32.349601,Toronto-8206,36,53,Normal
2026-04-29 21:00:33.349601,Toronto-8206,-13,20,Normal
2026-04-29 21:00:34.349601,Toronto-8206,44,98,Normal
2026-04-29 21:00:35.349601,Toronto-8206,-22,37,Normal
2026-04-29 21:00:36.349601,Toronto-8206,24,95,Normal
2026-04-29 21:00:37.349601,Toronto-8206,23,77,Normal
2026-04-29 21:00:38.349601,Toronto-8206,0,76,Normal
2026-04-29 21:00:39.349601,Toronto-8206,18,78,Normal
2026-04-29 21:00:40.349601,Toronto-8206,-21,52,Normal
2026-04-29 21:00:41.349601,Toronto-8206,-3,41,Normal
2026-04-29 21:00:42.349601,Toronto-8206,36,89,Normal
2026-04-29 21:00:43.349601,Toronto-8206,37,15,Normal
2026-04-29 21:00:44.349601,Toronto-8206,2,99,Normal
2026-04-29 21:00:45.349601,Toronto-8206,50,82,Normal
2026-04-29 21:00:46.349601,Toronto-8206,25,60,Normal
2026-04-29 21:00:47.349601,Toronto-8206,32,86,Normal
2026-04-29 21:00:48.349601,Toronto-8206,32,27,Normal
2026-04-29 21:00:49.349601,Toronto-8206,-1,94,Normal
2026-04-29 21:00:50.349601,Toronto-8206,3,88,Normal
2026-04-29 21:00:51.349601,Toronto-8206,-26,2,Normal
2026-04-29 21:00:52.349601,Toronto-8206,-14,24,Normal
2026-04-29 21:00:53.349601,Toronto-8206,7,0,Normal
2026-04-29 21:00:54.349601,Toronto-8206,-1,94,Normal
2026-04-29 21:00:55.349601,Toronto-8206,18,67,Normal
2026-04-29 21:00:56.349601,Toronto-8206,-9,6,Normal
2026-04-29 21:00:57.349601,Toronto-8206,17,40,Normal
2026-04-29 21:00:58.349601,Toronto-8206,-1,19,Normal
2026-04-29 21:00:59.349601,Toronto-8206,45,68,Normal
2026-04-29 21:01:00.349601,Toronto-8206,45,37,Normal
2026-04-29 21:01:01.349601,Toronto-8206,22,32,Normal
2026-04-29 21:01:02.349601,Toronto-8206,-28,11,Normal
2026-04-29 21:01:03.349601,Toronto-8206,-21,57,Normal
2026-04-29 21:01:04.349601,Toronto-8206,-9,13,Normal
2026-04-29 21:01:05.349601,Toronto-8206,43,70,Normal
2026-04-29 21:01:06.349601,Toronto-8206,-6,46,Normal
2026-04-29 21:01:07.349601,Toronto-8206,1,64,Normal
2026-04-29 21:01:08.349601,Toronto-8206,22,92,Normal
2026-04-29 21:01:09.349601,Toronto-8206,16,94,Normal
2026-04-29 21:01:10.349601,Toronto-8206,-12,94,Normal
2026-04-29 21:01:11.349601,Toronto-8206,48,22,Normal
2026-04-29 21:01:12.349601,Toronto-8206,-11,92,Normal
2026-04-29 21:01:13.349601,Toronto-8206,15,27,Normal
2026-04-29 21:01:14.349601,Toronto-8206,-6,61,Normal
2026-04-29 21:01:15.349601,Toronto-8206,39,67,Normal
2026-04-29 21:01:16.349601,Toronto-8206,1,25,Normal
2026-04-29 21:01:17.349601,Toronto-8206,30,5,Normal
2026-04-29 21:01:18.349601,Toronto-8206,1,81,Normal
2026-04-29 21:01:19.349601,Toronto-8206,-10,2,Normal
2026-04-29 21:01:20.349601,Toronto-8206,3,66,Normal
2026-04-29 21:01:21.349601,Toronto-8206,-29,49,Normal
2026-04-29 21:01:22.349601,Toronto-8206,5,81,Normal
2026-04-29 21:01:23.349601,Toronto-8206,-14,54,Normal
2026-04-29 21:01:24.349601,Toronto-8206,11,100,Normal
2026-04-29 21:01:25.349601,Toronto-8206,-16,42,Normal
2026-04-29 21:01:26.349601,Toronto-8206,12,88,Normal
2026-04-29 21:01:27.349601,Toronto-8206,-10,94,Normal
2026-04-29 21:01:28.349601,Toronto-8206,9,91,Normal
2026-04-29 21:01:29.349601,Toronto-8206,36,3,Normal
2026-04-29 21:01:30.349601,Toronto-8206,18,16,Normal
2026-04-29 21:01:31.349601,Toronto-8206,-18,66,Normal
2026-04-29 21:01:32.349601,Toronto-8206,-3,1,Normal
2026-04-29 21:01:33.349601,Toronto-8206,44,66,Normal
2026-04-29 21:01:34.349601,Toronto-8206,21,35,Normal
2026-04-29 21:01:35.349601,Toronto-8206,11,11,Normal
2026-04-29 21:01:36.349601,Toronto-8206,37,15,Normal
2026-04-29 21:01:37.349601,Toronto-8206,-11,53,Normal
2026-04-29 21:01:38.349601,Toronto-8206,-21,2,Normal
2026-04-29 21:01:39.349601,Toronto-8206,-29,63,Normal
2026-04-29 21:01:40.349601,Toronto-8206,24,100,Normal
2026-04-29 21:01:41.349601,Toronto-8206,-1,36,Normal
2026-04-29 21:01:42.349601,Toronto-8206,-7,15,Normal
2026-04-29 21:01:43.349601,Toronto-8206,-21,89,Normal
2026-04-29 21:01:44.349601,Toronto-8206,-13,89,Normal
2026-04-29 21:01:45.349601,Toronto-8206,-9,31,Normal
2026-04-29 21:01:46.349601,Toronto-8206,2,57,Normal
2026-04-29 21:01:47.349601,Toronto-8206,5,87,Normal
2026-04-29 21:01:48.349601,Toronto-8206,-19,100,Normal
2026-04-29 21:01:49.349601,Toronto-8206,34,26,Normal
2026-04-29 21:01:50.349601,Toronto-8206,-3,5,Normal
2026-04-29 21:01:51.349601,Toronto-8206,29,42,Normal
2026-04-29 21:01:52.349601,Toronto-8206,34,24,Normal
2026-04-29 21:01:53.349601,Toronto-8206,26,40,Normal
2026-04-29 21:01:54.349601,Toronto-8206,-16,4,Normal
2026-04-29 21:01:55.349601,Toronto-8206,22,99,Normal
2026-04-29 21:01:56.349601,Toronto-8206,-24,18,Normal
2026-04-29 21:01:57.349601,Toronto-8206,28,20,Normal
2026-04-29 21:01:58.349601,Toronto-8206,50,17,Normal
2026-04-29 21:01:59.349601,Toronto-8206,-2,7,Normal
2026-04-29 21:02:00.349601,Toronto-8206,10,64,Normal
2026-04-29 21:02:01.349601,Toronto-8206,0,27,Normal
2026-04-29 21:02:02.349601,Toronto-8206,12,66,Normal
2026-04-29 21:02:03.349601,Toronto-8206,-19,84,Normal
2026-04-29 21:02:04.349601,Toronto-8206,-27,73,Normal
2026-04-29 21:02:05.349601,Toronto-8206,36,45,Normal
2026-04-29 21:02:06.349601,Toronto-8206,-29,37,Normal
2026-04-29 21:02:07.349601,Toronto-8206,17,19,Normal
2026-04-29 21:02:08.349601,Toronto-8206,2,93,Normal
2026-04-29 21:02:09.349601,Toronto-8206,49,87,Normal
2026-04-29 21:02:10.349601,Toronto-8206,-26,37,Normal
2026-04-29 21:02:11.349601,Toronto-8206,1,48,Normal
2026-04-29 21:02:12.349601,Toronto-8206,-6,4,Normal
2026-04-29 21:02:13.349601,Toronto-8206,1,63,Normal
2026-04-29 21:02:14.349601,Toronto-8206,10,33,Normal
2026-04-29 21:02:15.349601,Toronto-8206,10,81,Normal
2026-04-29 21:02:16.349601,Toronto-8206,46,33,Normal
2026-04-29 21:02:17.349601,Toronto-8206,49,73,Normal
2026-04-29 21:02:18.349601,Toronto-8206,17,66,Normal
2026-04-29 21:02:19.349601,Toronto-8206,-29,21,Normal
2026-04-29 21:02:20.349601,Toronto-8206,17,70,Normal
2026-04-29 21:02:21.349601,Toronto-8206,20,96,Normal
2026-04-29 21:02:22.349601,Toronto-8206,35,74,Normal
2026-04-29 21:02:23.349601,Toronto-8206,46,54,Normal
2026-04-29 21:02:24.349601,Toronto-8206,32,4,Normal
2026-04-29 21:02:25.349601,Toronto-8206,-29,53,Normal
2026-04-29 21:02:26.349601,Toronto-8206,-19,27,Normal
2026-04-29 21:02:27.349601,Toronto-8206,-9,53,Normal
2026-04-29 21:02:28.349601,Toronto-8206,34,55,Normal
2026-04-29 21:02:29.349601,Toronto-8206,46,52,Normal
2026-04-29 21:02:30.349601,Toronto-8206,11,32,Normal
2026-04-29 21:02:31.349601,Toronto-8206,-25,89,Normal
2026-04-29 21:02:32.349601,Toronto-8206,44,53,Normal
2026-04-29 21:02:33.349601,Toronto-8206,-2,81,Normal
2026-04-29 21:02:34.349601,Toronto-8206,28,43,Normal
2026-04-29 21:02:35.349601,Toronto-8206,-13,85,Normal
2026-04-29 21:02:36.349601,Toronto-8206,-22,65,Normal
2026-04-29 21:02:37.349601,Toronto-8206,19,97,Normal
2026-04-29 21:02:38.349601,Toronto-8206,38,18,Normal
2026-04-29 21:02:39.349601,Toronto-8206,34,96,Normal
2026-04-29 21:02:40.349601,Toronto-8206,22,12,Normal
2026-04-29 21:02:41.349601,Toronto-8206,14,2,Normal
2026-04-29 21:02:42.349601,Toronto-8206,23,42,Normal
2026-04-29 21:02:43.349601,Toronto-8206,-1,70,Normal
2026-04-29 21:02:44.349601,Toronto-8206,-8,46,Normal
2026-04-29 21:02:45.349601,Toronto-8206,27,1,Normal
2026-04-29 21:02:46.349601,Toronto-8206,-2,85,Normal
2026-04-29 21:02:47.349601,Toronto-8206,-6,94,Normal
2026-04-29 21:02:48.349601,Toronto-8206,28,78,Normal
2026-04-29 21:02:49.349601,Toronto-8206,-12,53,Normal
2026-04-29 21:02:50.349601,Toronto-8206,26,79,Normal
2026-04-29 21:02:51.349601,Toronto-8206,49,89,Normal
2026-04-29 21:02:52.349601,Toronto-8206,39,86,Normal
2026-04-29 21:02:53.349601,Toronto-8206,-13,12,Normal
2026-04-29 21:02:54.349601,Toronto-8206,-16,12,Normal
2026-04-29 21:02:55.349601,Toronto-8206,0,77,Normal
2026-04-29 21:02:56.349601,Toronto-8206,-4,52,Normal
2026-04-29 21:02:57.349601,Toronto-8206,26,1,Normal
2026-04-29 21:02:58.349601,Toronto-8206,-13,40,Normal
2026-04-29 21:02:59.349601,Toronto-8206,18,93,Normal
2026-04-29 21:03:00.349601,Toronto-8206,38,12,Normal
2026-04-29 21:03:01.349601,Toronto-8206,-20,57,Normal
2026-04-29 21:03:02.349601,Toronto-8206,46,91,Normal
2026-04-29 21:03:03.349601,Toronto-8206,35,30,Normal
2026-04-29 21:03:04.349601,Toronto-8206,2,58,Normal
2026-04-29 21:03:05.349601,Toronto-8206,-29,69,Normal
2026-04-29 21:03:06.349601,Toronto-8206,46,32,Normal
2026-04-29 21:03:07.349601,Toronto-8206,8,52,Normal
2026-04-29 21:03:08.349601,Toronto-8206,17,69,Normal
2026-04-29 21:03:09.349601,Toronto-8206,14,47,Normal
2026-04-29 21:03:10.349601,Toronto-8206,27,55,Normal
2026-04-29 21:03:11.349601,Toronto-8206,3,25,Normal
2026-04-29 21:03:12.349601,Toronto-8206,-14,15,Normal
2026-04-29 21:03:13.349601,Toronto-8206,5,57,Normal
2026-04-29 21:03:14.349601,Toronto-8206,-5,49,Normal
2026-04-29 21:03:15.349601,Toronto-8206,18,22,Normal
2026-04-29 21:03:16.349601,Toronto-8206,-9,61,Normal
2026-04-29 21:03:17.349601,Toronto-8206,42,67,Normal
2026-04-29 21:03:18.349601,Toronto-8206,49,43,Normal
2026-04-29 21:03:19.349601,Toronto-8206,1,68,Normal
2026-04-29 21:03:20.349601,Toronto-8206,-5,80,Normal
2026-04-29 21:03:21.349601,Toronto-8206,21,76,Normal
2026-04-29 21:03:22.349601,Toronto-8206,-26,7,Normal
2026-04-29 21:03:23.349601,Toronto-8206,15,17,Normal
2026-04-29 21:03:24.349601,Toronto-8206,24,32,Normal
2026-04-29 21:03:25.349601,Toronto-8206,8,21,Normal
2026-04-29 21:03:26.349601,Toronto-8206,-10,97,Normal
2026-04-29 21:03:27.349601,Toronto-8206,-12,42,Normal
2026-04-29 21:03:28.349601,Toronto-8206,-5,39,Normal
2026-04-29 21:03:29.349601,Toronto-8206,30,64,Normal
2026-04-29 21:03:30.349601,Toronto-8206,-16,79,Normal
2026-04-29 21:03:31.349601,Toronto-8206,47,90,Normal
2026-04-29 21:03:32.349601,Toronto-8206,-1,67,Normal
2026-04-29 21:03:33.349601,Toronto-8206,15,26,Normal
2026-04-29 21:03:34.349601,Toronto-8206,-15,68,Normal
2026-04-29 21:03:35.349601,Toronto-8206,15,72,Normal
2026-04-29 21:03:36.349601,Toronto-8206,-15,89,Normal
2026-04-29 21:03:37.349601,Toronto-8206,30,37,Normal
2026-04-29 21:03:38.349601,Toronto-8206,-3,55,Normal
2026-04-29 21:03:39.349601,Toronto-8206,-2,34,Normal
2026-04-29 21:03:40.349601,Toronto-8206,26,17,Normal
2026-04-29 21:03:41.349601,Toronto-8206,5,65,Normal
2026-04-29 21:03:42.349601,Toronto-8206,43,99,Normal
2026-04-29 21:03:43.349601,Toronto-8206,12,49,Normal
2026-04-29 21:03:44.349601,Toronto-8206,-23,37,Normal
2026-04-29 21:03:45.349601,Toronto-8206,-7,1,Normal
2026-04-29 21:03:46.349601,Toronto-8206,24,3,Normal
2026-04-29 21:03:47.349601,Toronto-8206,2,16,Normal
2026-04-29 21:03:48.349601,Toronto-8206,-12,64,Normal
2026-04-29 21:03:49.349601,Toronto-8206,-29,90,Normal
2026-04-29 21:03:50.349601,Toronto-8206,-4,26,Normal
2026-04-29 21:03:51.349601,Toronto-8206,29,13,Normal
2026-04-29 21:03:52.349601,Toronto-8206,47,0,Normal
2026-04-29 21:03:53.349601,Toronto-8206,47,47,Normal
2026-04-29 21:03:54.349601,Toronto-8206,-6,88,Normal
2026-04-29 21:03:55.349601,Toronto-8206,5,37,Normal
2026-04-29 21:03:56.349601,Toronto-8206,-13,94,Normal
2026-04-29 21:03:57.349601,Toronto-8206,46,59,Normal
2026-04-29 21:03:58.349601,Toronto-8206,25,3,Normal
2026-04-29 21:03:59.349601,Toronto-8206,13,95,Normal
2026-04-29 21:04:00.349601,Toronto-8206,15,74,Normal
2026-04-29 21:04:01.349601,Toronto-8206,2,7,Normal
2026-04-29 21:04:02.349601,Toronto-8206,44,28,Normal
2026-04-29 21:04:03.349601,Toronto-8206,15,21,Normal
2026-04-29 21:04:04.349601,Toronto-8206,-4,55,Normal
2026-04-29 21:04:05.349601,Toronto-8206,50,3,Normal
2026-04-29 21:04:06.349601,Toronto-8206,-10,30,Normal
2026-04-29 21:04:07.349601,Toronto-8206,-21,32,Normal
2026-04-29 21:04:08.349601,Toronto-8206,47,86,Normal
2026-04-29 21:04:09.349601,Toronto-8206,14,97,Normal
2026-04-29 21:04:10.349601,Toronto-8206,4,8,Normal
2026-04-29 21:04:11.349601,Toronto-8206,37,87,Normal
2026-04-29 21:04:12.349601,Toronto-8206,3,0,Normal
2026-04-29 21:04:13.349601,Toronto-8206,-5,60,Normal
2026-04-29 21:04:14.349601,Toronto-8206,-17,26,Normal
2026-04-29 21:04:15.349601,Toronto-8206,27,66,Normal
2026-04-29 21:04:16.349601,Toronto-8206,25,74,Normal
2026-04-29 21:04:17.349601,Toronto-8206,-25,92,Normal
2026-04-29 21:04:18.349601,Toronto-8206,21,62,Normal
2026-04-29 21:04:19.349601,Toronto-8206,28,89,Normal
2026-04-29 21:04:20.349601,Toronto-8206,-10,57,Normal
2026-04-29 21:04:21.349601,Toronto-8206,29,13,Normal
2026-04-29 21:04:22.349601,Toronto-8206,6,48,Normal
2026-04-29 21:04:23.349601,Toronto-8206,9,71,Normal
2026-04-29 21:04:24.349601,Toronto-8206,-2,92,Normal
2026-04-29 21:04:25.349601,Toronto-8206,-19,59,Normal
2026-04-29 21:04:26.349601,Toronto-8206,17,49,Normal
2026-04-29 21:04:27.349601,Toronto-8206,-14,12,Normal
2026-04-29 21:04:28.349601,Toronto-8206,23,98,Normal
2026-04-29 21:04:29.349601,Toronto-8206,-12,37,Normal
2026-04-29 21:04:30.349601,Toronto-8206,20,0,Normal
2026-04-29 21:04:31.349601,Toronto-8206,-8,54,Normal
2026-04-29 21:04:32.349601,Toronto-8206,22,17,Normal
2026-04-29 21:04:33.349601,Toronto-8206,16,37,Normal
2026-04-29 21:04:34.349601,Toronto-8206,46,54,Normal
2026-04-29 21:04:35.349601,Toronto-8206,44,21,Normal
2026-04-29 21:04:36.349601,Toronto-8206,-14,73,Normal
2026-04-29 21:04:37.349601,Toronto-8206,30,2,Normal
2026-04-29 21:04:38.349601,Toronto-8206,-24,15,Normal
2026-04-29 21:04:39.349601,Toronto-8206,7,6,Normal
2026-04-29 21:04:40.349601,Toronto-8206,49,73,Normal
2026-04-29 21:04:41.349601,Toronto-8206,5,23,Normal
2026-04-29 21:04:42.349601,Toronto-8206,-8,47,Normal
2026-04-29 21:04:43.349601,Toronto-8206,19,95,Normal
2026-04-29 21:04:44.349601,Toronto-8206,2,100,Normal
2026-04-29 21:04:45.349601,Toronto-8206,16,62,Normal
2026-04-29 21:04:46.349601,Toronto-8206,26,74,Normal
2026-04-29 21:04:47.349601,Toronto-8206,5,0,Normal
2026-04-29 21:04:48.349601,Toronto-8206,-6,59,Normal
2026-04-29 21:04:49.349601,Toronto-8206,-12,8,Normal
2026-04-29 21:04:50.349601,Toronto-8206,11,51,Normal
2026-04-29 21:04:51.349601,Toronto-8206,-4,98,Normal
2026-04-29 21:04:52.349601,Toronto-8206,48,23,Normal
2026-04-29 21:04:53.349601,Toronto-8206,-7,55,Normal
2026-04-29 21:04:54.349601,Toronto-8206,45,31,Normal
2026-04-29 21:04:55.349601,Toronto-8206,46,52,Normal
2026-04-29 21:04:56.349601,Toronto-8206,33,90,Normal
2026-04-29 21:04:57.349601,Toronto-8206,-19,87,Normal
2026-04-29 21:04:58.349601,Toronto-8206,36,6,Normal
2026-04-29 21:04:59.349601,Toronto-8206,30,59,Normal
2026-04-29 21:05:00.349601,Toronto-8206,48,25,Normal
2026-04-29 21:05:01.349601,Toronto-8206,21,82,Normal
2026-04-29 21:05:02.349601,Toronto-8206,49,7,Normal
2026-04-29 21:05:03.349601,Toronto-8206,15,27,Normal
2026-04-29 21:05:04.349601,Toronto-8206,14,1,Normal
2026-04-29 21:05:05.349601,Toronto-8206,-26,49,Normal
2026-04-29 21:05:06.349601,Toronto-8206,-29,53,Normal
2026-04-29 21:05:07.349601,Toronto-8206,49,31,Normal
2026-04-29 21:05:08.349601,Toronto-8206,-10,41,Normal
2026-04-29 21:05:09.349601,Toronto-8206,50,35,Normal
2026-04-29 21:05:10.349601,Toronto-8206,8,78,Normal
2026-04-29 21:05:11.349601,Toronto-8206,22,83,Normal
2026-04-29 21:05:12.349601,Toronto-8206,8,10,Normal
2026-04-29 21:05:13.349601,Toronto-8206,-25,95,Normal
2026-04-29 21:05:14.349601,Toronto-8206,49,36,Normal
2026-04-29 21:05:15.349601,Toronto-8206,36,30,Normal
2026-04-29 21:05:16.349601,Toronto-8206,-30,26,Normal
2026-04-29 21:05:17.349601,Toronto-8206,-17,52,Normal
2026-04-29 21:05:18.349601,Toronto-8206,7,27,Normal
2026-04-29 21:05:19.349601,Toronto-8206,5,48,Normal
2026-04-29 21:05:20.349601,Toronto-8206,11,7,Normal
2026-04-29 21:05:21.349601,Toronto-8206,-6,70,Normal
2026-04-29 21:05:22.349601,Toronto-8206,-11,76,Normal
2026-04-29 21:05:23.349601,Toronto-8206,-30,21,Normal
2026-04-29 21:05:24.349601,Toronto-8206,19,61,Normal
2026-04-29 21:05:25.349601,Toronto-8206,45,41,Normal
2026-04-29 21:05:26.349601,Toronto-8206,43,15,Normal
2026-04-29 21:05:27.349601,Toronto-8206,40,74,Normal
2026-04-29 21:05:28.349601,Toronto-8206,29,42,Normal
2026-04-29 21:05:29.349601,Toronto-8206,-29,74,Normal
2026-04-29 21:05:30.349601,Toronto-8206,34,62,Normal
2026-04-29 21:05:31.349601,Toronto-8206,42,55,Normal
2026-04-29 21:05:32.349601,Toronto-8206,-20,34,Normal
2026-04-29 21:05:33.349601,Toronto-8206,-23,85,Normal
2026-04-29 21:05:34.349601,Toronto-8206,25,32,Normal
2026-04-29 21:05:35.349601,Toronto-8206,-25,80,Normal
2026-04-29 21:05:36.349601,Toronto-8206,-5,96,Normal
2026-04-29 21:05:37.349601,Toronto-8206,3,59,Normal
2026-04-29 21:05:38.349601,Toronto-8206,30,54,Normal
2026-04-29 21:05:39.349601,Toronto-8206,-9,11,Normal
2026-04-29 21:05:40.349601,Toronto-8206,30,70,Normal
2026-04-29 21:05:41.349601,Toronto-8206,38,11,Normal
2026-04-29 21:05:42.349601,Toronto-8206,11,24,Normal
2026-04-29 21:05:43.349601,Toronto-8206,33,99,Normal
2026-04-29 21:05:44.349601,Toronto-8206,44,0,Normal
2026-04-29 21:05:45.349601,Toronto-8206,2,88,Normal
2026-04-29 21:05:46.349601,Toronto-8206,19,83,Normal
2026-04-29 21:05:47.349601,Toronto-8206,10,38,Normal
2026-04-29 21:05:48.349601,Toronto-8206,32,86,Normal
2026-04-29 21:05:49.349601,Toronto-8206,35,9,Normal
2026-04-29 21:05:50.349601,Toronto-8206,-24,86,Normal
2026-04-29 21:05:51.349601,Toronto-8206,5,80,Normal
2026-04-29 21:05:52.349601,Toronto-8206,-10,49,Normal
2026-04-29 21:05:53.349601,Toronto-8206,19,9,Normal
2026-04-29 21:05:54.349601,Toronto-8206,-19,28,Normal
2026-04-29 21:05:55.349601,Toronto-8206,-20,0,Normal
2026-04-29 21:05:56.349601,Toronto-8206,-1,20,Normal
2026-04-29 21:05:57.349601,Toronto-8206,-15,84,Normal
2026-04-29 21:05:58.349601,Toronto-8206,-24,17,Normal
2026-04-29 21:05:59.349601,Toronto-8206,6,44,Normal
2026-04-29 21:06:00.349601,Toronto-8206,-6,67,Normal
2026-04-29 21:06:01.349601,Toronto-8206,-24,19,Normal
2026-04-29 21:06:02.349601,Toronto-8206,23,47,Normal
2026-04-29 21:06:03.349601,Toronto-8206,-28,57,Normal
2026-04-29 21:06:04.349601,Toronto-8206,28,13,Normal
2026-04-29 21:06:05.349601,Toronto-8206,31,45,Normal
2026-04-29 21:06:06.349601,Toronto-8206,29,19,Normal
2026-04-29 21:06:07.349601,Toronto-8206,32,3,Normal
2026-04-29 21:06:08.349601,Toronto-8206,40,19,Normal
2026-04-29 21:06:09.349601,Toronto-8206,-24,45,Normal
2026-04-29 21:06:10.349601,Toronto-8206,30,17,Normal
2026-04-29 21:06:11.349601,Toronto-8206,-11,7,Normal
2026-04-29 21:06:12.349601,Toronto-8206,11,24,Normal
2026-04-29 21:06:13.349601,Toronto-8206,11,6,Normal
2026-04-29 21:06:14.349601,Toronto-8206,-1,5,Normal
2026-04-29 21:06:15.349601,Toronto-8206,38,75,Normal
2026-04-29 21:06:16.349601,Toronto-8206,23,67,Normal
2026-04-29 21:06:17.349601,Toronto-8206,12,12,Normal
2026-04-29 21:06:18.349601,Toronto-8206,36,37,Normal
2026-04-29 21:06:19.349601,Toronto-8206,17,52,Normal
2026-04-29 21:06:20.349601,Toronto-8206,29,35,Normal
2026-04-29 21:06:21.349601,Toronto-8206,-2,35,Normal
2026-04-29 21:06:22.349601,Toronto-8206,-14,79,Normal
2026-04-29 21:06:23.349601,Toronto-8206,-18,74,Normal
2026-04-29 21:06:24.349601,Toronto-8206,-4,38,Normal
2026-04-29 21:06:25.349601,Toronto-8206,39,97,Normal
2026-04-29 21:06:26.349601,Toronto-8206,29,66,Normal
2026-04-29 21:06:27.349601,Toronto-8206,-13,95,Normal
2026-04-29 21:06:28.349601,Toronto-8206,-20,91,Normal
2026-04-29 21:06:29.349601,Toronto-8206,-17,45,Normal
2026-04-29 21:06:30.349601,Toronto-8206,46,33,Normal
2026-04-29 21:06:31.349601,Toronto-8206,-30,62,Normal
2026-04-29 21:06:32.349601,Toronto-8206,1,98,Normal
2026-04-29 21:06:33.349601,Toronto-8206,-10,24,Normal
2026-04-29 21:06:34.349601,Toronto-8206,48,96,Normal
2026-04-29 21:06:35.349601,Toronto-8206,-20,80,Normal
2026-04-29 21:06:36.349601,Toronto-8206,-30,60,Normal
2026-04-29 21:06:37.349601,Toronto-8206,16,65,Normal
2026-04-29 21:06:38.349601,Toronto-8206,40,87,Normal
2026-04-29 21:06:39.349601,Toronto-8206,34,55,Normal
2026-04-29 21:06:40.349601,Toronto-8206,25,26,Normal
2026-04-29 21:06:41.349601,Toronto-8206,-5,51,Normal
2026-04-29 21:06:42.349601,Toronto-8206,-25,20,Normal
2026-04-29 21:06:43.349601,Toronto-8206,-26,12,Normal
2026-04-29 21:06:44.349601,Toronto-8206,49,25,Normal
2026-04-29 21:06:45.349601,Toronto-8206,13,75,Normal
2026-04-29 21:06:46.349601,Toronto-8206,-5,64,Normal
2026-04-29 21:06:47.349601,Toronto-8206,-21,92,Normal
2026-04-29 21:06:48.349601,Toronto-8206,-18,45,Normal
2026-04-29 21:06:49.349601,Toronto-8206,26,72,Normal
2026-04-29 21:06:50.349601,Toronto-8206,32,96,Normal
2026-04-29 21:06:51.349601,Toronto-8206,-5,66,Normal
2026-04-29 21:06:52.349601,Toronto-8206,4,32,Normal
2026-04-29 21:06:53.349601,Toronto-8206,7,95,Normal
2026-04-29 21:06:54.349601,Toronto-8206,-28,57,Normal
2026-04-29 21:06:55.349601,Toronto-8206,0,26,Normal
2026-04-29 21:06:56.349601,Toronto-8206,-4,5,Normal
2026-04-29 21:06:57.349601,Toronto-8206,8,90,Normal
2026-04-29 21:06:58.349601,Toronto-8206,8,4,Normal
2026-04-29 21:06:59.349601,Toronto-8206,10,16,Normal
2026-04-29 21:07:00.349601,Toronto-8206,15,54,Normal
2026-04-29 21:07:01.349601,Toronto-8206,34,60,Normal
2026-04-29 21:07:02.349601,Toronto-8206,-5,5,Normal
2026-04-29 21:07:03.349601,Toronto-8206,2,31,Normal
2026-04-29 21:07:04.349601,Toronto-8206,0,94,Normal
2026-04-29 21:07:05.349601,Toronto-8206,24,5,Normal
2026-04-29 21:07:06.349601,Toronto-8206,-12,98,Normal
2026-04-29 21:07:07.349601,Toronto-8206,29,51,Normal
2026-04-29 21:07:08.349601,Toronto-8206,30,50,Normal
2026-04-29 21:07:09.349601,Toronto-8206,21,24,Normal
2026-04-29 21:07:10.349601,Toronto-8206,-30,25,Normal
2026-04-29 21:07:11.349601,Toronto-8206,22,89,Normal
2026-04-29 21:07:12.349601,Toronto-8206,37,23,Normal
2026-04-29 21:07:13.349601,Toronto-8206,39,80,Normal
2026-04-29 21:07:14.349601,Toronto-8206,2,42,Normal
2026-04-29 21:07:15.349601,Toronto-8206,11,62,Normal
2026-04-29 21:07:16.349601,Toronto-8206,37,39,Normal
2026-04-29 21:07:17.349601,Toronto-8206,7,83,Normal
2026-04-29 21:07:18.349601,Toronto-8206,-13,1,Normal
2026-04-29 21:07:19.349601,Toronto-8206,10,80,Normal
2026-04-29 21:07:20.349601,Toronto-8206,13,0,Normal
2026-04-29 21:07:21.349601,Toronto-8206,-29,56,Normal
2026-04-29 21:07:22.349601,Toronto-8206,-17,75,Normal
2026-04-29 21:07:23.349601,Toronto-8206,22,38,Normal
2026-04-29 21:07:24.349601,Toronto-8206,-16,62,Normal
2026-04-29 21:07:25.349601,Toronto-8206,-7,22,Normal
2026-04-29 21:07:26.349601,Toronto-8206,44,1,Normal
2026-04-29 21:07:27.349601,Toronto-8206,-12,68,Normal
2026-04-29 21:07:28.349601,Toronto-8206,14,23,Normal
2026-04-29 21:07:29.349601,Toronto-8206,-18,99,Normal
2026-04-29 21:07:30.349601,Toronto-8206,44,66,Normal
2026-04-29 21:07:31.349601,Toronto-8206,-2,95,Normal
2026-04-29 21:07:32.349601,Toronto-8206,37,100,Normal
2026-04-29 21:07:33.349601,Toronto-8206,44,33,Normal
2026-04-29 21:07:34.349601,Toronto-8206,25,17,Normal
2026-04-29 21:07:35.349601,Toronto-8206,21,31,Normal
2026-04-29 21:07:36.349601,Toronto-8206,38,63,Normal
2026-04-29 21:07:37.349601,Toronto-8206,33,7,Normal
2026-04-29 21:07:38.349601,Toronto-8206,3,60,Normal
2026-04-29 21:07:39.349601,Toronto-8206,28,51,Normal
2026-04-29 21:07:40.349601,Toronto-8206,-11,78,Normal
2026-04-29 21:07:41.349601,Toronto-8206,-6,36,Normal
2026-04-29 21:07:42.349601,Toronto-8206,2,90,Normal
2026-04-29 21:07:43.349601,Toronto-8206,48,52,Normal
2026-04-29 21:07:44.349601,Toronto-8206,44,43,Normal
2026-04-29 21:07:45.349601,Toronto-8206,-20,81,Normal
2026-04-29 21:07:46.349601,Toronto-8206,29,43,Normal
2026-04-29 21:07:47.349601,Toronto-8206,43,81,Normal
2026-04-29 21:07:48.349601,Toronto-8206,49,73,Normal
2026-04-29 21:07:49.349601,Toronto-8206,-19,49,Normal
2026-04-29 21:07:50.349601,Toronto-8206,-3,56,Normal
2026-04-29 21:07:51.349601,Toronto-8206,30,15,Normal
2026-04-29 21:07:52.349601,Toronto-8206,39,38,Normal
2026-04-29 21:07:53.349601,Toronto-8206,35,24,Normal
2026-04-29 21:07:54.349601,Toronto-8206,0,35,Normal
2026-04-29 21:07:55.349601,Toronto-8206,22,72,Normal
2026-04-29 21:07:56.349601,Toronto-8206,-6,80,Normal
2026-04-29 21:07:57.349601,Toronto-8206,27,15,Normal
2026-04-29 21:07:58.349601,Toronto-8206,49,13,Normal
2026-04-29 21:07:59.349601,Toronto-8206,48,72,Normal
2026-04-29 21:08:00.349601,Toronto-8206,-9,21,Normal
2026-04-29 21:08:01.349601,Toronto-8206,29,78,Normal
2026-04-29 21:08:02.349601,Toronto-8206,-18,16,Normal
2026-04-29 21:08:03.349601,Toronto-8206,14,94,Normal
2026-04-29 21:08:04.349601,Toronto-8206,-23,62,Normal
2026-04-29 21:08:05.349601,Toronto-8206,41,45,Normal
2026-04-29 21:08:06.349601,Toronto-8206,-1,24,Normal
2026-04-29 21:08:07.349601,Toronto-8206,-25,39,Normal
2026-04-29 21:08:08.349601,Toronto-8206,42,89,Normal
2026-04-29 21:08:09.349601,Toronto-8206,32,28,Normal
2026-04-29 21:08:10.349601,Toronto-8206,-27,61,Normal
2026-04-29 21:08:11.349601,Toronto-8206,31,76,Normal
2026-04-29 21:08:12.349601,Toronto-8206,6,99,Normal
2026-04-29 21:08:13.349601,Toronto-8206,-4,99,Normal
2026-04-29 21:08:14.349601,Toronto-8206,16,88,Normal
2026-04-29 21:08:15.349601,Toronto-8206,10,49,Normal
2026-04-29 21:08:16.349601,Toronto-8206,12,59,Normal
2026-04-29 21:08:17.349601,Toronto-8206,42,30,Normal
2026-04-29 21:08:18.349601,Toronto-8206,8,41,Normal
2026-04-29 21:08:19.349601,Toronto-8206,3,43,Normal
2026-04-29 21:08:20.349601,Toronto-8206,40,23,Normal
2026-04-29 21:08:21.349601,Toronto-8206,5,37,Normal
2026-04-29 21:08:22.349601,Toronto-8206,50,4,Normal
2026-04-29 21:08:23.349601,Toronto-8206,-16,53,Normal
2026-04-29 21:08:24.349601,Toronto-8206,-17,95,Normal
2026-04-29 21:08:25.349601,Toronto-8206,9,57,Normal
2026-04-29 21:08:26.349601,Toronto-8206,18,21,Normal
2026-04-29 21:08:27.349601,Toronto-8206,47,90,Normal
2026-04-29 21:08:28.349601,Toronto-8206,-17,65,Normal
2026-04-29 21:08:29.349601,Toronto-8206,21,30,Normal
2026-04-29 21:08:30.349601,Toronto-8206,39,82,Normal
2026-04-29 21:08:31.349601,Toronto-8206,15,3,Normal
2026-04-29 21:08:32.349601,Toronto-8206,28,85,Normal
2026-04-29 21:08:33.349601,Toronto-8206,11,96,Normal
2026-04-29 21:08:34.349601,Toronto-8206,-22,79,Normal
2026-04-29 21:08:35.349601,Toronto-8206,-21,46,Normal
2026-04-29 21:08:36.349601,Toronto-8206,-24,61,Normal
2026-04-29 21:08:37.349601,Toronto-8206,-12,29,Normal
2026-04-29 21:08:38.349601,Toronto-8206,8,30,Normal
2026-04-29 21:08:39.349601,Toronto-8206,7,24,Normal
2026-04-29 21:08:40.349601,Toronto-8206,15,60,Normal
2026-04-29 21:08:41.349601,Toronto-8206,13,74,Normal
2026-04-29 21:08:42.349601,Toronto-8206,11,7,Normal
2026-04-29 21:08:43.349601,Toronto-8206,32,58,Normal
2026-04-29 21:08:44.349601,Toronto-8206,13,42,Normal
2026-04-29 21:08:45.349601,Toronto-8206,47,41,Normal
2026-04-29 21:08:46.349601,Toronto-8206,0,32,Normal
2026-04-29 21:08:47.349601,Toronto-8206,13,33,Normal
2026-04-29 21:08:48.349601,Toronto-8206,1,69,Normal
2026-04-29 21:08:49.349601,Toronto-8206,49,23,Normal
2026-04-29 21:08:50.349601,Toronto-8206,-25,25,Normal
2026-04-29 21:08:51.349601,Toronto-8206,17,46,Normal
2026-04-29 21:08:52.349601,Toronto-8206,-5,18,Normal
2026-04-29 21:08:53.349601,Toronto-8206,-26,3,Normal
2026-04-29 21:08:54.349601,Toronto-8206,32,61,Normal
2026-04-29 21:08:55.349601,Toronto-8206,10,98,Normal
2026-04-29 21:08:56.349601,Toronto-8206,2,7,Normal
2026-04-29 21:08:57.349601,Toronto-8206,-3,63,Normal
2026-04-29 21:08:58.349601,Toronto-8206,-25,43,Normal
2026-04-29 21:08:59.349601,Toronto-8206,-16,50,Normal
2026-04-29 21:09:00.349601,Toronto-8206,34,12,Normal
2026-04-29 21:09:01.349601,Toronto-8206,-15,51,Normal
2026-04-29 21:09:02.349601,Toronto-8206,-23,37,Normal
2026-04-29 21:09:03.349601,Toronto-8206,46,66,Normal
2026-04-29 21:09:04.349601,Toronto-8206,8,54,Normal
2026-04-29 21:09:05.349601,Toronto-8206,2,47,Normal
2026-04-29 21:09:06.349601,Toronto-8206,32,57,Normal
2026-04-29 21:09:07.349601,Toronto-8206,-22,31,Normal
2026-04-29 21:09:08.349601,Toronto-8206,-23,76,Normal
2026-04-29 21:09:09.349601,Toronto-8206,-19,80,Normal
2026-04-29 21:09:10.349601,Toronto-8206,-13,37,Normal
2026-04-29 21:09:11.349601,Toronto-8206,-9,31,Normal
2026-04-29 21:09:12.349601,Toronto-8206,-28,14,Normal
2026-04-29 21:09:13.349601,Toronto-8206,-23,86,Normal
2026-04-29 21:09:14.349601,Toronto-8206,15,64,Normal
2026-04-29 21:09:15.349601,Toronto-8206,-3,23,Normal
2026-04-29 21:09:16.349601,Toronto-8206,15,38,Normal
2026-04-29 21:09:17.349601,Toronto-8206,-2,71,Normal
2026-04-29 21:09:18.349601,Toronto-8206,5,55,Normal
2026-04-29 21:09:19.349601,Toronto-8206,-20,87,Normal
2026-04-29 21:09:20.349601,Toronto-8206,13,22,Normal
2026-04-29 21:09:21.349601,Toronto-8206,34,94,Normal
2026-04-29 21:09:22.349601,Toronto-8206,21,82,Normal
2026-04-29 21:09:23.349601,Toronto-8206,45,77,Normal
2026-04-29 21:09:24.349601,Toronto-8206,12,97,Normal
2026-04-29 21:09:25.349601,Toronto-8206,-9,29,Normal
2026-04-29 21:09:26.349601,Toronto-8206,30,87,Normal
2026-04-29 21:09:27.349601,Toronto-8206,27,6,Normal
2026-04-29 21:09:28.349601,Toronto-8206,43,93,Normal
2026-04-29 21:09:29.349601,Toronto-8206,-29,40,Normal
2026-04-29 21:09:30.349601,Toronto-8206,22,88,Normal
2026-04-29 21:09:31.349601,Toronto-8206,-20,22,Normal
2026-04-29 21:09:32.349601,Toronto-8206,-19,23,Normal
2026-04-29 21:09:33.349601,Toronto-8206,-16,41,Normal
2026-04-29 21:09:34.349601,Toronto-8206,36,60,Normal
2026-04-29 21:09:35.349601,Toronto-8206,49,27,Normal
2026-04-29 21:09:36.349601,Toronto-8206,30,84,Normal
2026-04-29 21:09:37.349601,Toronto-8206,36,100,Normal
2026-04-29 21:09:38.349601,Toronto-8206,14,7,Normal
2026-04-29 21:09:39.349601,Toronto-8206,47,22,Normal
2026-04-29 21:09:40.349601,Toronto-8206,29,59,Normal
2026-04-29 21:09:41.349601,Toronto-8206,-30,77,Normal
2026-04-29 21:09:42.349601,Toronto-8206,43,87,Normal
2026-04-29 21:09:43.349601,Toronto-8206,6,11,Normal
2026-04-29 21:09:44.349601,Toronto-8206,28,4,Normal
2026-04-29 21:09:45.349601,Toronto-8206,38,47,Normal
2026-04-29 21:09:46.349601,Toronto-8206,39,69,Normal
2026-04-29 21:09:47.349601,Toronto-8206,-28,96,Normal
2026-04-29 21:09:48.349601,Toronto-8206,-24,97,Normal
2026-04-29 21:09:49.349601,Toronto-8206,43,62,Normal
2026-04-29 21:09:50.349601,Toronto-8206,-14,73,Normal
2026-04-29 21:09:51.349601,Toronto-8206,-28,100,Normal
2026-04-29 21:09:52.349601,Toronto-8206,15,11,Normal
2026-04-29 21:09:53.349601,Toronto-8206,38,72,Normal
2026-04-29 21:09:54.349601,Toronto-8206,10,9,Normal
2026-04-29 21:09:55.349601,Toronto-8206,31,100,Normal
2026-04-29 21:09:56.349601,Toronto-8206,2,61,Normal
2026-04-29 21:09:57.349601,Toronto-8206,38,36,Normal
2026-04-29 21:09:58.349601,Toronto-8206,-7,56,Normal
2026-04-29 21:09:59.349601,Toronto-8206,3,7,Normal
2026-04-29 21:10:00.349601,Toronto-8206,0,37,Normal
2026-04-29 21:10:01.349601,Toronto-8206,9,28,Normal
2026-04-29 21:10:02.349601,Toronto-8206,-4,54,Normal
2026-04-29 21:10:03.349601,Toronto-8206,20,71,Normal
2026-04-29 21:10:04.349601,Toronto-8206,-2,34,Normal
2026-04-29 21:10:05.349601,Toronto-8206,-16,49,Normal
2026-04-29 21:10:06.349601,Toronto-8206,-18,83,Normal
2026-04-29 21:10:07.349601,Toronto-8206,21,2,Normal
2026-04-29 21:10:08.349601,Toronto-8206,15,65,Normal
2026-04-29 21:10:09.349601,Toronto-8206,26,3,Normal
2026-04-29 21:10:10.349601,Toronto-8206,3,79,Normal
2026-04-29 21:10:11.349601,Toronto-8206,45,31,Normal
2026-04-29 21:10:12.349601,Toronto-8206,47,35,Normal
2026-04-29 21:10:13.349601,Toronto-8206,35,83,Normal
2026-04-29 21:10:14.349601,Toronto-8206,29,5,Normal
2026-04-29 21:10:15.349601,Toronto-8206,9,75,Normal
2026-04-29 21:10:16.349601,Toronto-8206,5,26,Normal
2026-04-29 21:10:17.349601,Toronto-8206,44,20,Normal
2026-04-29 21:10:18.349601,Toronto-8206,-8,45,Normal
2026-04-29 21:10:19.349601,Toronto-8206,31,79,Normal
2026-04-29 21:10:20.349601,Toronto-8206,22,34,Normal
2026-04-29 21:10:21.349601,Toronto-8206,-22,72,Normal
2026-04-29 21:10:22.349601,Toronto-8206,22,58,Normal
2026-04-29 21:10:23.349601,Toronto-8206,-27,56,Normal
2026-04-29 21:10:24.349601,Toronto-8206,20,90,Normal
2026-04-29 21:10:25.349601,Toronto-8206,41,69,Normal
2026-04-29 21:10:26.349601,Toronto-8206,-6,84,Normal
2026-04-29 21:10:27.349601,Toronto-8206,19,88,Normal
2026-04-29 21:10:28.349601,Toronto-8206,-30,56,Normal
2026-04-29 21:10:29.349601,Toronto-8206,-1,66,Normal
2026-04-29 21:10:30.349601,Toronto-8206,-6,65,Normal
2026-04-29 21:10:31.349601,Toronto-8206,-2,79,Normal
2026-04-29 21:10:32.349601,Toronto-8206,11,53,Normal
2026-04-29 21:10:33.349601,Toronto-8206,31,56,Normal
2026-04-29 21:10:34.349601,Toronto-8206,22,47,Normal
2026-04-29 21:10:35.349601,Toronto-8206,46,70,Normal
2026-04-29 21:10:36.349601,Toronto-8206,25,15,Normal
2026-04-29 21:10:37.349601,Toronto-8206,9,25,Normal
2026-04-29 21:10:38.349601,Toronto-8206,1,67,Normal
2026-04-29 21:10:39.349601,Toronto-8206,-14,60,Normal
2026-04-29 21:10:40.349601,Toronto-8206,-6,67,Normal
2026-04-29 21:10:41.349601,Toronto-8206,32,100,Normal
2026-04-29 21:10:42.349601,Toronto-8206,-4,45,Normal
2026-04-29 21:10:43.349601,Toronto-8206,26,69,Normal
2026-04-29 21:10:44.349601,Toronto-8206,43,81,Normal
2026-04-29 21:10:45.349601,Toronto-8206,-27,5,Normal
2026-04-29 21:10:46.349601,Toronto-8206,2,56,Normal
2026-04-29 21:10:47.349601,Toronto-8206,3,19,Normal
2026-04-29 21:10:48.349601,Toronto-8206,-27,29,Normal
2026-04-29 21:10:49.349601,Toronto-8206,47,41,Normal
2026-04-29 21:10:50.349601,Toronto-8206,-24,70,Normal
2026-04-29 21:10:51.349601,Toronto-8206,11,31,Normal
2026-04-29 21:10:52.349601,Toronto-8206,32,69,Normal
2026-04-29 21:10:53.349601,Toronto-8206,17,94,Normal
2026-04-29 21:10:54.349601,Toronto-8206,18,13,Normal
2026-04-29 21:10:55.349601,Toronto-8206,13,81,Normal
2026-04-29 21:10:56.349601,Toronto-8206,36,95,Normal
2026-04-29 21:10:57.349601,Toronto-8206,16,66,Normal
2026-04-29 21:10:58.349601,Toronto-8206,24,10,Normal
2026-04-29 21:10:59.349601,Toronto-8206,40,9,Normal
2026-04-29 21:11:00.349601,Toronto-8206,20,35,Normal
2026-04-29 21:11:01.349601,Toronto-8206,-14,59,Normal
2026-04-29 21:11:02.349601,Toronto-8206,14,19,Normal
2026-04-29 21:11:03.349601,Toronto-8206,-16,57,Normal
2026-04-29 21:11:04.349601,Toronto-8206,-6,37,Normal
2026-04-29 21:11:05.349601,Toronto-8206,-19,9,Normal
2026-04-29 21:11:06.349601,Toronto-8206,-8,81,Normal
2026-04-29 21:11:07.349601,Toronto-8206,34,75,Normal
2026-04-29 21:11:08.349601,Toronto-8206,-4,18,Normal
2026-04-29 21:11:09.349601,Toronto-8206,10,30,Normal
2026-04-29 21:11:10.349601,Toronto-8206,4,24,Normal
2026-04-29 21:11:11.349601,Toronto-8206,50,7,Normal
2026-04-29 21:11:12.349601,Toronto-8206,-5,50,Normal
2026-04-29 21:11:13.349601,Toronto-8206,-8,39,Normal
2026-04-29 21:11:14.349601,Toronto-8206,46,78,Normal
2026-04-29 21:11:15.349601,Toronto-8206,30,79,Normal
2026-04-29 21:11:16.349601,Toronto-8206,-29,99,Normal
2026-04-29 21:11:17.349601,Toronto-8206,-21,29,Normal
2026-04-29 21:11:18.349601,Toronto-8206,46,62,Normal
2026-04-29 21:11:19.349601,Toronto-8206,-22,39,Normal
2026-04-29 21:11:20.349601,Toronto-8206,-24,43,Normal
2026-04-29 21:11:21.349601,Toronto-8206,23,85,Normal
2026-04-29 21:11:22.349601,Toronto-8206,42,51,Normal
2026-04-29 21:11:23.349601,Toronto-8206,17,91,Normal
2026-04-29 21:11:24.349601,Toronto-8206,-26,60,Normal
2026-04-29 21:11:25.349601,Toronto-8206,20,52,Normal
2026-04-29 21:11:26.349601,Toronto-8206,31,19,Normal
2026-04-29 21:11:27.349601,Toronto-8206,12,27,Normal
2026-04-29 21:11:28.349601,Toronto-8206,47,82,Normal
2026-04-29 21:11:29.349601,Toronto-8206,-27,96,Normal
2026-04-29 21:11:30.349601,Toronto-8206,-11,17,Normal
2026-04-29 21:11:31.349601,Toronto-8206,10,97,Normal
2026-04-29 21:11:32.349601,Toronto-8206,-1,75,Normal
2026-04-29 21:11:33.349601,Toronto-8206,17,42,Normal
2026-04-29 21:11:34.349601,Toronto-8206,-21,79,Normal
2026-04-29 21:11:35.349601,Toronto-8206,19,45,Normal
2026-04-29 21:11:36.349601,Toronto-8206,46,48,Normal
2026-04-29 21:11:37.349601,Toronto-8206,2,66,Normal
2026-04-29 21:11:38.349601,Toronto-8206,16,41,Normal
2026-04-29 21:11:39.349601,Toronto-8206,-27,76,Normal
2026-04-29 21:11:40.349601,Toronto-8206,42,74,Normal
2026-04-29 21:11:41.349601,Toronto-8206,35,19,Normal
2026-04-29 21:11:42.349601,Toronto-8206,26,23,Normal
2026-04-29 21:11:43.349601,Toronto-8206,-11,55,Normal
2026-04-29 21:11:44.349601,Toronto-8206,47,26,Normal
2026-04-29 21:11:45.349601,Toronto-8206,35,71,Normal
2026-04-29 21:11:46.349601,Toronto-8206,16,0,Normal
2026-04-29 21:11:47.349601,Toronto-8206,2,60,Normal
2026-04-29 21:11:48.349601,Toronto-8206,-12,38,Normal
2026-04-29 21:11:49.349601,Toronto-8206,43,55,Normal
2026-04-29 21:11:50.349601,Toronto-8206,-12,6,Normal
2026-04-29 21:11:51.349601,Toronto-8206,-4,68,Normal
2026-04-29 21:11:52.349601,Toronto-8206,20,22,Normal
2026-04-29 21:11:53.349601,Toronto-8206,-11,87,Normal
2026-04-29 21:11:54.349601,Toronto-8206,-17,70,Normal
2026-04-29 21:11:55.349601,Toronto-8206,35,72,Normal
2026-04-29 21:11:56.349601,Toronto-8206,42,62,Normal
2026-04-29 21:11:57.349601,Toronto-8206,-14,51,Normal
2026-04-29 21:11:58.349601,Toronto-8206,-16,98,Normal
2026-04-29 21:11:59.349601,Toronto-8206,8,79,Normal
2026-04-29 21:12:00.349601,Toronto-8206,21,4,Normal
2026-04-29 21:12:01.349601,Toronto-8206,34,26,Normal
2026-04-29 21:12:02.349601,Toronto-8206,1,5,Normal
2026-04-29 21:12:03.349601,Toronto-8206,-1,56,Normal
2026-04-29 21:12:04.349601,Toronto-8206,43,20,Normal
2026-04-29 21:12:05.349601,Toronto-8206,49,82,Normal
2026-04-29 21:12:06.349601,Toronto-8206,-15,84,Normal
2026-04-29 21:12:07.349601,Toronto-8206,17,94,Normal
2026-04-29 21:12:08.349601,Toronto-8206,-30,96,Normal
2026-04-29 21:12:09.349601,Toronto-8206,24,31,Normal
2026-04-29 21:12:10.349601,Toronto-8206,-26,84,Normal
2026-04-29 21:12:11.349601,Toronto-8206,-25,17,Normal
2026-04-29 21:12:12.349601,Toronto-8206,41,59,Normal
2026-04-29 21:12:13.349601,Toronto-8206,-4,95,Normal
2026-04-29 21:12:14.349601,Toronto-8206,17,50,Normal
2026-04-29 21:12:15.349601,Toronto-8206,23,94,Normal
2026-04-29 21:12:16.349601,Toronto-8206,45,84,Normal
2026-04-29 21:12:17.349601,Toronto-8206,39,55,Normal
2026-04-29 21:12:18.349601,Toronto-8206,-18,100,Normal
2026-04-29 21:12:19.349601,Toronto-8206,31,51,Normal
2026-04-29 21:12:20.349601,Toronto-8206,24,59,Normal
2026-04-29 21:12:21.349601,Toronto-8206,-7,93,Normal
2026-04-29 21:12:22.349601,Toronto-8206,48,91,Normal
2026-04-29 21:12:23.349601,Toronto-8206,28,62,Normal
2026-04-29 21:12:24.349601,Toronto-8206,-17,47,Normal
2026-04-29 21:12:25.349601,Toronto-8206,-22,13,Normal
2026-04-29 21:12:26.349601,Toronto-8206,8,20,Normal
2026-04-29 21:12:27.349601,Toronto-8206,-9,95,Normal
2026-04-29 21:12:28.349601,Toronto-8206,46,69,Normal
2026-04-29 21:12:29.349601,Toronto-8206,7,90,Normal
2026-04-29 21:12:30.349601,Toronto-8206,12,34,Normal
2026-04-29 21:12:31.349601,Toronto-8206,28,8,Normal
2026-04-29 21:12:32.349601,Toronto-8206,1,95,Normal
2026-04-29 21:12:33.349601,Toronto-8206,-15,83,Normal
2026-04-29 21:12:34.349601,Toronto-8206,-26,81,Normal
2026-04-29 21:12:35.349601,Toronto-8206,39,18,Normal
2026-04-29 21:12:36.349601,Toronto-8206,10,95,Normal
2026-04-29 21:12:37.349601,Toronto-8206,23,40,Normal
2026-04-29 21:12:38.349601,Toronto-8206,-3,5,Normal
2026-04-29 21:12:39.349601,Toronto-8206,28,78,Normal
2026-04-29 21:12:40.349601,Toronto-8206,37,31,Normal
2026-04-29 21:12:41.349601,Toronto-8206,23,100,Normal
2026-04-29 21:12:42.349601,Toronto-8206,5,11,Normal
2026-04-29 21:12:43.349601,Toronto-8206,-11,85,Normal
2026-04-29 21:12:44.349601,Toronto-8206,0,62,Normal
2026-04-29 21:12:45.349601,Toronto-8206,26,39,Normal
2026-04-29 21:12:46.349601,Toronto-8206,23,20,Normal
2026-04-29 21:12:47.349601,Toronto-8206,-12,85,Normal
2026-04-29 21:12:48.349601,Toronto-8206,42,58,Normal
2026-04-29 21:12:49.349601,Toronto-8206,-22,53,Normal
2026-04-29 21:12:50.349601,Toronto-8206,-21,61,Normal
2026-04-29 21:12:51.349601,Toronto-8206,1,8,Normal
2026-04-29 21:12:52.349601,Toronto-8206,-16,54,Normal
2026-04-29 21:12:53.349601,Toronto-8206,-15,7,Normal
2026-04-29 21:12:54.349601,Toronto-8206,40,57,Normal
2026-04-29 21:12:55.349601,Toronto-8206,48,2,Normal
2026-04-29 21:12:56.349601,Toronto-8206,44,79,Normal
2026-04-29 21:12:57.349601,Toronto-8206,23,63,Normal
2026-04-29 21:12:58.349601,Toronto-8206,23,11,Normal
2026-04-29 21:12:59.349601,Toronto-8206,2,0,Normal
2026-04-29 21:13:00.349601,Toronto-8206,13,21,Normal
2026-04-29 21:13:01.349601,Toronto-8206,35,100,Normal
2026-04-29 21:13:02.349601,Toronto-8206,30,7,Normal
2026-04-29 21:13:03.349601,Toronto-8206,-25,24,Normal
2026-04-29 21:13:04.349601,Toronto-8206,-21,35,Normal
2026-04-29 21:13:05.349601,Toronto-8206,28,19,Normal
2026-04-29 21:13:06.349601,Toronto-8206,6,87,Normal
2026-04-29 21:13:07.349601,Toronto-8206,-1,7,Normal
2026-04-29 21:13:08.349601,Toronto-8206,24,17,Normal
2026-04-29 21:13:09.349601,Toronto-8206,47,79,Normal
2026-04-29 21:13:10.349601,Toronto-8206,24,99,Normal
2026-04-29 21:13:11.349601,Toronto-8206,7,79,Normal
2026-04-29 21:13:12.349601,Toronto-8206,-14,8,Normal
2026-04-29 21:13:13.349601,Toronto-8206,-16,17,Normal
2026-04-29 21:13:14.349601,Toronto-8206,-9,12,Normal
2026-04-29 21:13:15.349601,Toronto-8206,5,38,Normal
2026-04-29 21:13:16.349601,Toronto-8206,-7,26,Normal
2026-04-29 21:13:17.349601,Toronto-8206,15,79,Normal
2026-04-29 21:13:18.349601,Toronto-8206,37,99,Normal
2026-04-29 21:13:19.349601,Toronto-8206,49,66,Normal
2026-04-29 21:13:20.349601,Toronto-8206,20,57,Normal
2026-04-29 21:13:21.349601,Toronto-8206,8,91,Normal
2026-04-29 21:13:22.349601,Toronto-8206,35,97,Normal
2026-04-29 21:13:23.349601,Toronto-8206,49,13,Normal
2026-04-29 21:13:24.349601,Toronto-8206,-22,54,Normal
2026-04-29 21:13:25.349601,Toronto-8206,26,8,Normal
2026-04-29 21:13:26.349601,Toronto-8206,30,12,Normal
2026-04-29 21:13:27.349601,Toronto-8206,48,75,Normal
2026-04-29 21:13:28.349601,Toronto-8206,18,18,Normal
2026-04-29 21:13:29.349601,Toronto-8206,37,79,Normal
2026-04-29 21:13:30.349601,Toronto-8206,40,33,Normal
2026-04-29 21:13:31.349601,Toronto-8206,-5,39,Normal
2026-04-29 21:13:32.349601,Toronto-8206,-22,48,Normal
2026-04-29 21:13:33.349601,Toronto-8206,46,32,Normal
2026-04-29 21:13:34.349601,Toronto-8206,9,90,Normal
2026-04-29 21:13:35.349601,Toronto-8206,35,13,Normal
2026-04-29 21:13:36.349601,Toronto-8206,17,78,Normal
2026-04-29 21:13:37.349601,Toronto-8206,13,73,Normal
2026-04-29 21:13:38.349601,Toronto-8206,44,32,Normal
2026-04-29 21:13:39.349601,Toronto-8206,-25,3,Normal
2026-04-29 21:13:40.349601,Toronto-8206,-9,23,Normal
2026-04-29 21:13:41.349601,Toronto-8206,19,100,Normal
2026-04-29 21:13:42.349601,Toronto-8206,36,62,Normal
2026-04-29 21:13:43.349601,Toronto-8206,19,76,Normal
2026-04-29 21:13:44.349601,Toronto-8206,2,68,Normal
2026-04-29 21:13:45.349601,Toronto-8206,13,15,Normal
2026-04-29 21:13:46.349601,Toronto-8206,22,39,Normal
2026-04-29 21:13:47.349601,Toronto-8206,50,91,Normal
2026-04-29 21:13:48.349601,Toronto-8206,-20,67,Normal
2026-04-29 21:13:49.349601,Toronto-8206,48,99,Normal
2026-04-29 21:13:50.349601,Toronto-8206,22,66,Normal
2026-04-29 21:13:51.349601,Toronto-8206,-8,38,Normal
2026-04-29 21:13:52.349601,Toronto-8206,45,42,Normal
2026-04-29 21:13:53.349601,Toronto-8206,-22,91,Normal
2026-04-29 21:13:54.349601,Toronto-8206,48,48,Normal
2026-04-29 21:13:55.349601,Toronto-8206,-30,26,Normal
2026-04-29 21:13:56.349601,Toronto-8206,-16,68,Normal
2026-04-29 21:13:57.349601,Toronto-8206,16,81,Normal
2026-04-29 21:13:58.349601,Toronto-8206,-10,93,Normal
2026-04-29 21:13:59.349601,Toronto-8206,49,15,Normal
2026-04-29 21:14:00.349601,Toronto-8206,7,62,Normal
2026-04-29 21:14:01.349601,Toronto-8206,35,86,Normal
2026-04-29 21:14:02.349601,Toronto-8206,39,45,Normal
2026-04-29 21:14:03.349601,Toronto-8206,-30,7,Normal
2026-04-29 21:14:04.349601,Toronto-8206,-18,57,Normal
2026-04-29 21:14:05.349601,Toronto-8206,-26,81,Normal
2026-04-29 21:14:06.349601,Toronto-8206,49,19,Normal
2026-04-29 21:14:07.349601,Toronto-8206,26,2,Normal
2026-04-29 21:14:08.349601,Toronto-8206,29,49,Normal
2026-04-29 21:14:09.349601,Toronto-8206,20,14,Normal
2026-04-29 21:14:10.349601,Toronto-8206,6,70,Normal
2026-04-29 21:14:11.349601,Toronto-8206,50,64,Normal
2026-04-29 21:14:12.349601,Toronto-8206,-12,86,Normal
2026-04-29 21:14:13.349601,Toronto-8206,4,23,Normal
2026-04-29 21:14:14.349601,Toronto-8206,7,93,Normal
2026-04-29 21:14:15.349601,Toronto-8206,-7,53,Normal
2026-04-29 21:14:16.349601,Toronto-8206,12,18,Normal
2026-04-29 21:14:17.349601,Toronto-8206,29,91,Normal
2026-04-29 21:14:18.349601,Toronto-8206,-28,21,Normal
2026-04-29 21:14:19.349601,Toronto-8206,-23,100,Normal
2026-04-29 21:14:20.349601,Toronto-8206,27,85,Normal
2026-04-29 21:14:21.349601,Toronto-8206,-8,88,Normal
2026-04-29 21:14:22.349601,Toronto-8206,20,63,Normal
2026-04-29 21:14:23.349601,Toronto-8206,22,47,Normal
2026-04-29 21:14:24.349601,Toronto-8206,-12,17,Normal
2026-04-29 21:14:25.349601,Toronto-8206,-22,6,Normal
2026-04-29 21:14:26.349601,Toronto-8206,-5,92,Normal
2026-04-29 21:14:27.349601,Toronto-8206,2,82,Normal
2026-04-29 21:14:28.349601,Toronto-8206,-15,59,Normal
2026-04-29 21:14:29.349601,Toronto-8206,-28,94,Normal
2026-04-29 21:14:30.349601,Toronto-8206,48,65,Normal
2026-04-29 21:14:31.349601,Toronto-8206,18,63,Normal
2026-04-29 21:14:32.349601,Toronto-8206,-1,59,Normal
2026-04-29 21:14:33.349601,Toronto-8206,-2,67,Normal
2026-04-29 21:14:34.349601,Toronto-8206,-13,50,Normal
2026-04-29 21:14:35.349601,Toronto-8206,42,59,Normal
2026-04-29 21:14:36.349601,Toronto-8206,-4,63,Normal
2026-04-29 21:14:37.349601,Toronto-8206,29,57,Normal
2026-04-29 21:14:38.349601,Toronto-8206,14,17,Normal
2026-04-29 21:14:39.349601,Toronto-8206,-14,80,Normal
2026-04-29 21:14:40.349601,Toronto-8206,6,88,Normal
2026-04-29 21:14:41.349601,Toronto-8206,1,80,Normal
2026-04-29 21:14:42.349601,Toronto-8206,-20,58,Normal
2026-04-29 21:14:43.349601,Toronto-8206,-28,56,Normal
2026-04-29 21:14:44.349601,Toronto-8206,38,33,Normal
2026-04-29 21:14:45.349601,Toronto-8206,4,29,Normal
2026-04-29 21:14:46.349601,Toronto-8206,-29,90,Normal
2026-04-29 21:14:47.349601,Toronto-8206,16,47,Normal
2026-04-29 21:14:48.349601,Toronto-8206,-26,33,Normal
2026-04-29 21:14:49.349601,Toronto-8206,-15,67,Normal
2026-04-29 21:14:50.349601,Toronto-8206,-1,90,Normal
2026-04-29 21:14:51.349601,Toronto-8206,-7,43,Normal
2026-04-29 21:14:52.349601,Toronto-8206,20,61,Normal
2026-04-29 21:14:53.349601,Toronto-8206,2,53,Normal
2026-04-29 21:14:54.349601,Toronto-8206,43,24,Normal
2026-04-29 21:14:55.349601,Toronto-8206,23,50,Normal
2026-04-29 21:14:56.349601,Toronto-8206,3,59,Normal
2026-04-29 21:14:57.349601,Toronto-8206,-23,25,Normal
2026-04-29 21:14:58.349601,Toronto-8206,-27,62,Normal
2026-04-29 21:14:59.349601,Toronto-8206,33,58,Normal
2026-04-29 21:15:00.349601,Toronto-8206,19,44,Normal
2026-04-29 21:15:01.349601,Toronto-8206,-27,1,Normal
2026-04-29 21:15:02.349601,Toronto-8206,37,76,Normal
2026-04-29 21:15:03.349601,Toronto-8206,4,55,Normal
2026-04-29 21:15:04.349601,Toronto-8206,5,2,Normal
2026-04-29 21:15:05.349601,Toronto-8206,50,81,Normal
2026-04-29 21:15:06.349601,Toronto-8206,-1,24,Normal
2026-04-29 21:15:07.349601,Toronto-8206,6,55,Normal
2026-04-29 21:15:08.349601,Toronto-8206,44,33,Normal
2026-04-29 21:15:09.349601,Toronto-8206,-17,35,Normal
2026-04-29 21:15:10.349601,Toronto-8206,3,87,Normal
2026-04-29 21:15:11.349601,Toronto-8206,47,87,Normal
2026-04-29 21:15:12.349601,Toronto-8206,5,40,Normal
2026-04-29 21:15:13.349601,Toronto-8206,29,55,Normal
2026-04-29 21:15:14.349601,Toronto-8206,28,96,Normal
2026-04-29 21:15:15.349601,Toronto-8206,6,7,Normal
2026-04-29 21:15:16.349601,Toronto-8206,-16,21,Normal
2026-04-29 21:15:17.349601,Toronto-8206,-9,93,Normal
2026-04-29 21:15:18.349601,Toronto-8206,1,65,Normal
2026-04-29 21:15:19.349601,Toronto-8206,-23,52,Normal
2026-04-29 21:15:20.349601,Toronto-8206,35,3,Normal
2026-04-29 21:15:21.349601,Toronto-8206,-17,38,Normal
2026-04-29 21:15:22.349601,Toronto-8206,4,91,Normal
2026-04-29 21:15:23.349601,Toronto-8206,-21,66,Normal
2026-04-29 21:15:24.349601,Toronto-8206,8,62,Normal
2026-04-29 21:15:25.349601,Toronto-8206,12,32,Normal
2026-04-29 21:15:26.349601,Toronto-8206,-26,59,Normal
2026-04-29 21:15:27.349601,Toronto-8206,13,2,Normal
2026-04-29 21:15:28.349601,Toronto-8206,15,21,Normal
2026-04-29 21:15:29.349601,Toronto-8206,32,95,Normal
2026-04-29 21:15:30.349601,Toronto-8206,-19,49,Normal
2026-04-29 21:15:31.349601,Toronto-8206,-2,17,Normal
2026-04-29 21:15:32.349601,Toronto-8206,-29,60,Normal
2026-04-29 21:15:33.349601,Toronto-8206,-7,93,Normal
2026-04-29 21:15:34.349601,Toronto-8206,-20,17,Normal
2026-04-29 21:15:35.349601,Toronto-8206,20,73,Normal
2026-04-29 21:15:36.349601,Toronto-8206,41,13,Normal
2026-04-29 21:15:37.349601,Toronto-8206,50,95,Normal
2026-04-29 21:15:38.349601,Toronto-8206,4,42,Normal
2026-04-29 21:15:39.349601,Toronto-8206,31,79,Normal
2026-04-29 21:15:40.349601,Toronto-8206,-4,26,Normal
2026-04-29 21:15:41.349601,Toronto-8206,27,42,Normal
2026-04-29 21:15:42.349601,Toronto-8206,-29,98,Normal
2026-04-29 21:15:43.349601,Toronto-8206,-14,48,Normal
2026-04-29 21:15:44.349601,Toronto-8206,2,22,Normal
2026-04-29 21:15:45.349601,Toronto-8206,-22,55,Normal
2026-04-29 21:15:46.349601,Toronto-8206,-18,2,Normal
2026-04-29 21:15:47.349601,Toronto-8206,16,86,Normal
2026-04-29 21:15:48.349601,Toronto-8206,-1,29,Normal
2026-04-29 21:15:49.349601,Toronto-8206,43,73,Normal
2026-04-29 21:15:50.349601,Toronto-8206,-11,72,Normal
2026-04-29 21:15:51.349601,Toronto-8206,38,84,Normal
2026-04-29 21:15:52.349601,Toronto-8206,8,85,Normal
2026-04-29 21:15:53.349601,Toronto-8206,22,78,Normal
2026-04-29 21:15:54.349601,Toronto-8206,-21,72,Normal
2026-04-29 21:15:55.349601,Toronto-8206,-9,82,Normal
2026-04-29 21:15:56.349601,Toronto-8206,50,86,Normal
2026-04-29 21:15:57.349601,Toronto-8206,36,7,Normal
2026-04-29 21:15:58.349601,Toronto-8206,35,5,Normal
2026-04-29 21:15:59.349601,Toronto-8206,-26,22,Normal
2026-04-29 21:16:00.349601,Toronto-8206,-5,89,Normal
2026-04-29 21:16:01.349601,Toronto-8206,48,32,Normal
2026-04-29 21:16:02.349601,Toronto-8206,34,25,Normal
2026-04-29 21:16:03.349601,Toronto-8206,-3,70,Normal
2026-04-29 21:16:04.349601,Toronto-8206,-27,15,Normal
2026-04-29 21:16:05.349601,Toronto-8206,-5,42,Normal
2026-04-29 21:16:06.349601,Toronto-8206,-30,8,Normal
2026-04-29 21:16:07.349601,Toronto-8206,37,14,Normal
2026-04-29 21:16:08.349601,Toronto-8206,6,64,Normal
2026-04-29 21:16:09.349601,Toronto-8206,49,54,Normal
2026-04-29 21:16:10.349601,Toronto-8206,-28,92,Normal
2026-04-29 21:16:11.349601,Toronto-8206,-2,29,Normal
2026-04-29 21:16:12.349601,Toronto-8206,35,35,Normal
2026-04-29 21:16:13.349601,Toronto-8206,29,97,Normal
2026-04-29 21:16:14.349601,Toronto-8206,14,70,Normal
2026-04-29 21:16:15.349601,Toronto-8206,-23,94,Normal
2026-04-29 21:16:16.349601,Toronto-8206,10,63,Normal
2026-04-29 21:16:17.349601,Toronto-8206,-24,100,Normal
2026-04-29 21:16:18.349601,Toronto-8206,4,67,Normal
2026-04-29 21:16:19.349601,Toronto-8206,-6,5,Normal
2026-04-29 21:16:20.349601,Toronto-8206,-9,74,Normal
2026-04-29 21:16:21.349601,Toronto-8206,31,68,Normal
2026-04-29 21:16:22.349601,Toronto-8206,11,43,Normal
2026-04-29 21:16:23.349601,Toronto-8206,18,84,Normal
2026-04-29 21:16:24.349601,Toronto-8206,-15,78,Normal
2026-04-29 21:16:25.349601,Toronto-8206,50,21,Normal
2026-04-29 21:16:26.349601,Toronto-8206,28,53,Normal
2026-04-29 21:16:27.349601,Toronto-8206,45,98,Normal
2026-04-29 21:16:28.349601,Toronto-8206,3,73,Normal
2026-04-29 21:16:29.349601,Toronto-8206,-13,93,Normal
2026-04-29 21:16:30.349601,Toronto-8206,1,50,Normal
2026-04-29 21:16:31.349601,Toronto-8206,4,31,Normal
2026-04-29 21:16:32.349601,Toronto-8206,14,40,Normal
2026-04-29 21:16:33.349601,Toronto-8206,0,25,Normal
2026-04-29 21:16:34.349601,Toronto-8206,23,69,Normal
2026-04-29 21:16:35.349601,Toronto-8206,-30,30,Normal
2026-04-29 21:16:36.349601,Toronto-8206,-5,39,Normal
2026-04-29 21:16:37.349601,Toronto-8206,12,26,Normal
2026-04-29 21:16:38.349601,Toronto-8206,-25,45,Normal
2026-04-29 21:16:39.349601,Toronto-8206,50,35,Normal
2026-04-29 21:16:40.349601,Toronto-8206,50,78,Normal
2026-04-29 21:16:41.349601,Toronto-8206,44,17,Normal
2026-04-29 21:16:42.349601,Toronto-8206,6,91,Normal
2026-04-29 21:16:43.349601,Toronto-8206,17,84,Normal
2026-04-29 21:16:44.349601,Toronto-8206,49,59,Normal
2026-04-29 21:16:45.349601,Toronto-8206,23,35,Normal
2026-04-29 21:16:46.349601,Toronto-8206,-1,56,Normal
2026-04-29 21:16:47.349601,Toronto-8206,6,19,Normal
2026-04-29 21:16:48.349601,Toronto-8206,49,64,Normal
2026-04-29 21:16:49.349601,Toronto-8206,1,56,Normal
2026-04-29 21:16:50.349601,Toronto-8206,42,67,Normal
2026-04-29 21:16:51.349601,Toronto-8206,22,19,Normal
2026-04-29 21:16:52.349601,Toronto-8206,8,76,Normal
2026-04-29 21:16:53.349601,Toronto-8206,21,34,Normal
2026-04-29 21:16:54.349601,Toronto-8206,31,65,Normal
2026-04-29 21:16:55.349601,Toronto-8206,29,59,Normal
2026-04-29 21:16:56.349601,Toronto-8206,30,65,Normal
2026-04-29 21:16:57.349601,Toronto-8206,-20,88,Normal
2026-04-29 21:16:58.349601,Toronto-8206,16,96,Normal
2026-04-29 21:16:59.349601,Toronto-8206,-15,37,Normal
2026-04-29 21:17:00.349601,Toronto-8206,20,87,Normal
2026-04-29 21:17:01.349601,Toronto-8206,5,36,Normal
2026-04-29 21:17:02.349601,Toronto-8206,21,90,Normal
2026-04-29 21:17:03.349601,Toronto-8206,12,85,Normal
2026-04-29 21:17:04.349601,Toronto-8206,-25,4,Normal
2026-04-29 21:17:05.349601,Toronto-8206,1,60,Normal
2026-04-29 21:17:06.349601,Toronto-8206,-9,68,Normal
2026-04-29 21:17:07.349601,Toronto-8206,50,74,Normal
2026-04-29 21:17:08.349601,Toronto-8206,3,28,Normal
2026-04-29 21:17:09.349601,Toronto-8206,-13,49,Normal
2026-04-29 21:17:10.349601,Toronto-8206,9,51,Normal
2026-04-29 21:17:11.349601,Toronto-8206,28,86,Normal
2026-04-29 21:17:12.349601,Toronto-8206,-26,82,Normal
2026-04-29 21:17:13.349601,Toronto-8206,-24,53,Normal
2026-04-29 21:17:14.349601,Toronto-8206,47,53,Normal
2026-04-29 21:17:15.349601,Toronto-8206,34,68,Normal
2026-04-29 21:17:16.349601,Toronto-8206,36,45,Normal
2026-04-29 21:17:17.349601,Toronto-8206,22,16,Normal
2026-04-29 21:17:18.349601,Toronto-8206,-13,58,Normal
2026-04-29 21:17:19.349601,Toronto-8206,28,68,Normal
2026-04-29 21:17:20.349601,Toronto-8206,33,50,Normal
2026-04-29 21:17:21.349601,Toronto-8206,-22,47,Normal
2026-04-29 21:17:22.349601,Toronto-8206,2,85,Normal
2026-04-29 21:17:23.349601,Toronto-8206,48,74,Normal
2026-04-29 21:17:24.349601,Toronto-8206,-2,67,Normal
2026-04-29 21:17:25.349601,Toronto-8206,3,49,Normal
2026-04-29 21:17:26.349601,Toronto-8206,19,88,Normal
2026-04-29 21:17:27.349601,Toronto-8206,13,2,Normal
2026-04-29 21:17:28.349601,Toronto-8206,-1,41,Normal
2026-04-29 21:17:29.349601,Toronto-8206,-24,23,Normal
2026-04-29 21:17:30.349601,Toronto-8206,48,85,Normal
2026-04-29 21:17:31.349601,Toronto-8206,-14,2,Normal
2026-04-29 21:17:32.349601,Toronto-8206,3,98,Normal
2026-04-29 21:17:33.349601,Toronto-8206,10,4,Normal
2026-04-29 21:17:34.349601,Toronto-8206,-14,40,Normal
2026-04-29 21:17:35.349601,Toronto-8206,3,48,Normal
2026-04-29 21:17:36.349601,Toronto-8206,-5,47,Normal
2026-04-29 21:17:37.349601,Toronto-8206,-4,25,Normal
2026-04-29 21:17:38.349601,Toronto-8206,15,63,Normal
2026-04-29 21:17:39.349601,Toronto-8206,-2,84,Normal
2026-04-29 21:17:40.349601,Toronto-8206,4,48,Normal
2026-04-29 21:17:41.349601,Toronto-8206,48,75,Normal
2026-04-29 21:17:42.349601,Toronto-8206,25,81,Normal
2026-04-29 21:17:43.349601,Toronto-8206,12,50,Normal
2026-04-29 21:17:44.349601,Toronto-8206,26,54,Normal
2026-04-29 21:17:45.349601,Toronto-8206,50,21,Normal
2026-04-29 21:17:46.349601,Toronto-8206,-6,31,Normal
2026-04-29 21:17:47.349601,Toronto-8206,8,19,Normal
2026-04-29 21:17:48.349601,Toronto-8206,-12,0,Normal
2026-04-29 21:17:49.349601,Toronto-8206,18,50,Normal
2026-04-29 21:17:50.349601,Toronto-8206,14,16,Normal
2026-04-29 21:17:51.349601,Toronto-8206,30,12,Normal
2026-04-29 21:17:52.349601,Toronto-8206,24,47,Normal
2026-04-29 21:17:53.349601,Toronto-8206,-11,11,Normal
2026-04-29 21:17:54.349601,Toronto-8206,27,59,Normal
2026-04-29 21:17:55.349601,Toronto-8206,-26,62,Normal
2026-04-29 21:17:56.349601,Toronto-8206,18,22,Normal
2026-04-29 21:17:57.349601,Toronto-8206,-5,92,Normal
2026-04-29 21:17:58.349601,Toronto-8206,47,69,Normal
2026-04-29 21:17:59.349601,Toronto-8206,-18,100,Normal
2026-04-29 21:18:00.349601,Toronto-8206,25,35,Normal
2026-04-29 21:18:01.349601,Toronto-8206,-11,53,Normal
2026-04-29 21:18:02.349601,Toronto-8206,-26,36,Normal
2026-04-29 21:18:03.349601,Toronto-8206,41,9,Normal
2026-04-29 21:18:04.349601,Toronto-8206,34,8,Normal
2026-04-29 21:18:05.349601,Toronto-8206,-4,88,Normal
2026-04-29 21:18:06.349601,Toronto-8206,-26,40,Normal
2026-04-29 21:18:07.349601,Toronto-8206,11,90,Normal
2026-04-29 21:18:08.349601,Toronto-8206,-26,14,Normal
2026-04-29 21:18:09.349601,Toronto-8206,29,51,Normal
2026-04-29 21:18:10.349601,Toronto-8206,-6,23,Normal
2026-04-29 21:18:11.349601,Toronto-8206,-9,37,Normal
2026-04-29 21:18:12.349601,Toronto-8206,2,76,Normal
2026-04-29 21:18:13.349601,Toronto-8206,38,74,Normal
2026-04-29 21:18:14.349601,Toronto-8206,-20,40,Normal
2026-04-29 21:18:15.349601,Toronto-8206,11,77,Normal
2026-04-29 21:18:16.349601,Toronto-8206,3,35,Normal
2026-04-29 21:18:17.349601,Toronto-8206,26,28,Normal
2026-04-29 21:18:18.349601,Toronto-8206,-3,90,Normal
2026-04-29 21:18:19.349601,Toronto-8206,-11,46,Normal
2026-04-29 21:18:20.349601,Toronto-8206,27,5,Normal
2026-04-29 21:18:21.349601,Toronto-8206,43,55,Normal
2026-04-29 21:18:22.349601,Toronto-8206,28,49,Normal
2026-04-29 21:18:23.349601,Toronto-8206,22,44,Normal
2026-04-29 21:18:24.349601,Toronto-8206,49,45,Normal
2026-04-29 21:18:25.349601,Toronto-8206,40,41,Normal
2026-04-29 21:18:26.349601,Toronto-8206,-9,57,Normal
2026-04-29 21:18:27.349601,Toronto-8206,-14,18,Normal
2026-04-29 21:18:28.349601,Toronto-8206,21,45,Normal
2026-04-29 21:18:29.349601,Toronto-8206,3,72,Normal
2026-04-29 21:18:30.349601,Toronto-8206,7,39,Normal
2026-04-29 21:18:31.349601,Toronto-8206,20,15,Normal
2026-04-29 21:18:32.349601,Toronto-8206,41,48,Normal
2026-04-29 21:18:33.349601,Toronto-8206,-29,28,Normal
2026-04-29 21:18:34.349601,Toronto-8206,31,10,Normal
2026-04-29 21:18:35.349601,Toronto-8206,50,32,Normal
2026-04-29 21:18:36.349601,Toronto-8206,29,97,Normal
2026-04-29 21:18:37.349601,Toronto-8206,-11,82,Normal
2026-04-29 21:18:38.349601,Toronto-8206,45,57,Normal
2026-04-29 21:18:39.349601,Toronto-8206,36,13,Normal
2026-04-29 21:18:40.349601,Toronto-8206,21,70,Normal
2026-04-29 21:18:41.349601,Toronto-8206,20,63,Normal
2026-04-29 21:18:42.349601,Toronto-8206,1,30,Normal
2026-04-29 21:18:43.349601,Toronto-8206,43,86,Normal
2026-04-29 21:18:44.349601,Toronto-8206,30,29,Normal
2026-04-29 21:18:45.349601,Toronto-8206,-25,99,Normal
2026-04-29 21:18:46.349601,Toronto-8206,49,86,Normal
2026-04-29 21:18:47.349601,Toronto-8206,-21,40,Normal
2026-04-29 21:18:48.349601,Toronto-8206,21,25,Normal
2026-04-29 21:18:49.349601,Toronto-8206,-27,2,Normal
2026-04-29 21:18:50.349601,Toronto-8206,-3,81,Normal
2026-04-29 21:18:51.349601,Toronto-8206,-29,35,Normal
2026-04-29 21:18:52.349601,Toronto-8206,-7,23,Normal
2026-04-29 21:18:53.349601,Toronto-8206,20,52,Normal
2026-04-29 21:18:54.349601,Toronto-8206,-26,47,Normal
2026-04-29 21:18:55.349601,Toronto-8206,38,15,Normal
2026-04-29 21:18:56.349601,Toronto-8206,-27,23,Normal
2026-04-29 21:18:57.349601,Toronto-8206,11,74,Normal
2026-04-29 21:18:58.349601,Toronto-8206,37,54,Normal
2026-04-29 21:18:59.349601,Toronto-8206,-15,36,Normal
2026-04-29 21:19:00.349601,Toronto-8206,44,92,Normal
2026-04-29 21:19:01.349601,Toronto-8206,30,68,Normal
2026-04-29 21:19:02.349601,Toronto-8206,34,30,Normal
2026-04-29 21:19:03.349601,Toronto-8206,-26,53,Normal
2026-04-29 21:19:04.349601,Toronto-8206,10,14,Normal
2026-04-29 21:19:05.349601,Toronto-8206,16,56,Normal
2026-04-29 21:19:06.349601,Toronto-8206,-20,31,Normal
2026-04-29 21:19:07.349601,Toronto-8206,-23,84,Normal
2026-04-29 21:19:08.349601,Toronto-8206,5,9,Normal
2026-04-29 21:19:09.349601,Toronto-8206,10,79,Normal
2026-04-29 21:19:10.349601,Toronto-8206,14,10,Normal
2026-04-29 21:19:11.349601,Toronto-8206,50,58,Normal
2026-04-29 21:19:12.349601,Toronto-8206,12,8,Normal
2026-04-29 21:19:13.349601,Toronto-8206,41,75,Normal
2026-04-29 21:19:14.349601,Toronto-8206,29,57,Normal
2026-04-29 21:19:15.349601,Toronto-8206,36,3,Normal
2026-04-29 21:19:16.349601,Toronto-8206,48,51,Normal
2026-04-29 21:19:17.349601,Toronto-8206,-5,60,Normal
2026-04-29 21:19:18.349601,Toronto-8206,30,45,Normal
2026-04-29 21:19:19.349601,Toronto-8206,14,100,Normal
2026-04-29 21:19:20.349601,Toronto-8206,7,32,Normal
2026-04-29 21:19:21.349601,Toronto-8206,-9,3,Normal
2026-04-29 21:19:22.349601,Toronto-8206,-21,92,Normal
2026-04-29 21:19:23.349601,Toronto-8206,48,73,Normal
2026-04-29 21:19:24.349601,Toronto-8206,27,72,Normal
2026-04-29 21:19:25.349601,Toronto-8206,8,13,Normal
2026-04-29 21:19:26.349601,Toronto-8206,-19,45,Normal
2026-04-29 21:19:27.349601,Toronto-8206,-17,8,Normal
2026-04-29 21:19:28.349601,Toronto-8206,17,42,Normal
2026-04-29 21:19:29.349601,Toronto-8206,26,99,Normal
2026-04-29 21:19:30.349601,Toronto-8206,-7,19,Normal
2026-04-29 21:19:31.349601,Toronto-8206,-1,19,Normal
2026-04-29 21:19:32.349601,Toronto-8206,7,23,Normal
2026-04-29 21:19:33.349601,Toronto-8206,33,36,Normal
2026-04-29 21:19:34.349601,Toronto-8206,48,2,Normal
2026-04-29 21:19:35.349601,Toronto-8206,17,67,Normal
2026-04-29 21:19:36.349601,Toronto-8206,11,26,Normal
2026-04-29 21:19:37.349601,Toronto-8206,-11,41,Normal
2026-04-29 21:19:38.349601,Toronto-8206,-23,79,Normal
2026-04-29 21:19:39.349601,Toronto-8206,21,74,Normal
2026-04-29 21:19:40.349601,Toronto-8206,25,28,Normal
2026-04-29 21:19:41.349601,Toronto-8206,17,61,Normal
2026-04-29 21:19:42.349601,Toronto-8206,44,77,Normal
2026-04-29 21:19:43.349601,Toronto-8206,-7,8,Normal
2026-04-29 21:19:44.349601,Toronto-8206,3,3,Normal
2026-04-29 21:19:45.349601,Toronto-8206,11,43,Normal
2026-04-29 21:19:46.349601,Toronto-8206,-23,2,Normal
2026-04-29 21:19:47.349601,Toronto-8206,-15,13,Normal
2026-04-29 21:19:48.349601,Toronto-8206,42,52,Normal
2026-04-29 21:19:49.349601,Toronto-8206,-6,20,Normal
2026-04-29 21:19:50.349601,Toronto-8206,-25,43,Normal
2026-04-29 21:19:51.349601,Toronto-8206,-25,54,Normal
2026-04-29 21:19:52.349601,Toronto-8206,24,16,Normal
2026-04-29 21:19:53.349601,Toronto-8206,4,99,Normal
2026-04-29 21:19:54.349601,Toronto-8206,25,64,Normal
2026-04-29 21:19:55.349601,Toronto-8206,-7,26,Normal
2026-04-29 21:19:56.349601,Toronto-8206,1,32,Normal
2026-04-29 21:19:57.349601,Toronto-8206,-9,78,Normal
2026-04-29 21:19:58.349601,Toronto-8206,29,41,Normal
2026-04-29 21:19:59.349601,Toronto-8206,49,12,Normal
2026-04-29 21:20:00.349601,Toronto-8206,32,17,Normal
2026-04-29 21:20:01.349601,Toronto-8206,15,63,Normal
2026-04-29 21:20:02.349601,Toronto-8206,-18,16,Normal
2026-04-29 21:20:03.349601,Toronto-8206,-4,84,Normal
2026-04-29 21:20:04.349601,Toronto-8206,-29,18,Normal
2026-04-29 21:20:05.349601,Toronto-8206,22,22,Normal
2026-04-29 21:20:06.349601,Toronto-8206,11,25,Normal
2026-04-29 21:20:07.349601,Toronto-8206,6,91,Normal
2026-04-29 21:20:08.349601,Toronto-8206,33,92,Normal
2026-04-29 21:20:09.349601,Toronto-8206,-22,30,Normal
2026-04-29 21:20:10.349601,Toronto-8206,-15,63,Normal
2026-04-29 21:20:11.349601,Toronto-8206,-20,19,Normal
2026-04-29 21:20:12.349601,Toronto-8206,43,78,Normal
2026-04-29 21:20:13.349601,Toronto-8206,5,89,Normal
2026-04-29 21:20:14.349601,Toronto-8206,4,46,Normal
2026-04-29 21:20:15.349601,Toronto-8206,45,86,Normal
2026-04-29 21:20:16.349601,Toronto-8206,44,9,Normal
2026-04-29 21:20:17.349601,Toronto-8206,21,86,Normal
2026-04-29 21:20:18.349601,Toronto-8206,-9,77,Normal
2026-04-29 21:20:19.349601,Toronto-8206,19,43,Normal
2026-04-29 21:20:20.349601,Toronto-8206,10,49,Normal
2026-04-29 21:20:21.349601,Toronto-8206,-8,31,Normal
2026-04-29 21:20:22.349601,Toronto-8206,14,3,Normal
2026-04-29 21:20:23.349601,Toronto-8206,24,91,Normal
2026-04-29 21:20:24.349601,Toronto-8206,35,51,Normal
2026-04-29 21:20:25.349601,Toronto-8206,-9,66,Normal
2026-04-29 21:20:26.349601,Toronto-8206,42,27,Normal
2026-04-29 21:20:27.349601,Toronto-8206,-11,20,Normal
2026-04-29 21:20:28.349601,Toronto-8206,4,99,Normal
2026-04-29 21:20:29.349601,Toronto-8206,24,91,Normal
2026-04-29 21:20:30.349601,Toronto-8206,-4,56,Normal
2026-04-29 21:20:31.349601,Toronto-8206,-6,27,Normal
2026-04-29 21:20:32.349601,Toronto-8206,11,4,Normal
2026-04-29 21:20:33.349601,Toronto-8206,-13,54,Normal
2026-04-29 21:20:34.349601,Toronto-8206,8,6,Normal
2026-04-29 21:20:35.349601,Toronto-8206,1,67,Normal
2026-04-29 21:20:36.349601,Toronto-8206,-10,13,Normal
2026-04-29 21:20:37.349601,Toronto-8206,31,33,Normal
2026-04-29 21:20:38.349601,Toronto-8206,0,98,Normal
2026-04-29 21:20:39.349601,Toronto-8206,19,86,Normal
2026-04-29 21:20:40.349601,Toronto-8206,17,90,Normal
2026-04-29 21:20:41.349601,Toronto-8206,1,71,Normal
2026-04-29 21:20:42.349601,Toronto-8206,47,36,Normal
2026-04-29 21:20:43.349601,Toronto-8206,28,66,Normal
2026-04-29 21:20:44.349601,Toronto-8206,1,38,Normal
2026-04-29 21:20:45.349601,Toronto-8206,28,39,Normal
2026-04-29 21:20:46.349601,Toronto-8206,13,30,Normal
2026-04-29 21:20:47.349601,Toronto-8206,2,1,Normal
2026-04-29 21:20:48.349601,Toronto-8206,17,0,Normal
2026-04-29 21:20:49.349601,Toronto-8206,-26,92,Normal
2026-04-29 21:20:50.349601,Toronto-8206,36,10,Normal
2026-04-29 21:20:51.349601,Toronto-8206,-15,85,Normal
2026-04-29 21:20:52.349601,Toronto-8206,-28,68,Normal
2026-04-29 21:20:53.349601,Toronto-8206,-29,29,Normal
2026-04-29 21:20:54.349601,Toronto-8206,-6,55,Normal
2026-04-29 21:20:55.349601,Toronto-8206,-22,83,Normal
2026-04-29 21:20:56.349601,Toronto-8206,-4,90,Normal
2026-04-29 21:20:57.349601,Toronto-8206,-11,9,Normal
2026-04-29 21:20:58.349601,Toronto-8206,-30,14,Normal
2026-04-29 21:20:59.349601,Toronto-8206,27,43,Normal
2026-04-29 21:21:00.349601,Toronto-8206,1,30,Normal
2026-04-29 21:21:01.349601,Toronto-8206,-15,62,Normal
2026-04-29 21:21:02.349601,Toronto-8206,40,69,Normal
2026-04-29 21:21:03.349601,Toronto-8206,-28,75,Normal
2026-04-29 21:21:04.349601,Toronto-8206,17,39,Normal
2026-04-29 21:21:05.349601,Toronto-8206,21,21,Normal
2026-04-29 21:21:06.349601,Toronto-8206,50,77,Normal
2026-04-29 21:21:07.349601,Toronto-8206,21,5,Normal
2026-04-29 21:21:08.349601,Toronto-8206,-7,78,Normal
2026-04-29 21:21:09.349601,Toronto-8206,34,5,Normal
2026-04-29 21:21:10.349601,Toronto-8206,-21,18,Normal
2026-04-29 21:21:11.349601,Toronto-8206,12,23,Normal
2026-04-29 21:21:12.349601,Toronto-8206,33,66,Normal
2026-04-29 21:21:13.349601,Toronto-8206,-20,1,Normal
2026-04-29 21:21:14.349601,Toronto-8206,45,66,Normal
2026-04-29 21:21:15.349601,Toronto-8206,-21,20,Normal
2026-04-29 21:21:16.349601,Toronto-8206,-2,27,Normal
2026-04-29 21:21:17.349601,Toronto-8206,-15,45,Normal
2026-04-29 21:21:18.349601,Toronto-8206,26,24,Normal
2026-04-29 21:21:19.349601,Toronto-8206,9,6,Normal
2026-04-29 21:21:20.349601,Toronto-8206,17,43,Normal
2026-04-29 21:21:21.349601,Toronto-8206,17,66,Normal
2026-04-29 21:21:22.349601,Toronto-8206,17,30,Normal
2026-04-29 21:21:23.349601,Toronto-8206,-25,95,Normal
2026-04-29 21:21:24.349601,Toronto-8206,9,100,Normal
2026-04-29 21:21:25.349601,Toronto-8206,2,14,Normal
2026-04-29 21:21:26.349601,Toronto-8206,46,87,Normal
2026-04-29 21:21:27.349601,Toronto-8206,11,33,Normal
2026-04-29 21:21:28.349601,Toronto-8206,-12,23,Normal
2026-04-29 21:21:29.349601,Toronto-8206,37,1,Normal
2026-04-29 21:21:30.349601,Toronto-8206,-15,65,Normal
2026-04-29 21:21:31.349601,Toronto-8206,43,72,Normal
2026-04-29 21:21:32.349601,Toronto-8206,32,67,Normal
2026-04-29 21:21:33.349601,Toronto-8206,21,5,Normal
2026-04-29 21:21:34.349601,Toronto-8206,-10,57,Normal
2026-04-29 21:21:35.349601,Toronto-8206,33,18,Normal
2026-04-29 21:21:36.349601,Toronto-8206,7,73,Normal
2026-04-29 21:21:37.349601,Toronto-8206,15,92,Normal
2026-04-29 21:21:38.349601,Toronto-8206,19,70,Normal
2026-04-29 21:21:39.349601,Toronto-8206,-8,24,Normal
2026-04-29 21:21:40.349601,Toronto-8206,-26,3,Normal
2026-04-29 21:21:41.349601,Toronto-8206,21,82,Normal
2026-04-29 21:21:42.349601,Toronto-8206,29,77,Normal
2026-04-29 21:21:43.349601,Toronto-8206,-7,94,Normal
2026-04-29 21:21:44.349601,Toronto-8206,-12,49,Normal
2026-04-29 21:21:45.349601,Toronto-8206,-13,23,Normal
2026-04-29 21:21:46.349601,Toronto-8206,16,93,Normal
2026-04-29 21:21:47.349601,Toronto-8206,-15,92,Normal
2026-04-29 21:21:48.349601,Toronto-8206,-17,60,Normal
2026-04-29 21:21:49.349601,Toronto-8206,29,44,Normal
2026-04-29 21:21:50.349601,Toronto-8206,4,55,Normal
2026-04-29 21:21:51.349601,Toronto-8206,2,86,Normal
2026-04-29 21:21:52.349601,Toronto-8206,25,23,Normal
2026-04-29 21:21:53.349601,Toronto-8206,31,84,Normal
2026-04-29 21:21:54.349601,Toronto-8206,37,3,Normal
2026-04-29 21:21:55.349601,Toronto-8206,-29,30,Normal
2026-04-29 21:21:56.349601,Toronto-8206,-6,30,Normal
2026-04-29 21:21:57.349601,Toronto-8206,-13,64,Normal
2026-04-29 21:21:58.349601,Toronto-8206,34,69,Normal
2026-04-29 21:21:59.349601,Toronto-8206,16,89,Normal
2026-04-29 21:22:00.349601,Toronto-8206,22,3,Normal
2026-04-29 21:22:01.349601,Toronto-8206,29,33,Normal
2026-04-29 21:22:02.349601,Toronto-8206,30,31,Normal
2026-04-29 21:22:03.349601,Toronto-8206,34,8,Normal
2026-04-29 21:22:04.349601,Toronto-8206,-15,71,Normal
2026-04-29 21:22:05.349601,Toronto-8206,-30,63,Normal
2026-04-29 21:22:06.349601,Toronto-8206,-29,82,Normal
2026-04-29 21:22:07.349601,Toronto-8206,-14,5,Normal
2026-04-29 21:22:08.349601,Toronto-8206,4,73,Normal
2026-04-29 21:22:09.349601,Toronto-8206,2,28,Normal
2026-04-29 21:22:10.349601,Toronto-8206,44,46,Normal
2026-04-29 21:22:11.349601,Toronto-8206,30,37,Normal
2026-04-29 21:22:12.349601,Toronto-8206,17,68,Normal
2026-04-29 21:22:13.349601,Toronto-8206,2,14,Normal
2026-04-29 21:22:14.349601,Toronto-8206,7,80,Normal
2026-04-29 21:22:15.349601,Toronto-8206,16,79,Normal
2026-04-29 21:22:16.349601,Toronto-8206,-6,51,Normal
2026-04-29 21:22:17.349601,Toronto-8206,36,72,Normal
2026-04-29 21:22:18.349601,Toronto-8206,47,69,Normal
2026-04-29 21:22:19.349601,Toronto-8206,19,8,Normal
2026-04-29 21:22:20.349601,Toronto-8206,15,27,Normal
2026-04-29 21:22:21.349601,Toronto-8206,3,63,Normal
2026-04-29 21:22:22.349601,Toronto-8206,46,98,Normal
2026-04-29 21:22:23.349601,Toronto-8206,32,60,Normal
2026-04-29 21:22:24.349601,Toronto-8206,19,56,Normal
2026-04-29 21:22:25.349601,Toronto-8206,-20,7,Normal
2026-04-29 21:22:26.349601,Toronto-8206,-10,86,Normal
2026-04-29 21:22:27.349601,Toronto-8206,28,63,Normal
2026-04-29 21:22:28.349601,Toronto-8206,24,52,Normal
2026-04-29 21:22:29.349601,Toronto-8206,35,54,Normal
2026-04-29 21:22:30.349601,Toronto-8206,10,66,Normal
2026-04-29 21:22:31.349601,Toronto-8206,23,38,Normal
2026-04-29 21:22:32.349601,Toronto-8206,50,59,Normal
2026-04-29 21:22:33.349601,Toronto-8206,8,8,Normal
2026-04-29 21:22:34.349601,Toronto-8206,-13,27,Normal
2026-04-29 21:22:35.349601,Toronto-8206,-2,79,Normal
2026-04-29 21:22:36.349601,Toronto-8206,48,53,Normal
2026-04-29 21:22:37.349601,Toronto-8206,-2,52,Normal
2026-04-29 21:22:38.349601,Toronto-8206,-9,65,Normal
2026-04-29 21:22:39.349601,Toronto-8206,-30,49,Normal
2026-04-29 21:22:40.349601,Toronto-8206,16,56,Normal
2026-04-29 21:22:41.349601,Toronto-8206,45,81,Normal
2026-04-29 21:22:42.349601,Toronto-8206,-6,58,Normal
2026-04-29 21:22:43.349601,Toronto-8206,39,49,Normal
2026-04-29 21:22:44.349601,Toronto-8206,12,61,Normal
2026-04-29 21:22:45.349601,Toronto-8206,25,36,Normal
2026-04-29 21:22:46.349601,Toronto-8206,50,69,Normal
2026-04-29 21:22:47.349601,Toronto-8206,6,55,Normal
2026-04-29 21:22:48.349601,Toronto-8206,46,96,Normal
2026-04-29 21:22:49.349601,Toronto-8206,19,12,Normal
2026-04-29 21:22:50.349601,Toronto-8206,15,34,Normal
2026-04-29 21:22:51.349601,Toronto-8206,2,97,Normal
2026-04-29 21:22:52.349601,Toronto-8206,18,79,Normal
2026-04-29 21:22:53.349601,Toronto-8206,27,22,Normal
2026-04-29 21:22:54.349601,Toronto-8206,2,45,Normal
2026-04-29 21:22:55.349601,Toronto-8206,6,6,Normal
2026-04-29 21:22:56.349601,Toronto-8206,46,75,Normal
2026-04-29 21:22:57.349601,Toronto-8206,20,3,Normal
2026-04-29 21:22:58.349601,Toronto-8206,15,41,Normal
2026-04-29 21:22:59.349601,Toronto-8206,1,95,Normal
2026-04-29 21:23:00.349601,Toronto-8206,29,25,Normal
2026-04-29 21:23:01.349601,Toronto-8206,14,74,Normal
2026-04-29 21:23:02.349601,Toronto-8206,21,12,Normal
2026-04-29 21:23:03.349601,Toronto-8206,-14,99,Normal
2026-04-29 21:23:04.349601,Toronto-8206,6,38,Normal
2026-04-29 21:23:05.349601,Toronto-8206,8,20,Normal
2026-04-29 21:23:06.349601,Toronto-8206,-4,48,Normal
2026-04-29 21:23:07.349601,Toronto-8206,47,11,Normal
2026-04-29 21:23:08.349601,Toronto-8206,15,88,Normal
2026-04-29 21:23:09.349601,Toronto-8206,35,74,Normal
2026-04-29 21:23:10.349601,Toronto-8206,40,79,Normal
2026-04-29 21:23:11.349601,Toronto-8206,14,54,Normal
2026-04-29 21:23:12.349601,Toronto-8206,-14,14,Normal
2026-04-29 21:23:13.349601,Toronto-8206,-28,27,Normal
2026-04-29 21:23:14.349601,Toronto-8206,-11,96,Normal
2026-04-29 21:23:15.349601,Toronto-8206,45,38,Normal
2026-04-29 21:23:16.349601,Toronto-8206,15,35,Normal
2026-04-29 21:23:17.349601,Toronto-8206,-8,76,Normal
2026-04-29 21:23:18.349601,Toronto-8206,37,31,Normal
