timestamp,station_id,temp,humid,condition
2026-02-08 12:31:51.889995,Tokyo-6694,-14,15,Normal
2026-02-08 12:31:52.889995,Tokyo-6694,23,18,Normal
2026-02-08 12:31:53.889995,Tokyo-6694,5,33,Normal
2026-02-08 12:31:54.889995,Tokyo-6694,49,100,Normal
2026-02-08 12:31:55.889995,Tokyo-6694,47,21,Normal
2026-02-08 12:31:56.889995,Tokyo-6694,13,14,Normal
2026-02-08 12:31:57.889995,Tokyo-6694,-4,14,Normal
2026-02-08 12:31:58.889995,Tokyo-6694,30,80,Normal
2026-02-08 12:31:59.889995,Tokyo-6694,-30,10,Normal
2026-02-08 12:32:00.889995,Tokyo-6694,31,60,Normal
2026-02-08 12:32:01.889995,Tokyo-6694,35,39,Normal
2026-02-08 12:32:02.889995,Tokyo-6694,4,19,Normal
2026-02-08 12:32:03.889995,Tokyo-6694,-12,76,Normal
2026-02-08 12:32:04.889995,Tokyo-6694,-8,17,Normal
2026-02-08 12:32:05.889995,Tokyo-6694,43,90,Normal
2026-02-08 12:32:06.889995,Tokyo-6694,25,46,Normal
2026-02-08 12:32:07.889995,Tokyo-6694,-8,84,Normal
2026-02-08 12:32:08.889995,Tokyo-6694,-25,14,Normal
2026-02-08 12:32:09.889995,Tokyo-6694,-23,99,Normal
2026-02-08 12:32:10.889995,Tokyo-6694,35,30,Normal
2026-02-08 12:32:11.889995,Tokyo-6694,9,36,Normal
2026-02-08 12:32:12.889995,Tokyo-6694,42,48,Normal
2026-02-08 12:32:13.889995,Tokyo-6694,35,33,Normal
2026-02-08 12:32:14.889995,Tokyo-6694,-20,1,Normal
2026-02-08 12:32:15.889995,Tokyo-6694,50,51,Normal
2026-02-08 12:32:16.889995,Tokyo-6694,23,69,Normal
2026-02-08 12:32:17.889995,Tokyo-6694,1,99,Normal
2026-02-08 12:32:18.889995,Tokyo-6694,34,37,Normal
2026-02-08 12:32:19.889995,Tokyo-6694,-30,82,Normal
2026-02-08 12:32:20.889995,Tokyo-6694,-23,85,Normal
2026-02-08 12:32:21.889995,Tokyo-6694,43,0,Normal
2026-02-08 12:32:22.889995,Tokyo-6694,-23,88,Normal
2026-02-08 12:32:23.889995,Tokyo-6694,-27,57,Normal
2026-02-08 12:32:24.889995,Tokyo-6694,0,80,Normal
2026-02-08 12:32:25.889995,Tokyo-6694,10,13,Normal
2026-02-08 12:32:26.889995,Tokyo-6694,11,77,Normal
2026-02-08 12:32:27.889995,Tokyo-6694,50,35,Normal
2026-02-08 12:32:28.889995,Tokyo-6694,9,95,Normal
2026-02-08 12:32:29.889995,Tokyo-6694,-30,84,Normal
2026-02-08 12:32:30.889995,Tokyo-6694,44,56,Normal
2026-02-08 12:32:31.889995,Tokyo-6694,16,29,Normal
2026-02-08 12:32:32.889995,Tokyo-6694,40,23,Normal
2026-02-08 12:32:33.889995,Tokyo-6694,11,31,Normal
2026-02-08 12:32:34.889995,Tokyo-6694,-13,36,Normal
2026-02-08 12:32:35.889995,Tokyo-6694,-30,38,Normal
2026-02-08 12:32:36.889995,Tokyo-6694,43,72,Normal
2026-02-08 12:32:37.889995,Tokyo-6694,42,74,Normal
2026-02-08 12:32:38.889995,Tokyo-6694,-16,60,Normal
2026-02-08 12:32:39.889995,Tokyo-6694,16,77,Normal
2026-02-08 12:32:40.889995,Tokyo-6694,-20,7,Normal
2026-02-08 12:32:41.889995,Tokyo-6694,-16,86,Normal
2026-02-08 12:32:42.889995,Tokyo-6694,39,11,Normal
2026-02-08 12:32:43.889995,Tokyo-6694,34,47,Normal
2026-02-08 12:32:44.889995,Tokyo-6694,15,73,Normal
2026-02-08 12:32:45.889995,Tokyo-6694,-26,21,Normal
2026-02-08 12:32:46.889995,Tokyo-6694,23,67,Normal
2026-02-08 12:32:47.889995,Tokyo-6694,2,33,Normal
2026-02-08 12:32:48.889995,Tokyo-6694,-5,39,Normal
2026-02-08 12:32:49.889995,Tokyo-6694,-13,45,Normal
2026-02-08 12:32:50.889995,Tokyo-6694,20,96,Normal
2026-02-08 12:32:51.889995,Tokyo-6694,-20,44,Normal
2026-02-08 12:32:52.889995,Tokyo-6694,2,55,Normal
2026-02-08 12:32:53.889995,Tokyo-6694,13,96,Normal
2026-02-08 12:32:54.889995,Tokyo-6694,-17,71,Normal
2026-02-08 12:32:55.889995,Tokyo-6694,44,46,Normal
2026-02-08 12:32:56.889995,Tokyo-6694,5,47,Normal
2026-02-08 12:32:57.889995,Tokyo-6694,39,66,Normal
2026-02-08 12:32:58.889995,Tokyo-6694,-3,90,Normal
2026-02-08 12:32:59.889995,Tokyo-6694,-7,8,Normal
2026-02-08 12:33:00.889995,Tokyo-6694,-19,73,Normal
2026-02-08 12:33:01.889995,Tokyo-6694,-12,15,Normal
2026-02-08 12:33:02.889995,Tokyo-6694,36,5,Normal
2026-02-08 12:33:03.889995,Tokyo-6694,9,11,Normal
2026-02-08 12:33:04.889995,Tokyo-6694,-27,69,Normal
2026-02-08 12:33:05.889995,Tokyo-6694,-28,62,Normal
2026-02-08 12:33:06.889995,Tokyo-6694,-29,25,Normal
2026-02-08 12:33:07.889995,Tokyo-6694,36,38,Normal
2026-02-08 12:33:08.889995,Tokyo-6694,-29,88,Normal
2026-02-08 12:33:09.889995,Tokyo-6694,-4,68,Normal
2026-02-08 12:33:10.889995,Tokyo-6694,23,63,Normal
2026-02-08 12:33:11.889995,Tokyo-6694,-26,20,Normal
2026-02-08 12:33:12.889995,Tokyo-6694,24,25,Normal
2026-02-08 12:33:13.889995,Tokyo-6694,26,75,Normal
2026-02-08 12:33:14.889995,Tokyo-6694,20,13,Normal
2026-02-08 12:33:15.889995,Tokyo-6694,34,29,Normal
2026-02-08 12:33:16.889995,Tokyo-6694,48,37,Normal
2026-02-08 12:33:17.889995,Tokyo-6694,45,58,Normal
2026-02-08 12:33:18.889995,Tokyo-6694,-5,89,Normal
2026-02-08 12:33:19.889995,Tokyo-6694,-24,58,Normal
2026-02-08 12:33:20.889995,Tokyo-6694,-21,7,Normal
2026-02-08 12:33:21.889995,Tokyo-6694,24,31,Normal
2026-02-08 12:33:22.889995,Tokyo-6694,-23,26,Normal
2026-02-08 12:33:23.889995,Tokyo-6694,-8,38,Normal
2026-02-08 12:33:24.889995,Tokyo-6694,23,65,Normal
2026-02-08 12:33:25.889995,Tokyo-6694,33,57,Normal
2026-02-08 12:33:26.889995,Tokyo-6694,15,2,Normal
2026-02-08 12:33:27.889995,Tokyo-6694,20,95,Normal
2026-02-08 12:33:28.889995,Tokyo-6694,33,78,Normal
2026-02-08 12:33:29.889995,Tokyo-6694,16,98,Normal
2026-02-08 12:33:30.889995,Tokyo-6694,32,9,Normal
2026-02-08 12:33:31.889995,Tokyo-6694,-26,42,Normal
2026-02-08 12:33:32.889995,Tokyo-6694,-1,36,Normal
2026-02-08 12:33:33.889995,Tokyo-6694,-25,82,Normal
2026-02-08 12:33:34.889995,Tokyo-6694,-12,48,Normal
2026-02-08 12:33:35.889995,Tokyo-6694,26,47,Normal
2026-02-08 12:33:36.889995,Tokyo-6694,19,90,Normal
2026-02-08 12:33:37.889995,Tokyo-6694,2,1,Normal
2026-02-08 12:33:38.889995,Tokyo-6694,44,8,Normal
2026-02-08 12:33:39.889995,Tokyo-6694,16,72,Normal
2026-02-08 12:33:40.889995,Tokyo-6694,19,23,Normal
2026-02-08 12:33:41.889995,Tokyo-6694,37,1,Normal
2026-02-08 12:33:42.889995,Tokyo-6694,-19,15,Normal
2026-02-08 12:33:43.889995,Tokyo-6694,-24,58,Normal
2026-02-08 12:33:44.889995,Tokyo-6694,-4,41,Normal
2026-02-08 12:33:45.889995,Tokyo-6694,26,10,Normal
2026-02-08 12:33:46.889995,Tokyo-6694,21,0,Normal
2026-02-08 12:33:47.889995,Tokyo-6694,28,47,Normal
2026-02-08 12:33:48.889995,Tokyo-6694,31,47,Normal
2026-02-08 12:33:49.889995,Tokyo-6694,48,54,Normal
2026-02-08 12:33:50.889995,Tokyo-6694,35,88,Normal
2026-02-08 12:33:51.889995,Tokyo-6694,-7,17,Normal
2026-02-08 12:33:52.889995,Tokyo-6694,35,28,Normal
2026-02-08 12:33:53.889995,Tokyo-6694,32,29,Normal
2026-02-08 12:33:54.889995,Tokyo-6694,47,32,Normal
2026-02-08 12:33:55.889995,Tokyo-6694,-3,34,Normal
2026-02-08 12:33:56.889995,Tokyo-6694,33,34,Normal
2026-02-08 12:33:57.889995,Tokyo-6694,-8,4,Normal
2026-02-08 12:33:58.889995,Tokyo-6694,43,63,Normal
2026-02-08 12:33:59.889995,Tokyo-6694,-15,14,Normal
2026-02-08 12:34:00.889995,Tokyo-6694,6,43,Normal
2026-02-08 12:34:01.889995,Tokyo-6694,-13,97,Normal
2026-02-08 12:34:02.889995,Tokyo-6694,35,78,Normal
2026-02-08 12:34:03.889995,Tokyo-6694,-22,34,Normal
2026-02-08 12:34:04.889995,Tokyo-6694,-10,55,Normal
2026-02-08 12:34:05.889995,Tokyo-6694,38,75,Normal
2026-02-08 12:34:06.889995,Tokyo-6694,27,47,Normal
2026-02-08 12:34:07.889995,Tokyo-6694,40,47,Normal
2026-02-08 12:34:08.889995,Tokyo-6694,11,53,Normal
2026-02-08 12:34:09.889995,Tokyo-6694,10,61,Normal
2026-02-08 12:34:10.889995,Tokyo-6694,-11,80,Normal
2026-02-08 12:34:11.889995,Tokyo-6694,44,15,Normal
2026-02-08 12:34:12.889995,Tokyo-6694,36,53,Normal
2026-02-08 12:34:13.889995,Tokyo-6694,16,5,Normal
2026-02-08 12:34:14.889995,Tokyo-6694,2,69,Normal
2026-02-08 12:34:15.889995,Tokyo-6694,7,67,Normal
2026-02-08 12:34:16.889995,Tokyo-6694,20,86,Normal
2026-02-08 12:34:17.889995,Tokyo-6694,31,2,Normal
2026-02-08 12:34:18.889995,Tokyo-6694,47,73,Normal
2026-02-08 12:34:19.889995,Tokyo-6694,-19,33,Normal
2026-02-08 12:34:20.889995,Tokyo-6694,28,53,Normal
2026-02-08 12:34:21.889995,Tokyo-6694,-18,59,Normal
2026-02-08 12:34:22.889995,Tokyo-6694,12,75,Normal
2026-02-08 12:34:23.889995,Tokyo-6694,-14,6,Normal
2026-02-08 12:34:24.889995,Tokyo-6694,10,75,Normal
2026-02-08 12:34:25.889995,Tokyo-6694,26,71,Normal
2026-02-08 12:34:26.889995,Tokyo-6694,40,68,Normal
2026-02-08 12:34:27.889995,Tokyo-6694,28,60,Normal
2026-02-08 12:34:28.889995,Tokyo-6694,3,64,Normal
2026-02-08 12:34:29.889995,Tokyo-6694,2,71,Normal
2026-02-08 12:34:30.889995,Tokyo-6694,-14,44,Normal
2026-02-08 12:34:31.889995,Tokyo-6694,36,26,Normal
2026-02-08 12:34:32.889995,Tokyo-6694,1,18,Normal
2026-02-08 12:34:33.889995,Tokyo-6694,12,41,Normal
2026-02-08 12:34:34.889995,Tokyo-6694,25,64,Normal
2026-02-08 12:34:35.889995,Tokyo-6694,-1,69,Normal
2026-02-08 12:34:36.889995,Tokyo-6694,28,38,Normal
2026-02-08 12:34:37.889995,Tokyo-6694,41,30,Normal
2026-02-08 12:34:38.889995,Tokyo-6694,-12,25,Normal
2026-02-08 12:34:39.889995,Tokyo-6694,38,73,Normal
2026-02-08 12:34:40.889995,Tokyo-6694,35,70,Normal
2026-02-08 12:34:41.889995,Tokyo-6694,22,71,Normal
2026-02-08 12:34:42.889995,Tokyo-6694,4,63,Normal
2026-02-08 12:34:43.889995,Tokyo-6694,30,53,Normal
2026-02-08 12:34:44.889995,Tokyo-6694,-22,17,Normal
2026-02-08 12:34:45.889995,Tokyo-6694,-6,34,Normal
2026-02-08 12:34:46.889995,Tokyo-6694,-12,67,Normal
2026-02-08 12:34:47.889995,Tokyo-6694,-2,23,Normal
2026-02-08 12:34:48.889995,Tokyo-6694,38,29,Normal
2026-02-08 12:34:49.889995,Tokyo-6694,27,83,Normal
2026-02-08 12:34:50.889995,Tokyo-6694,46,33,Normal
2026-02-08 12:34:51.889995,Tokyo-6694,-3,92,Normal
2026-02-08 12:34:52.889995,Tokyo-6694,25,39,Normal
2026-02-08 12:34:53.889995,Tokyo-6694,39,97,Normal
2026-02-08 12:34:54.889995,Tokyo-6694,49,24,Normal
2026-02-08 12:34:55.889995,Tokyo-6694,-7,85,Normal
2026-02-08 12:34:56.889995,Tokyo-6694,0,37,Normal
2026-02-08 12:34:57.889995,Tokyo-6694,23,6,Normal
2026-02-08 12:34:58.889995,Tokyo-6694,18,39,Normal
2026-02-08 12:34:59.889995,Tokyo-6694,-19,76,Normal
2026-02-08 12:35:00.889995,Tokyo-6694,50,29,Normal
2026-02-08 12:35:01.889995,Tokyo-6694,33,83,Normal
2026-02-08 12:35:02.889995,Tokyo-6694,-10,2,Normal
2026-02-08 12:35:03.889995,Tokyo-6694,3,46,Normal
2026-02-08 12:35:04.889995,Tokyo-6694,27,50,Normal
2026-02-08 12:35:05.889995,Tokyo-6694,-4,91,Normal
2026-02-08 12:35:06.889995,Tokyo-6694,49,81,Normal
2026-02-08 12:35:07.889995,Tokyo-6694,25,71,Normal
2026-02-08 12:35:08.889995,Tokyo-6694,-23,23,Normal
2026-02-08 12:35:09.889995,Tokyo-6694,16,83,Normal
2026-02-08 12:35:10.889995,Tokyo-6694,15,41,Normal
2026-02-08 12:35:11.889995,Tokyo-6694,42,4,Normal
2026-02-08 12:35:12.889995,Tokyo-6694,9,95,Normal
2026-02-08 12:35:13.889995,Tokyo-6694,40,27,Normal
2026-02-08 12:35:14.889995,Tokyo-6694,23,38,Normal
2026-02-08 12:35:15.889995,Tokyo-6694,24,21,Normal
2026-02-08 12:35:16.889995,Tokyo-6694,-17,90,Normal
2026-02-08 12:35:17.889995,Tokyo-6694,22,77,Normal
2026-02-08 12:35:18.889995,Tokyo-6694,-18,57,Normal
2026-02-08 12:35:19.889995,Tokyo-6694,-14,50,Normal
2026-02-08 12:35:20.889995,Tokyo-6694,38,73,Normal
2026-02-08 12:35:21.889995,Tokyo-6694,41,15,Normal
2026-02-08 12:35:22.889995,Tokyo-6694,-27,16,Normal
2026-02-08 12:35:23.889995,Tokyo-6694,30,98,Normal
2026-02-08 12:35:24.889995,Tokyo-6694,13,50,Normal
2026-02-08 12:35:25.889995,Tokyo-6694,1,58,Normal
2026-02-08 12:35:26.889995,Tokyo-6694,-29,13,Normal
2026-02-08 12:35:27.889995,Tokyo-6694,-21,78,Normal
2026-02-08 12:35:28.889995,Tokyo-6694,36,16,Normal
2026-02-08 12:35:29.889995,Tokyo-6694,36,34,Normal
2026-02-08 12:35:30.889995,Tokyo-6694,45,93,Normal
2026-02-08 12:35:31.889995,Tokyo-6694,-2,13,Normal
2026-02-08 12:35:32.889995,Tokyo-6694,23,56,Normal
2026-02-08 12:35:33.889995,Tokyo-6694,39,75,Normal
2026-02-08 12:35:34.889995,Tokyo-6694,5,48,Normal
2026-02-08 12:35:35.889995,Tokyo-6694,-12,73,Normal
2026-02-08 12:35:36.889995,Tokyo-6694,38,64,Normal
2026-02-08 12:35:37.889995,Tokyo-6694,43,1,Normal
2026-02-08 12:35:38.889995,Tokyo-6694,-6,15,Normal
2026-02-08 12:35:39.889995,Tokyo-6694,47,68,Normal
2026-02-08 12:35:40.889995,Tokyo-6694,0,59,Normal
2026-02-08 12:35:41.889995,Tokyo-6694,-2,89,Normal
2026-02-08 12:35:42.889995,Tokyo-6694,-29,80,Normal
2026-02-08 12:35:43.889995,Tokyo-6694,32,44,Normal
2026-02-08 12:35:44.889995,Tokyo-6694,49,51,Normal
2026-02-08 12:35:45.889995,Tokyo-6694,-13,18,Normal
2026-02-08 12:35:46.889995,Tokyo-6694,-5,60,Normal
2026-02-08 12:35:47.889995,Tokyo-6694,36,78,Normal
2026-02-08 12:35:48.889995,Tokyo-6694,26,100,Normal
2026-02-08 12:35:49.889995,Tokyo-6694,5,83,Normal
2026-02-08 12:35:50.889995,Tokyo-6694,-15,40,Normal
2026-02-08 12:35:51.889995,Tokyo-6694,-29,71,Normal
2026-02-08 12:35:52.889995,Tokyo-6694,-16,69,Normal
2026-02-08 12:35:53.889995,Tokyo-6694,21,26,Normal
2026-02-08 12:35:54.889995,Tokyo-6694,40,92,Normal
2026-02-08 12:35:55.889995,Tokyo-6694,22,27,Normal
2026-02-08 12:35:56.889995,Tokyo-6694,-1,22,Normal
2026-02-08 12:35:57.889995,Tokyo-6694,-5,53,Normal
2026-02-08 12:35:58.889995,Tokyo-6694,-3,52,Normal
2026-02-08 12:35:59.889995,Tokyo-6694,31,27,Normal
2026-02-08 12:36:00.889995,Tokyo-6694,-29,5,Normal
2026-02-08 12:36:01.889995,Tokyo-6694,38,31,Normal
2026-02-08 12:36:02.889995,Tokyo-6694,-4,38,Normal
2026-02-08 12:36:03.889995,Tokyo-6694,-18,57,Normal
2026-02-08 12:36:04.889995,Tokyo-6694,-8,5,Normal
2026-02-08 12:36:05.889995,Tokyo-6694,-29,87,Normal
2026-02-08 12:36:06.889995,Tokyo-6694,22,98,Normal
2026-02-08 12:36:07.889995,Tokyo-6694,28,1,Normal
2026-02-08 12:36:08.889995,Tokyo-6694,-1,70,Normal
2026-02-08 12:36:09.889995,Tokyo-6694,38,51,Normal
2026-02-08 12:36:10.889995,Tokyo-6694,0,66,Normal
2026-02-08 12:36:11.889995,Tokyo-6694,16,56,Normal
2026-02-08 12:36:12.889995,Tokyo-6694,16,71,Normal
2026-02-08 12:36:13.889995,Tokyo-6694,46,73,Normal
2026-02-08 12:36:14.889995,Tokyo-6694,-15,88,Normal
2026-02-08 12:36:15.889995,Tokyo-6694,45,66,Normal
2026-02-08 12:36:16.889995,Tokyo-6694,9,76,Normal
2026-02-08 12:36:17.889995,Tokyo-6694,-22,31,Normal
2026-02-08 12:36:18.889995,Tokyo-6694,32,100,Normal
2026-02-08 12:36:19.889995,Tokyo-6694,-15,22,Normal
2026-02-08 12:36:20.889995,Tokyo-6694,17,47,Normal
2026-02-08 12:36:21.889995,Tokyo-6694,-10,65,Normal
2026-02-08 12:36:22.889995,Tokyo-6694,-20,56,Normal
2026-02-08 12:36:23.889995,Tokyo-6694,-10,69,Normal
2026-02-08 12:36:24.889995,Tokyo-6694,8,100,Normal
2026-02-08 12:36:25.889995,Tokyo-6694,1,76,Normal
2026-02-08 12:36:26.889995,Tokyo-6694,-15,32,Normal
2026-02-08 12:36:27.889995,Tokyo-6694,17,27,Normal
2026-02-08 12:36:28.889995,Tokyo-6694,-19,19,Normal
2026-02-08 12:36:29.889995,Tokyo-6694,39,88,Normal
2026-02-08 12:36:30.889995,Tokyo-6694,-3,47,Normal
2026-02-08 12:36:31.889995,Tokyo-6694,24,71,Normal
2026-02-08 12:36:32.889995,Tokyo-6694,12,45,Normal
2026-02-08 12:36:33.889995,Tokyo-6694,-10,75,Normal
2026-02-08 12:36:34.889995,Tokyo-6694,45,49,Normal
2026-02-08 12:36:35.889995,Tokyo-6694,-3,16,Normal
2026-02-08 12:36:36.889995,Tokyo-6694,-5,52,Normal
2026-02-08 12:36:37.889995,Tokyo-6694,-25,26,Normal
2026-02-08 12:36:38.889995,Tokyo-6694,-22,21,Normal
2026-02-08 12:36:39.889995,Tokyo-6694,-3,13,Normal
2026-02-08 12:36:40.889995,Tokyo-6694,0,8,Normal
2026-02-08 12:36:41.889995,Tokyo-6694,-30,22,Normal
2026-02-08 12:36:42.889995,Tokyo-6694,41,58,Normal
2026-02-08 12:36:43.889995,Tokyo-6694,43,37,Normal
2026-02-08 12:36:44.889995,Tokyo-6694,43,25,Normal
2026-02-08 12:36:45.889995,Tokyo-6694,15,2,Normal
2026-02-08 12:36:46.889995,Tokyo-6694,21,99,Normal
2026-02-08 12:36:47.889995,Tokyo-6694,24,27,Normal
2026-02-08 12:36:48.889995,Tokyo-6694,-24,63,Normal
2026-02-08 12:36:49.889995,Tokyo-6694,45,87,Normal
2026-02-08 12:36:50.889995,Tokyo-6694,14,71,Normal
2026-02-08 12:36:51.889995,Tokyo-6694,-6,11,Normal
2026-02-08 12:36:52.889995,Tokyo-6694,-22,87,Normal
2026-02-08 12:36:53.889995,Tokyo-6694,34,91,Normal
2026-02-08 12:36:54.889995,Tokyo-6694,45,18,Normal
2026-02-08 12:36:55.889995,Tokyo-6694,43,5,Normal
2026-02-08 12:36:56.889995,Tokyo-6694,38,71,Normal
2026-02-08 12:36:57.889995,Tokyo-6694,19,71,Normal
2026-02-08 12:36:58.889995,Tokyo-6694,17,77,Normal
2026-02-08 12:36:59.889995,Tokyo-6694,2,92,Normal
2026-02-08 12:37:00.889995,Tokyo-6694,35,27,Normal
2026-02-08 12:37:01.889995,Tokyo-6694,21,80,Normal
2026-02-08 12:37:02.889995,Tokyo-6694,-12,54,Normal
2026-02-08 12:37:03.889995,Tokyo-6694,46,11,Normal
2026-02-08 12:37:04.889995,Tokyo-6694,38,91,Normal
2026-02-08 12:37:05.889995,Tokyo-6694,-21,81,Normal
2026-02-08 12:37:06.889995,Tokyo-6694,-17,100,Normal
2026-02-08 12:37:07.889995,Tokyo-6694,-17,51,Normal
2026-02-08 12:37:08.889995,Tokyo-6694,-15,35,Normal
2026-02-08 12:37:09.889995,Tokyo-6694,-10,56,Normal
2026-02-08 12:37:10.889995,Tokyo-6694,-1,64,Normal
2026-02-08 12:37:11.889995,Tokyo-6694,9,23,Normal
2026-02-08 12:37:12.889995,Tokyo-6694,35,47,Normal
2026-02-08 12:37:13.889995,Tokyo-6694,39,13,Normal
2026-02-08 12:37:14.889995,Tokyo-6694,24,14,Normal
2026-02-08 12:37:15.889995,Tokyo-6694,13,88,Normal
2026-02-08 12:37:16.889995,Tokyo-6694,23,15,Normal
2026-02-08 12:37:17.889995,Tokyo-6694,38,72,Normal
2026-02-08 12:37:18.889995,Tokyo-6694,0,97,Normal
2026-02-08 12:37:19.889995,Tokyo-6694,-22,22,Normal
2026-02-08 12:37:20.889995,Tokyo-6694,27,45,Normal
2026-02-08 12:37:21.889995,Tokyo-6694,28,23,Normal
2026-02-08 12:37:22.889995,Tokyo-6694,2,19,Normal
2026-02-08 12:37:23.889995,Tokyo-6694,28,50,Normal
2026-02-08 12:37:24.889995,Tokyo-6694,13,51,Normal
2026-02-08 12:37:25.889995,Tokyo-6694,-18,73,Normal
2026-02-08 12:37:26.889995,Tokyo-6694,-17,59,Normal
2026-02-08 12:37:27.889995,Tokyo-6694,17,41,Normal
2026-02-08 12:37:28.889995,Tokyo-6694,0,28,Normal
2026-02-08 12:37:29.889995,Tokyo-6694,42,20,Normal
2026-02-08 12:37:30.889995,Tokyo-6694,41,58,Normal
2026-02-08 12:37:31.889995,Tokyo-6694,-21,100,Normal
2026-02-08 12:37:32.889995,Tokyo-6694,26,43,Normal
2026-02-08 12:37:33.889995,Tokyo-6694,24,91,Normal
2026-02-08 12:37:34.889995,Tokyo-6694,9,48,Normal
2026-02-08 12:37:35.889995,Tokyo-6694,30,23,Normal
2026-02-08 12:37:36.889995,Tokyo-6694,48,37,Normal
2026-02-08 12:37:37.889995,Tokyo-6694,27,98,Normal
2026-02-08 12:37:38.889995,Tokyo-6694,44,29,Normal
2026-02-08 12:37:39.889995,Tokyo-6694,48,64,Normal
2026-02-08 12:37:40.889995,Tokyo-6694,4,68,Normal
2026-02-08 12:37:41.889995,Tokyo-6694,-22,31,Normal
2026-02-08 12:37:42.889995,Tokyo-6694,50,62,Normal
2026-02-08 12:37:43.889995,Tokyo-6694,28,11,Normal
2026-02-08 12:37:44.889995,Tokyo-6694,-3,22,Normal
2026-02-08 12:37:45.889995,Tokyo-6694,3,62,Normal
2026-02-08 12:37:46.889995,Tokyo-6694,20,99,Normal
2026-02-08 12:37:47.889995,Tokyo-6694,47,96,Normal
2026-02-08 12:37:48.889995,Tokyo-6694,3,76,Normal
2026-02-08 12:37:49.889995,Tokyo-6694,22,83,Normal
2026-02-08 12:37:50.889995,Tokyo-6694,-21,80,Normal
2026-02-08 12:37:51.889995,Tokyo-6694,24,58,Normal
2026-02-08 12:37:52.889995,Tokyo-6694,-3,16,Normal
2026-02-08 12:37:53.889995,Tokyo-6694,3,26,Normal
2026-02-08 12:37:54.889995,Tokyo-6694,-25,1,Normal
2026-02-08 12:37:55.889995,Tokyo-6694,-14,42,Normal
2026-02-08 12:37:56.889995,Tokyo-6694,-16,23,Normal
2026-02-08 12:37:57.889995,Tokyo-6694,20,0,Normal
2026-02-08 12:37:58.889995,Tokyo-6694,33,24,Normal
2026-02-08 12:37:59.889995,Tokyo-6694,-2,45,Normal
2026-02-08 12:38:00.889995,Tokyo-6694,-20,89,Normal
2026-02-08 12:38:01.889995,Tokyo-6694,-29,44,Normal
2026-02-08 12:38:02.889995,Tokyo-6694,-3,75,Normal
2026-02-08 12:38:03.889995,Tokyo-6694,15,77,Normal
2026-02-08 12:38:04.889995,Tokyo-6694,-22,41,Normal
2026-02-08 12:38:05.889995,Tokyo-6694,-7,82,Normal
2026-02-08 12:38:06.889995,Tokyo-6694,44,83,Normal
2026-02-08 12:38:07.889995,Tokyo-6694,47,57,Normal
2026-02-08 12:38:08.889995,Tokyo-6694,-18,90,Normal
2026-02-08 12:38:09.889995,Tokyo-6694,16,94,Normal
2026-02-08 12:38:10.889995,Tokyo-6694,36,12,Normal
2026-02-08 12:38:11.889995,Tokyo-6694,-9,82,Normal
2026-02-08 12:38:12.889995,Tokyo-6694,41,95,Normal
2026-02-08 12:38:13.889995,Tokyo-6694,27,48,Normal
2026-02-08 12:38:14.889995,Tokyo-6694,-11,38,Normal
2026-02-08 12:38:15.889995,Tokyo-6694,-23,25,Normal
2026-02-08 12:38:16.889995,Tokyo-6694,24,1,Normal
2026-02-08 12:38:17.889995,Tokyo-6694,6,34,Normal
2026-02-08 12:38:18.889995,Tokyo-6694,24,20,Normal
2026-02-08 12:38:19.889995,Tokyo-6694,34,69,Normal
2026-02-08 12:38:20.889995,Tokyo-6694,5,96,Normal
2026-02-08 12:38:21.889995,Tokyo-6694,44,11,Normal
2026-02-08 12:38:22.889995,Tokyo-6694,-13,59,Normal
2026-02-08 12:38:23.889995,Tokyo-6694,-11,45,Normal
2026-02-08 12:38:24.889995,Tokyo-6694,13,76,Normal
2026-02-08 12:38:25.889995,Tokyo-6694,-3,44,Normal
2026-02-08 12:38:26.889995,Tokyo-6694,50,53,Normal
2026-02-08 12:38:27.889995,Tokyo-6694,26,61,Normal
2026-02-08 12:38:28.889995,Tokyo-6694,-25,30,Normal
2026-02-08 12:38:29.889995,Tokyo-6694,-25,43,Normal
2026-02-08 12:38:30.889995,Tokyo-6694,36,84,Normal
2026-02-08 12:38:31.889995,Tokyo-6694,0,8,Normal
2026-02-08 12:38:32.889995,Tokyo-6694,-9,8,Normal
2026-02-08 12:38:33.889995,Tokyo-6694,32,37,Normal
2026-02-08 12:38:34.889995,Tokyo-6694,31,53,Normal
2026-02-08 12:38:35.889995,Tokyo-6694,46,1,Normal
2026-02-08 12:38:36.889995,Tokyo-6694,6,9,Normal
2026-02-08 12:38:37.889995,Tokyo-6694,-8,42,Normal
2026-02-08 12:38:38.889995,Tokyo-6694,-24,7,Normal
2026-02-08 12:38:39.889995,Tokyo-6694,7,70,Normal
2026-02-08 12:38:40.889995,Tokyo-6694,29,7,Normal
2026-02-08 12:38:41.889995,Tokyo-6694,44,97,Normal
2026-02-08 12:38:42.889995,Tokyo-6694,47,39,Normal
2026-02-08 12:38:43.889995,Tokyo-6694,-21,30,Normal
2026-02-08 12:38:44.889995,Tokyo-6694,-16,78,Normal
2026-02-08 12:38:45.889995,Tokyo-6694,6,89,Normal
2026-02-08 12:38:46.889995,Tokyo-6694,42,88,Normal
2026-02-08 12:38:47.889995,Tokyo-6694,34,82,Normal
2026-02-08 12:38:48.889995,Tokyo-6694,46,27,Normal
2026-02-08 12:38:49.889995,Tokyo-6694,32,28,Normal
2026-02-08 12:38:50.889995,Tokyo-6694,12,33,Normal
2026-02-08 12:38:51.889995,Tokyo-6694,41,16,Normal
2026-02-08 12:38:52.889995,Tokyo-6694,-8,44,Normal
2026-02-08 12:38:53.889995,Tokyo-6694,43,13,Normal
2026-02-08 12:38:54.889995,Tokyo-6694,38,66,Normal
2026-02-08 12:38:55.889995,Tokyo-6694,-25,88,Normal
2026-02-08 12:38:56.889995,Tokyo-6694,42,64,Normal
2026-02-08 12:38:57.889995,Tokyo-6694,5,38,Normal
2026-02-08 12:38:58.889995,Tokyo-6694,-7,35,Normal
2026-02-08 12:38:59.889995,Tokyo-6694,-13,21,Normal
2026-02-08 12:39:00.889995,Tokyo-6694,26,85,Normal
2026-02-08 12:39:01.889995,Tokyo-6694,3,27,Normal
2026-02-08 12:39:02.889995,Tokyo-6694,27,13,Normal
2026-02-08 12:39:03.889995,Tokyo-6694,-20,99,Normal
2026-02-08 12:39:04.889995,Tokyo-6694,1,91,Normal
2026-02-08 12:39:05.889995,Tokyo-6694,29,35,Normal
2026-02-08 12:39:06.889995,Tokyo-6694,20,94,Normal
2026-02-08 12:39:07.889995,Tokyo-6694,23,36,Normal
2026-02-08 12:39:08.889995,Tokyo-6694,20,33,Normal
2026-02-08 12:39:09.889995,Tokyo-6694,28,7,Normal
2026-02-08 12:39:10.889995,Tokyo-6694,2,16,Normal
2026-02-08 12:39:11.889995,Tokyo-6694,-7,86,Normal
2026-02-08 12:39:12.889995,Tokyo-6694,-8,48,Normal
2026-02-08 12:39:13.889995,Tokyo-6694,28,45,Normal
2026-02-08 12:39:14.889995,Tokyo-6694,-11,29,Normal
2026-02-08 12:39:15.889995,Tokyo-6694,-18,27,Normal
2026-02-08 12:39:16.889995,Tokyo-6694,46,3,Normal
2026-02-08 12:39:17.889995,Tokyo-6694,-8,67,Normal
2026-02-08 12:39:18.889995,Tokyo-6694,2,98,Normal
2026-02-08 12:39:19.889995,Tokyo-6694,24,77,Normal
2026-02-08 12:39:20.889995,Tokyo-6694,14,69,Normal
2026-02-08 12:39:21.889995,Tokyo-6694,-3,71,Normal
2026-02-08 12:39:22.889995,Tokyo-6694,-28,34,Normal
2026-02-08 12:39:23.889995,Tokyo-6694,28,65,Normal
2026-02-08 12:39:24.889995,Tokyo-6694,-15,35,Normal
2026-02-08 12:39:25.889995,Tokyo-6694,-29,1,Normal
2026-02-08 12:39:26.889995,Tokyo-6694,20,27,Normal
2026-02-08 12:39:27.889995,Tokyo-6694,-12,11,Normal
2026-02-08 12:39:28.889995,Tokyo-6694,50,66,Normal
2026-02-08 12:39:29.889995,Tokyo-6694,10,27,Normal
2026-02-08 12:39:30.889995,Tokyo-6694,-18,37,Normal
2026-02-08 12:39:31.889995,Tokyo-6694,33,22,Normal
2026-02-08 12:39:32.889995,Tokyo-6694,15,69,Normal
2026-02-08 12:39:33.889995,Tokyo-6694,6,78,Normal
2026-02-08 12:39:34.889995,Tokyo-6694,5,21,Normal
2026-02-08 12:39:35.889995,Tokyo-6694,43,63,Normal
2026-02-08 12:39:36.889995,Tokyo-6694,-5,93,Normal
2026-02-08 12:39:37.889995,Tokyo-6694,12,22,Normal
2026-02-08 12:39:38.889995,Tokyo-6694,32,49,Normal
2026-02-08 12:39:39.889995,Tokyo-6694,37,7,Normal
2026-02-08 12:39:40.889995,Tokyo-6694,24,30,Normal
2026-02-08 12:39:41.889995,Tokyo-6694,-5,17,Normal
2026-02-08 12:39:42.889995,Tokyo-6694,9,56,Normal
2026-02-08 12:39:43.889995,Tokyo-6694,30,1,Normal
2026-02-08 12:39:44.889995,Tokyo-6694,24,52,Normal
2026-02-08 12:39:45.889995,Tokyo-6694,-12,19,Normal
2026-02-08 12:39:46.889995,Tokyo-6694,-10,19,Normal
2026-02-08 12:39:47.889995,Tokyo-6694,-20,76,Normal
2026-02-08 12:39:48.889995,Tokyo-6694,-24,89,Normal
2026-02-08 12:39:49.889995,Tokyo-6694,2,36,Normal
2026-02-08 12:39:50.889995,Tokyo-6694,-9,46,Normal
2026-02-08 12:39:51.889995,Tokyo-6694,47,94,Normal
2026-02-08 12:39:52.889995,Tokyo-6694,-2,13,Normal
2026-02-08 12:39:53.889995,Tokyo-6694,28,21,Normal
2026-02-08 12:39:54.889995,Tokyo-6694,14,65,Normal
2026-02-08 12:39:55.889995,Tokyo-6694,23,89,Normal
2026-02-08 12:39:56.889995,Tokyo-6694,-4,71,Normal
2026-02-08 12:39:57.889995,Tokyo-6694,35,35,Normal
2026-02-08 12:39:58.889995,Tokyo-6694,-1,76,Normal
2026-02-08 12:39:59.889995,Tokyo-6694,-16,5,Normal
2026-02-08 12:40:00.889995,Tokyo-6694,0,32,Normal
2026-02-08 12:40:01.889995,Tokyo-6694,-15,3,Normal
2026-02-08 12:40:02.889995,Tokyo-6694,-3,98,Normal
2026-02-08 12:40:03.889995,Tokyo-6694,23,32,Normal
2026-02-08 12:40:04.889995,Tokyo-6694,37,36,Normal
2026-02-08 12:40:05.889995,Tokyo-6694,3,12,Normal
2026-02-08 12:40:06.889995,Tokyo-6694,25,39,Normal
2026-02-08 12:40:07.889995,Tokyo-6694,46,69,Normal
2026-02-08 12:40:08.889995,Tokyo-6694,34,2,Normal
2026-02-08 12:40:09.889995,Tokyo-6694,29,97,Normal
2026-02-08 12:40:10.889995,Tokyo-6694,25,23,Normal
2026-02-08 12:40:11.889995,Tokyo-6694,19,45,Normal
2026-02-08 12:40:12.889995,Tokyo-6694,46,18,Normal
2026-02-08 12:40:13.889995,Tokyo-6694,-21,68,Normal
2026-02-08 12:40:14.889995,Tokyo-6694,-22,40,Normal
2026-02-08 12:40:15.889995,Tokyo-6694,25,30,Normal
2026-02-08 12:40:16.889995,Tokyo-6694,15,85,Normal
2026-02-08 12:40:17.889995,Tokyo-6694,50,55,Normal
2026-02-08 12:40:18.889995,Tokyo-6694,34,93,Normal
2026-02-08 12:40:19.889995,Tokyo-6694,-3,36,Normal
2026-02-08 12:40:20.889995,Tokyo-6694,35,48,Normal
2026-02-08 12:40:21.889995,Tokyo-6694,44,90,Normal
2026-02-08 12:40:22.889995,Tokyo-6694,40,15,Normal
2026-02-08 12:40:23.889995,Tokyo-6694,17,50,Normal
2026-02-08 12:40:24.889995,Tokyo-6694,28,93,Normal
2026-02-08 12:40:25.889995,Tokyo-6694,2,77,Normal
2026-02-08 12:40:26.889995,Tokyo-6694,9,89,Normal
2026-02-08 12:40:27.889995,Tokyo-6694,8,2,Normal
2026-02-08 12:40:28.889995,Tokyo-6694,-20,50,Normal
2026-02-08 12:40:29.889995,Tokyo-6694,38,98,Normal
2026-02-08 12:40:30.889995,Tokyo-6694,47,9,Normal
2026-02-08 12:40:31.889995,Tokyo-6694,16,32,Normal
2026-02-08 12:40:32.889995,Tokyo-6694,-26,94,Normal
2026-02-08 12:40:33.889995,Tokyo-6694,15,59,Normal
2026-02-08 12:40:34.889995,Tokyo-6694,43,29,Normal
2026-02-08 12:40:35.889995,Tokyo-6694,22,40,Normal
2026-02-08 12:40:36.889995,Tokyo-6694,-22,85,Normal
2026-02-08 12:40:37.889995,Tokyo-6694,-7,100,Normal
2026-02-08 12:40:38.889995,Tokyo-6694,0,80,Normal
2026-02-08 12:40:39.889995,Tokyo-6694,-24,81,Normal
2026-02-08 12:40:40.889995,Tokyo-6694,-9,73,Normal
2026-02-08 12:40:41.889995,Tokyo-6694,40,46,Normal
2026-02-08 12:40:42.889995,Tokyo-6694,40,18,Normal
2026-02-08 12:40:43.889995,Tokyo-6694,22,97,Normal
2026-02-08 12:40:44.889995,Tokyo-6694,30,80,Normal
2026-02-08 12:40:45.889995,Tokyo-6694,-22,42,Normal
2026-02-08 12:40:46.889995,Tokyo-6694,-7,57,Normal
2026-02-08 12:40:47.889995,Tokyo-6694,26,18,Normal
2026-02-08 12:40:48.889995,Tokyo-6694,6,91,Normal
2026-02-08 12:40:49.889995,Tokyo-6694,24,37,Normal
2026-02-08 12:40:50.889995,Tokyo-6694,-30,33,Normal
2026-02-08 12:40:51.889995,Tokyo-6694,-2,12,Normal
2026-02-08 12:40:52.889995,Tokyo-6694,39,72,Normal
2026-02-08 12:40:53.889995,Tokyo-6694,30,88,Normal
2026-02-08 12:40:54.889995,Tokyo-6694,-27,20,Normal
2026-02-08 12:40:55.889995,Tokyo-6694,21,81,Normal
2026-02-08 12:40:56.889995,Tokyo-6694,-10,21,Normal
2026-02-08 12:40:57.889995,Tokyo-6694,7,14,Normal
2026-02-08 12:40:58.889995,Tokyo-6694,36,42,Normal
2026-02-08 12:40:59.889995,Tokyo-6694,21,68,Normal
2026-02-08 12:41:00.889995,Tokyo-6694,38,77,Normal
2026-02-08 12:41:01.889995,Tokyo-6694,-3,83,Normal
2026-02-08 12:41:02.889995,Tokyo-6694,-7,16,Normal
2026-02-08 12:41:03.889995,Tokyo-6694,43,4,Normal
2026-02-08 12:41:04.889995,Tokyo-6694,23,37,Normal
2026-02-08 12:41:05.889995,Tokyo-6694,-15,24,Normal
2026-02-08 12:41:06.889995,Tokyo-6694,-6,5,Normal
2026-02-08 12:41:07.889995,Tokyo-6694,30,75,Normal
2026-02-08 12:41:08.889995,Tokyo-6694,-4,21,Normal
2026-02-08 12:41:09.889995,Tokyo-6694,-24,66,Normal
2026-02-08 12:41:10.889995,Tokyo-6694,-15,42,Normal
2026-02-08 12:41:11.889995,Tokyo-6694,-14,25,Normal
2026-02-08 12:41:12.889995,Tokyo-6694,-9,13,Normal
2026-02-08 12:41:13.889995,Tokyo-6694,8,39,Normal
2026-02-08 12:41:14.889995,Tokyo-6694,-1,22,Normal
2026-02-08 12:41:15.889995,Tokyo-6694,17,92,Normal
2026-02-08 12:41:16.889995,Tokyo-6694,33,95,Normal
2026-02-08 12:41:17.889995,Tokyo-6694,-16,12,Normal
2026-02-08 12:41:18.889995,Tokyo-6694,-22,63,Normal
2026-02-08 12:41:19.889995,Tokyo-6694,48,24,Normal
2026-02-08 12:41:20.889995,Tokyo-6694,19,42,Normal
2026-02-08 12:41:21.889995,Tokyo-6694,10,53,Normal
2026-02-08 12:41:22.889995,Tokyo-6694,-23,79,Normal
2026-02-08 12:41:23.889995,Tokyo-6694,27,20,Normal
2026-02-08 12:41:24.889995,Tokyo-6694,39,83,Normal
2026-02-08 12:41:25.889995,Tokyo-6694,14,37,Normal
2026-02-08 12:41:26.889995,Tokyo-6694,41,1,Normal
2026-02-08 12:41:27.889995,Tokyo-6694,5,19,Normal
2026-02-08 12:41:28.889995,Tokyo-6694,35,95,Normal
2026-02-08 12:41:29.889995,Tokyo-6694,14,5,Normal
2026-02-08 12:41:30.889995,Tokyo-6694,-19,65,Normal
2026-02-08 12:41:31.889995,Tokyo-6694,-27,87,Normal
2026-02-08 12:41:32.889995,Tokyo-6694,1,3,Normal
2026-02-08 12:41:33.889995,Tokyo-6694,-27,64,Normal
2026-02-08 12:41:34.889995,Tokyo-6694,-14,87,Normal
2026-02-08 12:41:35.889995,Tokyo-6694,-16,30,Normal
2026-02-08 12:41:36.889995,Tokyo-6694,4,68,Normal
2026-02-08 12:41:37.889995,Tokyo-6694,24,48,Normal
2026-02-08 12:41:38.889995,Tokyo-6694,7,23,Normal
2026-02-08 12:41:39.889995,Tokyo-6694,-4,67,Normal
2026-02-08 12:41:40.889995,Tokyo-6694,13,28,Normal
2026-02-08 12:41:41.889995,Tokyo-6694,6,63,Normal
2026-02-08 12:41:42.889995,Tokyo-6694,13,31,Normal
2026-02-08 12:41:43.889995,Tokyo-6694,-13,10,Normal
2026-02-08 12:41:44.889995,Tokyo-6694,21,7,Normal
2026-02-08 12:41:45.889995,Tokyo-6694,-19,3,Normal
2026-02-08 12:41:46.889995,Tokyo-6694,6,25,Normal
2026-02-08 12:41:47.889995,Tokyo-6694,6,33,Normal
2026-02-08 12:41:48.889995,Tokyo-6694,46,81,Normal
2026-02-08 12:41:49.889995,Tokyo-6694,30,49,Normal
2026-02-08 12:41:50.889995,Tokyo-6694,14,35,Normal
2026-02-08 12:41:51.889995,Tokyo-6694,38,74,Normal
2026-02-08 12:41:52.889995,Tokyo-6694,39,52,Normal
2026-02-08 12:41:53.889995,Tokyo-6694,30,23,Normal
2026-02-08 12:41:54.889995,Tokyo-6694,44,90,Normal
2026-02-08 12:41:55.889995,Tokyo-6694,-4,2,Normal
2026-02-08 12:41:56.889995,Tokyo-6694,-14,8,Normal
2026-02-08 12:41:57.889995,Tokyo-6694,-12,74,Normal
2026-02-08 12:41:58.889995,Tokyo-6694,24,44,Normal
2026-02-08 12:41:59.889995,Tokyo-6694,-15,88,Normal
2026-02-08 12:42:00.889995,Tokyo-6694,37,0,Normal
2026-02-08 12:42:01.889995,Tokyo-6694,-4,54,Normal
2026-02-08 12:42:02.889995,Tokyo-6694,15,30,Normal
2026-02-08 12:42:03.889995,Tokyo-6694,-22,75,Normal
2026-02-08 12:42:04.889995,Tokyo-6694,15,18,Normal
2026-02-08 12:42:05.889995,Tokyo-6694,-8,50,Normal
2026-02-08 12:42:06.889995,Tokyo-6694,18,87,Normal
2026-02-08 12:42:07.889995,Tokyo-6694,8,40,Normal
2026-02-08 12:42:08.889995,Tokyo-6694,7,28,Normal
2026-02-08 12:42:09.889995,Tokyo-6694,17,94,Normal
2026-02-08 12:42:10.889995,Tokyo-6694,49,71,Normal
2026-02-08 12:42:11.889995,Tokyo-6694,38,17,Normal
2026-02-08 12:42:12.889995,Tokyo-6694,-30,89,Normal
2026-02-08 12:42:13.889995,Tokyo-6694,26,73,Normal
2026-02-08 12:42:14.889995,Tokyo-6694,11,63,Normal
2026-02-08 12:42:15.889995,Tokyo-6694,-3,19,Normal
2026-02-08 12:42:16.889995,Tokyo-6694,-25,84,Normal
2026-02-08 12:42:17.889995,Tokyo-6694,17,55,Normal
2026-02-08 12:42:18.889995,Tokyo-6694,42,43,Normal
2026-02-08 12:42:19.889995,Tokyo-6694,18,47,Normal
2026-02-08 12:42:20.889995,Tokyo-6694,27,75,Normal
2026-02-08 12:42:21.889995,Tokyo-6694,-12,48,Normal
2026-02-08 12:42:22.889995,Tokyo-6694,5,4,Normal
2026-02-08 12:42:23.889995,Tokyo-6694,6,52,Normal
2026-02-08 12:42:24.889995,Tokyo-6694,-7,95,Normal
2026-02-08 12:42:25.889995,Tokyo-6694,16,71,Normal
2026-02-08 12:42:26.889995,Tokyo-6694,27,53,Normal
2026-02-08 12:42:27.889995,Tokyo-6694,-21,34,Normal
2026-02-08 12:42:28.889995,Tokyo-6694,20,58,Normal
2026-02-08 12:42:29.889995,Tokyo-6694,-7,35,Normal
2026-02-08 12:42:30.889995,Tokyo-6694,-10,52,Normal
2026-02-08 12:42:31.889995,Tokyo-6694,24,83,Normal
2026-02-08 12:42:32.889995,Tokyo-6694,-25,55,Normal
2026-02-08 12:42:33.889995,Tokyo-6694,21,69,Normal
2026-02-08 12:42:34.889995,Tokyo-6694,-7,84,Normal
2026-02-08 12:42:35.889995,Tokyo-6694,16,21,Normal
2026-02-08 12:42:36.889995,Tokyo-6694,-12,39,Normal
2026-02-08 12:42:37.889995,Tokyo-6694,2,21,Normal
2026-02-08 12:42:38.889995,Tokyo-6694,31,94,Normal
2026-02-08 12:42:39.889995,Tokyo-6694,-28,82,Normal
2026-02-08 12:42:40.889995,Tokyo-6694,10,21,Normal
2026-02-08 12:42:41.889995,Tokyo-6694,42,6,Normal
2026-02-08 12:42:42.889995,Tokyo-6694,-17,92,Normal
2026-02-08 12:42:43.889995,Tokyo-6694,33,99,Normal
2026-02-08 12:42:44.889995,Tokyo-6694,-9,65,Normal
2026-02-08 12:42:45.889995,Tokyo-6694,30,56,Normal
2026-02-08 12:42:46.889995,Tokyo-6694,-25,99,Normal
2026-02-08 12:42:47.889995,Tokyo-6694,49,45,Normal
2026-02-08 12:42:48.889995,Tokyo-6694,-8,36,Normal
2026-02-08 12:42:49.889995,Tokyo-6694,-5,92,Normal
2026-02-08 12:42:50.889995,Tokyo-6694,34,51,Normal
2026-02-08 12:42:51.889995,Tokyo-6694,-25,53,Normal
2026-02-08 12:42:52.889995,Tokyo-6694,43,40,Normal
2026-02-08 12:42:53.889995,Tokyo-6694,5,20,Normal
2026-02-08 12:42:54.889995,Tokyo-6694,27,96,Normal
2026-02-08 12:42:55.889995,Tokyo-6694,-5,44,Normal
2026-02-08 12:42:56.889995,Tokyo-6694,2,43,Normal
2026-02-08 12:42:57.889995,Tokyo-6694,7,18,Normal
2026-02-08 12:42:58.889995,Tokyo-6694,33,18,Normal
2026-02-08 12:42:59.889995,Tokyo-6694,45,92,Normal
2026-02-08 12:43:00.889995,Tokyo-6694,24,66,Normal
2026-02-08 12:43:01.889995,Tokyo-6694,18,55,Normal
2026-02-08 12:43:02.889995,Tokyo-6694,-12,12,Normal
2026-02-08 12:43:03.889995,Tokyo-6694,23,80,Normal
2026-02-08 12:43:04.889995,Tokyo-6694,-22,14,Normal
2026-02-08 12:43:05.889995,Tokyo-6694,20,49,Normal
2026-02-08 12:43:06.889995,Tokyo-6694,36,60,Normal
2026-02-08 12:43:07.889995,Tokyo-6694,-23,10,Normal
2026-02-08 12:43:08.889995,Tokyo-6694,44,31,Normal
2026-02-08 12:43:09.889995,Tokyo-6694,18,69,Normal
2026-02-08 12:43:10.889995,Tokyo-6694,18,87,Normal
2026-02-08 12:43:11.889995,Tokyo-6694,17,18,Normal
2026-02-08 12:43:12.889995,Tokyo-6694,4,62,Normal
2026-02-08 12:43:13.889995,Tokyo-6694,-24,10,Normal
2026-02-08 12:43:14.889995,Tokyo-6694,29,100,Normal
2026-02-08 12:43:15.889995,Tokyo-6694,-6,34,Normal
2026-02-08 12:43:16.889995,Tokyo-6694,37,27,Normal
2026-02-08 12:43:17.889995,Tokyo-6694,-17,82,Normal
2026-02-08 12:43:18.889995,Tokyo-6694,10,62,Normal
2026-02-08 12:43:19.889995,Tokyo-6694,-20,37,Normal
2026-02-08 12:43:20.889995,Tokyo-6694,-17,28,Normal
2026-02-08 12:43:21.889995,Tokyo-6694,-24,42,Normal
2026-02-08 12:43:22.889995,Tokyo-6694,-1,74,Normal
2026-02-08 12:43:23.889995,Tokyo-6694,32,35,Normal
2026-02-08 12:43:24.889995,Tokyo-6694,33,32,Normal
2026-02-08 12:43:25.889995,Tokyo-6694,17,80,Normal
2026-02-08 12:43:26.889995,Tokyo-6694,15,8,Normal
2026-02-08 12:43:27.889995,Tokyo-6694,17,19,Normal
2026-02-08 12:43:28.889995,Tokyo-6694,-28,24,Normal
2026-02-08 12:43:29.889995,Tokyo-6694,-19,24,Normal
2026-02-08 12:43:30.889995,Tokyo-6694,-19,30,Normal
2026-02-08 12:43:31.889995,Tokyo-6694,-26,54,Normal
2026-02-08 12:43:32.889995,Tokyo-6694,-27,21,Normal
2026-02-08 12:43:33.889995,Tokyo-6694,13,14,Normal
2026-02-08 12:43:34.889995,Tokyo-6694,31,67,Normal
2026-02-08 12:43:35.889995,Tokyo-6694,2,67,Normal
2026-02-08 12:43:36.889995,Tokyo-6694,-20,83,Normal
2026-02-08 12:43:37.889995,Tokyo-6694,46,66,Normal
2026-02-08 12:43:38.889995,Tokyo-6694,12,86,Normal
2026-02-08 12:43:39.889995,Tokyo-6694,30,38,Normal
2026-02-08 12:43:40.889995,Tokyo-6694,-24,38,Normal
2026-02-08 12:43:41.889995,Tokyo-6694,3,88,Normal
2026-02-08 12:43:42.889995,Tokyo-6694,-10,21,Normal
2026-02-08 12:43:43.889995,Tokyo-6694,-9,55,Normal
2026-02-08 12:43:44.889995,Tokyo-6694,3,2,Normal
2026-02-08 12:43:45.889995,Tokyo-6694,22,11,Normal
2026-02-08 12:43:46.889995,Tokyo-6694,-21,57,Normal
2026-02-08 12:43:47.889995,Tokyo-6694,-4,97,Normal
2026-02-08 12:43:48.889995,Tokyo-6694,46,55,Normal
2026-02-08 12:43:49.889995,Tokyo-6694,41,53,Normal
2026-02-08 12:43:50.889995,Tokyo-6694,48,45,Normal
2026-02-08 12:43:51.889995,Tokyo-6694,39,28,Normal
2026-02-08 12:43:52.889995,Tokyo-6694,22,27,Normal
2026-02-08 12:43:53.889995,Tokyo-6694,34,96,Normal
2026-02-08 12:43:54.889995,Tokyo-6694,-11,45,Normal
2026-02-08 12:43:55.889995,Tokyo-6694,27,62,Normal
2026-02-08 12:43:56.889995,Tokyo-6694,44,44,Normal
2026-02-08 12:43:57.889995,Tokyo-6694,37,62,Normal
2026-02-08 12:43:58.889995,Tokyo-6694,15,56,Normal
2026-02-08 12:43:59.889995,Tokyo-6694,-3,46,Normal
2026-02-08 12:44:00.889995,Tokyo-6694,50,23,Normal
2026-02-08 12:44:01.889995,Tokyo-6694,-4,18,Normal
2026-02-08 12:44:02.889995,Tokyo-6694,24,54,Normal
2026-02-08 12:44:03.889995,Tokyo-6694,25,21,Normal
2026-02-08 12:44:04.889995,Tokyo-6694,4,61,Normal
2026-02-08 12:44:05.889995,Tokyo-6694,46,71,Normal
2026-02-08 12:44:06.889995,Tokyo-6694,9,3,Normal
2026-02-08 12:44:07.889995,Tokyo-6694,0,64,Normal
2026-02-08 12:44:08.889995,Tokyo-6694,50,91,Normal
2026-02-08 12:44:09.889995,Tokyo-6694,9,46,Normal
2026-02-08 12:44:10.889995,Tokyo-6694,29,21,Normal
2026-02-08 12:44:11.889995,Tokyo-6694,43,17,Normal
2026-02-08 12:44:12.889995,Tokyo-6694,49,81,Normal
2026-02-08 12:44:13.889995,Tokyo-6694,35,68,Normal
2026-02-08 12:44:14.889995,Tokyo-6694,11,87,Normal
2026-02-08 12:44:15.889995,Tokyo-6694,38,31,Normal
2026-02-08 12:44:16.889995,Tokyo-6694,22,42,Normal
2026-02-08 12:44:17.889995,Tokyo-6694,-22,55,Normal
2026-02-08 12:44:18.889995,Tokyo-6694,44,2,Normal
2026-02-08 12:44:19.889995,Tokyo-6694,4,25,Normal
2026-02-08 12:44:20.889995,Tokyo-6694,6,30,Normal
2026-02-08 12:44:21.889995,Tokyo-6694,-20,15,Normal
2026-02-08 12:44:22.889995,Tokyo-6694,18,21,Normal
2026-02-08 12:44:23.889995,Tokyo-6694,-9,20,Normal
2026-02-08 12:44:24.889995,Tokyo-6694,0,20,Normal
2026-02-08 12:44:25.889995,Tokyo-6694,0,48,Normal
2026-02-08 12:44:26.889995,Tokyo-6694,18,68,Normal
2026-02-08 12:44:27.889995,Tokyo-6694,17,64,Normal
2026-02-08 12:44:28.889995,Tokyo-6694,-3,63,Normal
2026-02-08 12:44:29.889995,Tokyo-6694,-5,64,Normal
2026-02-08 12:44:30.889995,Tokyo-6694,32,12,Normal
2026-02-08 12:44:31.889995,Tokyo-6694,-18,52,Normal
2026-02-08 12:44:32.889995,Tokyo-6694,16,88,Normal
2026-02-08 12:44:33.889995,Tokyo-6694,23,31,Normal
2026-02-08 12:44:34.889995,Tokyo-6694,21,57,Normal
2026-02-08 12:44:35.889995,Tokyo-6694,3,76,Normal
2026-02-08 12:44:36.889995,Tokyo-6694,-18,90,Normal
2026-02-08 12:44:37.889995,Tokyo-6694,40,99,Normal
2026-02-08 12:44:38.889995,Tokyo-6694,14,20,Normal
2026-02-08 12:44:39.889995,Tokyo-6694,7,17,Normal
2026-02-08 12:44:40.889995,Tokyo-6694,43,66,Normal
2026-02-08 12:44:41.889995,Tokyo-6694,-22,84,Normal
2026-02-08 12:44:42.889995,Tokyo-6694,-25,77,Normal
2026-02-08 12:44:43.889995,Tokyo-6694,20,91,Normal
2026-02-08 12:44:44.889995,Tokyo-6694,39,14,Normal
2026-02-08 12:44:45.889995,Tokyo-6694,-1,77,Normal
2026-02-08 12:44:46.889995,Tokyo-6694,-20,59,Normal
2026-02-08 12:44:47.889995,Tokyo-6694,-2,54,Normal
2026-02-08 12:44:48.889995,Tokyo-6694,3,20,Normal
2026-02-08 12:44:49.889995,Tokyo-6694,-23,66,Normal
2026-02-08 12:44:50.889995,Tokyo-6694,-18,70,Normal
2026-02-08 12:44:51.889995,Tokyo-6694,36,33,Normal
2026-02-08 12:44:52.889995,Tokyo-6694,-1,98,Normal
2026-02-08 12:44:53.889995,Tokyo-6694,-25,50,Normal
2026-02-08 12:44:54.889995,Tokyo-6694,28,54,Normal
2026-02-08 12:44:55.889995,Tokyo-6694,-8,66,Normal
2026-02-08 12:44:56.889995,Tokyo-6694,-11,27,Normal
2026-02-08 12:44:57.889995,Tokyo-6694,32,17,Normal
2026-02-08 12:44:58.889995,Tokyo-6694,25,4,Normal
2026-02-08 12:44:59.889995,Tokyo-6694,10,99,Normal
2026-02-08 12:45:00.889995,Tokyo-6694,-26,44,Normal
2026-02-08 12:45:01.889995,Tokyo-6694,-1,51,Normal
2026-02-08 12:45:02.889995,Tokyo-6694,13,5,Normal
2026-02-08 12:45:03.889995,Tokyo-6694,-18,1,Normal
2026-02-08 12:45:04.889995,Tokyo-6694,39,77,Normal
2026-02-08 12:45:05.889995,Tokyo-6694,-10,57,Normal
2026-02-08 12:45:06.889995,Tokyo-6694,28,1,Normal
2026-02-08 12:45:07.889995,Tokyo-6694,-3,52,Normal
2026-02-08 12:45:08.889995,Tokyo-6694,37,65,Normal
2026-02-08 12:45:09.889995,Tokyo-6694,31,36,Normal
2026-02-08 12:45:10.889995,Tokyo-6694,13,61,Normal
2026-02-08 12:45:11.889995,Tokyo-6694,35,56,Normal
2026-02-08 12:45:12.889995,Tokyo-6694,-4,81,Normal
2026-02-08 12:45:13.889995,Tokyo-6694,31,8,Normal
2026-02-08 12:45:14.889995,Tokyo-6694,-30,84,Normal
2026-02-08 12:45:15.889995,Tokyo-6694,-17,65,Normal
2026-02-08 12:45:16.889995,Tokyo-6694,-24,70,Normal
2026-02-08 12:45:17.889995,Tokyo-6694,48,51,Normal
2026-02-08 12:45:18.889995,Tokyo-6694,32,80,Normal
2026-02-08 12:45:19.889995,Tokyo-6694,20,91,Normal
2026-02-08 12:45:20.889995,Tokyo-6694,8,93,Normal
2026-02-08 12:45:21.889995,Tokyo-6694,-18,21,Normal
2026-02-08 12:45:22.889995,Tokyo-6694,12,57,Normal
2026-02-08 12:45:23.889995,Tokyo-6694,38,88,Normal
2026-02-08 12:45:24.889995,Tokyo-6694,44,21,Normal
2026-02-08 12:45:25.889995,Tokyo-6694,-19,48,Normal
2026-02-08 12:45:26.889995,Tokyo-6694,7,7,Normal
2026-02-08 12:45:27.889995,Tokyo-6694,5,24,Normal
2026-02-08 12:45:28.889995,Tokyo-6694,36,22,Normal
2026-02-08 12:45:29.889995,Tokyo-6694,36,8,Normal
2026-02-08 12:45:30.889995,Tokyo-6694,13,8,Normal
2026-02-08 12:45:31.889995,Tokyo-6694,-6,6,Normal
2026-02-08 12:45:32.889995,Tokyo-6694,46,66,Normal
2026-02-08 12:45:33.889995,Tokyo-6694,44,48,Normal
2026-02-08 12:45:34.889995,Tokyo-6694,-10,79,Normal
2026-02-08 12:45:35.889995,Tokyo-6694,10,61,Normal
2026-02-08 12:45:36.889995,Tokyo-6694,29,15,Normal
2026-02-08 12:45:37.889995,Tokyo-6694,-27,51,Normal
2026-02-08 12:45:38.889995,Tokyo-6694,-12,15,Normal
2026-02-08 12:45:39.889995,Tokyo-6694,32,64,Normal
2026-02-08 12:45:40.889995,Tokyo-6694,-29,82,Normal
2026-02-08 12:45:41.889995,Tokyo-6694,-11,41,Normal
2026-02-08 12:45:42.889995,Tokyo-6694,34,35,Normal
2026-02-08 12:45:43.889995,Tokyo-6694,-13,7,Normal
2026-02-08 12:45:44.889995,Tokyo-6694,17,78,Normal
2026-02-08 12:45:45.889995,Tokyo-6694,-9,50,Normal
2026-02-08 12:45:46.889995,Tokyo-6694,-27,15,Normal
2026-02-08 12:45:47.889995,Tokyo-6694,30,83,Normal
2026-02-08 12:45:48.889995,Tokyo-6694,-5,12,Normal
2026-02-08 12:45:49.889995,Tokyo-6694,44,52,Normal
2026-02-08 12:45:50.889995,Tokyo-6694,17,8,Normal
2026-02-08 12:45:51.889995,Tokyo-6694,24,67,Normal
2026-02-08 12:45:52.889995,Tokyo-6694,11,82,Normal
2026-02-08 12:45:53.889995,Tokyo-6694,-21,86,Normal
2026-02-08 12:45:54.889995,Tokyo-6694,4,55,Normal
2026-02-08 12:45:55.889995,Tokyo-6694,-11,2,Normal
2026-02-08 12:45:56.889995,Tokyo-6694,7,1,Normal
2026-02-08 12:45:57.889995,Tokyo-6694,-16,24,Normal
2026-02-08 12:45:58.889995,Tokyo-6694,-11,4,Normal
2026-02-08 12:45:59.889995,Tokyo-6694,31,94,Normal
2026-02-08 12:46:00.889995,Tokyo-6694,22,0,Normal
2026-02-08 12:46:01.889995,Tokyo-6694,47,85,Normal
2026-02-08 12:46:02.889995,Tokyo-6694,-19,56,Normal
2026-02-08 12:46:03.889995,Tokyo-6694,20,52,Normal
2026-02-08 12:46:04.889995,Tokyo-6694,38,64,Normal
2026-02-08 12:46:05.889995,Tokyo-6694,-12,21,Normal
2026-02-08 12:46:06.889995,Tokyo-6694,-14,89,Normal
2026-02-08 12:46:07.889995,Tokyo-6694,-21,57,Normal
2026-02-08 12:46:08.889995,Tokyo-6694,21,57,Normal
2026-02-08 12:46:09.889995,Tokyo-6694,-22,48,Normal
2026-02-08 12:46:10.889995,Tokyo-6694,3,81,Normal
2026-02-08 12:46:11.889995,Tokyo-6694,-28,92,Normal
2026-02-08 12:46:12.889995,Tokyo-6694,3,35,Normal
2026-02-08 12:46:13.889995,Tokyo-6694,49,42,Normal
2026-02-08 12:46:14.889995,Tokyo-6694,47,81,Normal
2026-02-08 12:46:15.889995,Tokyo-6694,35,45,Normal
2026-02-08 12:46:16.889995,Tokyo-6694,-11,62,Normal
2026-02-08 12:46:17.889995,Tokyo-6694,-29,61,Normal
2026-02-08 12:46:18.889995,Tokyo-6694,38,73,Normal
2026-02-08 12:46:19.889995,Tokyo-6694,47,95,Normal
2026-02-08 12:46:20.889995,Tokyo-6694,6,4,Normal
2026-02-08 12:46:21.889995,Tokyo-6694,6,24,Normal
2026-02-08 12:46:22.889995,Tokyo-6694,-8,82,Normal
2026-02-08 12:46:23.889995,Tokyo-6694,1,96,Normal
2026-02-08 12:46:24.889995,Tokyo-6694,-3,32,Normal
2026-02-08 12:46:25.889995,Tokyo-6694,-10,32,Normal
2026-02-08 12:46:26.889995,Tokyo-6694,24,89,Normal
2026-02-08 12:46:27.889995,Tokyo-6694,44,79,Normal
2026-02-08 12:46:28.889995,Tokyo-6694,11,83,Normal
2026-02-08 12:46:29.889995,Tokyo-6694,3,93,Normal
2026-02-08 12:46:30.889995,Tokyo-6694,43,61,Normal
2026-02-08 12:46:31.889995,Tokyo-6694,22,39,Normal
2026-02-08 12:46:32.889995,Tokyo-6694,14,51,Normal
2026-02-08 12:46:33.889995,Tokyo-6694,-27,34,Normal
2026-02-08 12:46:34.889995,Tokyo-6694,23,73,Normal
2026-02-08 12:46:35.889995,Tokyo-6694,24,32,Normal
2026-02-08 12:46:36.889995,Tokyo-6694,32,5,Normal
2026-02-08 12:46:37.889995,Tokyo-6694,14,70,Normal
2026-02-08 12:46:38.889995,Tokyo-6694,18,82,Normal
2026-02-08 12:46:39.889995,Tokyo-6694,16,98,Normal
2026-02-08 12:46:40.889995,Tokyo-6694,28,22,Normal
2026-02-08 12:46:41.889995,Tokyo-6694,15,10,Normal
2026-02-08 12:46:42.889995,Tokyo-6694,-19,81,Normal
2026-02-08 12:46:43.889995,Tokyo-6694,-12,53,Normal
2026-02-08 12:46:44.889995,Tokyo-6694,-25,16,Normal
2026-02-08 12:46:45.889995,Tokyo-6694,16,88,Normal
2026-02-08 12:46:46.889995,Tokyo-6694,-1,38,Normal
2026-02-08 12:46:47.889995,Tokyo-6694,-17,43,Normal
2026-02-08 12:46:48.889995,Tokyo-6694,-25,34,Normal
2026-02-08 12:46:49.889995,Tokyo-6694,31,42,Normal
2026-02-08 12:46:50.889995,Tokyo-6694,22,73,Normal
2026-02-08 12:46:51.889995,Tokyo-6694,-3,61,Normal
2026-02-08 12:46:52.889995,Tokyo-6694,30,21,Normal
2026-02-08 12:46:53.889995,Tokyo-6694,-19,57,Normal
2026-02-08 12:46:54.889995,Tokyo-6694,37,87,Normal
2026-02-08 12:46:55.889995,Tokyo-6694,29,53,Normal
2026-02-08 12:46:56.889995,Tokyo-6694,30,24,Normal
2026-02-08 12:46:57.889995,Tokyo-6694,19,54,Normal
2026-02-08 12:46:58.889995,Tokyo-6694,-12,92,Normal
2026-02-08 12:46:59.889995,Tokyo-6694,-21,55,Normal
2026-02-08 12:47:00.889995,Tokyo-6694,13,5,Normal
2026-02-08 12:47:01.889995,Tokyo-6694,36,74,Normal
2026-02-08 12:47:02.889995,Tokyo-6694,42,77,Normal
2026-02-08 12:47:03.889995,Tokyo-6694,-27,40,Normal
2026-02-08 12:47:04.889995,Tokyo-6694,-17,12,Normal
2026-02-08 12:47:05.889995,Tokyo-6694,36,75,Normal
2026-02-08 12:47:06.889995,Tokyo-6694,-18,69,Normal
2026-02-08 12:47:07.889995,Tokyo-6694,12,69,Normal
2026-02-08 12:47:08.889995,Tokyo-6694,3,79,Normal
2026-02-08 12:47:09.889995,Tokyo-6694,37,25,Normal
2026-02-08 12:47:10.889995,Tokyo-6694,-17,85,Normal
2026-02-08 12:47:11.889995,Tokyo-6694,33,42,Normal
2026-02-08 12:47:12.889995,Tokyo-6694,41,96,Normal
2026-02-08 12:47:13.889995,Tokyo-6694,47,78,Normal
2026-02-08 12:47:14.889995,Tokyo-6694,35,100,Normal
2026-02-08 12:47:15.889995,Tokyo-6694,2,33,Normal
2026-02-08 12:47:16.889995,Tokyo-6694,-17,97,Normal
2026-02-08 12:47:17.889995,Tokyo-6694,10,16,Normal
2026-02-08 12:47:18.889995,Tokyo-6694,15,44,Normal
2026-02-08 12:47:19.889995,Tokyo-6694,-21,62,Normal
2026-02-08 12:47:20.889995,Tokyo-6694,31,59,Normal
2026-02-08 12:47:21.889995,Tokyo-6694,22,63,Normal
2026-02-08 12:47:22.889995,Tokyo-6694,-26,41,Normal
2026-02-08 12:47:23.889995,Tokyo-6694,11,90,Normal
2026-02-08 12:47:24.889995,Tokyo-6694,6,94,Normal
2026-02-08 12:47:25.889995,Tokyo-6694,22,48,Normal
2026-02-08 12:47:26.889995,Tokyo-6694,-27,16,Normal
2026-02-08 12:47:27.889995,Tokyo-6694,27,56,Normal
2026-02-08 12:47:28.889995,Tokyo-6694,11,65,Normal
2026-02-08 12:47:29.889995,Tokyo-6694,27,14,Normal
2026-02-08 12:47:30.889995,Tokyo-6694,6,14,Normal
2026-02-08 12:47:31.889995,Tokyo-6694,-17,10,Normal
2026-02-08 12:47:32.889995,Tokyo-6694,14,34,Normal
2026-02-08 12:47:33.889995,Tokyo-6694,30,77,Normal
2026-02-08 12:47:34.889995,Tokyo-6694,-25,85,Normal
2026-02-08 12:47:35.889995,Tokyo-6694,5,7,Normal
2026-02-08 12:47:36.889995,Tokyo-6694,-25,19,Normal
2026-02-08 12:47:37.889995,Tokyo-6694,6,94,Normal
2026-02-08 12:47:38.889995,Tokyo-6694,4,45,Normal
2026-02-08 12:47:39.889995,Tokyo-6694,0,42,Normal
2026-02-08 12:47:40.889995,Tokyo-6694,-3,25,Normal
2026-02-08 12:47:41.889995,Tokyo-6694,1,7,Normal
2026-02-08 12:47:42.889995,Tokyo-6694,-4,78,Normal
2026-02-08 12:47:43.889995,Tokyo-6694,32,80,Normal
2026-02-08 12:47:44.889995,Tokyo-6694,-25,4,Normal
2026-02-08 12:47:45.889995,Tokyo-6694,21,19,Normal
2026-02-08 12:47:46.889995,Tokyo-6694,-17,2,Normal
2026-02-08 12:47:47.889995,Tokyo-6694,-12,88,Normal
2026-02-08 12:47:48.889995,Tokyo-6694,-7,99,Normal
2026-02-08 12:47:49.889995,Tokyo-6694,-13,6,Normal
2026-02-08 12:47:50.889995,Tokyo-6694,16,25,Normal
2026-02-08 12:47:51.889995,Tokyo-6694,-28,25,Normal
2026-02-08 12:47:52.889995,Tokyo-6694,-27,52,Normal
2026-02-08 12:47:53.889995,Tokyo-6694,27,61,Normal
2026-02-08 12:47:54.889995,Tokyo-6694,37,36,Normal
2026-02-08 12:47:55.889995,Tokyo-6694,-15,6,Normal
2026-02-08 12:47:56.889995,Tokyo-6694,4,71,Normal
2026-02-08 12:47:57.889995,Tokyo-6694,42,10,Normal
2026-02-08 12:47:58.889995,Tokyo-6694,38,68,Normal
2026-02-08 12:47:59.889995,Tokyo-6694,13,89,Normal
2026-02-08 12:48:00.889995,Tokyo-6694,10,48,Normal
2026-02-08 12:48:01.889995,Tokyo-6694,-18,98,Normal
2026-02-08 12:48:02.889995,Tokyo-6694,-28,31,Normal
2026-02-08 12:48:03.889995,Tokyo-6694,2,15,Normal
2026-02-08 12:48:04.889995,Tokyo-6694,20,49,Normal
2026-02-08 12:48:05.889995,Tokyo-6694,40,24,Normal
2026-02-08 12:48:06.889995,Tokyo-6694,20,33,Normal
2026-02-08 12:48:07.889995,Tokyo-6694,-7,91,Normal
2026-02-08 12:48:08.889995,Tokyo-6694,35,17,Normal
2026-02-08 12:48:09.889995,Tokyo-6694,14,52,Normal
2026-02-08 12:48:10.889995,Tokyo-6694,43,11,Normal
2026-02-08 12:48:11.889995,Tokyo-6694,38,39,Normal
2026-02-08 12:48:12.889995,Tokyo-6694,23,48,Normal
2026-02-08 12:48:13.889995,Tokyo-6694,6,77,Normal
2026-02-08 12:48:14.889995,Tokyo-6694,-24,70,Normal
2026-02-08 12:48:15.889995,Tokyo-6694,30,12,Normal
2026-02-08 12:48:16.889995,Tokyo-6694,-22,64,Normal
2026-02-08 12:48:17.889995,Tokyo-6694,-30,23,Normal
2026-02-08 12:48:18.889995,Tokyo-6694,-13,40,Normal
2026-02-08 12:48:19.889995,Tokyo-6694,28,20,Normal
2026-02-08 12:48:20.889995,Tokyo-6694,-13,28,Normal
2026-02-08 12:48:21.889995,Tokyo-6694,-17,3,Normal
2026-02-08 12:48:22.889995,Tokyo-6694,24,35,Normal
2026-02-08 12:48:23.889995,Tokyo-6694,-22,96,Normal
2026-02-08 12:48:24.889995,Tokyo-6694,37,36,Normal
2026-02-08 12:48:25.889995,Tokyo-6694,9,13,Normal
2026-02-08 12:48:26.889995,Tokyo-6694,-26,27,Normal
2026-02-08 12:48:27.889995,Tokyo-6694,-7,38,Normal
2026-02-08 12:48:28.889995,Tokyo-6694,18,36,Normal
2026-02-08 12:48:29.889995,Tokyo-6694,37,31,Normal
2026-02-08 12:48:30.889995,Tokyo-6694,-30,90,Normal
2026-02-08 12:48:31.889995,Tokyo-6694,33,29,Normal
2026-02-08 12:48:32.889995,Tokyo-6694,37,42,Normal
2026-02-08 12:48:33.889995,Tokyo-6694,3,9,Normal
2026-02-08 12:48:34.889995,Tokyo-6694,49,59,Normal
2026-02-08 12:48:35.889995,Tokyo-6694,2,54,Normal
2026-02-08 12:48:36.889995,Tokyo-6694,13,2,Normal
2026-02-08 12:48:37.889995,Tokyo-6694,45,32,Normal
2026-02-08 12:48:38.889995,Tokyo-6694,0,2,Normal
2026-02-08 12:48:39.889995,Tokyo-6694,7,39,Normal
2026-02-08 12:48:40.889995,Tokyo-6694,27,99,Normal
2026-02-08 12:48:41.889995,Tokyo-6694,-29,77,Normal
2026-02-08 12:48:42.889995,Tokyo-6694,3,20,Normal
2026-02-08 12:48:43.889995,Tokyo-6694,-8,51,Normal
2026-02-08 12:48:44.889995,Tokyo-6694,4,83,Normal
2026-02-08 12:48:45.889995,Tokyo-6694,-10,4,Normal
2026-02-08 12:48:46.889995,Tokyo-6694,-4,52,Normal
2026-02-08 12:48:47.889995,Tokyo-6694,5,63,Normal
2026-02-08 12:48:48.889995,Tokyo-6694,-4,27,Normal
2026-02-08 12:48:49.889995,Tokyo-6694,-2,74,Normal
2026-02-08 12:48:50.889995,Tokyo-6694,49,96,Normal
2026-02-08 12:48:51.889995,Tokyo-6694,41,75,Normal
2026-02-08 12:48:52.889995,Tokyo-6694,48,15,Normal
2026-02-08 12:48:53.889995,Tokyo-6694,17,94,Normal
2026-02-08 12:48:54.889995,Tokyo-6694,-2,82,Normal
2026-02-08 12:48:55.889995,Tokyo-6694,-3,47,Normal
2026-02-08 12:48:56.889995,Tokyo-6694,1,53,Normal
2026-02-08 12:48:57.889995,Tokyo-6694,-15,62,Normal
2026-02-08 12:48:58.889995,Tokyo-6694,36,77,Normal
2026-02-08 12:48:59.889995,Tokyo-6694,-29,63,Normal
2026-02-08 12:49:00.889995,Tokyo-6694,11,97,Normal
2026-02-08 12:49:01.889995,Tokyo-6694,7,33,Normal
2026-02-08 12:49:02.889995,Tokyo-6694,-25,17,Normal
2026-02-08 12:49:03.889995,Tokyo-6694,19,33,Normal
2026-02-08 12:49:04.889995,Tokyo-6694,-10,27,Normal
2026-02-08 12:49:05.889995,Tokyo-6694,-29,66,Normal
2026-02-08 12:49:06.889995,Tokyo-6694,37,43,Normal
2026-02-08 12:49:07.889995,Tokyo-6694,11,91,Normal
2026-02-08 12:49:08.889995,Tokyo-6694,24,60,Normal
2026-02-08 12:49:09.889995,Tokyo-6694,-27,9,Normal
2026-02-08 12:49:10.889995,Tokyo-6694,16,46,Normal
2026-02-08 12:49:11.889995,Tokyo-6694,-2,10,Normal
2026-02-08 12:49:12.889995,Tokyo-6694,12,71,Normal
2026-02-08 12:49:13.889995,Tokyo-6694,3,75,Normal
2026-02-08 12:49:14.889995,Tokyo-6694,-10,36,Normal
2026-02-08 12:49:15.889995,Tokyo-6694,1,0,Normal
2026-02-08 12:49:16.889995,Tokyo-6694,49,14,Normal
2026-02-08 12:49:17.889995,Tokyo-6694,50,48,Normal
2026-02-08 12:49:18.889995,Tokyo-6694,34,21,Normal
2026-02-08 12:49:19.889995,Tokyo-6694,17,66,Normal
2026-02-08 12:49:20.889995,Tokyo-6694,23,9,Normal
2026-02-08 12:49:21.889995,Tokyo-6694,-20,78,Normal
2026-02-08 12:49:22.889995,Tokyo-6694,20,71,Normal
2026-02-08 12:49:23.889995,Tokyo-6694,26,84,Normal
2026-02-08 12:49:24.889995,Tokyo-6694,29,88,Normal
2026-02-08 12:49:25.889995,Tokyo-6694,-1,34,Normal
2026-02-08 12:49:26.889995,Tokyo-6694,-25,83,Normal
2026-02-08 12:49:27.889995,Tokyo-6694,45,85,Normal
2026-02-08 12:49:28.889995,Tokyo-6694,25,4,Normal
2026-02-08 12:49:29.889995,Tokyo-6694,34,6,Normal
2026-02-08 12:49:30.889995,Tokyo-6694,32,3,Normal
2026-02-08 12:49:31.889995,Tokyo-6694,30,87,Normal
2026-02-08 12:49:32.889995,Tokyo-6694,0,85,Normal
2026-02-08 12:49:33.889995,Tokyo-6694,-1,43,Normal
2026-02-08 12:49:34.889995,Tokyo-6694,-2,61,Normal
2026-02-08 12:49:35.889995,Tokyo-6694,-15,65,Normal
2026-02-08 12:49:36.889995,Tokyo-6694,42,35,Normal
2026-02-08 12:49:37.889995,Tokyo-6694,49,65,Normal
2026-02-08 12:49:38.889995,Tokyo-6694,-14,42,Normal
2026-02-08 12:49:39.889995,Tokyo-6694,32,76,Normal
2026-02-08 12:49:40.889995,Tokyo-6694,-17,58,Normal
2026-02-08 12:49:41.889995,Tokyo-6694,24,77,Normal
2026-02-08 12:49:42.889995,Tokyo-6694,44,14,Normal
2026-02-08 12:49:43.889995,Tokyo-6694,24,95,Normal
2026-02-08 12:49:44.889995,Tokyo-6694,5,55,Normal
2026-02-08 12:49:45.889995,Tokyo-6694,50,97,Normal
2026-02-08 12:49:46.889995,Tokyo-6694,16,5,Normal
2026-02-08 12:49:47.889995,Tokyo-6694,25,17,Normal
2026-02-08 12:49:48.889995,Tokyo-6694,-4,82,Normal
2026-02-08 12:49:49.889995,Tokyo-6694,-12,64,Normal
2026-02-08 12:49:50.889995,Tokyo-6694,-6,69,Normal
2026-02-08 12:49:51.889995,Tokyo-6694,-14,31,Normal
2026-02-08 12:49:52.889995,Tokyo-6694,-22,10,Normal
2026-02-08 12:49:53.889995,Tokyo-6694,25,97,Normal
2026-02-08 12:49:54.889995,Tokyo-6694,42,73,Normal
2026-02-08 12:49:55.889995,Tokyo-6694,3,75,Normal
2026-02-08 12:49:56.889995,Tokyo-6694,35,90,Normal
2026-02-08 12:49:57.889995,Tokyo-6694,11,78,Normal
2026-02-08 12:49:58.889995,Tokyo-6694,44,44,Normal
2026-02-08 12:49:59.889995,Tokyo-6694,24,99,Normal
2026-02-08 12:50:00.889995,Tokyo-6694,10,88,Normal
2026-02-08 12:50:01.889995,Tokyo-6694,17,11,Normal
2026-02-08 12:50:02.889995,Tokyo-6694,6,47,Normal
2026-02-08 12:50:03.889995,Tokyo-6694,-3,26,Normal
2026-02-08 12:50:04.889995,Tokyo-6694,-6,8,Normal
2026-02-08 12:50:05.889995,Tokyo-6694,29,38,Normal
2026-02-08 12:50:06.889995,Tokyo-6694,-8,76,Normal
2026-02-08 12:50:07.889995,Tokyo-6694,39,29,Normal
2026-02-08 12:50:08.889995,Tokyo-6694,48,53,Normal
2026-02-08 12:50:09.889995,Tokyo-6694,11,94,Normal
2026-02-08 12:50:10.889995,Tokyo-6694,21,47,Normal
2026-02-08 12:50:11.889995,Tokyo-6694,5,53,Normal
2026-02-08 12:50:12.889995,Tokyo-6694,-22,55,Normal
2026-02-08 12:50:13.889995,Tokyo-6694,-19,89,Normal
2026-02-08 12:50:14.889995,Tokyo-6694,0,90,Normal
2026-02-08 12:50:15.889995,Tokyo-6694,23,26,Normal
2026-02-08 12:50:16.889995,Tokyo-6694,46,38,Normal
2026-02-08 12:50:17.889995,Tokyo-6694,-1,47,Normal
2026-02-08 12:50:18.889995,Tokyo-6694,36,9,Normal
2026-02-08 12:50:19.889995,Tokyo-6694,3,70,Normal
2026-02-08 12:50:20.889995,Tokyo-6694,31,80,Normal
2026-02-08 12:50:21.889995,Tokyo-6694,30,81,Normal
2026-02-08 12:50:22.889995,Tokyo-6694,-21,51,Normal
2026-02-08 12:50:23.889995,Tokyo-6694,22,77,Normal
2026-02-08 12:50:24.889995,Tokyo-6694,-9,98,Normal
2026-02-08 12:50:25.889995,Tokyo-6694,41,2,Normal
2026-02-08 12:50:26.889995,Tokyo-6694,42,47,Normal
2026-02-08 12:50:27.889995,Tokyo-6694,43,42,Normal
2026-02-08 12:50:28.889995,Tokyo-6694,9,92,Normal
2026-02-08 12:50:29.889995,Tokyo-6694,12,67,Normal
2026-02-08 12:50:30.889995,Tokyo-6694,49,16,Normal
2026-02-08 12:50:31.889995,Tokyo-6694,29,38,Normal
2026-02-08 12:50:32.889995,Tokyo-6694,12,6,Normal
2026-02-08 12:50:33.889995,Tokyo-6694,7,45,Normal
2026-02-08 12:50:34.889995,Tokyo-6694,3,57,Normal
2026-02-08 12:50:35.889995,Tokyo-6694,-6,75,Normal
2026-02-08 12:50:36.889995,Tokyo-6694,18,95,Normal
2026-02-08 12:50:37.889995,Tokyo-6694,-3,63,Normal
2026-02-08 12:50:38.889995,Tokyo-6694,15,25,Normal
2026-02-08 12:50:39.889995,Tokyo-6694,22,86,Normal
2026-02-08 12:50:40.889995,Tokyo-6694,28,22,Normal
2026-02-08 12:50:41.889995,Tokyo-6694,13,44,Normal
2026-02-08 12:50:42.889995,Tokyo-6694,-5,69,Normal
2026-02-08 12:50:43.889995,Tokyo-6694,-14,21,Normal
2026-02-08 12:50:44.889995,Tokyo-6694,41,50,Normal
2026-02-08 12:50:45.889995,Tokyo-6694,31,45,Normal
2026-02-08 12:50:46.889995,Tokyo-6694,31,27,Normal
2026-02-08 12:50:47.889995,Tokyo-6694,-8,41,Normal
2026-02-08 12:50:48.889995,Tokyo-6694,23,27,Normal
2026-02-08 12:50:49.889995,Tokyo-6694,46,79,Normal
2026-02-08 12:50:50.889995,Tokyo-6694,39,18,Normal
2026-02-08 12:50:51.889995,Tokyo-6694,35,45,Normal
2026-02-08 12:50:52.889995,Tokyo-6694,-20,34,Normal
2026-02-08 12:50:53.889995,Tokyo-6694,17,17,Normal
2026-02-08 12:50:54.889995,Tokyo-6694,-25,33,Normal
2026-02-08 12:50:55.889995,Tokyo-6694,-12,90,Normal
2026-02-08 12:50:56.889995,Tokyo-6694,21,86,Normal
2026-02-08 12:50:57.889995,Tokyo-6694,44,89,Normal
2026-02-08 12:50:58.889995,Tokyo-6694,-2,56,Normal
2026-02-08 12:50:59.889995,Tokyo-6694,26,16,Normal
2026-02-08 12:51:00.889995,Tokyo-6694,15,21,Normal
2026-02-08 12:51:01.889995,Tokyo-6694,-29,58,Normal
2026-02-08 12:51:02.889995,Tokyo-6694,-29,61,Normal
2026-02-08 12:51:03.889995,Tokyo-6694,48,72,Normal
2026-02-08 12:51:04.889995,Tokyo-6694,44,42,Normal
2026-02-08 12:51:05.889995,Tokyo-6694,11,85,Normal
2026-02-08 12:51:06.889995,Tokyo-6694,-3,45,Normal
2026-02-08 12:51:07.889995,Tokyo-6694,-28,38,Normal
2026-02-08 12:51:08.889995,Tokyo-6694,44,9,Normal
2026-02-08 12:51:09.889995,Tokyo-6694,-6,52,Normal
2026-02-08 12:51:10.889995,Tokyo-6694,-23,55,Normal
2026-02-08 12:51:11.889995,Tokyo-6694,-1,95,Normal
2026-02-08 12:51:12.889995,Tokyo-6694,-16,78,Normal
2026-02-08 12:51:13.889995,Tokyo-6694,47,9,Normal
2026-02-08 12:51:14.889995,Tokyo-6694,36,40,Normal
2026-02-08 12:51:15.889995,Tokyo-6694,32,46,Normal
2026-02-08 12:51:16.889995,Tokyo-6694,-28,82,Normal
2026-02-08 12:51:17.889995,Tokyo-6694,43,2,Normal
2026-02-08 12:51:18.889995,Tokyo-6694,42,92,Normal
2026-02-08 12:51:19.889995,Tokyo-6694,24,91,Normal
2026-02-08 12:51:20.889995,Tokyo-6694,-10,76,Normal
2026-02-08 12:51:21.889995,Tokyo-6694,32,75,Normal
2026-02-08 12:51:22.889995,Tokyo-6694,-1,91,Normal
2026-02-08 12:51:23.889995,Tokyo-6694,34,35,Normal
2026-02-08 12:51:24.889995,Tokyo-6694,29,76,Normal
2026-02-08 12:51:25.889995,Tokyo-6694,24,33,Normal
2026-02-08 12:51:26.889995,Tokyo-6694,29,34,Normal
2026-02-08 12:51:27.889995,Tokyo-6694,16,19,Normal
2026-02-08 12:51:28.889995,Tokyo-6694,26,6,Normal
2026-02-08 12:51:29.889995,Tokyo-6694,40,58,Normal
2026-02-08 12:51:30.889995,Tokyo-6694,-14,38,Normal
2026-02-08 12:51:31.889995,Tokyo-6694,38,14,Normal
2026-02-08 12:51:32.889995,Tokyo-6694,47,40,Normal
2026-02-08 12:51:33.889995,Tokyo-6694,-3,7,Normal
2026-02-08 12:51:34.889995,Tokyo-6694,5,40,Normal
2026-02-08 12:51:35.889995,Tokyo-6694,8,79,Normal
2026-02-08 12:51:36.889995,Tokyo-6694,28,23,Normal
2026-02-08 12:51:37.889995,Tokyo-6694,1,21,Normal
2026-02-08 12:51:38.889995,Tokyo-6694,-25,53,Normal
2026-02-08 12:51:39.889995,Tokyo-6694,20,42,Normal
2026-02-08 12:51:40.889995,Tokyo-6694,0,73,Normal
2026-02-08 12:51:41.889995,Tokyo-6694,-21,21,Normal
2026-02-08 12:51:42.889995,Tokyo-6694,22,61,Normal
2026-02-08 12:51:43.889995,Tokyo-6694,-10,69,Normal
2026-02-08 12:51:44.889995,Tokyo-6694,-1,25,Normal
2026-02-08 12:51:45.889995,Tokyo-6694,36,96,Normal
2026-02-08 12:51:46.889995,Tokyo-6694,23,75,Normal
2026-02-08 12:51:47.889995,Tokyo-6694,-30,20,Normal
2026-02-08 12:51:48.889995,Tokyo-6694,13,44,Normal
2026-02-08 12:51:49.889995,Tokyo-6694,44,58,Normal
2026-02-08 12:51:50.889995,Tokyo-6694,-10,7,Normal
2026-02-08 12:51:51.889995,Tokyo-6694,-25,98,Normal
2026-02-08 12:51:52.889995,Tokyo-6694,27,91,Normal
2026-02-08 12:51:53.889995,Tokyo-6694,17,29,Normal
2026-02-08 12:51:54.889995,Tokyo-6694,19,75,Normal
2026-02-08 12:51:55.889995,Tokyo-6694,32,71,Normal
2026-02-08 12:51:56.889995,Tokyo-6694,-6,53,Normal
2026-02-08 12:51:57.889995,Tokyo-6694,-25,36,Normal
2026-02-08 12:51:58.889995,Tokyo-6694,1,35,Normal
2026-02-08 12:51:59.889995,Tokyo-6694,-20,90,Normal
2026-02-08 12:52:00.889995,Tokyo-6694,-30,5,Normal
2026-02-08 12:52:01.889995,Tokyo-6694,38,65,Normal
2026-02-08 12:52:02.889995,Tokyo-6694,-15,96,Normal
2026-02-08 12:52:03.889995,Tokyo-6694,37,1,Normal
2026-02-08 12:52:04.889995,Tokyo-6694,21,13,Normal
2026-02-08 12:52:05.889995,Tokyo-6694,31,99,Normal
2026-02-08 12:52:06.889995,Tokyo-6694,45,47,Normal
2026-02-08 12:52:07.889995,Tokyo-6694,44,100,Normal
2026-02-08 12:52:08.889995,Tokyo-6694,-23,28,Normal
2026-02-08 12:52:09.889995,Tokyo-6694,-11,99,Normal
2026-02-08 12:52:10.889995,Tokyo-6694,49,35,Normal
2026-02-08 12:52:11.889995,Tokyo-6694,-28,98,Normal
2026-02-08 12:52:12.889995,Tokyo-6694,8,82,Normal
2026-02-08 12:52:13.889995,Tokyo-6694,20,0,Normal
2026-02-08 12:52:14.889995,Tokyo-6694,-24,17,Normal
2026-02-08 12:52:15.889995,Tokyo-6694,-26,14,Normal
2026-02-08 12:52:16.889995,Tokyo-6694,32,53,Normal
2026-02-08 12:52:17.889995,Tokyo-6694,46,96,Normal
2026-02-08 12:52:18.889995,Tokyo-6694,11,8,Normal
2026-02-08 12:52:19.889995,Tokyo-6694,35,19,Normal
2026-02-08 12:52:20.889995,Tokyo-6694,48,95,Normal
2026-02-08 12:52:21.889995,Tokyo-6694,16,91,Normal
2026-02-08 12:52:22.889995,Tokyo-6694,22,12,Normal
2026-02-08 12:52:23.889995,Tokyo-6694,43,21,Normal
2026-02-08 12:52:24.889995,Tokyo-6694,2,13,Normal
2026-02-08 12:52:25.889995,Tokyo-6694,18,79,Normal
2026-02-08 12:52:26.889995,Tokyo-6694,32,47,Normal
2026-02-08 12:52:27.889995,Tokyo-6694,-3,35,Normal
2026-02-08 12:52:28.889995,Tokyo-6694,35,22,Normal
2026-02-08 12:52:29.889995,Tokyo-6694,43,5,Normal
2026-02-08 12:52:30.889995,Tokyo-6694,36,22,Normal
2026-02-08 12:52:31.889995,Tokyo-6694,31,62,Normal
2026-02-08 12:52:32.889995,Tokyo-6694,12,27,Normal
2026-02-08 12:52:33.889995,Tokyo-6694,38,76,Normal
2026-02-08 12:52:34.889995,Tokyo-6694,16,90,Normal
2026-02-08 12:52:35.889995,Tokyo-6694,25,57,Normal
2026-02-08 12:52:36.889995,Tokyo-6694,11,44,Normal
2026-02-08 12:52:37.889995,Tokyo-6694,35,63,Normal
2026-02-08 12:52:38.889995,Tokyo-6694,21,3,Normal
2026-02-08 12:52:39.889995,Tokyo-6694,-30,39,Normal
2026-02-08 12:52:40.889995,Tokyo-6694,32,87,Normal
2026-02-08 12:52:41.889995,Tokyo-6694,-23,82,Normal
2026-02-08 12:52:42.889995,Tokyo-6694,49,99,Normal
2026-02-08 12:52:43.889995,Tokyo-6694,-3,68,Normal
2026-02-08 12:52:44.889995,Tokyo-6694,-22,76,Normal
2026-02-08 12:52:45.889995,Tokyo-6694,42,57,Normal
2026-02-08 12:52:46.889995,Tokyo-6694,22,37,Normal
2026-02-08 12:52:47.889995,Tokyo-6694,46,63,Normal
2026-02-08 12:52:48.889995,Tokyo-6694,1,58,Normal
2026-02-08 12:52:49.889995,Tokyo-6694,-4,21,Normal
2026-02-08 12:52:50.889995,Tokyo-6694,5,24,Normal
2026-02-08 12:52:51.889995,Tokyo-6694,46,39,Normal
2026-02-08 12:52:52.889995,Tokyo-6694,-2,95,Normal
2026-02-08 12:52:53.889995,Tokyo-6694,-20,3,Normal
2026-02-08 12:52:54.889995,Tokyo-6694,-26,21,Normal
2026-02-08 12:52:55.889995,Tokyo-6694,25,37,Normal
2026-02-08 12:52:56.889995,Tokyo-6694,-10,88,Normal
2026-02-08 12:52:57.889995,Tokyo-6694,14,96,Normal
2026-02-08 12:52:58.889995,Tokyo-6694,41,46,Normal
2026-02-08 12:52:59.889995,Tokyo-6694,-16,61,Normal
2026-02-08 12:53:00.889995,Tokyo-6694,1,100,Normal
2026-02-08 12:53:01.889995,Tokyo-6694,2,19,Normal
2026-02-08 12:53:02.889995,Tokyo-6694,-4,37,Normal
2026-02-08 12:53:03.889995,Tokyo-6694,-26,2,Normal
2026-02-08 12:53:04.889995,Tokyo-6694,36,74,Normal
2026-02-08 12:53:05.889995,Tokyo-6694,17,42,Normal
2026-02-08 12:53:06.889995,Tokyo-6694,30,19,Normal
2026-02-08 12:53:07.889995,Tokyo-6694,7,73,Normal
2026-02-08 12:53:08.889995,Tokyo-6694,40,7,Normal
2026-02-08 12:53:09.889995,Tokyo-6694,29,13,Normal
2026-02-08 12:53:10.889995,Tokyo-6694,-9,90,Normal
2026-02-08 12:53:11.889995,Tokyo-6694,-18,43,Normal
2026-02-08 12:53:12.889995,Tokyo-6694,-4,46,Normal
2026-02-08 12:53:13.889995,Tokyo-6694,23,61,Normal
2026-02-08 12:53:14.889995,Tokyo-6694,40,1,Normal
2026-02-08 12:53:15.889995,Tokyo-6694,38,77,Normal
2026-02-08 12:53:16.889995,Tokyo-6694,27,90,Normal
2026-02-08 12:53:17.889995,Tokyo-6694,34,5,Normal
2026-02-08 12:53:18.889995,Tokyo-6694,-18,32,Normal
2026-02-08 12:53:19.889995,Tokyo-6694,-24,11,Normal
2026-02-08 12:53:20.889995,Tokyo-6694,-3,43,Normal
2026-02-08 12:53:21.889995,Tokyo-6694,-10,12,Normal
2026-02-08 12:53:22.889995,Tokyo-6694,4,75,Normal
2026-02-08 12:53:23.889995,Tokyo-6694,0,17,Normal
2026-02-08 12:53:24.889995,Tokyo-6694,30,96,Normal
2026-02-08 12:53:25.889995,Tokyo-6694,42,28,Normal
2026-02-08 12:53:26.889995,Tokyo-6694,-29,2,Normal
2026-02-08 12:53:27.889995,Tokyo-6694,29,100,Normal
2026-02-08 12:53:28.889995,Tokyo-6694,37,10,Normal
2026-02-08 12:53:29.889995,Tokyo-6694,-14,73,Normal
2026-02-08 12:53:30.889995,Tokyo-6694,15,86,Normal
2026-02-08 12:53:31.889995,Tokyo-6694,3,45,Normal
2026-02-08 12:53:32.889995,Tokyo-6694,29,40,Normal
2026-02-08 12:53:33.889995,Tokyo-6694,5,59,Normal
2026-02-08 12:53:34.889995,Tokyo-6694,-25,40,Normal
2026-02-08 12:53:35.889995,Tokyo-6694,11,3,Normal
2026-02-08 12:53:36.889995,Tokyo-6694,30,10,Normal
2026-02-08 12:53:37.889995,Tokyo-6694,12,72,Normal
2026-02-08 12:53:38.889995,Tokyo-6694,-5,69,Normal
2026-02-08 12:53:39.889995,Tokyo-6694,-26,41,Normal
2026-02-08 12:53:40.889995,Tokyo-6694,4,17,Normal
2026-02-08 12:53:41.889995,Tokyo-6694,-12,17,Normal
2026-02-08 12:53:42.889995,Tokyo-6694,8,39,Normal
2026-02-08 12:53:43.889995,Tokyo-6694,11,29,Normal
2026-02-08 12:53:44.889995,Tokyo-6694,6,34,Normal
2026-02-08 12:53:45.889995,Tokyo-6694,44,52,Normal
2026-02-08 12:53:46.889995,Tokyo-6694,-13,18,Normal
2026-02-08 12:53:47.889995,Tokyo-6694,1,56,Normal
2026-02-08 12:53:48.889995,Tokyo-6694,45,1,Normal
2026-02-08 12:53:49.889995,Tokyo-6694,-4,92,Normal
2026-02-08 12:53:50.889995,Tokyo-6694,43,68,Normal
2026-02-08 12:53:51.889995,Tokyo-6694,13,88,Normal
2026-02-08 12:53:52.889995,Tokyo-6694,28,36,Normal
2026-02-08 12:53:53.889995,Tokyo-6694,4,13,Normal
2026-02-08 12:53:54.889995,Tokyo-6694,-3,92,Normal
2026-02-08 12:53:55.889995,Tokyo-6694,-12,8,Normal
2026-02-08 12:53:56.889995,Tokyo-6694,-19,63,Normal
2026-02-08 12:53:57.889995,Tokyo-6694,27,13,Normal
2026-02-08 12:53:58.889995,Tokyo-6694,45,32,Normal
2026-02-08 12:53:59.889995,Tokyo-6694,4,40,Normal
2026-02-08 12:54:00.889995,Tokyo-6694,47,98,Normal
2026-02-08 12:54:01.889995,Tokyo-6694,8,63,Normal
2026-02-08 12:54:02.889995,Tokyo-6694,34,1,Normal
2026-02-08 12:54:03.889995,Tokyo-6694,8,35,Normal
2026-02-08 12:54:04.889995,Tokyo-6694,17,72,Normal
2026-02-08 12:54:05.889995,Tokyo-6694,27,98,Normal
2026-02-08 12:54:06.889995,Tokyo-6694,20,92,Normal
2026-02-08 12:54:07.889995,Tokyo-6694,25,94,Normal
2026-02-08 12:54:08.889995,Tokyo-6694,-26,86,Normal
2026-02-08 12:54:09.889995,Tokyo-6694,43,29,Normal
2026-02-08 12:54:10.889995,Tokyo-6694,-10,4,Normal
2026-02-08 12:54:11.889995,Tokyo-6694,40,1,Normal
2026-02-08 12:54:12.889995,Tokyo-6694,-23,55,Normal
2026-02-08 12:54:13.889995,Tokyo-6694,24,77,Normal
2026-02-08 12:54:14.889995,Tokyo-6694,38,94,Normal
2026-02-08 12:54:15.889995,Tokyo-6694,15,84,Normal
2026-02-08 12:54:16.889995,Tokyo-6694,-29,25,Normal
2026-02-08 12:54:17.889995,Tokyo-6694,47,28,Normal
2026-02-08 12:54:18.889995,Tokyo-6694,-18,78,Normal
2026-02-08 12:54:19.889995,Tokyo-6694,-21,71,Normal
2026-02-08 12:54:20.889995,Tokyo-6694,-29,57,Normal
2026-02-08 12:54:21.889995,Tokyo-6694,13,96,Normal
2026-02-08 12:54:22.889995,Tokyo-6694,-25,86,Normal
2026-02-08 12:54:23.889995,Tokyo-6694,-11,46,Normal
2026-02-08 12:54:24.889995,Tokyo-6694,14,24,Normal
2026-02-08 12:54:25.889995,Tokyo-6694,49,8,Normal
2026-02-08 12:54:26.889995,Tokyo-6694,32,90,Normal
2026-02-08 12:54:27.889995,Tokyo-6694,-19,77,Normal
2026-02-08 12:54:28.889995,Tokyo-6694,23,86,Normal
2026-02-08 12:54:29.889995,Tokyo-6694,-5,66,Normal
2026-02-08 12:54:30.889995,Tokyo-6694,15,2,Normal
2026-02-08 12:54:31.889995,Tokyo-6694,-25,87,Normal
2026-02-08 12:54:32.889995,Tokyo-6694,20,14,Normal
2026-02-08 12:54:33.889995,Tokyo-6694,-14,42,Normal
2026-02-08 12:54:34.889995,Tokyo-6694,13,40,Normal
2026-02-08 12:54:35.889995,Tokyo-6694,18,26,Normal
2026-02-08 12:54:36.889995,Tokyo-6694,38,53,Normal
2026-02-08 12:54:37.889995,Tokyo-6694,4,74,Normal
2026-02-08 12:54:38.889995,Tokyo-6694,-28,64,Normal
2026-02-08 12:54:39.889995,Tokyo-6694,8,24,Normal
2026-02-08 12:54:40.889995,Tokyo-6694,31,29,Normal
2026-02-08 12:54:41.889995,Tokyo-6694,27,16,Normal
2026-02-08 12:54:42.889995,Tokyo-6694,41,7,Normal
2026-02-08 12:54:43.889995,Tokyo-6694,-17,39,Normal
2026-02-08 12:54:44.889995,Tokyo-6694,16,45,Normal
2026-02-08 12:54:45.889995,Tokyo-6694,-10,29,Normal
2026-02-08 12:54:46.889995,Tokyo-6694,28,73,Normal
2026-02-08 12:54:47.889995,Tokyo-6694,44,27,Normal
2026-02-08 12:54:48.889995,Tokyo-6694,-26,45,Normal
2026-02-08 12:54:49.889995,Tokyo-6694,11,6,Normal
2026-02-08 12:54:50.889995,Tokyo-6694,-28,28,Normal
2026-02-08 12:54:51.889995,Tokyo-6694,50,96,Normal
2026-02-08 12:54:52.889995,Tokyo-6694,-20,23,Normal
2026-02-08 12:54:53.889995,Tokyo-6694,-27,87,Normal
2026-02-08 12:54:54.889995,Tokyo-6694,-26,99,Normal
2026-02-08 12:54:55.889995,Tokyo-6694,-9,55,Normal
2026-02-08 12:54:56.889995,Tokyo-6694,12,31,Normal
2026-02-08 12:54:57.889995,Tokyo-6694,-1,61,Normal
2026-02-08 12:54:58.889995,Tokyo-6694,-16,97,Normal
2026-02-08 12:54:59.889995,Tokyo-6694,39,0,Normal
2026-02-08 12:55:00.889995,Tokyo-6694,39,22,Normal
2026-02-08 12:55:01.889995,Tokyo-6694,-14,34,Normal
2026-02-08 12:55:02.889995,Tokyo-6694,6,45,Normal
2026-02-08 12:55:03.889995,Tokyo-6694,-18,63,Normal
2026-02-08 12:55:04.889995,Tokyo-6694,11,81,Normal
2026-02-08 12:55:05.889995,Tokyo-6694,-1,49,Normal
2026-02-08 12:55:06.889995,Tokyo-6694,-17,9,Normal
2026-02-08 12:55:07.889995,Tokyo-6694,47,51,Normal
2026-02-08 12:55:08.889995,Tokyo-6694,3,74,Normal
2026-02-08 12:55:09.889995,Tokyo-6694,1,76,Normal
2026-02-08 12:55:10.889995,Tokyo-6694,-27,5,Normal
2026-02-08 12:55:11.889995,Tokyo-6694,6,28,Normal
2026-02-08 12:55:12.889995,Tokyo-6694,18,11,Normal
2026-02-08 12:55:13.889995,Tokyo-6694,29,52,Normal
2026-02-08 12:55:14.889995,Tokyo-6694,45,25,Normal
2026-02-08 12:55:15.889995,Tokyo-6694,31,11,Normal
2026-02-08 12:55:16.889995,Tokyo-6694,-21,90,Normal
2026-02-08 12:55:17.889995,Tokyo-6694,25,75,Normal
2026-02-08 12:55:18.889995,Tokyo-6694,6,50,Normal
2026-02-08 12:55:19.889995,Tokyo-6694,39,80,Normal
2026-02-08 12:55:20.889995,Tokyo-6694,35,49,Normal
2026-02-08 12:55:21.889995,Tokyo-6694,22,57,Normal
2026-02-08 12:55:22.889995,Tokyo-6694,-2,73,Normal
2026-02-08 12:55:23.889995,Tokyo-6694,10,91,Normal
2026-02-08 12:55:24.889995,Tokyo-6694,6,36,Normal
2026-02-08 12:55:25.889995,Tokyo-6694,-5,53,Normal
2026-02-08 12:55:26.889995,Tokyo-6694,47,32,Normal
2026-02-08 12:55:27.889995,Tokyo-6694,-11,38,Normal
2026-02-08 12:55:28.889995,Tokyo-6694,17,89,Normal
2026-02-08 12:55:29.889995,Tokyo-6694,-4,36,Normal
2026-02-08 12:55:30.889995,Tokyo-6694,2,40,Normal
2026-02-08 12:55:31.889995,Tokyo-6694,12,51,Normal
2026-02-08 12:55:32.889995,Tokyo-6694,-21,83,Normal
2026-02-08 12:55:33.889995,Tokyo-6694,-4,59,Normal
2026-02-08 12:55:34.889995,Tokyo-6694,31,19,Normal
2026-02-08 12:55:35.889995,Tokyo-6694,10,14,Normal
2026-02-08 12:55:36.889995,Tokyo-6694,-17,26,Normal
2026-02-08 12:55:37.889995,Tokyo-6694,41,100,Normal
2026-02-08 12:55:38.889995,Tokyo-6694,-4,74,Normal
2026-02-08 12:55:39.889995,Tokyo-6694,28,3,Normal
2026-02-08 12:55:40.889995,Tokyo-6694,-17,28,Normal
2026-02-08 12:55:41.889995,Tokyo-6694,11,74,Normal
2026-02-08 12:55:42.889995,Tokyo-6694,14,60,Normal
2026-02-08 12:55:43.889995,Tokyo-6694,-24,73,Normal
2026-02-08 12:55:44.889995,Tokyo-6694,9,54,Normal
2026-02-08 12:55:45.889995,Tokyo-6694,6,26,Normal
2026-02-08 12:55:46.889995,Tokyo-6694,-30,87,Normal
2026-02-08 12:55:47.889995,Tokyo-6694,23,85,Normal
2026-02-08 12:55:48.889995,Tokyo-6694,3,4,Normal
2026-02-08 12:55:49.889995,Tokyo-6694,37,83,Normal
2026-02-08 12:55:50.889995,Tokyo-6694,12,56,Normal
2026-02-08 12:55:51.889995,Tokyo-6694,3,36,Normal
2026-02-08 12:55:52.889995,Tokyo-6694,21,37,Normal
2026-02-08 12:55:53.889995,Tokyo-6694,49,30,Normal
2026-02-08 12:55:54.889995,Tokyo-6694,-16,60,Normal
2026-02-08 12:55:55.889995,Tokyo-6694,-29,75,Normal
2026-02-08 12:55:56.889995,Tokyo-6694,-22,19,Normal
2026-02-08 12:55:57.889995,Tokyo-6694,10,67,Normal
2026-02-08 12:55:58.889995,Tokyo-6694,22,85,Normal
2026-02-08 12:55:59.889995,Tokyo-6694,47,11,Normal
2026-02-08 12:56:00.889995,Tokyo-6694,45,66,Normal
2026-02-08 12:56:01.889995,Tokyo-6694,-18,58,Normal
2026-02-08 12:56:02.889995,Tokyo-6694,-3,48,Normal
2026-02-08 12:56:03.889995,Tokyo-6694,25,67,Normal
2026-02-08 12:56:04.889995,Tokyo-6694,19,75,Normal
2026-02-08 12:56:05.889995,Tokyo-6694,-30,69,Normal
2026-02-08 12:56:06.889995,Tokyo-6694,39,100,Normal
2026-02-08 12:56:07.889995,Tokyo-6694,37,95,Normal
2026-02-08 12:56:08.889995,Tokyo-6694,-27,95,Normal
2026-02-08 12:56:09.889995,Tokyo-6694,20,10,Normal
2026-02-08 12:56:10.889995,Tokyo-6694,22,69,Normal
2026-02-08 12:56:11.889995,Tokyo-6694,-3,59,Normal
2026-02-08 12:56:12.889995,Tokyo-6694,41,29,Normal
2026-02-08 12:56:13.889995,Tokyo-6694,37,46,Normal
2026-02-08 12:56:14.889995,Tokyo-6694,-10,18,Normal
2026-02-08 12:56:15.889995,Tokyo-6694,-13,58,Normal
2026-02-08 12:56:16.889995,Tokyo-6694,-15,44,Normal
2026-02-08 12:56:17.889995,Tokyo-6694,30,5,Normal
2026-02-08 12:56:18.889995,Tokyo-6694,-14,68,Normal
2026-02-08 12:56:19.889995,Tokyo-6694,10,3,Normal
2026-02-08 12:56:20.889995,Tokyo-6694,37,15,Normal
2026-02-08 12:56:21.889995,Tokyo-6694,-17,23,Normal
2026-02-08 12:56:22.889995,Tokyo-6694,-22,20,Normal
2026-02-08 12:56:23.889995,Tokyo-6694,-20,96,Normal
2026-02-08 12:56:24.889995,Tokyo-6694,-16,8,Normal
2026-02-08 12:56:25.889995,Tokyo-6694,49,6,Normal
2026-02-08 12:56:26.889995,Tokyo-6694,-14,18,Normal
2026-02-08 12:56:27.889995,Tokyo-6694,-21,89,Normal
2026-02-08 12:56:28.889995,Tokyo-6694,10,3,Normal
2026-02-08 12:56:29.889995,Tokyo-6694,39,79,Normal
2026-02-08 12:56:30.889995,Tokyo-6694,23,11,Normal
2026-02-08 12:56:31.889995,Tokyo-6694,-19,16,Normal
2026-02-08 12:56:32.889995,Tokyo-6694,42,45,Normal
2026-02-08 12:56:33.889995,Tokyo-6694,22,71,Normal
2026-02-08 12:56:34.889995,Tokyo-6694,45,57,Normal
2026-02-08 12:56:35.889995,Tokyo-6694,21,61,Normal
2026-02-08 12:56:36.889995,Tokyo-6694,41,2,Normal
2026-02-08 12:56:37.889995,Tokyo-6694,43,23,Normal
2026-02-08 12:56:38.889995,Tokyo-6694,9,93,Normal
2026-02-08 12:56:39.889995,Tokyo-6694,-10,76,Normal
2026-02-08 12:56:40.889995,Tokyo-6694,-13,35,Normal
2026-02-08 12:56:41.889995,Tokyo-6694,-15,45,Normal
2026-02-08 12:56:42.889995,Tokyo-6694,-5,63,Normal
2026-02-08 12:56:43.889995,Tokyo-6694,-26,73,Normal
2026-02-08 12:56:44.889995,Tokyo-6694,18,46,Normal
2026-02-08 12:56:45.889995,Tokyo-6694,-4,53,Normal
2026-02-08 12:56:46.889995,Tokyo-6694,50,94,Normal
2026-02-08 12:56:47.889995,Tokyo-6694,-8,50,Normal
2026-02-08 12:56:48.889995,Tokyo-6694,36,85,Normal
2026-02-08 12:56:49.889995,Tokyo-6694,1,14,Normal
2026-02-08 12:56:50.889995,Tokyo-6694,-2,43,Normal
2026-02-08 12:56:51.889995,Tokyo-6694,-28,10,Normal
2026-02-08 12:56:52.889995,Tokyo-6694,-22,7,Normal
2026-02-08 12:56:53.889995,Tokyo-6694,13,94,Normal
2026-02-08 12:56:54.889995,Tokyo-6694,-4,67,Normal
2026-02-08 12:56:55.889995,Tokyo-6694,29,56,Normal
2026-02-08 12:56:56.889995,Tokyo-6694,-1,45,Normal
2026-02-08 12:56:57.889995,Tokyo-6694,-19,66,Normal
2026-02-08 12:56:58.889995,Tokyo-6694,-3,2,Normal
2026-02-08 12:56:59.889995,Tokyo-6694,12,30,Normal
2026-02-08 12:57:00.889995,Tokyo-6694,33,60,Normal
2026-02-08 12:57:01.889995,Tokyo-6694,-10,17,Normal
2026-02-08 12:57:02.889995,Tokyo-6694,8,16,Normal
2026-02-08 12:57:03.889995,Tokyo-6694,32,97,Normal
2026-02-08 12:57:04.889995,Tokyo-6694,41,44,Normal
2026-02-08 12:57:05.889995,Tokyo-6694,-23,95,Normal
2026-02-08 12:57:06.889995,Tokyo-6694,16,13,Normal
2026-02-08 12:57:07.889995,Tokyo-6694,23,39,Normal
2026-02-08 12:57:08.889995,Tokyo-6694,0,38,Normal
2026-02-08 12:57:09.889995,Tokyo-6694,12,4,Normal
2026-02-08 12:57:10.889995,Tokyo-6694,-19,79,Normal
2026-02-08 12:57:11.889995,Tokyo-6694,31,89,Normal
2026-02-08 12:57:12.889995,Tokyo-6694,30,81,Normal
2026-02-08 12:57:13.889995,Tokyo-6694,18,1,Normal
2026-02-08 12:57:14.889995,Tokyo-6694,-10,98,Normal
2026-02-08 12:57:15.889995,Tokyo-6694,-1,54,Normal
2026-02-08 12:57:16.889995,Tokyo-6694,17,85,Normal
2026-02-08 12:57:17.889995,Tokyo-6694,-5,91,Normal
2026-02-08 12:57:18.889995,Tokyo-6694,-7,30,Normal
2026-02-08 12:57:19.889995,Tokyo-6694,23,30,Normal
2026-02-08 12:57:20.889995,Tokyo-6694,-25,88,Normal
2026-02-08 12:57:21.889995,Tokyo-6694,-19,5,Normal
2026-02-08 12:57:22.889995,Tokyo-6694,-4,81,Normal
2026-02-08 12:57:23.889995,Tokyo-6694,26,95,Normal
2026-02-08 12:57:24.889995,Tokyo-6694,14,11,Normal
2026-02-08 12:57:25.889995,Tokyo-6694,-25,30,Normal
2026-02-08 12:57:26.889995,Tokyo-6694,-8,31,Normal
2026-02-08 12:57:27.889995,Tokyo-6694,-24,91,Normal
2026-02-08 12:57:28.889995,Tokyo-6694,6,78,Normal
2026-02-08 12:57:29.889995,Tokyo-6694,4,29,Normal
2026-02-08 12:57:30.889995,Tokyo-6694,2,9,Normal
2026-02-08 12:57:31.889995,Tokyo-6694,11,36,Normal
2026-02-08 12:57:32.889995,Tokyo-6694,28,36,Normal
2026-02-08 12:57:33.889995,Tokyo-6694,10,25,Normal
2026-02-08 12:57:34.889995,Tokyo-6694,22,24,Normal
2026-02-08 12:57:35.889995,Tokyo-6694,-14,54,Normal
2026-02-08 12:57:36.889995,Tokyo-6694,40,14,Normal
2026-02-08 12:57:37.889995,Tokyo-6694,4,38,Normal
2026-02-08 12:57:38.889995,Tokyo-6694,-29,71,Normal
2026-02-08 12:57:39.889995,Tokyo-6694,-19,98,Normal
2026-02-08 12:57:40.889995,Tokyo-6694,-2,60,Normal
2026-02-08 12:57:41.889995,Tokyo-6694,9,28,Normal
2026-02-08 12:57:42.889995,Tokyo-6694,-20,87,Normal
2026-02-08 12:57:43.889995,Tokyo-6694,38,10,Normal
2026-02-08 12:57:44.889995,Tokyo-6694,-25,77,Normal
2026-02-08 12:57:45.889995,Tokyo-6694,-3,80,Normal
2026-02-08 12:57:46.889995,Tokyo-6694,11,4,Normal
2026-02-08 12:57:47.889995,Tokyo-6694,35,66,Normal
2026-02-08 12:57:48.889995,Tokyo-6694,40,13,Normal
2026-02-08 12:57:49.889995,Tokyo-6694,25,61,Normal
2026-02-08 12:57:50.889995,Tokyo-6694,30,23,Normal
2026-02-08 12:57:51.889995,Tokyo-6694,-12,69,Normal
2026-02-08 12:57:52.889995,Tokyo-6694,39,88,Normal
2026-02-08 12:57:53.889995,Tokyo-6694,9,59,Normal
2026-02-08 12:57:54.889995,Tokyo-6694,6,34,Normal
2026-02-08 12:57:55.889995,Tokyo-6694,26,79,Normal
2026-02-08 12:57:56.889995,Tokyo-6694,14,47,Normal
2026-02-08 12:57:57.889995,Tokyo-6694,-7,32,Normal
2026-02-08 12:57:58.889995,Tokyo-6694,37,87,Normal
2026-02-08 12:57:59.889995,Tokyo-6694,10,9,Normal
2026-02-08 12:58:00.889995,Tokyo-6694,11,32,Normal
2026-02-08 12:58:01.889995,Tokyo-6694,-9,79,Normal
2026-02-08 12:58:02.889995,Tokyo-6694,42,77,Normal
2026-02-08 12:58:03.889995,Tokyo-6694,-22,6,Normal
2026-02-08 12:58:04.889995,Tokyo-6694,34,4,Normal
2026-02-08 12:58:05.889995,Tokyo-6694,25,87,Normal
2026-02-08 12:58:06.889995,Tokyo-6694,-9,98,Normal
2026-02-08 12:58:07.889995,Tokyo-6694,39,98,Normal
2026-02-08 12:58:08.889995,Tokyo-6694,31,62,Normal
2026-02-08 12:58:09.889995,Tokyo-6694,-22,62,Normal
2026-02-08 12:58:10.889995,Tokyo-6694,21,16,Normal
2026-02-08 12:58:11.889995,Tokyo-6694,49,18,Normal
2026-02-08 12:58:12.889995,Tokyo-6694,16,35,Normal
2026-02-08 12:58:13.889995,Tokyo-6694,34,0,Normal
2026-02-08 12:58:14.889995,Tokyo-6694,21,64,Normal
2026-02-08 12:58:15.889995,Tokyo-6694,7,57,Normal
2026-02-08 12:58:16.889995,Tokyo-6694,-21,42,Normal
2026-02-08 12:58:17.889995,Tokyo-6694,19,16,Normal
2026-02-08 12:58:18.889995,Tokyo-6694,16,62,Normal
2026-02-08 12:58:19.889995,Tokyo-6694,-28,22,Normal
2026-02-08 12:58:20.889995,Tokyo-6694,35,87,Normal
2026-02-08 12:58:21.889995,Tokyo-6694,46,47,Normal
2026-02-08 12:58:22.889995,Tokyo-6694,-4,37,Normal
2026-02-08 12:58:23.889995,Tokyo-6694,21,99,Normal
2026-02-08 12:58:24.889995,Tokyo-6694,32,52,Normal
2026-02-08 12:58:25.889995,Tokyo-6694,-6,85,Normal
2026-02-08 12:58:26.889995,Tokyo-6694,2,17,Normal
2026-02-08 12:58:27.889995,Tokyo-6694,20,21,Normal
2026-02-08 12:58:28.889995,Tokyo-6694,15,52,Normal
2026-02-08 12:58:29.889995,Tokyo-6694,30,15,Normal
2026-02-08 12:58:30.889995,Tokyo-6694,21,63,Normal
2026-02-08 12:58:31.889995,Tokyo-6694,-29,91,Normal
2026-02-08 12:58:32.889995,Tokyo-6694,44,63,Normal
2026-02-08 12:58:33.889995,Tokyo-6694,-10,42,Normal
2026-02-08 12:58:34.889995,Tokyo-6694,1,20,Normal
2026-02-08 12:58:35.889995,Tokyo-6694,-3,84,Normal
2026-02-08 12:58:36.889995,Tokyo-6694,-21,18,Normal
2026-02-08 12:58:37.889995,Tokyo-6694,40,82,Normal
2026-02-08 12:58:38.889995,Tokyo-6694,44,44,Normal
2026-02-08 12:58:39.889995,Tokyo-6694,-10,46,Normal
2026-02-08 12:58:40.889995,Tokyo-6694,-17,33,Normal
2026-02-08 12:58:41.889995,Tokyo-6694,11,11,Normal
2026-02-08 12:58:42.889995,Tokyo-6694,2,56,Normal
2026-02-08 12:58:43.889995,Tokyo-6694,14,12,Normal
2026-02-08 12:58:44.889995,Tokyo-6694,33,74,Normal
2026-02-08 12:58:45.889995,Tokyo-6694,21,29,Normal
2026-02-08 12:58:46.889995,Tokyo-6694,-11,22,Normal
2026-02-08 12:58:47.889995,Tokyo-6694,26,46,Normal
2026-02-08 12:58:48.889995,Tokyo-6694,33,21,Normal
2026-02-08 12:58:49.889995,Tokyo-6694,-9,94,Normal
2026-02-08 12:58:50.889995,Tokyo-6694,0,1,Normal
2026-02-08 12:58:51.889995,Tokyo-6694,35,0,Normal
2026-02-08 12:58:52.889995,Tokyo-6694,-23,20,Normal
2026-02-08 12:58:53.889995,Tokyo-6694,6,83,Normal
2026-02-08 12:58:54.889995,Tokyo-6694,-16,18,Normal
2026-02-08 12:58:55.889995,Tokyo-6694,45,19,Normal
2026-02-08 12:58:56.889995,Tokyo-6694,36,49,Normal
2026-02-08 12:58:57.889995,Tokyo-6694,-9,92,Normal
2026-02-08 12:58:58.889995,Tokyo-6694,16,12,Normal
2026-02-08 12:58:59.889995,Tokyo-6694,41,58,Normal
2026-02-08 12:59:00.889995,Tokyo-6694,47,8,Normal
2026-02-08 12:59:01.889995,Tokyo-6694,-11,94,Normal
2026-02-08 12:59:02.889995,Tokyo-6694,0,20,Normal
2026-02-08 12:59:03.889995,Tokyo-6694,-2,17,Normal
2026-02-08 12:59:04.889995,Tokyo-6694,37,68,Normal
2026-02-08 12:59:05.889995,Tokyo-6694,6,84,Normal
2026-02-08 12:59:06.889995,Tokyo-6694,1,43,Normal
2026-02-08 12:59:07.889995,Tokyo-6694,-25,70,Normal
2026-02-08 12:59:08.889995,Tokyo-6694,5,71,Normal
2026-02-08 12:59:09.889995,Tokyo-6694,24,47,Normal
2026-02-08 12:59:10.889995,Tokyo-6694,-8,57,Normal
2026-02-08 12:59:11.889995,Tokyo-6694,37,98,Normal
2026-02-08 12:59:12.889995,Tokyo-6694,28,3,Normal
2026-02-08 12:59:13.889995,Tokyo-6694,12,13,Normal
2026-02-08 12:59:14.889995,Tokyo-6694,-17,68,Normal
2026-02-08 12:59:15.889995,Tokyo-6694,21,65,Normal
2026-02-08 12:59:16.889995,Tokyo-6694,-29,28,Normal
2026-02-08 12:59:17.889995,Tokyo-6694,14,12,Normal
2026-02-08 12:59:18.889995,Tokyo-6694,36,8,Normal
2026-02-08 12:59:19.889995,Tokyo-6694,16,82,Normal
2026-02-08 12:59:20.889995,Tokyo-6694,-29,13,Normal
2026-02-08 12:59:21.889995,Tokyo-6694,-12,18,Normal
2026-02-08 12:59:22.889995,Tokyo-6694,-13,8,Normal
2026-02-08 12:59:23.889995,Tokyo-6694,16,46,Normal
2026-02-08 12:59:24.889995,Tokyo-6694,42,11,Normal
2026-02-08 12:59:25.889995,Tokyo-6694,8,86,Normal
2026-02-08 12:59:26.889995,Tokyo-6694,-5,84,Normal
2026-02-08 12:59:27.889995,Tokyo-6694,-15,19,Normal
2026-02-08 12:59:28.889995,Tokyo-6694,-26,34,Normal
2026-02-08 12:59:29.889995,Tokyo-6694,3,96,Normal
2026-02-08 12:59:30.889995,Tokyo-6694,27,7,Normal
2026-02-08 12:59:31.889995,Tokyo-6694,9,61,Normal
2026-02-08 12:59:32.889995,Tokyo-6694,-9,68,Normal
2026-02-08 12:59:33.889995,Tokyo-6694,-20,15,Normal
2026-02-08 12:59:34.889995,Tokyo-6694,-6,13,Normal
2026-02-08 12:59:35.889995,Tokyo-6694,39,8,Normal
2026-02-08 12:59:36.889995,Tokyo-6694,-7,25,Normal
2026-02-08 12:59:37.889995,Tokyo-6694,10,4,Normal
2026-02-08 12:59:38.889995,Tokyo-6694,15,35,Normal
2026-02-08 12:59:39.889995,Tokyo-6694,40,71,Normal
2026-02-08 12:59:40.889995,Tokyo-6694,35,100,Normal
2026-02-08 12:59:41.889995,Tokyo-6694,-14,85,Normal
2026-02-08 12:59:42.889995,Tokyo-6694,-7,96,Normal
2026-02-08 12:59:43.889995,Tokyo-6694,-16,28,Normal
2026-02-08 12:59:44.889995,Tokyo-6694,-7,59,Normal
2026-02-08 12:59:45.889995,Tokyo-6694,31,51,Normal
2026-02-08 12:59:46.889995,Tokyo-6694,7,12,Normal
2026-02-08 12:59:47.889995,Tokyo-6694,15,69,Normal
2026-02-08 12:59:48.889995,Tokyo-6694,41,59,Normal
2026-02-08 12:59:49.889995,Tokyo-6694,-12,63,Normal
2026-02-08 12:59:50.889995,Tokyo-6694,28,52,Normal
2026-02-08 12:59:51.889995,Tokyo-6694,20,82,Normal
2026-02-08 12:59:52.889995,Tokyo-6694,49,74,Normal
2026-02-08 12:59:53.889995,Tokyo-6694,-1,80,Normal
2026-02-08 12:59:54.889995,Tokyo-6694,-8,45,Normal
2026-02-08 12:59:55.889995,Tokyo-6694,13,20,Normal
2026-02-08 12:59:56.889995,Tokyo-6694,-7,88,Normal
2026-02-08 12:59:57.889995,Tokyo-6694,-30,27,Normal
2026-02-08 12:59:58.889995,Tokyo-6694,43,36,Normal
2026-02-08 12:59:59.889995,Tokyo-6694,-10,19,Normal
2026-02-08 13:00:00.889995,Tokyo-6694,23,25,Normal
2026-02-08 13:00:01.889995,Tokyo-6694,23,51,Normal
2026-02-08 13:00:02.889995,Tokyo-6694,-7,29,Normal
2026-02-08 13:00:03.889995,Tokyo-6694,50,62,Normal
2026-02-08 13:00:04.889995,Tokyo-6694,-30,97,Normal
2026-02-08 13:00:05.889995,Tokyo-6694,18,55,Normal
2026-02-08 13:00:06.889995,Tokyo-6694,22,36,Normal
2026-02-08 13:00:07.889995,Tokyo-6694,35,85,Normal
2026-02-08 13:00:08.889995,Tokyo-6694,15,90,Normal
2026-02-08 13:00:09.889995,Tokyo-6694,11,36,Normal
2026-02-08 13:00:10.889995,Tokyo-6694,-19,32,Normal
2026-02-08 13:00:11.889995,Tokyo-6694,-17,32,Normal
2026-02-08 13:00:12.889995,Tokyo-6694,-11,80,Normal
2026-02-08 13:00:13.889995,Tokyo-6694,8,37,Normal
2026-02-08 13:00:14.889995,Tokyo-6694,-2,83,Normal
2026-02-08 13:00:15.889995,Tokyo-6694,13,7,Normal
2026-02-08 13:00:16.889995,Tokyo-6694,3,22,Normal
2026-02-08 13:00:17.889995,Tokyo-6694,-21,44,Normal
2026-02-08 13:00:18.889995,Tokyo-6694,20,52,Normal
2026-02-08 13:00:19.889995,Tokyo-6694,35,61,Normal
2026-02-08 13:00:20.889995,Tokyo-6694,-28,32,Normal
2026-02-08 13:00:21.889995,Tokyo-6694,-1,88,Normal
2026-02-08 13:00:22.889995,Tokyo-6694,-12,66,Normal
2026-02-08 13:00:23.889995,Tokyo-6694,20,46,Normal
2026-02-08 13:00:24.889995,Tokyo-6694,32,98,Normal
2026-02-08 13:00:25.889995,Tokyo-6694,16,40,Normal
2026-02-08 13:00:26.889995,Tokyo-6694,-4,16,Normal
2026-02-08 13:00:27.889995,Tokyo-6694,25,55,Normal
2026-02-08 13:00:28.889995,Tokyo-6694,45,6,Normal
2026-02-08 13:00:29.889995,Tokyo-6694,-22,24,Normal
2026-02-08 13:00:30.889995,Tokyo-6694,-2,65,Normal
2026-02-08 13:00:31.889995,Tokyo-6694,13,34,Normal
2026-02-08 13:00:32.889995,Tokyo-6694,29,40,Normal
2026-02-08 13:00:33.889995,Tokyo-6694,-8,82,Normal
2026-02-08 13:00:34.889995,Tokyo-6694,11,15,Normal
2026-02-08 13:00:35.889995,Tokyo-6694,-11,55,Normal
2026-02-08 13:00:36.889995,Tokyo-6694,-9,97,Normal
2026-02-08 13:00:37.889995,Tokyo-6694,-5,91,Normal
2026-02-08 13:00:38.889995,Tokyo-6694,49,1,Normal
2026-02-08 13:00:39.889995,Tokyo-6694,10,30,Normal
2026-02-08 13:00:40.889995,Tokyo-6694,-10,8,Normal
2026-02-08 13:00:41.889995,Tokyo-6694,39,60,Normal
2026-02-08 13:00:42.889995,Tokyo-6694,47,85,Normal
2026-02-08 13:00:43.889995,Tokyo-6694,30,59,Normal
2026-02-08 13:00:44.889995,Tokyo-6694,-24,39,Normal
2026-02-08 13:00:45.889995,Tokyo-6694,-13,69,Normal
2026-02-08 13:00:46.889995,Tokyo-6694,-8,11,Normal
2026-02-08 13:00:47.889995,Tokyo-6694,-28,97,Normal
2026-02-08 13:00:48.889995,Tokyo-6694,47,23,Normal
2026-02-08 13:00:49.889995,Tokyo-6694,-3,69,Normal
2026-02-08 13:00:50.889995,Tokyo-6694,6,14,Normal
2026-02-08 13:00:51.889995,Tokyo-6694,15,16,Normal
2026-02-08 13:00:52.889995,Tokyo-6694,33,43,Normal
2026-02-08 13:00:53.889995,Tokyo-6694,-7,49,Normal
2026-02-08 13:00:54.889995,Tokyo-6694,48,10,Normal
2026-02-08 13:00:55.889995,Tokyo-6694,-27,78,Normal
2026-02-08 13:00:56.889995,Tokyo-6694,32,20,Normal
2026-02-08 13:00:57.889995,Tokyo-6694,41,8,Normal
2026-02-08 13:00:58.889995,Tokyo-6694,22,63,Normal
2026-02-08 13:00:59.889995,Tokyo-6694,42,40,Normal
2026-02-08 13:01:00.889995,Tokyo-6694,-20,32,Normal
2026-02-08 13:01:01.889995,Tokyo-6694,7,7,Normal
2026-02-08 13:01:02.889995,Tokyo-6694,11,20,Normal
2026-02-08 13:01:03.889995,Tokyo-6694,2,77,Normal
2026-02-08 13:01:04.889995,Tokyo-6694,46,48,Normal
2026-02-08 13:01:05.889995,Tokyo-6694,41,97,Normal
2026-02-08 13:01:06.889995,Tokyo-6694,12,44,Normal
2026-02-08 13:01:07.889995,Tokyo-6694,-19,35,Normal
2026-02-08 13:01:08.889995,Tokyo-6694,39,33,Normal
2026-02-08 13:01:09.889995,Tokyo-6694,-7,38,Normal
2026-02-08 13:01:10.889995,Tokyo-6694,37,0,Normal
2026-02-08 13:01:11.889995,Tokyo-6694,-25,72,Normal
2026-02-08 13:01:12.889995,Tokyo-6694,30,2,Normal
2026-02-08 13:01:13.889995,Tokyo-6694,-9,53,Normal
2026-02-08 13:01:14.889995,Tokyo-6694,-30,13,Normal
2026-02-08 13:01:15.889995,Tokyo-6694,-8,78,Normal
2026-02-08 13:01:16.889995,Tokyo-6694,18,98,Normal
2026-02-08 13:01:17.889995,Tokyo-6694,-1,21,Normal
2026-02-08 13:01:18.889995,Tokyo-6694,19,61,Normal
2026-02-08 13:01:19.889995,Tokyo-6694,-1,79,Normal
2026-02-08 13:01:20.889995,Tokyo-6694,2,74,Normal
2026-02-08 13:01:21.889995,Tokyo-6694,-26,11,Normal
2026-02-08 13:01:22.889995,Tokyo-6694,17,82,Normal
2026-02-08 13:01:23.889995,Tokyo-6694,-2,79,Normal
2026-02-08 13:01:24.889995,Tokyo-6694,28,100,Normal
2026-02-08 13:01:25.889995,Tokyo-6694,45,0,Normal
2026-02-08 13:01:26.889995,Tokyo-6694,17,53,Normal
2026-02-08 13:01:27.889995,Tokyo-6694,-22,60,Normal
2026-02-08 13:01:28.889995,Tokyo-6694,33,27,Normal
2026-02-08 13:01:29.889995,Tokyo-6694,12,44,Normal
2026-02-08 13:01:30.889995,Tokyo-6694,46,24,Normal
2026-02-08 13:01:31.889995,Tokyo-6694,-26,88,Normal
2026-02-08 13:01:32.889995,Tokyo-6694,-6,96,Normal
2026-02-08 13:01:33.889995,Tokyo-6694,9,80,Normal
2026-02-08 13:01:34.889995,Tokyo-6694,31,56,Normal
2026-02-08 13:01:35.889995,Tokyo-6694,-9,52,Normal
2026-02-08 13:01:36.889995,Tokyo-6694,43,72,Normal
2026-02-08 13:01:37.889995,Tokyo-6694,1,99,Normal
2026-02-08 13:01:38.889995,Tokyo-6694,41,37,Normal
2026-02-08 13:01:39.889995,Tokyo-6694,20,99,Normal
2026-02-08 13:01:40.889995,Tokyo-6694,-11,7,Normal
2026-02-08 13:01:41.889995,Tokyo-6694,16,19,Normal
2026-02-08 13:01:42.889995,Tokyo-6694,-19,84,Normal
2026-02-08 13:01:43.889995,Tokyo-6694,27,25,Normal
2026-02-08 13:01:44.889995,Tokyo-6694,-15,84,Normal
2026-02-08 13:01:45.889995,Tokyo-6694,34,34,Normal
2026-02-08 13:01:46.889995,Tokyo-6694,-29,19,Normal
2026-02-08 13:01:47.889995,Tokyo-6694,-22,74,Normal
2026-02-08 13:01:48.889995,Tokyo-6694,16,29,Normal
2026-02-08 13:01:49.889995,Tokyo-6694,7,27,Normal
2026-02-08 13:01:50.889995,Tokyo-6694,38,53,Normal
2026-02-08 13:01:51.889995,Tokyo-6694,-20,65,Normal
2026-02-08 13:01:52.889995,Tokyo-6694,5,86,Normal
2026-02-08 13:01:53.889995,Tokyo-6694,-6,90,Normal
2026-02-08 13:01:54.889995,Tokyo-6694,8,53,Normal
2026-02-08 13:01:55.889995,Tokyo-6694,-17,19,Normal
2026-02-08 13:01:56.889995,Tokyo-6694,31,1,Normal
2026-02-08 13:01:57.889995,Tokyo-6694,31,62,Normal
2026-02-08 13:01:58.889995,Tokyo-6694,35,88,Normal
2026-02-08 13:01:59.889995,Tokyo-6694,45,56,Normal
2026-02-08 13:02:00.889995,Tokyo-6694,8,8,Normal
2026-02-08 13:02:01.889995,Tokyo-6694,-6,12,Normal
2026-02-08 13:02:02.889995,Tokyo-6694,-9,29,Normal
2026-02-08 13:02:03.889995,Tokyo-6694,45,4,Normal
2026-02-08 13:02:04.889995,Tokyo-6694,-20,71,Normal
2026-02-08 13:02:05.889995,Tokyo-6694,30,26,Normal
2026-02-08 13:02:06.889995,Tokyo-6694,8,8,Normal
2026-02-08 13:02:07.889995,Tokyo-6694,38,98,Normal
2026-02-08 13:02:08.889995,Tokyo-6694,-8,87,Normal
2026-02-08 13:02:09.889995,Tokyo-6694,45,51,Normal
2026-02-08 13:02:10.889995,Tokyo-6694,0,89,Normal
2026-02-08 13:02:11.889995,Tokyo-6694,46,34,Normal
2026-02-08 13:02:12.889995,Tokyo-6694,17,93,Normal
2026-02-08 13:02:13.889995,Tokyo-6694,27,53,Normal
2026-02-08 13:02:14.889995,Tokyo-6694,7,12,Normal
2026-02-08 13:02:15.889995,Tokyo-6694,16,71,Normal
2026-02-08 13:02:16.889995,Tokyo-6694,-20,3,Normal
2026-02-08 13:02:17.889995,Tokyo-6694,-5,12,Normal
2026-02-08 13:02:18.889995,Tokyo-6694,0,75,Normal
2026-02-08 13:02:19.889995,Tokyo-6694,-2,97,Normal
2026-02-08 13:02:20.889995,Tokyo-6694,-24,35,Normal
2026-02-08 13:02:21.889995,Tokyo-6694,36,32,Normal
2026-02-08 13:02:22.889995,Tokyo-6694,-28,24,Normal
2026-02-08 13:02:23.889995,Tokyo-6694,44,46,Normal
2026-02-08 13:02:24.889995,Tokyo-6694,42,1,Normal
2026-02-08 13:02:25.889995,Tokyo-6694,42,18,Normal
2026-02-08 13:02:26.889995,Tokyo-6694,9,9,Normal
2026-02-08 13:02:27.889995,Tokyo-6694,-20,74,Normal
2026-02-08 13:02:28.889995,Tokyo-6694,27,84,Normal
2026-02-08 13:02:29.889995,Tokyo-6694,2,96,Normal
2026-02-08 13:02:30.889995,Tokyo-6694,47,10,Normal
2026-02-08 13:02:31.889995,Tokyo-6694,-25,84,Normal
2026-02-08 13:02:32.889995,Tokyo-6694,-10,73,Normal
2026-02-08 13:02:33.889995,Tokyo-6694,13,34,Normal
2026-02-08 13:02:34.889995,Tokyo-6694,2,66,Normal
2026-02-08 13:02:35.889995,Tokyo-6694,18,83,Normal
2026-02-08 13:02:36.889995,Tokyo-6694,0,17,Normal
2026-02-08 13:02:37.889995,Tokyo-6694,33,17,Normal
2026-02-08 13:02:38.889995,Tokyo-6694,4,72,Normal
2026-02-08 13:02:39.889995,Tokyo-6694,7,55,Normal
2026-02-08 13:02:40.889995,Tokyo-6694,-3,96,Normal
2026-02-08 13:02:41.889995,Tokyo-6694,39,60,Normal
2026-02-08 13:02:42.889995,Tokyo-6694,-4,73,Normal
2026-02-08 13:02:43.889995,Tokyo-6694,20,89,Normal
2026-02-08 13:02:44.889995,Tokyo-6694,40,71,Normal
2026-02-08 13:02:45.889995,Tokyo-6694,0,73,Normal
2026-02-08 13:02:46.889995,Tokyo-6694,-24,68,Normal
2026-02-08 13:02:47.889995,Tokyo-6694,34,20,Normal
2026-02-08 13:02:48.889995,Tokyo-6694,-7,73,Normal
2026-02-08 13:02:49.889995,Tokyo-6694,15,59,Normal
2026-02-08 13:02:50.889995,Tokyo-6694,-5,98,Normal
2026-02-08 13:02:51.889995,Tokyo-6694,6,53,Normal
2026-02-08 13:02:52.889995,Tokyo-6694,17,89,Normal
2026-02-08 13:02:53.889995,Tokyo-6694,-24,64,Normal
2026-02-08 13:02:54.889995,Tokyo-6694,35,16,Normal
2026-02-08 13:02:55.889995,Tokyo-6694,50,16,Normal
2026-02-08 13:02:56.889995,Tokyo-6694,35,60,Normal
2026-02-08 13:02:57.889995,Tokyo-6694,5,84,Normal
2026-02-08 13:02:58.889995,Tokyo-6694,13,62,Normal
2026-02-08 13:02:59.889995,Tokyo-6694,25,35,Normal
2026-02-08 13:03:00.889995,Tokyo-6694,-26,83,Normal
2026-02-08 13:03:01.889995,Tokyo-6694,5,35,Normal
2026-02-08 13:03:02.889995,Tokyo-6694,49,15,Normal
2026-02-08 13:03:03.889995,Tokyo-6694,24,58,Normal
2026-02-08 13:03:04.889995,Tokyo-6694,-13,98,Normal
2026-02-08 13:03:05.889995,Tokyo-6694,-29,49,Normal
2026-02-08 13:03:06.889995,Tokyo-6694,-5,94,Normal
2026-02-08 13:03:07.889995,Tokyo-6694,16,71,Normal
2026-02-08 13:03:08.889995,Tokyo-6694,-22,61,Normal
2026-02-08 13:03:09.889995,Tokyo-6694,42,56,Normal
2026-02-08 13:03:10.889995,Tokyo-6694,47,90,Normal
2026-02-08 13:03:11.889995,Tokyo-6694,-30,93,Normal
2026-02-08 13:03:12.889995,Tokyo-6694,-19,24,Normal
2026-02-08 13:03:13.889995,Tokyo-6694,6,42,Normal
2026-02-08 13:03:14.889995,Tokyo-6694,5,13,Normal
2026-02-08 13:03:15.889995,Tokyo-6694,-6,79,Normal
2026-02-08 13:03:16.889995,Tokyo-6694,35,55,Normal
2026-02-08 13:03:17.889995,Tokyo-6694,11,67,Normal
2026-02-08 13:03:18.889995,Tokyo-6694,-6,94,Normal
2026-02-08 13:03:19.889995,Tokyo-6694,-15,24,Normal
2026-02-08 13:03:20.889995,Tokyo-6694,-28,65,Normal
2026-02-08 13:03:21.889995,Tokyo-6694,-1,91,Normal
2026-02-08 13:03:22.889995,Tokyo-6694,-22,98,Normal
2026-02-08 13:03:23.889995,Tokyo-6694,-14,70,Normal
2026-02-08 13:03:24.889995,Tokyo-6694,48,3,Normal
2026-02-08 13:03:25.889995,Tokyo-6694,6,70,Normal
2026-02-08 13:03:26.889995,Tokyo-6694,42,27,Normal
2026-02-08 13:03:27.889995,Tokyo-6694,-9,39,Normal
2026-02-08 13:03:28.889995,Tokyo-6694,8,48,Normal
2026-02-08 13:03:29.889995,Tokyo-6694,46,6,Normal
2026-02-08 13:03:30.889995,Tokyo-6694,-1,83,Normal
2026-02-08 13:03:31.889995,Tokyo-6694,40,74,Normal
2026-02-08 13:03:32.889995,Tokyo-6694,-2,68,Normal
2026-02-08 13:03:33.889995,Tokyo-6694,-26,67,Normal
2026-02-08 13:03:34.889995,Tokyo-6694,-22,28,Normal
2026-02-08 13:03:35.889995,Tokyo-6694,11,25,Normal
2026-02-08 13:03:36.889995,Tokyo-6694,9,23,Normal
2026-02-08 13:03:37.889995,Tokyo-6694,28,24,Normal
2026-02-08 13:03:38.889995,Tokyo-6694,-1,36,Normal
2026-02-08 13:03:39.889995,Tokyo-6694,1,53,Normal
2026-02-08 13:03:40.889995,Tokyo-6694,15,41,Normal
2026-02-08 13:03:41.889995,Tokyo-6694,5,100,Normal
2026-02-08 13:03:42.889995,Tokyo-6694,27,18,Normal
2026-02-08 13:03:43.889995,Tokyo-6694,37,96,Normal
2026-02-08 13:03:44.889995,Tokyo-6694,-20,18,Normal
2026-02-08 13:03:45.889995,Tokyo-6694,37,21,Normal
2026-02-08 13:03:46.889995,Tokyo-6694,19,67,Normal
2026-02-08 13:03:47.889995,Tokyo-6694,47,56,Normal
2026-02-08 13:03:48.889995,Tokyo-6694,1,33,Normal
2026-02-08 13:03:49.889995,Tokyo-6694,5,32,Normal
2026-02-08 13:03:50.889995,Tokyo-6694,5,57,Normal
2026-02-08 13:03:51.889995,Tokyo-6694,31,76,Normal
2026-02-08 13:03:52.889995,Tokyo-6694,-14,52,Normal
2026-02-08 13:03:53.889995,Tokyo-6694,32,60,Normal
2026-02-08 13:03:54.889995,Tokyo-6694,-3,78,Normal
2026-02-08 13:03:55.889995,Tokyo-6694,-22,99,Normal
2026-02-08 13:03:56.889995,Tokyo-6694,21,63,Normal
2026-02-08 13:03:57.889995,Tokyo-6694,3,70,Normal
2026-02-08 13:03:58.889995,Tokyo-6694,12,17,Normal
2026-02-08 13:03:59.889995,Tokyo-6694,-23,45,Normal
2026-02-08 13:04:00.889995,Tokyo-6694,32,2,Normal
2026-02-08 13:04:01.889995,Tokyo-6694,-23,12,Normal
2026-02-08 13:04:02.889995,Tokyo-6694,-11,73,Normal
2026-02-08 13:04:03.889995,Tokyo-6694,35,89,Normal
2026-02-08 13:04:04.889995,Tokyo-6694,36,23,Normal
2026-02-08 13:04:05.889995,Tokyo-6694,20,69,Normal
2026-02-08 13:04:06.889995,Tokyo-6694,-8,48,Normal
2026-02-08 13:04:07.889995,Tokyo-6694,3,82,Normal
2026-02-08 13:04:08.889995,Tokyo-6694,47,24,Normal
2026-02-08 13:04:09.889995,Tokyo-6694,-8,1,Normal
2026-02-08 13:04:10.889995,Tokyo-6694,40,27,Normal
2026-02-08 13:04:11.889995,Tokyo-6694,44,79,Normal
2026-02-08 13:04:12.889995,Tokyo-6694,31,94,Normal
2026-02-08 13:04:13.889995,Tokyo-6694,23,59,Normal
2026-02-08 13:04:14.889995,Tokyo-6694,-19,87,Normal
2026-02-08 13:04:15.889995,Tokyo-6694,-6,96,Normal
2026-02-08 13:04:16.889995,Tokyo-6694,-22,30,Normal
2026-02-08 13:04:17.889995,Tokyo-6694,42,1,Normal
2026-02-08 13:04:18.889995,Tokyo-6694,21,92,Normal
2026-02-08 13:04:19.889995,Tokyo-6694,-23,52,Normal
2026-02-08 13:04:20.889995,Tokyo-6694,-19,80,Normal
2026-02-08 13:04:21.889995,Tokyo-6694,24,14,Normal
2026-02-08 13:04:22.889995,Tokyo-6694,35,21,Normal
2026-02-08 13:04:23.889995,Tokyo-6694,21,47,Normal
2026-02-08 13:04:24.889995,Tokyo-6694,-12,10,Normal
2026-02-08 13:04:25.889995,Tokyo-6694,-29,89,Normal
2026-02-08 13:04:26.889995,Tokyo-6694,-23,96,Normal
2026-02-08 13:04:27.889995,Tokyo-6694,28,17,Normal
2026-02-08 13:04:28.889995,Tokyo-6694,46,98,Normal
2026-02-08 13:04:29.889995,Tokyo-6694,46,29,Normal
2026-02-08 13:04:30.889995,Tokyo-6694,20,24,Normal
2026-02-08 13:04:31.889995,Tokyo-6694,-17,71,Normal
2026-02-08 13:04:32.889995,Tokyo-6694,37,42,Normal
2026-02-08 13:04:33.889995,Tokyo-6694,-24,69,Normal
2026-02-08 13:04:34.889995,Tokyo-6694,41,61,Normal
2026-02-08 13:04:35.889995,Tokyo-6694,30,9,Normal
2026-02-08 13:04:36.889995,Tokyo-6694,6,11,Normal
2026-02-08 13:04:37.889995,Tokyo-6694,-29,0,Normal
2026-02-08 13:04:38.889995,Tokyo-6694,23,77,Normal
2026-02-08 13:04:39.889995,Tokyo-6694,35,95,Normal
2026-02-08 13:04:40.889995,Tokyo-6694,-27,0,Normal
2026-02-08 13:04:41.889995,Tokyo-6694,28,34,Normal
2026-02-08 13:04:42.889995,Tokyo-6694,25,78,Normal
2026-02-08 13:04:43.889995,Tokyo-6694,7,20,Normal
2026-02-08 13:04:44.889995,Tokyo-6694,16,28,Normal
2026-02-08 13:04:45.889995,Tokyo-6694,15,35,Normal
2026-02-08 13:04:46.889995,Tokyo-6694,1,32,Normal
2026-02-08 13:04:47.889995,Tokyo-6694,34,48,Normal
2026-02-08 13:04:48.889995,Tokyo-6694,31,87,Normal
2026-02-08 13:04:49.889995,Tokyo-6694,43,45,Normal
2026-02-08 13:04:50.889995,Tokyo-6694,-25,26,Normal
2026-02-08 13:04:51.889995,Tokyo-6694,-6,54,Normal
2026-02-08 13:04:52.889995,Tokyo-6694,27,24,Normal
2026-02-08 13:04:53.889995,Tokyo-6694,21,47,Normal
2026-02-08 13:04:54.889995,Tokyo-6694,25,39,Normal
2026-02-08 13:04:55.889995,Tokyo-6694,21,98,Normal
2026-02-08 13:04:56.889995,Tokyo-6694,-18,99,Normal
2026-02-08 13:04:57.889995,Tokyo-6694,-21,22,Normal
2026-02-08 13:04:58.889995,Tokyo-6694,35,98,Normal
2026-02-08 13:04:59.889995,Tokyo-6694,28,6,Normal
2026-02-08 13:05:00.889995,Tokyo-6694,-21,79,Normal
2026-02-08 13:05:01.889995,Tokyo-6694,15,87,Normal
2026-02-08 13:05:02.889995,Tokyo-6694,41,30,Normal
2026-02-08 13:05:03.889995,Tokyo-6694,12,25,Normal
2026-02-08 13:05:04.889995,Tokyo-6694,25,58,Normal
2026-02-08 13:05:05.889995,Tokyo-6694,-21,58,Normal
2026-02-08 13:05:06.889995,Tokyo-6694,2,14,Normal
2026-02-08 13:05:07.889995,Tokyo-6694,43,73,Normal
2026-02-08 13:05:08.889995,Tokyo-6694,43,80,Normal
2026-02-08 13:05:09.889995,Tokyo-6694,50,18,Normal
2026-02-08 13:05:10.889995,Tokyo-6694,45,7,Normal
