timestamp,station_id,temp,humid,condition
2026-02-14 06:57:56.145668,London-03e5,16,28,Normal
2026-02-14 06:57:57.145668,London-03e5,6,93,Normal
2026-02-14 06:57:58.145668,London-03e5,28,27,Normal
2026-02-14 06:57:59.145668,London-03e5,36,87,Normal
2026-02-14 06:58:00.145668,London-03e5,43,4,Normal
2026-02-14 06:58:01.145668,London-03e5,32,81,Normal
2026-02-14 06:58:02.145668,London-03e5,48,58,Normal
2026-02-14 06:58:03.145668,London-03e5,32,54,Normal
2026-02-14 06:58:04.145668,London-03e5,-6,29,Normal
2026-02-14 06:58:05.145668,London-03e5,17,22,Normal
2026-02-14 06:58:06.145668,London-03e5,24,79,Normal
2026-02-14 06:58:07.145668,London-03e5,10,14,Normal
2026-02-14 06:58:08.145668,London-03e5,36,19,Normal
2026-02-14 06:58:09.145668,London-03e5,16,38,Normal
2026-02-14 06:58:10.145668,London-03e5,-3,73,Normal
2026-02-14 06:58:11.145668,London-03e5,37,93,Normal
2026-02-14 06:58:12.145668,London-03e5,25,23,Normal
2026-02-14 06:58:13.145668,London-03e5,-4,29,Normal
2026-02-14 06:58:14.145668,London-03e5,24,49,Normal
2026-02-14 06:58:15.145668,London-03e5,40,82,Normal
2026-02-14 06:58:16.145668,London-03e5,47,71,Normal
2026-02-14 06:58:17.145668,London-03e5,42,39,Normal
2026-02-14 06:58:18.145668,London-03e5,29,66,Normal
2026-02-14 06:58:19.145668,London-03e5,-10,38,Normal
2026-02-14 06:58:20.145668,London-03e5,31,42,Normal
2026-02-14 06:58:21.145668,London-03e5,9,84,Normal
2026-02-14 06:58:22.145668,London-03e5,29,71,Normal
2026-02-14 06:58:23.145668,London-03e5,43,45,Normal
2026-02-14 06:58:24.145668,London-03e5,28,26,Normal
2026-02-14 06:58:25.145668,London-03e5,9,73,Normal
2026-02-14 06:58:26.145668,London-03e5,24,88,Normal
2026-02-14 06:58:27.145668,London-03e5,25,97,Normal
2026-02-14 06:58:28.145668,London-03e5,-9,60,Normal
2026-02-14 06:58:29.145668,London-03e5,33,1,Normal
2026-02-14 06:58:30.145668,London-03e5,-4,35,Normal
2026-02-14 06:58:31.145668,London-03e5,-20,33,Normal
2026-02-14 06:58:32.145668,London-03e5,6,57,Normal
2026-02-14 06:58:33.145668,London-03e5,-30,97,Normal
2026-02-14 06:58:34.145668,London-03e5,-19,23,Normal
2026-02-14 06:58:35.145668,London-03e5,-30,28,Normal
2026-02-14 06:58:36.145668,London-03e5,43,24,Normal
2026-02-14 06:58:37.145668,London-03e5,-27,59,Normal
2026-02-14 06:58:38.145668,London-03e5,47,72,Normal
2026-02-14 06:58:39.145668,London-03e5,28,61,Normal
2026-02-14 06:58:40.145668,London-03e5,14,22,Normal
2026-02-14 06:58:41.145668,London-03e5,-15,60,Normal
2026-02-14 06:58:42.145668,London-03e5,33,13,Normal
2026-02-14 06:58:43.145668,London-03e5,-18,58,Normal
2026-02-14 06:58:44.145668,London-03e5,43,94,Normal
2026-02-14 06:58:45.145668,London-03e5,-20,53,Normal
2026-02-14 06:58:46.145668,London-03e5,5,56,Normal
2026-02-14 06:58:47.145668,London-03e5,48,22,Normal
2026-02-14 06:58:48.145668,London-03e5,47,64,Normal
2026-02-14 06:58:49.145668,London-03e5,-17,80,Normal
2026-02-14 06:58:50.145668,London-03e5,-19,31,Normal
2026-02-14 06:58:51.145668,London-03e5,15,85,Normal
2026-02-14 06:58:52.145668,London-03e5,-5,60,Normal
2026-02-14 06:58:53.145668,London-03e5,-4,18,Normal
2026-02-14 06:58:54.145668,London-03e5,9,79,Normal
2026-02-14 06:58:55.145668,London-03e5,-25,20,Normal
2026-02-14 06:58:56.145668,London-03e5,26,99,Normal
2026-02-14 06:58:57.145668,London-03e5,39,6,Normal
2026-02-14 06:58:58.145668,London-03e5,-28,4,Normal
2026-02-14 06:58:59.145668,London-03e5,-14,89,Normal
2026-02-14 06:59:00.145668,London-03e5,2,75,Normal
2026-02-14 06:59:01.145668,London-03e5,40,8,Normal
2026-02-14 06:59:02.145668,London-03e5,-4,77,Normal
2026-02-14 06:59:03.145668,London-03e5,-29,43,Normal
2026-02-14 06:59:04.145668,London-03e5,49,75,Normal
2026-02-14 06:59:05.145668,London-03e5,-21,35,Normal
2026-02-14 06:59:06.145668,London-03e5,48,16,Normal
2026-02-14 06:59:07.145668,London-03e5,27,71,Normal
2026-02-14 06:59:08.145668,London-03e5,38,96,Normal
2026-02-14 06:59:09.145668,London-03e5,19,58,Normal
2026-02-14 06:59:10.145668,London-03e5,5,1,Normal
2026-02-14 06:59:11.145668,London-03e5,7,8,Normal
2026-02-14 06:59:12.145668,London-03e5,-26,61,Normal
2026-02-14 06:59:13.145668,London-03e5,14,14,Normal
2026-02-14 06:59:14.145668,London-03e5,6,48,Normal
2026-02-14 06:59:15.145668,London-03e5,0,97,Normal
2026-02-14 06:59:16.145668,London-03e5,5,76,Normal
2026-02-14 06:59:17.145668,London-03e5,27,11,Normal
2026-02-14 06:59:18.145668,London-03e5,-21,58,Normal
2026-02-14 06:59:19.145668,London-03e5,48,85,Normal
2026-02-14 06:59:20.145668,London-03e5,-15,24,Normal
2026-02-14 06:59:21.145668,London-03e5,31,51,Normal
2026-02-14 06:59:22.145668,London-03e5,-4,51,Normal
2026-02-14 06:59:23.145668,London-03e5,42,50,Normal
2026-02-14 06:59:24.145668,London-03e5,37,80,Normal
2026-02-14 06:59:25.145668,London-03e5,24,37,Normal
2026-02-14 06:59:26.145668,London-03e5,21,1,Normal
2026-02-14 06:59:27.145668,London-03e5,3,53,Normal
2026-02-14 06:59:28.145668,London-03e5,-21,6,Normal
2026-02-14 06:59:29.145668,London-03e5,46,10,Normal
2026-02-14 06:59:30.145668,London-03e5,44,34,Normal
2026-02-14 06:59:31.145668,London-03e5,7,46,Normal
2026-02-14 06:59:32.145668,London-03e5,36,85,Normal
2026-02-14 06:59:33.145668,London-03e5,-2,100,Normal
2026-02-14 06:59:34.145668,London-03e5,49,66,Normal
2026-02-14 06:59:35.145668,London-03e5,-13,86,Normal
2026-02-14 06:59:36.145668,London-03e5,27,85,Normal
2026-02-14 06:59:37.145668,London-03e5,29,99,Normal
2026-02-14 06:59:38.145668,London-03e5,5,34,Normal
2026-02-14 06:59:39.145668,London-03e5,31,77,Normal
2026-02-14 06:59:40.145668,London-03e5,35,74,Normal
2026-02-14 06:59:41.145668,London-03e5,35,95,Normal
2026-02-14 06:59:42.145668,London-03e5,-15,24,Normal
2026-02-14 06:59:43.145668,London-03e5,-13,54,Normal
2026-02-14 06:59:44.145668,London-03e5,31,81,Normal
2026-02-14 06:59:45.145668,London-03e5,41,93,Normal
2026-02-14 06:59:46.145668,London-03e5,18,100,Normal
2026-02-14 06:59:47.145668,London-03e5,-27,86,Normal
2026-02-14 06:59:48.145668,London-03e5,10,84,Normal
2026-02-14 06:59:49.145668,London-03e5,2,60,Normal
2026-02-14 06:59:50.145668,London-03e5,10,96,Normal
2026-02-14 06:59:51.145668,London-03e5,12,26,Normal
2026-02-14 06:59:52.145668,London-03e5,19,86,Normal
2026-02-14 06:59:53.145668,London-03e5,7,84,Normal
2026-02-14 06:59:54.145668,London-03e5,-13,63,Normal
2026-02-14 06:59:55.145668,London-03e5,-29,63,Normal
2026-02-14 06:59:56.145668,London-03e5,0,83,Normal
2026-02-14 06:59:57.145668,London-03e5,-27,92,Normal
2026-02-14 06:59:58.145668,London-03e5,42,3,Normal
2026-02-14 06:59:59.145668,London-03e5,25,16,Normal
2026-02-14 07:00:00.145668,London-03e5,50,72,Normal
2026-02-14 07:00:01.145668,London-03e5,-11,18,Normal
2026-02-14 07:00:02.145668,London-03e5,44,100,Normal
2026-02-14 07:00:03.145668,London-03e5,-3,52,Normal
2026-02-14 07:00:04.145668,London-03e5,0,50,Normal
2026-02-14 07:00:05.145668,London-03e5,11,33,Normal
2026-02-14 07:00:06.145668,London-03e5,-24,50,Normal
2026-02-14 07:00:07.145668,London-03e5,33,11,Normal
2026-02-14 07:00:08.145668,London-03e5,49,26,Normal
2026-02-14 07:00:09.145668,London-03e5,-27,14,Normal
2026-02-14 07:00:10.145668,London-03e5,-21,90,Normal
2026-02-14 07:00:11.145668,London-03e5,-13,34,Normal
2026-02-14 07:00:12.145668,London-03e5,43,24,Normal
2026-02-14 07:00:13.145668,London-03e5,49,62,Normal
2026-02-14 07:00:14.145668,London-03e5,32,96,Normal
2026-02-14 07:00:15.145668,London-03e5,-20,61,Normal
2026-02-14 07:00:16.145668,London-03e5,23,8,Normal
2026-02-14 07:00:17.145668,London-03e5,-14,84,Normal
2026-02-14 07:00:18.145668,London-03e5,33,91,Normal
2026-02-14 07:00:19.145668,London-03e5,46,85,Normal
2026-02-14 07:00:20.145668,London-03e5,11,2,Normal
2026-02-14 07:00:21.145668,London-03e5,-6,42,Normal
2026-02-14 07:00:22.145668,London-03e5,16,33,Normal
2026-02-14 07:00:23.145668,London-03e5,16,24,Normal
2026-02-14 07:00:24.145668,London-03e5,18,78,Normal
2026-02-14 07:00:25.145668,London-03e5,49,47,Normal
2026-02-14 07:00:26.145668,London-03e5,-9,11,Normal
2026-02-14 07:00:27.145668,London-03e5,-22,62,Normal
2026-02-14 07:00:28.145668,London-03e5,-17,34,Normal
2026-02-14 07:00:29.145668,London-03e5,2,55,Normal
2026-02-14 07:00:30.145668,London-03e5,22,97,Normal
2026-02-14 07:00:31.145668,London-03e5,-15,32,Normal
2026-02-14 07:00:32.145668,London-03e5,29,2,Normal
2026-02-14 07:00:33.145668,London-03e5,26,58,Normal
2026-02-14 07:00:34.145668,London-03e5,26,42,Normal
2026-02-14 07:00:35.145668,London-03e5,-29,20,Normal
2026-02-14 07:00:36.145668,London-03e5,-22,20,Normal
2026-02-14 07:00:37.145668,London-03e5,42,32,Normal
2026-02-14 07:00:38.145668,London-03e5,-6,4,Normal
2026-02-14 07:00:39.145668,London-03e5,35,51,Normal
2026-02-14 07:00:40.145668,London-03e5,-19,35,Normal
2026-02-14 07:00:41.145668,London-03e5,3,94,Normal
2026-02-14 07:00:42.145668,London-03e5,13,2,Normal
2026-02-14 07:00:43.145668,London-03e5,34,42,Normal
2026-02-14 07:00:44.145668,London-03e5,26,96,Normal
2026-02-14 07:00:45.145668,London-03e5,23,18,Normal
2026-02-14 07:00:46.145668,London-03e5,35,12,Normal
2026-02-14 07:00:47.145668,London-03e5,41,9,Normal
2026-02-14 07:00:48.145668,London-03e5,28,63,Normal
2026-02-14 07:00:49.145668,London-03e5,-28,3,Normal
2026-02-14 07:00:50.145668,London-03e5,4,40,Normal
2026-02-14 07:00:51.145668,London-03e5,25,33,Normal
2026-02-14 07:00:52.145668,London-03e5,16,51,Normal
2026-02-14 07:00:53.145668,London-03e5,-19,93,Normal
2026-02-14 07:00:54.145668,London-03e5,3,75,Normal
2026-02-14 07:00:55.145668,London-03e5,33,19,Normal
2026-02-14 07:00:56.145668,London-03e5,-13,28,Normal
2026-02-14 07:00:57.145668,London-03e5,42,1,Normal
2026-02-14 07:00:58.145668,London-03e5,30,64,Normal
2026-02-14 07:00:59.145668,London-03e5,28,56,Normal
2026-02-14 07:01:00.145668,London-03e5,-4,78,Normal
2026-02-14 07:01:01.145668,London-03e5,12,63,Normal
2026-02-14 07:01:02.145668,London-03e5,29,16,Normal
2026-02-14 07:01:03.145668,London-03e5,-15,57,Normal
2026-02-14 07:01:04.145668,London-03e5,-3,78,Normal
2026-02-14 07:01:05.145668,London-03e5,-18,92,Normal
2026-02-14 07:01:06.145668,London-03e5,22,96,Normal
2026-02-14 07:01:07.145668,London-03e5,5,8,Normal
2026-02-14 07:01:08.145668,London-03e5,32,57,Normal
2026-02-14 07:01:09.145668,London-03e5,33,27,Normal
2026-02-14 07:01:10.145668,London-03e5,7,24,Normal
2026-02-14 07:01:11.145668,London-03e5,-19,27,Normal
2026-02-14 07:01:12.145668,London-03e5,3,10,Normal
2026-02-14 07:01:13.145668,London-03e5,28,35,Normal
2026-02-14 07:01:14.145668,London-03e5,-13,96,Normal
2026-02-14 07:01:15.145668,London-03e5,20,41,Normal
2026-02-14 07:01:16.145668,London-03e5,30,24,Normal
2026-02-14 07:01:17.145668,London-03e5,-1,99,Normal
2026-02-14 07:01:18.145668,London-03e5,27,93,Normal
2026-02-14 07:01:19.145668,London-03e5,14,79,Normal
2026-02-14 07:01:20.145668,London-03e5,2,75,Normal
2026-02-14 07:01:21.145668,London-03e5,-3,30,Normal
2026-02-14 07:01:22.145668,London-03e5,49,55,Normal
2026-02-14 07:01:23.145668,London-03e5,-10,54,Normal
2026-02-14 07:01:24.145668,London-03e5,-3,14,Normal
2026-02-14 07:01:25.145668,London-03e5,17,88,Normal
2026-02-14 07:01:26.145668,London-03e5,21,26,Normal
2026-02-14 07:01:27.145668,London-03e5,-11,79,Normal
2026-02-14 07:01:28.145668,London-03e5,-20,72,Normal
2026-02-14 07:01:29.145668,London-03e5,49,71,Normal
2026-02-14 07:01:30.145668,London-03e5,-7,44,Normal
2026-02-14 07:01:31.145668,London-03e5,31,89,Normal
2026-02-14 07:01:32.145668,London-03e5,8,27,Normal
2026-02-14 07:01:33.145668,London-03e5,-28,18,Normal
2026-02-14 07:01:34.145668,London-03e5,-22,85,Normal
2026-02-14 07:01:35.145668,London-03e5,49,63,Normal
2026-02-14 07:01:36.145668,London-03e5,28,61,Normal
2026-02-14 07:01:37.145668,London-03e5,19,71,Normal
2026-02-14 07:01:38.145668,London-03e5,-15,87,Normal
2026-02-14 07:01:39.145668,London-03e5,43,4,Normal
2026-02-14 07:01:40.145668,London-03e5,16,55,Normal
2026-02-14 07:01:41.145668,London-03e5,35,92,Normal
2026-02-14 07:01:42.145668,London-03e5,13,14,Normal
2026-02-14 07:01:43.145668,London-03e5,-20,71,Normal
2026-02-14 07:01:44.145668,London-03e5,2,44,Normal
2026-02-14 07:01:45.145668,London-03e5,13,17,Normal
2026-02-14 07:01:46.145668,London-03e5,45,20,Normal
2026-02-14 07:01:47.145668,London-03e5,38,49,Normal
2026-02-14 07:01:48.145668,London-03e5,-6,93,Normal
2026-02-14 07:01:49.145668,London-03e5,49,51,Normal
2026-02-14 07:01:50.145668,London-03e5,-16,63,Normal
2026-02-14 07:01:51.145668,London-03e5,-3,28,Normal
2026-02-14 07:01:52.145668,London-03e5,-3,29,Normal
2026-02-14 07:01:53.145668,London-03e5,33,90,Normal
2026-02-14 07:01:54.145668,London-03e5,-2,95,Normal
2026-02-14 07:01:55.145668,London-03e5,23,55,Normal
2026-02-14 07:01:56.145668,London-03e5,-2,90,Normal
2026-02-14 07:01:57.145668,London-03e5,23,62,Normal
2026-02-14 07:01:58.145668,London-03e5,7,65,Normal
2026-02-14 07:01:59.145668,London-03e5,28,73,Normal
2026-02-14 07:02:00.145668,London-03e5,-2,96,Normal
2026-02-14 07:02:01.145668,London-03e5,33,7,Normal
2026-02-14 07:02:02.145668,London-03e5,-2,50,Normal
2026-02-14 07:02:03.145668,London-03e5,-29,32,Normal
2026-02-14 07:02:04.145668,London-03e5,31,10,Normal
2026-02-14 07:02:05.145668,London-03e5,-22,88,Normal
2026-02-14 07:02:06.145668,London-03e5,42,69,Normal
2026-02-14 07:02:07.145668,London-03e5,-24,1,Normal
2026-02-14 07:02:08.145668,London-03e5,-9,60,Normal
2026-02-14 07:02:09.145668,London-03e5,36,35,Normal
2026-02-14 07:02:10.145668,London-03e5,8,6,Normal
2026-02-14 07:02:11.145668,London-03e5,-10,79,Normal
2026-02-14 07:02:12.145668,London-03e5,-3,55,Normal
2026-02-14 07:02:13.145668,London-03e5,-10,14,Normal
2026-02-14 07:02:14.145668,London-03e5,48,92,Normal
2026-02-14 07:02:15.145668,London-03e5,-4,14,Normal
2026-02-14 07:02:16.145668,London-03e5,-4,60,Normal
2026-02-14 07:02:17.145668,London-03e5,37,77,Normal
2026-02-14 07:02:18.145668,London-03e5,9,23,Normal
2026-02-14 07:02:19.145668,London-03e5,32,57,Normal
2026-02-14 07:02:20.145668,London-03e5,-24,58,Normal
2026-02-14 07:02:21.145668,London-03e5,-25,100,Normal
2026-02-14 07:02:22.145668,London-03e5,-17,88,Normal
2026-02-14 07:02:23.145668,London-03e5,1,17,Normal
2026-02-14 07:02:24.145668,London-03e5,8,75,Normal
2026-02-14 07:02:25.145668,London-03e5,-8,7,Normal
2026-02-14 07:02:26.145668,London-03e5,13,56,Normal
2026-02-14 07:02:27.145668,London-03e5,26,54,Normal
2026-02-14 07:02:28.145668,London-03e5,-6,19,Normal
2026-02-14 07:02:29.145668,London-03e5,27,10,Normal
2026-02-14 07:02:30.145668,London-03e5,-13,20,Normal
2026-02-14 07:02:31.145668,London-03e5,48,25,Normal
2026-02-14 07:02:32.145668,London-03e5,-13,3,Normal
2026-02-14 07:02:33.145668,London-03e5,46,68,Normal
2026-02-14 07:02:34.145668,London-03e5,30,11,Normal
2026-02-14 07:02:35.145668,London-03e5,21,53,Normal
2026-02-14 07:02:36.145668,London-03e5,15,86,Normal
2026-02-14 07:02:37.145668,London-03e5,40,39,Normal
2026-02-14 07:02:38.145668,London-03e5,-17,61,Normal
2026-02-14 07:02:39.145668,London-03e5,-4,76,Normal
2026-02-14 07:02:40.145668,London-03e5,41,16,Normal
2026-02-14 07:02:41.145668,London-03e5,17,77,Normal
2026-02-14 07:02:42.145668,London-03e5,-20,55,Normal
2026-02-14 07:02:43.145668,London-03e5,35,68,Normal
2026-02-14 07:02:44.145668,London-03e5,49,5,Normal
2026-02-14 07:02:45.145668,London-03e5,3,96,Normal
2026-02-14 07:02:46.145668,London-03e5,-22,54,Normal
2026-02-14 07:02:47.145668,London-03e5,11,69,Normal
2026-02-14 07:02:48.145668,London-03e5,-17,62,Normal
2026-02-14 07:02:49.145668,London-03e5,15,86,Normal
2026-02-14 07:02:50.145668,London-03e5,15,26,Normal
2026-02-14 07:02:51.145668,London-03e5,-26,71,Normal
2026-02-14 07:02:52.145668,London-03e5,16,71,Normal
2026-02-14 07:02:53.145668,London-03e5,-12,54,Normal
2026-02-14 07:02:54.145668,London-03e5,38,22,Normal
2026-02-14 07:02:55.145668,London-03e5,29,21,Normal
2026-02-14 07:02:56.145668,London-03e5,27,84,Normal
2026-02-14 07:02:57.145668,London-03e5,27,37,Normal
2026-02-14 07:02:58.145668,London-03e5,-21,73,Normal
2026-02-14 07:02:59.145668,London-03e5,-22,82,Normal
2026-02-14 07:03:00.145668,London-03e5,5,77,Normal
2026-02-14 07:03:01.145668,London-03e5,20,7,Normal
2026-02-14 07:03:02.145668,London-03e5,-3,13,Normal
2026-02-14 07:03:03.145668,London-03e5,-22,88,Normal
2026-02-14 07:03:04.145668,London-03e5,-2,60,Normal
2026-02-14 07:03:05.145668,London-03e5,-20,51,Normal
2026-02-14 07:03:06.145668,London-03e5,-24,54,Normal
2026-02-14 07:03:07.145668,London-03e5,2,48,Normal
2026-02-14 07:03:08.145668,London-03e5,41,28,Normal
2026-02-14 07:03:09.145668,London-03e5,39,69,Normal
2026-02-14 07:03:10.145668,London-03e5,34,37,Normal
2026-02-14 07:03:11.145668,London-03e5,31,68,Normal
2026-02-14 07:03:12.145668,London-03e5,49,91,Normal
2026-02-14 07:03:13.145668,London-03e5,-24,46,Normal
2026-02-14 07:03:14.145668,London-03e5,30,39,Normal
2026-02-14 07:03:15.145668,London-03e5,10,20,Normal
2026-02-14 07:03:16.145668,London-03e5,12,49,Normal
2026-02-14 07:03:17.145668,London-03e5,-2,19,Normal
2026-02-14 07:03:18.145668,London-03e5,34,53,Normal
2026-02-14 07:03:19.145668,London-03e5,45,48,Normal
2026-02-14 07:03:20.145668,London-03e5,-22,22,Normal
2026-02-14 07:03:21.145668,London-03e5,27,68,Normal
2026-02-14 07:03:22.145668,London-03e5,10,70,Normal
2026-02-14 07:03:23.145668,London-03e5,42,86,Normal
2026-02-14 07:03:24.145668,London-03e5,-25,69,Normal
2026-02-14 07:03:25.145668,London-03e5,-20,46,Normal
2026-02-14 07:03:26.145668,London-03e5,44,48,Normal
2026-02-14 07:03:27.145668,London-03e5,35,3,Normal
2026-02-14 07:03:28.145668,London-03e5,5,41,Normal
2026-02-14 07:03:29.145668,London-03e5,-20,5,Normal
2026-02-14 07:03:30.145668,London-03e5,-29,77,Normal
2026-02-14 07:03:31.145668,London-03e5,11,39,Normal
2026-02-14 07:03:32.145668,London-03e5,-19,73,Normal
2026-02-14 07:03:33.145668,London-03e5,38,21,Normal
2026-02-14 07:03:34.145668,London-03e5,38,15,Normal
2026-02-14 07:03:35.145668,London-03e5,27,42,Normal
2026-02-14 07:03:36.145668,London-03e5,5,17,Normal
2026-02-14 07:03:37.145668,London-03e5,48,47,Normal
2026-02-14 07:03:38.145668,London-03e5,-24,78,Normal
2026-02-14 07:03:39.145668,London-03e5,-4,7,Normal
2026-02-14 07:03:40.145668,London-03e5,9,76,Normal
2026-02-14 07:03:41.145668,London-03e5,-15,38,Normal
2026-02-14 07:03:42.145668,London-03e5,25,50,Normal
2026-02-14 07:03:43.145668,London-03e5,-8,45,Normal
2026-02-14 07:03:44.145668,London-03e5,-9,80,Normal
2026-02-14 07:03:45.145668,London-03e5,-30,48,Normal
2026-02-14 07:03:46.145668,London-03e5,14,4,Normal
2026-02-14 07:03:47.145668,London-03e5,40,7,Normal
2026-02-14 07:03:48.145668,London-03e5,-21,5,Normal
2026-02-14 07:03:49.145668,London-03e5,30,4,Normal
2026-02-14 07:03:50.145668,London-03e5,20,16,Normal
2026-02-14 07:03:51.145668,London-03e5,-9,3,Normal
2026-02-14 07:03:52.145668,London-03e5,-12,34,Normal
2026-02-14 07:03:53.145668,London-03e5,19,77,Normal
2026-02-14 07:03:54.145668,London-03e5,15,83,Normal
2026-02-14 07:03:55.145668,London-03e5,16,13,Normal
2026-02-14 07:03:56.145668,London-03e5,-2,4,Normal
2026-02-14 07:03:57.145668,London-03e5,-6,95,Normal
2026-02-14 07:03:58.145668,London-03e5,-8,78,Normal
2026-02-14 07:03:59.145668,London-03e5,9,43,Normal
2026-02-14 07:04:00.145668,London-03e5,-4,18,Normal
2026-02-14 07:04:01.145668,London-03e5,3,89,Normal
2026-02-14 07:04:02.145668,London-03e5,3,76,Normal
2026-02-14 07:04:03.145668,London-03e5,43,2,Normal
2026-02-14 07:04:04.145668,London-03e5,-27,31,Normal
2026-02-14 07:04:05.145668,London-03e5,39,78,Normal
2026-02-14 07:04:06.145668,London-03e5,34,68,Normal
2026-02-14 07:04:07.145668,London-03e5,-21,74,Normal
2026-02-14 07:04:08.145668,London-03e5,-17,99,Normal
2026-02-14 07:04:09.145668,London-03e5,9,20,Normal
2026-02-14 07:04:10.145668,London-03e5,-25,77,Normal
2026-02-14 07:04:11.145668,London-03e5,2,53,Normal
2026-02-14 07:04:12.145668,London-03e5,-3,88,Normal
2026-02-14 07:04:13.145668,London-03e5,21,17,Normal
2026-02-14 07:04:14.145668,London-03e5,21,53,Normal
2026-02-14 07:04:15.145668,London-03e5,-12,42,Normal
2026-02-14 07:04:16.145668,London-03e5,45,13,Normal
2026-02-14 07:04:17.145668,London-03e5,2,75,Normal
2026-02-14 07:04:18.145668,London-03e5,-18,65,Normal
2026-02-14 07:04:19.145668,London-03e5,-10,14,Normal
2026-02-14 07:04:20.145668,London-03e5,7,65,Normal
2026-02-14 07:04:21.145668,London-03e5,37,93,Normal
2026-02-14 07:04:22.145668,London-03e5,-28,23,Normal
2026-02-14 07:04:23.145668,London-03e5,-17,35,Normal
2026-02-14 07:04:24.145668,London-03e5,46,51,Normal
2026-02-14 07:04:25.145668,London-03e5,28,84,Normal
2026-02-14 07:04:26.145668,London-03e5,-17,39,Normal
2026-02-14 07:04:27.145668,London-03e5,40,14,Normal
2026-02-14 07:04:28.145668,London-03e5,-9,51,Normal
2026-02-14 07:04:29.145668,London-03e5,28,87,Normal
2026-02-14 07:04:30.145668,London-03e5,5,27,Normal
2026-02-14 07:04:31.145668,London-03e5,-30,59,Normal
2026-02-14 07:04:32.145668,London-03e5,27,86,Normal
2026-02-14 07:04:33.145668,London-03e5,-29,68,Normal
2026-02-14 07:04:34.145668,London-03e5,-10,47,Normal
2026-02-14 07:04:35.145668,London-03e5,3,67,Normal
2026-02-14 07:04:36.145668,London-03e5,14,94,Normal
2026-02-14 07:04:37.145668,London-03e5,-25,60,Normal
2026-02-14 07:04:38.145668,London-03e5,44,86,Normal
2026-02-14 07:04:39.145668,London-03e5,0,80,Normal
2026-02-14 07:04:40.145668,London-03e5,-8,5,Normal
2026-02-14 07:04:41.145668,London-03e5,-14,57,Normal
2026-02-14 07:04:42.145668,London-03e5,36,42,Normal
2026-02-14 07:04:43.145668,London-03e5,-8,73,Normal
2026-02-14 07:04:44.145668,London-03e5,-28,24,Normal
2026-02-14 07:04:45.145668,London-03e5,6,31,Normal
2026-02-14 07:04:46.145668,London-03e5,14,53,Normal
2026-02-14 07:04:47.145668,London-03e5,12,54,Normal
2026-02-14 07:04:48.145668,London-03e5,-8,14,Normal
2026-02-14 07:04:49.145668,London-03e5,-22,52,Normal
2026-02-14 07:04:50.145668,London-03e5,37,100,Normal
2026-02-14 07:04:51.145668,London-03e5,13,55,Normal
2026-02-14 07:04:52.145668,London-03e5,-18,62,Normal
2026-02-14 07:04:53.145668,London-03e5,-22,66,Normal
2026-02-14 07:04:54.145668,London-03e5,1,40,Normal
2026-02-14 07:04:55.145668,London-03e5,-30,10,Normal
2026-02-14 07:04:56.145668,London-03e5,-15,78,Normal
2026-02-14 07:04:57.145668,London-03e5,11,1,Normal
2026-02-14 07:04:58.145668,London-03e5,13,7,Normal
2026-02-14 07:04:59.145668,London-03e5,35,50,Normal
2026-02-14 07:05:00.145668,London-03e5,-5,22,Normal
2026-02-14 07:05:01.145668,London-03e5,-13,41,Normal
2026-02-14 07:05:02.145668,London-03e5,32,58,Normal
2026-02-14 07:05:03.145668,London-03e5,13,14,Normal
2026-02-14 07:05:04.145668,London-03e5,29,4,Normal
2026-02-14 07:05:05.145668,London-03e5,-26,2,Normal
2026-02-14 07:05:06.145668,London-03e5,21,88,Normal
2026-02-14 07:05:07.145668,London-03e5,16,82,Normal
2026-02-14 07:05:08.145668,London-03e5,10,28,Normal
2026-02-14 07:05:09.145668,London-03e5,-5,72,Normal
2026-02-14 07:05:10.145668,London-03e5,28,28,Normal
2026-02-14 07:05:11.145668,London-03e5,-3,91,Normal
2026-02-14 07:05:12.145668,London-03e5,-11,14,Normal
2026-02-14 07:05:13.145668,London-03e5,-26,85,Normal
2026-02-14 07:05:14.145668,London-03e5,-17,79,Normal
2026-02-14 07:05:15.145668,London-03e5,-20,13,Normal
2026-02-14 07:05:16.145668,London-03e5,-1,66,Normal
2026-02-14 07:05:17.145668,London-03e5,20,54,Normal
2026-02-14 07:05:18.145668,London-03e5,11,98,Normal
2026-02-14 07:05:19.145668,London-03e5,-3,94,Normal
2026-02-14 07:05:20.145668,London-03e5,20,70,Normal
2026-02-14 07:05:21.145668,London-03e5,-8,37,Normal
2026-02-14 07:05:22.145668,London-03e5,6,12,Normal
2026-02-14 07:05:23.145668,London-03e5,40,57,Normal
2026-02-14 07:05:24.145668,London-03e5,-16,13,Normal
2026-02-14 07:05:25.145668,London-03e5,-29,61,Normal
2026-02-14 07:05:26.145668,London-03e5,-4,8,Normal
2026-02-14 07:05:27.145668,London-03e5,26,72,Normal
2026-02-14 07:05:28.145668,London-03e5,-21,47,Normal
2026-02-14 07:05:29.145668,London-03e5,-2,84,Normal
2026-02-14 07:05:30.145668,London-03e5,41,4,Normal
2026-02-14 07:05:31.145668,London-03e5,-11,71,Normal
2026-02-14 07:05:32.145668,London-03e5,-28,22,Normal
2026-02-14 07:05:33.145668,London-03e5,5,64,Normal
2026-02-14 07:05:34.145668,London-03e5,7,17,Normal
2026-02-14 07:05:35.145668,London-03e5,3,54,Normal
2026-02-14 07:05:36.145668,London-03e5,-19,4,Normal
2026-02-14 07:05:37.145668,London-03e5,0,0,Normal
2026-02-14 07:05:38.145668,London-03e5,46,47,Normal
2026-02-14 07:05:39.145668,London-03e5,18,22,Normal
2026-02-14 07:05:40.145668,London-03e5,0,51,Normal
2026-02-14 07:05:41.145668,London-03e5,-3,20,Normal
2026-02-14 07:05:42.145668,London-03e5,-9,51,Normal
2026-02-14 07:05:43.145668,London-03e5,-14,78,Normal
2026-02-14 07:05:44.145668,London-03e5,38,59,Normal
2026-02-14 07:05:45.145668,London-03e5,6,84,Normal
2026-02-14 07:05:46.145668,London-03e5,-20,36,Normal
2026-02-14 07:05:47.145668,London-03e5,-26,24,Normal
2026-02-14 07:05:48.145668,London-03e5,24,75,Normal
2026-02-14 07:05:49.145668,London-03e5,-9,26,Normal
2026-02-14 07:05:50.145668,London-03e5,-7,86,Normal
2026-02-14 07:05:51.145668,London-03e5,10,36,Normal
2026-02-14 07:05:52.145668,London-03e5,-25,81,Normal
2026-02-14 07:05:53.145668,London-03e5,-2,20,Normal
2026-02-14 07:05:54.145668,London-03e5,-15,26,Normal
2026-02-14 07:05:55.145668,London-03e5,1,83,Normal
2026-02-14 07:05:56.145668,London-03e5,21,55,Normal
2026-02-14 07:05:57.145668,London-03e5,-9,79,Normal
2026-02-14 07:05:58.145668,London-03e5,9,38,Normal
2026-02-14 07:05:59.145668,London-03e5,-2,34,Normal
2026-02-14 07:06:00.145668,London-03e5,22,15,Normal
2026-02-14 07:06:01.145668,London-03e5,21,84,Normal
2026-02-14 07:06:02.145668,London-03e5,33,26,Normal
2026-02-14 07:06:03.145668,London-03e5,14,27,Normal
2026-02-14 07:06:04.145668,London-03e5,50,88,Normal
2026-02-14 07:06:05.145668,London-03e5,19,50,Normal
2026-02-14 07:06:06.145668,London-03e5,25,35,Normal
2026-02-14 07:06:07.145668,London-03e5,30,16,Normal
2026-02-14 07:06:08.145668,London-03e5,9,8,Normal
2026-02-14 07:06:09.145668,London-03e5,-9,48,Normal
2026-02-14 07:06:10.145668,London-03e5,-12,4,Normal
2026-02-14 07:06:11.145668,London-03e5,30,20,Normal
2026-02-14 07:06:12.145668,London-03e5,17,99,Normal
2026-02-14 07:06:13.145668,London-03e5,43,50,Normal
2026-02-14 07:06:14.145668,London-03e5,22,41,Normal
2026-02-14 07:06:15.145668,London-03e5,30,44,Normal
2026-02-14 07:06:16.145668,London-03e5,-10,72,Normal
2026-02-14 07:06:17.145668,London-03e5,37,32,Normal
2026-02-14 07:06:18.145668,London-03e5,-21,66,Normal
2026-02-14 07:06:19.145668,London-03e5,46,75,Normal
2026-02-14 07:06:20.145668,London-03e5,31,23,Normal
2026-02-14 07:06:21.145668,London-03e5,4,83,Normal
2026-02-14 07:06:22.145668,London-03e5,46,57,Normal
2026-02-14 07:06:23.145668,London-03e5,45,14,Normal
2026-02-14 07:06:24.145668,London-03e5,37,40,Normal
2026-02-14 07:06:25.145668,London-03e5,48,54,Normal
2026-02-14 07:06:26.145668,London-03e5,30,52,Normal
2026-02-14 07:06:27.145668,London-03e5,6,40,Normal
2026-02-14 07:06:28.145668,London-03e5,15,83,Normal
2026-02-14 07:06:29.145668,London-03e5,-20,98,Normal
2026-02-14 07:06:30.145668,London-03e5,2,31,Normal
2026-02-14 07:06:31.145668,London-03e5,28,88,Normal
2026-02-14 07:06:32.145668,London-03e5,50,21,Normal
2026-02-14 07:06:33.145668,London-03e5,-18,68,Normal
2026-02-14 07:06:34.145668,London-03e5,18,42,Normal
2026-02-14 07:06:35.145668,London-03e5,-19,58,Normal
2026-02-14 07:06:36.145668,London-03e5,-17,70,Normal
2026-02-14 07:06:37.145668,London-03e5,-6,54,Normal
2026-02-14 07:06:38.145668,London-03e5,-7,1,Normal
2026-02-14 07:06:39.145668,London-03e5,30,77,Normal
2026-02-14 07:06:40.145668,London-03e5,44,92,Normal
2026-02-14 07:06:41.145668,London-03e5,-3,81,Normal
2026-02-14 07:06:42.145668,London-03e5,-30,2,Normal
2026-02-14 07:06:43.145668,London-03e5,-7,72,Normal
2026-02-14 07:06:44.145668,London-03e5,29,57,Normal
2026-02-14 07:06:45.145668,London-03e5,33,52,Normal
2026-02-14 07:06:46.145668,London-03e5,40,14,Normal
2026-02-14 07:06:47.145668,London-03e5,-15,35,Normal
2026-02-14 07:06:48.145668,London-03e5,41,75,Normal
2026-02-14 07:06:49.145668,London-03e5,-16,44,Normal
2026-02-14 07:06:50.145668,London-03e5,-6,18,Normal
2026-02-14 07:06:51.145668,London-03e5,-5,80,Normal
2026-02-14 07:06:52.145668,London-03e5,32,35,Normal
2026-02-14 07:06:53.145668,London-03e5,47,29,Normal
2026-02-14 07:06:54.145668,London-03e5,7,50,Normal
2026-02-14 07:06:55.145668,London-03e5,8,57,Normal
2026-02-14 07:06:56.145668,London-03e5,-7,4,Normal
2026-02-14 07:06:57.145668,London-03e5,43,22,Normal
2026-02-14 07:06:58.145668,London-03e5,38,8,Normal
2026-02-14 07:06:59.145668,London-03e5,47,74,Normal
2026-02-14 07:07:00.145668,London-03e5,-28,17,Normal
2026-02-14 07:07:01.145668,London-03e5,-27,15,Normal
2026-02-14 07:07:02.145668,London-03e5,46,39,Normal
2026-02-14 07:07:03.145668,London-03e5,46,37,Normal
2026-02-14 07:07:04.145668,London-03e5,23,39,Normal
2026-02-14 07:07:05.145668,London-03e5,-30,53,Normal
2026-02-14 07:07:06.145668,London-03e5,27,13,Normal
2026-02-14 07:07:07.145668,London-03e5,-7,80,Normal
2026-02-14 07:07:08.145668,London-03e5,-11,33,Normal
2026-02-14 07:07:09.145668,London-03e5,25,74,Normal
2026-02-14 07:07:10.145668,London-03e5,1,37,Normal
2026-02-14 07:07:11.145668,London-03e5,41,87,Normal
2026-02-14 07:07:12.145668,London-03e5,32,43,Normal
2026-02-14 07:07:13.145668,London-03e5,-30,87,Normal
2026-02-14 07:07:14.145668,London-03e5,46,40,Normal
2026-02-14 07:07:15.145668,London-03e5,3,76,Normal
2026-02-14 07:07:16.145668,London-03e5,8,22,Normal
2026-02-14 07:07:17.145668,London-03e5,30,61,Normal
2026-02-14 07:07:18.145668,London-03e5,40,41,Normal
2026-02-14 07:07:19.145668,London-03e5,24,10,Normal
2026-02-14 07:07:20.145668,London-03e5,-17,22,Normal
2026-02-14 07:07:21.145668,London-03e5,-2,52,Normal
2026-02-14 07:07:22.145668,London-03e5,11,17,Normal
2026-02-14 07:07:23.145668,London-03e5,20,25,Normal
2026-02-14 07:07:24.145668,London-03e5,45,7,Normal
2026-02-14 07:07:25.145668,London-03e5,36,57,Normal
2026-02-14 07:07:26.145668,London-03e5,28,98,Normal
2026-02-14 07:07:27.145668,London-03e5,40,51,Normal
2026-02-14 07:07:28.145668,London-03e5,-2,59,Normal
2026-02-14 07:07:29.145668,London-03e5,-11,61,Normal
2026-02-14 07:07:30.145668,London-03e5,43,30,Normal
2026-02-14 07:07:31.145668,London-03e5,48,58,Normal
2026-02-14 07:07:32.145668,London-03e5,-23,74,Normal
2026-02-14 07:07:33.145668,London-03e5,27,26,Normal
2026-02-14 07:07:34.145668,London-03e5,-11,52,Normal
2026-02-14 07:07:35.145668,London-03e5,-7,1,Normal
2026-02-14 07:07:36.145668,London-03e5,3,3,Normal
2026-02-14 07:07:37.145668,London-03e5,1,35,Normal
2026-02-14 07:07:38.145668,London-03e5,11,98,Normal
2026-02-14 07:07:39.145668,London-03e5,36,63,Normal
2026-02-14 07:07:40.145668,London-03e5,13,70,Normal
2026-02-14 07:07:41.145668,London-03e5,43,59,Normal
2026-02-14 07:07:42.145668,London-03e5,-11,15,Normal
2026-02-14 07:07:43.145668,London-03e5,-19,53,Normal
2026-02-14 07:07:44.145668,London-03e5,42,44,Normal
2026-02-14 07:07:45.145668,London-03e5,47,3,Normal
2026-02-14 07:07:46.145668,London-03e5,26,22,Normal
2026-02-14 07:07:47.145668,London-03e5,25,72,Normal
2026-02-14 07:07:48.145668,London-03e5,9,79,Normal
2026-02-14 07:07:49.145668,London-03e5,10,78,Normal
2026-02-14 07:07:50.145668,London-03e5,21,27,Normal
2026-02-14 07:07:51.145668,London-03e5,-21,20,Normal
2026-02-14 07:07:52.145668,London-03e5,35,10,Normal
2026-02-14 07:07:53.145668,London-03e5,-2,69,Normal
2026-02-14 07:07:54.145668,London-03e5,41,12,Normal
2026-02-14 07:07:55.145668,London-03e5,-5,65,Normal
2026-02-14 07:07:56.145668,London-03e5,-5,58,Normal
2026-02-14 07:07:57.145668,London-03e5,17,41,Normal
2026-02-14 07:07:58.145668,London-03e5,29,53,Normal
2026-02-14 07:07:59.145668,London-03e5,30,45,Normal
2026-02-14 07:08:00.145668,London-03e5,34,18,Normal
2026-02-14 07:08:01.145668,London-03e5,27,13,Normal
2026-02-14 07:08:02.145668,London-03e5,12,54,Normal
2026-02-14 07:08:03.145668,London-03e5,6,12,Normal
2026-02-14 07:08:04.145668,London-03e5,25,35,Normal
2026-02-14 07:08:05.145668,London-03e5,50,63,Normal
2026-02-14 07:08:06.145668,London-03e5,47,22,Normal
2026-02-14 07:08:07.145668,London-03e5,-2,24,Normal
2026-02-14 07:08:08.145668,London-03e5,35,67,Normal
2026-02-14 07:08:09.145668,London-03e5,-9,47,Normal
2026-02-14 07:08:10.145668,London-03e5,17,58,Normal
2026-02-14 07:08:11.145668,London-03e5,22,76,Normal
2026-02-14 07:08:12.145668,London-03e5,-30,34,Normal
2026-02-14 07:08:13.145668,London-03e5,-27,86,Normal
2026-02-14 07:08:14.145668,London-03e5,-12,70,Normal
2026-02-14 07:08:15.145668,London-03e5,-5,35,Normal
2026-02-14 07:08:16.145668,London-03e5,-23,76,Normal
2026-02-14 07:08:17.145668,London-03e5,20,52,Normal
2026-02-14 07:08:18.145668,London-03e5,22,66,Normal
2026-02-14 07:08:19.145668,London-03e5,-10,18,Normal
2026-02-14 07:08:20.145668,London-03e5,18,51,Normal
2026-02-14 07:08:21.145668,London-03e5,-10,85,Normal
2026-02-14 07:08:22.145668,London-03e5,-25,75,Normal
2026-02-14 07:08:23.145668,London-03e5,39,82,Normal
2026-02-14 07:08:24.145668,London-03e5,-26,76,Normal
2026-02-14 07:08:25.145668,London-03e5,11,49,Normal
2026-02-14 07:08:26.145668,London-03e5,21,57,Normal
2026-02-14 07:08:27.145668,London-03e5,46,27,Normal
2026-02-14 07:08:28.145668,London-03e5,48,42,Normal
2026-02-14 07:08:29.145668,London-03e5,7,35,Normal
2026-02-14 07:08:30.145668,London-03e5,48,67,Normal
2026-02-14 07:08:31.145668,London-03e5,15,83,Normal
2026-02-14 07:08:32.145668,London-03e5,-19,69,Normal
2026-02-14 07:08:33.145668,London-03e5,35,38,Normal
2026-02-14 07:08:34.145668,London-03e5,-9,59,Normal
2026-02-14 07:08:35.145668,London-03e5,-6,92,Normal
2026-02-14 07:08:36.145668,London-03e5,-28,46,Normal
2026-02-14 07:08:37.145668,London-03e5,27,57,Normal
2026-02-14 07:08:38.145668,London-03e5,46,33,Normal
2026-02-14 07:08:39.145668,London-03e5,37,45,Normal
2026-02-14 07:08:40.145668,London-03e5,-18,6,Normal
2026-02-14 07:08:41.145668,London-03e5,6,73,Normal
2026-02-14 07:08:42.145668,London-03e5,34,54,Normal
2026-02-14 07:08:43.145668,London-03e5,-1,54,Normal
2026-02-14 07:08:44.145668,London-03e5,19,6,Normal
2026-02-14 07:08:45.145668,London-03e5,-4,30,Normal
2026-02-14 07:08:46.145668,London-03e5,-17,75,Normal
2026-02-14 07:08:47.145668,London-03e5,40,69,Normal
2026-02-14 07:08:48.145668,London-03e5,16,37,Normal
2026-02-14 07:08:49.145668,London-03e5,5,56,Normal
2026-02-14 07:08:50.145668,London-03e5,25,88,Normal
2026-02-14 07:08:51.145668,London-03e5,-10,60,Normal
2026-02-14 07:08:52.145668,London-03e5,11,84,Normal
2026-02-14 07:08:53.145668,London-03e5,2,98,Normal
2026-02-14 07:08:54.145668,London-03e5,35,86,Normal
2026-02-14 07:08:55.145668,London-03e5,-4,12,Normal
2026-02-14 07:08:56.145668,London-03e5,-30,95,Normal
2026-02-14 07:08:57.145668,London-03e5,46,70,Normal
2026-02-14 07:08:58.145668,London-03e5,-14,6,Normal
2026-02-14 07:08:59.145668,London-03e5,25,51,Normal
2026-02-14 07:09:00.145668,London-03e5,6,78,Normal
2026-02-14 07:09:01.145668,London-03e5,-6,79,Normal
2026-02-14 07:09:02.145668,London-03e5,-23,77,Normal
2026-02-14 07:09:03.145668,London-03e5,18,60,Normal
2026-02-14 07:09:04.145668,London-03e5,-28,60,Normal
2026-02-14 07:09:05.145668,London-03e5,15,76,Normal
2026-02-14 07:09:06.145668,London-03e5,5,66,Normal
2026-02-14 07:09:07.145668,London-03e5,13,95,Normal
2026-02-14 07:09:08.145668,London-03e5,31,97,Normal
2026-02-14 07:09:09.145668,London-03e5,15,67,Normal
2026-02-14 07:09:10.145668,London-03e5,-28,73,Normal
2026-02-14 07:09:11.145668,London-03e5,4,23,Normal
2026-02-14 07:09:12.145668,London-03e5,-15,60,Normal
2026-02-14 07:09:13.145668,London-03e5,4,41,Normal
2026-02-14 07:09:14.145668,London-03e5,18,75,Normal
2026-02-14 07:09:15.145668,London-03e5,34,47,Normal
2026-02-14 07:09:16.145668,London-03e5,44,34,Normal
2026-02-14 07:09:17.145668,London-03e5,6,6,Normal
2026-02-14 07:09:18.145668,London-03e5,-22,65,Normal
2026-02-14 07:09:19.145668,London-03e5,24,76,Normal
2026-02-14 07:09:20.145668,London-03e5,45,60,Normal
2026-02-14 07:09:21.145668,London-03e5,1,44,Normal
2026-02-14 07:09:22.145668,London-03e5,-7,11,Normal
2026-02-14 07:09:23.145668,London-03e5,-10,0,Normal
2026-02-14 07:09:24.145668,London-03e5,-13,67,Normal
2026-02-14 07:09:25.145668,London-03e5,45,22,Normal
2026-02-14 07:09:26.145668,London-03e5,35,30,Normal
2026-02-14 07:09:27.145668,London-03e5,28,69,Normal
2026-02-14 07:09:28.145668,London-03e5,1,23,Normal
2026-02-14 07:09:29.145668,London-03e5,-27,54,Normal
2026-02-14 07:09:30.145668,London-03e5,-28,80,Normal
2026-02-14 07:09:31.145668,London-03e5,48,36,Normal
2026-02-14 07:09:32.145668,London-03e5,15,11,Normal
2026-02-14 07:09:33.145668,London-03e5,11,87,Normal
2026-02-14 07:09:34.145668,London-03e5,13,7,Normal
2026-02-14 07:09:35.145668,London-03e5,-26,19,Normal
2026-02-14 07:09:36.145668,London-03e5,9,25,Normal
2026-02-14 07:09:37.145668,London-03e5,32,2,Normal
2026-02-14 07:09:38.145668,London-03e5,44,47,Normal
2026-02-14 07:09:39.145668,London-03e5,-10,39,Normal
2026-02-14 07:09:40.145668,London-03e5,8,60,Normal
2026-02-14 07:09:41.145668,London-03e5,44,19,Normal
2026-02-14 07:09:42.145668,London-03e5,-27,67,Normal
2026-02-14 07:09:43.145668,London-03e5,-27,34,Normal
2026-02-14 07:09:44.145668,London-03e5,24,49,Normal
2026-02-14 07:09:45.145668,London-03e5,18,98,Normal
2026-02-14 07:09:46.145668,London-03e5,49,35,Normal
2026-02-14 07:09:47.145668,London-03e5,48,67,Normal
2026-02-14 07:09:48.145668,London-03e5,-11,87,Normal
2026-02-14 07:09:49.145668,London-03e5,21,81,Normal
2026-02-14 07:09:50.145668,London-03e5,-22,84,Normal
2026-02-14 07:09:51.145668,London-03e5,-24,47,Normal
2026-02-14 07:09:52.145668,London-03e5,-28,9,Normal
2026-02-14 07:09:53.145668,London-03e5,34,54,Normal
2026-02-14 07:09:54.145668,London-03e5,36,40,Normal
2026-02-14 07:09:55.145668,London-03e5,23,96,Normal
2026-02-14 07:09:56.145668,London-03e5,50,69,Normal
2026-02-14 07:09:57.145668,London-03e5,19,38,Normal
2026-02-14 07:09:58.145668,London-03e5,-1,74,Normal
2026-02-14 07:09:59.145668,London-03e5,-30,95,Normal
2026-02-14 07:10:00.145668,London-03e5,21,20,Normal
2026-02-14 07:10:01.145668,London-03e5,28,39,Normal
2026-02-14 07:10:02.145668,London-03e5,8,91,Normal
2026-02-14 07:10:03.145668,London-03e5,12,4,Normal
2026-02-14 07:10:04.145668,London-03e5,-17,4,Normal
2026-02-14 07:10:05.145668,London-03e5,-14,94,Normal
2026-02-14 07:10:06.145668,London-03e5,9,56,Normal
2026-02-14 07:10:07.145668,London-03e5,32,98,Normal
2026-02-14 07:10:08.145668,London-03e5,-25,83,Normal
2026-02-14 07:10:09.145668,London-03e5,7,70,Normal
2026-02-14 07:10:10.145668,London-03e5,50,60,Normal
2026-02-14 07:10:11.145668,London-03e5,-4,64,Normal
2026-02-14 07:10:12.145668,London-03e5,-24,87,Normal
2026-02-14 07:10:13.145668,London-03e5,10,26,Normal
2026-02-14 07:10:14.145668,London-03e5,-24,48,Normal
2026-02-14 07:10:15.145668,London-03e5,-1,14,Normal
2026-02-14 07:10:16.145668,London-03e5,35,13,Normal
2026-02-14 07:10:17.145668,London-03e5,48,56,Normal
2026-02-14 07:10:18.145668,London-03e5,0,12,Normal
2026-02-14 07:10:19.145668,London-03e5,30,77,Normal
2026-02-14 07:10:20.145668,London-03e5,-27,37,Normal
2026-02-14 07:10:21.145668,London-03e5,-4,76,Normal
2026-02-14 07:10:22.145668,London-03e5,2,52,Normal
2026-02-14 07:10:23.145668,London-03e5,2,18,Normal
2026-02-14 07:10:24.145668,London-03e5,23,68,Normal
2026-02-14 07:10:25.145668,London-03e5,7,50,Normal
2026-02-14 07:10:26.145668,London-03e5,19,90,Normal
2026-02-14 07:10:27.145668,London-03e5,-5,37,Normal
2026-02-14 07:10:28.145668,London-03e5,-21,40,Normal
2026-02-14 07:10:29.145668,London-03e5,-30,96,Normal
2026-02-14 07:10:30.145668,London-03e5,9,1,Normal
2026-02-14 07:10:31.145668,London-03e5,-23,41,Normal
2026-02-14 07:10:32.145668,London-03e5,-17,99,Normal
2026-02-14 07:10:33.145668,London-03e5,-22,30,Normal
2026-02-14 07:10:34.145668,London-03e5,5,59,Normal
2026-02-14 07:10:35.145668,London-03e5,-17,59,Normal
2026-02-14 07:10:36.145668,London-03e5,48,50,Normal
2026-02-14 07:10:37.145668,London-03e5,28,66,Normal
2026-02-14 07:10:38.145668,London-03e5,-25,84,Normal
2026-02-14 07:10:39.145668,London-03e5,-3,100,Normal
2026-02-14 07:10:40.145668,London-03e5,19,91,Normal
2026-02-14 07:10:41.145668,London-03e5,35,35,Normal
2026-02-14 07:10:42.145668,London-03e5,7,19,Normal
2026-02-14 07:10:43.145668,London-03e5,-20,70,Normal
2026-02-14 07:10:44.145668,London-03e5,39,21,Normal
2026-02-14 07:10:45.145668,London-03e5,-11,55,Normal
2026-02-14 07:10:46.145668,London-03e5,15,46,Normal
2026-02-14 07:10:47.145668,London-03e5,47,35,Normal
2026-02-14 07:10:48.145668,London-03e5,45,57,Normal
2026-02-14 07:10:49.145668,London-03e5,-21,88,Normal
2026-02-14 07:10:50.145668,London-03e5,18,46,Normal
2026-02-14 07:10:51.145668,London-03e5,-27,57,Normal
2026-02-14 07:10:52.145668,London-03e5,18,15,Normal
2026-02-14 07:10:53.145668,London-03e5,-6,43,Normal
2026-02-14 07:10:54.145668,London-03e5,41,61,Normal
2026-02-14 07:10:55.145668,London-03e5,-13,36,Normal
2026-02-14 07:10:56.145668,London-03e5,5,43,Normal
2026-02-14 07:10:57.145668,London-03e5,-14,52,Normal
2026-02-14 07:10:58.145668,London-03e5,-26,99,Normal
2026-02-14 07:10:59.145668,London-03e5,-26,20,Normal
2026-02-14 07:11:00.145668,London-03e5,-9,37,Normal
2026-02-14 07:11:01.145668,London-03e5,6,33,Normal
2026-02-14 07:11:02.145668,London-03e5,13,54,Normal
2026-02-14 07:11:03.145668,London-03e5,19,44,Normal
2026-02-14 07:11:04.145668,London-03e5,5,81,Normal
2026-02-14 07:11:05.145668,London-03e5,11,82,Normal
2026-02-14 07:11:06.145668,London-03e5,27,28,Normal
2026-02-14 07:11:07.145668,London-03e5,5,27,Normal
2026-02-14 07:11:08.145668,London-03e5,-3,58,Normal
2026-02-14 07:11:09.145668,London-03e5,-9,51,Normal
2026-02-14 07:11:10.145668,London-03e5,-10,93,Normal
2026-02-14 07:11:11.145668,London-03e5,-17,40,Normal
2026-02-14 07:11:12.145668,London-03e5,16,91,Normal
2026-02-14 07:11:13.145668,London-03e5,35,87,Normal
2026-02-14 07:11:14.145668,London-03e5,45,29,Normal
2026-02-14 07:11:15.145668,London-03e5,37,49,Normal
2026-02-14 07:11:16.145668,London-03e5,4,24,Normal
2026-02-14 07:11:17.145668,London-03e5,-7,61,Normal
2026-02-14 07:11:18.145668,London-03e5,3,50,Normal
2026-02-14 07:11:19.145668,London-03e5,-24,64,Normal
2026-02-14 07:11:20.145668,London-03e5,30,33,Normal
2026-02-14 07:11:21.145668,London-03e5,28,83,Normal
2026-02-14 07:11:22.145668,London-03e5,-1,2,Normal
2026-02-14 07:11:23.145668,London-03e5,26,54,Normal
2026-02-14 07:11:24.145668,London-03e5,-23,81,Normal
2026-02-14 07:11:25.145668,London-03e5,4,38,Normal
2026-02-14 07:11:26.145668,London-03e5,4,19,Normal
2026-02-14 07:11:27.145668,London-03e5,30,0,Normal
2026-02-14 07:11:28.145668,London-03e5,12,35,Normal
2026-02-14 07:11:29.145668,London-03e5,36,23,Normal
2026-02-14 07:11:30.145668,London-03e5,-23,100,Normal
2026-02-14 07:11:31.145668,London-03e5,5,7,Normal
2026-02-14 07:11:32.145668,London-03e5,48,61,Normal
2026-02-14 07:11:33.145668,London-03e5,2,19,Normal
2026-02-14 07:11:34.145668,London-03e5,-17,60,Normal
2026-02-14 07:11:35.145668,London-03e5,-14,40,Normal
2026-02-14 07:11:36.145668,London-03e5,47,31,Normal
2026-02-14 07:11:37.145668,London-03e5,25,76,Normal
2026-02-14 07:11:38.145668,London-03e5,19,81,Normal
2026-02-14 07:11:39.145668,London-03e5,33,51,Normal
2026-02-14 07:11:40.145668,London-03e5,-2,77,Normal
2026-02-14 07:11:41.145668,London-03e5,9,44,Normal
2026-02-14 07:11:42.145668,London-03e5,-1,8,Normal
2026-02-14 07:11:43.145668,London-03e5,45,47,Normal
2026-02-14 07:11:44.145668,London-03e5,-1,75,Normal
2026-02-14 07:11:45.145668,London-03e5,24,11,Normal
2026-02-14 07:11:46.145668,London-03e5,10,12,Normal
2026-02-14 07:11:47.145668,London-03e5,1,49,Normal
2026-02-14 07:11:48.145668,London-03e5,-14,73,Normal
2026-02-14 07:11:49.145668,London-03e5,26,46,Normal
2026-02-14 07:11:50.145668,London-03e5,-1,80,Normal
2026-02-14 07:11:51.145668,London-03e5,-28,11,Normal
2026-02-14 07:11:52.145668,London-03e5,25,75,Normal
2026-02-14 07:11:53.145668,London-03e5,-4,58,Normal
2026-02-14 07:11:54.145668,London-03e5,21,85,Normal
2026-02-14 07:11:55.145668,London-03e5,41,15,Normal
2026-02-14 07:11:56.145668,London-03e5,-26,31,Normal
2026-02-14 07:11:57.145668,London-03e5,18,59,Normal
2026-02-14 07:11:58.145668,London-03e5,12,24,Normal
2026-02-14 07:11:59.145668,London-03e5,-14,21,Normal
2026-02-14 07:12:00.145668,London-03e5,-23,53,Normal
2026-02-14 07:12:01.145668,London-03e5,-27,19,Normal
2026-02-14 07:12:02.145668,London-03e5,38,91,Normal
2026-02-14 07:12:03.145668,London-03e5,-4,67,Normal
2026-02-14 07:12:04.145668,London-03e5,28,58,Normal
2026-02-14 07:12:05.145668,London-03e5,24,16,Normal
2026-02-14 07:12:06.145668,London-03e5,27,76,Normal
2026-02-14 07:12:07.145668,London-03e5,-4,8,Normal
2026-02-14 07:12:08.145668,London-03e5,19,41,Normal
2026-02-14 07:12:09.145668,London-03e5,40,8,Normal
2026-02-14 07:12:10.145668,London-03e5,-23,39,Normal
2026-02-14 07:12:11.145668,London-03e5,21,60,Normal
2026-02-14 07:12:12.145668,London-03e5,5,88,Normal
2026-02-14 07:12:13.145668,London-03e5,47,87,Normal
2026-02-14 07:12:14.145668,London-03e5,19,85,Normal
2026-02-14 07:12:15.145668,London-03e5,-7,60,Normal
2026-02-14 07:12:16.145668,London-03e5,-26,73,Normal
2026-02-14 07:12:17.145668,London-03e5,38,63,Normal
2026-02-14 07:12:18.145668,London-03e5,0,4,Normal
2026-02-14 07:12:19.145668,London-03e5,5,62,Normal
2026-02-14 07:12:20.145668,London-03e5,-3,29,Normal
2026-02-14 07:12:21.145668,London-03e5,4,76,Normal
2026-02-14 07:12:22.145668,London-03e5,41,96,Normal
2026-02-14 07:12:23.145668,London-03e5,-2,81,Normal
2026-02-14 07:12:24.145668,London-03e5,-10,98,Normal
2026-02-14 07:12:25.145668,London-03e5,28,13,Normal
2026-02-14 07:12:26.145668,London-03e5,-9,86,Normal
2026-02-14 07:12:27.145668,London-03e5,-19,85,Normal
2026-02-14 07:12:28.145668,London-03e5,-5,45,Normal
2026-02-14 07:12:29.145668,London-03e5,7,19,Normal
2026-02-14 07:12:30.145668,London-03e5,-1,59,Normal
2026-02-14 07:12:31.145668,London-03e5,43,57,Normal
2026-02-14 07:12:32.145668,London-03e5,-18,81,Normal
2026-02-14 07:12:33.145668,London-03e5,21,14,Normal
2026-02-14 07:12:34.145668,London-03e5,12,50,Normal
2026-02-14 07:12:35.145668,London-03e5,14,87,Normal
2026-02-14 07:12:36.145668,London-03e5,26,48,Normal
2026-02-14 07:12:37.145668,London-03e5,35,17,Normal
2026-02-14 07:12:38.145668,London-03e5,38,81,Normal
2026-02-14 07:12:39.145668,London-03e5,1,37,Normal
2026-02-14 07:12:40.145668,London-03e5,-3,27,Normal
2026-02-14 07:12:41.145668,London-03e5,30,57,Normal
2026-02-14 07:12:42.145668,London-03e5,23,27,Normal
2026-02-14 07:12:43.145668,London-03e5,11,60,Normal
2026-02-14 07:12:44.145668,London-03e5,24,82,Normal
2026-02-14 07:12:45.145668,London-03e5,-18,79,Normal
2026-02-14 07:12:46.145668,London-03e5,22,50,Normal
2026-02-14 07:12:47.145668,London-03e5,46,37,Normal
2026-02-14 07:12:48.145668,London-03e5,25,54,Normal
2026-02-14 07:12:49.145668,London-03e5,42,39,Normal
2026-02-14 07:12:50.145668,London-03e5,-23,75,Normal
2026-02-14 07:12:51.145668,London-03e5,-7,66,Normal
2026-02-14 07:12:52.145668,London-03e5,37,49,Normal
2026-02-14 07:12:53.145668,London-03e5,-6,29,Normal
2026-02-14 07:12:54.145668,London-03e5,35,100,Normal
2026-02-14 07:12:55.145668,London-03e5,5,94,Normal
2026-02-14 07:12:56.145668,London-03e5,-22,16,Normal
2026-02-14 07:12:57.145668,London-03e5,-4,50,Normal
2026-02-14 07:12:58.145668,London-03e5,35,48,Normal
2026-02-14 07:12:59.145668,London-03e5,36,75,Normal
2026-02-14 07:13:00.145668,London-03e5,-17,79,Normal
2026-02-14 07:13:01.145668,London-03e5,-23,15,Normal
2026-02-14 07:13:02.145668,London-03e5,-4,49,Normal
2026-02-14 07:13:03.145668,London-03e5,18,28,Normal
2026-02-14 07:13:04.145668,London-03e5,24,72,Normal
2026-02-14 07:13:05.145668,London-03e5,9,39,Normal
2026-02-14 07:13:06.145668,London-03e5,-22,65,Normal
2026-02-14 07:13:07.145668,London-03e5,39,23,Normal
2026-02-14 07:13:08.145668,London-03e5,18,8,Normal
2026-02-14 07:13:09.145668,London-03e5,11,28,Normal
2026-02-14 07:13:10.145668,London-03e5,-6,30,Normal
2026-02-14 07:13:11.145668,London-03e5,0,31,Normal
2026-02-14 07:13:12.145668,London-03e5,-5,95,Normal
2026-02-14 07:13:13.145668,London-03e5,3,54,Normal
2026-02-14 07:13:14.145668,London-03e5,39,29,Normal
2026-02-14 07:13:15.145668,London-03e5,5,34,Normal
2026-02-14 07:13:16.145668,London-03e5,19,43,Normal
2026-02-14 07:13:17.145668,London-03e5,20,97,Normal
2026-02-14 07:13:18.145668,London-03e5,45,14,Normal
2026-02-14 07:13:19.145668,London-03e5,-20,74,Normal
2026-02-14 07:13:20.145668,London-03e5,-26,33,Normal
2026-02-14 07:13:21.145668,London-03e5,46,34,Normal
2026-02-14 07:13:22.145668,London-03e5,7,13,Normal
2026-02-14 07:13:23.145668,London-03e5,-23,65,Normal
2026-02-14 07:13:24.145668,London-03e5,-18,87,Normal
2026-02-14 07:13:25.145668,London-03e5,20,61,Normal
2026-02-14 07:13:26.145668,London-03e5,50,57,Normal
2026-02-14 07:13:27.145668,London-03e5,34,98,Normal
2026-02-14 07:13:28.145668,London-03e5,35,10,Normal
2026-02-14 07:13:29.145668,London-03e5,-29,41,Normal
2026-02-14 07:13:30.145668,London-03e5,-14,86,Normal
2026-02-14 07:13:31.145668,London-03e5,-15,45,Normal
2026-02-14 07:13:32.145668,London-03e5,-9,15,Normal
2026-02-14 07:13:33.145668,London-03e5,-3,7,Normal
2026-02-14 07:13:34.145668,London-03e5,-7,84,Normal
2026-02-14 07:13:35.145668,London-03e5,27,17,Normal
2026-02-14 07:13:36.145668,London-03e5,-17,88,Normal
2026-02-14 07:13:37.145668,London-03e5,4,72,Normal
2026-02-14 07:13:38.145668,London-03e5,35,93,Normal
2026-02-14 07:13:39.145668,London-03e5,-22,7,Normal
2026-02-14 07:13:40.145668,London-03e5,4,83,Normal
2026-02-14 07:13:41.145668,London-03e5,4,9,Normal
2026-02-14 07:13:42.145668,London-03e5,-4,16,Normal
2026-02-14 07:13:43.145668,London-03e5,27,4,Normal
2026-02-14 07:13:44.145668,London-03e5,44,70,Normal
2026-02-14 07:13:45.145668,London-03e5,1,86,Normal
2026-02-14 07:13:46.145668,London-03e5,6,66,Normal
2026-02-14 07:13:47.145668,London-03e5,-26,14,Normal
2026-02-14 07:13:48.145668,London-03e5,19,47,Normal
2026-02-14 07:13:49.145668,London-03e5,36,41,Normal
2026-02-14 07:13:50.145668,London-03e5,26,52,Normal
2026-02-14 07:13:51.145668,London-03e5,-9,99,Normal
2026-02-14 07:13:52.145668,London-03e5,22,82,Normal
2026-02-14 07:13:53.145668,London-03e5,39,58,Normal
2026-02-14 07:13:54.145668,London-03e5,7,72,Normal
2026-02-14 07:13:55.145668,London-03e5,-9,84,Normal
2026-02-14 07:13:56.145668,London-03e5,-12,7,Normal
2026-02-14 07:13:57.145668,London-03e5,34,16,Normal
2026-02-14 07:13:58.145668,London-03e5,29,96,Normal
2026-02-14 07:13:59.145668,London-03e5,25,67,Normal
2026-02-14 07:14:00.145668,London-03e5,24,0,Normal
2026-02-14 07:14:01.145668,London-03e5,45,29,Normal
2026-02-14 07:14:02.145668,London-03e5,-26,65,Normal
2026-02-14 07:14:03.145668,London-03e5,-29,98,Normal
2026-02-14 07:14:04.145668,London-03e5,24,82,Normal
2026-02-14 07:14:05.145668,London-03e5,10,14,Normal
2026-02-14 07:14:06.145668,London-03e5,28,30,Normal
2026-02-14 07:14:07.145668,London-03e5,24,49,Normal
2026-02-14 07:14:08.145668,London-03e5,49,34,Normal
2026-02-14 07:14:09.145668,London-03e5,1,6,Normal
2026-02-14 07:14:10.145668,London-03e5,-28,64,Normal
2026-02-14 07:14:11.145668,London-03e5,28,27,Normal
2026-02-14 07:14:12.145668,London-03e5,31,42,Normal
2026-02-14 07:14:13.145668,London-03e5,-24,1,Normal
2026-02-14 07:14:14.145668,London-03e5,34,16,Normal
2026-02-14 07:14:15.145668,London-03e5,22,95,Normal
2026-02-14 07:14:16.145668,London-03e5,-28,48,Normal
2026-02-14 07:14:17.145668,London-03e5,20,53,Normal
2026-02-14 07:14:18.145668,London-03e5,27,47,Normal
2026-02-14 07:14:19.145668,London-03e5,36,12,Normal
2026-02-14 07:14:20.145668,London-03e5,-1,30,Normal
2026-02-14 07:14:21.145668,London-03e5,37,66,Normal
2026-02-14 07:14:22.145668,London-03e5,15,12,Normal
2026-02-14 07:14:23.145668,London-03e5,48,81,Normal
2026-02-14 07:14:24.145668,London-03e5,33,54,Normal
2026-02-14 07:14:25.145668,London-03e5,7,14,Normal
2026-02-14 07:14:26.145668,London-03e5,32,98,Normal
2026-02-14 07:14:27.145668,London-03e5,45,96,Normal
2026-02-14 07:14:28.145668,London-03e5,-26,100,Normal
2026-02-14 07:14:29.145668,London-03e5,-29,38,Normal
2026-02-14 07:14:30.145668,London-03e5,-21,4,Normal
2026-02-14 07:14:31.145668,London-03e5,-26,55,Normal
2026-02-14 07:14:32.145668,London-03e5,26,98,Normal
2026-02-14 07:14:33.145668,London-03e5,-11,75,Normal
2026-02-14 07:14:34.145668,London-03e5,2,55,Normal
2026-02-14 07:14:35.145668,London-03e5,12,4,Normal
2026-02-14 07:14:36.145668,London-03e5,37,78,Normal
2026-02-14 07:14:37.145668,London-03e5,14,82,Normal
2026-02-14 07:14:38.145668,London-03e5,-14,80,Normal
2026-02-14 07:14:39.145668,London-03e5,-15,28,Normal
2026-02-14 07:14:40.145668,London-03e5,-3,74,Normal
2026-02-14 07:14:41.145668,London-03e5,47,61,Normal
2026-02-14 07:14:42.145668,London-03e5,-5,47,Normal
2026-02-14 07:14:43.145668,London-03e5,-16,86,Normal
2026-02-14 07:14:44.145668,London-03e5,-13,18,Normal
2026-02-14 07:14:45.145668,London-03e5,20,43,Normal
2026-02-14 07:14:46.145668,London-03e5,25,11,Normal
2026-02-14 07:14:47.145668,London-03e5,0,17,Normal
2026-02-14 07:14:48.145668,London-03e5,-30,78,Normal
2026-02-14 07:14:49.145668,London-03e5,2,27,Normal
2026-02-14 07:14:50.145668,London-03e5,17,71,Normal
2026-02-14 07:14:51.145668,London-03e5,-16,57,Normal
2026-02-14 07:14:52.145668,London-03e5,-29,41,Normal
2026-02-14 07:14:53.145668,London-03e5,45,68,Normal
2026-02-14 07:14:54.145668,London-03e5,-14,79,Normal
2026-02-14 07:14:55.145668,London-03e5,31,62,Normal
2026-02-14 07:14:56.145668,London-03e5,37,45,Normal
2026-02-14 07:14:57.145668,London-03e5,-19,73,Normal
2026-02-14 07:14:58.145668,London-03e5,-9,27,Normal
2026-02-14 07:14:59.145668,London-03e5,37,69,Normal
2026-02-14 07:15:00.145668,London-03e5,48,25,Normal
2026-02-14 07:15:01.145668,London-03e5,-30,50,Normal
2026-02-14 07:15:02.145668,London-03e5,3,56,Normal
2026-02-14 07:15:03.145668,London-03e5,50,47,Normal
2026-02-14 07:15:04.145668,London-03e5,30,25,Normal
2026-02-14 07:15:05.145668,London-03e5,11,64,Normal
2026-02-14 07:15:06.145668,London-03e5,16,37,Normal
2026-02-14 07:15:07.145668,London-03e5,6,44,Normal
2026-02-14 07:15:08.145668,London-03e5,32,29,Normal
2026-02-14 07:15:09.145668,London-03e5,24,14,Normal
2026-02-14 07:15:10.145668,London-03e5,19,52,Normal
2026-02-14 07:15:11.145668,London-03e5,38,26,Normal
2026-02-14 07:15:12.145668,London-03e5,43,15,Normal
2026-02-14 07:15:13.145668,London-03e5,5,76,Normal
2026-02-14 07:15:14.145668,London-03e5,18,50,Normal
2026-02-14 07:15:15.145668,London-03e5,-9,8,Normal
2026-02-14 07:15:16.145668,London-03e5,36,67,Normal
2026-02-14 07:15:17.145668,London-03e5,23,40,Normal
2026-02-14 07:15:18.145668,London-03e5,11,34,Normal
2026-02-14 07:15:19.145668,London-03e5,-2,35,Normal
2026-02-14 07:15:20.145668,London-03e5,-19,87,Normal
2026-02-14 07:15:21.145668,London-03e5,9,72,Normal
2026-02-14 07:15:22.145668,London-03e5,33,9,Normal
2026-02-14 07:15:23.145668,London-03e5,36,92,Normal
2026-02-14 07:15:24.145668,London-03e5,3,24,Normal
2026-02-14 07:15:25.145668,London-03e5,-18,21,Normal
2026-02-14 07:15:26.145668,London-03e5,44,65,Normal
2026-02-14 07:15:27.145668,London-03e5,0,38,Normal
2026-02-14 07:15:28.145668,London-03e5,13,100,Normal
2026-02-14 07:15:29.145668,London-03e5,15,28,Normal
2026-02-14 07:15:30.145668,London-03e5,42,78,Normal
2026-02-14 07:15:31.145668,London-03e5,24,96,Normal
2026-02-14 07:15:32.145668,London-03e5,31,98,Normal
2026-02-14 07:15:33.145668,London-03e5,36,84,Normal
2026-02-14 07:15:34.145668,London-03e5,0,98,Normal
2026-02-14 07:15:35.145668,London-03e5,36,87,Normal
2026-02-14 07:15:36.145668,London-03e5,22,52,Normal
2026-02-14 07:15:37.145668,London-03e5,-8,78,Normal
2026-02-14 07:15:38.145668,London-03e5,-20,86,Normal
2026-02-14 07:15:39.145668,London-03e5,-12,67,Normal
2026-02-14 07:15:40.145668,London-03e5,-28,80,Normal
2026-02-14 07:15:41.145668,London-03e5,-8,72,Normal
2026-02-14 07:15:42.145668,London-03e5,19,63,Normal
2026-02-14 07:15:43.145668,London-03e5,-12,59,Normal
2026-02-14 07:15:44.145668,London-03e5,49,74,Normal
2026-02-14 07:15:45.145668,London-03e5,15,51,Normal
2026-02-14 07:15:46.145668,London-03e5,40,84,Normal
2026-02-14 07:15:47.145668,London-03e5,-29,33,Normal
2026-02-14 07:15:48.145668,London-03e5,25,49,Normal
2026-02-14 07:15:49.145668,London-03e5,27,66,Normal
2026-02-14 07:15:50.145668,London-03e5,36,58,Normal
2026-02-14 07:15:51.145668,London-03e5,2,62,Normal
2026-02-14 07:15:52.145668,London-03e5,-30,23,Normal
2026-02-14 07:15:53.145668,London-03e5,-16,27,Normal
2026-02-14 07:15:54.145668,London-03e5,-14,12,Normal
2026-02-14 07:15:55.145668,London-03e5,37,92,Normal
2026-02-14 07:15:56.145668,London-03e5,-28,42,Normal
2026-02-14 07:15:57.145668,London-03e5,14,28,Normal
2026-02-14 07:15:58.145668,London-03e5,13,81,Normal
2026-02-14 07:15:59.145668,London-03e5,0,69,Normal
2026-02-14 07:16:00.145668,London-03e5,30,33,Normal
2026-02-14 07:16:01.145668,London-03e5,21,2,Normal
2026-02-14 07:16:02.145668,London-03e5,-1,37,Normal
2026-02-14 07:16:03.145668,London-03e5,-26,22,Normal
2026-02-14 07:16:04.145668,London-03e5,-2,34,Normal
2026-02-14 07:16:05.145668,London-03e5,11,83,Normal
2026-02-14 07:16:06.145668,London-03e5,-30,34,Normal
2026-02-14 07:16:07.145668,London-03e5,16,46,Normal
2026-02-14 07:16:08.145668,London-03e5,-22,43,Normal
2026-02-14 07:16:09.145668,London-03e5,25,68,Normal
2026-02-14 07:16:10.145668,London-03e5,37,91,Normal
2026-02-14 07:16:11.145668,London-03e5,6,9,Normal
2026-02-14 07:16:12.145668,London-03e5,10,82,Normal
2026-02-14 07:16:13.145668,London-03e5,-9,96,Normal
2026-02-14 07:16:14.145668,London-03e5,2,46,Normal
2026-02-14 07:16:15.145668,London-03e5,-27,29,Normal
2026-02-14 07:16:16.145668,London-03e5,43,17,Normal
2026-02-14 07:16:17.145668,London-03e5,-6,14,Normal
2026-02-14 07:16:18.145668,London-03e5,-25,98,Normal
2026-02-14 07:16:19.145668,London-03e5,-10,46,Normal
2026-02-14 07:16:20.145668,London-03e5,-8,2,Normal
2026-02-14 07:16:21.145668,London-03e5,-23,55,Normal
2026-02-14 07:16:22.145668,London-03e5,31,14,Normal
2026-02-14 07:16:23.145668,London-03e5,21,38,Normal
2026-02-14 07:16:24.145668,London-03e5,-20,69,Normal
2026-02-14 07:16:25.145668,London-03e5,14,29,Normal
2026-02-14 07:16:26.145668,London-03e5,-17,91,Normal
2026-02-14 07:16:27.145668,London-03e5,24,66,Normal
2026-02-14 07:16:28.145668,London-03e5,36,65,Normal
2026-02-14 07:16:29.145668,London-03e5,-10,50,Normal
2026-02-14 07:16:30.145668,London-03e5,-6,35,Normal
2026-02-14 07:16:31.145668,London-03e5,-25,41,Normal
2026-02-14 07:16:32.145668,London-03e5,23,93,Normal
2026-02-14 07:16:33.145668,London-03e5,-24,16,Normal
2026-02-14 07:16:34.145668,London-03e5,-25,92,Normal
2026-02-14 07:16:35.145668,London-03e5,3,72,Normal
2026-02-14 07:16:36.145668,London-03e5,2,84,Normal
2026-02-14 07:16:37.145668,London-03e5,-12,74,Normal
2026-02-14 07:16:38.145668,London-03e5,-30,6,Normal
2026-02-14 07:16:39.145668,London-03e5,42,21,Normal
2026-02-14 07:16:40.145668,London-03e5,7,67,Normal
2026-02-14 07:16:41.145668,London-03e5,3,12,Normal
2026-02-14 07:16:42.145668,London-03e5,48,22,Normal
2026-02-14 07:16:43.145668,London-03e5,-8,48,Normal
2026-02-14 07:16:44.145668,London-03e5,11,24,Normal
2026-02-14 07:16:45.145668,London-03e5,19,60,Normal
2026-02-14 07:16:46.145668,London-03e5,-12,65,Normal
2026-02-14 07:16:47.145668,London-03e5,-4,9,Normal
2026-02-14 07:16:48.145668,London-03e5,20,26,Normal
2026-02-14 07:16:49.145668,London-03e5,27,12,Normal
2026-02-14 07:16:50.145668,London-03e5,43,7,Normal
2026-02-14 07:16:51.145668,London-03e5,43,71,Normal
2026-02-14 07:16:52.145668,London-03e5,13,22,Normal
2026-02-14 07:16:53.145668,London-03e5,21,84,Normal
2026-02-14 07:16:54.145668,London-03e5,41,98,Normal
2026-02-14 07:16:55.145668,London-03e5,25,86,Normal
2026-02-14 07:16:56.145668,London-03e5,8,2,Normal
2026-02-14 07:16:57.145668,London-03e5,-27,79,Normal
2026-02-14 07:16:58.145668,London-03e5,-25,15,Normal
2026-02-14 07:16:59.145668,London-03e5,-25,92,Normal
2026-02-14 07:17:00.145668,London-03e5,22,56,Normal
2026-02-14 07:17:01.145668,London-03e5,-16,47,Normal
2026-02-14 07:17:02.145668,London-03e5,-30,27,Normal
2026-02-14 07:17:03.145668,London-03e5,10,94,Normal
2026-02-14 07:17:04.145668,London-03e5,-14,37,Normal
2026-02-14 07:17:05.145668,London-03e5,-27,30,Normal
2026-02-14 07:17:06.145668,London-03e5,-24,84,Normal
2026-02-14 07:17:07.145668,London-03e5,-5,97,Normal
2026-02-14 07:17:08.145668,London-03e5,-13,78,Normal
2026-02-14 07:17:09.145668,London-03e5,-8,64,Normal
2026-02-14 07:17:10.145668,London-03e5,22,90,Normal
2026-02-14 07:17:11.145668,London-03e5,6,5,Normal
2026-02-14 07:17:12.145668,London-03e5,5,86,Normal
2026-02-14 07:17:13.145668,London-03e5,50,12,Normal
2026-02-14 07:17:14.145668,London-03e5,26,88,Normal
2026-02-14 07:17:15.145668,London-03e5,1,73,Normal
2026-02-14 07:17:16.145668,London-03e5,6,55,Normal
2026-02-14 07:17:17.145668,London-03e5,-26,64,Normal
2026-02-14 07:17:18.145668,London-03e5,-5,69,Normal
2026-02-14 07:17:19.145668,London-03e5,-23,10,Normal
2026-02-14 07:17:20.145668,London-03e5,43,64,Normal
2026-02-14 07:17:21.145668,London-03e5,49,13,Normal
2026-02-14 07:17:22.145668,London-03e5,-10,71,Normal
2026-02-14 07:17:23.145668,London-03e5,36,14,Normal
2026-02-14 07:17:24.145668,London-03e5,21,60,Normal
2026-02-14 07:17:25.145668,London-03e5,22,0,Normal
2026-02-14 07:17:26.145668,London-03e5,-7,47,Normal
2026-02-14 07:17:27.145668,London-03e5,16,97,Normal
2026-02-14 07:17:28.145668,London-03e5,-15,17,Normal
2026-02-14 07:17:29.145668,London-03e5,49,59,Normal
2026-02-14 07:17:30.145668,London-03e5,14,63,Normal
2026-02-14 07:17:31.145668,London-03e5,24,66,Normal
2026-02-14 07:17:32.145668,London-03e5,-6,63,Normal
2026-02-14 07:17:33.145668,London-03e5,-24,10,Normal
2026-02-14 07:17:34.145668,London-03e5,22,72,Normal
2026-02-14 07:17:35.145668,London-03e5,44,25,Normal
2026-02-14 07:17:36.145668,London-03e5,3,39,Normal
2026-02-14 07:17:37.145668,London-03e5,15,36,Normal
2026-02-14 07:17:38.145668,London-03e5,23,76,Normal
2026-02-14 07:17:39.145668,London-03e5,-5,29,Normal
2026-02-14 07:17:40.145668,London-03e5,-14,9,Normal
2026-02-14 07:17:41.145668,London-03e5,14,97,Normal
2026-02-14 07:17:42.145668,London-03e5,23,73,Normal
2026-02-14 07:17:43.145668,London-03e5,49,45,Normal
2026-02-14 07:17:44.145668,London-03e5,27,99,Normal
2026-02-14 07:17:45.145668,London-03e5,-5,85,Normal
2026-02-14 07:17:46.145668,London-03e5,-10,9,Normal
2026-02-14 07:17:47.145668,London-03e5,33,92,Normal
2026-02-14 07:17:48.145668,London-03e5,-3,33,Normal
2026-02-14 07:17:49.145668,London-03e5,38,82,Normal
2026-02-14 07:17:50.145668,London-03e5,28,54,Normal
2026-02-14 07:17:51.145668,London-03e5,1,11,Normal
2026-02-14 07:17:52.145668,London-03e5,43,41,Normal
2026-02-14 07:17:53.145668,London-03e5,41,90,Normal
2026-02-14 07:17:54.145668,London-03e5,25,89,Normal
2026-02-14 07:17:55.145668,London-03e5,31,88,Normal
2026-02-14 07:17:56.145668,London-03e5,38,66,Normal
2026-02-14 07:17:57.145668,London-03e5,30,40,Normal
2026-02-14 07:17:58.145668,London-03e5,4,23,Normal
2026-02-14 07:17:59.145668,London-03e5,-9,57,Normal
2026-02-14 07:18:00.145668,London-03e5,-30,27,Normal
2026-02-14 07:18:01.145668,London-03e5,-17,27,Normal
2026-02-14 07:18:02.145668,London-03e5,15,35,Normal
2026-02-14 07:18:03.145668,London-03e5,-26,22,Normal
2026-02-14 07:18:04.145668,London-03e5,19,36,Normal
2026-02-14 07:18:05.145668,London-03e5,32,15,Normal
2026-02-14 07:18:06.145668,London-03e5,-20,85,Normal
2026-02-14 07:18:07.145668,London-03e5,-16,71,Normal
2026-02-14 07:18:08.145668,London-03e5,2,78,Normal
2026-02-14 07:18:09.145668,London-03e5,-17,100,Normal
2026-02-14 07:18:10.145668,London-03e5,33,41,Normal
2026-02-14 07:18:11.145668,London-03e5,-11,62,Normal
2026-02-14 07:18:12.145668,London-03e5,8,4,Normal
2026-02-14 07:18:13.145668,London-03e5,-29,31,Normal
2026-02-14 07:18:14.145668,London-03e5,35,38,Normal
2026-02-14 07:18:15.145668,London-03e5,40,29,Normal
2026-02-14 07:18:16.145668,London-03e5,-18,69,Normal
2026-02-14 07:18:17.145668,London-03e5,-20,85,Normal
2026-02-14 07:18:18.145668,London-03e5,8,0,Normal
2026-02-14 07:18:19.145668,London-03e5,1,17,Normal
2026-02-14 07:18:20.145668,London-03e5,43,79,Normal
2026-02-14 07:18:21.145668,London-03e5,-13,56,Normal
2026-02-14 07:18:22.145668,London-03e5,-3,31,Normal
2026-02-14 07:18:23.145668,London-03e5,-18,93,Normal
2026-02-14 07:18:24.145668,London-03e5,38,14,Normal
2026-02-14 07:18:25.145668,London-03e5,11,30,Normal
2026-02-14 07:18:26.145668,London-03e5,49,9,Normal
2026-02-14 07:18:27.145668,London-03e5,-9,45,Normal
2026-02-14 07:18:28.145668,London-03e5,-14,91,Normal
2026-02-14 07:18:29.145668,London-03e5,7,8,Normal
2026-02-14 07:18:30.145668,London-03e5,-20,5,Normal
2026-02-14 07:18:31.145668,London-03e5,-14,39,Normal
2026-02-14 07:18:32.145668,London-03e5,-22,6,Normal
2026-02-14 07:18:33.145668,London-03e5,42,98,Normal
2026-02-14 07:18:34.145668,London-03e5,49,100,Normal
2026-02-14 07:18:35.145668,London-03e5,22,92,Normal
2026-02-14 07:18:36.145668,London-03e5,43,62,Normal
2026-02-14 07:18:37.145668,London-03e5,29,10,Normal
2026-02-14 07:18:38.145668,London-03e5,32,21,Normal
2026-02-14 07:18:39.145668,London-03e5,44,57,Normal
2026-02-14 07:18:40.145668,London-03e5,11,93,Normal
2026-02-14 07:18:41.145668,London-03e5,-29,21,Normal
2026-02-14 07:18:42.145668,London-03e5,-28,76,Normal
2026-02-14 07:18:43.145668,London-03e5,14,45,Normal
2026-02-14 07:18:44.145668,London-03e5,-26,98,Normal
2026-02-14 07:18:45.145668,London-03e5,-27,93,Normal
2026-02-14 07:18:46.145668,London-03e5,35,9,Normal
2026-02-14 07:18:47.145668,London-03e5,12,39,Normal
2026-02-14 07:18:48.145668,London-03e5,13,19,Normal
2026-02-14 07:18:49.145668,London-03e5,-6,49,Normal
2026-02-14 07:18:50.145668,London-03e5,-6,87,Normal
2026-02-14 07:18:51.145668,London-03e5,21,10,Normal
2026-02-14 07:18:52.145668,London-03e5,-12,58,Normal
2026-02-14 07:18:53.145668,London-03e5,33,2,Normal
2026-02-14 07:18:54.145668,London-03e5,-9,29,Normal
2026-02-14 07:18:55.145668,London-03e5,8,22,Normal
2026-02-14 07:18:56.145668,London-03e5,23,34,Normal
2026-02-14 07:18:57.145668,London-03e5,39,54,Normal
2026-02-14 07:18:58.145668,London-03e5,37,8,Normal
2026-02-14 07:18:59.145668,London-03e5,-20,14,Normal
2026-02-14 07:19:00.145668,London-03e5,26,6,Normal
2026-02-14 07:19:01.145668,London-03e5,41,40,Normal
2026-02-14 07:19:02.145668,London-03e5,47,6,Normal
2026-02-14 07:19:03.145668,London-03e5,6,43,Normal
2026-02-14 07:19:04.145668,London-03e5,-5,31,Normal
2026-02-14 07:19:05.145668,London-03e5,-2,45,Normal
2026-02-14 07:19:06.145668,London-03e5,35,45,Normal
2026-02-14 07:19:07.145668,London-03e5,-13,20,Normal
2026-02-14 07:19:08.145668,London-03e5,5,72,Normal
2026-02-14 07:19:09.145668,London-03e5,-8,38,Normal
2026-02-14 07:19:10.145668,London-03e5,-2,47,Normal
2026-02-14 07:19:11.145668,London-03e5,4,55,Normal
2026-02-14 07:19:12.145668,London-03e5,31,44,Normal
2026-02-14 07:19:13.145668,London-03e5,14,87,Normal
2026-02-14 07:19:14.145668,London-03e5,10,95,Normal
2026-02-14 07:19:15.145668,London-03e5,23,8,Normal
2026-02-14 07:19:16.145668,London-03e5,-28,0,Normal
2026-02-14 07:19:17.145668,London-03e5,30,61,Normal
2026-02-14 07:19:18.145668,London-03e5,-12,72,Normal
2026-02-14 07:19:19.145668,London-03e5,-28,94,Normal
2026-02-14 07:19:20.145668,London-03e5,5,27,Normal
2026-02-14 07:19:21.145668,London-03e5,-22,99,Normal
2026-02-14 07:19:22.145668,London-03e5,-6,25,Normal
2026-02-14 07:19:23.145668,London-03e5,-6,68,Normal
2026-02-14 07:19:24.145668,London-03e5,6,95,Normal
2026-02-14 07:19:25.145668,London-03e5,-6,39,Normal
2026-02-14 07:19:26.145668,London-03e5,14,3,Normal
2026-02-14 07:19:27.145668,London-03e5,-30,84,Normal
2026-02-14 07:19:28.145668,London-03e5,-14,71,Normal
2026-02-14 07:19:29.145668,London-03e5,-12,77,Normal
2026-02-14 07:19:30.145668,London-03e5,9,70,Normal
2026-02-14 07:19:31.145668,London-03e5,-13,22,Normal
2026-02-14 07:19:32.145668,London-03e5,30,77,Normal
2026-02-14 07:19:33.145668,London-03e5,-21,71,Normal
2026-02-14 07:19:34.145668,London-03e5,8,25,Normal
2026-02-14 07:19:35.145668,London-03e5,13,13,Normal
2026-02-14 07:19:36.145668,London-03e5,-18,43,Normal
2026-02-14 07:19:37.145668,London-03e5,42,34,Normal
2026-02-14 07:19:38.145668,London-03e5,-20,80,Normal
2026-02-14 07:19:39.145668,London-03e5,18,8,Normal
2026-02-14 07:19:40.145668,London-03e5,47,100,Normal
2026-02-14 07:19:41.145668,London-03e5,-1,3,Normal
2026-02-14 07:19:42.145668,London-03e5,7,23,Normal
2026-02-14 07:19:43.145668,London-03e5,26,64,Normal
2026-02-14 07:19:44.145668,London-03e5,-14,96,Normal
2026-02-14 07:19:45.145668,London-03e5,23,4,Normal
2026-02-14 07:19:46.145668,London-03e5,37,33,Normal
2026-02-14 07:19:47.145668,London-03e5,39,58,Normal
2026-02-14 07:19:48.145668,London-03e5,19,70,Normal
2026-02-14 07:19:49.145668,London-03e5,-19,47,Normal
2026-02-14 07:19:50.145668,London-03e5,0,89,Normal
2026-02-14 07:19:51.145668,London-03e5,-26,80,Normal
2026-02-14 07:19:52.145668,London-03e5,8,3,Normal
2026-02-14 07:19:53.145668,London-03e5,-29,9,Normal
2026-02-14 07:19:54.145668,London-03e5,-5,30,Normal
2026-02-14 07:19:55.145668,London-03e5,28,49,Normal
2026-02-14 07:19:56.145668,London-03e5,-8,76,Normal
2026-02-14 07:19:57.145668,London-03e5,18,4,Normal
2026-02-14 07:19:58.145668,London-03e5,-10,6,Normal
2026-02-14 07:19:59.145668,London-03e5,-29,15,Normal
2026-02-14 07:20:00.145668,London-03e5,42,32,Normal
2026-02-14 07:20:01.145668,London-03e5,-12,4,Normal
2026-02-14 07:20:02.145668,London-03e5,10,77,Normal
2026-02-14 07:20:03.145668,London-03e5,37,22,Normal
2026-02-14 07:20:04.145668,London-03e5,3,31,Normal
2026-02-14 07:20:05.145668,London-03e5,44,70,Normal
2026-02-14 07:20:06.145668,London-03e5,50,23,Normal
2026-02-14 07:20:07.145668,London-03e5,49,66,Normal
2026-02-14 07:20:08.145668,London-03e5,36,83,Normal
2026-02-14 07:20:09.145668,London-03e5,28,49,Normal
2026-02-14 07:20:10.145668,London-03e5,13,60,Normal
2026-02-14 07:20:11.145668,London-03e5,28,52,Normal
2026-02-14 07:20:12.145668,London-03e5,23,40,Normal
2026-02-14 07:20:13.145668,London-03e5,-26,50,Normal
2026-02-14 07:20:14.145668,London-03e5,14,22,Normal
2026-02-14 07:20:15.145668,London-03e5,23,47,Normal
2026-02-14 07:20:16.145668,London-03e5,-4,43,Normal
2026-02-14 07:20:17.145668,London-03e5,30,53,Normal
2026-02-14 07:20:18.145668,London-03e5,1,45,Normal
2026-02-14 07:20:19.145668,London-03e5,20,12,Normal
2026-02-14 07:20:20.145668,London-03e5,-7,17,Normal
2026-02-14 07:20:21.145668,London-03e5,11,79,Normal
2026-02-14 07:20:22.145668,London-03e5,18,31,Normal
2026-02-14 07:20:23.145668,London-03e5,25,85,Normal
2026-02-14 07:20:24.145668,London-03e5,6,39,Normal
2026-02-14 07:20:25.145668,London-03e5,-18,2,Normal
2026-02-14 07:20:26.145668,London-03e5,-29,53,Normal
2026-02-14 07:20:27.145668,London-03e5,-26,22,Normal
2026-02-14 07:20:28.145668,London-03e5,32,36,Normal
2026-02-14 07:20:29.145668,London-03e5,7,46,Normal
2026-02-14 07:20:30.145668,London-03e5,-21,21,Normal
2026-02-14 07:20:31.145668,London-03e5,-16,74,Normal
2026-02-14 07:20:32.145668,London-03e5,2,58,Normal
2026-02-14 07:20:33.145668,London-03e5,-25,14,Normal
2026-02-14 07:20:34.145668,London-03e5,39,53,Normal
2026-02-14 07:20:35.145668,London-03e5,16,2,Normal
2026-02-14 07:20:36.145668,London-03e5,-2,12,Normal
2026-02-14 07:20:37.145668,London-03e5,7,60,Normal
2026-02-14 07:20:38.145668,London-03e5,31,6,Normal
2026-02-14 07:20:39.145668,London-03e5,11,38,Normal
2026-02-14 07:20:40.145668,London-03e5,7,16,Normal
2026-02-14 07:20:41.145668,London-03e5,30,28,Normal
2026-02-14 07:20:42.145668,London-03e5,-21,37,Normal
2026-02-14 07:20:43.145668,London-03e5,42,13,Normal
2026-02-14 07:20:44.145668,London-03e5,41,72,Normal
2026-02-14 07:20:45.145668,London-03e5,0,10,Normal
2026-02-14 07:20:46.145668,London-03e5,-2,64,Normal
2026-02-14 07:20:47.145668,London-03e5,33,20,Normal
2026-02-14 07:20:48.145668,London-03e5,-30,84,Normal
2026-02-14 07:20:49.145668,London-03e5,5,62,Normal
2026-02-14 07:20:50.145668,London-03e5,-15,96,Normal
2026-02-14 07:20:51.145668,London-03e5,-22,18,Normal
2026-02-14 07:20:52.145668,London-03e5,17,54,Normal
2026-02-14 07:20:53.145668,London-03e5,-19,0,Normal
2026-02-14 07:20:54.145668,London-03e5,32,26,Normal
2026-02-14 07:20:55.145668,London-03e5,6,84,Normal
2026-02-14 07:20:56.145668,London-03e5,22,82,Normal
2026-02-14 07:20:57.145668,London-03e5,41,7,Normal
2026-02-14 07:20:58.145668,London-03e5,13,32,Normal
2026-02-14 07:20:59.145668,London-03e5,47,61,Normal
2026-02-14 07:21:00.145668,London-03e5,27,12,Normal
2026-02-14 07:21:01.145668,London-03e5,31,35,Normal
2026-02-14 07:21:02.145668,London-03e5,50,6,Normal
2026-02-14 07:21:03.145668,London-03e5,42,39,Normal
2026-02-14 07:21:04.145668,London-03e5,30,16,Normal
2026-02-14 07:21:05.145668,London-03e5,43,75,Normal
2026-02-14 07:21:06.145668,London-03e5,31,95,Normal
2026-02-14 07:21:07.145668,London-03e5,-15,16,Normal
2026-02-14 07:21:08.145668,London-03e5,18,88,Normal
2026-02-14 07:21:09.145668,London-03e5,32,35,Normal
2026-02-14 07:21:10.145668,London-03e5,3,96,Normal
2026-02-14 07:21:11.145668,London-03e5,35,63,Normal
2026-02-14 07:21:12.145668,London-03e5,-4,63,Normal
2026-02-14 07:21:13.145668,London-03e5,-17,60,Normal
2026-02-14 07:21:14.145668,London-03e5,-12,92,Normal
2026-02-14 07:21:15.145668,London-03e5,25,83,Normal
2026-02-14 07:21:16.145668,London-03e5,-4,84,Normal
2026-02-14 07:21:17.145668,London-03e5,22,25,Normal
2026-02-14 07:21:18.145668,London-03e5,-12,11,Normal
2026-02-14 07:21:19.145668,London-03e5,20,100,Normal
2026-02-14 07:21:20.145668,London-03e5,13,66,Normal
2026-02-14 07:21:21.145668,London-03e5,-29,55,Normal
2026-02-14 07:21:22.145668,London-03e5,10,61,Normal
2026-02-14 07:21:23.145668,London-03e5,43,23,Normal
2026-02-14 07:21:24.145668,London-03e5,-22,12,Normal
2026-02-14 07:21:25.145668,London-03e5,33,90,Normal
2026-02-14 07:21:26.145668,London-03e5,-4,32,Normal
2026-02-14 07:21:27.145668,London-03e5,18,48,Normal
2026-02-14 07:21:28.145668,London-03e5,-29,45,Normal
2026-02-14 07:21:29.145668,London-03e5,31,21,Normal
2026-02-14 07:21:30.145668,London-03e5,-19,3,Normal
2026-02-14 07:21:31.145668,London-03e5,-20,98,Normal
2026-02-14 07:21:32.145668,London-03e5,16,78,Normal
2026-02-14 07:21:33.145668,London-03e5,19,38,Normal
2026-02-14 07:21:34.145668,London-03e5,48,44,Normal
2026-02-14 07:21:35.145668,London-03e5,-18,82,Normal
2026-02-14 07:21:36.145668,London-03e5,13,36,Normal
2026-02-14 07:21:37.145668,London-03e5,3,50,Normal
2026-02-14 07:21:38.145668,London-03e5,28,39,Normal
2026-02-14 07:21:39.145668,London-03e5,33,84,Normal
2026-02-14 07:21:40.145668,London-03e5,9,10,Normal
2026-02-14 07:21:41.145668,London-03e5,-11,2,Normal
2026-02-14 07:21:42.145668,London-03e5,-13,99,Normal
2026-02-14 07:21:43.145668,London-03e5,15,75,Normal
2026-02-14 07:21:44.145668,London-03e5,8,72,Normal
2026-02-14 07:21:45.145668,London-03e5,34,98,Normal
2026-02-14 07:21:46.145668,London-03e5,33,42,Normal
2026-02-14 07:21:47.145668,London-03e5,-27,48,Normal
2026-02-14 07:21:48.145668,London-03e5,19,75,Normal
2026-02-14 07:21:49.145668,London-03e5,14,52,Normal
2026-02-14 07:21:50.145668,London-03e5,3,81,Normal
2026-02-14 07:21:51.145668,London-03e5,-9,14,Normal
2026-02-14 07:21:52.145668,London-03e5,16,92,Normal
2026-02-14 07:21:53.145668,London-03e5,-18,74,Normal
2026-02-14 07:21:54.145668,London-03e5,-10,79,Normal
2026-02-14 07:21:55.145668,London-03e5,49,39,Normal
2026-02-14 07:21:56.145668,London-03e5,-2,95,Normal
2026-02-14 07:21:57.145668,London-03e5,8,60,Normal
2026-02-14 07:21:58.145668,London-03e5,19,34,Normal
2026-02-14 07:21:59.145668,London-03e5,32,7,Normal
2026-02-14 07:22:00.145668,London-03e5,47,16,Normal
2026-02-14 07:22:01.145668,London-03e5,-24,65,Normal
2026-02-14 07:22:02.145668,London-03e5,41,22,Normal
2026-02-14 07:22:03.145668,London-03e5,46,31,Normal
2026-02-14 07:22:04.145668,London-03e5,37,90,Normal
2026-02-14 07:22:05.145668,London-03e5,-7,8,Normal
2026-02-14 07:22:06.145668,London-03e5,32,5,Normal
2026-02-14 07:22:07.145668,London-03e5,-23,15,Normal
2026-02-14 07:22:08.145668,London-03e5,42,42,Normal
2026-02-14 07:22:09.145668,London-03e5,49,73,Normal
2026-02-14 07:22:10.145668,London-03e5,31,58,Normal
2026-02-14 07:22:11.145668,London-03e5,12,68,Normal
2026-02-14 07:22:12.145668,London-03e5,9,39,Normal
2026-02-14 07:22:13.145668,London-03e5,-13,76,Normal
2026-02-14 07:22:14.145668,London-03e5,-26,4,Normal
2026-02-14 07:22:15.145668,London-03e5,-19,94,Normal
2026-02-14 07:22:16.145668,London-03e5,-22,61,Normal
2026-02-14 07:22:17.145668,London-03e5,4,98,Normal
2026-02-14 07:22:18.145668,London-03e5,7,56,Normal
2026-02-14 07:22:19.145668,London-03e5,4,92,Normal
2026-02-14 07:22:20.145668,London-03e5,46,0,Normal
2026-02-14 07:22:21.145668,London-03e5,34,40,Normal
2026-02-14 07:22:22.145668,London-03e5,10,32,Normal
2026-02-14 07:22:23.145668,London-03e5,10,24,Normal
2026-02-14 07:22:24.145668,London-03e5,20,41,Normal
2026-02-14 07:22:25.145668,London-03e5,-3,84,Normal
2026-02-14 07:22:26.145668,London-03e5,44,54,Normal
2026-02-14 07:22:27.145668,London-03e5,-29,81,Normal
2026-02-14 07:22:28.145668,London-03e5,-11,4,Normal
2026-02-14 07:22:29.145668,London-03e5,11,2,Normal
2026-02-14 07:22:30.145668,London-03e5,16,17,Normal
2026-02-14 07:22:31.145668,London-03e5,-7,34,Normal
2026-02-14 07:22:32.145668,London-03e5,9,15,Normal
2026-02-14 07:22:33.145668,London-03e5,42,28,Normal
2026-02-14 07:22:34.145668,London-03e5,15,7,Normal
2026-02-14 07:22:35.145668,London-03e5,-27,64,Normal
2026-02-14 07:22:36.145668,London-03e5,-4,95,Normal
2026-02-14 07:22:37.145668,London-03e5,1,37,Normal
2026-02-14 07:22:38.145668,London-03e5,-2,23,Normal
2026-02-14 07:22:39.145668,London-03e5,-10,33,Normal
2026-02-14 07:22:40.145668,London-03e5,-23,31,Normal
2026-02-14 07:22:41.145668,London-03e5,-10,42,Normal
2026-02-14 07:22:42.145668,London-03e5,40,39,Normal
2026-02-14 07:22:43.145668,London-03e5,26,96,Normal
2026-02-14 07:22:44.145668,London-03e5,-8,59,Normal
2026-02-14 07:22:45.145668,London-03e5,-13,21,Normal
2026-02-14 07:22:46.145668,London-03e5,-1,48,Normal
2026-02-14 07:22:47.145668,London-03e5,9,12,Normal
2026-02-14 07:22:48.145668,London-03e5,-3,66,Normal
2026-02-14 07:22:49.145668,London-03e5,40,71,Normal
2026-02-14 07:22:50.145668,London-03e5,-8,78,Normal
2026-02-14 07:22:51.145668,London-03e5,4,39,Normal
2026-02-14 07:22:52.145668,London-03e5,-21,87,Normal
2026-02-14 07:22:53.145668,London-03e5,26,31,Normal
2026-02-14 07:22:54.145668,London-03e5,29,81,Normal
2026-02-14 07:22:55.145668,London-03e5,-27,52,Normal
2026-02-14 07:22:56.145668,London-03e5,27,86,Normal
2026-02-14 07:22:57.145668,London-03e5,7,28,Normal
2026-02-14 07:22:58.145668,London-03e5,13,93,Normal
2026-02-14 07:22:59.145668,London-03e5,37,7,Normal
2026-02-14 07:23:00.145668,London-03e5,-23,100,Normal
2026-02-14 07:23:01.145668,London-03e5,-22,74,Normal
2026-02-14 07:23:02.145668,London-03e5,-6,66,Normal
2026-02-14 07:23:03.145668,London-03e5,-19,3,Normal
2026-02-14 07:23:04.145668,London-03e5,39,9,Normal
2026-02-14 07:23:05.145668,London-03e5,21,57,Normal
2026-02-14 07:23:06.145668,London-03e5,-13,34,Normal
2026-02-14 07:23:07.145668,London-03e5,7,86,Normal
2026-02-14 07:23:08.145668,London-03e5,22,85,Normal
2026-02-14 07:23:09.145668,London-03e5,-24,23,Normal
2026-02-14 07:23:10.145668,London-03e5,34,55,Normal
2026-02-14 07:23:11.145668,London-03e5,14,91,Normal
2026-02-14 07:23:12.145668,London-03e5,22,54,Normal
2026-02-14 07:23:13.145668,London-03e5,-5,39,Normal
2026-02-14 07:23:14.145668,London-03e5,36,52,Normal
2026-02-14 07:23:15.145668,London-03e5,8,7,Normal
2026-02-14 07:23:16.145668,London-03e5,-1,69,Normal
2026-02-14 07:23:17.145668,London-03e5,-22,53,Normal
2026-02-14 07:23:18.145668,London-03e5,41,18,Normal
2026-02-14 07:23:19.145668,London-03e5,0,32,Normal
2026-02-14 07:23:20.145668,London-03e5,-1,96,Normal
2026-02-14 07:23:21.145668,London-03e5,-20,69,Normal
2026-02-14 07:23:22.145668,London-03e5,-8,94,Normal
2026-02-14 07:23:23.145668,London-03e5,41,39,Normal
2026-02-14 07:23:24.145668,London-03e5,-10,50,Normal
2026-02-14 07:23:25.145668,London-03e5,30,69,Normal
2026-02-14 07:23:26.145668,London-03e5,25,42,Normal
2026-02-14 07:23:27.145668,London-03e5,23,89,Normal
2026-02-14 07:23:28.145668,London-03e5,7,34,Normal
2026-02-14 07:23:29.145668,London-03e5,39,19,Normal
2026-02-14 07:23:30.145668,London-03e5,33,41,Normal
2026-02-14 07:23:31.145668,London-03e5,-22,44,Normal
2026-02-14 07:23:32.145668,London-03e5,-29,58,Normal
2026-02-14 07:23:33.145668,London-03e5,-6,87,Normal
2026-02-14 07:23:34.145668,London-03e5,-30,13,Normal
2026-02-14 07:23:35.145668,London-03e5,15,72,Normal
2026-02-14 07:23:36.145668,London-03e5,9,22,Normal
2026-02-14 07:23:37.145668,London-03e5,17,57,Normal
2026-02-14 07:23:38.145668,London-03e5,15,64,Normal
2026-02-14 07:23:39.145668,London-03e5,-13,25,Normal
2026-02-14 07:23:40.145668,London-03e5,24,38,Normal
2026-02-14 07:23:41.145668,London-03e5,-5,63,Normal
2026-02-14 07:23:42.145668,London-03e5,28,8,Normal
2026-02-14 07:23:43.145668,London-03e5,30,39,Normal
2026-02-14 07:23:44.145668,London-03e5,50,82,Normal
2026-02-14 07:23:45.145668,London-03e5,-28,96,Normal
2026-02-14 07:23:46.145668,London-03e5,-14,41,Normal
2026-02-14 07:23:47.145668,London-03e5,-28,21,Normal
2026-02-14 07:23:48.145668,London-03e5,-15,49,Normal
2026-02-14 07:23:49.145668,London-03e5,29,15,Normal
2026-02-14 07:23:50.145668,London-03e5,-26,51,Normal
2026-02-14 07:23:51.145668,London-03e5,-20,54,Normal
2026-02-14 07:23:52.145668,London-03e5,-7,79,Normal
2026-02-14 07:23:53.145668,London-03e5,8,59,Normal
2026-02-14 07:23:54.145668,London-03e5,38,92,Normal
2026-02-14 07:23:55.145668,London-03e5,-14,15,Normal
2026-02-14 07:23:56.145668,London-03e5,-17,2,Normal
2026-02-14 07:23:57.145668,London-03e5,-28,97,Normal
2026-02-14 07:23:58.145668,London-03e5,-22,38,Normal
2026-02-14 07:23:59.145668,London-03e5,-12,76,Normal
2026-02-14 07:24:00.145668,London-03e5,-30,25,Normal
2026-02-14 07:24:01.145668,London-03e5,5,50,Normal
2026-02-14 07:24:02.145668,London-03e5,37,2,Normal
2026-02-14 07:24:03.145668,London-03e5,-7,57,Normal
2026-02-14 07:24:04.145668,London-03e5,-14,16,Normal
2026-02-14 07:24:05.145668,London-03e5,26,25,Normal
2026-02-14 07:24:06.145668,London-03e5,18,27,Normal
2026-02-14 07:24:07.145668,London-03e5,6,38,Normal
2026-02-14 07:24:08.145668,London-03e5,26,73,Normal
2026-02-14 07:24:09.145668,London-03e5,12,56,Normal
2026-02-14 07:24:10.145668,London-03e5,-10,29,Normal
2026-02-14 07:24:11.145668,London-03e5,-30,3,Normal
2026-02-14 07:24:12.145668,London-03e5,38,90,Normal
2026-02-14 07:24:13.145668,London-03e5,-29,70,Normal
2026-02-14 07:24:14.145668,London-03e5,-16,79,Normal
2026-02-14 07:24:15.145668,London-03e5,9,72,Normal
2026-02-14 07:24:16.145668,London-03e5,25,66,Normal
2026-02-14 07:24:17.145668,London-03e5,41,81,Normal
2026-02-14 07:24:18.145668,London-03e5,-8,44,Normal
2026-02-14 07:24:19.145668,London-03e5,-5,39,Normal
2026-02-14 07:24:20.145668,London-03e5,46,68,Normal
2026-02-14 07:24:21.145668,London-03e5,43,94,Normal
2026-02-14 07:24:22.145668,London-03e5,-1,17,Normal
2026-02-14 07:24:23.145668,London-03e5,-12,88,Normal
2026-02-14 07:24:24.145668,London-03e5,-1,22,Normal
2026-02-14 07:24:25.145668,London-03e5,39,65,Normal
2026-02-14 07:24:26.145668,London-03e5,34,76,Normal
2026-02-14 07:24:27.145668,London-03e5,33,10,Normal
2026-02-14 07:24:28.145668,London-03e5,-14,94,Normal
2026-02-14 07:24:29.145668,London-03e5,-7,21,Normal
2026-02-14 07:24:30.145668,London-03e5,47,31,Normal
2026-02-14 07:24:31.145668,London-03e5,-27,67,Normal
2026-02-14 07:24:32.145668,London-03e5,26,27,Normal
2026-02-14 07:24:33.145668,London-03e5,1,80,Normal
2026-02-14 07:24:34.145668,London-03e5,9,61,Normal
2026-02-14 07:24:35.145668,London-03e5,-12,40,Normal
2026-02-14 07:24:36.145668,London-03e5,6,87,Normal
2026-02-14 07:24:37.145668,London-03e5,-10,67,Normal
2026-02-14 07:24:38.145668,London-03e5,-14,17,Normal
2026-02-14 07:24:39.145668,London-03e5,50,55,Normal
2026-02-14 07:24:40.145668,London-03e5,-27,48,Normal
2026-02-14 07:24:41.145668,London-03e5,7,6,Normal
2026-02-14 07:24:42.145668,London-03e5,2,46,Normal
2026-02-14 07:24:43.145668,London-03e5,-1,41,Normal
2026-02-14 07:24:44.145668,London-03e5,24,12,Normal
2026-02-14 07:24:45.145668,London-03e5,40,21,Normal
2026-02-14 07:24:46.145668,London-03e5,15,88,Normal
2026-02-14 07:24:47.145668,London-03e5,28,43,Normal
2026-02-14 07:24:48.145668,London-03e5,-7,39,Normal
2026-02-14 07:24:49.145668,London-03e5,36,53,Normal
2026-02-14 07:24:50.145668,London-03e5,1,88,Normal
2026-02-14 07:24:51.145668,London-03e5,45,42,Normal
2026-02-14 07:24:52.145668,London-03e5,-12,28,Normal
2026-02-14 07:24:53.145668,London-03e5,12,54,Normal
2026-02-14 07:24:54.145668,London-03e5,18,41,Normal
2026-02-14 07:24:55.145668,London-03e5,-21,100,Normal
2026-02-14 07:24:56.145668,London-03e5,-4,44,Normal
2026-02-14 07:24:57.145668,London-03e5,23,43,Normal
2026-02-14 07:24:58.145668,London-03e5,1,58,Normal
2026-02-14 07:24:59.145668,London-03e5,-2,44,Normal
2026-02-14 07:25:00.145668,London-03e5,11,59,Normal
2026-02-14 07:25:01.145668,London-03e5,11,27,Normal
2026-02-14 07:25:02.145668,London-03e5,22,41,Normal
2026-02-14 07:25:03.145668,London-03e5,0,52,Normal
2026-02-14 07:25:04.145668,London-03e5,45,11,Normal
2026-02-14 07:25:05.145668,London-03e5,47,73,Normal
2026-02-14 07:25:06.145668,London-03e5,-4,88,Normal
2026-02-14 07:25:07.145668,London-03e5,32,49,Normal
2026-02-14 07:25:08.145668,London-03e5,-7,40,Normal
2026-02-14 07:25:09.145668,London-03e5,4,32,Normal
2026-02-14 07:25:10.145668,London-03e5,33,52,Normal
2026-02-14 07:25:11.145668,London-03e5,-22,62,Normal
2026-02-14 07:25:12.145668,London-03e5,32,82,Normal
2026-02-14 07:25:13.145668,London-03e5,36,74,Normal
2026-02-14 07:25:14.145668,London-03e5,50,91,Normal
2026-02-14 07:25:15.145668,London-03e5,-3,79,Normal
2026-02-14 07:25:16.145668,London-03e5,44,89,Normal
2026-02-14 07:25:17.145668,London-03e5,49,68,Normal
2026-02-14 07:25:18.145668,London-03e5,-12,25,Normal
2026-02-14 07:25:19.145668,London-03e5,-20,63,Normal
2026-02-14 07:25:20.145668,London-03e5,-7,42,Normal
2026-02-14 07:25:21.145668,London-03e5,2,91,Normal
2026-02-14 07:25:22.145668,London-03e5,-11,77,Normal
2026-02-14 07:25:23.145668,London-03e5,-26,40,Normal
2026-02-14 07:25:24.145668,London-03e5,11,83,Normal
2026-02-14 07:25:25.145668,London-03e5,24,24,Normal
2026-02-14 07:25:26.145668,London-03e5,27,95,Normal
2026-02-14 07:25:27.145668,London-03e5,-30,33,Normal
2026-02-14 07:25:28.145668,London-03e5,-5,84,Normal
2026-02-14 07:25:29.145668,London-03e5,38,56,Normal
2026-02-14 07:25:30.145668,London-03e5,-19,92,Normal
2026-02-14 07:25:31.145668,London-03e5,39,65,Normal
2026-02-14 07:25:32.145668,London-03e5,-18,19,Normal
2026-02-14 07:25:33.145668,London-03e5,18,36,Normal
2026-02-14 07:25:34.145668,London-03e5,-7,58,Normal
2026-02-14 07:25:35.145668,London-03e5,-21,93,Normal
2026-02-14 07:25:36.145668,London-03e5,21,97,Normal
2026-02-14 07:25:37.145668,London-03e5,1,69,Normal
2026-02-14 07:25:38.145668,London-03e5,-4,48,Normal
2026-02-14 07:25:39.145668,London-03e5,27,24,Normal
2026-02-14 07:25:40.145668,London-03e5,48,44,Normal
2026-02-14 07:25:41.145668,London-03e5,7,95,Normal
2026-02-14 07:25:42.145668,London-03e5,1,44,Normal
2026-02-14 07:25:43.145668,London-03e5,8,93,Normal
2026-02-14 07:25:44.145668,London-03e5,29,94,Normal
2026-02-14 07:25:45.145668,London-03e5,12,5,Normal
2026-02-14 07:25:46.145668,London-03e5,17,57,Normal
2026-02-14 07:25:47.145668,London-03e5,-26,40,Normal
2026-02-14 07:25:48.145668,London-03e5,-13,2,Normal
2026-02-14 07:25:49.145668,London-03e5,42,64,Normal
2026-02-14 07:25:50.145668,London-03e5,11,8,Normal
2026-02-14 07:25:51.145668,London-03e5,1,16,Normal
2026-02-14 07:25:52.145668,London-03e5,32,7,Normal
2026-02-14 07:25:53.145668,London-03e5,2,99,Normal
2026-02-14 07:25:54.145668,London-03e5,25,80,Normal
2026-02-14 07:25:55.145668,London-03e5,-29,24,Normal
2026-02-14 07:25:56.145668,London-03e5,42,93,Normal
2026-02-14 07:25:57.145668,London-03e5,30,18,Normal
2026-02-14 07:25:58.145668,London-03e5,4,11,Normal
2026-02-14 07:25:59.145668,London-03e5,26,92,Normal
2026-02-14 07:26:00.145668,London-03e5,25,39,Normal
2026-02-14 07:26:01.145668,London-03e5,-6,35,Normal
2026-02-14 07:26:02.145668,London-03e5,36,95,Normal
2026-02-14 07:26:03.145668,London-03e5,44,79,Normal
2026-02-14 07:26:04.145668,London-03e5,40,63,Normal
2026-02-14 07:26:05.145668,London-03e5,-7,100,Normal
2026-02-14 07:26:06.145668,London-03e5,-27,41,Normal
2026-02-14 07:26:07.145668,London-03e5,10,39,Normal
2026-02-14 07:26:08.145668,London-03e5,10,81,Normal
2026-02-14 07:26:09.145668,London-03e5,10,73,Normal
2026-02-14 07:26:10.145668,London-03e5,39,89,Normal
2026-02-14 07:26:11.145668,London-03e5,3,17,Normal
2026-02-14 07:26:12.145668,London-03e5,15,81,Normal
2026-02-14 07:26:13.145668,London-03e5,36,64,Normal
2026-02-14 07:26:14.145668,London-03e5,-21,83,Normal
2026-02-14 07:26:15.145668,London-03e5,-23,34,Normal
2026-02-14 07:26:16.145668,London-03e5,1,11,Normal
2026-02-14 07:26:17.145668,London-03e5,14,26,Normal
2026-02-14 07:26:18.145668,London-03e5,-13,22,Normal
2026-02-14 07:26:19.145668,London-03e5,-16,100,Normal
2026-02-14 07:26:20.145668,London-03e5,11,91,Normal
2026-02-14 07:26:21.145668,London-03e5,-27,25,Normal
2026-02-14 07:26:22.145668,London-03e5,28,25,Normal
2026-02-14 07:26:23.145668,London-03e5,0,79,Normal
2026-02-14 07:26:24.145668,London-03e5,-12,42,Normal
2026-02-14 07:26:25.145668,London-03e5,0,15,Normal
2026-02-14 07:26:26.145668,London-03e5,29,38,Normal
2026-02-14 07:26:27.145668,London-03e5,5,41,Normal
2026-02-14 07:26:28.145668,London-03e5,35,93,Normal
2026-02-14 07:26:29.145668,London-03e5,-5,11,Normal
2026-02-14 07:26:30.145668,London-03e5,43,40,Normal
2026-02-14 07:26:31.145668,London-03e5,-19,92,Normal
2026-02-14 07:26:32.145668,London-03e5,46,9,Normal
2026-02-14 07:26:33.145668,London-03e5,11,97,Normal
2026-02-14 07:26:34.145668,London-03e5,35,38,Normal
2026-02-14 07:26:35.145668,London-03e5,43,91,Normal
2026-02-14 07:26:36.145668,London-03e5,33,73,Normal
2026-02-14 07:26:37.145668,London-03e5,12,69,Normal
2026-02-14 07:26:38.145668,London-03e5,17,21,Normal
2026-02-14 07:26:39.145668,London-03e5,7,11,Normal
2026-02-14 07:26:40.145668,London-03e5,40,10,Normal
2026-02-14 07:26:41.145668,London-03e5,-15,84,Normal
2026-02-14 07:26:42.145668,London-03e5,-26,74,Normal
2026-02-14 07:26:43.145668,London-03e5,-25,36,Normal
2026-02-14 07:26:44.145668,London-03e5,8,45,Normal
2026-02-14 07:26:45.145668,London-03e5,-25,100,Normal
2026-02-14 07:26:46.145668,London-03e5,-28,35,Normal
2026-02-14 07:26:47.145668,London-03e5,16,86,Normal
2026-02-14 07:26:48.145668,London-03e5,13,87,Normal
2026-02-14 07:26:49.145668,London-03e5,40,16,Normal
2026-02-14 07:26:50.145668,London-03e5,20,29,Normal
2026-02-14 07:26:51.145668,London-03e5,-27,65,Normal
2026-02-14 07:26:52.145668,London-03e5,7,55,Normal
2026-02-14 07:26:53.145668,London-03e5,42,42,Normal
2026-02-14 07:26:54.145668,London-03e5,30,50,Normal
2026-02-14 07:26:55.145668,London-03e5,23,48,Normal
2026-02-14 07:26:56.145668,London-03e5,-15,42,Normal
2026-02-14 07:26:57.145668,London-03e5,-24,85,Normal
2026-02-14 07:26:58.145668,London-03e5,-23,50,Normal
2026-02-14 07:26:59.145668,London-03e5,21,43,Normal
2026-02-14 07:27:00.145668,London-03e5,-10,95,Normal
2026-02-14 07:27:01.145668,London-03e5,-3,58,Normal
2026-02-14 07:27:02.145668,London-03e5,17,24,Normal
2026-02-14 07:27:03.145668,London-03e5,-14,51,Normal
2026-02-14 07:27:04.145668,London-03e5,25,56,Normal
2026-02-14 07:27:05.145668,London-03e5,45,60,Normal
2026-02-14 07:27:06.145668,London-03e5,-9,43,Normal
2026-02-14 07:27:07.145668,London-03e5,-28,8,Normal
2026-02-14 07:27:08.145668,London-03e5,-28,80,Normal
2026-02-14 07:27:09.145668,London-03e5,21,17,Normal
2026-02-14 07:27:10.145668,London-03e5,17,48,Normal
2026-02-14 07:27:11.145668,London-03e5,29,6,Normal
2026-02-14 07:27:12.145668,London-03e5,49,99,Normal
2026-02-14 07:27:13.145668,London-03e5,43,47,Normal
2026-02-14 07:27:14.145668,London-03e5,-24,45,Normal
2026-02-14 07:27:15.145668,London-03e5,12,21,Normal
2026-02-14 07:27:16.145668,London-03e5,22,64,Normal
2026-02-14 07:27:17.145668,London-03e5,21,9,Normal
2026-02-14 07:27:18.145668,London-03e5,47,22,Normal
2026-02-14 07:27:19.145668,London-03e5,46,52,Normal
2026-02-14 07:27:20.145668,London-03e5,-20,47,Normal
2026-02-14 07:27:21.145668,London-03e5,-17,46,Normal
2026-02-14 07:27:22.145668,London-03e5,47,39,Normal
2026-02-14 07:27:23.145668,London-03e5,43,60,Normal
2026-02-14 07:27:24.145668,London-03e5,50,82,Normal
2026-02-14 07:27:25.145668,London-03e5,5,42,Normal
2026-02-14 07:27:26.145668,London-03e5,-18,87,Normal
2026-02-14 07:27:27.145668,London-03e5,-16,39,Normal
2026-02-14 07:27:28.145668,London-03e5,6,50,Normal
2026-02-14 07:27:29.145668,London-03e5,-28,91,Normal
2026-02-14 07:27:30.145668,London-03e5,-13,16,Normal
2026-02-14 07:27:31.145668,London-03e5,30,70,Normal
2026-02-14 07:27:32.145668,London-03e5,43,63,Normal
2026-02-14 07:27:33.145668,London-03e5,-26,48,Normal
2026-02-14 07:27:34.145668,London-03e5,-15,62,Normal
2026-02-14 07:27:35.145668,London-03e5,-9,70,Normal
2026-02-14 07:27:36.145668,London-03e5,25,92,Normal
2026-02-14 07:27:37.145668,London-03e5,39,0,Normal
2026-02-14 07:27:38.145668,London-03e5,50,8,Normal
2026-02-14 07:27:39.145668,London-03e5,5,41,Normal
2026-02-14 07:27:40.145668,London-03e5,5,50,Normal
2026-02-14 07:27:41.145668,London-03e5,-21,81,Normal
2026-02-14 07:27:42.145668,London-03e5,42,91,Normal
2026-02-14 07:27:43.145668,London-03e5,10,15,Normal
2026-02-14 07:27:44.145668,London-03e5,16,1,Normal
2026-02-14 07:27:45.145668,London-03e5,0,77,Normal
2026-02-14 07:27:46.145668,London-03e5,11,19,Normal
2026-02-14 07:27:47.145668,London-03e5,36,84,Normal
2026-02-14 07:27:48.145668,London-03e5,3,58,Normal
2026-02-14 07:27:49.145668,London-03e5,17,63,Normal
2026-02-14 07:27:50.145668,London-03e5,-10,78,Normal
2026-02-14 07:27:51.145668,London-03e5,-11,74,Normal
2026-02-14 07:27:52.145668,London-03e5,36,36,Normal
2026-02-14 07:27:53.145668,London-03e5,-8,13,Normal
2026-02-14 07:27:54.145668,London-03e5,-28,42,Normal
2026-02-14 07:27:55.145668,London-03e5,-2,84,Normal
2026-02-14 07:27:56.145668,London-03e5,9,57,Normal
2026-02-14 07:27:57.145668,London-03e5,-5,25,Normal
2026-02-14 07:27:58.145668,London-03e5,33,63,Normal
2026-02-14 07:27:59.145668,London-03e5,10,61,Normal
2026-02-14 07:28:00.145668,London-03e5,4,75,Normal
2026-02-14 07:28:01.145668,London-03e5,35,68,Normal
2026-02-14 07:28:02.145668,London-03e5,14,31,Normal
2026-02-14 07:28:03.145668,London-03e5,-15,92,Normal
2026-02-14 07:28:04.145668,London-03e5,34,4,Normal
2026-02-14 07:28:05.145668,London-03e5,27,59,Normal
2026-02-14 07:28:06.145668,London-03e5,27,84,Normal
2026-02-14 07:28:07.145668,London-03e5,23,60,Normal
2026-02-14 07:28:08.145668,London-03e5,4,66,Normal
2026-02-14 07:28:09.145668,London-03e5,-9,43,Normal
2026-02-14 07:28:10.145668,London-03e5,-7,1,Normal
2026-02-14 07:28:11.145668,London-03e5,40,45,Normal
2026-02-14 07:28:12.145668,London-03e5,-5,32,Normal
2026-02-14 07:28:13.145668,London-03e5,23,93,Normal
2026-02-14 07:28:14.145668,London-03e5,33,48,Normal
2026-02-14 07:28:15.145668,London-03e5,18,85,Normal
2026-02-14 07:28:16.145668,London-03e5,26,96,Normal
2026-02-14 07:28:17.145668,London-03e5,3,79,Normal
2026-02-14 07:28:18.145668,London-03e5,3,27,Normal
2026-02-14 07:28:19.145668,London-03e5,1,11,Normal
2026-02-14 07:28:20.145668,London-03e5,-20,98,Normal
2026-02-14 07:28:21.145668,London-03e5,-9,36,Normal
2026-02-14 07:28:22.145668,London-03e5,-14,11,Normal
2026-02-14 07:28:23.145668,London-03e5,1,82,Normal
2026-02-14 07:28:24.145668,London-03e5,47,38,Normal
2026-02-14 07:28:25.145668,London-03e5,-7,44,Normal
2026-02-14 07:28:26.145668,London-03e5,-4,61,Normal
2026-02-14 07:28:27.145668,London-03e5,44,15,Normal
2026-02-14 07:28:28.145668,London-03e5,42,77,Normal
2026-02-14 07:28:29.145668,London-03e5,-5,37,Normal
2026-02-14 07:28:30.145668,London-03e5,-19,92,Normal
2026-02-14 07:28:31.145668,London-03e5,34,96,Normal
2026-02-14 07:28:32.145668,London-03e5,44,49,Normal
2026-02-14 07:28:33.145668,London-03e5,48,56,Normal
2026-02-14 07:28:34.145668,London-03e5,11,100,Normal
2026-02-14 07:28:35.145668,London-03e5,34,33,Normal
2026-02-14 07:28:36.145668,London-03e5,50,94,Normal
2026-02-14 07:28:37.145668,London-03e5,28,28,Normal
2026-02-14 07:28:38.145668,London-03e5,-8,14,Normal
2026-02-14 07:28:39.145668,London-03e5,-22,38,Normal
2026-02-14 07:28:40.145668,London-03e5,44,49,Normal
2026-02-14 07:28:41.145668,London-03e5,-4,59,Normal
2026-02-14 07:28:42.145668,London-03e5,47,25,Normal
2026-02-14 07:28:43.145668,London-03e5,-24,78,Normal
2026-02-14 07:28:44.145668,London-03e5,50,78,Normal
2026-02-14 07:28:45.145668,London-03e5,0,27,Normal
2026-02-14 07:28:46.145668,London-03e5,5,57,Normal
2026-02-14 07:28:47.145668,London-03e5,40,89,Normal
2026-02-14 07:28:48.145668,London-03e5,14,100,Normal
2026-02-14 07:28:49.145668,London-03e5,-29,74,Normal
2026-02-14 07:28:50.145668,London-03e5,-1,44,Normal
2026-02-14 07:28:51.145668,London-03e5,9,89,Normal
2026-02-14 07:28:52.145668,London-03e5,-16,99,Normal
2026-02-14 07:28:53.145668,London-03e5,-4,22,Normal
2026-02-14 07:28:54.145668,London-03e5,3,88,Normal
2026-02-14 07:28:55.145668,London-03e5,29,51,Normal
2026-02-14 07:28:56.145668,London-03e5,-20,88,Normal
2026-02-14 07:28:57.145668,London-03e5,9,93,Normal
2026-02-14 07:28:58.145668,London-03e5,5,8,Normal
2026-02-14 07:28:59.145668,London-03e5,26,35,Normal
2026-02-14 07:29:00.145668,London-03e5,5,30,Normal
2026-02-14 07:29:01.145668,London-03e5,-13,70,Normal
2026-02-14 07:29:02.145668,London-03e5,-1,85,Normal
2026-02-14 07:29:03.145668,London-03e5,39,74,Normal
2026-02-14 07:29:04.145668,London-03e5,47,62,Normal
2026-02-14 07:29:05.145668,London-03e5,40,30,Normal
2026-02-14 07:29:06.145668,London-03e5,-30,91,Normal
2026-02-14 07:29:07.145668,London-03e5,31,81,Normal
2026-02-14 07:29:08.145668,London-03e5,-15,73,Normal
2026-02-14 07:29:09.145668,London-03e5,29,41,Normal
2026-02-14 07:29:10.145668,London-03e5,-24,48,Normal
2026-02-14 07:29:11.145668,London-03e5,-3,87,Normal
2026-02-14 07:29:12.145668,London-03e5,24,5,Normal
2026-02-14 07:29:13.145668,London-03e5,32,94,Normal
2026-02-14 07:29:14.145668,London-03e5,-4,44,Normal
2026-02-14 07:29:15.145668,London-03e5,46,36,Normal
2026-02-14 07:29:16.145668,London-03e5,14,80,Normal
2026-02-14 07:29:17.145668,London-03e5,43,2,Normal
2026-02-14 07:29:18.145668,London-03e5,17,12,Normal
2026-02-14 07:29:19.145668,London-03e5,5,42,Normal
2026-02-14 07:29:20.145668,London-03e5,50,16,Normal
2026-02-14 07:29:21.145668,London-03e5,-28,62,Normal
2026-02-14 07:29:22.145668,London-03e5,-3,22,Normal
2026-02-14 07:29:23.145668,London-03e5,41,18,Normal
2026-02-14 07:29:24.145668,London-03e5,4,75,Normal
2026-02-14 07:29:25.145668,London-03e5,16,11,Normal
2026-02-14 07:29:26.145668,London-03e5,42,21,Normal
2026-02-14 07:29:27.145668,London-03e5,22,61,Normal
2026-02-14 07:29:28.145668,London-03e5,38,72,Normal
2026-02-14 07:29:29.145668,London-03e5,-27,21,Normal
2026-02-14 07:29:30.145668,London-03e5,-2,30,Normal
2026-02-14 07:29:31.145668,London-03e5,0,90,Normal
2026-02-14 07:29:32.145668,London-03e5,32,84,Normal
2026-02-14 07:29:33.145668,London-03e5,-21,76,Normal
2026-02-14 07:29:34.145668,London-03e5,-1,61,Normal
2026-02-14 07:29:35.145668,London-03e5,6,40,Normal
2026-02-14 07:29:36.145668,London-03e5,34,21,Normal
2026-02-14 07:29:37.145668,London-03e5,-26,29,Normal
2026-02-14 07:29:38.145668,London-03e5,49,15,Normal
2026-02-14 07:29:39.145668,London-03e5,26,25,Normal
2026-02-14 07:29:40.145668,London-03e5,5,24,Normal
2026-02-14 07:29:41.145668,London-03e5,50,4,Normal
2026-02-14 07:29:42.145668,London-03e5,9,54,Normal
2026-02-14 07:29:43.145668,London-03e5,19,46,Normal
2026-02-14 07:29:44.145668,London-03e5,-30,38,Normal
2026-02-14 07:29:45.145668,London-03e5,15,50,Normal
2026-02-14 07:29:46.145668,London-03e5,3,58,Normal
2026-02-14 07:29:47.145668,London-03e5,-17,75,Normal
2026-02-14 07:29:48.145668,London-03e5,37,72,Normal
2026-02-14 07:29:49.145668,London-03e5,-4,75,Normal
2026-02-14 07:29:50.145668,London-03e5,15,75,Normal
2026-02-14 07:29:51.145668,London-03e5,5,8,Normal
2026-02-14 07:29:52.145668,London-03e5,-9,86,Normal
2026-02-14 07:29:53.145668,London-03e5,42,99,Normal
2026-02-14 07:29:54.145668,London-03e5,-7,23,Normal
2026-02-14 07:29:55.145668,London-03e5,39,36,Normal
2026-02-14 07:29:56.145668,London-03e5,-7,5,Normal
2026-02-14 07:29:57.145668,London-03e5,33,35,Normal
2026-02-14 07:29:58.145668,London-03e5,35,60,Normal
2026-02-14 07:29:59.145668,London-03e5,41,94,Normal
2026-02-14 07:30:00.145668,London-03e5,-12,19,Normal
2026-02-14 07:30:01.145668,London-03e5,16,17,Normal
2026-02-14 07:30:02.145668,London-03e5,3,68,Normal
2026-02-14 07:30:03.145668,London-03e5,36,37,Normal
2026-02-14 07:30:04.145668,London-03e5,-26,95,Normal
2026-02-14 07:30:05.145668,London-03e5,-1,17,Normal
2026-02-14 07:30:06.145668,London-03e5,-5,83,Normal
2026-02-14 07:30:07.145668,London-03e5,33,97,Normal
2026-02-14 07:30:08.145668,London-03e5,-7,87,Normal
2026-02-14 07:30:09.145668,London-03e5,1,50,Normal
2026-02-14 07:30:10.145668,London-03e5,-19,14,Normal
2026-02-14 07:30:11.145668,London-03e5,-5,65,Normal
2026-02-14 07:30:12.145668,London-03e5,-7,37,Normal
2026-02-14 07:30:13.145668,London-03e5,0,72,Normal
2026-02-14 07:30:14.145668,London-03e5,-24,95,Normal
2026-02-14 07:30:15.145668,London-03e5,35,64,Normal
2026-02-14 07:30:16.145668,London-03e5,43,2,Normal
2026-02-14 07:30:17.145668,London-03e5,-10,63,Normal
2026-02-14 07:30:18.145668,London-03e5,4,38,Normal
2026-02-14 07:30:19.145668,London-03e5,21,32,Normal
2026-02-14 07:30:20.145668,London-03e5,-23,85,Normal
2026-02-14 07:30:21.145668,London-03e5,6,6,Normal
2026-02-14 07:30:22.145668,London-03e5,-7,13,Normal
2026-02-14 07:30:23.145668,London-03e5,4,84,Normal
2026-02-14 07:30:24.145668,London-03e5,-6,34,Normal
2026-02-14 07:30:25.145668,London-03e5,-4,92,Normal
2026-02-14 07:30:26.145668,London-03e5,17,48,Normal
2026-02-14 07:30:27.145668,London-03e5,-1,87,Normal
2026-02-14 07:30:28.145668,London-03e5,10,73,Normal
2026-02-14 07:30:29.145668,London-03e5,50,44,Normal
2026-02-14 07:30:30.145668,London-03e5,36,90,Normal
2026-02-14 07:30:31.145668,London-03e5,-28,71,Normal
2026-02-14 07:30:32.145668,London-03e5,7,60,Normal
2026-02-14 07:30:33.145668,London-03e5,7,67,Normal
2026-02-14 07:30:34.145668,London-03e5,-3,69,Normal
2026-02-14 07:30:35.145668,London-03e5,1,20,Normal
2026-02-14 07:30:36.145668,London-03e5,1,50,Normal
2026-02-14 07:30:37.145668,London-03e5,19,73,Normal
2026-02-14 07:30:38.145668,London-03e5,36,72,Normal
2026-02-14 07:30:39.145668,London-03e5,45,54,Normal
2026-02-14 07:30:40.145668,London-03e5,33,32,Normal
2026-02-14 07:30:41.145668,London-03e5,35,36,Normal
2026-02-14 07:30:42.145668,London-03e5,-11,4,Normal
2026-02-14 07:30:43.145668,London-03e5,-30,40,Normal
2026-02-14 07:30:44.145668,London-03e5,-30,21,Normal
2026-02-14 07:30:45.145668,London-03e5,10,97,Normal
2026-02-14 07:30:46.145668,London-03e5,-3,35,Normal
2026-02-14 07:30:47.145668,London-03e5,35,26,Normal
2026-02-14 07:30:48.145668,London-03e5,38,97,Normal
2026-02-14 07:30:49.145668,London-03e5,19,81,Normal
2026-02-14 07:30:50.145668,London-03e5,4,17,Normal
2026-02-14 07:30:51.145668,London-03e5,42,48,Normal
2026-02-14 07:30:52.145668,London-03e5,43,20,Normal
2026-02-14 07:30:53.145668,London-03e5,-18,9,Normal
2026-02-14 07:30:54.145668,London-03e5,-25,98,Normal
2026-02-14 07:30:55.145668,London-03e5,-11,12,Normal
2026-02-14 07:30:56.145668,London-03e5,-26,68,Normal
2026-02-14 07:30:57.145668,London-03e5,-6,28,Normal
2026-02-14 07:30:58.145668,London-03e5,1,54,Normal
2026-02-14 07:30:59.145668,London-03e5,-9,100,Normal
2026-02-14 07:31:00.145668,London-03e5,-27,19,Normal
2026-02-14 07:31:01.145668,London-03e5,-1,72,Normal
2026-02-14 07:31:02.145668,London-03e5,41,34,Normal
2026-02-14 07:31:03.145668,London-03e5,49,48,Normal
2026-02-14 07:31:04.145668,London-03e5,16,65,Normal
2026-02-14 07:31:05.145668,London-03e5,-24,22,Normal
2026-02-14 07:31:06.145668,London-03e5,-18,94,Normal
2026-02-14 07:31:07.145668,London-03e5,19,54,Normal
2026-02-14 07:31:08.145668,London-03e5,48,56,Normal
2026-02-14 07:31:09.145668,London-03e5,-7,94,Normal
2026-02-14 07:31:10.145668,London-03e5,18,9,Normal
2026-02-14 07:31:11.145668,London-03e5,28,48,Normal
2026-02-14 07:31:12.145668,London-03e5,32,76,Normal
2026-02-14 07:31:13.145668,London-03e5,15,11,Normal
2026-02-14 07:31:14.145668,London-03e5,-29,65,Normal
2026-02-14 07:31:15.145668,London-03e5,15,22,Normal
