timestamp,station_id,temp,humid,condition
2026-02-17 04:34:20.632177,Dubai-28df,39,92,Normal
2026-02-17 04:34:21.632177,Dubai-28df,-27,71,Normal
2026-02-17 04:34:22.632177,Dubai-28df,-7,94,Normal
2026-02-17 04:34:23.632177,Dubai-28df,-26,92,Normal
2026-02-17 04:34:24.632177,Dubai-28df,11,76,Normal
2026-02-17 04:34:25.632177,Dubai-28df,-23,25,Normal
2026-02-17 04:34:26.632177,Dubai-28df,-23,46,Normal
2026-02-17 04:34:27.632177,Dubai-28df,27,42,Normal
2026-02-17 04:34:28.632177,Dubai-28df,10,76,Normal
2026-02-17 04:34:29.632177,Dubai-28df,0,85,Normal
2026-02-17 04:34:30.632177,Dubai-28df,37,1,Normal
2026-02-17 04:34:31.632177,Dubai-28df,-23,78,Normal
2026-02-17 04:34:32.632177,Dubai-28df,28,91,Normal
2026-02-17 04:34:33.632177,Dubai-28df,-5,45,Normal
2026-02-17 04:34:34.632177,Dubai-28df,9,38,Normal
2026-02-17 04:34:35.632177,Dubai-28df,46,32,Normal
2026-02-17 04:34:36.632177,Dubai-28df,17,62,Normal
2026-02-17 04:34:37.632177,Dubai-28df,32,18,Normal
2026-02-17 04:34:38.632177,Dubai-28df,28,54,Normal
2026-02-17 04:34:39.632177,Dubai-28df,-4,74,Normal
2026-02-17 04:34:40.632177,Dubai-28df,14,73,Normal
2026-02-17 04:34:41.632177,Dubai-28df,0,56,Normal
2026-02-17 04:34:42.632177,Dubai-28df,-25,35,Normal
2026-02-17 04:34:43.632177,Dubai-28df,33,49,Normal
2026-02-17 04:34:44.632177,Dubai-28df,15,60,Normal
2026-02-17 04:34:45.632177,Dubai-28df,-13,51,Normal
2026-02-17 04:34:46.632177,Dubai-28df,-10,5,Normal
2026-02-17 04:34:47.632177,Dubai-28df,48,39,Normal
2026-02-17 04:34:48.632177,Dubai-28df,4,42,Normal
2026-02-17 04:34:49.632177,Dubai-28df,21,34,Normal
2026-02-17 04:34:50.632177,Dubai-28df,7,52,Normal
2026-02-17 04:34:51.632177,Dubai-28df,34,16,Normal
2026-02-17 04:34:52.632177,Dubai-28df,0,59,Normal
2026-02-17 04:34:53.632177,Dubai-28df,16,81,Normal
2026-02-17 04:34:54.632177,Dubai-28df,9,20,Normal
2026-02-17 04:34:55.632177,Dubai-28df,-2,70,Normal
2026-02-17 04:34:56.632177,Dubai-28df,11,92,Normal
2026-02-17 04:34:57.632177,Dubai-28df,18,34,Normal
2026-02-17 04:34:58.632177,Dubai-28df,33,64,Normal
2026-02-17 04:34:59.632177,Dubai-28df,8,85,Normal
2026-02-17 04:35:00.632177,Dubai-28df,3,20,Normal
2026-02-17 04:35:01.632177,Dubai-28df,25,11,Normal
2026-02-17 04:35:02.632177,Dubai-28df,25,91,Normal
2026-02-17 04:35:03.632177,Dubai-28df,-21,99,Normal
2026-02-17 04:35:04.632177,Dubai-28df,21,97,Normal
2026-02-17 04:35:05.632177,Dubai-28df,-13,41,Normal
2026-02-17 04:35:06.632177,Dubai-28df,-8,47,Normal
2026-02-17 04:35:07.632177,Dubai-28df,-26,84,Normal
2026-02-17 04:35:08.632177,Dubai-28df,9,36,Normal
2026-02-17 04:35:09.632177,Dubai-28df,-14,23,Normal
2026-02-17 04:35:10.632177,Dubai-28df,-13,13,Normal
2026-02-17 04:35:11.632177,Dubai-28df,37,25,Normal
2026-02-17 04:35:12.632177,Dubai-28df,33,78,Normal
2026-02-17 04:35:13.632177,Dubai-28df,-11,78,Normal
2026-02-17 04:35:14.632177,Dubai-28df,-5,81,Normal
2026-02-17 04:35:15.632177,Dubai-28df,-3,93,Normal
2026-02-17 04:35:16.632177,Dubai-28df,50,55,Normal
2026-02-17 04:35:17.632177,Dubai-28df,-24,24,Normal
2026-02-17 04:35:18.632177,Dubai-28df,3,17,Normal
2026-02-17 04:35:19.632177,Dubai-28df,20,53,Normal
2026-02-17 04:35:20.632177,Dubai-28df,10,55,Normal
2026-02-17 04:35:21.632177,Dubai-28df,49,98,Normal
2026-02-17 04:35:22.632177,Dubai-28df,-3,20,Normal
2026-02-17 04:35:23.632177,Dubai-28df,-26,74,Normal
2026-02-17 04:35:24.632177,Dubai-28df,25,30,Normal
2026-02-17 04:35:25.632177,Dubai-28df,35,75,Normal
2026-02-17 04:35:26.632177,Dubai-28df,39,21,Normal
2026-02-17 04:35:27.632177,Dubai-28df,-6,23,Normal
2026-02-17 04:35:28.632177,Dubai-28df,41,13,Normal
2026-02-17 04:35:29.632177,Dubai-28df,-1,58,Normal
2026-02-17 04:35:30.632177,Dubai-28df,-12,89,Normal
2026-02-17 04:35:31.632177,Dubai-28df,-4,62,Normal
2026-02-17 04:35:32.632177,Dubai-28df,31,29,Normal
2026-02-17 04:35:33.632177,Dubai-28df,42,64,Normal
2026-02-17 04:35:34.632177,Dubai-28df,39,18,Normal
2026-02-17 04:35:35.632177,Dubai-28df,-27,54,Normal
2026-02-17 04:35:36.632177,Dubai-28df,20,38,Normal
2026-02-17 04:35:37.632177,Dubai-28df,15,14,Normal
2026-02-17 04:35:38.632177,Dubai-28df,44,86,Normal
2026-02-17 04:35:39.632177,Dubai-28df,-9,1,Normal
2026-02-17 04:35:40.632177,Dubai-28df,-4,60,Normal
2026-02-17 04:35:41.632177,Dubai-28df,1,13,Normal
2026-02-17 04:35:42.632177,Dubai-28df,-6,57,Normal
2026-02-17 04:35:43.632177,Dubai-28df,-11,56,Normal
2026-02-17 04:35:44.632177,Dubai-28df,-21,93,Normal
2026-02-17 04:35:45.632177,Dubai-28df,1,47,Normal
2026-02-17 04:35:46.632177,Dubai-28df,-24,3,Normal
2026-02-17 04:35:47.632177,Dubai-28df,-16,25,Normal
2026-02-17 04:35:48.632177,Dubai-28df,-4,24,Normal
2026-02-17 04:35:49.632177,Dubai-28df,29,59,Normal
2026-02-17 04:35:50.632177,Dubai-28df,-9,16,Normal
2026-02-17 04:35:51.632177,Dubai-28df,-6,64,Normal
2026-02-17 04:35:52.632177,Dubai-28df,13,3,Normal
2026-02-17 04:35:53.632177,Dubai-28df,4,55,Normal
2026-02-17 04:35:54.632177,Dubai-28df,23,100,Normal
2026-02-17 04:35:55.632177,Dubai-28df,12,41,Normal
2026-02-17 04:35:56.632177,Dubai-28df,37,87,Normal
2026-02-17 04:35:57.632177,Dubai-28df,-13,49,Normal
2026-02-17 04:35:58.632177,Dubai-28df,-1,51,Normal
2026-02-17 04:35:59.632177,Dubai-28df,39,54,Normal
2026-02-17 04:36:00.632177,Dubai-28df,40,30,Normal
2026-02-17 04:36:01.632177,Dubai-28df,47,82,Normal
2026-02-17 04:36:02.632177,Dubai-28df,-25,4,Normal
2026-02-17 04:36:03.632177,Dubai-28df,49,0,Normal
2026-02-17 04:36:04.632177,Dubai-28df,-3,73,Normal
2026-02-17 04:36:05.632177,Dubai-28df,31,94,Normal
2026-02-17 04:36:06.632177,Dubai-28df,-12,90,Normal
2026-02-17 04:36:07.632177,Dubai-28df,33,28,Normal
2026-02-17 04:36:08.632177,Dubai-28df,30,61,Normal
2026-02-17 04:36:09.632177,Dubai-28df,48,43,Normal
2026-02-17 04:36:10.632177,Dubai-28df,12,80,Normal
2026-02-17 04:36:11.632177,Dubai-28df,-7,41,Normal
2026-02-17 04:36:12.632177,Dubai-28df,36,62,Normal
2026-02-17 04:36:13.632177,Dubai-28df,35,99,Normal
2026-02-17 04:36:14.632177,Dubai-28df,23,25,Normal
2026-02-17 04:36:15.632177,Dubai-28df,-9,33,Normal
2026-02-17 04:36:16.632177,Dubai-28df,-28,35,Normal
2026-02-17 04:36:17.632177,Dubai-28df,42,28,Normal
2026-02-17 04:36:18.632177,Dubai-28df,38,19,Normal
2026-02-17 04:36:19.632177,Dubai-28df,42,93,Normal
2026-02-17 04:36:20.632177,Dubai-28df,6,98,Normal
2026-02-17 04:36:21.632177,Dubai-28df,16,99,Normal
2026-02-17 04:36:22.632177,Dubai-28df,36,84,Normal
2026-02-17 04:36:23.632177,Dubai-28df,-24,19,Normal
2026-02-17 04:36:24.632177,Dubai-28df,-29,21,Normal
2026-02-17 04:36:25.632177,Dubai-28df,42,11,Normal
2026-02-17 04:36:26.632177,Dubai-28df,30,68,Normal
2026-02-17 04:36:27.632177,Dubai-28df,31,36,Normal
2026-02-17 04:36:28.632177,Dubai-28df,-12,81,Normal
2026-02-17 04:36:29.632177,Dubai-28df,49,61,Normal
2026-02-17 04:36:30.632177,Dubai-28df,-22,100,Normal
2026-02-17 04:36:31.632177,Dubai-28df,-22,57,Normal
2026-02-17 04:36:32.632177,Dubai-28df,43,7,Normal
2026-02-17 04:36:33.632177,Dubai-28df,35,66,Normal
2026-02-17 04:36:34.632177,Dubai-28df,46,43,Normal
2026-02-17 04:36:35.632177,Dubai-28df,5,42,Normal
2026-02-17 04:36:36.632177,Dubai-28df,-9,5,Normal
2026-02-17 04:36:37.632177,Dubai-28df,32,72,Normal
2026-02-17 04:36:38.632177,Dubai-28df,-16,25,Normal
2026-02-17 04:36:39.632177,Dubai-28df,-4,61,Normal
2026-02-17 04:36:40.632177,Dubai-28df,-25,81,Normal
2026-02-17 04:36:41.632177,Dubai-28df,38,90,Normal
2026-02-17 04:36:42.632177,Dubai-28df,25,8,Normal
2026-02-17 04:36:43.632177,Dubai-28df,-5,68,Normal
2026-02-17 04:36:44.632177,Dubai-28df,-12,86,Normal
2026-02-17 04:36:45.632177,Dubai-28df,26,17,Normal
2026-02-17 04:36:46.632177,Dubai-28df,43,54,Normal
2026-02-17 04:36:47.632177,Dubai-28df,44,94,Normal
2026-02-17 04:36:48.632177,Dubai-28df,37,51,Normal
2026-02-17 04:36:49.632177,Dubai-28df,-5,30,Normal
2026-02-17 04:36:50.632177,Dubai-28df,-8,46,Normal
2026-02-17 04:36:51.632177,Dubai-28df,-19,10,Normal
2026-02-17 04:36:52.632177,Dubai-28df,39,51,Normal
2026-02-17 04:36:53.632177,Dubai-28df,35,73,Normal
2026-02-17 04:36:54.632177,Dubai-28df,-19,76,Normal
2026-02-17 04:36:55.632177,Dubai-28df,48,5,Normal
2026-02-17 04:36:56.632177,Dubai-28df,42,13,Normal
2026-02-17 04:36:57.632177,Dubai-28df,19,41,Normal
2026-02-17 04:36:58.632177,Dubai-28df,9,75,Normal
2026-02-17 04:36:59.632177,Dubai-28df,-10,9,Normal
2026-02-17 04:37:00.632177,Dubai-28df,6,89,Normal
2026-02-17 04:37:01.632177,Dubai-28df,36,78,Normal
2026-02-17 04:37:02.632177,Dubai-28df,49,36,Normal
2026-02-17 04:37:03.632177,Dubai-28df,-25,72,Normal
2026-02-17 04:37:04.632177,Dubai-28df,15,80,Normal
2026-02-17 04:37:05.632177,Dubai-28df,24,42,Normal
2026-02-17 04:37:06.632177,Dubai-28df,34,84,Normal
2026-02-17 04:37:07.632177,Dubai-28df,13,23,Normal
2026-02-17 04:37:08.632177,Dubai-28df,24,100,Normal
2026-02-17 04:37:09.632177,Dubai-28df,-16,17,Normal
2026-02-17 04:37:10.632177,Dubai-28df,-21,73,Normal
2026-02-17 04:37:11.632177,Dubai-28df,-11,49,Normal
2026-02-17 04:37:12.632177,Dubai-28df,5,8,Normal
2026-02-17 04:37:13.632177,Dubai-28df,24,63,Normal
2026-02-17 04:37:14.632177,Dubai-28df,-13,39,Normal
2026-02-17 04:37:15.632177,Dubai-28df,42,25,Normal
2026-02-17 04:37:16.632177,Dubai-28df,-3,72,Normal
2026-02-17 04:37:17.632177,Dubai-28df,23,57,Normal
2026-02-17 04:37:18.632177,Dubai-28df,-15,78,Normal
2026-02-17 04:37:19.632177,Dubai-28df,-30,63,Normal
2026-02-17 04:37:20.632177,Dubai-28df,0,41,Normal
2026-02-17 04:37:21.632177,Dubai-28df,10,51,Normal
2026-02-17 04:37:22.632177,Dubai-28df,0,38,Normal
2026-02-17 04:37:23.632177,Dubai-28df,22,67,Normal
2026-02-17 04:37:24.632177,Dubai-28df,43,42,Normal
2026-02-17 04:37:25.632177,Dubai-28df,1,85,Normal
2026-02-17 04:37:26.632177,Dubai-28df,28,13,Normal
2026-02-17 04:37:27.632177,Dubai-28df,9,88,Normal
2026-02-17 04:37:28.632177,Dubai-28df,17,94,Normal
2026-02-17 04:37:29.632177,Dubai-28df,48,18,Normal
2026-02-17 04:37:30.632177,Dubai-28df,21,48,Normal
2026-02-17 04:37:31.632177,Dubai-28df,25,1,Normal
2026-02-17 04:37:32.632177,Dubai-28df,12,26,Normal
2026-02-17 04:37:33.632177,Dubai-28df,-12,1,Normal
2026-02-17 04:37:34.632177,Dubai-28df,7,33,Normal
2026-02-17 04:37:35.632177,Dubai-28df,0,75,Normal
2026-02-17 04:37:36.632177,Dubai-28df,34,80,Normal
2026-02-17 04:37:37.632177,Dubai-28df,-16,21,Normal
2026-02-17 04:37:38.632177,Dubai-28df,37,64,Normal
2026-02-17 04:37:39.632177,Dubai-28df,30,48,Normal
2026-02-17 04:37:40.632177,Dubai-28df,48,83,Normal
2026-02-17 04:37:41.632177,Dubai-28df,6,50,Normal
2026-02-17 04:37:42.632177,Dubai-28df,38,85,Normal
2026-02-17 04:37:43.632177,Dubai-28df,37,46,Normal
2026-02-17 04:37:44.632177,Dubai-28df,31,22,Normal
2026-02-17 04:37:45.632177,Dubai-28df,-2,54,Normal
2026-02-17 04:37:46.632177,Dubai-28df,47,61,Normal
2026-02-17 04:37:47.632177,Dubai-28df,-24,89,Normal
2026-02-17 04:37:48.632177,Dubai-28df,43,81,Normal
2026-02-17 04:37:49.632177,Dubai-28df,36,2,Normal
2026-02-17 04:37:50.632177,Dubai-28df,5,21,Normal
2026-02-17 04:37:51.632177,Dubai-28df,2,87,Normal
2026-02-17 04:37:52.632177,Dubai-28df,9,19,Normal
2026-02-17 04:37:53.632177,Dubai-28df,-6,27,Normal
2026-02-17 04:37:54.632177,Dubai-28df,22,44,Normal
2026-02-17 04:37:55.632177,Dubai-28df,-30,30,Normal
2026-02-17 04:37:56.632177,Dubai-28df,-30,68,Normal
2026-02-17 04:37:57.632177,Dubai-28df,4,57,Normal
2026-02-17 04:37:58.632177,Dubai-28df,29,12,Normal
2026-02-17 04:37:59.632177,Dubai-28df,-25,59,Normal
2026-02-17 04:38:00.632177,Dubai-28df,-24,93,Normal
2026-02-17 04:38:01.632177,Dubai-28df,-4,94,Normal
2026-02-17 04:38:02.632177,Dubai-28df,-29,40,Normal
2026-02-17 04:38:03.632177,Dubai-28df,14,72,Normal
2026-02-17 04:38:04.632177,Dubai-28df,-18,35,Normal
2026-02-17 04:38:05.632177,Dubai-28df,-28,85,Normal
2026-02-17 04:38:06.632177,Dubai-28df,32,18,Normal
2026-02-17 04:38:07.632177,Dubai-28df,6,72,Normal
2026-02-17 04:38:08.632177,Dubai-28df,-2,54,Normal
2026-02-17 04:38:09.632177,Dubai-28df,30,7,Normal
2026-02-17 04:38:10.632177,Dubai-28df,12,41,Normal
2026-02-17 04:38:11.632177,Dubai-28df,-19,8,Normal
2026-02-17 04:38:12.632177,Dubai-28df,4,12,Normal
2026-02-17 04:38:13.632177,Dubai-28df,41,87,Normal
2026-02-17 04:38:14.632177,Dubai-28df,-18,1,Normal
2026-02-17 04:38:15.632177,Dubai-28df,33,99,Normal
2026-02-17 04:38:16.632177,Dubai-28df,-30,16,Normal
2026-02-17 04:38:17.632177,Dubai-28df,-21,68,Normal
2026-02-17 04:38:18.632177,Dubai-28df,-28,3,Normal
2026-02-17 04:38:19.632177,Dubai-28df,-6,29,Normal
2026-02-17 04:38:20.632177,Dubai-28df,14,62,Normal
2026-02-17 04:38:21.632177,Dubai-28df,-21,12,Normal
2026-02-17 04:38:22.632177,Dubai-28df,41,95,Normal
2026-02-17 04:38:23.632177,Dubai-28df,46,23,Normal
2026-02-17 04:38:24.632177,Dubai-28df,50,71,Normal
2026-02-17 04:38:25.632177,Dubai-28df,-9,23,Normal
2026-02-17 04:38:26.632177,Dubai-28df,8,2,Normal
2026-02-17 04:38:27.632177,Dubai-28df,-7,71,Normal
2026-02-17 04:38:28.632177,Dubai-28df,44,17,Normal
2026-02-17 04:38:29.632177,Dubai-28df,3,24,Normal
2026-02-17 04:38:30.632177,Dubai-28df,-26,17,Normal
2026-02-17 04:38:31.632177,Dubai-28df,-22,89,Normal
2026-02-17 04:38:32.632177,Dubai-28df,10,44,Normal
2026-02-17 04:38:33.632177,Dubai-28df,0,24,Normal
2026-02-17 04:38:34.632177,Dubai-28df,35,35,Normal
2026-02-17 04:38:35.632177,Dubai-28df,10,77,Normal
2026-02-17 04:38:36.632177,Dubai-28df,3,29,Normal
2026-02-17 04:38:37.632177,Dubai-28df,-29,44,Normal
2026-02-17 04:38:38.632177,Dubai-28df,17,59,Normal
2026-02-17 04:38:39.632177,Dubai-28df,-27,2,Normal
2026-02-17 04:38:40.632177,Dubai-28df,-30,7,Normal
2026-02-17 04:38:41.632177,Dubai-28df,16,22,Normal
2026-02-17 04:38:42.632177,Dubai-28df,-13,98,Normal
2026-02-17 04:38:43.632177,Dubai-28df,-9,46,Normal
2026-02-17 04:38:44.632177,Dubai-28df,36,59,Normal
2026-02-17 04:38:45.632177,Dubai-28df,26,38,Normal
2026-02-17 04:38:46.632177,Dubai-28df,16,33,Normal
2026-02-17 04:38:47.632177,Dubai-28df,-24,88,Normal
2026-02-17 04:38:48.632177,Dubai-28df,45,93,Normal
2026-02-17 04:38:49.632177,Dubai-28df,44,50,Normal
2026-02-17 04:38:50.632177,Dubai-28df,49,0,Normal
2026-02-17 04:38:51.632177,Dubai-28df,0,87,Normal
2026-02-17 04:38:52.632177,Dubai-28df,-12,32,Normal
2026-02-17 04:38:53.632177,Dubai-28df,-23,86,Normal
2026-02-17 04:38:54.632177,Dubai-28df,-9,10,Normal
2026-02-17 04:38:55.632177,Dubai-28df,25,84,Normal
2026-02-17 04:38:56.632177,Dubai-28df,-23,68,Normal
2026-02-17 04:38:57.632177,Dubai-28df,-2,69,Normal
2026-02-17 04:38:58.632177,Dubai-28df,-14,21,Normal
2026-02-17 04:38:59.632177,Dubai-28df,-25,16,Normal
2026-02-17 04:39:00.632177,Dubai-28df,50,67,Normal
2026-02-17 04:39:01.632177,Dubai-28df,14,34,Normal
2026-02-17 04:39:02.632177,Dubai-28df,-24,62,Normal
2026-02-17 04:39:03.632177,Dubai-28df,-19,39,Normal
2026-02-17 04:39:04.632177,Dubai-28df,-18,43,Normal
2026-02-17 04:39:05.632177,Dubai-28df,-27,51,Normal
2026-02-17 04:39:06.632177,Dubai-28df,13,47,Normal
2026-02-17 04:39:07.632177,Dubai-28df,48,64,Normal
2026-02-17 04:39:08.632177,Dubai-28df,-16,41,Normal
2026-02-17 04:39:09.632177,Dubai-28df,-15,88,Normal
2026-02-17 04:39:10.632177,Dubai-28df,35,95,Normal
2026-02-17 04:39:11.632177,Dubai-28df,-22,88,Normal
2026-02-17 04:39:12.632177,Dubai-28df,13,11,Normal
2026-02-17 04:39:13.632177,Dubai-28df,44,41,Normal
2026-02-17 04:39:14.632177,Dubai-28df,6,92,Normal
2026-02-17 04:39:15.632177,Dubai-28df,38,3,Normal
2026-02-17 04:39:16.632177,Dubai-28df,-10,61,Normal
2026-02-17 04:39:17.632177,Dubai-28df,45,28,Normal
2026-02-17 04:39:18.632177,Dubai-28df,-12,87,Normal
2026-02-17 04:39:19.632177,Dubai-28df,-3,52,Normal
2026-02-17 04:39:20.632177,Dubai-28df,30,83,Normal
2026-02-17 04:39:21.632177,Dubai-28df,38,58,Normal
2026-02-17 04:39:22.632177,Dubai-28df,-9,100,Normal
2026-02-17 04:39:23.632177,Dubai-28df,13,97,Normal
2026-02-17 04:39:24.632177,Dubai-28df,2,50,Normal
2026-02-17 04:39:25.632177,Dubai-28df,0,39,Normal
2026-02-17 04:39:26.632177,Dubai-28df,-7,6,Normal
2026-02-17 04:39:27.632177,Dubai-28df,30,18,Normal
2026-02-17 04:39:28.632177,Dubai-28df,6,44,Normal
2026-02-17 04:39:29.632177,Dubai-28df,6,20,Normal
2026-02-17 04:39:30.632177,Dubai-28df,-21,80,Normal
2026-02-17 04:39:31.632177,Dubai-28df,50,22,Normal
2026-02-17 04:39:32.632177,Dubai-28df,33,62,Normal
2026-02-17 04:39:33.632177,Dubai-28df,-19,60,Normal
2026-02-17 04:39:34.632177,Dubai-28df,-28,32,Normal
2026-02-17 04:39:35.632177,Dubai-28df,-9,73,Normal
2026-02-17 04:39:36.632177,Dubai-28df,35,98,Normal
2026-02-17 04:39:37.632177,Dubai-28df,45,71,Normal
2026-02-17 04:39:38.632177,Dubai-28df,13,4,Normal
2026-02-17 04:39:39.632177,Dubai-28df,-6,16,Normal
2026-02-17 04:39:40.632177,Dubai-28df,43,96,Normal
2026-02-17 04:39:41.632177,Dubai-28df,34,93,Normal
2026-02-17 04:39:42.632177,Dubai-28df,2,83,Normal
2026-02-17 04:39:43.632177,Dubai-28df,-2,93,Normal
2026-02-17 04:39:44.632177,Dubai-28df,-9,66,Normal
2026-02-17 04:39:45.632177,Dubai-28df,5,72,Normal
2026-02-17 04:39:46.632177,Dubai-28df,32,77,Normal
2026-02-17 04:39:47.632177,Dubai-28df,-2,95,Normal
2026-02-17 04:39:48.632177,Dubai-28df,-3,75,Normal
2026-02-17 04:39:49.632177,Dubai-28df,-28,34,Normal
2026-02-17 04:39:50.632177,Dubai-28df,-29,69,Normal
2026-02-17 04:39:51.632177,Dubai-28df,8,42,Normal
2026-02-17 04:39:52.632177,Dubai-28df,28,68,Normal
2026-02-17 04:39:53.632177,Dubai-28df,-8,77,Normal
2026-02-17 04:39:54.632177,Dubai-28df,34,99,Normal
2026-02-17 04:39:55.632177,Dubai-28df,-29,77,Normal
2026-02-17 04:39:56.632177,Dubai-28df,-11,26,Normal
2026-02-17 04:39:57.632177,Dubai-28df,50,74,Normal
2026-02-17 04:39:58.632177,Dubai-28df,23,65,Normal
2026-02-17 04:39:59.632177,Dubai-28df,19,16,Normal
2026-02-17 04:40:00.632177,Dubai-28df,-5,26,Normal
2026-02-17 04:40:01.632177,Dubai-28df,-26,15,Normal
2026-02-17 04:40:02.632177,Dubai-28df,3,84,Normal
2026-02-17 04:40:03.632177,Dubai-28df,-10,53,Normal
2026-02-17 04:40:04.632177,Dubai-28df,11,85,Normal
2026-02-17 04:40:05.632177,Dubai-28df,32,57,Normal
2026-02-17 04:40:06.632177,Dubai-28df,6,30,Normal
2026-02-17 04:40:07.632177,Dubai-28df,-27,49,Normal
2026-02-17 04:40:08.632177,Dubai-28df,41,72,Normal
2026-02-17 04:40:09.632177,Dubai-28df,34,66,Normal
2026-02-17 04:40:10.632177,Dubai-28df,-25,87,Normal
2026-02-17 04:40:11.632177,Dubai-28df,2,9,Normal
2026-02-17 04:40:12.632177,Dubai-28df,-20,9,Normal
2026-02-17 04:40:13.632177,Dubai-28df,27,41,Normal
2026-02-17 04:40:14.632177,Dubai-28df,32,48,Normal
2026-02-17 04:40:15.632177,Dubai-28df,7,86,Normal
2026-02-17 04:40:16.632177,Dubai-28df,13,99,Normal
2026-02-17 04:40:17.632177,Dubai-28df,29,91,Normal
2026-02-17 04:40:18.632177,Dubai-28df,1,68,Normal
2026-02-17 04:40:19.632177,Dubai-28df,43,72,Normal
2026-02-17 04:40:20.632177,Dubai-28df,28,12,Normal
2026-02-17 04:40:21.632177,Dubai-28df,34,97,Normal
2026-02-17 04:40:22.632177,Dubai-28df,47,77,Normal
2026-02-17 04:40:23.632177,Dubai-28df,-13,33,Normal
2026-02-17 04:40:24.632177,Dubai-28df,15,4,Normal
2026-02-17 04:40:25.632177,Dubai-28df,-17,97,Normal
2026-02-17 04:40:26.632177,Dubai-28df,-3,51,Normal
2026-02-17 04:40:27.632177,Dubai-28df,-26,84,Normal
2026-02-17 04:40:28.632177,Dubai-28df,41,59,Normal
2026-02-17 04:40:29.632177,Dubai-28df,19,6,Normal
2026-02-17 04:40:30.632177,Dubai-28df,32,95,Normal
2026-02-17 04:40:31.632177,Dubai-28df,14,95,Normal
2026-02-17 04:40:32.632177,Dubai-28df,49,51,Normal
2026-02-17 04:40:33.632177,Dubai-28df,-15,56,Normal
2026-02-17 04:40:34.632177,Dubai-28df,10,4,Normal
2026-02-17 04:40:35.632177,Dubai-28df,18,94,Normal
2026-02-17 04:40:36.632177,Dubai-28df,-30,71,Normal
2026-02-17 04:40:37.632177,Dubai-28df,37,17,Normal
2026-02-17 04:40:38.632177,Dubai-28df,0,28,Normal
2026-02-17 04:40:39.632177,Dubai-28df,46,50,Normal
2026-02-17 04:40:40.632177,Dubai-28df,50,39,Normal
2026-02-17 04:40:41.632177,Dubai-28df,22,78,Normal
2026-02-17 04:40:42.632177,Dubai-28df,-17,84,Normal
2026-02-17 04:40:43.632177,Dubai-28df,5,92,Normal
2026-02-17 04:40:44.632177,Dubai-28df,-23,71,Normal
2026-02-17 04:40:45.632177,Dubai-28df,-24,93,Normal
2026-02-17 04:40:46.632177,Dubai-28df,37,65,Normal
2026-02-17 04:40:47.632177,Dubai-28df,48,26,Normal
2026-02-17 04:40:48.632177,Dubai-28df,45,49,Normal
2026-02-17 04:40:49.632177,Dubai-28df,-3,67,Normal
2026-02-17 04:40:50.632177,Dubai-28df,-5,72,Normal
2026-02-17 04:40:51.632177,Dubai-28df,29,22,Normal
2026-02-17 04:40:52.632177,Dubai-28df,35,47,Normal
2026-02-17 04:40:53.632177,Dubai-28df,49,93,Normal
2026-02-17 04:40:54.632177,Dubai-28df,-23,6,Normal
2026-02-17 04:40:55.632177,Dubai-28df,-16,91,Normal
2026-02-17 04:40:56.632177,Dubai-28df,-8,22,Normal
2026-02-17 04:40:57.632177,Dubai-28df,10,92,Normal
2026-02-17 04:40:58.632177,Dubai-28df,29,86,Normal
2026-02-17 04:40:59.632177,Dubai-28df,5,25,Normal
2026-02-17 04:41:00.632177,Dubai-28df,-21,18,Normal
2026-02-17 04:41:01.632177,Dubai-28df,20,84,Normal
2026-02-17 04:41:02.632177,Dubai-28df,35,47,Normal
2026-02-17 04:41:03.632177,Dubai-28df,22,71,Normal
2026-02-17 04:41:04.632177,Dubai-28df,8,98,Normal
2026-02-17 04:41:05.632177,Dubai-28df,49,19,Normal
2026-02-17 04:41:06.632177,Dubai-28df,-20,48,Normal
2026-02-17 04:41:07.632177,Dubai-28df,-11,75,Normal
2026-02-17 04:41:08.632177,Dubai-28df,37,50,Normal
2026-02-17 04:41:09.632177,Dubai-28df,-28,40,Normal
2026-02-17 04:41:10.632177,Dubai-28df,-18,73,Normal
2026-02-17 04:41:11.632177,Dubai-28df,18,78,Normal
2026-02-17 04:41:12.632177,Dubai-28df,36,71,Normal
2026-02-17 04:41:13.632177,Dubai-28df,36,94,Normal
2026-02-17 04:41:14.632177,Dubai-28df,27,77,Normal
2026-02-17 04:41:15.632177,Dubai-28df,35,31,Normal
2026-02-17 04:41:16.632177,Dubai-28df,9,79,Normal
2026-02-17 04:41:17.632177,Dubai-28df,2,4,Normal
2026-02-17 04:41:18.632177,Dubai-28df,11,27,Normal
2026-02-17 04:41:19.632177,Dubai-28df,-25,16,Normal
2026-02-17 04:41:20.632177,Dubai-28df,-14,65,Normal
2026-02-17 04:41:21.632177,Dubai-28df,-1,4,Normal
2026-02-17 04:41:22.632177,Dubai-28df,8,49,Normal
2026-02-17 04:41:23.632177,Dubai-28df,-6,49,Normal
2026-02-17 04:41:24.632177,Dubai-28df,8,46,Normal
2026-02-17 04:41:25.632177,Dubai-28df,4,64,Normal
2026-02-17 04:41:26.632177,Dubai-28df,44,56,Normal
2026-02-17 04:41:27.632177,Dubai-28df,5,49,Normal
2026-02-17 04:41:28.632177,Dubai-28df,18,67,Normal
2026-02-17 04:41:29.632177,Dubai-28df,-15,55,Normal
2026-02-17 04:41:30.632177,Dubai-28df,16,1,Normal
2026-02-17 04:41:31.632177,Dubai-28df,-6,31,Normal
2026-02-17 04:41:32.632177,Dubai-28df,-29,98,Normal
2026-02-17 04:41:33.632177,Dubai-28df,-29,27,Normal
2026-02-17 04:41:34.632177,Dubai-28df,26,34,Normal
2026-02-17 04:41:35.632177,Dubai-28df,50,86,Normal
2026-02-17 04:41:36.632177,Dubai-28df,29,44,Normal
2026-02-17 04:41:37.632177,Dubai-28df,-2,0,Normal
2026-02-17 04:41:38.632177,Dubai-28df,35,84,Normal
2026-02-17 04:41:39.632177,Dubai-28df,7,93,Normal
2026-02-17 04:41:40.632177,Dubai-28df,-20,1,Normal
2026-02-17 04:41:41.632177,Dubai-28df,-12,96,Normal
2026-02-17 04:41:42.632177,Dubai-28df,37,16,Normal
2026-02-17 04:41:43.632177,Dubai-28df,-19,9,Normal
2026-02-17 04:41:44.632177,Dubai-28df,4,33,Normal
2026-02-17 04:41:45.632177,Dubai-28df,43,1,Normal
2026-02-17 04:41:46.632177,Dubai-28df,4,37,Normal
2026-02-17 04:41:47.632177,Dubai-28df,22,92,Normal
2026-02-17 04:41:48.632177,Dubai-28df,7,66,Normal
2026-02-17 04:41:49.632177,Dubai-28df,-4,35,Normal
2026-02-17 04:41:50.632177,Dubai-28df,-2,38,Normal
2026-02-17 04:41:51.632177,Dubai-28df,5,78,Normal
2026-02-17 04:41:52.632177,Dubai-28df,-19,92,Normal
2026-02-17 04:41:53.632177,Dubai-28df,-12,91,Normal
2026-02-17 04:41:54.632177,Dubai-28df,43,40,Normal
2026-02-17 04:41:55.632177,Dubai-28df,40,36,Normal
2026-02-17 04:41:56.632177,Dubai-28df,25,27,Normal
2026-02-17 04:41:57.632177,Dubai-28df,29,42,Normal
2026-02-17 04:41:58.632177,Dubai-28df,-3,33,Normal
2026-02-17 04:41:59.632177,Dubai-28df,36,33,Normal
2026-02-17 04:42:00.632177,Dubai-28df,46,40,Normal
2026-02-17 04:42:01.632177,Dubai-28df,19,68,Normal
2026-02-17 04:42:02.632177,Dubai-28df,-23,80,Normal
2026-02-17 04:42:03.632177,Dubai-28df,4,61,Normal
2026-02-17 04:42:04.632177,Dubai-28df,17,52,Normal
2026-02-17 04:42:05.632177,Dubai-28df,-3,28,Normal
2026-02-17 04:42:06.632177,Dubai-28df,-12,69,Normal
2026-02-17 04:42:07.632177,Dubai-28df,-14,69,Normal
2026-02-17 04:42:08.632177,Dubai-28df,34,92,Normal
2026-02-17 04:42:09.632177,Dubai-28df,1,13,Normal
2026-02-17 04:42:10.632177,Dubai-28df,-22,67,Normal
2026-02-17 04:42:11.632177,Dubai-28df,41,14,Normal
2026-02-17 04:42:12.632177,Dubai-28df,25,24,Normal
2026-02-17 04:42:13.632177,Dubai-28df,50,77,Normal
2026-02-17 04:42:14.632177,Dubai-28df,42,37,Normal
2026-02-17 04:42:15.632177,Dubai-28df,-23,5,Normal
2026-02-17 04:42:16.632177,Dubai-28df,26,84,Normal
2026-02-17 04:42:17.632177,Dubai-28df,31,52,Normal
2026-02-17 04:42:18.632177,Dubai-28df,-11,68,Normal
2026-02-17 04:42:19.632177,Dubai-28df,-22,97,Normal
2026-02-17 04:42:20.632177,Dubai-28df,2,69,Normal
2026-02-17 04:42:21.632177,Dubai-28df,27,16,Normal
2026-02-17 04:42:22.632177,Dubai-28df,-28,37,Normal
2026-02-17 04:42:23.632177,Dubai-28df,-10,3,Normal
2026-02-17 04:42:24.632177,Dubai-28df,4,28,Normal
2026-02-17 04:42:25.632177,Dubai-28df,1,58,Normal
2026-02-17 04:42:26.632177,Dubai-28df,21,95,Normal
2026-02-17 04:42:27.632177,Dubai-28df,-16,95,Normal
2026-02-17 04:42:28.632177,Dubai-28df,15,41,Normal
2026-02-17 04:42:29.632177,Dubai-28df,26,69,Normal
2026-02-17 04:42:30.632177,Dubai-28df,14,26,Normal
2026-02-17 04:42:31.632177,Dubai-28df,20,58,Normal
2026-02-17 04:42:32.632177,Dubai-28df,18,3,Normal
2026-02-17 04:42:33.632177,Dubai-28df,-19,39,Normal
2026-02-17 04:42:34.632177,Dubai-28df,4,74,Normal
2026-02-17 04:42:35.632177,Dubai-28df,-27,88,Normal
2026-02-17 04:42:36.632177,Dubai-28df,-7,16,Normal
2026-02-17 04:42:37.632177,Dubai-28df,48,85,Normal
2026-02-17 04:42:38.632177,Dubai-28df,4,17,Normal
2026-02-17 04:42:39.632177,Dubai-28df,-6,49,Normal
2026-02-17 04:42:40.632177,Dubai-28df,-14,96,Normal
2026-02-17 04:42:41.632177,Dubai-28df,2,48,Normal
2026-02-17 04:42:42.632177,Dubai-28df,-25,71,Normal
2026-02-17 04:42:43.632177,Dubai-28df,13,32,Normal
2026-02-17 04:42:44.632177,Dubai-28df,30,73,Normal
2026-02-17 04:42:45.632177,Dubai-28df,31,52,Normal
2026-02-17 04:42:46.632177,Dubai-28df,-4,17,Normal
2026-02-17 04:42:47.632177,Dubai-28df,31,68,Normal
2026-02-17 04:42:48.632177,Dubai-28df,-22,48,Normal
2026-02-17 04:42:49.632177,Dubai-28df,33,99,Normal
2026-02-17 04:42:50.632177,Dubai-28df,17,87,Normal
2026-02-17 04:42:51.632177,Dubai-28df,28,100,Normal
2026-02-17 04:42:52.632177,Dubai-28df,29,56,Normal
2026-02-17 04:42:53.632177,Dubai-28df,28,74,Normal
2026-02-17 04:42:54.632177,Dubai-28df,49,76,Normal
2026-02-17 04:42:55.632177,Dubai-28df,-17,6,Normal
2026-02-17 04:42:56.632177,Dubai-28df,-20,69,Normal
2026-02-17 04:42:57.632177,Dubai-28df,42,86,Normal
2026-02-17 04:42:58.632177,Dubai-28df,37,90,Normal
2026-02-17 04:42:59.632177,Dubai-28df,44,35,Normal
2026-02-17 04:43:00.632177,Dubai-28df,3,15,Normal
2026-02-17 04:43:01.632177,Dubai-28df,-30,75,Normal
2026-02-17 04:43:02.632177,Dubai-28df,31,83,Normal
2026-02-17 04:43:03.632177,Dubai-28df,24,4,Normal
2026-02-17 04:43:04.632177,Dubai-28df,-2,24,Normal
2026-02-17 04:43:05.632177,Dubai-28df,50,48,Normal
2026-02-17 04:43:06.632177,Dubai-28df,13,4,Normal
2026-02-17 04:43:07.632177,Dubai-28df,-24,95,Normal
2026-02-17 04:43:08.632177,Dubai-28df,10,74,Normal
2026-02-17 04:43:09.632177,Dubai-28df,-19,98,Normal
2026-02-17 04:43:10.632177,Dubai-28df,5,42,Normal
2026-02-17 04:43:11.632177,Dubai-28df,20,11,Normal
2026-02-17 04:43:12.632177,Dubai-28df,-28,24,Normal
2026-02-17 04:43:13.632177,Dubai-28df,12,44,Normal
2026-02-17 04:43:14.632177,Dubai-28df,25,56,Normal
2026-02-17 04:43:15.632177,Dubai-28df,5,10,Normal
2026-02-17 04:43:16.632177,Dubai-28df,0,38,Normal
2026-02-17 04:43:17.632177,Dubai-28df,2,86,Normal
2026-02-17 04:43:18.632177,Dubai-28df,31,23,Normal
2026-02-17 04:43:19.632177,Dubai-28df,26,14,Normal
2026-02-17 04:43:20.632177,Dubai-28df,-6,65,Normal
2026-02-17 04:43:21.632177,Dubai-28df,33,92,Normal
2026-02-17 04:43:22.632177,Dubai-28df,18,95,Normal
2026-02-17 04:43:23.632177,Dubai-28df,-13,1,Normal
2026-02-17 04:43:24.632177,Dubai-28df,16,41,Normal
2026-02-17 04:43:25.632177,Dubai-28df,9,65,Normal
2026-02-17 04:43:26.632177,Dubai-28df,-18,10,Normal
2026-02-17 04:43:27.632177,Dubai-28df,-10,3,Normal
2026-02-17 04:43:28.632177,Dubai-28df,7,52,Normal
2026-02-17 04:43:29.632177,Dubai-28df,19,12,Normal
2026-02-17 04:43:30.632177,Dubai-28df,49,11,Normal
2026-02-17 04:43:31.632177,Dubai-28df,23,8,Normal
2026-02-17 04:43:32.632177,Dubai-28df,34,42,Normal
2026-02-17 04:43:33.632177,Dubai-28df,40,98,Normal
2026-02-17 04:43:34.632177,Dubai-28df,9,78,Normal
2026-02-17 04:43:35.632177,Dubai-28df,-4,52,Normal
2026-02-17 04:43:36.632177,Dubai-28df,13,26,Normal
2026-02-17 04:43:37.632177,Dubai-28df,-30,56,Normal
2026-02-17 04:43:38.632177,Dubai-28df,3,94,Normal
2026-02-17 04:43:39.632177,Dubai-28df,-22,52,Normal
2026-02-17 04:43:40.632177,Dubai-28df,-9,26,Normal
2026-02-17 04:43:41.632177,Dubai-28df,21,90,Normal
2026-02-17 04:43:42.632177,Dubai-28df,46,48,Normal
2026-02-17 04:43:43.632177,Dubai-28df,41,21,Normal
2026-02-17 04:43:44.632177,Dubai-28df,8,47,Normal
2026-02-17 04:43:45.632177,Dubai-28df,-30,23,Normal
2026-02-17 04:43:46.632177,Dubai-28df,30,4,Normal
2026-02-17 04:43:47.632177,Dubai-28df,14,25,Normal
2026-02-17 04:43:48.632177,Dubai-28df,-30,52,Normal
2026-02-17 04:43:49.632177,Dubai-28df,1,13,Normal
2026-02-17 04:43:50.632177,Dubai-28df,15,25,Normal
2026-02-17 04:43:51.632177,Dubai-28df,42,27,Normal
2026-02-17 04:43:52.632177,Dubai-28df,-29,56,Normal
2026-02-17 04:43:53.632177,Dubai-28df,-12,21,Normal
2026-02-17 04:43:54.632177,Dubai-28df,35,91,Normal
2026-02-17 04:43:55.632177,Dubai-28df,38,48,Normal
2026-02-17 04:43:56.632177,Dubai-28df,15,82,Normal
2026-02-17 04:43:57.632177,Dubai-28df,-19,76,Normal
2026-02-17 04:43:58.632177,Dubai-28df,-8,0,Normal
2026-02-17 04:43:59.632177,Dubai-28df,34,85,Normal
2026-02-17 04:44:00.632177,Dubai-28df,-5,32,Normal
2026-02-17 04:44:01.632177,Dubai-28df,5,40,Normal
2026-02-17 04:44:02.632177,Dubai-28df,31,33,Normal
2026-02-17 04:44:03.632177,Dubai-28df,50,77,Normal
2026-02-17 04:44:04.632177,Dubai-28df,1,97,Normal
2026-02-17 04:44:05.632177,Dubai-28df,13,38,Normal
2026-02-17 04:44:06.632177,Dubai-28df,24,72,Normal
2026-02-17 04:44:07.632177,Dubai-28df,36,52,Normal
2026-02-17 04:44:08.632177,Dubai-28df,20,41,Normal
2026-02-17 04:44:09.632177,Dubai-28df,20,81,Normal
2026-02-17 04:44:10.632177,Dubai-28df,-28,25,Normal
2026-02-17 04:44:11.632177,Dubai-28df,33,8,Normal
2026-02-17 04:44:12.632177,Dubai-28df,-21,16,Normal
2026-02-17 04:44:13.632177,Dubai-28df,45,79,Normal
2026-02-17 04:44:14.632177,Dubai-28df,12,25,Normal
2026-02-17 04:44:15.632177,Dubai-28df,19,23,Normal
2026-02-17 04:44:16.632177,Dubai-28df,-2,77,Normal
2026-02-17 04:44:17.632177,Dubai-28df,46,92,Normal
2026-02-17 04:44:18.632177,Dubai-28df,-19,42,Normal
2026-02-17 04:44:19.632177,Dubai-28df,34,87,Normal
2026-02-17 04:44:20.632177,Dubai-28df,26,79,Normal
2026-02-17 04:44:21.632177,Dubai-28df,-15,39,Normal
2026-02-17 04:44:22.632177,Dubai-28df,-22,93,Normal
2026-02-17 04:44:23.632177,Dubai-28df,-13,74,Normal
2026-02-17 04:44:24.632177,Dubai-28df,0,32,Normal
2026-02-17 04:44:25.632177,Dubai-28df,5,65,Normal
2026-02-17 04:44:26.632177,Dubai-28df,49,15,Normal
2026-02-17 04:44:27.632177,Dubai-28df,33,34,Normal
2026-02-17 04:44:28.632177,Dubai-28df,-13,93,Normal
2026-02-17 04:44:29.632177,Dubai-28df,26,68,Normal
2026-02-17 04:44:30.632177,Dubai-28df,-27,42,Normal
2026-02-17 04:44:31.632177,Dubai-28df,5,54,Normal
2026-02-17 04:44:32.632177,Dubai-28df,-9,44,Normal
2026-02-17 04:44:33.632177,Dubai-28df,-4,71,Normal
2026-02-17 04:44:34.632177,Dubai-28df,-11,6,Normal
2026-02-17 04:44:35.632177,Dubai-28df,-30,96,Normal
2026-02-17 04:44:36.632177,Dubai-28df,5,15,Normal
2026-02-17 04:44:37.632177,Dubai-28df,-18,28,Normal
2026-02-17 04:44:38.632177,Dubai-28df,46,99,Normal
2026-02-17 04:44:39.632177,Dubai-28df,38,94,Normal
2026-02-17 04:44:40.632177,Dubai-28df,-15,86,Normal
2026-02-17 04:44:41.632177,Dubai-28df,27,77,Normal
2026-02-17 04:44:42.632177,Dubai-28df,-29,94,Normal
2026-02-17 04:44:43.632177,Dubai-28df,8,61,Normal
2026-02-17 04:44:44.632177,Dubai-28df,-21,53,Normal
2026-02-17 04:44:45.632177,Dubai-28df,49,34,Normal
2026-02-17 04:44:46.632177,Dubai-28df,16,38,Normal
2026-02-17 04:44:47.632177,Dubai-28df,10,50,Normal
2026-02-17 04:44:48.632177,Dubai-28df,21,29,Normal
2026-02-17 04:44:49.632177,Dubai-28df,-25,2,Normal
2026-02-17 04:44:50.632177,Dubai-28df,-22,6,Normal
2026-02-17 04:44:51.632177,Dubai-28df,23,92,Normal
2026-02-17 04:44:52.632177,Dubai-28df,40,19,Normal
2026-02-17 04:44:53.632177,Dubai-28df,26,33,Normal
2026-02-17 04:44:54.632177,Dubai-28df,46,29,Normal
2026-02-17 04:44:55.632177,Dubai-28df,-1,55,Normal
2026-02-17 04:44:56.632177,Dubai-28df,36,17,Normal
2026-02-17 04:44:57.632177,Dubai-28df,8,34,Normal
2026-02-17 04:44:58.632177,Dubai-28df,42,21,Normal
2026-02-17 04:44:59.632177,Dubai-28df,34,9,Normal
2026-02-17 04:45:00.632177,Dubai-28df,1,12,Normal
2026-02-17 04:45:01.632177,Dubai-28df,-25,50,Normal
2026-02-17 04:45:02.632177,Dubai-28df,-6,29,Normal
2026-02-17 04:45:03.632177,Dubai-28df,28,52,Normal
2026-02-17 04:45:04.632177,Dubai-28df,-12,73,Normal
2026-02-17 04:45:05.632177,Dubai-28df,48,28,Normal
2026-02-17 04:45:06.632177,Dubai-28df,-12,7,Normal
2026-02-17 04:45:07.632177,Dubai-28df,17,43,Normal
2026-02-17 04:45:08.632177,Dubai-28df,39,60,Normal
2026-02-17 04:45:09.632177,Dubai-28df,11,67,Normal
2026-02-17 04:45:10.632177,Dubai-28df,-4,94,Normal
2026-02-17 04:45:11.632177,Dubai-28df,-13,30,Normal
2026-02-17 04:45:12.632177,Dubai-28df,42,54,Normal
2026-02-17 04:45:13.632177,Dubai-28df,35,63,Normal
2026-02-17 04:45:14.632177,Dubai-28df,31,87,Normal
2026-02-17 04:45:15.632177,Dubai-28df,41,98,Normal
2026-02-17 04:45:16.632177,Dubai-28df,45,54,Normal
2026-02-17 04:45:17.632177,Dubai-28df,3,92,Normal
2026-02-17 04:45:18.632177,Dubai-28df,-24,44,Normal
2026-02-17 04:45:19.632177,Dubai-28df,-16,75,Normal
2026-02-17 04:45:20.632177,Dubai-28df,-3,4,Normal
2026-02-17 04:45:21.632177,Dubai-28df,11,2,Normal
2026-02-17 04:45:22.632177,Dubai-28df,2,62,Normal
2026-02-17 04:45:23.632177,Dubai-28df,40,7,Normal
2026-02-17 04:45:24.632177,Dubai-28df,30,3,Normal
2026-02-17 04:45:25.632177,Dubai-28df,-7,30,Normal
2026-02-17 04:45:26.632177,Dubai-28df,9,44,Normal
2026-02-17 04:45:27.632177,Dubai-28df,-1,32,Normal
2026-02-17 04:45:28.632177,Dubai-28df,-1,100,Normal
2026-02-17 04:45:29.632177,Dubai-28df,21,4,Normal
2026-02-17 04:45:30.632177,Dubai-28df,-19,26,Normal
2026-02-17 04:45:31.632177,Dubai-28df,-7,22,Normal
2026-02-17 04:45:32.632177,Dubai-28df,42,35,Normal
2026-02-17 04:45:33.632177,Dubai-28df,43,7,Normal
2026-02-17 04:45:34.632177,Dubai-28df,43,18,Normal
2026-02-17 04:45:35.632177,Dubai-28df,-9,6,Normal
2026-02-17 04:45:36.632177,Dubai-28df,29,21,Normal
2026-02-17 04:45:37.632177,Dubai-28df,27,51,Normal
2026-02-17 04:45:38.632177,Dubai-28df,13,9,Normal
2026-02-17 04:45:39.632177,Dubai-28df,46,9,Normal
2026-02-17 04:45:40.632177,Dubai-28df,-12,52,Normal
2026-02-17 04:45:41.632177,Dubai-28df,13,96,Normal
2026-02-17 04:45:42.632177,Dubai-28df,-30,19,Normal
2026-02-17 04:45:43.632177,Dubai-28df,-4,77,Normal
2026-02-17 04:45:44.632177,Dubai-28df,23,70,Normal
2026-02-17 04:45:45.632177,Dubai-28df,40,47,Normal
2026-02-17 04:45:46.632177,Dubai-28df,38,66,Normal
2026-02-17 04:45:47.632177,Dubai-28df,18,75,Normal
2026-02-17 04:45:48.632177,Dubai-28df,44,24,Normal
2026-02-17 04:45:49.632177,Dubai-28df,-1,73,Normal
2026-02-17 04:45:50.632177,Dubai-28df,-11,56,Normal
2026-02-17 04:45:51.632177,Dubai-28df,29,43,Normal
2026-02-17 04:45:52.632177,Dubai-28df,-1,25,Normal
2026-02-17 04:45:53.632177,Dubai-28df,-15,8,Normal
2026-02-17 04:45:54.632177,Dubai-28df,22,43,Normal
2026-02-17 04:45:55.632177,Dubai-28df,29,4,Normal
2026-02-17 04:45:56.632177,Dubai-28df,-30,57,Normal
2026-02-17 04:45:57.632177,Dubai-28df,36,59,Normal
2026-02-17 04:45:58.632177,Dubai-28df,8,2,Normal
2026-02-17 04:45:59.632177,Dubai-28df,1,35,Normal
2026-02-17 04:46:00.632177,Dubai-28df,39,98,Normal
2026-02-17 04:46:01.632177,Dubai-28df,47,44,Normal
2026-02-17 04:46:02.632177,Dubai-28df,13,78,Normal
2026-02-17 04:46:03.632177,Dubai-28df,-20,43,Normal
2026-02-17 04:46:04.632177,Dubai-28df,33,54,Normal
2026-02-17 04:46:05.632177,Dubai-28df,10,21,Normal
2026-02-17 04:46:06.632177,Dubai-28df,-12,89,Normal
2026-02-17 04:46:07.632177,Dubai-28df,42,58,Normal
2026-02-17 04:46:08.632177,Dubai-28df,-22,62,Normal
2026-02-17 04:46:09.632177,Dubai-28df,20,81,Normal
2026-02-17 04:46:10.632177,Dubai-28df,-17,92,Normal
2026-02-17 04:46:11.632177,Dubai-28df,-29,40,Normal
2026-02-17 04:46:12.632177,Dubai-28df,15,49,Normal
2026-02-17 04:46:13.632177,Dubai-28df,0,1,Normal
2026-02-17 04:46:14.632177,Dubai-28df,37,9,Normal
2026-02-17 04:46:15.632177,Dubai-28df,39,86,Normal
2026-02-17 04:46:16.632177,Dubai-28df,-29,43,Normal
2026-02-17 04:46:17.632177,Dubai-28df,-26,54,Normal
2026-02-17 04:46:18.632177,Dubai-28df,-29,48,Normal
2026-02-17 04:46:19.632177,Dubai-28df,-8,31,Normal
2026-02-17 04:46:20.632177,Dubai-28df,36,9,Normal
2026-02-17 04:46:21.632177,Dubai-28df,50,63,Normal
2026-02-17 04:46:22.632177,Dubai-28df,40,27,Normal
2026-02-17 04:46:23.632177,Dubai-28df,0,20,Normal
2026-02-17 04:46:24.632177,Dubai-28df,11,33,Normal
2026-02-17 04:46:25.632177,Dubai-28df,48,7,Normal
2026-02-17 04:46:26.632177,Dubai-28df,-29,56,Normal
2026-02-17 04:46:27.632177,Dubai-28df,38,36,Normal
2026-02-17 04:46:28.632177,Dubai-28df,42,62,Normal
2026-02-17 04:46:29.632177,Dubai-28df,47,41,Normal
2026-02-17 04:46:30.632177,Dubai-28df,6,1,Normal
2026-02-17 04:46:31.632177,Dubai-28df,24,3,Normal
2026-02-17 04:46:32.632177,Dubai-28df,32,17,Normal
2026-02-17 04:46:33.632177,Dubai-28df,4,67,Normal
2026-02-17 04:46:34.632177,Dubai-28df,46,90,Normal
2026-02-17 04:46:35.632177,Dubai-28df,-30,31,Normal
2026-02-17 04:46:36.632177,Dubai-28df,-4,44,Normal
2026-02-17 04:46:37.632177,Dubai-28df,45,42,Normal
2026-02-17 04:46:38.632177,Dubai-28df,-15,18,Normal
2026-02-17 04:46:39.632177,Dubai-28df,5,50,Normal
2026-02-17 04:46:40.632177,Dubai-28df,47,59,Normal
2026-02-17 04:46:41.632177,Dubai-28df,19,5,Normal
2026-02-17 04:46:42.632177,Dubai-28df,-12,25,Normal
2026-02-17 04:46:43.632177,Dubai-28df,-2,5,Normal
2026-02-17 04:46:44.632177,Dubai-28df,-26,61,Normal
2026-02-17 04:46:45.632177,Dubai-28df,13,18,Normal
2026-02-17 04:46:46.632177,Dubai-28df,10,21,Normal
2026-02-17 04:46:47.632177,Dubai-28df,39,84,Normal
2026-02-17 04:46:48.632177,Dubai-28df,-27,72,Normal
2026-02-17 04:46:49.632177,Dubai-28df,28,56,Normal
2026-02-17 04:46:50.632177,Dubai-28df,-29,76,Normal
2026-02-17 04:46:51.632177,Dubai-28df,-5,16,Normal
2026-02-17 04:46:52.632177,Dubai-28df,-15,55,Normal
2026-02-17 04:46:53.632177,Dubai-28df,17,83,Normal
2026-02-17 04:46:54.632177,Dubai-28df,28,88,Normal
2026-02-17 04:46:55.632177,Dubai-28df,12,97,Normal
2026-02-17 04:46:56.632177,Dubai-28df,4,41,Normal
2026-02-17 04:46:57.632177,Dubai-28df,31,100,Normal
2026-02-17 04:46:58.632177,Dubai-28df,16,5,Normal
2026-02-17 04:46:59.632177,Dubai-28df,43,93,Normal
2026-02-17 04:47:00.632177,Dubai-28df,-18,71,Normal
2026-02-17 04:47:01.632177,Dubai-28df,-24,29,Normal
2026-02-17 04:47:02.632177,Dubai-28df,45,43,Normal
2026-02-17 04:47:03.632177,Dubai-28df,20,4,Normal
2026-02-17 04:47:04.632177,Dubai-28df,47,35,Normal
2026-02-17 04:47:05.632177,Dubai-28df,26,62,Normal
2026-02-17 04:47:06.632177,Dubai-28df,28,2,Normal
2026-02-17 04:47:07.632177,Dubai-28df,45,61,Normal
2026-02-17 04:47:08.632177,Dubai-28df,-8,54,Normal
2026-02-17 04:47:09.632177,Dubai-28df,35,9,Normal
2026-02-17 04:47:10.632177,Dubai-28df,47,35,Normal
2026-02-17 04:47:11.632177,Dubai-28df,-7,7,Normal
2026-02-17 04:47:12.632177,Dubai-28df,-30,18,Normal
2026-02-17 04:47:13.632177,Dubai-28df,-21,38,Normal
2026-02-17 04:47:14.632177,Dubai-28df,7,71,Normal
2026-02-17 04:47:15.632177,Dubai-28df,-9,19,Normal
2026-02-17 04:47:16.632177,Dubai-28df,24,14,Normal
2026-02-17 04:47:17.632177,Dubai-28df,-21,62,Normal
2026-02-17 04:47:18.632177,Dubai-28df,-8,30,Normal
2026-02-17 04:47:19.632177,Dubai-28df,-15,70,Normal
2026-02-17 04:47:20.632177,Dubai-28df,-29,54,Normal
2026-02-17 04:47:21.632177,Dubai-28df,36,45,Normal
2026-02-17 04:47:22.632177,Dubai-28df,18,98,Normal
2026-02-17 04:47:23.632177,Dubai-28df,11,36,Normal
2026-02-17 04:47:24.632177,Dubai-28df,28,43,Normal
2026-02-17 04:47:25.632177,Dubai-28df,-24,16,Normal
2026-02-17 04:47:26.632177,Dubai-28df,21,39,Normal
2026-02-17 04:47:27.632177,Dubai-28df,25,87,Normal
2026-02-17 04:47:28.632177,Dubai-28df,-18,66,Normal
2026-02-17 04:47:29.632177,Dubai-28df,-22,73,Normal
2026-02-17 04:47:30.632177,Dubai-28df,42,53,Normal
2026-02-17 04:47:31.632177,Dubai-28df,5,78,Normal
2026-02-17 04:47:32.632177,Dubai-28df,41,3,Normal
2026-02-17 04:47:33.632177,Dubai-28df,32,0,Normal
2026-02-17 04:47:34.632177,Dubai-28df,-8,11,Normal
2026-02-17 04:47:35.632177,Dubai-28df,-3,82,Normal
2026-02-17 04:47:36.632177,Dubai-28df,10,31,Normal
2026-02-17 04:47:37.632177,Dubai-28df,-1,13,Normal
2026-02-17 04:47:38.632177,Dubai-28df,-25,63,Normal
2026-02-17 04:47:39.632177,Dubai-28df,-3,27,Normal
2026-02-17 04:47:40.632177,Dubai-28df,9,84,Normal
2026-02-17 04:47:41.632177,Dubai-28df,-10,46,Normal
2026-02-17 04:47:42.632177,Dubai-28df,-11,0,Normal
2026-02-17 04:47:43.632177,Dubai-28df,17,92,Normal
2026-02-17 04:47:44.632177,Dubai-28df,25,41,Normal
2026-02-17 04:47:45.632177,Dubai-28df,-14,85,Normal
2026-02-17 04:47:46.632177,Dubai-28df,-14,65,Normal
2026-02-17 04:47:47.632177,Dubai-28df,1,3,Normal
2026-02-17 04:47:48.632177,Dubai-28df,12,100,Normal
2026-02-17 04:47:49.632177,Dubai-28df,35,71,Normal
2026-02-17 04:47:50.632177,Dubai-28df,11,40,Normal
2026-02-17 04:47:51.632177,Dubai-28df,36,94,Normal
2026-02-17 04:47:52.632177,Dubai-28df,-24,89,Normal
2026-02-17 04:47:53.632177,Dubai-28df,38,26,Normal
2026-02-17 04:47:54.632177,Dubai-28df,15,99,Normal
2026-02-17 04:47:55.632177,Dubai-28df,-8,53,Normal
2026-02-17 04:47:56.632177,Dubai-28df,43,53,Normal
2026-02-17 04:47:57.632177,Dubai-28df,6,33,Normal
2026-02-17 04:47:58.632177,Dubai-28df,34,45,Normal
2026-02-17 04:47:59.632177,Dubai-28df,16,60,Normal
2026-02-17 04:48:00.632177,Dubai-28df,23,36,Normal
2026-02-17 04:48:01.632177,Dubai-28df,-8,47,Normal
2026-02-17 04:48:02.632177,Dubai-28df,32,59,Normal
2026-02-17 04:48:03.632177,Dubai-28df,-29,95,Normal
2026-02-17 04:48:04.632177,Dubai-28df,23,1,Normal
2026-02-17 04:48:05.632177,Dubai-28df,-30,18,Normal
2026-02-17 04:48:06.632177,Dubai-28df,-17,60,Normal
2026-02-17 04:48:07.632177,Dubai-28df,42,98,Normal
2026-02-17 04:48:08.632177,Dubai-28df,22,4,Normal
2026-02-17 04:48:09.632177,Dubai-28df,16,36,Normal
2026-02-17 04:48:10.632177,Dubai-28df,-19,88,Normal
2026-02-17 04:48:11.632177,Dubai-28df,-22,68,Normal
2026-02-17 04:48:12.632177,Dubai-28df,37,17,Normal
2026-02-17 04:48:13.632177,Dubai-28df,5,99,Normal
2026-02-17 04:48:14.632177,Dubai-28df,49,16,Normal
2026-02-17 04:48:15.632177,Dubai-28df,-27,33,Normal
2026-02-17 04:48:16.632177,Dubai-28df,12,63,Normal
2026-02-17 04:48:17.632177,Dubai-28df,-9,77,Normal
2026-02-17 04:48:18.632177,Dubai-28df,47,44,Normal
2026-02-17 04:48:19.632177,Dubai-28df,50,11,Normal
2026-02-17 04:48:20.632177,Dubai-28df,30,58,Normal
2026-02-17 04:48:21.632177,Dubai-28df,15,32,Normal
2026-02-17 04:48:22.632177,Dubai-28df,46,74,Normal
2026-02-17 04:48:23.632177,Dubai-28df,19,97,Normal
2026-02-17 04:48:24.632177,Dubai-28df,21,11,Normal
2026-02-17 04:48:25.632177,Dubai-28df,40,66,Normal
2026-02-17 04:48:26.632177,Dubai-28df,24,74,Normal
2026-02-17 04:48:27.632177,Dubai-28df,-2,0,Normal
2026-02-17 04:48:28.632177,Dubai-28df,-3,31,Normal
2026-02-17 04:48:29.632177,Dubai-28df,10,1,Normal
2026-02-17 04:48:30.632177,Dubai-28df,12,79,Normal
2026-02-17 04:48:31.632177,Dubai-28df,-2,75,Normal
2026-02-17 04:48:32.632177,Dubai-28df,-13,18,Normal
2026-02-17 04:48:33.632177,Dubai-28df,25,51,Normal
2026-02-17 04:48:34.632177,Dubai-28df,11,62,Normal
2026-02-17 04:48:35.632177,Dubai-28df,-22,55,Normal
2026-02-17 04:48:36.632177,Dubai-28df,-2,21,Normal
2026-02-17 04:48:37.632177,Dubai-28df,47,65,Normal
2026-02-17 04:48:38.632177,Dubai-28df,-3,76,Normal
2026-02-17 04:48:39.632177,Dubai-28df,12,91,Normal
2026-02-17 04:48:40.632177,Dubai-28df,44,8,Normal
2026-02-17 04:48:41.632177,Dubai-28df,30,65,Normal
2026-02-17 04:48:42.632177,Dubai-28df,1,95,Normal
2026-02-17 04:48:43.632177,Dubai-28df,-8,38,Normal
2026-02-17 04:48:44.632177,Dubai-28df,14,73,Normal
2026-02-17 04:48:45.632177,Dubai-28df,33,6,Normal
2026-02-17 04:48:46.632177,Dubai-28df,-11,15,Normal
2026-02-17 04:48:47.632177,Dubai-28df,31,79,Normal
2026-02-17 04:48:48.632177,Dubai-28df,-25,6,Normal
2026-02-17 04:48:49.632177,Dubai-28df,-14,33,Normal
2026-02-17 04:48:50.632177,Dubai-28df,46,72,Normal
2026-02-17 04:48:51.632177,Dubai-28df,-29,69,Normal
2026-02-17 04:48:52.632177,Dubai-28df,35,50,Normal
2026-02-17 04:48:53.632177,Dubai-28df,28,47,Normal
2026-02-17 04:48:54.632177,Dubai-28df,-29,1,Normal
2026-02-17 04:48:55.632177,Dubai-28df,9,49,Normal
2026-02-17 04:48:56.632177,Dubai-28df,49,9,Normal
2026-02-17 04:48:57.632177,Dubai-28df,34,78,Normal
2026-02-17 04:48:58.632177,Dubai-28df,-2,22,Normal
2026-02-17 04:48:59.632177,Dubai-28df,50,89,Normal
2026-02-17 04:49:00.632177,Dubai-28df,38,13,Normal
2026-02-17 04:49:01.632177,Dubai-28df,0,46,Normal
2026-02-17 04:49:02.632177,Dubai-28df,35,15,Normal
2026-02-17 04:49:03.632177,Dubai-28df,-16,24,Normal
2026-02-17 04:49:04.632177,Dubai-28df,20,9,Normal
2026-02-17 04:49:05.632177,Dubai-28df,-7,83,Normal
2026-02-17 04:49:06.632177,Dubai-28df,-2,94,Normal
2026-02-17 04:49:07.632177,Dubai-28df,31,14,Normal
2026-02-17 04:49:08.632177,Dubai-28df,40,57,Normal
2026-02-17 04:49:09.632177,Dubai-28df,-27,6,Normal
2026-02-17 04:49:10.632177,Dubai-28df,21,67,Normal
2026-02-17 04:49:11.632177,Dubai-28df,42,84,Normal
2026-02-17 04:49:12.632177,Dubai-28df,-8,71,Normal
2026-02-17 04:49:13.632177,Dubai-28df,20,24,Normal
2026-02-17 04:49:14.632177,Dubai-28df,-13,38,Normal
2026-02-17 04:49:15.632177,Dubai-28df,-27,68,Normal
2026-02-17 04:49:16.632177,Dubai-28df,27,50,Normal
2026-02-17 04:49:17.632177,Dubai-28df,25,93,Normal
2026-02-17 04:49:18.632177,Dubai-28df,28,1,Normal
2026-02-17 04:49:19.632177,Dubai-28df,-12,26,Normal
2026-02-17 04:49:20.632177,Dubai-28df,27,45,Normal
2026-02-17 04:49:21.632177,Dubai-28df,-19,22,Normal
2026-02-17 04:49:22.632177,Dubai-28df,0,25,Normal
2026-02-17 04:49:23.632177,Dubai-28df,-2,21,Normal
2026-02-17 04:49:24.632177,Dubai-28df,50,35,Normal
2026-02-17 04:49:25.632177,Dubai-28df,-19,28,Normal
2026-02-17 04:49:26.632177,Dubai-28df,26,16,Normal
2026-02-17 04:49:27.632177,Dubai-28df,45,83,Normal
2026-02-17 04:49:28.632177,Dubai-28df,47,47,Normal
2026-02-17 04:49:29.632177,Dubai-28df,34,85,Normal
2026-02-17 04:49:30.632177,Dubai-28df,41,48,Normal
2026-02-17 04:49:31.632177,Dubai-28df,-27,62,Normal
2026-02-17 04:49:32.632177,Dubai-28df,43,37,Normal
2026-02-17 04:49:33.632177,Dubai-28df,46,11,Normal
2026-02-17 04:49:34.632177,Dubai-28df,26,30,Normal
2026-02-17 04:49:35.632177,Dubai-28df,-26,9,Normal
2026-02-17 04:49:36.632177,Dubai-28df,-6,71,Normal
2026-02-17 04:49:37.632177,Dubai-28df,43,63,Normal
2026-02-17 04:49:38.632177,Dubai-28df,-24,11,Normal
2026-02-17 04:49:39.632177,Dubai-28df,39,41,Normal
2026-02-17 04:49:40.632177,Dubai-28df,-18,43,Normal
2026-02-17 04:49:41.632177,Dubai-28df,38,56,Normal
2026-02-17 04:49:42.632177,Dubai-28df,32,78,Normal
2026-02-17 04:49:43.632177,Dubai-28df,19,37,Normal
2026-02-17 04:49:44.632177,Dubai-28df,3,14,Normal
2026-02-17 04:49:45.632177,Dubai-28df,23,29,Normal
2026-02-17 04:49:46.632177,Dubai-28df,-20,59,Normal
2026-02-17 04:49:47.632177,Dubai-28df,28,3,Normal
2026-02-17 04:49:48.632177,Dubai-28df,17,48,Normal
2026-02-17 04:49:49.632177,Dubai-28df,39,53,Normal
2026-02-17 04:49:50.632177,Dubai-28df,30,45,Normal
2026-02-17 04:49:51.632177,Dubai-28df,39,3,Normal
2026-02-17 04:49:52.632177,Dubai-28df,2,72,Normal
2026-02-17 04:49:53.632177,Dubai-28df,22,45,Normal
2026-02-17 04:49:54.632177,Dubai-28df,11,43,Normal
2026-02-17 04:49:55.632177,Dubai-28df,8,7,Normal
2026-02-17 04:49:56.632177,Dubai-28df,4,47,Normal
2026-02-17 04:49:57.632177,Dubai-28df,23,63,Normal
2026-02-17 04:49:58.632177,Dubai-28df,25,40,Normal
2026-02-17 04:49:59.632177,Dubai-28df,2,62,Normal
2026-02-17 04:50:00.632177,Dubai-28df,-7,41,Normal
2026-02-17 04:50:01.632177,Dubai-28df,-7,0,Normal
2026-02-17 04:50:02.632177,Dubai-28df,38,30,Normal
2026-02-17 04:50:03.632177,Dubai-28df,39,45,Normal
2026-02-17 04:50:04.632177,Dubai-28df,-29,19,Normal
2026-02-17 04:50:05.632177,Dubai-28df,45,10,Normal
2026-02-17 04:50:06.632177,Dubai-28df,13,41,Normal
2026-02-17 04:50:07.632177,Dubai-28df,-1,72,Normal
2026-02-17 04:50:08.632177,Dubai-28df,-8,0,Normal
2026-02-17 04:50:09.632177,Dubai-28df,-6,84,Normal
2026-02-17 04:50:10.632177,Dubai-28df,-18,96,Normal
2026-02-17 04:50:11.632177,Dubai-28df,-10,31,Normal
2026-02-17 04:50:12.632177,Dubai-28df,-6,91,Normal
2026-02-17 04:50:13.632177,Dubai-28df,30,4,Normal
2026-02-17 04:50:14.632177,Dubai-28df,14,54,Normal
2026-02-17 04:50:15.632177,Dubai-28df,23,1,Normal
2026-02-17 04:50:16.632177,Dubai-28df,38,49,Normal
2026-02-17 04:50:17.632177,Dubai-28df,-16,54,Normal
2026-02-17 04:50:18.632177,Dubai-28df,1,92,Normal
2026-02-17 04:50:19.632177,Dubai-28df,-19,51,Normal
2026-02-17 04:50:20.632177,Dubai-28df,-24,5,Normal
2026-02-17 04:50:21.632177,Dubai-28df,35,13,Normal
2026-02-17 04:50:22.632177,Dubai-28df,-5,76,Normal
2026-02-17 04:50:23.632177,Dubai-28df,2,99,Normal
2026-02-17 04:50:24.632177,Dubai-28df,44,48,Normal
2026-02-17 04:50:25.632177,Dubai-28df,-17,63,Normal
2026-02-17 04:50:26.632177,Dubai-28df,27,34,Normal
2026-02-17 04:50:27.632177,Dubai-28df,-8,62,Normal
2026-02-17 04:50:28.632177,Dubai-28df,-27,60,Normal
2026-02-17 04:50:29.632177,Dubai-28df,26,93,Normal
2026-02-17 04:50:30.632177,Dubai-28df,27,86,Normal
2026-02-17 04:50:31.632177,Dubai-28df,12,24,Normal
2026-02-17 04:50:32.632177,Dubai-28df,48,28,Normal
2026-02-17 04:50:33.632177,Dubai-28df,48,53,Normal
2026-02-17 04:50:34.632177,Dubai-28df,-17,25,Normal
2026-02-17 04:50:35.632177,Dubai-28df,41,55,Normal
2026-02-17 04:50:36.632177,Dubai-28df,34,12,Normal
2026-02-17 04:50:37.632177,Dubai-28df,26,64,Normal
2026-02-17 04:50:38.632177,Dubai-28df,-17,5,Normal
2026-02-17 04:50:39.632177,Dubai-28df,23,89,Normal
2026-02-17 04:50:40.632177,Dubai-28df,28,31,Normal
2026-02-17 04:50:41.632177,Dubai-28df,17,57,Normal
2026-02-17 04:50:42.632177,Dubai-28df,-13,71,Normal
2026-02-17 04:50:43.632177,Dubai-28df,-29,22,Normal
2026-02-17 04:50:44.632177,Dubai-28df,-20,87,Normal
2026-02-17 04:50:45.632177,Dubai-28df,3,6,Normal
2026-02-17 04:50:46.632177,Dubai-28df,-10,71,Normal
2026-02-17 04:50:47.632177,Dubai-28df,20,13,Normal
2026-02-17 04:50:48.632177,Dubai-28df,-29,42,Normal
2026-02-17 04:50:49.632177,Dubai-28df,40,94,Normal
2026-02-17 04:50:50.632177,Dubai-28df,39,36,Normal
2026-02-17 04:50:51.632177,Dubai-28df,44,89,Normal
2026-02-17 04:50:52.632177,Dubai-28df,49,3,Normal
2026-02-17 04:50:53.632177,Dubai-28df,-29,83,Normal
2026-02-17 04:50:54.632177,Dubai-28df,5,92,Normal
2026-02-17 04:50:55.632177,Dubai-28df,38,64,Normal
2026-02-17 04:50:56.632177,Dubai-28df,31,18,Normal
2026-02-17 04:50:57.632177,Dubai-28df,40,76,Normal
2026-02-17 04:50:58.632177,Dubai-28df,30,89,Normal
2026-02-17 04:50:59.632177,Dubai-28df,29,21,Normal
2026-02-17 04:51:00.632177,Dubai-28df,-23,5,Normal
2026-02-17 04:51:01.632177,Dubai-28df,-28,67,Normal
2026-02-17 04:51:02.632177,Dubai-28df,32,54,Normal
2026-02-17 04:51:03.632177,Dubai-28df,33,89,Normal
2026-02-17 04:51:04.632177,Dubai-28df,26,58,Normal
2026-02-17 04:51:05.632177,Dubai-28df,0,26,Normal
2026-02-17 04:51:06.632177,Dubai-28df,-16,44,Normal
2026-02-17 04:51:07.632177,Dubai-28df,14,72,Normal
2026-02-17 04:51:08.632177,Dubai-28df,-3,53,Normal
2026-02-17 04:51:09.632177,Dubai-28df,20,12,Normal
2026-02-17 04:51:10.632177,Dubai-28df,19,3,Normal
2026-02-17 04:51:11.632177,Dubai-28df,17,76,Normal
2026-02-17 04:51:12.632177,Dubai-28df,-2,4,Normal
2026-02-17 04:51:13.632177,Dubai-28df,30,79,Normal
2026-02-17 04:51:14.632177,Dubai-28df,9,50,Normal
2026-02-17 04:51:15.632177,Dubai-28df,19,60,Normal
2026-02-17 04:51:16.632177,Dubai-28df,-3,47,Normal
2026-02-17 04:51:17.632177,Dubai-28df,-21,45,Normal
2026-02-17 04:51:18.632177,Dubai-28df,34,77,Normal
2026-02-17 04:51:19.632177,Dubai-28df,7,9,Normal
2026-02-17 04:51:20.632177,Dubai-28df,40,20,Normal
2026-02-17 04:51:21.632177,Dubai-28df,-1,55,Normal
2026-02-17 04:51:22.632177,Dubai-28df,41,54,Normal
2026-02-17 04:51:23.632177,Dubai-28df,31,76,Normal
2026-02-17 04:51:24.632177,Dubai-28df,2,26,Normal
2026-02-17 04:51:25.632177,Dubai-28df,11,73,Normal
2026-02-17 04:51:26.632177,Dubai-28df,4,92,Normal
2026-02-17 04:51:27.632177,Dubai-28df,41,64,Normal
2026-02-17 04:51:28.632177,Dubai-28df,-26,6,Normal
2026-02-17 04:51:29.632177,Dubai-28df,0,90,Normal
2026-02-17 04:51:30.632177,Dubai-28df,-10,62,Normal
2026-02-17 04:51:31.632177,Dubai-28df,28,68,Normal
2026-02-17 04:51:32.632177,Dubai-28df,30,39,Normal
2026-02-17 04:51:33.632177,Dubai-28df,25,75,Normal
2026-02-17 04:51:34.632177,Dubai-28df,50,57,Normal
2026-02-17 04:51:35.632177,Dubai-28df,47,58,Normal
2026-02-17 04:51:36.632177,Dubai-28df,48,41,Normal
2026-02-17 04:51:37.632177,Dubai-28df,10,6,Normal
2026-02-17 04:51:38.632177,Dubai-28df,-18,61,Normal
2026-02-17 04:51:39.632177,Dubai-28df,39,13,Normal
2026-02-17 04:51:40.632177,Dubai-28df,-16,87,Normal
2026-02-17 04:51:41.632177,Dubai-28df,-14,87,Normal
2026-02-17 04:51:42.632177,Dubai-28df,-26,33,Normal
2026-02-17 04:51:43.632177,Dubai-28df,-20,10,Normal
2026-02-17 04:51:44.632177,Dubai-28df,-4,1,Normal
2026-02-17 04:51:45.632177,Dubai-28df,-25,58,Normal
2026-02-17 04:51:46.632177,Dubai-28df,-23,97,Normal
2026-02-17 04:51:47.632177,Dubai-28df,49,22,Normal
2026-02-17 04:51:48.632177,Dubai-28df,43,94,Normal
2026-02-17 04:51:49.632177,Dubai-28df,-15,63,Normal
2026-02-17 04:51:50.632177,Dubai-28df,-25,100,Normal
2026-02-17 04:51:51.632177,Dubai-28df,-22,94,Normal
2026-02-17 04:51:52.632177,Dubai-28df,27,61,Normal
2026-02-17 04:51:53.632177,Dubai-28df,43,94,Normal
2026-02-17 04:51:54.632177,Dubai-28df,14,89,Normal
2026-02-17 04:51:55.632177,Dubai-28df,-2,48,Normal
2026-02-17 04:51:56.632177,Dubai-28df,-29,98,Normal
2026-02-17 04:51:57.632177,Dubai-28df,11,63,Normal
2026-02-17 04:51:58.632177,Dubai-28df,-4,95,Normal
2026-02-17 04:51:59.632177,Dubai-28df,0,84,Normal
2026-02-17 04:52:00.632177,Dubai-28df,30,34,Normal
2026-02-17 04:52:01.632177,Dubai-28df,-1,59,Normal
2026-02-17 04:52:02.632177,Dubai-28df,6,80,Normal
2026-02-17 04:52:03.632177,Dubai-28df,32,34,Normal
2026-02-17 04:52:04.632177,Dubai-28df,24,79,Normal
2026-02-17 04:52:05.632177,Dubai-28df,-1,84,Normal
2026-02-17 04:52:06.632177,Dubai-28df,1,14,Normal
2026-02-17 04:52:07.632177,Dubai-28df,7,37,Normal
2026-02-17 04:52:08.632177,Dubai-28df,21,3,Normal
2026-02-17 04:52:09.632177,Dubai-28df,-6,52,Normal
2026-02-17 04:52:10.632177,Dubai-28df,12,30,Normal
2026-02-17 04:52:11.632177,Dubai-28df,50,89,Normal
2026-02-17 04:52:12.632177,Dubai-28df,-26,47,Normal
2026-02-17 04:52:13.632177,Dubai-28df,49,13,Normal
2026-02-17 04:52:14.632177,Dubai-28df,-25,57,Normal
2026-02-17 04:52:15.632177,Dubai-28df,-19,76,Normal
2026-02-17 04:52:16.632177,Dubai-28df,-14,100,Normal
2026-02-17 04:52:17.632177,Dubai-28df,14,63,Normal
2026-02-17 04:52:18.632177,Dubai-28df,43,99,Normal
2026-02-17 04:52:19.632177,Dubai-28df,30,29,Normal
2026-02-17 04:52:20.632177,Dubai-28df,27,34,Normal
2026-02-17 04:52:21.632177,Dubai-28df,3,64,Normal
2026-02-17 04:52:22.632177,Dubai-28df,-20,68,Normal
2026-02-17 04:52:23.632177,Dubai-28df,31,14,Normal
2026-02-17 04:52:24.632177,Dubai-28df,36,49,Normal
2026-02-17 04:52:25.632177,Dubai-28df,-13,30,Normal
2026-02-17 04:52:26.632177,Dubai-28df,21,6,Normal
2026-02-17 04:52:27.632177,Dubai-28df,40,68,Normal
2026-02-17 04:52:28.632177,Dubai-28df,45,25,Normal
2026-02-17 04:52:29.632177,Dubai-28df,28,38,Normal
2026-02-17 04:52:30.632177,Dubai-28df,-27,97,Normal
2026-02-17 04:52:31.632177,Dubai-28df,38,93,Normal
2026-02-17 04:52:32.632177,Dubai-28df,-18,79,Normal
2026-02-17 04:52:33.632177,Dubai-28df,-23,64,Normal
2026-02-17 04:52:34.632177,Dubai-28df,-16,74,Normal
2026-02-17 04:52:35.632177,Dubai-28df,-12,24,Normal
2026-02-17 04:52:36.632177,Dubai-28df,18,58,Normal
2026-02-17 04:52:37.632177,Dubai-28df,20,90,Normal
2026-02-17 04:52:38.632177,Dubai-28df,-12,9,Normal
2026-02-17 04:52:39.632177,Dubai-28df,24,89,Normal
2026-02-17 04:52:40.632177,Dubai-28df,10,23,Normal
2026-02-17 04:52:41.632177,Dubai-28df,8,89,Normal
2026-02-17 04:52:42.632177,Dubai-28df,4,56,Normal
2026-02-17 04:52:43.632177,Dubai-28df,30,80,Normal
2026-02-17 04:52:44.632177,Dubai-28df,-19,16,Normal
2026-02-17 04:52:45.632177,Dubai-28df,-16,37,Normal
2026-02-17 04:52:46.632177,Dubai-28df,45,11,Normal
2026-02-17 04:52:47.632177,Dubai-28df,-11,31,Normal
2026-02-17 04:52:48.632177,Dubai-28df,40,28,Normal
2026-02-17 04:52:49.632177,Dubai-28df,14,13,Normal
2026-02-17 04:52:50.632177,Dubai-28df,15,22,Normal
2026-02-17 04:52:51.632177,Dubai-28df,-28,16,Normal
2026-02-17 04:52:52.632177,Dubai-28df,30,21,Normal
2026-02-17 04:52:53.632177,Dubai-28df,27,14,Normal
2026-02-17 04:52:54.632177,Dubai-28df,-16,69,Normal
2026-02-17 04:52:55.632177,Dubai-28df,-1,4,Normal
2026-02-17 04:52:56.632177,Dubai-28df,40,42,Normal
2026-02-17 04:52:57.632177,Dubai-28df,-27,68,Normal
2026-02-17 04:52:58.632177,Dubai-28df,-24,47,Normal
2026-02-17 04:52:59.632177,Dubai-28df,-3,31,Normal
2026-02-17 04:53:00.632177,Dubai-28df,13,86,Normal
2026-02-17 04:53:01.632177,Dubai-28df,-24,100,Normal
2026-02-17 04:53:02.632177,Dubai-28df,41,73,Normal
2026-02-17 04:53:03.632177,Dubai-28df,27,7,Normal
2026-02-17 04:53:04.632177,Dubai-28df,3,28,Normal
2026-02-17 04:53:05.632177,Dubai-28df,27,8,Normal
2026-02-17 04:53:06.632177,Dubai-28df,18,50,Normal
2026-02-17 04:53:07.632177,Dubai-28df,-19,12,Normal
2026-02-17 04:53:08.632177,Dubai-28df,35,10,Normal
2026-02-17 04:53:09.632177,Dubai-28df,1,44,Normal
2026-02-17 04:53:10.632177,Dubai-28df,-2,97,Normal
2026-02-17 04:53:11.632177,Dubai-28df,33,65,Normal
2026-02-17 04:53:12.632177,Dubai-28df,-12,45,Normal
2026-02-17 04:53:13.632177,Dubai-28df,5,29,Normal
2026-02-17 04:53:14.632177,Dubai-28df,-10,13,Normal
2026-02-17 04:53:15.632177,Dubai-28df,-3,100,Normal
2026-02-17 04:53:16.632177,Dubai-28df,-25,76,Normal
2026-02-17 04:53:17.632177,Dubai-28df,6,45,Normal
2026-02-17 04:53:18.632177,Dubai-28df,-12,70,Normal
2026-02-17 04:53:19.632177,Dubai-28df,35,41,Normal
2026-02-17 04:53:20.632177,Dubai-28df,24,69,Normal
2026-02-17 04:53:21.632177,Dubai-28df,-30,15,Normal
2026-02-17 04:53:22.632177,Dubai-28df,0,23,Normal
2026-02-17 04:53:23.632177,Dubai-28df,-7,22,Normal
2026-02-17 04:53:24.632177,Dubai-28df,-18,33,Normal
2026-02-17 04:53:25.632177,Dubai-28df,24,69,Normal
2026-02-17 04:53:26.632177,Dubai-28df,-14,17,Normal
2026-02-17 04:53:27.632177,Dubai-28df,47,100,Normal
2026-02-17 04:53:28.632177,Dubai-28df,7,90,Normal
2026-02-17 04:53:29.632177,Dubai-28df,45,31,Normal
2026-02-17 04:53:30.632177,Dubai-28df,-15,10,Normal
2026-02-17 04:53:31.632177,Dubai-28df,16,7,Normal
2026-02-17 04:53:32.632177,Dubai-28df,-19,76,Normal
2026-02-17 04:53:33.632177,Dubai-28df,-12,27,Normal
2026-02-17 04:53:34.632177,Dubai-28df,45,34,Normal
2026-02-17 04:53:35.632177,Dubai-28df,14,55,Normal
2026-02-17 04:53:36.632177,Dubai-28df,20,100,Normal
2026-02-17 04:53:37.632177,Dubai-28df,2,66,Normal
2026-02-17 04:53:38.632177,Dubai-28df,-27,90,Normal
2026-02-17 04:53:39.632177,Dubai-28df,24,7,Normal
2026-02-17 04:53:40.632177,Dubai-28df,39,79,Normal
2026-02-17 04:53:41.632177,Dubai-28df,11,61,Normal
2026-02-17 04:53:42.632177,Dubai-28df,-2,54,Normal
2026-02-17 04:53:43.632177,Dubai-28df,36,74,Normal
2026-02-17 04:53:44.632177,Dubai-28df,-17,20,Normal
2026-02-17 04:53:45.632177,Dubai-28df,-10,71,Normal
2026-02-17 04:53:46.632177,Dubai-28df,4,91,Normal
2026-02-17 04:53:47.632177,Dubai-28df,-28,56,Normal
2026-02-17 04:53:48.632177,Dubai-28df,-14,43,Normal
2026-02-17 04:53:49.632177,Dubai-28df,-5,53,Normal
2026-02-17 04:53:50.632177,Dubai-28df,-23,75,Normal
2026-02-17 04:53:51.632177,Dubai-28df,18,27,Normal
2026-02-17 04:53:52.632177,Dubai-28df,12,1,Normal
2026-02-17 04:53:53.632177,Dubai-28df,-17,81,Normal
2026-02-17 04:53:54.632177,Dubai-28df,8,55,Normal
2026-02-17 04:53:55.632177,Dubai-28df,-11,51,Normal
2026-02-17 04:53:56.632177,Dubai-28df,-20,6,Normal
2026-02-17 04:53:57.632177,Dubai-28df,-5,22,Normal
2026-02-17 04:53:58.632177,Dubai-28df,3,83,Normal
2026-02-17 04:53:59.632177,Dubai-28df,6,77,Normal
2026-02-17 04:54:00.632177,Dubai-28df,7,47,Normal
2026-02-17 04:54:01.632177,Dubai-28df,-19,12,Normal
2026-02-17 04:54:02.632177,Dubai-28df,-4,80,Normal
2026-02-17 04:54:03.632177,Dubai-28df,48,19,Normal
2026-02-17 04:54:04.632177,Dubai-28df,37,27,Normal
2026-02-17 04:54:05.632177,Dubai-28df,-12,20,Normal
2026-02-17 04:54:06.632177,Dubai-28df,15,72,Normal
2026-02-17 04:54:07.632177,Dubai-28df,2,27,Normal
2026-02-17 04:54:08.632177,Dubai-28df,48,78,Normal
2026-02-17 04:54:09.632177,Dubai-28df,31,49,Normal
2026-02-17 04:54:10.632177,Dubai-28df,-14,37,Normal
2026-02-17 04:54:11.632177,Dubai-28df,0,17,Normal
2026-02-17 04:54:12.632177,Dubai-28df,-4,58,Normal
2026-02-17 04:54:13.632177,Dubai-28df,46,43,Normal
2026-02-17 04:54:14.632177,Dubai-28df,30,33,Normal
2026-02-17 04:54:15.632177,Dubai-28df,14,54,Normal
2026-02-17 04:54:16.632177,Dubai-28df,-27,32,Normal
2026-02-17 04:54:17.632177,Dubai-28df,34,94,Normal
2026-02-17 04:54:18.632177,Dubai-28df,45,90,Normal
2026-02-17 04:54:19.632177,Dubai-28df,-2,22,Normal
2026-02-17 04:54:20.632177,Dubai-28df,20,39,Normal
2026-02-17 04:54:21.632177,Dubai-28df,40,65,Normal
2026-02-17 04:54:22.632177,Dubai-28df,-23,25,Normal
2026-02-17 04:54:23.632177,Dubai-28df,1,8,Normal
2026-02-17 04:54:24.632177,Dubai-28df,0,58,Normal
2026-02-17 04:54:25.632177,Dubai-28df,3,21,Normal
2026-02-17 04:54:26.632177,Dubai-28df,-23,63,Normal
2026-02-17 04:54:27.632177,Dubai-28df,-13,0,Normal
2026-02-17 04:54:28.632177,Dubai-28df,36,62,Normal
2026-02-17 04:54:29.632177,Dubai-28df,40,98,Normal
2026-02-17 04:54:30.632177,Dubai-28df,-30,86,Normal
2026-02-17 04:54:31.632177,Dubai-28df,14,88,Normal
2026-02-17 04:54:32.632177,Dubai-28df,20,63,Normal
2026-02-17 04:54:33.632177,Dubai-28df,12,25,Normal
2026-02-17 04:54:34.632177,Dubai-28df,44,15,Normal
2026-02-17 04:54:35.632177,Dubai-28df,-6,51,Normal
2026-02-17 04:54:36.632177,Dubai-28df,17,74,Normal
2026-02-17 04:54:37.632177,Dubai-28df,-13,83,Normal
2026-02-17 04:54:38.632177,Dubai-28df,41,19,Normal
2026-02-17 04:54:39.632177,Dubai-28df,4,18,Normal
2026-02-17 04:54:40.632177,Dubai-28df,-6,90,Normal
2026-02-17 04:54:41.632177,Dubai-28df,1,30,Normal
2026-02-17 04:54:42.632177,Dubai-28df,47,35,Normal
2026-02-17 04:54:43.632177,Dubai-28df,-8,34,Normal
2026-02-17 04:54:44.632177,Dubai-28df,21,58,Normal
2026-02-17 04:54:45.632177,Dubai-28df,-29,2,Normal
2026-02-17 04:54:46.632177,Dubai-28df,-17,29,Normal
2026-02-17 04:54:47.632177,Dubai-28df,-12,80,Normal
2026-02-17 04:54:48.632177,Dubai-28df,40,32,Normal
2026-02-17 04:54:49.632177,Dubai-28df,-30,17,Normal
2026-02-17 04:54:50.632177,Dubai-28df,-1,36,Normal
2026-02-17 04:54:51.632177,Dubai-28df,-1,14,Normal
2026-02-17 04:54:52.632177,Dubai-28df,-25,13,Normal
2026-02-17 04:54:53.632177,Dubai-28df,4,7,Normal
2026-02-17 04:54:54.632177,Dubai-28df,-27,78,Normal
2026-02-17 04:54:55.632177,Dubai-28df,10,61,Normal
2026-02-17 04:54:56.632177,Dubai-28df,45,38,Normal
2026-02-17 04:54:57.632177,Dubai-28df,-15,47,Normal
2026-02-17 04:54:58.632177,Dubai-28df,-1,63,Normal
2026-02-17 04:54:59.632177,Dubai-28df,-24,39,Normal
2026-02-17 04:55:00.632177,Dubai-28df,-6,26,Normal
2026-02-17 04:55:01.632177,Dubai-28df,-4,6,Normal
2026-02-17 04:55:02.632177,Dubai-28df,-19,96,Normal
2026-02-17 04:55:03.632177,Dubai-28df,33,20,Normal
2026-02-17 04:55:04.632177,Dubai-28df,42,51,Normal
2026-02-17 04:55:05.632177,Dubai-28df,4,18,Normal
2026-02-17 04:55:06.632177,Dubai-28df,-23,4,Normal
2026-02-17 04:55:07.632177,Dubai-28df,45,64,Normal
2026-02-17 04:55:08.632177,Dubai-28df,6,69,Normal
2026-02-17 04:55:09.632177,Dubai-28df,10,57,Normal
2026-02-17 04:55:10.632177,Dubai-28df,34,24,Normal
2026-02-17 04:55:11.632177,Dubai-28df,9,72,Normal
2026-02-17 04:55:12.632177,Dubai-28df,-16,73,Normal
2026-02-17 04:55:13.632177,Dubai-28df,-23,82,Normal
2026-02-17 04:55:14.632177,Dubai-28df,24,63,Normal
2026-02-17 04:55:15.632177,Dubai-28df,-27,29,Normal
2026-02-17 04:55:16.632177,Dubai-28df,-22,67,Normal
2026-02-17 04:55:17.632177,Dubai-28df,48,9,Normal
2026-02-17 04:55:18.632177,Dubai-28df,-9,67,Normal
2026-02-17 04:55:19.632177,Dubai-28df,39,64,Normal
2026-02-17 04:55:20.632177,Dubai-28df,-5,33,Normal
2026-02-17 04:55:21.632177,Dubai-28df,-17,68,Normal
2026-02-17 04:55:22.632177,Dubai-28df,42,52,Normal
2026-02-17 04:55:23.632177,Dubai-28df,-4,70,Normal
2026-02-17 04:55:24.632177,Dubai-28df,30,93,Normal
2026-02-17 04:55:25.632177,Dubai-28df,-14,80,Normal
2026-02-17 04:55:26.632177,Dubai-28df,49,79,Normal
2026-02-17 04:55:27.632177,Dubai-28df,46,42,Normal
2026-02-17 04:55:28.632177,Dubai-28df,-26,76,Normal
2026-02-17 04:55:29.632177,Dubai-28df,-25,22,Normal
2026-02-17 04:55:30.632177,Dubai-28df,22,32,Normal
2026-02-17 04:55:31.632177,Dubai-28df,-16,100,Normal
2026-02-17 04:55:32.632177,Dubai-28df,45,11,Normal
2026-02-17 04:55:33.632177,Dubai-28df,32,45,Normal
2026-02-17 04:55:34.632177,Dubai-28df,-8,67,Normal
2026-02-17 04:55:35.632177,Dubai-28df,-5,100,Normal
2026-02-17 04:55:36.632177,Dubai-28df,50,69,Normal
2026-02-17 04:55:37.632177,Dubai-28df,-20,94,Normal
2026-02-17 04:55:38.632177,Dubai-28df,27,13,Normal
2026-02-17 04:55:39.632177,Dubai-28df,-15,67,Normal
2026-02-17 04:55:40.632177,Dubai-28df,44,93,Normal
2026-02-17 04:55:41.632177,Dubai-28df,-10,14,Normal
2026-02-17 04:55:42.632177,Dubai-28df,16,37,Normal
2026-02-17 04:55:43.632177,Dubai-28df,-30,65,Normal
2026-02-17 04:55:44.632177,Dubai-28df,-22,29,Normal
2026-02-17 04:55:45.632177,Dubai-28df,27,56,Normal
2026-02-17 04:55:46.632177,Dubai-28df,29,87,Normal
2026-02-17 04:55:47.632177,Dubai-28df,27,11,Normal
2026-02-17 04:55:48.632177,Dubai-28df,-19,8,Normal
2026-02-17 04:55:49.632177,Dubai-28df,-5,64,Normal
2026-02-17 04:55:50.632177,Dubai-28df,-25,1,Normal
2026-02-17 04:55:51.632177,Dubai-28df,33,84,Normal
2026-02-17 04:55:52.632177,Dubai-28df,5,11,Normal
2026-02-17 04:55:53.632177,Dubai-28df,10,65,Normal
2026-02-17 04:55:54.632177,Dubai-28df,22,64,Normal
2026-02-17 04:55:55.632177,Dubai-28df,11,21,Normal
2026-02-17 04:55:56.632177,Dubai-28df,0,37,Normal
2026-02-17 04:55:57.632177,Dubai-28df,-9,25,Normal
2026-02-17 04:55:58.632177,Dubai-28df,1,81,Normal
2026-02-17 04:55:59.632177,Dubai-28df,-13,40,Normal
2026-02-17 04:56:00.632177,Dubai-28df,29,18,Normal
2026-02-17 04:56:01.632177,Dubai-28df,6,56,Normal
2026-02-17 04:56:02.632177,Dubai-28df,47,22,Normal
2026-02-17 04:56:03.632177,Dubai-28df,43,21,Normal
2026-02-17 04:56:04.632177,Dubai-28df,3,28,Normal
2026-02-17 04:56:05.632177,Dubai-28df,16,68,Normal
2026-02-17 04:56:06.632177,Dubai-28df,-29,1,Normal
2026-02-17 04:56:07.632177,Dubai-28df,3,31,Normal
2026-02-17 04:56:08.632177,Dubai-28df,20,21,Normal
2026-02-17 04:56:09.632177,Dubai-28df,19,100,Normal
2026-02-17 04:56:10.632177,Dubai-28df,-5,66,Normal
2026-02-17 04:56:11.632177,Dubai-28df,-21,89,Normal
2026-02-17 04:56:12.632177,Dubai-28df,41,4,Normal
2026-02-17 04:56:13.632177,Dubai-28df,-29,76,Normal
2026-02-17 04:56:14.632177,Dubai-28df,-17,31,Normal
2026-02-17 04:56:15.632177,Dubai-28df,15,41,Normal
2026-02-17 04:56:16.632177,Dubai-28df,43,56,Normal
2026-02-17 04:56:17.632177,Dubai-28df,13,96,Normal
2026-02-17 04:56:18.632177,Dubai-28df,32,15,Normal
2026-02-17 04:56:19.632177,Dubai-28df,16,40,Normal
2026-02-17 04:56:20.632177,Dubai-28df,-15,31,Normal
2026-02-17 04:56:21.632177,Dubai-28df,23,11,Normal
2026-02-17 04:56:22.632177,Dubai-28df,29,54,Normal
2026-02-17 04:56:23.632177,Dubai-28df,15,87,Normal
2026-02-17 04:56:24.632177,Dubai-28df,-3,19,Normal
2026-02-17 04:56:25.632177,Dubai-28df,36,74,Normal
2026-02-17 04:56:26.632177,Dubai-28df,-27,56,Normal
2026-02-17 04:56:27.632177,Dubai-28df,41,2,Normal
2026-02-17 04:56:28.632177,Dubai-28df,-1,91,Normal
2026-02-17 04:56:29.632177,Dubai-28df,34,83,Normal
2026-02-17 04:56:30.632177,Dubai-28df,6,46,Normal
2026-02-17 04:56:31.632177,Dubai-28df,32,2,Normal
2026-02-17 04:56:32.632177,Dubai-28df,35,51,Normal
2026-02-17 04:56:33.632177,Dubai-28df,6,31,Normal
2026-02-17 04:56:34.632177,Dubai-28df,47,29,Normal
2026-02-17 04:56:35.632177,Dubai-28df,-24,50,Normal
2026-02-17 04:56:36.632177,Dubai-28df,17,22,Normal
2026-02-17 04:56:37.632177,Dubai-28df,12,44,Normal
2026-02-17 04:56:38.632177,Dubai-28df,49,92,Normal
2026-02-17 04:56:39.632177,Dubai-28df,-10,74,Normal
2026-02-17 04:56:40.632177,Dubai-28df,-7,43,Normal
2026-02-17 04:56:41.632177,Dubai-28df,1,37,Normal
2026-02-17 04:56:42.632177,Dubai-28df,26,71,Normal
2026-02-17 04:56:43.632177,Dubai-28df,1,60,Normal
2026-02-17 04:56:44.632177,Dubai-28df,33,61,Normal
2026-02-17 04:56:45.632177,Dubai-28df,-12,16,Normal
2026-02-17 04:56:46.632177,Dubai-28df,14,88,Normal
2026-02-17 04:56:47.632177,Dubai-28df,-4,97,Normal
2026-02-17 04:56:48.632177,Dubai-28df,-5,7,Normal
2026-02-17 04:56:49.632177,Dubai-28df,50,47,Normal
2026-02-17 04:56:50.632177,Dubai-28df,14,1,Normal
2026-02-17 04:56:51.632177,Dubai-28df,-9,32,Normal
2026-02-17 04:56:52.632177,Dubai-28df,-22,7,Normal
2026-02-17 04:56:53.632177,Dubai-28df,5,86,Normal
2026-02-17 04:56:54.632177,Dubai-28df,-11,46,Normal
2026-02-17 04:56:55.632177,Dubai-28df,-19,15,Normal
2026-02-17 04:56:56.632177,Dubai-28df,-14,86,Normal
2026-02-17 04:56:57.632177,Dubai-28df,-23,25,Normal
2026-02-17 04:56:58.632177,Dubai-28df,30,33,Normal
2026-02-17 04:56:59.632177,Dubai-28df,29,25,Normal
2026-02-17 04:57:00.632177,Dubai-28df,42,89,Normal
2026-02-17 04:57:01.632177,Dubai-28df,11,64,Normal
2026-02-17 04:57:02.632177,Dubai-28df,9,15,Normal
2026-02-17 04:57:03.632177,Dubai-28df,5,42,Normal
2026-02-17 04:57:04.632177,Dubai-28df,-4,47,Normal
2026-02-17 04:57:05.632177,Dubai-28df,-28,96,Normal
2026-02-17 04:57:06.632177,Dubai-28df,-15,2,Normal
2026-02-17 04:57:07.632177,Dubai-28df,-25,99,Normal
2026-02-17 04:57:08.632177,Dubai-28df,4,54,Normal
2026-02-17 04:57:09.632177,Dubai-28df,46,24,Normal
2026-02-17 04:57:10.632177,Dubai-28df,28,69,Normal
2026-02-17 04:57:11.632177,Dubai-28df,6,63,Normal
2026-02-17 04:57:12.632177,Dubai-28df,14,83,Normal
2026-02-17 04:57:13.632177,Dubai-28df,3,24,Normal
2026-02-17 04:57:14.632177,Dubai-28df,45,97,Normal
2026-02-17 04:57:15.632177,Dubai-28df,50,29,Normal
2026-02-17 04:57:16.632177,Dubai-28df,42,33,Normal
2026-02-17 04:57:17.632177,Dubai-28df,26,22,Normal
2026-02-17 04:57:18.632177,Dubai-28df,-26,24,Normal
2026-02-17 04:57:19.632177,Dubai-28df,-16,49,Normal
2026-02-17 04:57:20.632177,Dubai-28df,18,97,Normal
2026-02-17 04:57:21.632177,Dubai-28df,44,56,Normal
2026-02-17 04:57:22.632177,Dubai-28df,-7,50,Normal
2026-02-17 04:57:23.632177,Dubai-28df,47,26,Normal
2026-02-17 04:57:24.632177,Dubai-28df,40,36,Normal
2026-02-17 04:57:25.632177,Dubai-28df,2,14,Normal
2026-02-17 04:57:26.632177,Dubai-28df,-14,10,Normal
2026-02-17 04:57:27.632177,Dubai-28df,13,79,Normal
2026-02-17 04:57:28.632177,Dubai-28df,29,41,Normal
2026-02-17 04:57:29.632177,Dubai-28df,45,65,Normal
2026-02-17 04:57:30.632177,Dubai-28df,15,4,Normal
2026-02-17 04:57:31.632177,Dubai-28df,38,54,Normal
2026-02-17 04:57:32.632177,Dubai-28df,23,86,Normal
2026-02-17 04:57:33.632177,Dubai-28df,22,20,Normal
2026-02-17 04:57:34.632177,Dubai-28df,-29,41,Normal
2026-02-17 04:57:35.632177,Dubai-28df,13,91,Normal
2026-02-17 04:57:36.632177,Dubai-28df,20,3,Normal
2026-02-17 04:57:37.632177,Dubai-28df,7,39,Normal
2026-02-17 04:57:38.632177,Dubai-28df,-18,16,Normal
2026-02-17 04:57:39.632177,Dubai-28df,24,24,Normal
2026-02-17 04:57:40.632177,Dubai-28df,-28,64,Normal
2026-02-17 04:57:41.632177,Dubai-28df,4,39,Normal
2026-02-17 04:57:42.632177,Dubai-28df,-24,39,Normal
2026-02-17 04:57:43.632177,Dubai-28df,-12,61,Normal
2026-02-17 04:57:44.632177,Dubai-28df,-4,78,Normal
2026-02-17 04:57:45.632177,Dubai-28df,22,66,Normal
2026-02-17 04:57:46.632177,Dubai-28df,-16,93,Normal
2026-02-17 04:57:47.632177,Dubai-28df,-3,86,Normal
2026-02-17 04:57:48.632177,Dubai-28df,10,0,Normal
2026-02-17 04:57:49.632177,Dubai-28df,46,32,Normal
2026-02-17 04:57:50.632177,Dubai-28df,22,74,Normal
2026-02-17 04:57:51.632177,Dubai-28df,-7,99,Normal
2026-02-17 04:57:52.632177,Dubai-28df,49,17,Normal
2026-02-17 04:57:53.632177,Dubai-28df,-24,55,Normal
2026-02-17 04:57:54.632177,Dubai-28df,-12,59,Normal
2026-02-17 04:57:55.632177,Dubai-28df,-11,17,Normal
2026-02-17 04:57:56.632177,Dubai-28df,12,25,Normal
2026-02-17 04:57:57.632177,Dubai-28df,-25,30,Normal
2026-02-17 04:57:58.632177,Dubai-28df,-29,67,Normal
2026-02-17 04:57:59.632177,Dubai-28df,35,65,Normal
2026-02-17 04:58:00.632177,Dubai-28df,-22,43,Normal
2026-02-17 04:58:01.632177,Dubai-28df,3,29,Normal
2026-02-17 04:58:02.632177,Dubai-28df,39,11,Normal
2026-02-17 04:58:03.632177,Dubai-28df,-13,16,Normal
2026-02-17 04:58:04.632177,Dubai-28df,15,21,Normal
2026-02-17 04:58:05.632177,Dubai-28df,0,32,Normal
2026-02-17 04:58:06.632177,Dubai-28df,38,77,Normal
2026-02-17 04:58:07.632177,Dubai-28df,31,37,Normal
2026-02-17 04:58:08.632177,Dubai-28df,35,91,Normal
2026-02-17 04:58:09.632177,Dubai-28df,-24,50,Normal
2026-02-17 04:58:10.632177,Dubai-28df,-19,100,Normal
2026-02-17 04:58:11.632177,Dubai-28df,-6,62,Normal
2026-02-17 04:58:12.632177,Dubai-28df,27,50,Normal
2026-02-17 04:58:13.632177,Dubai-28df,-5,30,Normal
2026-02-17 04:58:14.632177,Dubai-28df,22,95,Normal
2026-02-17 04:58:15.632177,Dubai-28df,48,55,Normal
2026-02-17 04:58:16.632177,Dubai-28df,-25,13,Normal
2026-02-17 04:58:17.632177,Dubai-28df,-20,90,Normal
2026-02-17 04:58:18.632177,Dubai-28df,25,64,Normal
2026-02-17 04:58:19.632177,Dubai-28df,-4,84,Normal
2026-02-17 04:58:20.632177,Dubai-28df,-2,19,Normal
2026-02-17 04:58:21.632177,Dubai-28df,40,44,Normal
2026-02-17 04:58:22.632177,Dubai-28df,-17,11,Normal
2026-02-17 04:58:23.632177,Dubai-28df,-23,67,Normal
2026-02-17 04:58:24.632177,Dubai-28df,23,45,Normal
2026-02-17 04:58:25.632177,Dubai-28df,36,46,Normal
2026-02-17 04:58:26.632177,Dubai-28df,45,10,Normal
2026-02-17 04:58:27.632177,Dubai-28df,-2,55,Normal
2026-02-17 04:58:28.632177,Dubai-28df,-6,58,Normal
2026-02-17 04:58:29.632177,Dubai-28df,-19,88,Normal
2026-02-17 04:58:30.632177,Dubai-28df,47,67,Normal
2026-02-17 04:58:31.632177,Dubai-28df,16,29,Normal
2026-02-17 04:58:32.632177,Dubai-28df,13,78,Normal
2026-02-17 04:58:33.632177,Dubai-28df,33,2,Normal
2026-02-17 04:58:34.632177,Dubai-28df,-1,25,Normal
2026-02-17 04:58:35.632177,Dubai-28df,-15,74,Normal
2026-02-17 04:58:36.632177,Dubai-28df,48,31,Normal
2026-02-17 04:58:37.632177,Dubai-28df,-27,42,Normal
2026-02-17 04:58:38.632177,Dubai-28df,21,77,Normal
2026-02-17 04:58:39.632177,Dubai-28df,-14,51,Normal
2026-02-17 04:58:40.632177,Dubai-28df,42,0,Normal
2026-02-17 04:58:41.632177,Dubai-28df,33,83,Normal
2026-02-17 04:58:42.632177,Dubai-28df,0,84,Normal
2026-02-17 04:58:43.632177,Dubai-28df,47,78,Normal
2026-02-17 04:58:44.632177,Dubai-28df,-12,93,Normal
2026-02-17 04:58:45.632177,Dubai-28df,-5,33,Normal
2026-02-17 04:58:46.632177,Dubai-28df,-16,100,Normal
2026-02-17 04:58:47.632177,Dubai-28df,26,13,Normal
2026-02-17 04:58:48.632177,Dubai-28df,-18,81,Normal
2026-02-17 04:58:49.632177,Dubai-28df,43,29,Normal
2026-02-17 04:58:50.632177,Dubai-28df,-4,44,Normal
2026-02-17 04:58:51.632177,Dubai-28df,37,67,Normal
2026-02-17 04:58:52.632177,Dubai-28df,-7,11,Normal
2026-02-17 04:58:53.632177,Dubai-28df,-28,10,Normal
2026-02-17 04:58:54.632177,Dubai-28df,-3,74,Normal
2026-02-17 04:58:55.632177,Dubai-28df,-26,25,Normal
2026-02-17 04:58:56.632177,Dubai-28df,39,69,Normal
2026-02-17 04:58:57.632177,Dubai-28df,28,9,Normal
2026-02-17 04:58:58.632177,Dubai-28df,49,95,Normal
2026-02-17 04:58:59.632177,Dubai-28df,-29,15,Normal
2026-02-17 04:59:00.632177,Dubai-28df,26,35,Normal
2026-02-17 04:59:01.632177,Dubai-28df,-27,57,Normal
2026-02-17 04:59:02.632177,Dubai-28df,48,0,Normal
2026-02-17 04:59:03.632177,Dubai-28df,8,28,Normal
2026-02-17 04:59:04.632177,Dubai-28df,9,81,Normal
2026-02-17 04:59:05.632177,Dubai-28df,-24,28,Normal
2026-02-17 04:59:06.632177,Dubai-28df,13,22,Normal
2026-02-17 04:59:07.632177,Dubai-28df,47,37,Normal
2026-02-17 04:59:08.632177,Dubai-28df,-25,91,Normal
2026-02-17 04:59:09.632177,Dubai-28df,-26,81,Normal
2026-02-17 04:59:10.632177,Dubai-28df,28,73,Normal
2026-02-17 04:59:11.632177,Dubai-28df,49,89,Normal
2026-02-17 04:59:12.632177,Dubai-28df,46,90,Normal
2026-02-17 04:59:13.632177,Dubai-28df,31,67,Normal
2026-02-17 04:59:14.632177,Dubai-28df,30,26,Normal
2026-02-17 04:59:15.632177,Dubai-28df,30,61,Normal
2026-02-17 04:59:16.632177,Dubai-28df,8,38,Normal
2026-02-17 04:59:17.632177,Dubai-28df,41,51,Normal
2026-02-17 04:59:18.632177,Dubai-28df,1,15,Normal
2026-02-17 04:59:19.632177,Dubai-28df,-3,62,Normal
2026-02-17 04:59:20.632177,Dubai-28df,45,28,Normal
2026-02-17 04:59:21.632177,Dubai-28df,22,55,Normal
2026-02-17 04:59:22.632177,Dubai-28df,-30,14,Normal
2026-02-17 04:59:23.632177,Dubai-28df,45,74,Normal
2026-02-17 04:59:24.632177,Dubai-28df,-30,24,Normal
2026-02-17 04:59:25.632177,Dubai-28df,29,35,Normal
2026-02-17 04:59:26.632177,Dubai-28df,29,26,Normal
2026-02-17 04:59:27.632177,Dubai-28df,17,27,Normal
2026-02-17 04:59:28.632177,Dubai-28df,10,46,Normal
2026-02-17 04:59:29.632177,Dubai-28df,20,69,Normal
2026-02-17 04:59:30.632177,Dubai-28df,18,54,Normal
2026-02-17 04:59:31.632177,Dubai-28df,-13,10,Normal
2026-02-17 04:59:32.632177,Dubai-28df,-20,45,Normal
2026-02-17 04:59:33.632177,Dubai-28df,4,85,Normal
2026-02-17 04:59:34.632177,Dubai-28df,4,73,Normal
2026-02-17 04:59:35.632177,Dubai-28df,-10,40,Normal
2026-02-17 04:59:36.632177,Dubai-28df,-13,95,Normal
2026-02-17 04:59:37.632177,Dubai-28df,-20,5,Normal
2026-02-17 04:59:38.632177,Dubai-28df,-14,93,Normal
2026-02-17 04:59:39.632177,Dubai-28df,18,39,Normal
2026-02-17 04:59:40.632177,Dubai-28df,-28,12,Normal
2026-02-17 04:59:41.632177,Dubai-28df,39,26,Normal
2026-02-17 04:59:42.632177,Dubai-28df,22,10,Normal
2026-02-17 04:59:43.632177,Dubai-28df,-20,21,Normal
2026-02-17 04:59:44.632177,Dubai-28df,-25,75,Normal
2026-02-17 04:59:45.632177,Dubai-28df,-15,42,Normal
2026-02-17 04:59:46.632177,Dubai-28df,10,4,Normal
2026-02-17 04:59:47.632177,Dubai-28df,25,83,Normal
2026-02-17 04:59:48.632177,Dubai-28df,12,41,Normal
2026-02-17 04:59:49.632177,Dubai-28df,41,55,Normal
2026-02-17 04:59:50.632177,Dubai-28df,-9,41,Normal
2026-02-17 04:59:51.632177,Dubai-28df,7,71,Normal
2026-02-17 04:59:52.632177,Dubai-28df,-8,84,Normal
2026-02-17 04:59:53.632177,Dubai-28df,-16,21,Normal
2026-02-17 04:59:54.632177,Dubai-28df,47,68,Normal
2026-02-17 04:59:55.632177,Dubai-28df,25,22,Normal
2026-02-17 04:59:56.632177,Dubai-28df,-10,73,Normal
2026-02-17 04:59:57.632177,Dubai-28df,-22,7,Normal
2026-02-17 04:59:58.632177,Dubai-28df,-1,64,Normal
2026-02-17 04:59:59.632177,Dubai-28df,50,38,Normal
2026-02-17 05:00:00.632177,Dubai-28df,25,56,Normal
2026-02-17 05:00:01.632177,Dubai-28df,46,1,Normal
2026-02-17 05:00:02.632177,Dubai-28df,42,51,Normal
2026-02-17 05:00:03.632177,Dubai-28df,19,93,Normal
2026-02-17 05:00:04.632177,Dubai-28df,6,95,Normal
2026-02-17 05:00:05.632177,Dubai-28df,8,78,Normal
2026-02-17 05:00:06.632177,Dubai-28df,-9,89,Normal
2026-02-17 05:00:07.632177,Dubai-28df,37,45,Normal
2026-02-17 05:00:08.632177,Dubai-28df,40,5,Normal
2026-02-17 05:00:09.632177,Dubai-28df,22,80,Normal
2026-02-17 05:00:10.632177,Dubai-28df,-30,30,Normal
2026-02-17 05:00:11.632177,Dubai-28df,-23,100,Normal
2026-02-17 05:00:12.632177,Dubai-28df,-17,2,Normal
2026-02-17 05:00:13.632177,Dubai-28df,32,22,Normal
2026-02-17 05:00:14.632177,Dubai-28df,44,57,Normal
2026-02-17 05:00:15.632177,Dubai-28df,29,53,Normal
2026-02-17 05:00:16.632177,Dubai-28df,19,60,Normal
2026-02-17 05:00:17.632177,Dubai-28df,48,73,Normal
2026-02-17 05:00:18.632177,Dubai-28df,-30,39,Normal
2026-02-17 05:00:19.632177,Dubai-28df,-27,37,Normal
2026-02-17 05:00:20.632177,Dubai-28df,49,99,Normal
2026-02-17 05:00:21.632177,Dubai-28df,9,15,Normal
2026-02-17 05:00:22.632177,Dubai-28df,43,63,Normal
2026-02-17 05:00:23.632177,Dubai-28df,25,88,Normal
2026-02-17 05:00:24.632177,Dubai-28df,-15,29,Normal
2026-02-17 05:00:25.632177,Dubai-28df,-12,35,Normal
2026-02-17 05:00:26.632177,Dubai-28df,15,94,Normal
2026-02-17 05:00:27.632177,Dubai-28df,44,21,Normal
2026-02-17 05:00:28.632177,Dubai-28df,26,72,Normal
2026-02-17 05:00:29.632177,Dubai-28df,-23,59,Normal
2026-02-17 05:00:30.632177,Dubai-28df,41,0,Normal
2026-02-17 05:00:31.632177,Dubai-28df,35,47,Normal
2026-02-17 05:00:32.632177,Dubai-28df,15,88,Normal
2026-02-17 05:00:33.632177,Dubai-28df,-21,23,Normal
2026-02-17 05:00:34.632177,Dubai-28df,22,21,Normal
2026-02-17 05:00:35.632177,Dubai-28df,-23,76,Normal
2026-02-17 05:00:36.632177,Dubai-28df,-30,66,Normal
2026-02-17 05:00:37.632177,Dubai-28df,17,19,Normal
2026-02-17 05:00:38.632177,Dubai-28df,14,53,Normal
2026-02-17 05:00:39.632177,Dubai-28df,23,66,Normal
2026-02-17 05:00:40.632177,Dubai-28df,39,7,Normal
2026-02-17 05:00:41.632177,Dubai-28df,37,61,Normal
2026-02-17 05:00:42.632177,Dubai-28df,10,87,Normal
2026-02-17 05:00:43.632177,Dubai-28df,28,6,Normal
2026-02-17 05:00:44.632177,Dubai-28df,1,13,Normal
2026-02-17 05:00:45.632177,Dubai-28df,35,77,Normal
2026-02-17 05:00:46.632177,Dubai-28df,13,94,Normal
2026-02-17 05:00:47.632177,Dubai-28df,36,79,Normal
2026-02-17 05:00:48.632177,Dubai-28df,12,72,Normal
2026-02-17 05:00:49.632177,Dubai-28df,38,87,Normal
2026-02-17 05:00:50.632177,Dubai-28df,33,40,Normal
2026-02-17 05:00:51.632177,Dubai-28df,1,18,Normal
2026-02-17 05:00:52.632177,Dubai-28df,-29,55,Normal
2026-02-17 05:00:53.632177,Dubai-28df,-26,76,Normal
2026-02-17 05:00:54.632177,Dubai-28df,46,1,Normal
2026-02-17 05:00:55.632177,Dubai-28df,-25,18,Normal
2026-02-17 05:00:56.632177,Dubai-28df,-2,8,Normal
2026-02-17 05:00:57.632177,Dubai-28df,45,8,Normal
2026-02-17 05:00:58.632177,Dubai-28df,25,87,Normal
2026-02-17 05:00:59.632177,Dubai-28df,-29,93,Normal
2026-02-17 05:01:00.632177,Dubai-28df,-4,94,Normal
2026-02-17 05:01:01.632177,Dubai-28df,-17,49,Normal
2026-02-17 05:01:02.632177,Dubai-28df,22,96,Normal
2026-02-17 05:01:03.632177,Dubai-28df,9,87,Normal
2026-02-17 05:01:04.632177,Dubai-28df,-1,20,Normal
2026-02-17 05:01:05.632177,Dubai-28df,8,28,Normal
2026-02-17 05:01:06.632177,Dubai-28df,-14,78,Normal
2026-02-17 05:01:07.632177,Dubai-28df,28,65,Normal
2026-02-17 05:01:08.632177,Dubai-28df,47,53,Normal
2026-02-17 05:01:09.632177,Dubai-28df,-27,81,Normal
2026-02-17 05:01:10.632177,Dubai-28df,42,34,Normal
2026-02-17 05:01:11.632177,Dubai-28df,6,85,Normal
2026-02-17 05:01:12.632177,Dubai-28df,18,56,Normal
2026-02-17 05:01:13.632177,Dubai-28df,15,52,Normal
2026-02-17 05:01:14.632177,Dubai-28df,39,27,Normal
2026-02-17 05:01:15.632177,Dubai-28df,28,2,Normal
2026-02-17 05:01:16.632177,Dubai-28df,48,72,Normal
2026-02-17 05:01:17.632177,Dubai-28df,42,50,Normal
2026-02-17 05:01:18.632177,Dubai-28df,40,50,Normal
2026-02-17 05:01:19.632177,Dubai-28df,1,65,Normal
2026-02-17 05:01:20.632177,Dubai-28df,37,47,Normal
2026-02-17 05:01:21.632177,Dubai-28df,-2,88,Normal
2026-02-17 05:01:22.632177,Dubai-28df,-7,97,Normal
2026-02-17 05:01:23.632177,Dubai-28df,-26,23,Normal
2026-02-17 05:01:24.632177,Dubai-28df,28,35,Normal
2026-02-17 05:01:25.632177,Dubai-28df,41,78,Normal
2026-02-17 05:01:26.632177,Dubai-28df,-4,6,Normal
2026-02-17 05:01:27.632177,Dubai-28df,18,17,Normal
2026-02-17 05:01:28.632177,Dubai-28df,-25,4,Normal
2026-02-17 05:01:29.632177,Dubai-28df,-18,56,Normal
2026-02-17 05:01:30.632177,Dubai-28df,34,44,Normal
2026-02-17 05:01:31.632177,Dubai-28df,22,0,Normal
2026-02-17 05:01:32.632177,Dubai-28df,2,4,Normal
2026-02-17 05:01:33.632177,Dubai-28df,-1,11,Normal
2026-02-17 05:01:34.632177,Dubai-28df,49,8,Normal
2026-02-17 05:01:35.632177,Dubai-28df,46,69,Normal
2026-02-17 05:01:36.632177,Dubai-28df,18,58,Normal
2026-02-17 05:01:37.632177,Dubai-28df,29,88,Normal
2026-02-17 05:01:38.632177,Dubai-28df,14,42,Normal
2026-02-17 05:01:39.632177,Dubai-28df,-28,44,Normal
2026-02-17 05:01:40.632177,Dubai-28df,-27,42,Normal
2026-02-17 05:01:41.632177,Dubai-28df,33,68,Normal
2026-02-17 05:01:42.632177,Dubai-28df,28,88,Normal
2026-02-17 05:01:43.632177,Dubai-28df,38,32,Normal
2026-02-17 05:01:44.632177,Dubai-28df,14,51,Normal
2026-02-17 05:01:45.632177,Dubai-28df,-24,23,Normal
2026-02-17 05:01:46.632177,Dubai-28df,40,78,Normal
2026-02-17 05:01:47.632177,Dubai-28df,-18,78,Normal
2026-02-17 05:01:48.632177,Dubai-28df,-2,73,Normal
2026-02-17 05:01:49.632177,Dubai-28df,18,32,Normal
2026-02-17 05:01:50.632177,Dubai-28df,6,67,Normal
2026-02-17 05:01:51.632177,Dubai-28df,-25,30,Normal
2026-02-17 05:01:52.632177,Dubai-28df,10,66,Normal
2026-02-17 05:01:53.632177,Dubai-28df,-17,77,Normal
2026-02-17 05:01:54.632177,Dubai-28df,12,71,Normal
2026-02-17 05:01:55.632177,Dubai-28df,-23,70,Normal
2026-02-17 05:01:56.632177,Dubai-28df,46,20,Normal
2026-02-17 05:01:57.632177,Dubai-28df,28,21,Normal
2026-02-17 05:01:58.632177,Dubai-28df,42,59,Normal
2026-02-17 05:01:59.632177,Dubai-28df,15,72,Normal
2026-02-17 05:02:00.632177,Dubai-28df,16,69,Normal
2026-02-17 05:02:01.632177,Dubai-28df,4,36,Normal
2026-02-17 05:02:02.632177,Dubai-28df,7,15,Normal
2026-02-17 05:02:03.632177,Dubai-28df,-12,76,Normal
2026-02-17 05:02:04.632177,Dubai-28df,-12,92,Normal
2026-02-17 05:02:05.632177,Dubai-28df,-28,7,Normal
2026-02-17 05:02:06.632177,Dubai-28df,-28,92,Normal
2026-02-17 05:02:07.632177,Dubai-28df,38,42,Normal
2026-02-17 05:02:08.632177,Dubai-28df,-1,81,Normal
2026-02-17 05:02:09.632177,Dubai-28df,47,16,Normal
2026-02-17 05:02:10.632177,Dubai-28df,38,37,Normal
2026-02-17 05:02:11.632177,Dubai-28df,-8,43,Normal
2026-02-17 05:02:12.632177,Dubai-28df,-6,33,Normal
2026-02-17 05:02:13.632177,Dubai-28df,29,54,Normal
2026-02-17 05:02:14.632177,Dubai-28df,-14,0,Normal
2026-02-17 05:02:15.632177,Dubai-28df,4,54,Normal
2026-02-17 05:02:16.632177,Dubai-28df,17,39,Normal
2026-02-17 05:02:17.632177,Dubai-28df,2,19,Normal
2026-02-17 05:02:18.632177,Dubai-28df,9,44,Normal
2026-02-17 05:02:19.632177,Dubai-28df,7,93,Normal
2026-02-17 05:02:20.632177,Dubai-28df,11,43,Normal
2026-02-17 05:02:21.632177,Dubai-28df,17,83,Normal
2026-02-17 05:02:22.632177,Dubai-28df,-15,18,Normal
2026-02-17 05:02:23.632177,Dubai-28df,-17,55,Normal
2026-02-17 05:02:24.632177,Dubai-28df,38,14,Normal
2026-02-17 05:02:25.632177,Dubai-28df,28,11,Normal
2026-02-17 05:02:26.632177,Dubai-28df,35,8,Normal
2026-02-17 05:02:27.632177,Dubai-28df,-5,54,Normal
2026-02-17 05:02:28.632177,Dubai-28df,-13,87,Normal
2026-02-17 05:02:29.632177,Dubai-28df,28,65,Normal
2026-02-17 05:02:30.632177,Dubai-28df,29,100,Normal
2026-02-17 05:02:31.632177,Dubai-28df,-29,92,Normal
2026-02-17 05:02:32.632177,Dubai-28df,3,7,Normal
2026-02-17 05:02:33.632177,Dubai-28df,-27,25,Normal
2026-02-17 05:02:34.632177,Dubai-28df,7,14,Normal
2026-02-17 05:02:35.632177,Dubai-28df,3,71,Normal
2026-02-17 05:02:36.632177,Dubai-28df,21,89,Normal
2026-02-17 05:02:37.632177,Dubai-28df,42,25,Normal
2026-02-17 05:02:38.632177,Dubai-28df,-12,88,Normal
2026-02-17 05:02:39.632177,Dubai-28df,-9,74,Normal
2026-02-17 05:02:40.632177,Dubai-28df,-27,47,Normal
2026-02-17 05:02:41.632177,Dubai-28df,44,34,Normal
2026-02-17 05:02:42.632177,Dubai-28df,12,49,Normal
2026-02-17 05:02:43.632177,Dubai-28df,39,75,Normal
2026-02-17 05:02:44.632177,Dubai-28df,21,91,Normal
2026-02-17 05:02:45.632177,Dubai-28df,-22,83,Normal
2026-02-17 05:02:46.632177,Dubai-28df,17,63,Normal
2026-02-17 05:02:47.632177,Dubai-28df,49,56,Normal
2026-02-17 05:02:48.632177,Dubai-28df,27,96,Normal
2026-02-17 05:02:49.632177,Dubai-28df,-12,45,Normal
2026-02-17 05:02:50.632177,Dubai-28df,-23,59,Normal
2026-02-17 05:02:51.632177,Dubai-28df,-8,9,Normal
2026-02-17 05:02:52.632177,Dubai-28df,28,16,Normal
2026-02-17 05:02:53.632177,Dubai-28df,31,40,Normal
2026-02-17 05:02:54.632177,Dubai-28df,1,33,Normal
2026-02-17 05:02:55.632177,Dubai-28df,19,3,Normal
2026-02-17 05:02:56.632177,Dubai-28df,50,14,Normal
2026-02-17 05:02:57.632177,Dubai-28df,2,58,Normal
2026-02-17 05:02:58.632177,Dubai-28df,21,87,Normal
2026-02-17 05:02:59.632177,Dubai-28df,4,9,Normal
2026-02-17 05:03:00.632177,Dubai-28df,-9,26,Normal
2026-02-17 05:03:01.632177,Dubai-28df,-5,82,Normal
2026-02-17 05:03:02.632177,Dubai-28df,-16,60,Normal
2026-02-17 05:03:03.632177,Dubai-28df,5,9,Normal
2026-02-17 05:03:04.632177,Dubai-28df,-29,8,Normal
2026-02-17 05:03:05.632177,Dubai-28df,5,53,Normal
2026-02-17 05:03:06.632177,Dubai-28df,-20,57,Normal
2026-02-17 05:03:07.632177,Dubai-28df,10,6,Normal
2026-02-17 05:03:08.632177,Dubai-28df,16,25,Normal
2026-02-17 05:03:09.632177,Dubai-28df,11,36,Normal
2026-02-17 05:03:10.632177,Dubai-28df,-13,23,Normal
2026-02-17 05:03:11.632177,Dubai-28df,19,20,Normal
2026-02-17 05:03:12.632177,Dubai-28df,-6,69,Normal
2026-02-17 05:03:13.632177,Dubai-28df,20,12,Normal
2026-02-17 05:03:14.632177,Dubai-28df,-23,76,Normal
2026-02-17 05:03:15.632177,Dubai-28df,42,65,Normal
2026-02-17 05:03:16.632177,Dubai-28df,36,59,Normal
2026-02-17 05:03:17.632177,Dubai-28df,20,75,Normal
2026-02-17 05:03:18.632177,Dubai-28df,28,83,Normal
2026-02-17 05:03:19.632177,Dubai-28df,18,100,Normal
2026-02-17 05:03:20.632177,Dubai-28df,4,23,Normal
2026-02-17 05:03:21.632177,Dubai-28df,-19,90,Normal
2026-02-17 05:03:22.632177,Dubai-28df,25,86,Normal
2026-02-17 05:03:23.632177,Dubai-28df,30,40,Normal
2026-02-17 05:03:24.632177,Dubai-28df,29,56,Normal
2026-02-17 05:03:25.632177,Dubai-28df,45,51,Normal
2026-02-17 05:03:26.632177,Dubai-28df,46,65,Normal
2026-02-17 05:03:27.632177,Dubai-28df,3,68,Normal
2026-02-17 05:03:28.632177,Dubai-28df,-6,47,Normal
2026-02-17 05:03:29.632177,Dubai-28df,-11,16,Normal
2026-02-17 05:03:30.632177,Dubai-28df,28,20,Normal
2026-02-17 05:03:31.632177,Dubai-28df,-28,87,Normal
2026-02-17 05:03:32.632177,Dubai-28df,33,43,Normal
2026-02-17 05:03:33.632177,Dubai-28df,29,24,Normal
2026-02-17 05:03:34.632177,Dubai-28df,24,30,Normal
2026-02-17 05:03:35.632177,Dubai-28df,-25,67,Normal
2026-02-17 05:03:36.632177,Dubai-28df,5,30,Normal
2026-02-17 05:03:37.632177,Dubai-28df,17,59,Normal
2026-02-17 05:03:38.632177,Dubai-28df,43,22,Normal
2026-02-17 05:03:39.632177,Dubai-28df,-18,70,Normal
2026-02-17 05:03:40.632177,Dubai-28df,-2,33,Normal
2026-02-17 05:03:41.632177,Dubai-28df,-30,38,Normal
2026-02-17 05:03:42.632177,Dubai-28df,0,13,Normal
2026-02-17 05:03:43.632177,Dubai-28df,-8,79,Normal
2026-02-17 05:03:44.632177,Dubai-28df,-2,72,Normal
2026-02-17 05:03:45.632177,Dubai-28df,-6,82,Normal
2026-02-17 05:03:46.632177,Dubai-28df,-6,17,Normal
2026-02-17 05:03:47.632177,Dubai-28df,26,9,Normal
2026-02-17 05:03:48.632177,Dubai-28df,50,58,Normal
2026-02-17 05:03:49.632177,Dubai-28df,-20,68,Normal
2026-02-17 05:03:50.632177,Dubai-28df,34,79,Normal
2026-02-17 05:03:51.632177,Dubai-28df,46,72,Normal
2026-02-17 05:03:52.632177,Dubai-28df,-26,76,Normal
2026-02-17 05:03:53.632177,Dubai-28df,-20,1,Normal
2026-02-17 05:03:54.632177,Dubai-28df,-15,32,Normal
2026-02-17 05:03:55.632177,Dubai-28df,34,18,Normal
2026-02-17 05:03:56.632177,Dubai-28df,15,87,Normal
2026-02-17 05:03:57.632177,Dubai-28df,39,84,Normal
2026-02-17 05:03:58.632177,Dubai-28df,2,66,Normal
2026-02-17 05:03:59.632177,Dubai-28df,24,25,Normal
2026-02-17 05:04:00.632177,Dubai-28df,34,79,Normal
2026-02-17 05:04:01.632177,Dubai-28df,46,40,Normal
2026-02-17 05:04:02.632177,Dubai-28df,46,52,Normal
2026-02-17 05:04:03.632177,Dubai-28df,23,73,Normal
2026-02-17 05:04:04.632177,Dubai-28df,-1,22,Normal
2026-02-17 05:04:05.632177,Dubai-28df,4,9,Normal
2026-02-17 05:04:06.632177,Dubai-28df,37,98,Normal
2026-02-17 05:04:07.632177,Dubai-28df,-19,55,Normal
2026-02-17 05:04:08.632177,Dubai-28df,-8,83,Normal
2026-02-17 05:04:09.632177,Dubai-28df,23,15,Normal
2026-02-17 05:04:10.632177,Dubai-28df,-5,17,Normal
2026-02-17 05:04:11.632177,Dubai-28df,-22,81,Normal
2026-02-17 05:04:12.632177,Dubai-28df,28,66,Normal
2026-02-17 05:04:13.632177,Dubai-28df,-20,74,Normal
2026-02-17 05:04:14.632177,Dubai-28df,48,86,Normal
2026-02-17 05:04:15.632177,Dubai-28df,34,25,Normal
2026-02-17 05:04:16.632177,Dubai-28df,-10,5,Normal
2026-02-17 05:04:17.632177,Dubai-28df,29,32,Normal
2026-02-17 05:04:18.632177,Dubai-28df,25,15,Normal
2026-02-17 05:04:19.632177,Dubai-28df,-24,59,Normal
2026-02-17 05:04:20.632177,Dubai-28df,19,75,Normal
2026-02-17 05:04:21.632177,Dubai-28df,-3,23,Normal
2026-02-17 05:04:22.632177,Dubai-28df,9,83,Normal
2026-02-17 05:04:23.632177,Dubai-28df,41,26,Normal
2026-02-17 05:04:24.632177,Dubai-28df,-27,81,Normal
2026-02-17 05:04:25.632177,Dubai-28df,10,48,Normal
2026-02-17 05:04:26.632177,Dubai-28df,22,86,Normal
2026-02-17 05:04:27.632177,Dubai-28df,49,74,Normal
2026-02-17 05:04:28.632177,Dubai-28df,30,100,Normal
2026-02-17 05:04:29.632177,Dubai-28df,37,61,Normal
2026-02-17 05:04:30.632177,Dubai-28df,-5,76,Normal
2026-02-17 05:04:31.632177,Dubai-28df,7,39,Normal
2026-02-17 05:04:32.632177,Dubai-28df,41,37,Normal
2026-02-17 05:04:33.632177,Dubai-28df,50,55,Normal
2026-02-17 05:04:34.632177,Dubai-28df,4,26,Normal
2026-02-17 05:04:35.632177,Dubai-28df,3,28,Normal
2026-02-17 05:04:36.632177,Dubai-28df,2,85,Normal
2026-02-17 05:04:37.632177,Dubai-28df,42,35,Normal
2026-02-17 05:04:38.632177,Dubai-28df,-16,54,Normal
2026-02-17 05:04:39.632177,Dubai-28df,-1,63,Normal
2026-02-17 05:04:40.632177,Dubai-28df,-20,10,Normal
2026-02-17 05:04:41.632177,Dubai-28df,-3,51,Normal
2026-02-17 05:04:42.632177,Dubai-28df,20,71,Normal
2026-02-17 05:04:43.632177,Dubai-28df,26,54,Normal
2026-02-17 05:04:44.632177,Dubai-28df,-13,33,Normal
2026-02-17 05:04:45.632177,Dubai-28df,-9,58,Normal
2026-02-17 05:04:46.632177,Dubai-28df,-23,71,Normal
2026-02-17 05:04:47.632177,Dubai-28df,-4,58,Normal
2026-02-17 05:04:48.632177,Dubai-28df,46,6,Normal
2026-02-17 05:04:49.632177,Dubai-28df,-9,93,Normal
2026-02-17 05:04:50.632177,Dubai-28df,34,46,Normal
2026-02-17 05:04:51.632177,Dubai-28df,-11,2,Normal
2026-02-17 05:04:52.632177,Dubai-28df,42,55,Normal
2026-02-17 05:04:53.632177,Dubai-28df,-23,25,Normal
2026-02-17 05:04:54.632177,Dubai-28df,-5,30,Normal
2026-02-17 05:04:55.632177,Dubai-28df,-25,62,Normal
2026-02-17 05:04:56.632177,Dubai-28df,-4,70,Normal
2026-02-17 05:04:57.632177,Dubai-28df,18,55,Normal
2026-02-17 05:04:58.632177,Dubai-28df,-27,87,Normal
2026-02-17 05:04:59.632177,Dubai-28df,42,65,Normal
2026-02-17 05:05:00.632177,Dubai-28df,-11,40,Normal
2026-02-17 05:05:01.632177,Dubai-28df,-10,82,Normal
2026-02-17 05:05:02.632177,Dubai-28df,43,48,Normal
2026-02-17 05:05:03.632177,Dubai-28df,-9,91,Normal
2026-02-17 05:05:04.632177,Dubai-28df,39,34,Normal
2026-02-17 05:05:05.632177,Dubai-28df,-22,83,Normal
2026-02-17 05:05:06.632177,Dubai-28df,-2,9,Normal
2026-02-17 05:05:07.632177,Dubai-28df,-6,72,Normal
2026-02-17 05:05:08.632177,Dubai-28df,-30,29,Normal
2026-02-17 05:05:09.632177,Dubai-28df,48,92,Normal
2026-02-17 05:05:10.632177,Dubai-28df,31,10,Normal
2026-02-17 05:05:11.632177,Dubai-28df,3,29,Normal
2026-02-17 05:05:12.632177,Dubai-28df,15,83,Normal
2026-02-17 05:05:13.632177,Dubai-28df,46,68,Normal
2026-02-17 05:05:14.632177,Dubai-28df,22,58,Normal
2026-02-17 05:05:15.632177,Dubai-28df,23,98,Normal
2026-02-17 05:05:16.632177,Dubai-28df,18,44,Normal
2026-02-17 05:05:17.632177,Dubai-28df,13,42,Normal
2026-02-17 05:05:18.632177,Dubai-28df,-20,54,Normal
2026-02-17 05:05:19.632177,Dubai-28df,-6,100,Normal
2026-02-17 05:05:20.632177,Dubai-28df,-25,39,Normal
2026-02-17 05:05:21.632177,Dubai-28df,4,42,Normal
2026-02-17 05:05:22.632177,Dubai-28df,-16,23,Normal
2026-02-17 05:05:23.632177,Dubai-28df,6,27,Normal
2026-02-17 05:05:24.632177,Dubai-28df,18,37,Normal
2026-02-17 05:05:25.632177,Dubai-28df,14,9,Normal
2026-02-17 05:05:26.632177,Dubai-28df,14,89,Normal
2026-02-17 05:05:27.632177,Dubai-28df,10,41,Normal
2026-02-17 05:05:28.632177,Dubai-28df,33,72,Normal
2026-02-17 05:05:29.632177,Dubai-28df,19,50,Normal
2026-02-17 05:05:30.632177,Dubai-28df,-27,12,Normal
2026-02-17 05:05:31.632177,Dubai-28df,32,39,Normal
2026-02-17 05:05:32.632177,Dubai-28df,-27,72,Normal
2026-02-17 05:05:33.632177,Dubai-28df,31,66,Normal
2026-02-17 05:05:34.632177,Dubai-28df,-28,32,Normal
2026-02-17 05:05:35.632177,Dubai-28df,36,69,Normal
2026-02-17 05:05:36.632177,Dubai-28df,20,59,Normal
2026-02-17 05:05:37.632177,Dubai-28df,-26,23,Normal
2026-02-17 05:05:38.632177,Dubai-28df,5,58,Normal
2026-02-17 05:05:39.632177,Dubai-28df,11,7,Normal
2026-02-17 05:05:40.632177,Dubai-28df,17,52,Normal
2026-02-17 05:05:41.632177,Dubai-28df,46,52,Normal
2026-02-17 05:05:42.632177,Dubai-28df,-17,15,Normal
2026-02-17 05:05:43.632177,Dubai-28df,-5,92,Normal
2026-02-17 05:05:44.632177,Dubai-28df,44,26,Normal
2026-02-17 05:05:45.632177,Dubai-28df,13,49,Normal
2026-02-17 05:05:46.632177,Dubai-28df,35,10,Normal
2026-02-17 05:05:47.632177,Dubai-28df,33,74,Normal
2026-02-17 05:05:48.632177,Dubai-28df,4,0,Normal
2026-02-17 05:05:49.632177,Dubai-28df,21,74,Normal
2026-02-17 05:05:50.632177,Dubai-28df,49,4,Normal
2026-02-17 05:05:51.632177,Dubai-28df,14,46,Normal
2026-02-17 05:05:52.632177,Dubai-28df,21,48,Normal
2026-02-17 05:05:53.632177,Dubai-28df,-30,4,Normal
2026-02-17 05:05:54.632177,Dubai-28df,2,94,Normal
2026-02-17 05:05:55.632177,Dubai-28df,-30,44,Normal
2026-02-17 05:05:56.632177,Dubai-28df,24,51,Normal
2026-02-17 05:05:57.632177,Dubai-28df,-26,55,Normal
2026-02-17 05:05:58.632177,Dubai-28df,-8,98,Normal
2026-02-17 05:05:59.632177,Dubai-28df,-22,35,Normal
2026-02-17 05:06:00.632177,Dubai-28df,-13,44,Normal
2026-02-17 05:06:01.632177,Dubai-28df,-12,65,Normal
2026-02-17 05:06:02.632177,Dubai-28df,8,51,Normal
2026-02-17 05:06:03.632177,Dubai-28df,-30,23,Normal
2026-02-17 05:06:04.632177,Dubai-28df,16,38,Normal
2026-02-17 05:06:05.632177,Dubai-28df,33,25,Normal
2026-02-17 05:06:06.632177,Dubai-28df,-26,37,Normal
2026-02-17 05:06:07.632177,Dubai-28df,-12,23,Normal
2026-02-17 05:06:08.632177,Dubai-28df,33,89,Normal
2026-02-17 05:06:09.632177,Dubai-28df,10,99,Normal
2026-02-17 05:06:10.632177,Dubai-28df,11,52,Normal
2026-02-17 05:06:11.632177,Dubai-28df,-14,18,Normal
2026-02-17 05:06:12.632177,Dubai-28df,8,11,Normal
2026-02-17 05:06:13.632177,Dubai-28df,-20,55,Normal
2026-02-17 05:06:14.632177,Dubai-28df,11,37,Normal
2026-02-17 05:06:15.632177,Dubai-28df,30,51,Normal
2026-02-17 05:06:16.632177,Dubai-28df,45,20,Normal
2026-02-17 05:06:17.632177,Dubai-28df,21,56,Normal
2026-02-17 05:06:18.632177,Dubai-28df,-22,56,Normal
2026-02-17 05:06:19.632177,Dubai-28df,23,28,Normal
2026-02-17 05:06:20.632177,Dubai-28df,44,49,Normal
2026-02-17 05:06:21.632177,Dubai-28df,36,65,Normal
2026-02-17 05:06:22.632177,Dubai-28df,6,61,Normal
2026-02-17 05:06:23.632177,Dubai-28df,13,9,Normal
2026-02-17 05:06:24.632177,Dubai-28df,-28,95,Normal
2026-02-17 05:06:25.632177,Dubai-28df,47,75,Normal
2026-02-17 05:06:26.632177,Dubai-28df,4,5,Normal
2026-02-17 05:06:27.632177,Dubai-28df,-8,52,Normal
2026-02-17 05:06:28.632177,Dubai-28df,-19,26,Normal
2026-02-17 05:06:29.632177,Dubai-28df,34,55,Normal
2026-02-17 05:06:30.632177,Dubai-28df,24,22,Normal
2026-02-17 05:06:31.632177,Dubai-28df,0,94,Normal
2026-02-17 05:06:32.632177,Dubai-28df,-8,54,Normal
2026-02-17 05:06:33.632177,Dubai-28df,-29,15,Normal
2026-02-17 05:06:34.632177,Dubai-28df,1,16,Normal
2026-02-17 05:06:35.632177,Dubai-28df,14,4,Normal
2026-02-17 05:06:36.632177,Dubai-28df,47,18,Normal
2026-02-17 05:06:37.632177,Dubai-28df,-13,81,Normal
2026-02-17 05:06:38.632177,Dubai-28df,-9,29,Normal
2026-02-17 05:06:39.632177,Dubai-28df,45,84,Normal
2026-02-17 05:06:40.632177,Dubai-28df,-19,21,Normal
2026-02-17 05:06:41.632177,Dubai-28df,32,97,Normal
2026-02-17 05:06:42.632177,Dubai-28df,-27,8,Normal
2026-02-17 05:06:43.632177,Dubai-28df,-12,85,Normal
2026-02-17 05:06:44.632177,Dubai-28df,-21,75,Normal
2026-02-17 05:06:45.632177,Dubai-28df,21,93,Normal
2026-02-17 05:06:46.632177,Dubai-28df,0,17,Normal
2026-02-17 05:06:47.632177,Dubai-28df,12,48,Normal
2026-02-17 05:06:48.632177,Dubai-28df,-9,15,Normal
2026-02-17 05:06:49.632177,Dubai-28df,-22,58,Normal
2026-02-17 05:06:50.632177,Dubai-28df,32,99,Normal
2026-02-17 05:06:51.632177,Dubai-28df,40,85,Normal
2026-02-17 05:06:52.632177,Dubai-28df,28,18,Normal
2026-02-17 05:06:53.632177,Dubai-28df,10,95,Normal
2026-02-17 05:06:54.632177,Dubai-28df,28,57,Normal
2026-02-17 05:06:55.632177,Dubai-28df,3,96,Normal
2026-02-17 05:06:56.632177,Dubai-28df,2,97,Normal
2026-02-17 05:06:57.632177,Dubai-28df,16,58,Normal
2026-02-17 05:06:58.632177,Dubai-28df,26,90,Normal
2026-02-17 05:06:59.632177,Dubai-28df,9,62,Normal
2026-02-17 05:07:00.632177,Dubai-28df,-8,90,Normal
2026-02-17 05:07:01.632177,Dubai-28df,-16,39,Normal
2026-02-17 05:07:02.632177,Dubai-28df,-11,32,Normal
2026-02-17 05:07:03.632177,Dubai-28df,0,47,Normal
2026-02-17 05:07:04.632177,Dubai-28df,45,64,Normal
2026-02-17 05:07:05.632177,Dubai-28df,37,14,Normal
2026-02-17 05:07:06.632177,Dubai-28df,-3,47,Normal
2026-02-17 05:07:07.632177,Dubai-28df,44,31,Normal
2026-02-17 05:07:08.632177,Dubai-28df,-10,89,Normal
2026-02-17 05:07:09.632177,Dubai-28df,9,44,Normal
2026-02-17 05:07:10.632177,Dubai-28df,-27,61,Normal
2026-02-17 05:07:11.632177,Dubai-28df,16,88,Normal
2026-02-17 05:07:12.632177,Dubai-28df,12,43,Normal
2026-02-17 05:07:13.632177,Dubai-28df,35,41,Normal
2026-02-17 05:07:14.632177,Dubai-28df,-10,7,Normal
2026-02-17 05:07:15.632177,Dubai-28df,41,19,Normal
2026-02-17 05:07:16.632177,Dubai-28df,33,79,Normal
2026-02-17 05:07:17.632177,Dubai-28df,-10,6,Normal
2026-02-17 05:07:18.632177,Dubai-28df,-25,10,Normal
2026-02-17 05:07:19.632177,Dubai-28df,16,66,Normal
2026-02-17 05:07:20.632177,Dubai-28df,38,72,Normal
2026-02-17 05:07:21.632177,Dubai-28df,-16,41,Normal
2026-02-17 05:07:22.632177,Dubai-28df,50,94,Normal
2026-02-17 05:07:23.632177,Dubai-28df,36,19,Normal
2026-02-17 05:07:24.632177,Dubai-28df,8,0,Normal
2026-02-17 05:07:25.632177,Dubai-28df,11,74,Normal
2026-02-17 05:07:26.632177,Dubai-28df,-30,11,Normal
2026-02-17 05:07:27.632177,Dubai-28df,29,26,Normal
2026-02-17 05:07:28.632177,Dubai-28df,-21,6,Normal
2026-02-17 05:07:29.632177,Dubai-28df,13,36,Normal
2026-02-17 05:07:30.632177,Dubai-28df,0,64,Normal
2026-02-17 05:07:31.632177,Dubai-28df,26,66,Normal
2026-02-17 05:07:32.632177,Dubai-28df,11,53,Normal
2026-02-17 05:07:33.632177,Dubai-28df,23,81,Normal
2026-02-17 05:07:34.632177,Dubai-28df,9,2,Normal
2026-02-17 05:07:35.632177,Dubai-28df,-12,31,Normal
2026-02-17 05:07:36.632177,Dubai-28df,-25,77,Normal
2026-02-17 05:07:37.632177,Dubai-28df,-26,98,Normal
2026-02-17 05:07:38.632177,Dubai-28df,-15,7,Normal
2026-02-17 05:07:39.632177,Dubai-28df,5,89,Normal
