timestamp,station_id,temp,humid,condition
2026-02-15 13:35:15.032254,Berlin-e724,-21,4,Normal
2026-02-15 13:35:16.032254,Berlin-e724,-21,59,Normal
2026-02-15 13:35:17.032254,Berlin-e724,11,28,Normal
2026-02-15 13:35:18.032254,Berlin-e724,-18,82,Normal
2026-02-15 13:35:19.032254,Berlin-e724,-4,53,Normal
2026-02-15 13:35:20.032254,Berlin-e724,-1,1,Normal
2026-02-15 13:35:21.032254,Berlin-e724,-9,41,Normal
2026-02-15 13:35:22.032254,Berlin-e724,28,66,Normal
2026-02-15 13:35:23.032254,Berlin-e724,-19,51,Normal
2026-02-15 13:35:24.032254,Berlin-e724,-27,34,Normal
2026-02-15 13:35:25.032254,Berlin-e724,49,30,Normal
2026-02-15 13:35:26.032254,Berlin-e724,-18,47,Normal
2026-02-15 13:35:27.032254,Berlin-e724,-4,55,Normal
2026-02-15 13:35:28.032254,Berlin-e724,24,89,Normal
2026-02-15 13:35:29.032254,Berlin-e724,46,8,Normal
2026-02-15 13:35:30.032254,Berlin-e724,14,98,Normal
2026-02-15 13:35:31.032254,Berlin-e724,-22,11,Normal
2026-02-15 13:35:32.032254,Berlin-e724,40,97,Normal
2026-02-15 13:35:33.032254,Berlin-e724,3,10,Normal
2026-02-15 13:35:34.032254,Berlin-e724,27,99,Normal
2026-02-15 13:35:35.032254,Berlin-e724,-13,58,Normal
2026-02-15 13:35:36.032254,Berlin-e724,-24,49,Normal
2026-02-15 13:35:37.032254,Berlin-e724,24,99,Normal
2026-02-15 13:35:38.032254,Berlin-e724,-11,91,Normal
2026-02-15 13:35:39.032254,Berlin-e724,48,99,Normal
2026-02-15 13:35:40.032254,Berlin-e724,-23,11,Normal
2026-02-15 13:35:41.032254,Berlin-e724,-16,64,Normal
2026-02-15 13:35:42.032254,Berlin-e724,19,60,Normal
2026-02-15 13:35:43.032254,Berlin-e724,22,86,Normal
2026-02-15 13:35:44.032254,Berlin-e724,21,18,Normal
2026-02-15 13:35:45.032254,Berlin-e724,50,39,Normal
2026-02-15 13:35:46.032254,Berlin-e724,48,38,Normal
2026-02-15 13:35:47.032254,Berlin-e724,-22,76,Normal
2026-02-15 13:35:48.032254,Berlin-e724,40,9,Normal
2026-02-15 13:35:49.032254,Berlin-e724,26,7,Normal
2026-02-15 13:35:50.032254,Berlin-e724,33,99,Normal
2026-02-15 13:35:51.032254,Berlin-e724,-1,55,Normal
2026-02-15 13:35:52.032254,Berlin-e724,37,33,Normal
2026-02-15 13:35:53.032254,Berlin-e724,18,3,Normal
2026-02-15 13:35:54.032254,Berlin-e724,43,61,Normal
2026-02-15 13:35:55.032254,Berlin-e724,4,86,Normal
2026-02-15 13:35:56.032254,Berlin-e724,16,89,Normal
2026-02-15 13:35:57.032254,Berlin-e724,34,24,Normal
2026-02-15 13:35:58.032254,Berlin-e724,16,23,Normal
2026-02-15 13:35:59.032254,Berlin-e724,9,86,Normal
2026-02-15 13:36:00.032254,Berlin-e724,33,79,Normal
2026-02-15 13:36:01.032254,Berlin-e724,31,89,Normal
2026-02-15 13:36:02.032254,Berlin-e724,-13,61,Normal
2026-02-15 13:36:03.032254,Berlin-e724,-10,99,Normal
2026-02-15 13:36:04.032254,Berlin-e724,-7,89,Normal
2026-02-15 13:36:05.032254,Berlin-e724,11,63,Normal
2026-02-15 13:36:06.032254,Berlin-e724,24,36,Normal
2026-02-15 13:36:07.032254,Berlin-e724,41,27,Normal
2026-02-15 13:36:08.032254,Berlin-e724,16,79,Normal
2026-02-15 13:36:09.032254,Berlin-e724,18,6,Normal
2026-02-15 13:36:10.032254,Berlin-e724,47,4,Normal
2026-02-15 13:36:11.032254,Berlin-e724,46,14,Normal
2026-02-15 13:36:12.032254,Berlin-e724,6,41,Normal
2026-02-15 13:36:13.032254,Berlin-e724,-7,15,Normal
2026-02-15 13:36:14.032254,Berlin-e724,14,15,Normal
2026-02-15 13:36:15.032254,Berlin-e724,-15,89,Normal
2026-02-15 13:36:16.032254,Berlin-e724,35,30,Normal
2026-02-15 13:36:17.032254,Berlin-e724,21,90,Normal
2026-02-15 13:36:18.032254,Berlin-e724,-22,70,Normal
2026-02-15 13:36:19.032254,Berlin-e724,-13,0,Normal
2026-02-15 13:36:20.032254,Berlin-e724,40,51,Normal
2026-02-15 13:36:21.032254,Berlin-e724,-20,58,Normal
2026-02-15 13:36:22.032254,Berlin-e724,45,22,Normal
2026-02-15 13:36:23.032254,Berlin-e724,30,0,Normal
2026-02-15 13:36:24.032254,Berlin-e724,32,64,Normal
2026-02-15 13:36:25.032254,Berlin-e724,-26,26,Normal
2026-02-15 13:36:26.032254,Berlin-e724,46,29,Normal
2026-02-15 13:36:27.032254,Berlin-e724,-3,50,Normal
2026-02-15 13:36:28.032254,Berlin-e724,-17,38,Normal
2026-02-15 13:36:29.032254,Berlin-e724,41,97,Normal
2026-02-15 13:36:30.032254,Berlin-e724,47,66,Normal
2026-02-15 13:36:31.032254,Berlin-e724,-17,4,Normal
2026-02-15 13:36:32.032254,Berlin-e724,-13,63,Normal
2026-02-15 13:36:33.032254,Berlin-e724,21,19,Normal
2026-02-15 13:36:34.032254,Berlin-e724,10,88,Normal
2026-02-15 13:36:35.032254,Berlin-e724,-26,96,Normal
2026-02-15 13:36:36.032254,Berlin-e724,-5,51,Normal
2026-02-15 13:36:37.032254,Berlin-e724,-27,76,Normal
2026-02-15 13:36:38.032254,Berlin-e724,5,69,Normal
2026-02-15 13:36:39.032254,Berlin-e724,-20,60,Normal
2026-02-15 13:36:40.032254,Berlin-e724,1,11,Normal
2026-02-15 13:36:41.032254,Berlin-e724,38,69,Normal
2026-02-15 13:36:42.032254,Berlin-e724,30,78,Normal
2026-02-15 13:36:43.032254,Berlin-e724,40,10,Normal
2026-02-15 13:36:44.032254,Berlin-e724,10,96,Normal
2026-02-15 13:36:45.032254,Berlin-e724,31,90,Normal
2026-02-15 13:36:46.032254,Berlin-e724,-13,76,Normal
2026-02-15 13:36:47.032254,Berlin-e724,9,2,Normal
2026-02-15 13:36:48.032254,Berlin-e724,-6,89,Normal
2026-02-15 13:36:49.032254,Berlin-e724,2,98,Normal
2026-02-15 13:36:50.032254,Berlin-e724,5,46,Normal
2026-02-15 13:36:51.032254,Berlin-e724,16,78,Normal
2026-02-15 13:36:52.032254,Berlin-e724,13,32,Normal
2026-02-15 13:36:53.032254,Berlin-e724,-13,99,Normal
2026-02-15 13:36:54.032254,Berlin-e724,-19,79,Normal
2026-02-15 13:36:55.032254,Berlin-e724,9,89,Normal
2026-02-15 13:36:56.032254,Berlin-e724,4,50,Normal
2026-02-15 13:36:57.032254,Berlin-e724,13,32,Normal
2026-02-15 13:36:58.032254,Berlin-e724,26,47,Normal
2026-02-15 13:36:59.032254,Berlin-e724,-29,39,Normal
2026-02-15 13:37:00.032254,Berlin-e724,5,90,Normal
2026-02-15 13:37:01.032254,Berlin-e724,-24,40,Normal
2026-02-15 13:37:02.032254,Berlin-e724,-12,99,Normal
2026-02-15 13:37:03.032254,Berlin-e724,20,44,Normal
2026-02-15 13:37:04.032254,Berlin-e724,45,58,Normal
2026-02-15 13:37:05.032254,Berlin-e724,9,100,Normal
2026-02-15 13:37:06.032254,Berlin-e724,8,35,Normal
2026-02-15 13:37:07.032254,Berlin-e724,31,21,Normal
2026-02-15 13:37:08.032254,Berlin-e724,3,51,Normal
2026-02-15 13:37:09.032254,Berlin-e724,23,1,Normal
2026-02-15 13:37:10.032254,Berlin-e724,6,79,Normal
2026-02-15 13:37:11.032254,Berlin-e724,-11,7,Normal
2026-02-15 13:37:12.032254,Berlin-e724,27,39,Normal
2026-02-15 13:37:13.032254,Berlin-e724,-16,57,Normal
2026-02-15 13:37:14.032254,Berlin-e724,18,84,Normal
2026-02-15 13:37:15.032254,Berlin-e724,11,21,Normal
2026-02-15 13:37:16.032254,Berlin-e724,-25,46,Normal
2026-02-15 13:37:17.032254,Berlin-e724,37,62,Normal
2026-02-15 13:37:18.032254,Berlin-e724,29,67,Normal
2026-02-15 13:37:19.032254,Berlin-e724,-3,56,Normal
2026-02-15 13:37:20.032254,Berlin-e724,31,75,Normal
2026-02-15 13:37:21.032254,Berlin-e724,20,23,Normal
2026-02-15 13:37:22.032254,Berlin-e724,-16,73,Normal
2026-02-15 13:37:23.032254,Berlin-e724,44,63,Normal
2026-02-15 13:37:24.032254,Berlin-e724,-8,30,Normal
2026-02-15 13:37:25.032254,Berlin-e724,8,22,Normal
2026-02-15 13:37:26.032254,Berlin-e724,1,16,Normal
2026-02-15 13:37:27.032254,Berlin-e724,13,36,Normal
2026-02-15 13:37:28.032254,Berlin-e724,-12,12,Normal
2026-02-15 13:37:29.032254,Berlin-e724,22,82,Normal
2026-02-15 13:37:30.032254,Berlin-e724,25,66,Normal
2026-02-15 13:37:31.032254,Berlin-e724,20,78,Normal
2026-02-15 13:37:32.032254,Berlin-e724,8,93,Normal
2026-02-15 13:37:33.032254,Berlin-e724,34,33,Normal
2026-02-15 13:37:34.032254,Berlin-e724,27,14,Normal
2026-02-15 13:37:35.032254,Berlin-e724,11,32,Normal
2026-02-15 13:37:36.032254,Berlin-e724,18,60,Normal
2026-02-15 13:37:37.032254,Berlin-e724,-12,57,Normal
2026-02-15 13:37:38.032254,Berlin-e724,-22,81,Normal
2026-02-15 13:37:39.032254,Berlin-e724,-8,94,Normal
2026-02-15 13:37:40.032254,Berlin-e724,-16,95,Normal
2026-02-15 13:37:41.032254,Berlin-e724,7,98,Normal
2026-02-15 13:37:42.032254,Berlin-e724,32,38,Normal
2026-02-15 13:37:43.032254,Berlin-e724,11,0,Normal
2026-02-15 13:37:44.032254,Berlin-e724,44,58,Normal
2026-02-15 13:37:45.032254,Berlin-e724,-4,24,Normal
2026-02-15 13:37:46.032254,Berlin-e724,-8,30,Normal
2026-02-15 13:37:47.032254,Berlin-e724,-1,92,Normal
2026-02-15 13:37:48.032254,Berlin-e724,-10,28,Normal
2026-02-15 13:37:49.032254,Berlin-e724,43,90,Normal
2026-02-15 13:37:50.032254,Berlin-e724,-30,82,Normal
2026-02-15 13:37:51.032254,Berlin-e724,17,85,Normal
2026-02-15 13:37:52.032254,Berlin-e724,-11,16,Normal
2026-02-15 13:37:53.032254,Berlin-e724,-12,9,Normal
2026-02-15 13:37:54.032254,Berlin-e724,43,51,Normal
2026-02-15 13:37:55.032254,Berlin-e724,-14,42,Normal
2026-02-15 13:37:56.032254,Berlin-e724,50,46,Normal
2026-02-15 13:37:57.032254,Berlin-e724,-20,96,Normal
2026-02-15 13:37:58.032254,Berlin-e724,-21,25,Normal
2026-02-15 13:37:59.032254,Berlin-e724,21,39,Normal
2026-02-15 13:38:00.032254,Berlin-e724,1,55,Normal
2026-02-15 13:38:01.032254,Berlin-e724,19,9,Normal
2026-02-15 13:38:02.032254,Berlin-e724,25,69,Normal
2026-02-15 13:38:03.032254,Berlin-e724,-6,49,Normal
2026-02-15 13:38:04.032254,Berlin-e724,-10,83,Normal
2026-02-15 13:38:05.032254,Berlin-e724,22,6,Normal
2026-02-15 13:38:06.032254,Berlin-e724,21,53,Normal
2026-02-15 13:38:07.032254,Berlin-e724,11,93,Normal
2026-02-15 13:38:08.032254,Berlin-e724,14,96,Normal
2026-02-15 13:38:09.032254,Berlin-e724,8,6,Normal
2026-02-15 13:38:10.032254,Berlin-e724,36,39,Normal
2026-02-15 13:38:11.032254,Berlin-e724,43,89,Normal
2026-02-15 13:38:12.032254,Berlin-e724,23,36,Normal
2026-02-15 13:38:13.032254,Berlin-e724,23,96,Normal
2026-02-15 13:38:14.032254,Berlin-e724,-27,45,Normal
2026-02-15 13:38:15.032254,Berlin-e724,-9,38,Normal
2026-02-15 13:38:16.032254,Berlin-e724,-14,26,Normal
2026-02-15 13:38:17.032254,Berlin-e724,45,45,Normal
2026-02-15 13:38:18.032254,Berlin-e724,7,91,Normal
2026-02-15 13:38:19.032254,Berlin-e724,13,12,Normal
2026-02-15 13:38:20.032254,Berlin-e724,-17,49,Normal
2026-02-15 13:38:21.032254,Berlin-e724,-10,80,Normal
2026-02-15 13:38:22.032254,Berlin-e724,37,50,Normal
2026-02-15 13:38:23.032254,Berlin-e724,-19,78,Normal
2026-02-15 13:38:24.032254,Berlin-e724,-25,44,Normal
2026-02-15 13:38:25.032254,Berlin-e724,11,78,Normal
2026-02-15 13:38:26.032254,Berlin-e724,6,33,Normal
2026-02-15 13:38:27.032254,Berlin-e724,15,98,Normal
2026-02-15 13:38:28.032254,Berlin-e724,31,94,Normal
2026-02-15 13:38:29.032254,Berlin-e724,26,96,Normal
2026-02-15 13:38:30.032254,Berlin-e724,5,55,Normal
2026-02-15 13:38:31.032254,Berlin-e724,-3,35,Normal
2026-02-15 13:38:32.032254,Berlin-e724,-6,80,Normal
2026-02-15 13:38:33.032254,Berlin-e724,7,55,Normal
2026-02-15 13:38:34.032254,Berlin-e724,28,41,Normal
2026-02-15 13:38:35.032254,Berlin-e724,11,48,Normal
2026-02-15 13:38:36.032254,Berlin-e724,7,61,Normal
2026-02-15 13:38:37.032254,Berlin-e724,8,52,Normal
2026-02-15 13:38:38.032254,Berlin-e724,-15,6,Normal
2026-02-15 13:38:39.032254,Berlin-e724,26,89,Normal
2026-02-15 13:38:40.032254,Berlin-e724,48,75,Normal
2026-02-15 13:38:41.032254,Berlin-e724,31,56,Normal
2026-02-15 13:38:42.032254,Berlin-e724,-27,21,Normal
2026-02-15 13:38:43.032254,Berlin-e724,-16,31,Normal
2026-02-15 13:38:44.032254,Berlin-e724,-2,98,Normal
2026-02-15 13:38:45.032254,Berlin-e724,14,16,Normal
2026-02-15 13:38:46.032254,Berlin-e724,43,42,Normal
2026-02-15 13:38:47.032254,Berlin-e724,34,87,Normal
2026-02-15 13:38:48.032254,Berlin-e724,-29,98,Normal
2026-02-15 13:38:49.032254,Berlin-e724,31,36,Normal
2026-02-15 13:38:50.032254,Berlin-e724,32,57,Normal
2026-02-15 13:38:51.032254,Berlin-e724,-20,92,Normal
2026-02-15 13:38:52.032254,Berlin-e724,45,10,Normal
2026-02-15 13:38:53.032254,Berlin-e724,3,48,Normal
2026-02-15 13:38:54.032254,Berlin-e724,1,22,Normal
2026-02-15 13:38:55.032254,Berlin-e724,8,2,Normal
2026-02-15 13:38:56.032254,Berlin-e724,27,35,Normal
2026-02-15 13:38:57.032254,Berlin-e724,36,45,Normal
2026-02-15 13:38:58.032254,Berlin-e724,35,75,Normal
2026-02-15 13:38:59.032254,Berlin-e724,12,91,Normal
2026-02-15 13:39:00.032254,Berlin-e724,4,34,Normal
2026-02-15 13:39:01.032254,Berlin-e724,33,80,Normal
2026-02-15 13:39:02.032254,Berlin-e724,17,67,Normal
2026-02-15 13:39:03.032254,Berlin-e724,38,1,Normal
2026-02-15 13:39:04.032254,Berlin-e724,19,24,Normal
2026-02-15 13:39:05.032254,Berlin-e724,-14,17,Normal
2026-02-15 13:39:06.032254,Berlin-e724,0,13,Normal
2026-02-15 13:39:07.032254,Berlin-e724,-19,38,Normal
2026-02-15 13:39:08.032254,Berlin-e724,-8,36,Normal
2026-02-15 13:39:09.032254,Berlin-e724,-21,90,Normal
2026-02-15 13:39:10.032254,Berlin-e724,5,5,Normal
2026-02-15 13:39:11.032254,Berlin-e724,47,93,Normal
2026-02-15 13:39:12.032254,Berlin-e724,41,26,Normal
2026-02-15 13:39:13.032254,Berlin-e724,36,38,Normal
2026-02-15 13:39:14.032254,Berlin-e724,-8,15,Normal
2026-02-15 13:39:15.032254,Berlin-e724,-26,77,Normal
2026-02-15 13:39:16.032254,Berlin-e724,-16,14,Normal
2026-02-15 13:39:17.032254,Berlin-e724,9,90,Normal
2026-02-15 13:39:18.032254,Berlin-e724,47,28,Normal
2026-02-15 13:39:19.032254,Berlin-e724,46,60,Normal
2026-02-15 13:39:20.032254,Berlin-e724,16,15,Normal
2026-02-15 13:39:21.032254,Berlin-e724,28,95,Normal
2026-02-15 13:39:22.032254,Berlin-e724,-27,93,Normal
2026-02-15 13:39:23.032254,Berlin-e724,-17,96,Normal
2026-02-15 13:39:24.032254,Berlin-e724,-18,48,Normal
2026-02-15 13:39:25.032254,Berlin-e724,0,39,Normal
2026-02-15 13:39:26.032254,Berlin-e724,-9,48,Normal
2026-02-15 13:39:27.032254,Berlin-e724,2,7,Normal
2026-02-15 13:39:28.032254,Berlin-e724,47,84,Normal
2026-02-15 13:39:29.032254,Berlin-e724,12,73,Normal
2026-02-15 13:39:30.032254,Berlin-e724,-10,3,Normal
2026-02-15 13:39:31.032254,Berlin-e724,16,94,Normal
2026-02-15 13:39:32.032254,Berlin-e724,-21,78,Normal
2026-02-15 13:39:33.032254,Berlin-e724,-19,63,Normal
2026-02-15 13:39:34.032254,Berlin-e724,33,58,Normal
2026-02-15 13:39:35.032254,Berlin-e724,12,50,Normal
2026-02-15 13:39:36.032254,Berlin-e724,39,65,Normal
2026-02-15 13:39:37.032254,Berlin-e724,-15,95,Normal
2026-02-15 13:39:38.032254,Berlin-e724,5,20,Normal
2026-02-15 13:39:39.032254,Berlin-e724,19,82,Normal
2026-02-15 13:39:40.032254,Berlin-e724,-1,71,Normal
2026-02-15 13:39:41.032254,Berlin-e724,46,27,Normal
2026-02-15 13:39:42.032254,Berlin-e724,16,9,Normal
2026-02-15 13:39:43.032254,Berlin-e724,-21,69,Normal
2026-02-15 13:39:44.032254,Berlin-e724,17,75,Normal
2026-02-15 13:39:45.032254,Berlin-e724,48,3,Normal
2026-02-15 13:39:46.032254,Berlin-e724,23,7,Normal
2026-02-15 13:39:47.032254,Berlin-e724,26,94,Normal
2026-02-15 13:39:48.032254,Berlin-e724,27,31,Normal
2026-02-15 13:39:49.032254,Berlin-e724,35,26,Normal
2026-02-15 13:39:50.032254,Berlin-e724,-23,67,Normal
2026-02-15 13:39:51.032254,Berlin-e724,16,44,Normal
2026-02-15 13:39:52.032254,Berlin-e724,-8,51,Normal
2026-02-15 13:39:53.032254,Berlin-e724,47,44,Normal
2026-02-15 13:39:54.032254,Berlin-e724,-30,70,Normal
2026-02-15 13:39:55.032254,Berlin-e724,-6,60,Normal
2026-02-15 13:39:56.032254,Berlin-e724,-9,41,Normal
2026-02-15 13:39:57.032254,Berlin-e724,2,78,Normal
2026-02-15 13:39:58.032254,Berlin-e724,-21,80,Normal
2026-02-15 13:39:59.032254,Berlin-e724,18,50,Normal
2026-02-15 13:40:00.032254,Berlin-e724,44,92,Normal
2026-02-15 13:40:01.032254,Berlin-e724,39,98,Normal
2026-02-15 13:40:02.032254,Berlin-e724,50,62,Normal
2026-02-15 13:40:03.032254,Berlin-e724,43,53,Normal
2026-02-15 13:40:04.032254,Berlin-e724,6,64,Normal
2026-02-15 13:40:05.032254,Berlin-e724,18,23,Normal
2026-02-15 13:40:06.032254,Berlin-e724,33,42,Normal
2026-02-15 13:40:07.032254,Berlin-e724,-23,78,Normal
2026-02-15 13:40:08.032254,Berlin-e724,9,79,Normal
2026-02-15 13:40:09.032254,Berlin-e724,16,18,Normal
2026-02-15 13:40:10.032254,Berlin-e724,-20,39,Normal
2026-02-15 13:40:11.032254,Berlin-e724,16,36,Normal
2026-02-15 13:40:12.032254,Berlin-e724,47,7,Normal
2026-02-15 13:40:13.032254,Berlin-e724,13,51,Normal
2026-02-15 13:40:14.032254,Berlin-e724,33,91,Normal
2026-02-15 13:40:15.032254,Berlin-e724,-20,95,Normal
2026-02-15 13:40:16.032254,Berlin-e724,41,79,Normal
2026-02-15 13:40:17.032254,Berlin-e724,20,7,Normal
2026-02-15 13:40:18.032254,Berlin-e724,-12,54,Normal
2026-02-15 13:40:19.032254,Berlin-e724,20,5,Normal
2026-02-15 13:40:20.032254,Berlin-e724,39,47,Normal
2026-02-15 13:40:21.032254,Berlin-e724,10,19,Normal
2026-02-15 13:40:22.032254,Berlin-e724,17,6,Normal
2026-02-15 13:40:23.032254,Berlin-e724,38,40,Normal
2026-02-15 13:40:24.032254,Berlin-e724,39,37,Normal
2026-02-15 13:40:25.032254,Berlin-e724,28,53,Normal
2026-02-15 13:40:26.032254,Berlin-e724,26,86,Normal
2026-02-15 13:40:27.032254,Berlin-e724,-9,61,Normal
2026-02-15 13:40:28.032254,Berlin-e724,34,7,Normal
2026-02-15 13:40:29.032254,Berlin-e724,-3,23,Normal
2026-02-15 13:40:30.032254,Berlin-e724,-2,80,Normal
2026-02-15 13:40:31.032254,Berlin-e724,-25,7,Normal
2026-02-15 13:40:32.032254,Berlin-e724,33,100,Normal
2026-02-15 13:40:33.032254,Berlin-e724,31,51,Normal
2026-02-15 13:40:34.032254,Berlin-e724,26,86,Normal
2026-02-15 13:40:35.032254,Berlin-e724,-14,38,Normal
2026-02-15 13:40:36.032254,Berlin-e724,-1,63,Normal
2026-02-15 13:40:37.032254,Berlin-e724,-2,46,Normal
2026-02-15 13:40:38.032254,Berlin-e724,-24,25,Normal
2026-02-15 13:40:39.032254,Berlin-e724,38,80,Normal
2026-02-15 13:40:40.032254,Berlin-e724,-4,66,Normal
2026-02-15 13:40:41.032254,Berlin-e724,16,95,Normal
2026-02-15 13:40:42.032254,Berlin-e724,12,43,Normal
2026-02-15 13:40:43.032254,Berlin-e724,-13,10,Normal
2026-02-15 13:40:44.032254,Berlin-e724,37,81,Normal
2026-02-15 13:40:45.032254,Berlin-e724,37,33,Normal
2026-02-15 13:40:46.032254,Berlin-e724,-20,92,Normal
2026-02-15 13:40:47.032254,Berlin-e724,11,98,Normal
2026-02-15 13:40:48.032254,Berlin-e724,-9,12,Normal
2026-02-15 13:40:49.032254,Berlin-e724,34,79,Normal
2026-02-15 13:40:50.032254,Berlin-e724,-20,84,Normal
2026-02-15 13:40:51.032254,Berlin-e724,40,48,Normal
2026-02-15 13:40:52.032254,Berlin-e724,28,66,Normal
2026-02-15 13:40:53.032254,Berlin-e724,0,29,Normal
2026-02-15 13:40:54.032254,Berlin-e724,35,26,Normal
2026-02-15 13:40:55.032254,Berlin-e724,41,65,Normal
2026-02-15 13:40:56.032254,Berlin-e724,35,33,Normal
2026-02-15 13:40:57.032254,Berlin-e724,22,44,Normal
2026-02-15 13:40:58.032254,Berlin-e724,46,7,Normal
2026-02-15 13:40:59.032254,Berlin-e724,50,61,Normal
2026-02-15 13:41:00.032254,Berlin-e724,3,95,Normal
2026-02-15 13:41:01.032254,Berlin-e724,-21,26,Normal
2026-02-15 13:41:02.032254,Berlin-e724,16,7,Normal
2026-02-15 13:41:03.032254,Berlin-e724,0,68,Normal
2026-02-15 13:41:04.032254,Berlin-e724,0,35,Normal
2026-02-15 13:41:05.032254,Berlin-e724,50,85,Normal
2026-02-15 13:41:06.032254,Berlin-e724,-29,44,Normal
2026-02-15 13:41:07.032254,Berlin-e724,-12,12,Normal
2026-02-15 13:41:08.032254,Berlin-e724,30,8,Normal
2026-02-15 13:41:09.032254,Berlin-e724,33,32,Normal
2026-02-15 13:41:10.032254,Berlin-e724,20,96,Normal
2026-02-15 13:41:11.032254,Berlin-e724,0,2,Normal
2026-02-15 13:41:12.032254,Berlin-e724,47,25,Normal
2026-02-15 13:41:13.032254,Berlin-e724,21,26,Normal
2026-02-15 13:41:14.032254,Berlin-e724,-23,67,Normal
2026-02-15 13:41:15.032254,Berlin-e724,3,22,Normal
2026-02-15 13:41:16.032254,Berlin-e724,17,79,Normal
2026-02-15 13:41:17.032254,Berlin-e724,-15,45,Normal
2026-02-15 13:41:18.032254,Berlin-e724,-24,17,Normal
2026-02-15 13:41:19.032254,Berlin-e724,-25,3,Normal
2026-02-15 13:41:20.032254,Berlin-e724,26,24,Normal
2026-02-15 13:41:21.032254,Berlin-e724,38,16,Normal
2026-02-15 13:41:22.032254,Berlin-e724,3,1,Normal
2026-02-15 13:41:23.032254,Berlin-e724,22,67,Normal
2026-02-15 13:41:24.032254,Berlin-e724,-9,54,Normal
2026-02-15 13:41:25.032254,Berlin-e724,45,65,Normal
2026-02-15 13:41:26.032254,Berlin-e724,20,95,Normal
2026-02-15 13:41:27.032254,Berlin-e724,-30,37,Normal
2026-02-15 13:41:28.032254,Berlin-e724,-8,14,Normal
2026-02-15 13:41:29.032254,Berlin-e724,10,60,Normal
2026-02-15 13:41:30.032254,Berlin-e724,1,11,Normal
2026-02-15 13:41:31.032254,Berlin-e724,-26,47,Normal
2026-02-15 13:41:32.032254,Berlin-e724,33,17,Normal
2026-02-15 13:41:33.032254,Berlin-e724,-17,83,Normal
2026-02-15 13:41:34.032254,Berlin-e724,-20,52,Normal
2026-02-15 13:41:35.032254,Berlin-e724,-28,25,Normal
2026-02-15 13:41:36.032254,Berlin-e724,-12,12,Normal
2026-02-15 13:41:37.032254,Berlin-e724,-30,22,Normal
2026-02-15 13:41:38.032254,Berlin-e724,8,11,Normal
2026-02-15 13:41:39.032254,Berlin-e724,11,32,Normal
2026-02-15 13:41:40.032254,Berlin-e724,-27,37,Normal
2026-02-15 13:41:41.032254,Berlin-e724,34,30,Normal
2026-02-15 13:41:42.032254,Berlin-e724,-22,73,Normal
2026-02-15 13:41:43.032254,Berlin-e724,-3,92,Normal
2026-02-15 13:41:44.032254,Berlin-e724,27,83,Normal
2026-02-15 13:41:45.032254,Berlin-e724,18,63,Normal
2026-02-15 13:41:46.032254,Berlin-e724,-27,45,Normal
2026-02-15 13:41:47.032254,Berlin-e724,-18,81,Normal
2026-02-15 13:41:48.032254,Berlin-e724,6,97,Normal
2026-02-15 13:41:49.032254,Berlin-e724,5,20,Normal
2026-02-15 13:41:50.032254,Berlin-e724,-23,82,Normal
2026-02-15 13:41:51.032254,Berlin-e724,-24,88,Normal
2026-02-15 13:41:52.032254,Berlin-e724,35,75,Normal
2026-02-15 13:41:53.032254,Berlin-e724,20,97,Normal
2026-02-15 13:41:54.032254,Berlin-e724,-22,67,Normal
2026-02-15 13:41:55.032254,Berlin-e724,20,72,Normal
2026-02-15 13:41:56.032254,Berlin-e724,-13,67,Normal
2026-02-15 13:41:57.032254,Berlin-e724,-25,59,Normal
2026-02-15 13:41:58.032254,Berlin-e724,30,12,Normal
2026-02-15 13:41:59.032254,Berlin-e724,24,50,Normal
2026-02-15 13:42:00.032254,Berlin-e724,1,28,Normal
2026-02-15 13:42:01.032254,Berlin-e724,21,29,Normal
2026-02-15 13:42:02.032254,Berlin-e724,37,11,Normal
2026-02-15 13:42:03.032254,Berlin-e724,49,11,Normal
2026-02-15 13:42:04.032254,Berlin-e724,17,49,Normal
2026-02-15 13:42:05.032254,Berlin-e724,45,58,Normal
2026-02-15 13:42:06.032254,Berlin-e724,23,0,Normal
2026-02-15 13:42:07.032254,Berlin-e724,18,97,Normal
2026-02-15 13:42:08.032254,Berlin-e724,36,26,Normal
2026-02-15 13:42:09.032254,Berlin-e724,47,21,Normal
2026-02-15 13:42:10.032254,Berlin-e724,22,78,Normal
2026-02-15 13:42:11.032254,Berlin-e724,-29,55,Normal
2026-02-15 13:42:12.032254,Berlin-e724,27,50,Normal
2026-02-15 13:42:13.032254,Berlin-e724,-4,24,Normal
2026-02-15 13:42:14.032254,Berlin-e724,42,97,Normal
2026-02-15 13:42:15.032254,Berlin-e724,-27,22,Normal
2026-02-15 13:42:16.032254,Berlin-e724,40,7,Normal
2026-02-15 13:42:17.032254,Berlin-e724,39,9,Normal
2026-02-15 13:42:18.032254,Berlin-e724,16,22,Normal
2026-02-15 13:42:19.032254,Berlin-e724,-13,71,Normal
2026-02-15 13:42:20.032254,Berlin-e724,29,37,Normal
2026-02-15 13:42:21.032254,Berlin-e724,30,36,Normal
2026-02-15 13:42:22.032254,Berlin-e724,38,60,Normal
2026-02-15 13:42:23.032254,Berlin-e724,-2,41,Normal
2026-02-15 13:42:24.032254,Berlin-e724,43,36,Normal
2026-02-15 13:42:25.032254,Berlin-e724,-2,41,Normal
2026-02-15 13:42:26.032254,Berlin-e724,24,12,Normal
2026-02-15 13:42:27.032254,Berlin-e724,45,81,Normal
2026-02-15 13:42:28.032254,Berlin-e724,18,68,Normal
2026-02-15 13:42:29.032254,Berlin-e724,-1,89,Normal
2026-02-15 13:42:30.032254,Berlin-e724,-29,74,Normal
2026-02-15 13:42:31.032254,Berlin-e724,1,50,Normal
2026-02-15 13:42:32.032254,Berlin-e724,2,52,Normal
2026-02-15 13:42:33.032254,Berlin-e724,46,52,Normal
2026-02-15 13:42:34.032254,Berlin-e724,19,100,Normal
2026-02-15 13:42:35.032254,Berlin-e724,36,18,Normal
2026-02-15 13:42:36.032254,Berlin-e724,29,28,Normal
2026-02-15 13:42:37.032254,Berlin-e724,46,17,Normal
2026-02-15 13:42:38.032254,Berlin-e724,14,58,Normal
2026-02-15 13:42:39.032254,Berlin-e724,-22,57,Normal
2026-02-15 13:42:40.032254,Berlin-e724,25,8,Normal
2026-02-15 13:42:41.032254,Berlin-e724,-20,65,Normal
2026-02-15 13:42:42.032254,Berlin-e724,7,100,Normal
2026-02-15 13:42:43.032254,Berlin-e724,43,30,Normal
2026-02-15 13:42:44.032254,Berlin-e724,-13,0,Normal
2026-02-15 13:42:45.032254,Berlin-e724,-26,45,Normal
2026-02-15 13:42:46.032254,Berlin-e724,33,55,Normal
2026-02-15 13:42:47.032254,Berlin-e724,4,37,Normal
2026-02-15 13:42:48.032254,Berlin-e724,39,16,Normal
2026-02-15 13:42:49.032254,Berlin-e724,-23,81,Normal
2026-02-15 13:42:50.032254,Berlin-e724,-4,3,Normal
2026-02-15 13:42:51.032254,Berlin-e724,25,41,Normal
2026-02-15 13:42:52.032254,Berlin-e724,-2,75,Normal
2026-02-15 13:42:53.032254,Berlin-e724,-13,66,Normal
2026-02-15 13:42:54.032254,Berlin-e724,49,97,Normal
2026-02-15 13:42:55.032254,Berlin-e724,32,53,Normal
2026-02-15 13:42:56.032254,Berlin-e724,0,98,Normal
2026-02-15 13:42:57.032254,Berlin-e724,37,99,Normal
2026-02-15 13:42:58.032254,Berlin-e724,21,39,Normal
2026-02-15 13:42:59.032254,Berlin-e724,-10,73,Normal
2026-02-15 13:43:00.032254,Berlin-e724,-22,19,Normal
2026-02-15 13:43:01.032254,Berlin-e724,5,89,Normal
2026-02-15 13:43:02.032254,Berlin-e724,10,48,Normal
2026-02-15 13:43:03.032254,Berlin-e724,15,78,Normal
2026-02-15 13:43:04.032254,Berlin-e724,27,36,Normal
2026-02-15 13:43:05.032254,Berlin-e724,2,8,Normal
2026-02-15 13:43:06.032254,Berlin-e724,-4,31,Normal
2026-02-15 13:43:07.032254,Berlin-e724,-21,77,Normal
2026-02-15 13:43:08.032254,Berlin-e724,34,12,Normal
2026-02-15 13:43:09.032254,Berlin-e724,10,40,Normal
2026-02-15 13:43:10.032254,Berlin-e724,6,18,Normal
2026-02-15 13:43:11.032254,Berlin-e724,13,65,Normal
2026-02-15 13:43:12.032254,Berlin-e724,-6,74,Normal
2026-02-15 13:43:13.032254,Berlin-e724,-28,97,Normal
2026-02-15 13:43:14.032254,Berlin-e724,-20,31,Normal
2026-02-15 13:43:15.032254,Berlin-e724,-19,70,Normal
2026-02-15 13:43:16.032254,Berlin-e724,32,4,Normal
2026-02-15 13:43:17.032254,Berlin-e724,6,98,Normal
2026-02-15 13:43:18.032254,Berlin-e724,12,33,Normal
2026-02-15 13:43:19.032254,Berlin-e724,4,3,Normal
2026-02-15 13:43:20.032254,Berlin-e724,2,51,Normal
2026-02-15 13:43:21.032254,Berlin-e724,0,46,Normal
2026-02-15 13:43:22.032254,Berlin-e724,11,32,Normal
2026-02-15 13:43:23.032254,Berlin-e724,12,4,Normal
2026-02-15 13:43:24.032254,Berlin-e724,0,80,Normal
2026-02-15 13:43:25.032254,Berlin-e724,38,88,Normal
2026-02-15 13:43:26.032254,Berlin-e724,-10,83,Normal
2026-02-15 13:43:27.032254,Berlin-e724,14,4,Normal
2026-02-15 13:43:28.032254,Berlin-e724,45,60,Normal
2026-02-15 13:43:29.032254,Berlin-e724,-15,74,Normal
2026-02-15 13:43:30.032254,Berlin-e724,9,38,Normal
2026-02-15 13:43:31.032254,Berlin-e724,23,69,Normal
2026-02-15 13:43:32.032254,Berlin-e724,0,81,Normal
2026-02-15 13:43:33.032254,Berlin-e724,37,28,Normal
2026-02-15 13:43:34.032254,Berlin-e724,2,6,Normal
2026-02-15 13:43:35.032254,Berlin-e724,-19,21,Normal
2026-02-15 13:43:36.032254,Berlin-e724,-21,76,Normal
2026-02-15 13:43:37.032254,Berlin-e724,18,57,Normal
2026-02-15 13:43:38.032254,Berlin-e724,-6,53,Normal
2026-02-15 13:43:39.032254,Berlin-e724,-27,97,Normal
2026-02-15 13:43:40.032254,Berlin-e724,29,39,Normal
2026-02-15 13:43:41.032254,Berlin-e724,11,43,Normal
2026-02-15 13:43:42.032254,Berlin-e724,2,28,Normal
2026-02-15 13:43:43.032254,Berlin-e724,-7,74,Normal
2026-02-15 13:43:44.032254,Berlin-e724,-12,35,Normal
2026-02-15 13:43:45.032254,Berlin-e724,-27,79,Normal
2026-02-15 13:43:46.032254,Berlin-e724,-26,57,Normal
2026-02-15 13:43:47.032254,Berlin-e724,-4,22,Normal
2026-02-15 13:43:48.032254,Berlin-e724,40,96,Normal
2026-02-15 13:43:49.032254,Berlin-e724,-1,34,Normal
2026-02-15 13:43:50.032254,Berlin-e724,44,55,Normal
2026-02-15 13:43:51.032254,Berlin-e724,14,79,Normal
2026-02-15 13:43:52.032254,Berlin-e724,3,29,Normal
2026-02-15 13:43:53.032254,Berlin-e724,27,74,Normal
2026-02-15 13:43:54.032254,Berlin-e724,36,96,Normal
2026-02-15 13:43:55.032254,Berlin-e724,48,39,Normal
2026-02-15 13:43:56.032254,Berlin-e724,-25,37,Normal
2026-02-15 13:43:57.032254,Berlin-e724,32,53,Normal
2026-02-15 13:43:58.032254,Berlin-e724,-29,40,Normal
2026-02-15 13:43:59.032254,Berlin-e724,10,41,Normal
2026-02-15 13:44:00.032254,Berlin-e724,-8,65,Normal
2026-02-15 13:44:01.032254,Berlin-e724,46,11,Normal
2026-02-15 13:44:02.032254,Berlin-e724,34,30,Normal
2026-02-15 13:44:03.032254,Berlin-e724,28,48,Normal
2026-02-15 13:44:04.032254,Berlin-e724,-7,47,Normal
2026-02-15 13:44:05.032254,Berlin-e724,16,87,Normal
2026-02-15 13:44:06.032254,Berlin-e724,12,79,Normal
2026-02-15 13:44:07.032254,Berlin-e724,4,6,Normal
2026-02-15 13:44:08.032254,Berlin-e724,25,80,Normal
2026-02-15 13:44:09.032254,Berlin-e724,31,79,Normal
2026-02-15 13:44:10.032254,Berlin-e724,-16,44,Normal
2026-02-15 13:44:11.032254,Berlin-e724,7,61,Normal
2026-02-15 13:44:12.032254,Berlin-e724,18,66,Normal
2026-02-15 13:44:13.032254,Berlin-e724,-17,84,Normal
2026-02-15 13:44:14.032254,Berlin-e724,-13,59,Normal
2026-02-15 13:44:15.032254,Berlin-e724,13,56,Normal
2026-02-15 13:44:16.032254,Berlin-e724,1,27,Normal
2026-02-15 13:44:17.032254,Berlin-e724,-16,96,Normal
2026-02-15 13:44:18.032254,Berlin-e724,27,85,Normal
2026-02-15 13:44:19.032254,Berlin-e724,22,10,Normal
2026-02-15 13:44:20.032254,Berlin-e724,48,47,Normal
2026-02-15 13:44:21.032254,Berlin-e724,-22,77,Normal
2026-02-15 13:44:22.032254,Berlin-e724,3,87,Normal
2026-02-15 13:44:23.032254,Berlin-e724,35,29,Normal
2026-02-15 13:44:24.032254,Berlin-e724,34,81,Normal
2026-02-15 13:44:25.032254,Berlin-e724,13,42,Normal
2026-02-15 13:44:26.032254,Berlin-e724,-21,51,Normal
2026-02-15 13:44:27.032254,Berlin-e724,50,85,Normal
2026-02-15 13:44:28.032254,Berlin-e724,-7,43,Normal
2026-02-15 13:44:29.032254,Berlin-e724,-4,49,Normal
2026-02-15 13:44:30.032254,Berlin-e724,5,60,Normal
2026-02-15 13:44:31.032254,Berlin-e724,-6,88,Normal
2026-02-15 13:44:32.032254,Berlin-e724,33,44,Normal
2026-02-15 13:44:33.032254,Berlin-e724,-8,96,Normal
2026-02-15 13:44:34.032254,Berlin-e724,14,62,Normal
2026-02-15 13:44:35.032254,Berlin-e724,17,86,Normal
2026-02-15 13:44:36.032254,Berlin-e724,36,56,Normal
2026-02-15 13:44:37.032254,Berlin-e724,21,1,Normal
2026-02-15 13:44:38.032254,Berlin-e724,20,81,Normal
2026-02-15 13:44:39.032254,Berlin-e724,-28,25,Normal
2026-02-15 13:44:40.032254,Berlin-e724,36,99,Normal
2026-02-15 13:44:41.032254,Berlin-e724,8,17,Normal
2026-02-15 13:44:42.032254,Berlin-e724,24,20,Normal
2026-02-15 13:44:43.032254,Berlin-e724,30,95,Normal
2026-02-15 13:44:44.032254,Berlin-e724,-9,67,Normal
2026-02-15 13:44:45.032254,Berlin-e724,45,31,Normal
2026-02-15 13:44:46.032254,Berlin-e724,15,2,Normal
2026-02-15 13:44:47.032254,Berlin-e724,26,26,Normal
2026-02-15 13:44:48.032254,Berlin-e724,-24,71,Normal
2026-02-15 13:44:49.032254,Berlin-e724,42,13,Normal
2026-02-15 13:44:50.032254,Berlin-e724,-15,23,Normal
2026-02-15 13:44:51.032254,Berlin-e724,-4,39,Normal
2026-02-15 13:44:52.032254,Berlin-e724,5,91,Normal
2026-02-15 13:44:53.032254,Berlin-e724,27,27,Normal
2026-02-15 13:44:54.032254,Berlin-e724,9,85,Normal
2026-02-15 13:44:55.032254,Berlin-e724,1,18,Normal
2026-02-15 13:44:56.032254,Berlin-e724,15,40,Normal
2026-02-15 13:44:57.032254,Berlin-e724,20,54,Normal
2026-02-15 13:44:58.032254,Berlin-e724,-10,27,Normal
2026-02-15 13:44:59.032254,Berlin-e724,49,50,Normal
2026-02-15 13:45:00.032254,Berlin-e724,-12,93,Normal
2026-02-15 13:45:01.032254,Berlin-e724,-25,72,Normal
2026-02-15 13:45:02.032254,Berlin-e724,43,91,Normal
2026-02-15 13:45:03.032254,Berlin-e724,-11,80,Normal
2026-02-15 13:45:04.032254,Berlin-e724,17,97,Normal
2026-02-15 13:45:05.032254,Berlin-e724,20,8,Normal
2026-02-15 13:45:06.032254,Berlin-e724,-5,18,Normal
2026-02-15 13:45:07.032254,Berlin-e724,4,38,Normal
2026-02-15 13:45:08.032254,Berlin-e724,-1,35,Normal
2026-02-15 13:45:09.032254,Berlin-e724,4,21,Normal
2026-02-15 13:45:10.032254,Berlin-e724,6,55,Normal
2026-02-15 13:45:11.032254,Berlin-e724,26,1,Normal
2026-02-15 13:45:12.032254,Berlin-e724,-23,11,Normal
2026-02-15 13:45:13.032254,Berlin-e724,-24,73,Normal
2026-02-15 13:45:14.032254,Berlin-e724,15,24,Normal
2026-02-15 13:45:15.032254,Berlin-e724,2,79,Normal
2026-02-15 13:45:16.032254,Berlin-e724,-11,90,Normal
2026-02-15 13:45:17.032254,Berlin-e724,46,2,Normal
2026-02-15 13:45:18.032254,Berlin-e724,43,27,Normal
2026-02-15 13:45:19.032254,Berlin-e724,6,2,Normal
2026-02-15 13:45:20.032254,Berlin-e724,40,8,Normal
2026-02-15 13:45:21.032254,Berlin-e724,49,19,Normal
2026-02-15 13:45:22.032254,Berlin-e724,34,15,Normal
2026-02-15 13:45:23.032254,Berlin-e724,-16,61,Normal
2026-02-15 13:45:24.032254,Berlin-e724,35,56,Normal
2026-02-15 13:45:25.032254,Berlin-e724,-18,24,Normal
2026-02-15 13:45:26.032254,Berlin-e724,-29,83,Normal
2026-02-15 13:45:27.032254,Berlin-e724,-14,49,Normal
2026-02-15 13:45:28.032254,Berlin-e724,13,82,Normal
2026-02-15 13:45:29.032254,Berlin-e724,-28,82,Normal
2026-02-15 13:45:30.032254,Berlin-e724,38,23,Normal
2026-02-15 13:45:31.032254,Berlin-e724,50,80,Normal
2026-02-15 13:45:32.032254,Berlin-e724,-30,8,Normal
2026-02-15 13:45:33.032254,Berlin-e724,21,3,Normal
2026-02-15 13:45:34.032254,Berlin-e724,-16,7,Normal
2026-02-15 13:45:35.032254,Berlin-e724,-19,25,Normal
2026-02-15 13:45:36.032254,Berlin-e724,31,14,Normal
2026-02-15 13:45:37.032254,Berlin-e724,-19,84,Normal
2026-02-15 13:45:38.032254,Berlin-e724,-17,71,Normal
2026-02-15 13:45:39.032254,Berlin-e724,32,82,Normal
2026-02-15 13:45:40.032254,Berlin-e724,-22,21,Normal
2026-02-15 13:45:41.032254,Berlin-e724,-15,6,Normal
2026-02-15 13:45:42.032254,Berlin-e724,-2,60,Normal
2026-02-15 13:45:43.032254,Berlin-e724,39,0,Normal
2026-02-15 13:45:44.032254,Berlin-e724,-23,75,Normal
2026-02-15 13:45:45.032254,Berlin-e724,27,59,Normal
2026-02-15 13:45:46.032254,Berlin-e724,-27,22,Normal
2026-02-15 13:45:47.032254,Berlin-e724,-5,85,Normal
2026-02-15 13:45:48.032254,Berlin-e724,-24,79,Normal
2026-02-15 13:45:49.032254,Berlin-e724,-2,69,Normal
2026-02-15 13:45:50.032254,Berlin-e724,-12,85,Normal
2026-02-15 13:45:51.032254,Berlin-e724,15,57,Normal
2026-02-15 13:45:52.032254,Berlin-e724,16,74,Normal
2026-02-15 13:45:53.032254,Berlin-e724,47,75,Normal
2026-02-15 13:45:54.032254,Berlin-e724,45,52,Normal
2026-02-15 13:45:55.032254,Berlin-e724,-11,94,Normal
2026-02-15 13:45:56.032254,Berlin-e724,-6,71,Normal
2026-02-15 13:45:57.032254,Berlin-e724,34,13,Normal
2026-02-15 13:45:58.032254,Berlin-e724,48,100,Normal
2026-02-15 13:45:59.032254,Berlin-e724,-8,69,Normal
2026-02-15 13:46:00.032254,Berlin-e724,-29,20,Normal
2026-02-15 13:46:01.032254,Berlin-e724,25,22,Normal
2026-02-15 13:46:02.032254,Berlin-e724,35,22,Normal
2026-02-15 13:46:03.032254,Berlin-e724,48,14,Normal
2026-02-15 13:46:04.032254,Berlin-e724,37,97,Normal
2026-02-15 13:46:05.032254,Berlin-e724,-10,71,Normal
2026-02-15 13:46:06.032254,Berlin-e724,22,83,Normal
2026-02-15 13:46:07.032254,Berlin-e724,19,81,Normal
2026-02-15 13:46:08.032254,Berlin-e724,40,21,Normal
2026-02-15 13:46:09.032254,Berlin-e724,15,5,Normal
2026-02-15 13:46:10.032254,Berlin-e724,4,21,Normal
2026-02-15 13:46:11.032254,Berlin-e724,-5,82,Normal
2026-02-15 13:46:12.032254,Berlin-e724,38,86,Normal
2026-02-15 13:46:13.032254,Berlin-e724,29,57,Normal
2026-02-15 13:46:14.032254,Berlin-e724,12,65,Normal
2026-02-15 13:46:15.032254,Berlin-e724,24,71,Normal
2026-02-15 13:46:16.032254,Berlin-e724,-17,85,Normal
2026-02-15 13:46:17.032254,Berlin-e724,-1,3,Normal
2026-02-15 13:46:18.032254,Berlin-e724,32,49,Normal
2026-02-15 13:46:19.032254,Berlin-e724,28,43,Normal
2026-02-15 13:46:20.032254,Berlin-e724,-4,1,Normal
2026-02-15 13:46:21.032254,Berlin-e724,30,94,Normal
2026-02-15 13:46:22.032254,Berlin-e724,21,64,Normal
2026-02-15 13:46:23.032254,Berlin-e724,40,15,Normal
2026-02-15 13:46:24.032254,Berlin-e724,-21,100,Normal
2026-02-15 13:46:25.032254,Berlin-e724,42,15,Normal
2026-02-15 13:46:26.032254,Berlin-e724,-10,32,Normal
2026-02-15 13:46:27.032254,Berlin-e724,-19,28,Normal
2026-02-15 13:46:28.032254,Berlin-e724,33,32,Normal
2026-02-15 13:46:29.032254,Berlin-e724,19,81,Normal
2026-02-15 13:46:30.032254,Berlin-e724,3,27,Normal
2026-02-15 13:46:31.032254,Berlin-e724,11,100,Normal
2026-02-15 13:46:32.032254,Berlin-e724,-27,74,Normal
2026-02-15 13:46:33.032254,Berlin-e724,-7,93,Normal
2026-02-15 13:46:34.032254,Berlin-e724,47,73,Normal
2026-02-15 13:46:35.032254,Berlin-e724,7,72,Normal
2026-02-15 13:46:36.032254,Berlin-e724,9,50,Normal
2026-02-15 13:46:37.032254,Berlin-e724,46,24,Normal
2026-02-15 13:46:38.032254,Berlin-e724,50,55,Normal
2026-02-15 13:46:39.032254,Berlin-e724,21,77,Normal
2026-02-15 13:46:40.032254,Berlin-e724,17,43,Normal
2026-02-15 13:46:41.032254,Berlin-e724,15,92,Normal
2026-02-15 13:46:42.032254,Berlin-e724,13,24,Normal
2026-02-15 13:46:43.032254,Berlin-e724,-10,93,Normal
2026-02-15 13:46:44.032254,Berlin-e724,15,62,Normal
2026-02-15 13:46:45.032254,Berlin-e724,-25,73,Normal
2026-02-15 13:46:46.032254,Berlin-e724,12,10,Normal
2026-02-15 13:46:47.032254,Berlin-e724,49,58,Normal
2026-02-15 13:46:48.032254,Berlin-e724,7,26,Normal
2026-02-15 13:46:49.032254,Berlin-e724,32,2,Normal
2026-02-15 13:46:50.032254,Berlin-e724,-25,65,Normal
2026-02-15 13:46:51.032254,Berlin-e724,12,14,Normal
2026-02-15 13:46:52.032254,Berlin-e724,4,16,Normal
2026-02-15 13:46:53.032254,Berlin-e724,27,76,Normal
2026-02-15 13:46:54.032254,Berlin-e724,-8,17,Normal
2026-02-15 13:46:55.032254,Berlin-e724,13,30,Normal
2026-02-15 13:46:56.032254,Berlin-e724,44,32,Normal
2026-02-15 13:46:57.032254,Berlin-e724,33,87,Normal
2026-02-15 13:46:58.032254,Berlin-e724,20,34,Normal
2026-02-15 13:46:59.032254,Berlin-e724,-12,7,Normal
2026-02-15 13:47:00.032254,Berlin-e724,15,53,Normal
2026-02-15 13:47:01.032254,Berlin-e724,10,52,Normal
2026-02-15 13:47:02.032254,Berlin-e724,-13,21,Normal
2026-02-15 13:47:03.032254,Berlin-e724,-12,47,Normal
2026-02-15 13:47:04.032254,Berlin-e724,50,45,Normal
2026-02-15 13:47:05.032254,Berlin-e724,44,4,Normal
2026-02-15 13:47:06.032254,Berlin-e724,24,70,Normal
2026-02-15 13:47:07.032254,Berlin-e724,37,98,Normal
2026-02-15 13:47:08.032254,Berlin-e724,29,17,Normal
2026-02-15 13:47:09.032254,Berlin-e724,-20,2,Normal
2026-02-15 13:47:10.032254,Berlin-e724,-18,58,Normal
2026-02-15 13:47:11.032254,Berlin-e724,20,59,Normal
2026-02-15 13:47:12.032254,Berlin-e724,-11,18,Normal
2026-02-15 13:47:13.032254,Berlin-e724,25,86,Normal
2026-02-15 13:47:14.032254,Berlin-e724,25,30,Normal
2026-02-15 13:47:15.032254,Berlin-e724,-6,71,Normal
2026-02-15 13:47:16.032254,Berlin-e724,11,1,Normal
2026-02-15 13:47:17.032254,Berlin-e724,11,21,Normal
2026-02-15 13:47:18.032254,Berlin-e724,-6,49,Normal
2026-02-15 13:47:19.032254,Berlin-e724,-1,22,Normal
2026-02-15 13:47:20.032254,Berlin-e724,5,60,Normal
2026-02-15 13:47:21.032254,Berlin-e724,-11,17,Normal
2026-02-15 13:47:22.032254,Berlin-e724,38,47,Normal
2026-02-15 13:47:23.032254,Berlin-e724,28,28,Normal
2026-02-15 13:47:24.032254,Berlin-e724,35,88,Normal
2026-02-15 13:47:25.032254,Berlin-e724,12,15,Normal
2026-02-15 13:47:26.032254,Berlin-e724,-4,32,Normal
2026-02-15 13:47:27.032254,Berlin-e724,12,56,Normal
2026-02-15 13:47:28.032254,Berlin-e724,5,74,Normal
2026-02-15 13:47:29.032254,Berlin-e724,19,36,Normal
2026-02-15 13:47:30.032254,Berlin-e724,43,22,Normal
2026-02-15 13:47:31.032254,Berlin-e724,-20,14,Normal
2026-02-15 13:47:32.032254,Berlin-e724,31,2,Normal
2026-02-15 13:47:33.032254,Berlin-e724,13,70,Normal
2026-02-15 13:47:34.032254,Berlin-e724,12,32,Normal
2026-02-15 13:47:35.032254,Berlin-e724,20,93,Normal
2026-02-15 13:47:36.032254,Berlin-e724,-12,61,Normal
2026-02-15 13:47:37.032254,Berlin-e724,9,8,Normal
2026-02-15 13:47:38.032254,Berlin-e724,39,37,Normal
2026-02-15 13:47:39.032254,Berlin-e724,1,94,Normal
2026-02-15 13:47:40.032254,Berlin-e724,48,97,Normal
2026-02-15 13:47:41.032254,Berlin-e724,-5,87,Normal
2026-02-15 13:47:42.032254,Berlin-e724,-28,58,Normal
2026-02-15 13:47:43.032254,Berlin-e724,-22,18,Normal
2026-02-15 13:47:44.032254,Berlin-e724,25,13,Normal
2026-02-15 13:47:45.032254,Berlin-e724,30,25,Normal
2026-02-15 13:47:46.032254,Berlin-e724,-26,99,Normal
2026-02-15 13:47:47.032254,Berlin-e724,16,56,Normal
2026-02-15 13:47:48.032254,Berlin-e724,1,84,Normal
2026-02-15 13:47:49.032254,Berlin-e724,-24,1,Normal
2026-02-15 13:47:50.032254,Berlin-e724,48,23,Normal
2026-02-15 13:47:51.032254,Berlin-e724,36,46,Normal
2026-02-15 13:47:52.032254,Berlin-e724,20,57,Normal
2026-02-15 13:47:53.032254,Berlin-e724,4,18,Normal
2026-02-15 13:47:54.032254,Berlin-e724,17,77,Normal
2026-02-15 13:47:55.032254,Berlin-e724,37,39,Normal
2026-02-15 13:47:56.032254,Berlin-e724,46,89,Normal
2026-02-15 13:47:57.032254,Berlin-e724,39,90,Normal
2026-02-15 13:47:58.032254,Berlin-e724,-23,77,Normal
2026-02-15 13:47:59.032254,Berlin-e724,10,40,Normal
2026-02-15 13:48:00.032254,Berlin-e724,-29,90,Normal
2026-02-15 13:48:01.032254,Berlin-e724,33,29,Normal
2026-02-15 13:48:02.032254,Berlin-e724,-2,66,Normal
2026-02-15 13:48:03.032254,Berlin-e724,20,56,Normal
2026-02-15 13:48:04.032254,Berlin-e724,32,61,Normal
2026-02-15 13:48:05.032254,Berlin-e724,-25,68,Normal
2026-02-15 13:48:06.032254,Berlin-e724,-22,60,Normal
2026-02-15 13:48:07.032254,Berlin-e724,48,87,Normal
2026-02-15 13:48:08.032254,Berlin-e724,22,85,Normal
2026-02-15 13:48:09.032254,Berlin-e724,-19,9,Normal
2026-02-15 13:48:10.032254,Berlin-e724,47,87,Normal
2026-02-15 13:48:11.032254,Berlin-e724,8,98,Normal
2026-02-15 13:48:12.032254,Berlin-e724,31,84,Normal
2026-02-15 13:48:13.032254,Berlin-e724,22,92,Normal
2026-02-15 13:48:14.032254,Berlin-e724,28,99,Normal
2026-02-15 13:48:15.032254,Berlin-e724,4,53,Normal
2026-02-15 13:48:16.032254,Berlin-e724,4,3,Normal
2026-02-15 13:48:17.032254,Berlin-e724,43,88,Normal
2026-02-15 13:48:18.032254,Berlin-e724,-17,10,Normal
2026-02-15 13:48:19.032254,Berlin-e724,10,29,Normal
2026-02-15 13:48:20.032254,Berlin-e724,1,31,Normal
2026-02-15 13:48:21.032254,Berlin-e724,22,41,Normal
2026-02-15 13:48:22.032254,Berlin-e724,13,3,Normal
2026-02-15 13:48:23.032254,Berlin-e724,12,33,Normal
2026-02-15 13:48:24.032254,Berlin-e724,26,76,Normal
2026-02-15 13:48:25.032254,Berlin-e724,-14,34,Normal
2026-02-15 13:48:26.032254,Berlin-e724,43,34,Normal
2026-02-15 13:48:27.032254,Berlin-e724,-26,48,Normal
2026-02-15 13:48:28.032254,Berlin-e724,-8,33,Normal
2026-02-15 13:48:29.032254,Berlin-e724,15,12,Normal
2026-02-15 13:48:30.032254,Berlin-e724,-13,76,Normal
2026-02-15 13:48:31.032254,Berlin-e724,39,8,Normal
2026-02-15 13:48:32.032254,Berlin-e724,1,51,Normal
2026-02-15 13:48:33.032254,Berlin-e724,-14,50,Normal
2026-02-15 13:48:34.032254,Berlin-e724,-5,44,Normal
2026-02-15 13:48:35.032254,Berlin-e724,29,54,Normal
2026-02-15 13:48:36.032254,Berlin-e724,44,1,Normal
2026-02-15 13:48:37.032254,Berlin-e724,15,32,Normal
2026-02-15 13:48:38.032254,Berlin-e724,42,86,Normal
2026-02-15 13:48:39.032254,Berlin-e724,33,50,Normal
2026-02-15 13:48:40.032254,Berlin-e724,12,37,Normal
2026-02-15 13:48:41.032254,Berlin-e724,33,26,Normal
2026-02-15 13:48:42.032254,Berlin-e724,-18,52,Normal
2026-02-15 13:48:43.032254,Berlin-e724,-22,52,Normal
2026-02-15 13:48:44.032254,Berlin-e724,-17,10,Normal
2026-02-15 13:48:45.032254,Berlin-e724,44,19,Normal
2026-02-15 13:48:46.032254,Berlin-e724,-3,46,Normal
2026-02-15 13:48:47.032254,Berlin-e724,-7,38,Normal
2026-02-15 13:48:48.032254,Berlin-e724,-7,35,Normal
2026-02-15 13:48:49.032254,Berlin-e724,44,71,Normal
2026-02-15 13:48:50.032254,Berlin-e724,-27,29,Normal
2026-02-15 13:48:51.032254,Berlin-e724,-25,50,Normal
2026-02-15 13:48:52.032254,Berlin-e724,10,5,Normal
2026-02-15 13:48:53.032254,Berlin-e724,45,16,Normal
2026-02-15 13:48:54.032254,Berlin-e724,-6,24,Normal
2026-02-15 13:48:55.032254,Berlin-e724,-15,36,Normal
2026-02-15 13:48:56.032254,Berlin-e724,49,8,Normal
2026-02-15 13:48:57.032254,Berlin-e724,25,38,Normal
2026-02-15 13:48:58.032254,Berlin-e724,39,46,Normal
2026-02-15 13:48:59.032254,Berlin-e724,32,32,Normal
2026-02-15 13:49:00.032254,Berlin-e724,18,32,Normal
2026-02-15 13:49:01.032254,Berlin-e724,-18,44,Normal
2026-02-15 13:49:02.032254,Berlin-e724,39,38,Normal
2026-02-15 13:49:03.032254,Berlin-e724,-26,35,Normal
2026-02-15 13:49:04.032254,Berlin-e724,-25,69,Normal
2026-02-15 13:49:05.032254,Berlin-e724,-18,49,Normal
2026-02-15 13:49:06.032254,Berlin-e724,40,6,Normal
2026-02-15 13:49:07.032254,Berlin-e724,18,94,Normal
2026-02-15 13:49:08.032254,Berlin-e724,26,76,Normal
2026-02-15 13:49:09.032254,Berlin-e724,50,76,Normal
2026-02-15 13:49:10.032254,Berlin-e724,-13,17,Normal
2026-02-15 13:49:11.032254,Berlin-e724,4,32,Normal
2026-02-15 13:49:12.032254,Berlin-e724,23,13,Normal
2026-02-15 13:49:13.032254,Berlin-e724,24,26,Normal
2026-02-15 13:49:14.032254,Berlin-e724,30,48,Normal
2026-02-15 13:49:15.032254,Berlin-e724,-29,26,Normal
2026-02-15 13:49:16.032254,Berlin-e724,30,65,Normal
2026-02-15 13:49:17.032254,Berlin-e724,27,83,Normal
2026-02-15 13:49:18.032254,Berlin-e724,15,44,Normal
2026-02-15 13:49:19.032254,Berlin-e724,12,54,Normal
2026-02-15 13:49:20.032254,Berlin-e724,45,50,Normal
2026-02-15 13:49:21.032254,Berlin-e724,48,26,Normal
2026-02-15 13:49:22.032254,Berlin-e724,18,6,Normal
2026-02-15 13:49:23.032254,Berlin-e724,-17,10,Normal
2026-02-15 13:49:24.032254,Berlin-e724,25,9,Normal
2026-02-15 13:49:25.032254,Berlin-e724,-8,67,Normal
2026-02-15 13:49:26.032254,Berlin-e724,1,45,Normal
2026-02-15 13:49:27.032254,Berlin-e724,36,47,Normal
2026-02-15 13:49:28.032254,Berlin-e724,41,29,Normal
2026-02-15 13:49:29.032254,Berlin-e724,-1,66,Normal
2026-02-15 13:49:30.032254,Berlin-e724,-1,65,Normal
2026-02-15 13:49:31.032254,Berlin-e724,-4,33,Normal
2026-02-15 13:49:32.032254,Berlin-e724,21,68,Normal
2026-02-15 13:49:33.032254,Berlin-e724,35,61,Normal
2026-02-15 13:49:34.032254,Berlin-e724,29,53,Normal
2026-02-15 13:49:35.032254,Berlin-e724,15,72,Normal
2026-02-15 13:49:36.032254,Berlin-e724,-19,5,Normal
2026-02-15 13:49:37.032254,Berlin-e724,29,12,Normal
2026-02-15 13:49:38.032254,Berlin-e724,19,74,Normal
2026-02-15 13:49:39.032254,Berlin-e724,32,41,Normal
2026-02-15 13:49:40.032254,Berlin-e724,9,18,Normal
2026-02-15 13:49:41.032254,Berlin-e724,34,95,Normal
2026-02-15 13:49:42.032254,Berlin-e724,-8,71,Normal
2026-02-15 13:49:43.032254,Berlin-e724,43,48,Normal
2026-02-15 13:49:44.032254,Berlin-e724,46,80,Normal
2026-02-15 13:49:45.032254,Berlin-e724,-4,82,Normal
2026-02-15 13:49:46.032254,Berlin-e724,21,58,Normal
2026-02-15 13:49:47.032254,Berlin-e724,34,96,Normal
2026-02-15 13:49:48.032254,Berlin-e724,11,13,Normal
2026-02-15 13:49:49.032254,Berlin-e724,-24,26,Normal
2026-02-15 13:49:50.032254,Berlin-e724,-19,100,Normal
2026-02-15 13:49:51.032254,Berlin-e724,36,52,Normal
2026-02-15 13:49:52.032254,Berlin-e724,38,30,Normal
2026-02-15 13:49:53.032254,Berlin-e724,23,63,Normal
2026-02-15 13:49:54.032254,Berlin-e724,-12,66,Normal
2026-02-15 13:49:55.032254,Berlin-e724,-21,5,Normal
2026-02-15 13:49:56.032254,Berlin-e724,15,88,Normal
2026-02-15 13:49:57.032254,Berlin-e724,-9,64,Normal
2026-02-15 13:49:58.032254,Berlin-e724,0,88,Normal
2026-02-15 13:49:59.032254,Berlin-e724,37,54,Normal
2026-02-15 13:50:00.032254,Berlin-e724,-7,99,Normal
2026-02-15 13:50:01.032254,Berlin-e724,-20,100,Normal
2026-02-15 13:50:02.032254,Berlin-e724,-8,80,Normal
2026-02-15 13:50:03.032254,Berlin-e724,-16,52,Normal
2026-02-15 13:50:04.032254,Berlin-e724,30,18,Normal
2026-02-15 13:50:05.032254,Berlin-e724,-19,9,Normal
2026-02-15 13:50:06.032254,Berlin-e724,12,31,Normal
2026-02-15 13:50:07.032254,Berlin-e724,37,19,Normal
2026-02-15 13:50:08.032254,Berlin-e724,-18,75,Normal
2026-02-15 13:50:09.032254,Berlin-e724,27,64,Normal
2026-02-15 13:50:10.032254,Berlin-e724,-6,96,Normal
2026-02-15 13:50:11.032254,Berlin-e724,8,38,Normal
2026-02-15 13:50:12.032254,Berlin-e724,6,96,Normal
2026-02-15 13:50:13.032254,Berlin-e724,39,6,Normal
2026-02-15 13:50:14.032254,Berlin-e724,8,47,Normal
2026-02-15 13:50:15.032254,Berlin-e724,31,11,Normal
2026-02-15 13:50:16.032254,Berlin-e724,-16,50,Normal
2026-02-15 13:50:17.032254,Berlin-e724,20,14,Normal
2026-02-15 13:50:18.032254,Berlin-e724,-6,85,Normal
2026-02-15 13:50:19.032254,Berlin-e724,50,52,Normal
2026-02-15 13:50:20.032254,Berlin-e724,-13,66,Normal
2026-02-15 13:50:21.032254,Berlin-e724,-17,61,Normal
2026-02-15 13:50:22.032254,Berlin-e724,-23,94,Normal
2026-02-15 13:50:23.032254,Berlin-e724,33,64,Normal
2026-02-15 13:50:24.032254,Berlin-e724,38,9,Normal
2026-02-15 13:50:25.032254,Berlin-e724,-16,13,Normal
2026-02-15 13:50:26.032254,Berlin-e724,8,51,Normal
2026-02-15 13:50:27.032254,Berlin-e724,38,70,Normal
2026-02-15 13:50:28.032254,Berlin-e724,40,26,Normal
2026-02-15 13:50:29.032254,Berlin-e724,25,20,Normal
2026-02-15 13:50:30.032254,Berlin-e724,8,64,Normal
2026-02-15 13:50:31.032254,Berlin-e724,-19,87,Normal
2026-02-15 13:50:32.032254,Berlin-e724,13,67,Normal
2026-02-15 13:50:33.032254,Berlin-e724,14,63,Normal
2026-02-15 13:50:34.032254,Berlin-e724,-21,50,Normal
2026-02-15 13:50:35.032254,Berlin-e724,-26,54,Normal
2026-02-15 13:50:36.032254,Berlin-e724,-26,24,Normal
2026-02-15 13:50:37.032254,Berlin-e724,0,54,Normal
2026-02-15 13:50:38.032254,Berlin-e724,33,15,Normal
2026-02-15 13:50:39.032254,Berlin-e724,36,69,Normal
2026-02-15 13:50:40.032254,Berlin-e724,-30,68,Normal
2026-02-15 13:50:41.032254,Berlin-e724,39,6,Normal
2026-02-15 13:50:42.032254,Berlin-e724,50,53,Normal
2026-02-15 13:50:43.032254,Berlin-e724,21,43,Normal
2026-02-15 13:50:44.032254,Berlin-e724,18,73,Normal
2026-02-15 13:50:45.032254,Berlin-e724,-16,22,Normal
2026-02-15 13:50:46.032254,Berlin-e724,49,64,Normal
2026-02-15 13:50:47.032254,Berlin-e724,1,71,Normal
2026-02-15 13:50:48.032254,Berlin-e724,42,51,Normal
2026-02-15 13:50:49.032254,Berlin-e724,-15,9,Normal
2026-02-15 13:50:50.032254,Berlin-e724,-23,38,Normal
2026-02-15 13:50:51.032254,Berlin-e724,35,98,Normal
2026-02-15 13:50:52.032254,Berlin-e724,-12,40,Normal
2026-02-15 13:50:53.032254,Berlin-e724,5,49,Normal
2026-02-15 13:50:54.032254,Berlin-e724,34,89,Normal
2026-02-15 13:50:55.032254,Berlin-e724,-26,30,Normal
2026-02-15 13:50:56.032254,Berlin-e724,-1,46,Normal
2026-02-15 13:50:57.032254,Berlin-e724,25,85,Normal
2026-02-15 13:50:58.032254,Berlin-e724,47,16,Normal
2026-02-15 13:50:59.032254,Berlin-e724,-13,60,Normal
2026-02-15 13:51:00.032254,Berlin-e724,0,81,Normal
2026-02-15 13:51:01.032254,Berlin-e724,7,90,Normal
2026-02-15 13:51:02.032254,Berlin-e724,-26,72,Normal
2026-02-15 13:51:03.032254,Berlin-e724,-26,52,Normal
2026-02-15 13:51:04.032254,Berlin-e724,-13,33,Normal
2026-02-15 13:51:05.032254,Berlin-e724,11,29,Normal
2026-02-15 13:51:06.032254,Berlin-e724,-13,89,Normal
2026-02-15 13:51:07.032254,Berlin-e724,-13,18,Normal
2026-02-15 13:51:08.032254,Berlin-e724,-9,34,Normal
2026-02-15 13:51:09.032254,Berlin-e724,-28,23,Normal
2026-02-15 13:51:10.032254,Berlin-e724,49,83,Normal
2026-02-15 13:51:11.032254,Berlin-e724,33,93,Normal
2026-02-15 13:51:12.032254,Berlin-e724,9,25,Normal
2026-02-15 13:51:13.032254,Berlin-e724,19,47,Normal
2026-02-15 13:51:14.032254,Berlin-e724,-24,39,Normal
2026-02-15 13:51:15.032254,Berlin-e724,-3,5,Normal
2026-02-15 13:51:16.032254,Berlin-e724,-17,47,Normal
2026-02-15 13:51:17.032254,Berlin-e724,-26,80,Normal
2026-02-15 13:51:18.032254,Berlin-e724,24,100,Normal
2026-02-15 13:51:19.032254,Berlin-e724,3,81,Normal
2026-02-15 13:51:20.032254,Berlin-e724,19,100,Normal
2026-02-15 13:51:21.032254,Berlin-e724,2,71,Normal
2026-02-15 13:51:22.032254,Berlin-e724,45,75,Normal
2026-02-15 13:51:23.032254,Berlin-e724,-25,18,Normal
2026-02-15 13:51:24.032254,Berlin-e724,-19,56,Normal
2026-02-15 13:51:25.032254,Berlin-e724,12,61,Normal
2026-02-15 13:51:26.032254,Berlin-e724,40,2,Normal
2026-02-15 13:51:27.032254,Berlin-e724,35,8,Normal
2026-02-15 13:51:28.032254,Berlin-e724,10,37,Normal
2026-02-15 13:51:29.032254,Berlin-e724,25,100,Normal
2026-02-15 13:51:30.032254,Berlin-e724,23,25,Normal
2026-02-15 13:51:31.032254,Berlin-e724,43,16,Normal
2026-02-15 13:51:32.032254,Berlin-e724,19,42,Normal
2026-02-15 13:51:33.032254,Berlin-e724,0,96,Normal
2026-02-15 13:51:34.032254,Berlin-e724,27,17,Normal
2026-02-15 13:51:35.032254,Berlin-e724,26,16,Normal
2026-02-15 13:51:36.032254,Berlin-e724,23,90,Normal
2026-02-15 13:51:37.032254,Berlin-e724,-27,99,Normal
2026-02-15 13:51:38.032254,Berlin-e724,43,19,Normal
2026-02-15 13:51:39.032254,Berlin-e724,13,20,Normal
2026-02-15 13:51:40.032254,Berlin-e724,14,61,Normal
2026-02-15 13:51:41.032254,Berlin-e724,-5,41,Normal
2026-02-15 13:51:42.032254,Berlin-e724,-5,47,Normal
2026-02-15 13:51:43.032254,Berlin-e724,20,6,Normal
2026-02-15 13:51:44.032254,Berlin-e724,42,77,Normal
2026-02-15 13:51:45.032254,Berlin-e724,-28,53,Normal
2026-02-15 13:51:46.032254,Berlin-e724,-21,35,Normal
2026-02-15 13:51:47.032254,Berlin-e724,5,98,Normal
2026-02-15 13:51:48.032254,Berlin-e724,13,17,Normal
2026-02-15 13:51:49.032254,Berlin-e724,11,32,Normal
2026-02-15 13:51:50.032254,Berlin-e724,-23,23,Normal
2026-02-15 13:51:51.032254,Berlin-e724,21,51,Normal
2026-02-15 13:51:52.032254,Berlin-e724,36,53,Normal
2026-02-15 13:51:53.032254,Berlin-e724,14,44,Normal
2026-02-15 13:51:54.032254,Berlin-e724,-2,98,Normal
2026-02-15 13:51:55.032254,Berlin-e724,13,32,Normal
2026-02-15 13:51:56.032254,Berlin-e724,38,66,Normal
2026-02-15 13:51:57.032254,Berlin-e724,-27,87,Normal
2026-02-15 13:51:58.032254,Berlin-e724,11,77,Normal
2026-02-15 13:51:59.032254,Berlin-e724,-26,19,Normal
2026-02-15 13:52:00.032254,Berlin-e724,-26,63,Normal
2026-02-15 13:52:01.032254,Berlin-e724,47,49,Normal
2026-02-15 13:52:02.032254,Berlin-e724,45,35,Normal
2026-02-15 13:52:03.032254,Berlin-e724,-7,47,Normal
2026-02-15 13:52:04.032254,Berlin-e724,14,20,Normal
2026-02-15 13:52:05.032254,Berlin-e724,21,15,Normal
2026-02-15 13:52:06.032254,Berlin-e724,21,42,Normal
2026-02-15 13:52:07.032254,Berlin-e724,5,99,Normal
2026-02-15 13:52:08.032254,Berlin-e724,46,20,Normal
2026-02-15 13:52:09.032254,Berlin-e724,49,26,Normal
2026-02-15 13:52:10.032254,Berlin-e724,-11,36,Normal
2026-02-15 13:52:11.032254,Berlin-e724,-21,78,Normal
2026-02-15 13:52:12.032254,Berlin-e724,-29,67,Normal
2026-02-15 13:52:13.032254,Berlin-e724,22,94,Normal
2026-02-15 13:52:14.032254,Berlin-e724,-5,70,Normal
2026-02-15 13:52:15.032254,Berlin-e724,6,38,Normal
2026-02-15 13:52:16.032254,Berlin-e724,7,39,Normal
2026-02-15 13:52:17.032254,Berlin-e724,37,99,Normal
2026-02-15 13:52:18.032254,Berlin-e724,-7,44,Normal
2026-02-15 13:52:19.032254,Berlin-e724,10,40,Normal
2026-02-15 13:52:20.032254,Berlin-e724,20,63,Normal
2026-02-15 13:52:21.032254,Berlin-e724,25,37,Normal
2026-02-15 13:52:22.032254,Berlin-e724,9,71,Normal
2026-02-15 13:52:23.032254,Berlin-e724,31,44,Normal
2026-02-15 13:52:24.032254,Berlin-e724,-11,40,Normal
2026-02-15 13:52:25.032254,Berlin-e724,9,58,Normal
2026-02-15 13:52:26.032254,Berlin-e724,20,44,Normal
2026-02-15 13:52:27.032254,Berlin-e724,2,5,Normal
2026-02-15 13:52:28.032254,Berlin-e724,-26,84,Normal
2026-02-15 13:52:29.032254,Berlin-e724,-17,64,Normal
2026-02-15 13:52:30.032254,Berlin-e724,40,87,Normal
2026-02-15 13:52:31.032254,Berlin-e724,-24,77,Normal
2026-02-15 13:52:32.032254,Berlin-e724,22,26,Normal
2026-02-15 13:52:33.032254,Berlin-e724,-26,44,Normal
2026-02-15 13:52:34.032254,Berlin-e724,-9,57,Normal
2026-02-15 13:52:35.032254,Berlin-e724,8,86,Normal
2026-02-15 13:52:36.032254,Berlin-e724,48,81,Normal
2026-02-15 13:52:37.032254,Berlin-e724,-21,81,Normal
2026-02-15 13:52:38.032254,Berlin-e724,-5,65,Normal
2026-02-15 13:52:39.032254,Berlin-e724,-24,84,Normal
2026-02-15 13:52:40.032254,Berlin-e724,27,14,Normal
2026-02-15 13:52:41.032254,Berlin-e724,-29,87,Normal
2026-02-15 13:52:42.032254,Berlin-e724,15,48,Normal
2026-02-15 13:52:43.032254,Berlin-e724,-12,22,Normal
2026-02-15 13:52:44.032254,Berlin-e724,37,1,Normal
2026-02-15 13:52:45.032254,Berlin-e724,39,36,Normal
2026-02-15 13:52:46.032254,Berlin-e724,19,11,Normal
2026-02-15 13:52:47.032254,Berlin-e724,29,69,Normal
2026-02-15 13:52:48.032254,Berlin-e724,3,53,Normal
2026-02-15 13:52:49.032254,Berlin-e724,-5,10,Normal
2026-02-15 13:52:50.032254,Berlin-e724,-18,83,Normal
2026-02-15 13:52:51.032254,Berlin-e724,-1,14,Normal
2026-02-15 13:52:52.032254,Berlin-e724,23,47,Normal
2026-02-15 13:52:53.032254,Berlin-e724,40,24,Normal
2026-02-15 13:52:54.032254,Berlin-e724,-28,38,Normal
2026-02-15 13:52:55.032254,Berlin-e724,15,59,Normal
2026-02-15 13:52:56.032254,Berlin-e724,0,5,Normal
2026-02-15 13:52:57.032254,Berlin-e724,-8,96,Normal
2026-02-15 13:52:58.032254,Berlin-e724,9,70,Normal
2026-02-15 13:52:59.032254,Berlin-e724,43,25,Normal
2026-02-15 13:53:00.032254,Berlin-e724,-22,9,Normal
2026-02-15 13:53:01.032254,Berlin-e724,13,71,Normal
2026-02-15 13:53:02.032254,Berlin-e724,-21,81,Normal
2026-02-15 13:53:03.032254,Berlin-e724,6,34,Normal
2026-02-15 13:53:04.032254,Berlin-e724,2,58,Normal
2026-02-15 13:53:05.032254,Berlin-e724,12,72,Normal
2026-02-15 13:53:06.032254,Berlin-e724,39,91,Normal
2026-02-15 13:53:07.032254,Berlin-e724,-9,76,Normal
2026-02-15 13:53:08.032254,Berlin-e724,30,96,Normal
2026-02-15 13:53:09.032254,Berlin-e724,25,98,Normal
2026-02-15 13:53:10.032254,Berlin-e724,25,86,Normal
2026-02-15 13:53:11.032254,Berlin-e724,47,77,Normal
2026-02-15 13:53:12.032254,Berlin-e724,16,54,Normal
2026-02-15 13:53:13.032254,Berlin-e724,38,58,Normal
2026-02-15 13:53:14.032254,Berlin-e724,21,80,Normal
2026-02-15 13:53:15.032254,Berlin-e724,-22,31,Normal
2026-02-15 13:53:16.032254,Berlin-e724,-28,94,Normal
2026-02-15 13:53:17.032254,Berlin-e724,-21,60,Normal
2026-02-15 13:53:18.032254,Berlin-e724,-6,80,Normal
2026-02-15 13:53:19.032254,Berlin-e724,4,89,Normal
2026-02-15 13:53:20.032254,Berlin-e724,49,90,Normal
2026-02-15 13:53:21.032254,Berlin-e724,48,82,Normal
2026-02-15 13:53:22.032254,Berlin-e724,-8,84,Normal
2026-02-15 13:53:23.032254,Berlin-e724,-5,38,Normal
2026-02-15 13:53:24.032254,Berlin-e724,40,96,Normal
2026-02-15 13:53:25.032254,Berlin-e724,11,79,Normal
2026-02-15 13:53:26.032254,Berlin-e724,46,46,Normal
2026-02-15 13:53:27.032254,Berlin-e724,49,65,Normal
2026-02-15 13:53:28.032254,Berlin-e724,33,12,Normal
2026-02-15 13:53:29.032254,Berlin-e724,24,78,Normal
2026-02-15 13:53:30.032254,Berlin-e724,-8,9,Normal
2026-02-15 13:53:31.032254,Berlin-e724,-6,97,Normal
2026-02-15 13:53:32.032254,Berlin-e724,16,52,Normal
2026-02-15 13:53:33.032254,Berlin-e724,-29,81,Normal
2026-02-15 13:53:34.032254,Berlin-e724,-11,0,Normal
2026-02-15 13:53:35.032254,Berlin-e724,2,73,Normal
2026-02-15 13:53:36.032254,Berlin-e724,-15,26,Normal
2026-02-15 13:53:37.032254,Berlin-e724,-10,83,Normal
2026-02-15 13:53:38.032254,Berlin-e724,41,66,Normal
2026-02-15 13:53:39.032254,Berlin-e724,17,97,Normal
2026-02-15 13:53:40.032254,Berlin-e724,14,19,Normal
2026-02-15 13:53:41.032254,Berlin-e724,42,29,Normal
2026-02-15 13:53:42.032254,Berlin-e724,43,25,Normal
2026-02-15 13:53:43.032254,Berlin-e724,-9,25,Normal
2026-02-15 13:53:44.032254,Berlin-e724,11,42,Normal
2026-02-15 13:53:45.032254,Berlin-e724,-4,4,Normal
2026-02-15 13:53:46.032254,Berlin-e724,18,48,Normal
2026-02-15 13:53:47.032254,Berlin-e724,13,91,Normal
2026-02-15 13:53:48.032254,Berlin-e724,-19,86,Normal
2026-02-15 13:53:49.032254,Berlin-e724,-11,97,Normal
2026-02-15 13:53:50.032254,Berlin-e724,-11,73,Normal
2026-02-15 13:53:51.032254,Berlin-e724,26,22,Normal
2026-02-15 13:53:52.032254,Berlin-e724,1,33,Normal
2026-02-15 13:53:53.032254,Berlin-e724,-20,53,Normal
2026-02-15 13:53:54.032254,Berlin-e724,21,12,Normal
2026-02-15 13:53:55.032254,Berlin-e724,7,74,Normal
2026-02-15 13:53:56.032254,Berlin-e724,3,88,Normal
2026-02-15 13:53:57.032254,Berlin-e724,-6,43,Normal
2026-02-15 13:53:58.032254,Berlin-e724,21,60,Normal
2026-02-15 13:53:59.032254,Berlin-e724,-3,95,Normal
2026-02-15 13:54:00.032254,Berlin-e724,-1,95,Normal
2026-02-15 13:54:01.032254,Berlin-e724,12,36,Normal
2026-02-15 13:54:02.032254,Berlin-e724,-15,14,Normal
2026-02-15 13:54:03.032254,Berlin-e724,8,60,Normal
2026-02-15 13:54:04.032254,Berlin-e724,13,37,Normal
2026-02-15 13:54:05.032254,Berlin-e724,-6,47,Normal
2026-02-15 13:54:06.032254,Berlin-e724,29,20,Normal
2026-02-15 13:54:07.032254,Berlin-e724,8,18,Normal
2026-02-15 13:54:08.032254,Berlin-e724,28,94,Normal
2026-02-15 13:54:09.032254,Berlin-e724,47,27,Normal
2026-02-15 13:54:10.032254,Berlin-e724,32,19,Normal
2026-02-15 13:54:11.032254,Berlin-e724,44,51,Normal
2026-02-15 13:54:12.032254,Berlin-e724,7,0,Normal
2026-02-15 13:54:13.032254,Berlin-e724,-18,3,Normal
2026-02-15 13:54:14.032254,Berlin-e724,23,100,Normal
2026-02-15 13:54:15.032254,Berlin-e724,37,51,Normal
2026-02-15 13:54:16.032254,Berlin-e724,22,56,Normal
2026-02-15 13:54:17.032254,Berlin-e724,46,25,Normal
2026-02-15 13:54:18.032254,Berlin-e724,27,35,Normal
2026-02-15 13:54:19.032254,Berlin-e724,44,84,Normal
2026-02-15 13:54:20.032254,Berlin-e724,-7,17,Normal
2026-02-15 13:54:21.032254,Berlin-e724,-12,38,Normal
2026-02-15 13:54:22.032254,Berlin-e724,-23,5,Normal
2026-02-15 13:54:23.032254,Berlin-e724,-18,11,Normal
2026-02-15 13:54:24.032254,Berlin-e724,-20,79,Normal
2026-02-15 13:54:25.032254,Berlin-e724,-5,96,Normal
2026-02-15 13:54:26.032254,Berlin-e724,-12,10,Normal
2026-02-15 13:54:27.032254,Berlin-e724,-12,55,Normal
2026-02-15 13:54:28.032254,Berlin-e724,-21,50,Normal
2026-02-15 13:54:29.032254,Berlin-e724,-28,92,Normal
2026-02-15 13:54:30.032254,Berlin-e724,-26,18,Normal
2026-02-15 13:54:31.032254,Berlin-e724,38,19,Normal
2026-02-15 13:54:32.032254,Berlin-e724,-26,67,Normal
2026-02-15 13:54:33.032254,Berlin-e724,42,47,Normal
2026-02-15 13:54:34.032254,Berlin-e724,43,33,Normal
2026-02-15 13:54:35.032254,Berlin-e724,28,54,Normal
2026-02-15 13:54:36.032254,Berlin-e724,-8,9,Normal
2026-02-15 13:54:37.032254,Berlin-e724,-4,26,Normal
2026-02-15 13:54:38.032254,Berlin-e724,23,6,Normal
2026-02-15 13:54:39.032254,Berlin-e724,35,52,Normal
2026-02-15 13:54:40.032254,Berlin-e724,1,37,Normal
2026-02-15 13:54:41.032254,Berlin-e724,-4,57,Normal
2026-02-15 13:54:42.032254,Berlin-e724,-26,40,Normal
2026-02-15 13:54:43.032254,Berlin-e724,-26,31,Normal
2026-02-15 13:54:44.032254,Berlin-e724,36,42,Normal
2026-02-15 13:54:45.032254,Berlin-e724,45,75,Normal
2026-02-15 13:54:46.032254,Berlin-e724,49,4,Normal
2026-02-15 13:54:47.032254,Berlin-e724,-9,11,Normal
2026-02-15 13:54:48.032254,Berlin-e724,7,36,Normal
2026-02-15 13:54:49.032254,Berlin-e724,30,60,Normal
2026-02-15 13:54:50.032254,Berlin-e724,-30,49,Normal
2026-02-15 13:54:51.032254,Berlin-e724,50,97,Normal
2026-02-15 13:54:52.032254,Berlin-e724,36,20,Normal
2026-02-15 13:54:53.032254,Berlin-e724,36,15,Normal
2026-02-15 13:54:54.032254,Berlin-e724,38,26,Normal
2026-02-15 13:54:55.032254,Berlin-e724,-23,82,Normal
2026-02-15 13:54:56.032254,Berlin-e724,-20,67,Normal
2026-02-15 13:54:57.032254,Berlin-e724,-6,44,Normal
2026-02-15 13:54:58.032254,Berlin-e724,-19,64,Normal
2026-02-15 13:54:59.032254,Berlin-e724,-15,80,Normal
2026-02-15 13:55:00.032254,Berlin-e724,26,31,Normal
2026-02-15 13:55:01.032254,Berlin-e724,-25,17,Normal
2026-02-15 13:55:02.032254,Berlin-e724,41,9,Normal
2026-02-15 13:55:03.032254,Berlin-e724,-9,3,Normal
2026-02-15 13:55:04.032254,Berlin-e724,-25,5,Normal
2026-02-15 13:55:05.032254,Berlin-e724,7,67,Normal
2026-02-15 13:55:06.032254,Berlin-e724,6,0,Normal
2026-02-15 13:55:07.032254,Berlin-e724,40,60,Normal
2026-02-15 13:55:08.032254,Berlin-e724,-19,2,Normal
2026-02-15 13:55:09.032254,Berlin-e724,23,48,Normal
2026-02-15 13:55:10.032254,Berlin-e724,39,48,Normal
2026-02-15 13:55:11.032254,Berlin-e724,-8,88,Normal
2026-02-15 13:55:12.032254,Berlin-e724,38,7,Normal
2026-02-15 13:55:13.032254,Berlin-e724,6,70,Normal
2026-02-15 13:55:14.032254,Berlin-e724,19,87,Normal
2026-02-15 13:55:15.032254,Berlin-e724,-10,81,Normal
2026-02-15 13:55:16.032254,Berlin-e724,4,59,Normal
2026-02-15 13:55:17.032254,Berlin-e724,35,93,Normal
2026-02-15 13:55:18.032254,Berlin-e724,4,46,Normal
2026-02-15 13:55:19.032254,Berlin-e724,16,93,Normal
2026-02-15 13:55:20.032254,Berlin-e724,13,29,Normal
2026-02-15 13:55:21.032254,Berlin-e724,23,95,Normal
2026-02-15 13:55:22.032254,Berlin-e724,-9,49,Normal
2026-02-15 13:55:23.032254,Berlin-e724,-26,34,Normal
2026-02-15 13:55:24.032254,Berlin-e724,13,70,Normal
2026-02-15 13:55:25.032254,Berlin-e724,2,46,Normal
2026-02-15 13:55:26.032254,Berlin-e724,46,26,Normal
2026-02-15 13:55:27.032254,Berlin-e724,12,56,Normal
2026-02-15 13:55:28.032254,Berlin-e724,-16,62,Normal
2026-02-15 13:55:29.032254,Berlin-e724,-13,31,Normal
2026-02-15 13:55:30.032254,Berlin-e724,16,33,Normal
2026-02-15 13:55:31.032254,Berlin-e724,-11,48,Normal
2026-02-15 13:55:32.032254,Berlin-e724,11,13,Normal
2026-02-15 13:55:33.032254,Berlin-e724,-10,43,Normal
2026-02-15 13:55:34.032254,Berlin-e724,38,30,Normal
2026-02-15 13:55:35.032254,Berlin-e724,17,59,Normal
2026-02-15 13:55:36.032254,Berlin-e724,-10,79,Normal
2026-02-15 13:55:37.032254,Berlin-e724,-2,28,Normal
2026-02-15 13:55:38.032254,Berlin-e724,-29,7,Normal
2026-02-15 13:55:39.032254,Berlin-e724,-3,50,Normal
2026-02-15 13:55:40.032254,Berlin-e724,-3,66,Normal
2026-02-15 13:55:41.032254,Berlin-e724,10,63,Normal
2026-02-15 13:55:42.032254,Berlin-e724,-15,49,Normal
2026-02-15 13:55:43.032254,Berlin-e724,35,74,Normal
2026-02-15 13:55:44.032254,Berlin-e724,-12,32,Normal
2026-02-15 13:55:45.032254,Berlin-e724,44,20,Normal
2026-02-15 13:55:46.032254,Berlin-e724,38,58,Normal
2026-02-15 13:55:47.032254,Berlin-e724,-28,38,Normal
2026-02-15 13:55:48.032254,Berlin-e724,-17,13,Normal
2026-02-15 13:55:49.032254,Berlin-e724,-15,3,Normal
2026-02-15 13:55:50.032254,Berlin-e724,34,36,Normal
2026-02-15 13:55:51.032254,Berlin-e724,-11,50,Normal
2026-02-15 13:55:52.032254,Berlin-e724,16,13,Normal
2026-02-15 13:55:53.032254,Berlin-e724,21,47,Normal
2026-02-15 13:55:54.032254,Berlin-e724,38,98,Normal
2026-02-15 13:55:55.032254,Berlin-e724,-8,92,Normal
2026-02-15 13:55:56.032254,Berlin-e724,7,55,Normal
2026-02-15 13:55:57.032254,Berlin-e724,22,1,Normal
2026-02-15 13:55:58.032254,Berlin-e724,-10,36,Normal
2026-02-15 13:55:59.032254,Berlin-e724,15,57,Normal
2026-02-15 13:56:00.032254,Berlin-e724,2,56,Normal
2026-02-15 13:56:01.032254,Berlin-e724,15,49,Normal
2026-02-15 13:56:02.032254,Berlin-e724,25,60,Normal
2026-02-15 13:56:03.032254,Berlin-e724,6,95,Normal
2026-02-15 13:56:04.032254,Berlin-e724,0,21,Normal
2026-02-15 13:56:05.032254,Berlin-e724,23,60,Normal
2026-02-15 13:56:06.032254,Berlin-e724,-13,13,Normal
2026-02-15 13:56:07.032254,Berlin-e724,22,48,Normal
2026-02-15 13:56:08.032254,Berlin-e724,27,26,Normal
2026-02-15 13:56:09.032254,Berlin-e724,-1,24,Normal
2026-02-15 13:56:10.032254,Berlin-e724,-15,3,Normal
2026-02-15 13:56:11.032254,Berlin-e724,-23,88,Normal
2026-02-15 13:56:12.032254,Berlin-e724,31,72,Normal
2026-02-15 13:56:13.032254,Berlin-e724,-9,18,Normal
2026-02-15 13:56:14.032254,Berlin-e724,34,7,Normal
2026-02-15 13:56:15.032254,Berlin-e724,-19,67,Normal
2026-02-15 13:56:16.032254,Berlin-e724,42,52,Normal
2026-02-15 13:56:17.032254,Berlin-e724,9,96,Normal
2026-02-15 13:56:18.032254,Berlin-e724,9,89,Normal
2026-02-15 13:56:19.032254,Berlin-e724,-18,58,Normal
2026-02-15 13:56:20.032254,Berlin-e724,-10,46,Normal
2026-02-15 13:56:21.032254,Berlin-e724,-3,33,Normal
2026-02-15 13:56:22.032254,Berlin-e724,50,21,Normal
2026-02-15 13:56:23.032254,Berlin-e724,50,46,Normal
2026-02-15 13:56:24.032254,Berlin-e724,25,67,Normal
2026-02-15 13:56:25.032254,Berlin-e724,25,89,Normal
2026-02-15 13:56:26.032254,Berlin-e724,8,5,Normal
2026-02-15 13:56:27.032254,Berlin-e724,39,65,Normal
2026-02-15 13:56:28.032254,Berlin-e724,-2,7,Normal
2026-02-15 13:56:29.032254,Berlin-e724,-26,39,Normal
2026-02-15 13:56:30.032254,Berlin-e724,-5,62,Normal
2026-02-15 13:56:31.032254,Berlin-e724,5,73,Normal
2026-02-15 13:56:32.032254,Berlin-e724,33,33,Normal
2026-02-15 13:56:33.032254,Berlin-e724,17,19,Normal
2026-02-15 13:56:34.032254,Berlin-e724,-8,54,Normal
2026-02-15 13:56:35.032254,Berlin-e724,8,68,Normal
2026-02-15 13:56:36.032254,Berlin-e724,-21,94,Normal
2026-02-15 13:56:37.032254,Berlin-e724,-10,53,Normal
2026-02-15 13:56:38.032254,Berlin-e724,4,10,Normal
2026-02-15 13:56:39.032254,Berlin-e724,32,20,Normal
2026-02-15 13:56:40.032254,Berlin-e724,-17,95,Normal
2026-02-15 13:56:41.032254,Berlin-e724,10,7,Normal
2026-02-15 13:56:42.032254,Berlin-e724,22,32,Normal
2026-02-15 13:56:43.032254,Berlin-e724,27,49,Normal
2026-02-15 13:56:44.032254,Berlin-e724,7,34,Normal
2026-02-15 13:56:45.032254,Berlin-e724,8,73,Normal
2026-02-15 13:56:46.032254,Berlin-e724,16,26,Normal
2026-02-15 13:56:47.032254,Berlin-e724,-27,52,Normal
2026-02-15 13:56:48.032254,Berlin-e724,18,100,Normal
2026-02-15 13:56:49.032254,Berlin-e724,49,1,Normal
2026-02-15 13:56:50.032254,Berlin-e724,-12,57,Normal
2026-02-15 13:56:51.032254,Berlin-e724,5,23,Normal
2026-02-15 13:56:52.032254,Berlin-e724,6,88,Normal
2026-02-15 13:56:53.032254,Berlin-e724,-5,83,Normal
2026-02-15 13:56:54.032254,Berlin-e724,40,58,Normal
2026-02-15 13:56:55.032254,Berlin-e724,-26,8,Normal
2026-02-15 13:56:56.032254,Berlin-e724,23,8,Normal
2026-02-15 13:56:57.032254,Berlin-e724,41,23,Normal
2026-02-15 13:56:58.032254,Berlin-e724,-3,70,Normal
2026-02-15 13:56:59.032254,Berlin-e724,20,42,Normal
2026-02-15 13:57:00.032254,Berlin-e724,-22,22,Normal
2026-02-15 13:57:01.032254,Berlin-e724,3,77,Normal
2026-02-15 13:57:02.032254,Berlin-e724,37,56,Normal
2026-02-15 13:57:03.032254,Berlin-e724,33,38,Normal
2026-02-15 13:57:04.032254,Berlin-e724,-11,78,Normal
2026-02-15 13:57:05.032254,Berlin-e724,32,92,Normal
2026-02-15 13:57:06.032254,Berlin-e724,7,65,Normal
2026-02-15 13:57:07.032254,Berlin-e724,15,49,Normal
2026-02-15 13:57:08.032254,Berlin-e724,2,48,Normal
2026-02-15 13:57:09.032254,Berlin-e724,42,72,Normal
2026-02-15 13:57:10.032254,Berlin-e724,7,76,Normal
2026-02-15 13:57:11.032254,Berlin-e724,-4,22,Normal
2026-02-15 13:57:12.032254,Berlin-e724,32,57,Normal
2026-02-15 13:57:13.032254,Berlin-e724,-4,2,Normal
2026-02-15 13:57:14.032254,Berlin-e724,38,56,Normal
2026-02-15 13:57:15.032254,Berlin-e724,35,81,Normal
2026-02-15 13:57:16.032254,Berlin-e724,-13,70,Normal
2026-02-15 13:57:17.032254,Berlin-e724,0,34,Normal
2026-02-15 13:57:18.032254,Berlin-e724,24,76,Normal
2026-02-15 13:57:19.032254,Berlin-e724,48,100,Normal
2026-02-15 13:57:20.032254,Berlin-e724,10,62,Normal
2026-02-15 13:57:21.032254,Berlin-e724,31,60,Normal
2026-02-15 13:57:22.032254,Berlin-e724,-16,90,Normal
2026-02-15 13:57:23.032254,Berlin-e724,27,61,Normal
2026-02-15 13:57:24.032254,Berlin-e724,6,15,Normal
2026-02-15 13:57:25.032254,Berlin-e724,-1,54,Normal
2026-02-15 13:57:26.032254,Berlin-e724,-29,89,Normal
2026-02-15 13:57:27.032254,Berlin-e724,-4,70,Normal
2026-02-15 13:57:28.032254,Berlin-e724,28,68,Normal
2026-02-15 13:57:29.032254,Berlin-e724,-7,55,Normal
2026-02-15 13:57:30.032254,Berlin-e724,18,51,Normal
2026-02-15 13:57:31.032254,Berlin-e724,12,40,Normal
2026-02-15 13:57:32.032254,Berlin-e724,48,30,Normal
2026-02-15 13:57:33.032254,Berlin-e724,34,17,Normal
2026-02-15 13:57:34.032254,Berlin-e724,31,97,Normal
2026-02-15 13:57:35.032254,Berlin-e724,-5,14,Normal
2026-02-15 13:57:36.032254,Berlin-e724,19,85,Normal
2026-02-15 13:57:37.032254,Berlin-e724,15,46,Normal
2026-02-15 13:57:38.032254,Berlin-e724,20,34,Normal
2026-02-15 13:57:39.032254,Berlin-e724,-24,81,Normal
2026-02-15 13:57:40.032254,Berlin-e724,36,66,Normal
2026-02-15 13:57:41.032254,Berlin-e724,9,55,Normal
2026-02-15 13:57:42.032254,Berlin-e724,7,44,Normal
2026-02-15 13:57:43.032254,Berlin-e724,34,51,Normal
2026-02-15 13:57:44.032254,Berlin-e724,-13,37,Normal
2026-02-15 13:57:45.032254,Berlin-e724,-8,45,Normal
2026-02-15 13:57:46.032254,Berlin-e724,-29,43,Normal
2026-02-15 13:57:47.032254,Berlin-e724,-9,88,Normal
2026-02-15 13:57:48.032254,Berlin-e724,-22,45,Normal
2026-02-15 13:57:49.032254,Berlin-e724,4,4,Normal
2026-02-15 13:57:50.032254,Berlin-e724,32,79,Normal
2026-02-15 13:57:51.032254,Berlin-e724,32,66,Normal
2026-02-15 13:57:52.032254,Berlin-e724,-8,45,Normal
2026-02-15 13:57:53.032254,Berlin-e724,-25,94,Normal
2026-02-15 13:57:54.032254,Berlin-e724,50,27,Normal
2026-02-15 13:57:55.032254,Berlin-e724,36,6,Normal
2026-02-15 13:57:56.032254,Berlin-e724,-19,5,Normal
2026-02-15 13:57:57.032254,Berlin-e724,9,43,Normal
2026-02-15 13:57:58.032254,Berlin-e724,16,97,Normal
2026-02-15 13:57:59.032254,Berlin-e724,36,65,Normal
2026-02-15 13:58:00.032254,Berlin-e724,13,75,Normal
2026-02-15 13:58:01.032254,Berlin-e724,5,33,Normal
2026-02-15 13:58:02.032254,Berlin-e724,-30,36,Normal
2026-02-15 13:58:03.032254,Berlin-e724,33,100,Normal
2026-02-15 13:58:04.032254,Berlin-e724,30,8,Normal
2026-02-15 13:58:05.032254,Berlin-e724,34,50,Normal
2026-02-15 13:58:06.032254,Berlin-e724,-10,26,Normal
2026-02-15 13:58:07.032254,Berlin-e724,-28,81,Normal
2026-02-15 13:58:08.032254,Berlin-e724,-27,44,Normal
2026-02-15 13:58:09.032254,Berlin-e724,3,94,Normal
2026-02-15 13:58:10.032254,Berlin-e724,25,80,Normal
2026-02-15 13:58:11.032254,Berlin-e724,25,50,Normal
2026-02-15 13:58:12.032254,Berlin-e724,-10,97,Normal
2026-02-15 13:58:13.032254,Berlin-e724,41,24,Normal
2026-02-15 13:58:14.032254,Berlin-e724,17,45,Normal
2026-02-15 13:58:15.032254,Berlin-e724,-4,66,Normal
2026-02-15 13:58:16.032254,Berlin-e724,-29,77,Normal
2026-02-15 13:58:17.032254,Berlin-e724,40,12,Normal
2026-02-15 13:58:18.032254,Berlin-e724,-17,2,Normal
2026-02-15 13:58:19.032254,Berlin-e724,-2,45,Normal
2026-02-15 13:58:20.032254,Berlin-e724,39,100,Normal
2026-02-15 13:58:21.032254,Berlin-e724,-1,100,Normal
2026-02-15 13:58:22.032254,Berlin-e724,44,5,Normal
2026-02-15 13:58:23.032254,Berlin-e724,-20,36,Normal
2026-02-15 13:58:24.032254,Berlin-e724,-14,37,Normal
2026-02-15 13:58:25.032254,Berlin-e724,46,98,Normal
2026-02-15 13:58:26.032254,Berlin-e724,2,48,Normal
2026-02-15 13:58:27.032254,Berlin-e724,-6,25,Normal
2026-02-15 13:58:28.032254,Berlin-e724,41,1,Normal
2026-02-15 13:58:29.032254,Berlin-e724,48,7,Normal
2026-02-15 13:58:30.032254,Berlin-e724,21,19,Normal
2026-02-15 13:58:31.032254,Berlin-e724,33,51,Normal
2026-02-15 13:58:32.032254,Berlin-e724,-12,97,Normal
2026-02-15 13:58:33.032254,Berlin-e724,3,11,Normal
2026-02-15 13:58:34.032254,Berlin-e724,6,68,Normal
2026-02-15 13:58:35.032254,Berlin-e724,16,74,Normal
2026-02-15 13:58:36.032254,Berlin-e724,15,88,Normal
2026-02-15 13:58:37.032254,Berlin-e724,16,94,Normal
2026-02-15 13:58:38.032254,Berlin-e724,-20,42,Normal
2026-02-15 13:58:39.032254,Berlin-e724,-10,28,Normal
2026-02-15 13:58:40.032254,Berlin-e724,-9,93,Normal
2026-02-15 13:58:41.032254,Berlin-e724,-11,75,Normal
2026-02-15 13:58:42.032254,Berlin-e724,-29,4,Normal
2026-02-15 13:58:43.032254,Berlin-e724,19,6,Normal
2026-02-15 13:58:44.032254,Berlin-e724,44,55,Normal
2026-02-15 13:58:45.032254,Berlin-e724,49,10,Normal
2026-02-15 13:58:46.032254,Berlin-e724,17,31,Normal
2026-02-15 13:58:47.032254,Berlin-e724,38,16,Normal
2026-02-15 13:58:48.032254,Berlin-e724,5,67,Normal
2026-02-15 13:58:49.032254,Berlin-e724,9,82,Normal
2026-02-15 13:58:50.032254,Berlin-e724,8,51,Normal
2026-02-15 13:58:51.032254,Berlin-e724,1,10,Normal
2026-02-15 13:58:52.032254,Berlin-e724,49,68,Normal
2026-02-15 13:58:53.032254,Berlin-e724,47,45,Normal
2026-02-15 13:58:54.032254,Berlin-e724,-29,8,Normal
2026-02-15 13:58:55.032254,Berlin-e724,-12,77,Normal
2026-02-15 13:58:56.032254,Berlin-e724,32,9,Normal
2026-02-15 13:58:57.032254,Berlin-e724,39,34,Normal
2026-02-15 13:58:58.032254,Berlin-e724,-20,42,Normal
2026-02-15 13:58:59.032254,Berlin-e724,-12,92,Normal
2026-02-15 13:59:00.032254,Berlin-e724,39,51,Normal
2026-02-15 13:59:01.032254,Berlin-e724,44,68,Normal
2026-02-15 13:59:02.032254,Berlin-e724,30,12,Normal
2026-02-15 13:59:03.032254,Berlin-e724,24,100,Normal
2026-02-15 13:59:04.032254,Berlin-e724,48,6,Normal
2026-02-15 13:59:05.032254,Berlin-e724,-3,47,Normal
2026-02-15 13:59:06.032254,Berlin-e724,-11,79,Normal
2026-02-15 13:59:07.032254,Berlin-e724,44,11,Normal
2026-02-15 13:59:08.032254,Berlin-e724,4,15,Normal
2026-02-15 13:59:09.032254,Berlin-e724,-6,85,Normal
2026-02-15 13:59:10.032254,Berlin-e724,22,79,Normal
2026-02-15 13:59:11.032254,Berlin-e724,18,99,Normal
2026-02-15 13:59:12.032254,Berlin-e724,-13,70,Normal
2026-02-15 13:59:13.032254,Berlin-e724,-17,51,Normal
2026-02-15 13:59:14.032254,Berlin-e724,-21,77,Normal
2026-02-15 13:59:15.032254,Berlin-e724,39,91,Normal
2026-02-15 13:59:16.032254,Berlin-e724,-24,35,Normal
2026-02-15 13:59:17.032254,Berlin-e724,-25,56,Normal
2026-02-15 13:59:18.032254,Berlin-e724,-11,32,Normal
2026-02-15 13:59:19.032254,Berlin-e724,23,92,Normal
2026-02-15 13:59:20.032254,Berlin-e724,19,80,Normal
2026-02-15 13:59:21.032254,Berlin-e724,25,24,Normal
2026-02-15 13:59:22.032254,Berlin-e724,-19,5,Normal
2026-02-15 13:59:23.032254,Berlin-e724,17,11,Normal
2026-02-15 13:59:24.032254,Berlin-e724,2,33,Normal
2026-02-15 13:59:25.032254,Berlin-e724,4,55,Normal
2026-02-15 13:59:26.032254,Berlin-e724,49,92,Normal
2026-02-15 13:59:27.032254,Berlin-e724,-2,17,Normal
2026-02-15 13:59:28.032254,Berlin-e724,36,57,Normal
2026-02-15 13:59:29.032254,Berlin-e724,-27,12,Normal
2026-02-15 13:59:30.032254,Berlin-e724,-4,53,Normal
2026-02-15 13:59:31.032254,Berlin-e724,37,35,Normal
2026-02-15 13:59:32.032254,Berlin-e724,34,66,Normal
2026-02-15 13:59:33.032254,Berlin-e724,38,50,Normal
2026-02-15 13:59:34.032254,Berlin-e724,42,7,Normal
2026-02-15 13:59:35.032254,Berlin-e724,13,32,Normal
2026-02-15 13:59:36.032254,Berlin-e724,36,80,Normal
2026-02-15 13:59:37.032254,Berlin-e724,-30,37,Normal
2026-02-15 13:59:38.032254,Berlin-e724,-18,84,Normal
2026-02-15 13:59:39.032254,Berlin-e724,44,100,Normal
2026-02-15 13:59:40.032254,Berlin-e724,-2,69,Normal
2026-02-15 13:59:41.032254,Berlin-e724,34,3,Normal
2026-02-15 13:59:42.032254,Berlin-e724,36,18,Normal
2026-02-15 13:59:43.032254,Berlin-e724,-30,60,Normal
2026-02-15 13:59:44.032254,Berlin-e724,22,34,Normal
2026-02-15 13:59:45.032254,Berlin-e724,36,13,Normal
2026-02-15 13:59:46.032254,Berlin-e724,-27,71,Normal
2026-02-15 13:59:47.032254,Berlin-e724,-17,50,Normal
2026-02-15 13:59:48.032254,Berlin-e724,-22,13,Normal
2026-02-15 13:59:49.032254,Berlin-e724,25,42,Normal
2026-02-15 13:59:50.032254,Berlin-e724,41,72,Normal
2026-02-15 13:59:51.032254,Berlin-e724,28,24,Normal
2026-02-15 13:59:52.032254,Berlin-e724,5,71,Normal
2026-02-15 13:59:53.032254,Berlin-e724,-11,29,Normal
2026-02-15 13:59:54.032254,Berlin-e724,21,15,Normal
2026-02-15 13:59:55.032254,Berlin-e724,26,11,Normal
2026-02-15 13:59:56.032254,Berlin-e724,46,4,Normal
2026-02-15 13:59:57.032254,Berlin-e724,-29,93,Normal
2026-02-15 13:59:58.032254,Berlin-e724,36,85,Normal
2026-02-15 13:59:59.032254,Berlin-e724,50,77,Normal
2026-02-15 14:00:00.032254,Berlin-e724,47,31,Normal
2026-02-15 14:00:01.032254,Berlin-e724,-29,23,Normal
2026-02-15 14:00:02.032254,Berlin-e724,0,25,Normal
2026-02-15 14:00:03.032254,Berlin-e724,23,11,Normal
2026-02-15 14:00:04.032254,Berlin-e724,13,89,Normal
2026-02-15 14:00:05.032254,Berlin-e724,20,18,Normal
2026-02-15 14:00:06.032254,Berlin-e724,-20,59,Normal
2026-02-15 14:00:07.032254,Berlin-e724,10,73,Normal
2026-02-15 14:00:08.032254,Berlin-e724,12,91,Normal
2026-02-15 14:00:09.032254,Berlin-e724,35,52,Normal
2026-02-15 14:00:10.032254,Berlin-e724,-5,88,Normal
2026-02-15 14:00:11.032254,Berlin-e724,47,54,Normal
2026-02-15 14:00:12.032254,Berlin-e724,48,88,Normal
2026-02-15 14:00:13.032254,Berlin-e724,20,0,Normal
2026-02-15 14:00:14.032254,Berlin-e724,3,70,Normal
2026-02-15 14:00:15.032254,Berlin-e724,-26,15,Normal
2026-02-15 14:00:16.032254,Berlin-e724,-3,32,Normal
2026-02-15 14:00:17.032254,Berlin-e724,39,84,Normal
2026-02-15 14:00:18.032254,Berlin-e724,-23,50,Normal
2026-02-15 14:00:19.032254,Berlin-e724,-27,32,Normal
2026-02-15 14:00:20.032254,Berlin-e724,48,62,Normal
2026-02-15 14:00:21.032254,Berlin-e724,13,32,Normal
2026-02-15 14:00:22.032254,Berlin-e724,8,65,Normal
2026-02-15 14:00:23.032254,Berlin-e724,31,98,Normal
2026-02-15 14:00:24.032254,Berlin-e724,-4,63,Normal
2026-02-15 14:00:25.032254,Berlin-e724,11,48,Normal
2026-02-15 14:00:26.032254,Berlin-e724,30,5,Normal
2026-02-15 14:00:27.032254,Berlin-e724,7,80,Normal
2026-02-15 14:00:28.032254,Berlin-e724,38,24,Normal
2026-02-15 14:00:29.032254,Berlin-e724,12,77,Normal
2026-02-15 14:00:30.032254,Berlin-e724,42,11,Normal
2026-02-15 14:00:31.032254,Berlin-e724,-14,62,Normal
2026-02-15 14:00:32.032254,Berlin-e724,15,35,Normal
2026-02-15 14:00:33.032254,Berlin-e724,43,78,Normal
2026-02-15 14:00:34.032254,Berlin-e724,2,37,Normal
2026-02-15 14:00:35.032254,Berlin-e724,11,6,Normal
2026-02-15 14:00:36.032254,Berlin-e724,31,38,Normal
2026-02-15 14:00:37.032254,Berlin-e724,46,34,Normal
2026-02-15 14:00:38.032254,Berlin-e724,7,80,Normal
2026-02-15 14:00:39.032254,Berlin-e724,41,75,Normal
2026-02-15 14:00:40.032254,Berlin-e724,26,47,Normal
2026-02-15 14:00:41.032254,Berlin-e724,-22,18,Normal
2026-02-15 14:00:42.032254,Berlin-e724,-10,42,Normal
2026-02-15 14:00:43.032254,Berlin-e724,-27,3,Normal
2026-02-15 14:00:44.032254,Berlin-e724,11,50,Normal
2026-02-15 14:00:45.032254,Berlin-e724,28,20,Normal
2026-02-15 14:00:46.032254,Berlin-e724,38,14,Normal
2026-02-15 14:00:47.032254,Berlin-e724,-26,92,Normal
2026-02-15 14:00:48.032254,Berlin-e724,-11,40,Normal
2026-02-15 14:00:49.032254,Berlin-e724,22,9,Normal
2026-02-15 14:00:50.032254,Berlin-e724,-11,65,Normal
2026-02-15 14:00:51.032254,Berlin-e724,26,64,Normal
2026-02-15 14:00:52.032254,Berlin-e724,34,25,Normal
2026-02-15 14:00:53.032254,Berlin-e724,32,87,Normal
2026-02-15 14:00:54.032254,Berlin-e724,25,64,Normal
2026-02-15 14:00:55.032254,Berlin-e724,-30,30,Normal
2026-02-15 14:00:56.032254,Berlin-e724,29,70,Normal
2026-02-15 14:00:57.032254,Berlin-e724,8,20,Normal
2026-02-15 14:00:58.032254,Berlin-e724,47,44,Normal
2026-02-15 14:00:59.032254,Berlin-e724,-28,97,Normal
2026-02-15 14:01:00.032254,Berlin-e724,27,38,Normal
2026-02-15 14:01:01.032254,Berlin-e724,3,31,Normal
2026-02-15 14:01:02.032254,Berlin-e724,6,28,Normal
2026-02-15 14:01:03.032254,Berlin-e724,-17,46,Normal
2026-02-15 14:01:04.032254,Berlin-e724,-18,38,Normal
2026-02-15 14:01:05.032254,Berlin-e724,22,59,Normal
2026-02-15 14:01:06.032254,Berlin-e724,-28,43,Normal
2026-02-15 14:01:07.032254,Berlin-e724,-17,92,Normal
2026-02-15 14:01:08.032254,Berlin-e724,-3,8,Normal
2026-02-15 14:01:09.032254,Berlin-e724,-14,43,Normal
2026-02-15 14:01:10.032254,Berlin-e724,28,66,Normal
2026-02-15 14:01:11.032254,Berlin-e724,6,48,Normal
2026-02-15 14:01:12.032254,Berlin-e724,29,80,Normal
2026-02-15 14:01:13.032254,Berlin-e724,37,97,Normal
2026-02-15 14:01:14.032254,Berlin-e724,-3,14,Normal
2026-02-15 14:01:15.032254,Berlin-e724,9,48,Normal
2026-02-15 14:01:16.032254,Berlin-e724,19,6,Normal
2026-02-15 14:01:17.032254,Berlin-e724,34,13,Normal
2026-02-15 14:01:18.032254,Berlin-e724,43,62,Normal
2026-02-15 14:01:19.032254,Berlin-e724,32,11,Normal
2026-02-15 14:01:20.032254,Berlin-e724,36,22,Normal
2026-02-15 14:01:21.032254,Berlin-e724,-16,97,Normal
2026-02-15 14:01:22.032254,Berlin-e724,-7,91,Normal
2026-02-15 14:01:23.032254,Berlin-e724,27,73,Normal
2026-02-15 14:01:24.032254,Berlin-e724,40,28,Normal
2026-02-15 14:01:25.032254,Berlin-e724,35,88,Normal
2026-02-15 14:01:26.032254,Berlin-e724,47,56,Normal
2026-02-15 14:01:27.032254,Berlin-e724,6,71,Normal
2026-02-15 14:01:28.032254,Berlin-e724,-28,59,Normal
2026-02-15 14:01:29.032254,Berlin-e724,44,70,Normal
2026-02-15 14:01:30.032254,Berlin-e724,15,1,Normal
2026-02-15 14:01:31.032254,Berlin-e724,-14,46,Normal
2026-02-15 14:01:32.032254,Berlin-e724,47,16,Normal
2026-02-15 14:01:33.032254,Berlin-e724,1,69,Normal
2026-02-15 14:01:34.032254,Berlin-e724,-16,33,Normal
2026-02-15 14:01:35.032254,Berlin-e724,27,72,Normal
2026-02-15 14:01:36.032254,Berlin-e724,-2,98,Normal
2026-02-15 14:01:37.032254,Berlin-e724,-27,45,Normal
2026-02-15 14:01:38.032254,Berlin-e724,-4,23,Normal
2026-02-15 14:01:39.032254,Berlin-e724,39,43,Normal
2026-02-15 14:01:40.032254,Berlin-e724,-30,88,Normal
2026-02-15 14:01:41.032254,Berlin-e724,39,67,Normal
2026-02-15 14:01:42.032254,Berlin-e724,-14,37,Normal
2026-02-15 14:01:43.032254,Berlin-e724,-18,11,Normal
2026-02-15 14:01:44.032254,Berlin-e724,-23,5,Normal
2026-02-15 14:01:45.032254,Berlin-e724,-12,25,Normal
2026-02-15 14:01:46.032254,Berlin-e724,3,24,Normal
2026-02-15 14:01:47.032254,Berlin-e724,-17,94,Normal
2026-02-15 14:01:48.032254,Berlin-e724,4,17,Normal
2026-02-15 14:01:49.032254,Berlin-e724,13,96,Normal
2026-02-15 14:01:50.032254,Berlin-e724,-12,20,Normal
2026-02-15 14:01:51.032254,Berlin-e724,-25,90,Normal
2026-02-15 14:01:52.032254,Berlin-e724,42,18,Normal
2026-02-15 14:01:53.032254,Berlin-e724,-9,76,Normal
2026-02-15 14:01:54.032254,Berlin-e724,6,46,Normal
2026-02-15 14:01:55.032254,Berlin-e724,-9,60,Normal
2026-02-15 14:01:56.032254,Berlin-e724,-21,76,Normal
2026-02-15 14:01:57.032254,Berlin-e724,7,33,Normal
2026-02-15 14:01:58.032254,Berlin-e724,-2,48,Normal
2026-02-15 14:01:59.032254,Berlin-e724,13,2,Normal
2026-02-15 14:02:00.032254,Berlin-e724,39,27,Normal
2026-02-15 14:02:01.032254,Berlin-e724,44,1,Normal
2026-02-15 14:02:02.032254,Berlin-e724,0,90,Normal
2026-02-15 14:02:03.032254,Berlin-e724,-15,40,Normal
2026-02-15 14:02:04.032254,Berlin-e724,-6,14,Normal
2026-02-15 14:02:05.032254,Berlin-e724,48,23,Normal
2026-02-15 14:02:06.032254,Berlin-e724,32,26,Normal
2026-02-15 14:02:07.032254,Berlin-e724,18,21,Normal
2026-02-15 14:02:08.032254,Berlin-e724,-11,48,Normal
2026-02-15 14:02:09.032254,Berlin-e724,-4,53,Normal
2026-02-15 14:02:10.032254,Berlin-e724,-3,76,Normal
2026-02-15 14:02:11.032254,Berlin-e724,48,47,Normal
2026-02-15 14:02:12.032254,Berlin-e724,-24,29,Normal
2026-02-15 14:02:13.032254,Berlin-e724,-12,73,Normal
2026-02-15 14:02:14.032254,Berlin-e724,29,93,Normal
2026-02-15 14:02:15.032254,Berlin-e724,-7,68,Normal
2026-02-15 14:02:16.032254,Berlin-e724,46,71,Normal
2026-02-15 14:02:17.032254,Berlin-e724,-11,6,Normal
2026-02-15 14:02:18.032254,Berlin-e724,-26,69,Normal
2026-02-15 14:02:19.032254,Berlin-e724,-23,37,Normal
2026-02-15 14:02:20.032254,Berlin-e724,-23,88,Normal
2026-02-15 14:02:21.032254,Berlin-e724,-16,24,Normal
2026-02-15 14:02:22.032254,Berlin-e724,38,12,Normal
2026-02-15 14:02:23.032254,Berlin-e724,38,6,Normal
2026-02-15 14:02:24.032254,Berlin-e724,-20,97,Normal
2026-02-15 14:02:25.032254,Berlin-e724,-9,59,Normal
2026-02-15 14:02:26.032254,Berlin-e724,4,97,Normal
2026-02-15 14:02:27.032254,Berlin-e724,49,8,Normal
2026-02-15 14:02:28.032254,Berlin-e724,26,80,Normal
2026-02-15 14:02:29.032254,Berlin-e724,-16,89,Normal
2026-02-15 14:02:30.032254,Berlin-e724,3,60,Normal
2026-02-15 14:02:31.032254,Berlin-e724,-24,94,Normal
2026-02-15 14:02:32.032254,Berlin-e724,-19,99,Normal
2026-02-15 14:02:33.032254,Berlin-e724,-5,92,Normal
2026-02-15 14:02:34.032254,Berlin-e724,41,84,Normal
2026-02-15 14:02:35.032254,Berlin-e724,-22,96,Normal
2026-02-15 14:02:36.032254,Berlin-e724,47,50,Normal
2026-02-15 14:02:37.032254,Berlin-e724,45,4,Normal
2026-02-15 14:02:38.032254,Berlin-e724,15,43,Normal
2026-02-15 14:02:39.032254,Berlin-e724,40,49,Normal
2026-02-15 14:02:40.032254,Berlin-e724,-12,88,Normal
2026-02-15 14:02:41.032254,Berlin-e724,-9,82,Normal
2026-02-15 14:02:42.032254,Berlin-e724,22,31,Normal
2026-02-15 14:02:43.032254,Berlin-e724,-27,26,Normal
2026-02-15 14:02:44.032254,Berlin-e724,9,94,Normal
2026-02-15 14:02:45.032254,Berlin-e724,43,39,Normal
2026-02-15 14:02:46.032254,Berlin-e724,8,80,Normal
2026-02-15 14:02:47.032254,Berlin-e724,-1,44,Normal
2026-02-15 14:02:48.032254,Berlin-e724,25,97,Normal
2026-02-15 14:02:49.032254,Berlin-e724,48,35,Normal
2026-02-15 14:02:50.032254,Berlin-e724,28,30,Normal
2026-02-15 14:02:51.032254,Berlin-e724,45,58,Normal
2026-02-15 14:02:52.032254,Berlin-e724,17,75,Normal
2026-02-15 14:02:53.032254,Berlin-e724,35,3,Normal
2026-02-15 14:02:54.032254,Berlin-e724,46,8,Normal
2026-02-15 14:02:55.032254,Berlin-e724,-2,63,Normal
2026-02-15 14:02:56.032254,Berlin-e724,7,96,Normal
2026-02-15 14:02:57.032254,Berlin-e724,29,95,Normal
2026-02-15 14:02:58.032254,Berlin-e724,19,70,Normal
2026-02-15 14:02:59.032254,Berlin-e724,36,60,Normal
2026-02-15 14:03:00.032254,Berlin-e724,42,20,Normal
2026-02-15 14:03:01.032254,Berlin-e724,7,72,Normal
2026-02-15 14:03:02.032254,Berlin-e724,-5,91,Normal
2026-02-15 14:03:03.032254,Berlin-e724,-16,15,Normal
2026-02-15 14:03:04.032254,Berlin-e724,22,13,Normal
2026-02-15 14:03:05.032254,Berlin-e724,18,11,Normal
2026-02-15 14:03:06.032254,Berlin-e724,42,84,Normal
2026-02-15 14:03:07.032254,Berlin-e724,22,35,Normal
2026-02-15 14:03:08.032254,Berlin-e724,44,94,Normal
2026-02-15 14:03:09.032254,Berlin-e724,7,77,Normal
2026-02-15 14:03:10.032254,Berlin-e724,8,8,Normal
2026-02-15 14:03:11.032254,Berlin-e724,16,100,Normal
2026-02-15 14:03:12.032254,Berlin-e724,40,17,Normal
2026-02-15 14:03:13.032254,Berlin-e724,36,10,Normal
2026-02-15 14:03:14.032254,Berlin-e724,41,33,Normal
2026-02-15 14:03:15.032254,Berlin-e724,32,71,Normal
2026-02-15 14:03:16.032254,Berlin-e724,-22,99,Normal
2026-02-15 14:03:17.032254,Berlin-e724,13,8,Normal
2026-02-15 14:03:18.032254,Berlin-e724,15,33,Normal
2026-02-15 14:03:19.032254,Berlin-e724,21,51,Normal
2026-02-15 14:03:20.032254,Berlin-e724,26,99,Normal
2026-02-15 14:03:21.032254,Berlin-e724,30,44,Normal
2026-02-15 14:03:22.032254,Berlin-e724,7,72,Normal
2026-02-15 14:03:23.032254,Berlin-e724,15,22,Normal
2026-02-15 14:03:24.032254,Berlin-e724,-17,97,Normal
2026-02-15 14:03:25.032254,Berlin-e724,-17,4,Normal
2026-02-15 14:03:26.032254,Berlin-e724,0,15,Normal
2026-02-15 14:03:27.032254,Berlin-e724,-14,14,Normal
2026-02-15 14:03:28.032254,Berlin-e724,13,2,Normal
2026-02-15 14:03:29.032254,Berlin-e724,18,81,Normal
2026-02-15 14:03:30.032254,Berlin-e724,-1,2,Normal
2026-02-15 14:03:31.032254,Berlin-e724,-19,88,Normal
2026-02-15 14:03:32.032254,Berlin-e724,37,4,Normal
2026-02-15 14:03:33.032254,Berlin-e724,6,42,Normal
2026-02-15 14:03:34.032254,Berlin-e724,9,66,Normal
2026-02-15 14:03:35.032254,Berlin-e724,6,46,Normal
2026-02-15 14:03:36.032254,Berlin-e724,44,54,Normal
2026-02-15 14:03:37.032254,Berlin-e724,-2,76,Normal
2026-02-15 14:03:38.032254,Berlin-e724,-22,22,Normal
2026-02-15 14:03:39.032254,Berlin-e724,-12,66,Normal
2026-02-15 14:03:40.032254,Berlin-e724,45,37,Normal
2026-02-15 14:03:41.032254,Berlin-e724,21,43,Normal
2026-02-15 14:03:42.032254,Berlin-e724,-2,16,Normal
2026-02-15 14:03:43.032254,Berlin-e724,20,26,Normal
2026-02-15 14:03:44.032254,Berlin-e724,29,43,Normal
2026-02-15 14:03:45.032254,Berlin-e724,-23,29,Normal
2026-02-15 14:03:46.032254,Berlin-e724,0,92,Normal
2026-02-15 14:03:47.032254,Berlin-e724,37,17,Normal
2026-02-15 14:03:48.032254,Berlin-e724,44,97,Normal
2026-02-15 14:03:49.032254,Berlin-e724,12,72,Normal
2026-02-15 14:03:50.032254,Berlin-e724,-19,11,Normal
2026-02-15 14:03:51.032254,Berlin-e724,-10,92,Normal
2026-02-15 14:03:52.032254,Berlin-e724,39,52,Normal
2026-02-15 14:03:53.032254,Berlin-e724,16,65,Normal
2026-02-15 14:03:54.032254,Berlin-e724,-26,47,Normal
2026-02-15 14:03:55.032254,Berlin-e724,-15,90,Normal
2026-02-15 14:03:56.032254,Berlin-e724,-5,60,Normal
2026-02-15 14:03:57.032254,Berlin-e724,45,49,Normal
2026-02-15 14:03:58.032254,Berlin-e724,-9,25,Normal
2026-02-15 14:03:59.032254,Berlin-e724,38,74,Normal
2026-02-15 14:04:00.032254,Berlin-e724,-9,3,Normal
2026-02-15 14:04:01.032254,Berlin-e724,36,98,Normal
2026-02-15 14:04:02.032254,Berlin-e724,50,73,Normal
2026-02-15 14:04:03.032254,Berlin-e724,32,13,Normal
2026-02-15 14:04:04.032254,Berlin-e724,41,49,Normal
2026-02-15 14:04:05.032254,Berlin-e724,-24,5,Normal
2026-02-15 14:04:06.032254,Berlin-e724,-21,81,Normal
2026-02-15 14:04:07.032254,Berlin-e724,1,31,Normal
2026-02-15 14:04:08.032254,Berlin-e724,11,18,Normal
2026-02-15 14:04:09.032254,Berlin-e724,21,75,Normal
2026-02-15 14:04:10.032254,Berlin-e724,-30,82,Normal
2026-02-15 14:04:11.032254,Berlin-e724,5,82,Normal
2026-02-15 14:04:12.032254,Berlin-e724,-4,3,Normal
2026-02-15 14:04:13.032254,Berlin-e724,-29,65,Normal
2026-02-15 14:04:14.032254,Berlin-e724,-24,81,Normal
2026-02-15 14:04:15.032254,Berlin-e724,29,9,Normal
2026-02-15 14:04:16.032254,Berlin-e724,50,14,Normal
2026-02-15 14:04:17.032254,Berlin-e724,-8,11,Normal
2026-02-15 14:04:18.032254,Berlin-e724,-27,50,Normal
2026-02-15 14:04:19.032254,Berlin-e724,27,48,Normal
2026-02-15 14:04:20.032254,Berlin-e724,-18,20,Normal
2026-02-15 14:04:21.032254,Berlin-e724,-29,61,Normal
2026-02-15 14:04:22.032254,Berlin-e724,39,20,Normal
2026-02-15 14:04:23.032254,Berlin-e724,35,98,Normal
2026-02-15 14:04:24.032254,Berlin-e724,26,14,Normal
2026-02-15 14:04:25.032254,Berlin-e724,-8,16,Normal
2026-02-15 14:04:26.032254,Berlin-e724,-16,82,Normal
2026-02-15 14:04:27.032254,Berlin-e724,10,81,Normal
2026-02-15 14:04:28.032254,Berlin-e724,-14,3,Normal
2026-02-15 14:04:29.032254,Berlin-e724,15,45,Normal
2026-02-15 14:04:30.032254,Berlin-e724,-13,4,Normal
2026-02-15 14:04:31.032254,Berlin-e724,-3,94,Normal
2026-02-15 14:04:32.032254,Berlin-e724,18,27,Normal
2026-02-15 14:04:33.032254,Berlin-e724,19,51,Normal
2026-02-15 14:04:34.032254,Berlin-e724,36,55,Normal
2026-02-15 14:04:35.032254,Berlin-e724,-30,93,Normal
2026-02-15 14:04:36.032254,Berlin-e724,7,67,Normal
2026-02-15 14:04:37.032254,Berlin-e724,-20,48,Normal
2026-02-15 14:04:38.032254,Berlin-e724,31,86,Normal
2026-02-15 14:04:39.032254,Berlin-e724,0,23,Normal
2026-02-15 14:04:40.032254,Berlin-e724,37,11,Normal
2026-02-15 14:04:41.032254,Berlin-e724,34,25,Normal
2026-02-15 14:04:42.032254,Berlin-e724,-27,74,Normal
2026-02-15 14:04:43.032254,Berlin-e724,49,1,Normal
2026-02-15 14:04:44.032254,Berlin-e724,17,70,Normal
2026-02-15 14:04:45.032254,Berlin-e724,2,66,Normal
2026-02-15 14:04:46.032254,Berlin-e724,-18,36,Normal
2026-02-15 14:04:47.032254,Berlin-e724,34,22,Normal
2026-02-15 14:04:48.032254,Berlin-e724,-23,10,Normal
2026-02-15 14:04:49.032254,Berlin-e724,17,59,Normal
2026-02-15 14:04:50.032254,Berlin-e724,5,75,Normal
2026-02-15 14:04:51.032254,Berlin-e724,-5,42,Normal
2026-02-15 14:04:52.032254,Berlin-e724,35,33,Normal
2026-02-15 14:04:53.032254,Berlin-e724,24,18,Normal
2026-02-15 14:04:54.032254,Berlin-e724,-26,86,Normal
2026-02-15 14:04:55.032254,Berlin-e724,49,90,Normal
2026-02-15 14:04:56.032254,Berlin-e724,42,0,Normal
2026-02-15 14:04:57.032254,Berlin-e724,-27,64,Normal
2026-02-15 14:04:58.032254,Berlin-e724,37,76,Normal
2026-02-15 14:04:59.032254,Berlin-e724,-25,10,Normal
2026-02-15 14:05:00.032254,Berlin-e724,1,38,Normal
2026-02-15 14:05:01.032254,Berlin-e724,49,95,Normal
2026-02-15 14:05:02.032254,Berlin-e724,-11,97,Normal
2026-02-15 14:05:03.032254,Berlin-e724,42,90,Normal
2026-02-15 14:05:04.032254,Berlin-e724,25,87,Normal
2026-02-15 14:05:05.032254,Berlin-e724,41,83,Normal
2026-02-15 14:05:06.032254,Berlin-e724,1,15,Normal
2026-02-15 14:05:07.032254,Berlin-e724,-13,93,Normal
2026-02-15 14:05:08.032254,Berlin-e724,-13,91,Normal
2026-02-15 14:05:09.032254,Berlin-e724,48,23,Normal
2026-02-15 14:05:10.032254,Berlin-e724,-20,22,Normal
2026-02-15 14:05:11.032254,Berlin-e724,43,48,Normal
2026-02-15 14:05:12.032254,Berlin-e724,-6,17,Normal
2026-02-15 14:05:13.032254,Berlin-e724,10,57,Normal
2026-02-15 14:05:14.032254,Berlin-e724,-1,12,Normal
2026-02-15 14:05:15.032254,Berlin-e724,47,62,Normal
2026-02-15 14:05:16.032254,Berlin-e724,-26,64,Normal
2026-02-15 14:05:17.032254,Berlin-e724,29,29,Normal
2026-02-15 14:05:18.032254,Berlin-e724,48,8,Normal
2026-02-15 14:05:19.032254,Berlin-e724,30,86,Normal
2026-02-15 14:05:20.032254,Berlin-e724,50,28,Normal
2026-02-15 14:05:21.032254,Berlin-e724,-30,25,Normal
2026-02-15 14:05:22.032254,Berlin-e724,25,14,Normal
2026-02-15 14:05:23.032254,Berlin-e724,38,98,Normal
2026-02-15 14:05:24.032254,Berlin-e724,-24,28,Normal
2026-02-15 14:05:25.032254,Berlin-e724,34,55,Normal
2026-02-15 14:05:26.032254,Berlin-e724,27,10,Normal
2026-02-15 14:05:27.032254,Berlin-e724,36,76,Normal
2026-02-15 14:05:28.032254,Berlin-e724,40,71,Normal
2026-02-15 14:05:29.032254,Berlin-e724,31,55,Normal
2026-02-15 14:05:30.032254,Berlin-e724,13,2,Normal
2026-02-15 14:05:31.032254,Berlin-e724,19,90,Normal
2026-02-15 14:05:32.032254,Berlin-e724,-21,49,Normal
2026-02-15 14:05:33.032254,Berlin-e724,-1,84,Normal
2026-02-15 14:05:34.032254,Berlin-e724,11,28,Normal
2026-02-15 14:05:35.032254,Berlin-e724,26,71,Normal
2026-02-15 14:05:36.032254,Berlin-e724,19,88,Normal
2026-02-15 14:05:37.032254,Berlin-e724,36,77,Normal
2026-02-15 14:05:38.032254,Berlin-e724,42,92,Normal
2026-02-15 14:05:39.032254,Berlin-e724,-3,100,Normal
2026-02-15 14:05:40.032254,Berlin-e724,-14,38,Normal
2026-02-15 14:05:41.032254,Berlin-e724,13,79,Normal
2026-02-15 14:05:42.032254,Berlin-e724,48,25,Normal
2026-02-15 14:05:43.032254,Berlin-e724,-10,3,Normal
2026-02-15 14:05:44.032254,Berlin-e724,29,80,Normal
2026-02-15 14:05:45.032254,Berlin-e724,-19,28,Normal
2026-02-15 14:05:46.032254,Berlin-e724,0,8,Normal
2026-02-15 14:05:47.032254,Berlin-e724,-13,42,Normal
2026-02-15 14:05:48.032254,Berlin-e724,-8,83,Normal
2026-02-15 14:05:49.032254,Berlin-e724,49,98,Normal
2026-02-15 14:05:50.032254,Berlin-e724,-2,93,Normal
2026-02-15 14:05:51.032254,Berlin-e724,-15,29,Normal
2026-02-15 14:05:52.032254,Berlin-e724,-19,46,Normal
2026-02-15 14:05:53.032254,Berlin-e724,31,72,Normal
2026-02-15 14:05:54.032254,Berlin-e724,-9,74,Normal
2026-02-15 14:05:55.032254,Berlin-e724,-4,86,Normal
2026-02-15 14:05:56.032254,Berlin-e724,46,33,Normal
2026-02-15 14:05:57.032254,Berlin-e724,-28,69,Normal
2026-02-15 14:05:58.032254,Berlin-e724,-16,80,Normal
2026-02-15 14:05:59.032254,Berlin-e724,-2,68,Normal
2026-02-15 14:06:00.032254,Berlin-e724,34,83,Normal
2026-02-15 14:06:01.032254,Berlin-e724,-28,15,Normal
2026-02-15 14:06:02.032254,Berlin-e724,-6,16,Normal
2026-02-15 14:06:03.032254,Berlin-e724,24,53,Normal
2026-02-15 14:06:04.032254,Berlin-e724,45,55,Normal
2026-02-15 14:06:05.032254,Berlin-e724,-10,58,Normal
2026-02-15 14:06:06.032254,Berlin-e724,-13,12,Normal
2026-02-15 14:06:07.032254,Berlin-e724,-22,90,Normal
2026-02-15 14:06:08.032254,Berlin-e724,-3,18,Normal
2026-02-15 14:06:09.032254,Berlin-e724,-13,61,Normal
2026-02-15 14:06:10.032254,Berlin-e724,0,30,Normal
2026-02-15 14:06:11.032254,Berlin-e724,14,8,Normal
2026-02-15 14:06:12.032254,Berlin-e724,19,16,Normal
2026-02-15 14:06:13.032254,Berlin-e724,6,38,Normal
2026-02-15 14:06:14.032254,Berlin-e724,34,13,Normal
2026-02-15 14:06:15.032254,Berlin-e724,-18,77,Normal
2026-02-15 14:06:16.032254,Berlin-e724,33,30,Normal
2026-02-15 14:06:17.032254,Berlin-e724,8,89,Normal
2026-02-15 14:06:18.032254,Berlin-e724,-21,34,Normal
2026-02-15 14:06:19.032254,Berlin-e724,5,96,Normal
2026-02-15 14:06:20.032254,Berlin-e724,41,67,Normal
2026-02-15 14:06:21.032254,Berlin-e724,13,33,Normal
2026-02-15 14:06:22.032254,Berlin-e724,-29,44,Normal
2026-02-15 14:06:23.032254,Berlin-e724,-9,68,Normal
2026-02-15 14:06:24.032254,Berlin-e724,-11,72,Normal
2026-02-15 14:06:25.032254,Berlin-e724,-26,43,Normal
2026-02-15 14:06:26.032254,Berlin-e724,13,14,Normal
2026-02-15 14:06:27.032254,Berlin-e724,46,47,Normal
2026-02-15 14:06:28.032254,Berlin-e724,12,61,Normal
2026-02-15 14:06:29.032254,Berlin-e724,46,72,Normal
2026-02-15 14:06:30.032254,Berlin-e724,43,54,Normal
2026-02-15 14:06:31.032254,Berlin-e724,-26,25,Normal
2026-02-15 14:06:32.032254,Berlin-e724,4,19,Normal
2026-02-15 14:06:33.032254,Berlin-e724,-16,83,Normal
2026-02-15 14:06:34.032254,Berlin-e724,4,12,Normal
2026-02-15 14:06:35.032254,Berlin-e724,17,76,Normal
2026-02-15 14:06:36.032254,Berlin-e724,-9,84,Normal
2026-02-15 14:06:37.032254,Berlin-e724,12,10,Normal
2026-02-15 14:06:38.032254,Berlin-e724,-15,41,Normal
2026-02-15 14:06:39.032254,Berlin-e724,-20,83,Normal
2026-02-15 14:06:40.032254,Berlin-e724,25,57,Normal
2026-02-15 14:06:41.032254,Berlin-e724,6,5,Normal
2026-02-15 14:06:42.032254,Berlin-e724,-15,13,Normal
2026-02-15 14:06:43.032254,Berlin-e724,-16,57,Normal
2026-02-15 14:06:44.032254,Berlin-e724,42,74,Normal
2026-02-15 14:06:45.032254,Berlin-e724,-11,29,Normal
2026-02-15 14:06:46.032254,Berlin-e724,-28,2,Normal
2026-02-15 14:06:47.032254,Berlin-e724,-7,61,Normal
2026-02-15 14:06:48.032254,Berlin-e724,11,42,Normal
2026-02-15 14:06:49.032254,Berlin-e724,-26,26,Normal
2026-02-15 14:06:50.032254,Berlin-e724,31,59,Normal
2026-02-15 14:06:51.032254,Berlin-e724,17,98,Normal
2026-02-15 14:06:52.032254,Berlin-e724,-14,86,Normal
2026-02-15 14:06:53.032254,Berlin-e724,42,95,Normal
2026-02-15 14:06:54.032254,Berlin-e724,11,47,Normal
2026-02-15 14:06:55.032254,Berlin-e724,19,26,Normal
2026-02-15 14:06:56.032254,Berlin-e724,7,12,Normal
2026-02-15 14:06:57.032254,Berlin-e724,35,52,Normal
2026-02-15 14:06:58.032254,Berlin-e724,14,95,Normal
2026-02-15 14:06:59.032254,Berlin-e724,19,0,Normal
2026-02-15 14:07:00.032254,Berlin-e724,0,56,Normal
2026-02-15 14:07:01.032254,Berlin-e724,20,34,Normal
2026-02-15 14:07:02.032254,Berlin-e724,-11,96,Normal
2026-02-15 14:07:03.032254,Berlin-e724,14,13,Normal
2026-02-15 14:07:04.032254,Berlin-e724,20,83,Normal
2026-02-15 14:07:05.032254,Berlin-e724,5,73,Normal
2026-02-15 14:07:06.032254,Berlin-e724,-21,76,Normal
2026-02-15 14:07:07.032254,Berlin-e724,-9,11,Normal
2026-02-15 14:07:08.032254,Berlin-e724,24,21,Normal
2026-02-15 14:07:09.032254,Berlin-e724,-19,18,Normal
2026-02-15 14:07:10.032254,Berlin-e724,26,28,Normal
2026-02-15 14:07:11.032254,Berlin-e724,-17,38,Normal
2026-02-15 14:07:12.032254,Berlin-e724,1,88,Normal
2026-02-15 14:07:13.032254,Berlin-e724,41,15,Normal
2026-02-15 14:07:14.032254,Berlin-e724,48,57,Normal
2026-02-15 14:07:15.032254,Berlin-e724,44,35,Normal
2026-02-15 14:07:16.032254,Berlin-e724,15,62,Normal
2026-02-15 14:07:17.032254,Berlin-e724,47,98,Normal
2026-02-15 14:07:18.032254,Berlin-e724,-25,19,Normal
2026-02-15 14:07:19.032254,Berlin-e724,-2,93,Normal
2026-02-15 14:07:20.032254,Berlin-e724,8,72,Normal
2026-02-15 14:07:21.032254,Berlin-e724,4,50,Normal
2026-02-15 14:07:22.032254,Berlin-e724,44,21,Normal
2026-02-15 14:07:23.032254,Berlin-e724,-28,40,Normal
2026-02-15 14:07:24.032254,Berlin-e724,24,21,Normal
2026-02-15 14:07:25.032254,Berlin-e724,-19,63,Normal
2026-02-15 14:07:26.032254,Berlin-e724,-19,15,Normal
2026-02-15 14:07:27.032254,Berlin-e724,38,68,Normal
2026-02-15 14:07:28.032254,Berlin-e724,-15,26,Normal
2026-02-15 14:07:29.032254,Berlin-e724,39,96,Normal
2026-02-15 14:07:30.032254,Berlin-e724,-14,61,Normal
2026-02-15 14:07:31.032254,Berlin-e724,-15,74,Normal
2026-02-15 14:07:32.032254,Berlin-e724,-16,35,Normal
2026-02-15 14:07:33.032254,Berlin-e724,18,32,Normal
2026-02-15 14:07:34.032254,Berlin-e724,25,19,Normal
2026-02-15 14:07:35.032254,Berlin-e724,34,18,Normal
2026-02-15 14:07:36.032254,Berlin-e724,-23,80,Normal
2026-02-15 14:07:37.032254,Berlin-e724,5,5,Normal
2026-02-15 14:07:38.032254,Berlin-e724,-23,80,Normal
2026-02-15 14:07:39.032254,Berlin-e724,17,85,Normal
2026-02-15 14:07:40.032254,Berlin-e724,-16,86,Normal
2026-02-15 14:07:41.032254,Berlin-e724,43,70,Normal
2026-02-15 14:07:42.032254,Berlin-e724,40,45,Normal
2026-02-15 14:07:43.032254,Berlin-e724,15,56,Normal
2026-02-15 14:07:44.032254,Berlin-e724,-21,90,Normal
2026-02-15 14:07:45.032254,Berlin-e724,-18,92,Normal
2026-02-15 14:07:46.032254,Berlin-e724,48,73,Normal
2026-02-15 14:07:47.032254,Berlin-e724,45,68,Normal
2026-02-15 14:07:48.032254,Berlin-e724,-19,7,Normal
2026-02-15 14:07:49.032254,Berlin-e724,-28,8,Normal
2026-02-15 14:07:50.032254,Berlin-e724,30,24,Normal
2026-02-15 14:07:51.032254,Berlin-e724,35,96,Normal
2026-02-15 14:07:52.032254,Berlin-e724,-29,41,Normal
2026-02-15 14:07:53.032254,Berlin-e724,12,31,Normal
2026-02-15 14:07:54.032254,Berlin-e724,-13,60,Normal
2026-02-15 14:07:55.032254,Berlin-e724,11,2,Normal
2026-02-15 14:07:56.032254,Berlin-e724,29,10,Normal
2026-02-15 14:07:57.032254,Berlin-e724,19,11,Normal
2026-02-15 14:07:58.032254,Berlin-e724,-2,43,Normal
2026-02-15 14:07:59.032254,Berlin-e724,5,98,Normal
2026-02-15 14:08:00.032254,Berlin-e724,32,52,Normal
2026-02-15 14:08:01.032254,Berlin-e724,4,84,Normal
2026-02-15 14:08:02.032254,Berlin-e724,46,81,Normal
2026-02-15 14:08:03.032254,Berlin-e724,17,18,Normal
2026-02-15 14:08:04.032254,Berlin-e724,12,33,Normal
2026-02-15 14:08:05.032254,Berlin-e724,21,38,Normal
2026-02-15 14:08:06.032254,Berlin-e724,48,46,Normal
2026-02-15 14:08:07.032254,Berlin-e724,12,24,Normal
2026-02-15 14:08:08.032254,Berlin-e724,9,91,Normal
2026-02-15 14:08:09.032254,Berlin-e724,37,29,Normal
2026-02-15 14:08:10.032254,Berlin-e724,31,78,Normal
2026-02-15 14:08:11.032254,Berlin-e724,40,11,Normal
2026-02-15 14:08:12.032254,Berlin-e724,-28,67,Normal
2026-02-15 14:08:13.032254,Berlin-e724,-2,19,Normal
2026-02-15 14:08:14.032254,Berlin-e724,-22,62,Normal
2026-02-15 14:08:15.032254,Berlin-e724,41,11,Normal
2026-02-15 14:08:16.032254,Berlin-e724,49,11,Normal
2026-02-15 14:08:17.032254,Berlin-e724,38,52,Normal
2026-02-15 14:08:18.032254,Berlin-e724,25,65,Normal
2026-02-15 14:08:19.032254,Berlin-e724,-21,25,Normal
2026-02-15 14:08:20.032254,Berlin-e724,-23,79,Normal
2026-02-15 14:08:21.032254,Berlin-e724,-8,71,Normal
2026-02-15 14:08:22.032254,Berlin-e724,22,37,Normal
2026-02-15 14:08:23.032254,Berlin-e724,50,9,Normal
2026-02-15 14:08:24.032254,Berlin-e724,3,81,Normal
2026-02-15 14:08:25.032254,Berlin-e724,45,75,Normal
2026-02-15 14:08:26.032254,Berlin-e724,19,81,Normal
2026-02-15 14:08:27.032254,Berlin-e724,25,36,Normal
2026-02-15 14:08:28.032254,Berlin-e724,7,54,Normal
2026-02-15 14:08:29.032254,Berlin-e724,10,33,Normal
2026-02-15 14:08:30.032254,Berlin-e724,50,100,Normal
2026-02-15 14:08:31.032254,Berlin-e724,-15,57,Normal
2026-02-15 14:08:32.032254,Berlin-e724,31,31,Normal
2026-02-15 14:08:33.032254,Berlin-e724,47,13,Normal
2026-02-15 14:08:34.032254,Berlin-e724,-19,15,Normal
