timestamp,station_id,temp,humid,condition
2026-02-12 10:07:39.966686,Toronto-1205,47,19,Normal
2026-02-12 10:07:40.966686,Toronto-1205,5,54,Normal
2026-02-12 10:07:41.966686,Toronto-1205,15,51,Normal
2026-02-12 10:07:42.966686,Toronto-1205,45,88,Normal
2026-02-12 10:07:43.966686,Toronto-1205,35,25,Normal
2026-02-12 10:07:44.966686,Toronto-1205,10,81,Normal
2026-02-12 10:07:45.966686,Toronto-1205,28,53,Normal
2026-02-12 10:07:46.966686,Toronto-1205,-8,31,Normal
2026-02-12 10:07:47.966686,Toronto-1205,26,71,Normal
2026-02-12 10:07:48.966686,Toronto-1205,8,72,Normal
2026-02-12 10:07:49.966686,Toronto-1205,-26,14,Normal
2026-02-12 10:07:50.966686,Toronto-1205,20,17,Normal
2026-02-12 10:07:51.966686,Toronto-1205,-6,55,Normal
2026-02-12 10:07:52.966686,Toronto-1205,-29,36,Normal
2026-02-12 10:07:53.966686,Toronto-1205,-4,1,Normal
2026-02-12 10:07:54.966686,Toronto-1205,7,51,Normal
2026-02-12 10:07:55.966686,Toronto-1205,48,71,Normal
2026-02-12 10:07:56.966686,Toronto-1205,9,11,Normal
2026-02-12 10:07:57.966686,Toronto-1205,0,89,Normal
2026-02-12 10:07:58.966686,Toronto-1205,20,98,Normal
2026-02-12 10:07:59.966686,Toronto-1205,42,42,Normal
2026-02-12 10:08:00.966686,Toronto-1205,5,91,Normal
2026-02-12 10:08:01.966686,Toronto-1205,40,18,Normal
2026-02-12 10:08:02.966686,Toronto-1205,48,25,Normal
2026-02-12 10:08:03.966686,Toronto-1205,3,56,Normal
2026-02-12 10:08:04.966686,Toronto-1205,-27,62,Normal
2026-02-12 10:08:05.966686,Toronto-1205,-10,34,Normal
2026-02-12 10:08:06.966686,Toronto-1205,-6,59,Normal
2026-02-12 10:08:07.966686,Toronto-1205,38,85,Normal
2026-02-12 10:08:08.966686,Toronto-1205,32,19,Normal
2026-02-12 10:08:09.966686,Toronto-1205,0,2,Normal
2026-02-12 10:08:10.966686,Toronto-1205,17,52,Normal
2026-02-12 10:08:11.966686,Toronto-1205,33,86,Normal
2026-02-12 10:08:12.966686,Toronto-1205,11,11,Normal
2026-02-12 10:08:13.966686,Toronto-1205,-12,10,Normal
2026-02-12 10:08:14.966686,Toronto-1205,-25,50,Normal
2026-02-12 10:08:15.966686,Toronto-1205,-24,87,Normal
2026-02-12 10:08:16.966686,Toronto-1205,-29,20,Normal
2026-02-12 10:08:17.966686,Toronto-1205,13,77,Normal
2026-02-12 10:08:18.966686,Toronto-1205,-4,53,Normal
2026-02-12 10:08:19.966686,Toronto-1205,-22,93,Normal
2026-02-12 10:08:20.966686,Toronto-1205,34,20,Normal
2026-02-12 10:08:21.966686,Toronto-1205,18,51,Normal
2026-02-12 10:08:22.966686,Toronto-1205,-24,53,Normal
2026-02-12 10:08:23.966686,Toronto-1205,47,90,Normal
2026-02-12 10:08:24.966686,Toronto-1205,27,72,Normal
2026-02-12 10:08:25.966686,Toronto-1205,50,88,Normal
2026-02-12 10:08:26.966686,Toronto-1205,32,39,Normal
2026-02-12 10:08:27.966686,Toronto-1205,-27,27,Normal
2026-02-12 10:08:28.966686,Toronto-1205,-2,85,Normal
2026-02-12 10:08:29.966686,Toronto-1205,44,92,Normal
2026-02-12 10:08:30.966686,Toronto-1205,3,10,Normal
2026-02-12 10:08:31.966686,Toronto-1205,33,58,Normal
2026-02-12 10:08:32.966686,Toronto-1205,-10,57,Normal
2026-02-12 10:08:33.966686,Toronto-1205,25,35,Normal
2026-02-12 10:08:34.966686,Toronto-1205,-12,86,Normal
2026-02-12 10:08:35.966686,Toronto-1205,15,41,Normal
2026-02-12 10:08:36.966686,Toronto-1205,31,58,Normal
2026-02-12 10:08:37.966686,Toronto-1205,44,0,Normal
2026-02-12 10:08:38.966686,Toronto-1205,-17,44,Normal
2026-02-12 10:08:39.966686,Toronto-1205,24,86,Normal
2026-02-12 10:08:40.966686,Toronto-1205,50,46,Normal
2026-02-12 10:08:41.966686,Toronto-1205,26,32,Normal
2026-02-12 10:08:42.966686,Toronto-1205,-23,69,Normal
2026-02-12 10:08:43.966686,Toronto-1205,-6,21,Normal
2026-02-12 10:08:44.966686,Toronto-1205,29,39,Normal
2026-02-12 10:08:45.966686,Toronto-1205,-23,41,Normal
2026-02-12 10:08:46.966686,Toronto-1205,45,40,Normal
2026-02-12 10:08:47.966686,Toronto-1205,41,84,Normal
2026-02-12 10:08:48.966686,Toronto-1205,6,8,Normal
2026-02-12 10:08:49.966686,Toronto-1205,41,10,Normal
2026-02-12 10:08:50.966686,Toronto-1205,46,41,Normal
2026-02-12 10:08:51.966686,Toronto-1205,34,5,Normal
2026-02-12 10:08:52.966686,Toronto-1205,-11,14,Normal
2026-02-12 10:08:53.966686,Toronto-1205,20,37,Normal
2026-02-12 10:08:54.966686,Toronto-1205,-6,6,Normal
2026-02-12 10:08:55.966686,Toronto-1205,12,30,Normal
2026-02-12 10:08:56.966686,Toronto-1205,-27,47,Normal
2026-02-12 10:08:57.966686,Toronto-1205,-13,70,Normal
2026-02-12 10:08:58.966686,Toronto-1205,-30,22,Normal
2026-02-12 10:08:59.966686,Toronto-1205,22,29,Normal
2026-02-12 10:09:00.966686,Toronto-1205,26,80,Normal
2026-02-12 10:09:01.966686,Toronto-1205,34,87,Normal
2026-02-12 10:09:02.966686,Toronto-1205,27,4,Normal
2026-02-12 10:09:03.966686,Toronto-1205,-2,75,Normal
2026-02-12 10:09:04.966686,Toronto-1205,-8,65,Normal
2026-02-12 10:09:05.966686,Toronto-1205,13,15,Normal
2026-02-12 10:09:06.966686,Toronto-1205,-22,42,Normal
2026-02-12 10:09:07.966686,Toronto-1205,31,2,Normal
2026-02-12 10:09:08.966686,Toronto-1205,-16,74,Normal
2026-02-12 10:09:09.966686,Toronto-1205,-1,50,Normal
2026-02-12 10:09:10.966686,Toronto-1205,26,86,Normal
2026-02-12 10:09:11.966686,Toronto-1205,-30,58,Normal
2026-02-12 10:09:12.966686,Toronto-1205,-21,29,Normal
2026-02-12 10:09:13.966686,Toronto-1205,-19,71,Normal
2026-02-12 10:09:14.966686,Toronto-1205,10,76,Normal
2026-02-12 10:09:15.966686,Toronto-1205,36,61,Normal
2026-02-12 10:09:16.966686,Toronto-1205,43,59,Normal
2026-02-12 10:09:17.966686,Toronto-1205,42,26,Normal
2026-02-12 10:09:18.966686,Toronto-1205,19,70,Normal
2026-02-12 10:09:19.966686,Toronto-1205,18,31,Normal
2026-02-12 10:09:20.966686,Toronto-1205,-23,49,Normal
2026-02-12 10:09:21.966686,Toronto-1205,30,89,Normal
2026-02-12 10:09:22.966686,Toronto-1205,-27,85,Normal
2026-02-12 10:09:23.966686,Toronto-1205,-12,27,Normal
2026-02-12 10:09:24.966686,Toronto-1205,42,75,Normal
2026-02-12 10:09:25.966686,Toronto-1205,13,13,Normal
2026-02-12 10:09:26.966686,Toronto-1205,-29,10,Normal
2026-02-12 10:09:27.966686,Toronto-1205,-11,52,Normal
2026-02-12 10:09:28.966686,Toronto-1205,33,81,Normal
2026-02-12 10:09:29.966686,Toronto-1205,-30,8,Normal
2026-02-12 10:09:30.966686,Toronto-1205,26,71,Normal
2026-02-12 10:09:31.966686,Toronto-1205,15,50,Normal
2026-02-12 10:09:32.966686,Toronto-1205,10,98,Normal
2026-02-12 10:09:33.966686,Toronto-1205,45,58,Normal
2026-02-12 10:09:34.966686,Toronto-1205,-15,52,Normal
2026-02-12 10:09:35.966686,Toronto-1205,49,46,Normal
2026-02-12 10:09:36.966686,Toronto-1205,-21,20,Normal
2026-02-12 10:09:37.966686,Toronto-1205,-2,99,Normal
2026-02-12 10:09:38.966686,Toronto-1205,-12,82,Normal
2026-02-12 10:09:39.966686,Toronto-1205,30,48,Normal
2026-02-12 10:09:40.966686,Toronto-1205,-28,9,Normal
2026-02-12 10:09:41.966686,Toronto-1205,7,40,Normal
2026-02-12 10:09:42.966686,Toronto-1205,3,46,Normal
2026-02-12 10:09:43.966686,Toronto-1205,29,53,Normal
2026-02-12 10:09:44.966686,Toronto-1205,37,6,Normal
2026-02-12 10:09:45.966686,Toronto-1205,37,82,Normal
2026-02-12 10:09:46.966686,Toronto-1205,28,21,Normal
2026-02-12 10:09:47.966686,Toronto-1205,-26,42,Normal
2026-02-12 10:09:48.966686,Toronto-1205,40,3,Normal
2026-02-12 10:09:49.966686,Toronto-1205,3,93,Normal
2026-02-12 10:09:50.966686,Toronto-1205,43,47,Normal
2026-02-12 10:09:51.966686,Toronto-1205,48,48,Normal
2026-02-12 10:09:52.966686,Toronto-1205,-21,68,Normal
2026-02-12 10:09:53.966686,Toronto-1205,15,57,Normal
2026-02-12 10:09:54.966686,Toronto-1205,21,43,Normal
2026-02-12 10:09:55.966686,Toronto-1205,-10,9,Normal
2026-02-12 10:09:56.966686,Toronto-1205,3,8,Normal
2026-02-12 10:09:57.966686,Toronto-1205,47,29,Normal
2026-02-12 10:09:58.966686,Toronto-1205,0,33,Normal
2026-02-12 10:09:59.966686,Toronto-1205,-4,54,Normal
2026-02-12 10:10:00.966686,Toronto-1205,-30,33,Normal
2026-02-12 10:10:01.966686,Toronto-1205,20,79,Normal
2026-02-12 10:10:02.966686,Toronto-1205,41,3,Normal
2026-02-12 10:10:03.966686,Toronto-1205,-8,32,Normal
2026-02-12 10:10:04.966686,Toronto-1205,11,71,Normal
2026-02-12 10:10:05.966686,Toronto-1205,11,28,Normal
2026-02-12 10:10:06.966686,Toronto-1205,27,47,Normal
2026-02-12 10:10:07.966686,Toronto-1205,-1,58,Normal
2026-02-12 10:10:08.966686,Toronto-1205,21,62,Normal
2026-02-12 10:10:09.966686,Toronto-1205,24,74,Normal
2026-02-12 10:10:10.966686,Toronto-1205,27,70,Normal
2026-02-12 10:10:11.966686,Toronto-1205,18,93,Normal
2026-02-12 10:10:12.966686,Toronto-1205,-13,70,Normal
2026-02-12 10:10:13.966686,Toronto-1205,28,22,Normal
2026-02-12 10:10:14.966686,Toronto-1205,8,70,Normal
2026-02-12 10:10:15.966686,Toronto-1205,-23,65,Normal
2026-02-12 10:10:16.966686,Toronto-1205,-24,49,Normal
2026-02-12 10:10:17.966686,Toronto-1205,31,62,Normal
2026-02-12 10:10:18.966686,Toronto-1205,-16,89,Normal
2026-02-12 10:10:19.966686,Toronto-1205,-12,73,Normal
2026-02-12 10:10:20.966686,Toronto-1205,-5,93,Normal
2026-02-12 10:10:21.966686,Toronto-1205,6,7,Normal
2026-02-12 10:10:22.966686,Toronto-1205,26,85,Normal
2026-02-12 10:10:23.966686,Toronto-1205,31,80,Normal
2026-02-12 10:10:24.966686,Toronto-1205,34,25,Normal
2026-02-12 10:10:25.966686,Toronto-1205,38,45,Normal
2026-02-12 10:10:26.966686,Toronto-1205,7,17,Normal
2026-02-12 10:10:27.966686,Toronto-1205,49,39,Normal
2026-02-12 10:10:28.966686,Toronto-1205,10,97,Normal
2026-02-12 10:10:29.966686,Toronto-1205,31,77,Normal
2026-02-12 10:10:30.966686,Toronto-1205,40,73,Normal
2026-02-12 10:10:31.966686,Toronto-1205,9,76,Normal
2026-02-12 10:10:32.966686,Toronto-1205,49,20,Normal
2026-02-12 10:10:33.966686,Toronto-1205,1,39,Normal
2026-02-12 10:10:34.966686,Toronto-1205,44,12,Normal
2026-02-12 10:10:35.966686,Toronto-1205,-21,72,Normal
2026-02-12 10:10:36.966686,Toronto-1205,7,70,Normal
2026-02-12 10:10:37.966686,Toronto-1205,-6,76,Normal
2026-02-12 10:10:38.966686,Toronto-1205,11,55,Normal
2026-02-12 10:10:39.966686,Toronto-1205,-25,13,Normal
2026-02-12 10:10:40.966686,Toronto-1205,47,7,Normal
2026-02-12 10:10:41.966686,Toronto-1205,36,36,Normal
2026-02-12 10:10:42.966686,Toronto-1205,6,94,Normal
2026-02-12 10:10:43.966686,Toronto-1205,-7,82,Normal
2026-02-12 10:10:44.966686,Toronto-1205,50,15,Normal
2026-02-12 10:10:45.966686,Toronto-1205,41,10,Normal
2026-02-12 10:10:46.966686,Toronto-1205,-30,6,Normal
2026-02-12 10:10:47.966686,Toronto-1205,37,66,Normal
2026-02-12 10:10:48.966686,Toronto-1205,-14,39,Normal
2026-02-12 10:10:49.966686,Toronto-1205,28,100,Normal
2026-02-12 10:10:50.966686,Toronto-1205,-12,90,Normal
2026-02-12 10:10:51.966686,Toronto-1205,-14,21,Normal
2026-02-12 10:10:52.966686,Toronto-1205,49,49,Normal
2026-02-12 10:10:53.966686,Toronto-1205,19,15,Normal
2026-02-12 10:10:54.966686,Toronto-1205,-3,44,Normal
2026-02-12 10:10:55.966686,Toronto-1205,30,34,Normal
2026-02-12 10:10:56.966686,Toronto-1205,-18,93,Normal
2026-02-12 10:10:57.966686,Toronto-1205,24,45,Normal
2026-02-12 10:10:58.966686,Toronto-1205,18,7,Normal
2026-02-12 10:10:59.966686,Toronto-1205,34,98,Normal
2026-02-12 10:11:00.966686,Toronto-1205,-27,96,Normal
2026-02-12 10:11:01.966686,Toronto-1205,1,54,Normal
2026-02-12 10:11:02.966686,Toronto-1205,-22,65,Normal
2026-02-12 10:11:03.966686,Toronto-1205,19,16,Normal
2026-02-12 10:11:04.966686,Toronto-1205,25,90,Normal
2026-02-12 10:11:05.966686,Toronto-1205,5,82,Normal
2026-02-12 10:11:06.966686,Toronto-1205,11,90,Normal
2026-02-12 10:11:07.966686,Toronto-1205,20,95,Normal
2026-02-12 10:11:08.966686,Toronto-1205,50,32,Normal
2026-02-12 10:11:09.966686,Toronto-1205,26,5,Normal
2026-02-12 10:11:10.966686,Toronto-1205,11,8,Normal
2026-02-12 10:11:11.966686,Toronto-1205,-19,91,Normal
2026-02-12 10:11:12.966686,Toronto-1205,5,90,Normal
2026-02-12 10:11:13.966686,Toronto-1205,-25,46,Normal
2026-02-12 10:11:14.966686,Toronto-1205,28,41,Normal
2026-02-12 10:11:15.966686,Toronto-1205,-28,47,Normal
2026-02-12 10:11:16.966686,Toronto-1205,32,68,Normal
2026-02-12 10:11:17.966686,Toronto-1205,33,67,Normal
2026-02-12 10:11:18.966686,Toronto-1205,-20,64,Normal
2026-02-12 10:11:19.966686,Toronto-1205,10,4,Normal
2026-02-12 10:11:20.966686,Toronto-1205,-26,44,Normal
2026-02-12 10:11:21.966686,Toronto-1205,-6,84,Normal
2026-02-12 10:11:22.966686,Toronto-1205,-28,67,Normal
2026-02-12 10:11:23.966686,Toronto-1205,-23,57,Normal
2026-02-12 10:11:24.966686,Toronto-1205,12,23,Normal
2026-02-12 10:11:25.966686,Toronto-1205,-24,22,Normal
2026-02-12 10:11:26.966686,Toronto-1205,20,21,Normal
2026-02-12 10:11:27.966686,Toronto-1205,-21,17,Normal
2026-02-12 10:11:28.966686,Toronto-1205,-11,20,Normal
2026-02-12 10:11:29.966686,Toronto-1205,-27,48,Normal
2026-02-12 10:11:30.966686,Toronto-1205,-29,95,Normal
2026-02-12 10:11:31.966686,Toronto-1205,11,41,Normal
2026-02-12 10:11:32.966686,Toronto-1205,-22,43,Normal
2026-02-12 10:11:33.966686,Toronto-1205,-8,18,Normal
2026-02-12 10:11:34.966686,Toronto-1205,31,14,Normal
2026-02-12 10:11:35.966686,Toronto-1205,16,93,Normal
2026-02-12 10:11:36.966686,Toronto-1205,33,7,Normal
2026-02-12 10:11:37.966686,Toronto-1205,17,77,Normal
2026-02-12 10:11:38.966686,Toronto-1205,36,80,Normal
2026-02-12 10:11:39.966686,Toronto-1205,26,33,Normal
2026-02-12 10:11:40.966686,Toronto-1205,37,80,Normal
2026-02-12 10:11:41.966686,Toronto-1205,-24,83,Normal
2026-02-12 10:11:42.966686,Toronto-1205,-9,49,Normal
2026-02-12 10:11:43.966686,Toronto-1205,-12,73,Normal
2026-02-12 10:11:44.966686,Toronto-1205,-12,73,Normal
2026-02-12 10:11:45.966686,Toronto-1205,24,7,Normal
2026-02-12 10:11:46.966686,Toronto-1205,-27,81,Normal
2026-02-12 10:11:47.966686,Toronto-1205,19,93,Normal
2026-02-12 10:11:48.966686,Toronto-1205,-22,8,Normal
2026-02-12 10:11:49.966686,Toronto-1205,40,60,Normal
2026-02-12 10:11:50.966686,Toronto-1205,6,23,Normal
2026-02-12 10:11:51.966686,Toronto-1205,-17,66,Normal
2026-02-12 10:11:52.966686,Toronto-1205,-27,5,Normal
2026-02-12 10:11:53.966686,Toronto-1205,12,1,Normal
2026-02-12 10:11:54.966686,Toronto-1205,34,41,Normal
2026-02-12 10:11:55.966686,Toronto-1205,-7,95,Normal
2026-02-12 10:11:56.966686,Toronto-1205,-1,66,Normal
2026-02-12 10:11:57.966686,Toronto-1205,14,43,Normal
2026-02-12 10:11:58.966686,Toronto-1205,1,55,Normal
2026-02-12 10:11:59.966686,Toronto-1205,11,27,Normal
2026-02-12 10:12:00.966686,Toronto-1205,-6,54,Normal
2026-02-12 10:12:01.966686,Toronto-1205,8,5,Normal
2026-02-12 10:12:02.966686,Toronto-1205,17,35,Normal
2026-02-12 10:12:03.966686,Toronto-1205,-11,2,Normal
2026-02-12 10:12:04.966686,Toronto-1205,9,39,Normal
2026-02-12 10:12:05.966686,Toronto-1205,-16,62,Normal
2026-02-12 10:12:06.966686,Toronto-1205,50,66,Normal
2026-02-12 10:12:07.966686,Toronto-1205,48,54,Normal
2026-02-12 10:12:08.966686,Toronto-1205,50,100,Normal
2026-02-12 10:12:09.966686,Toronto-1205,19,42,Normal
2026-02-12 10:12:10.966686,Toronto-1205,0,98,Normal
2026-02-12 10:12:11.966686,Toronto-1205,-4,77,Normal
2026-02-12 10:12:12.966686,Toronto-1205,19,28,Normal
2026-02-12 10:12:13.966686,Toronto-1205,39,77,Normal
2026-02-12 10:12:14.966686,Toronto-1205,32,99,Normal
2026-02-12 10:12:15.966686,Toronto-1205,33,24,Normal
2026-02-12 10:12:16.966686,Toronto-1205,13,70,Normal
2026-02-12 10:12:17.966686,Toronto-1205,-29,11,Normal
2026-02-12 10:12:18.966686,Toronto-1205,-11,27,Normal
2026-02-12 10:12:19.966686,Toronto-1205,26,81,Normal
2026-02-12 10:12:20.966686,Toronto-1205,-12,36,Normal
2026-02-12 10:12:21.966686,Toronto-1205,8,56,Normal
2026-02-12 10:12:22.966686,Toronto-1205,7,9,Normal
2026-02-12 10:12:23.966686,Toronto-1205,47,40,Normal
2026-02-12 10:12:24.966686,Toronto-1205,34,19,Normal
2026-02-12 10:12:25.966686,Toronto-1205,12,33,Normal
2026-02-12 10:12:26.966686,Toronto-1205,10,91,Normal
2026-02-12 10:12:27.966686,Toronto-1205,49,60,Normal
2026-02-12 10:12:28.966686,Toronto-1205,47,63,Normal
2026-02-12 10:12:29.966686,Toronto-1205,-3,22,Normal
2026-02-12 10:12:30.966686,Toronto-1205,5,46,Normal
2026-02-12 10:12:31.966686,Toronto-1205,37,12,Normal
2026-02-12 10:12:32.966686,Toronto-1205,46,16,Normal
2026-02-12 10:12:33.966686,Toronto-1205,-6,7,Normal
2026-02-12 10:12:34.966686,Toronto-1205,-14,57,Normal
2026-02-12 10:12:35.966686,Toronto-1205,4,19,Normal
2026-02-12 10:12:36.966686,Toronto-1205,-15,17,Normal
2026-02-12 10:12:37.966686,Toronto-1205,6,67,Normal
2026-02-12 10:12:38.966686,Toronto-1205,8,80,Normal
2026-02-12 10:12:39.966686,Toronto-1205,40,0,Normal
2026-02-12 10:12:40.966686,Toronto-1205,24,69,Normal
2026-02-12 10:12:41.966686,Toronto-1205,-1,76,Normal
2026-02-12 10:12:42.966686,Toronto-1205,-9,0,Normal
2026-02-12 10:12:43.966686,Toronto-1205,-12,61,Normal
2026-02-12 10:12:44.966686,Toronto-1205,-15,41,Normal
2026-02-12 10:12:45.966686,Toronto-1205,18,86,Normal
2026-02-12 10:12:46.966686,Toronto-1205,16,90,Normal
2026-02-12 10:12:47.966686,Toronto-1205,-13,99,Normal
2026-02-12 10:12:48.966686,Toronto-1205,-6,8,Normal
2026-02-12 10:12:49.966686,Toronto-1205,40,47,Normal
2026-02-12 10:12:50.966686,Toronto-1205,24,13,Normal
2026-02-12 10:12:51.966686,Toronto-1205,9,28,Normal
2026-02-12 10:12:52.966686,Toronto-1205,-17,18,Normal
2026-02-12 10:12:53.966686,Toronto-1205,10,56,Normal
2026-02-12 10:12:54.966686,Toronto-1205,7,69,Normal
2026-02-12 10:12:55.966686,Toronto-1205,2,9,Normal
2026-02-12 10:12:56.966686,Toronto-1205,3,37,Normal
2026-02-12 10:12:57.966686,Toronto-1205,-1,65,Normal
2026-02-12 10:12:58.966686,Toronto-1205,18,31,Normal
2026-02-12 10:12:59.966686,Toronto-1205,41,55,Normal
2026-02-12 10:13:00.966686,Toronto-1205,10,2,Normal
2026-02-12 10:13:01.966686,Toronto-1205,-5,24,Normal
2026-02-12 10:13:02.966686,Toronto-1205,-21,88,Normal
2026-02-12 10:13:03.966686,Toronto-1205,-21,37,Normal
2026-02-12 10:13:04.966686,Toronto-1205,21,95,Normal
2026-02-12 10:13:05.966686,Toronto-1205,4,62,Normal
2026-02-12 10:13:06.966686,Toronto-1205,28,36,Normal
2026-02-12 10:13:07.966686,Toronto-1205,16,64,Normal
2026-02-12 10:13:08.966686,Toronto-1205,-14,48,Normal
2026-02-12 10:13:09.966686,Toronto-1205,-16,77,Normal
2026-02-12 10:13:10.966686,Toronto-1205,-28,36,Normal
2026-02-12 10:13:11.966686,Toronto-1205,16,9,Normal
2026-02-12 10:13:12.966686,Toronto-1205,29,33,Normal
2026-02-12 10:13:13.966686,Toronto-1205,-30,59,Normal
2026-02-12 10:13:14.966686,Toronto-1205,1,57,Normal
2026-02-12 10:13:15.966686,Toronto-1205,-25,30,Normal
2026-02-12 10:13:16.966686,Toronto-1205,7,40,Normal
2026-02-12 10:13:17.966686,Toronto-1205,-30,79,Normal
2026-02-12 10:13:18.966686,Toronto-1205,25,32,Normal
2026-02-12 10:13:19.966686,Toronto-1205,-16,10,Normal
2026-02-12 10:13:20.966686,Toronto-1205,41,47,Normal
2026-02-12 10:13:21.966686,Toronto-1205,29,96,Normal
2026-02-12 10:13:22.966686,Toronto-1205,14,38,Normal
2026-02-12 10:13:23.966686,Toronto-1205,-14,67,Normal
2026-02-12 10:13:24.966686,Toronto-1205,38,44,Normal
2026-02-12 10:13:25.966686,Toronto-1205,-3,74,Normal
2026-02-12 10:13:26.966686,Toronto-1205,9,9,Normal
2026-02-12 10:13:27.966686,Toronto-1205,-28,19,Normal
2026-02-12 10:13:28.966686,Toronto-1205,1,41,Normal
2026-02-12 10:13:29.966686,Toronto-1205,48,94,Normal
2026-02-12 10:13:30.966686,Toronto-1205,5,13,Normal
2026-02-12 10:13:31.966686,Toronto-1205,36,67,Normal
2026-02-12 10:13:32.966686,Toronto-1205,-26,32,Normal
2026-02-12 10:13:33.966686,Toronto-1205,-12,11,Normal
2026-02-12 10:13:34.966686,Toronto-1205,40,13,Normal
2026-02-12 10:13:35.966686,Toronto-1205,-9,17,Normal
2026-02-12 10:13:36.966686,Toronto-1205,23,80,Normal
2026-02-12 10:13:37.966686,Toronto-1205,7,68,Normal
2026-02-12 10:13:38.966686,Toronto-1205,41,88,Normal
2026-02-12 10:13:39.966686,Toronto-1205,2,3,Normal
2026-02-12 10:13:40.966686,Toronto-1205,-5,70,Normal
2026-02-12 10:13:41.966686,Toronto-1205,0,62,Normal
2026-02-12 10:13:42.966686,Toronto-1205,-14,47,Normal
2026-02-12 10:13:43.966686,Toronto-1205,23,38,Normal
2026-02-12 10:13:44.966686,Toronto-1205,29,68,Normal
2026-02-12 10:13:45.966686,Toronto-1205,-12,85,Normal
2026-02-12 10:13:46.966686,Toronto-1205,44,30,Normal
2026-02-12 10:13:47.966686,Toronto-1205,36,73,Normal
2026-02-12 10:13:48.966686,Toronto-1205,-20,1,Normal
2026-02-12 10:13:49.966686,Toronto-1205,12,54,Normal
2026-02-12 10:13:50.966686,Toronto-1205,35,55,Normal
2026-02-12 10:13:51.966686,Toronto-1205,14,95,Normal
2026-02-12 10:13:52.966686,Toronto-1205,12,40,Normal
2026-02-12 10:13:53.966686,Toronto-1205,-26,23,Normal
2026-02-12 10:13:54.966686,Toronto-1205,41,36,Normal
2026-02-12 10:13:55.966686,Toronto-1205,21,89,Normal
2026-02-12 10:13:56.966686,Toronto-1205,-5,75,Normal
2026-02-12 10:13:57.966686,Toronto-1205,32,34,Normal
2026-02-12 10:13:58.966686,Toronto-1205,-8,11,Normal
2026-02-12 10:13:59.966686,Toronto-1205,-19,33,Normal
2026-02-12 10:14:00.966686,Toronto-1205,-12,78,Normal
2026-02-12 10:14:01.966686,Toronto-1205,-29,50,Normal
2026-02-12 10:14:02.966686,Toronto-1205,-29,15,Normal
2026-02-12 10:14:03.966686,Toronto-1205,39,25,Normal
2026-02-12 10:14:04.966686,Toronto-1205,48,34,Normal
2026-02-12 10:14:05.966686,Toronto-1205,-1,31,Normal
2026-02-12 10:14:06.966686,Toronto-1205,37,28,Normal
2026-02-12 10:14:07.966686,Toronto-1205,31,19,Normal
2026-02-12 10:14:08.966686,Toronto-1205,4,81,Normal
2026-02-12 10:14:09.966686,Toronto-1205,29,71,Normal
2026-02-12 10:14:10.966686,Toronto-1205,14,90,Normal
2026-02-12 10:14:11.966686,Toronto-1205,30,6,Normal
2026-02-12 10:14:12.966686,Toronto-1205,-21,38,Normal
2026-02-12 10:14:13.966686,Toronto-1205,6,69,Normal
2026-02-12 10:14:14.966686,Toronto-1205,-29,78,Normal
2026-02-12 10:14:15.966686,Toronto-1205,24,15,Normal
2026-02-12 10:14:16.966686,Toronto-1205,8,19,Normal
2026-02-12 10:14:17.966686,Toronto-1205,49,89,Normal
2026-02-12 10:14:18.966686,Toronto-1205,42,94,Normal
2026-02-12 10:14:19.966686,Toronto-1205,-5,45,Normal
2026-02-12 10:14:20.966686,Toronto-1205,-8,48,Normal
2026-02-12 10:14:21.966686,Toronto-1205,22,39,Normal
2026-02-12 10:14:22.966686,Toronto-1205,-1,68,Normal
2026-02-12 10:14:23.966686,Toronto-1205,2,58,Normal
2026-02-12 10:14:24.966686,Toronto-1205,-13,59,Normal
2026-02-12 10:14:25.966686,Toronto-1205,-2,82,Normal
2026-02-12 10:14:26.966686,Toronto-1205,-4,92,Normal
2026-02-12 10:14:27.966686,Toronto-1205,34,85,Normal
2026-02-12 10:14:28.966686,Toronto-1205,-29,71,Normal
2026-02-12 10:14:29.966686,Toronto-1205,32,46,Normal
2026-02-12 10:14:30.966686,Toronto-1205,-2,50,Normal
2026-02-12 10:14:31.966686,Toronto-1205,-19,94,Normal
2026-02-12 10:14:32.966686,Toronto-1205,-27,7,Normal
2026-02-12 10:14:33.966686,Toronto-1205,34,99,Normal
2026-02-12 10:14:34.966686,Toronto-1205,26,81,Normal
2026-02-12 10:14:35.966686,Toronto-1205,-10,75,Normal
2026-02-12 10:14:36.966686,Toronto-1205,-10,7,Normal
2026-02-12 10:14:37.966686,Toronto-1205,9,42,Normal
2026-02-12 10:14:38.966686,Toronto-1205,-15,6,Normal
2026-02-12 10:14:39.966686,Toronto-1205,30,97,Normal
2026-02-12 10:14:40.966686,Toronto-1205,36,100,Normal
2026-02-12 10:14:41.966686,Toronto-1205,-26,0,Normal
2026-02-12 10:14:42.966686,Toronto-1205,-29,32,Normal
2026-02-12 10:14:43.966686,Toronto-1205,50,80,Normal
2026-02-12 10:14:44.966686,Toronto-1205,12,37,Normal
2026-02-12 10:14:45.966686,Toronto-1205,-1,22,Normal
2026-02-12 10:14:46.966686,Toronto-1205,-5,57,Normal
2026-02-12 10:14:47.966686,Toronto-1205,0,51,Normal
2026-02-12 10:14:48.966686,Toronto-1205,-25,38,Normal
2026-02-12 10:14:49.966686,Toronto-1205,27,71,Normal
2026-02-12 10:14:50.966686,Toronto-1205,37,1,Normal
2026-02-12 10:14:51.966686,Toronto-1205,41,23,Normal
2026-02-12 10:14:52.966686,Toronto-1205,-10,80,Normal
2026-02-12 10:14:53.966686,Toronto-1205,-14,85,Normal
2026-02-12 10:14:54.966686,Toronto-1205,-7,22,Normal
2026-02-12 10:14:55.966686,Toronto-1205,46,64,Normal
2026-02-12 10:14:56.966686,Toronto-1205,14,85,Normal
2026-02-12 10:14:57.966686,Toronto-1205,-18,99,Normal
2026-02-12 10:14:58.966686,Toronto-1205,-12,52,Normal
2026-02-12 10:14:59.966686,Toronto-1205,33,37,Normal
2026-02-12 10:15:00.966686,Toronto-1205,49,31,Normal
2026-02-12 10:15:01.966686,Toronto-1205,41,84,Normal
2026-02-12 10:15:02.966686,Toronto-1205,-9,64,Normal
2026-02-12 10:15:03.966686,Toronto-1205,16,86,Normal
2026-02-12 10:15:04.966686,Toronto-1205,9,3,Normal
2026-02-12 10:15:05.966686,Toronto-1205,13,73,Normal
2026-02-12 10:15:06.966686,Toronto-1205,5,25,Normal
2026-02-12 10:15:07.966686,Toronto-1205,-18,36,Normal
2026-02-12 10:15:08.966686,Toronto-1205,50,95,Normal
2026-02-12 10:15:09.966686,Toronto-1205,-26,0,Normal
2026-02-12 10:15:10.966686,Toronto-1205,-21,5,Normal
2026-02-12 10:15:11.966686,Toronto-1205,-29,30,Normal
2026-02-12 10:15:12.966686,Toronto-1205,-17,82,Normal
2026-02-12 10:15:13.966686,Toronto-1205,-21,90,Normal
2026-02-12 10:15:14.966686,Toronto-1205,-8,93,Normal
2026-02-12 10:15:15.966686,Toronto-1205,49,19,Normal
2026-02-12 10:15:16.966686,Toronto-1205,18,5,Normal
2026-02-12 10:15:17.966686,Toronto-1205,-30,53,Normal
2026-02-12 10:15:18.966686,Toronto-1205,-14,97,Normal
2026-02-12 10:15:19.966686,Toronto-1205,36,13,Normal
2026-02-12 10:15:20.966686,Toronto-1205,-17,30,Normal
2026-02-12 10:15:21.966686,Toronto-1205,47,63,Normal
2026-02-12 10:15:22.966686,Toronto-1205,18,61,Normal
2026-02-12 10:15:23.966686,Toronto-1205,42,22,Normal
2026-02-12 10:15:24.966686,Toronto-1205,11,65,Normal
2026-02-12 10:15:25.966686,Toronto-1205,4,75,Normal
2026-02-12 10:15:26.966686,Toronto-1205,8,75,Normal
2026-02-12 10:15:27.966686,Toronto-1205,-27,13,Normal
2026-02-12 10:15:28.966686,Toronto-1205,-19,81,Normal
2026-02-12 10:15:29.966686,Toronto-1205,24,44,Normal
2026-02-12 10:15:30.966686,Toronto-1205,-10,62,Normal
2026-02-12 10:15:31.966686,Toronto-1205,23,71,Normal
2026-02-12 10:15:32.966686,Toronto-1205,-28,60,Normal
2026-02-12 10:15:33.966686,Toronto-1205,37,82,Normal
2026-02-12 10:15:34.966686,Toronto-1205,-18,33,Normal
2026-02-12 10:15:35.966686,Toronto-1205,-22,31,Normal
2026-02-12 10:15:36.966686,Toronto-1205,28,88,Normal
2026-02-12 10:15:37.966686,Toronto-1205,40,30,Normal
2026-02-12 10:15:38.966686,Toronto-1205,9,6,Normal
2026-02-12 10:15:39.966686,Toronto-1205,-9,20,Normal
2026-02-12 10:15:40.966686,Toronto-1205,48,62,Normal
2026-02-12 10:15:41.966686,Toronto-1205,41,61,Normal
2026-02-12 10:15:42.966686,Toronto-1205,13,61,Normal
2026-02-12 10:15:43.966686,Toronto-1205,25,40,Normal
2026-02-12 10:15:44.966686,Toronto-1205,0,2,Normal
2026-02-12 10:15:45.966686,Toronto-1205,20,16,Normal
2026-02-12 10:15:46.966686,Toronto-1205,-3,99,Normal
2026-02-12 10:15:47.966686,Toronto-1205,6,4,Normal
2026-02-12 10:15:48.966686,Toronto-1205,43,10,Normal
2026-02-12 10:15:49.966686,Toronto-1205,41,17,Normal
2026-02-12 10:15:50.966686,Toronto-1205,-3,29,Normal
2026-02-12 10:15:51.966686,Toronto-1205,18,13,Normal
2026-02-12 10:15:52.966686,Toronto-1205,10,5,Normal
2026-02-12 10:15:53.966686,Toronto-1205,-28,55,Normal
2026-02-12 10:15:54.966686,Toronto-1205,-3,14,Normal
2026-02-12 10:15:55.966686,Toronto-1205,25,10,Normal
2026-02-12 10:15:56.966686,Toronto-1205,-25,5,Normal
2026-02-12 10:15:57.966686,Toronto-1205,-22,41,Normal
2026-02-12 10:15:58.966686,Toronto-1205,27,87,Normal
2026-02-12 10:15:59.966686,Toronto-1205,18,80,Normal
2026-02-12 10:16:00.966686,Toronto-1205,20,18,Normal
2026-02-12 10:16:01.966686,Toronto-1205,3,68,Normal
2026-02-12 10:16:02.966686,Toronto-1205,10,33,Normal
2026-02-12 10:16:03.966686,Toronto-1205,-18,0,Normal
2026-02-12 10:16:04.966686,Toronto-1205,-3,81,Normal
2026-02-12 10:16:05.966686,Toronto-1205,22,60,Normal
2026-02-12 10:16:06.966686,Toronto-1205,16,4,Normal
2026-02-12 10:16:07.966686,Toronto-1205,49,54,Normal
2026-02-12 10:16:08.966686,Toronto-1205,-22,6,Normal
2026-02-12 10:16:09.966686,Toronto-1205,-21,33,Normal
2026-02-12 10:16:10.966686,Toronto-1205,42,100,Normal
2026-02-12 10:16:11.966686,Toronto-1205,25,7,Normal
2026-02-12 10:16:12.966686,Toronto-1205,-17,80,Normal
2026-02-12 10:16:13.966686,Toronto-1205,-18,23,Normal
2026-02-12 10:16:14.966686,Toronto-1205,-7,29,Normal
2026-02-12 10:16:15.966686,Toronto-1205,19,13,Normal
2026-02-12 10:16:16.966686,Toronto-1205,-12,67,Normal
2026-02-12 10:16:17.966686,Toronto-1205,-26,68,Normal
2026-02-12 10:16:18.966686,Toronto-1205,42,55,Normal
2026-02-12 10:16:19.966686,Toronto-1205,33,57,Normal
2026-02-12 10:16:20.966686,Toronto-1205,-1,78,Normal
2026-02-12 10:16:21.966686,Toronto-1205,32,62,Normal
2026-02-12 10:16:22.966686,Toronto-1205,-19,49,Normal
2026-02-12 10:16:23.966686,Toronto-1205,-2,74,Normal
2026-02-12 10:16:24.966686,Toronto-1205,-9,0,Normal
2026-02-12 10:16:25.966686,Toronto-1205,24,45,Normal
2026-02-12 10:16:26.966686,Toronto-1205,-14,96,Normal
2026-02-12 10:16:27.966686,Toronto-1205,-14,65,Normal
2026-02-12 10:16:28.966686,Toronto-1205,16,75,Normal
2026-02-12 10:16:29.966686,Toronto-1205,20,31,Normal
2026-02-12 10:16:30.966686,Toronto-1205,16,35,Normal
2026-02-12 10:16:31.966686,Toronto-1205,47,10,Normal
2026-02-12 10:16:32.966686,Toronto-1205,-20,21,Normal
2026-02-12 10:16:33.966686,Toronto-1205,2,65,Normal
2026-02-12 10:16:34.966686,Toronto-1205,23,39,Normal
2026-02-12 10:16:35.966686,Toronto-1205,42,49,Normal
2026-02-12 10:16:36.966686,Toronto-1205,22,99,Normal
2026-02-12 10:16:37.966686,Toronto-1205,28,88,Normal
2026-02-12 10:16:38.966686,Toronto-1205,4,39,Normal
2026-02-12 10:16:39.966686,Toronto-1205,-12,37,Normal
2026-02-12 10:16:40.966686,Toronto-1205,-5,79,Normal
2026-02-12 10:16:41.966686,Toronto-1205,12,92,Normal
2026-02-12 10:16:42.966686,Toronto-1205,13,68,Normal
2026-02-12 10:16:43.966686,Toronto-1205,42,57,Normal
2026-02-12 10:16:44.966686,Toronto-1205,11,86,Normal
2026-02-12 10:16:45.966686,Toronto-1205,-7,4,Normal
2026-02-12 10:16:46.966686,Toronto-1205,13,11,Normal
2026-02-12 10:16:47.966686,Toronto-1205,-4,59,Normal
2026-02-12 10:16:48.966686,Toronto-1205,49,94,Normal
2026-02-12 10:16:49.966686,Toronto-1205,12,73,Normal
2026-02-12 10:16:50.966686,Toronto-1205,46,18,Normal
2026-02-12 10:16:51.966686,Toronto-1205,-3,60,Normal
2026-02-12 10:16:52.966686,Toronto-1205,5,39,Normal
2026-02-12 10:16:53.966686,Toronto-1205,7,30,Normal
2026-02-12 10:16:54.966686,Toronto-1205,4,70,Normal
2026-02-12 10:16:55.966686,Toronto-1205,35,96,Normal
2026-02-12 10:16:56.966686,Toronto-1205,42,45,Normal
2026-02-12 10:16:57.966686,Toronto-1205,35,2,Normal
2026-02-12 10:16:58.966686,Toronto-1205,-6,33,Normal
2026-02-12 10:16:59.966686,Toronto-1205,50,51,Normal
2026-02-12 10:17:00.966686,Toronto-1205,31,33,Normal
2026-02-12 10:17:01.966686,Toronto-1205,-25,99,Normal
2026-02-12 10:17:02.966686,Toronto-1205,-17,47,Normal
2026-02-12 10:17:03.966686,Toronto-1205,47,21,Normal
2026-02-12 10:17:04.966686,Toronto-1205,30,3,Normal
2026-02-12 10:17:05.966686,Toronto-1205,16,3,Normal
2026-02-12 10:17:06.966686,Toronto-1205,-25,94,Normal
2026-02-12 10:17:07.966686,Toronto-1205,11,18,Normal
2026-02-12 10:17:08.966686,Toronto-1205,-2,62,Normal
2026-02-12 10:17:09.966686,Toronto-1205,13,44,Normal
2026-02-12 10:17:10.966686,Toronto-1205,-7,6,Normal
2026-02-12 10:17:11.966686,Toronto-1205,-9,59,Normal
2026-02-12 10:17:12.966686,Toronto-1205,-1,44,Normal
2026-02-12 10:17:13.966686,Toronto-1205,1,86,Normal
2026-02-12 10:17:14.966686,Toronto-1205,4,35,Normal
2026-02-12 10:17:15.966686,Toronto-1205,12,11,Normal
2026-02-12 10:17:16.966686,Toronto-1205,-27,87,Normal
2026-02-12 10:17:17.966686,Toronto-1205,39,48,Normal
2026-02-12 10:17:18.966686,Toronto-1205,-22,30,Normal
2026-02-12 10:17:19.966686,Toronto-1205,7,75,Normal
2026-02-12 10:17:20.966686,Toronto-1205,43,76,Normal
2026-02-12 10:17:21.966686,Toronto-1205,-25,10,Normal
2026-02-12 10:17:22.966686,Toronto-1205,27,33,Normal
2026-02-12 10:17:23.966686,Toronto-1205,44,18,Normal
2026-02-12 10:17:24.966686,Toronto-1205,-22,5,Normal
2026-02-12 10:17:25.966686,Toronto-1205,11,71,Normal
2026-02-12 10:17:26.966686,Toronto-1205,17,49,Normal
2026-02-12 10:17:27.966686,Toronto-1205,32,29,Normal
2026-02-12 10:17:28.966686,Toronto-1205,-9,75,Normal
2026-02-12 10:17:29.966686,Toronto-1205,-16,35,Normal
2026-02-12 10:17:30.966686,Toronto-1205,6,6,Normal
2026-02-12 10:17:31.966686,Toronto-1205,-10,51,Normal
2026-02-12 10:17:32.966686,Toronto-1205,42,97,Normal
2026-02-12 10:17:33.966686,Toronto-1205,41,15,Normal
2026-02-12 10:17:34.966686,Toronto-1205,-12,3,Normal
2026-02-12 10:17:35.966686,Toronto-1205,35,55,Normal
2026-02-12 10:17:36.966686,Toronto-1205,22,43,Normal
2026-02-12 10:17:37.966686,Toronto-1205,30,98,Normal
2026-02-12 10:17:38.966686,Toronto-1205,-18,4,Normal
2026-02-12 10:17:39.966686,Toronto-1205,-24,56,Normal
2026-02-12 10:17:40.966686,Toronto-1205,20,61,Normal
2026-02-12 10:17:41.966686,Toronto-1205,16,0,Normal
2026-02-12 10:17:42.966686,Toronto-1205,45,71,Normal
2026-02-12 10:17:43.966686,Toronto-1205,15,65,Normal
2026-02-12 10:17:44.966686,Toronto-1205,-14,41,Normal
2026-02-12 10:17:45.966686,Toronto-1205,-28,87,Normal
2026-02-12 10:17:46.966686,Toronto-1205,-15,79,Normal
2026-02-12 10:17:47.966686,Toronto-1205,-16,23,Normal
2026-02-12 10:17:48.966686,Toronto-1205,-27,10,Normal
2026-02-12 10:17:49.966686,Toronto-1205,8,82,Normal
2026-02-12 10:17:50.966686,Toronto-1205,-19,12,Normal
2026-02-12 10:17:51.966686,Toronto-1205,22,57,Normal
2026-02-12 10:17:52.966686,Toronto-1205,-16,64,Normal
2026-02-12 10:17:53.966686,Toronto-1205,-14,11,Normal
2026-02-12 10:17:54.966686,Toronto-1205,35,11,Normal
2026-02-12 10:17:55.966686,Toronto-1205,-6,41,Normal
2026-02-12 10:17:56.966686,Toronto-1205,-15,83,Normal
2026-02-12 10:17:57.966686,Toronto-1205,4,78,Normal
2026-02-12 10:17:58.966686,Toronto-1205,10,80,Normal
2026-02-12 10:17:59.966686,Toronto-1205,24,37,Normal
2026-02-12 10:18:00.966686,Toronto-1205,44,14,Normal
2026-02-12 10:18:01.966686,Toronto-1205,-19,16,Normal
2026-02-12 10:18:02.966686,Toronto-1205,27,0,Normal
2026-02-12 10:18:03.966686,Toronto-1205,-28,5,Normal
2026-02-12 10:18:04.966686,Toronto-1205,18,52,Normal
2026-02-12 10:18:05.966686,Toronto-1205,25,14,Normal
2026-02-12 10:18:06.966686,Toronto-1205,6,25,Normal
2026-02-12 10:18:07.966686,Toronto-1205,9,62,Normal
2026-02-12 10:18:08.966686,Toronto-1205,46,12,Normal
2026-02-12 10:18:09.966686,Toronto-1205,-20,24,Normal
2026-02-12 10:18:10.966686,Toronto-1205,-4,49,Normal
2026-02-12 10:18:11.966686,Toronto-1205,-6,38,Normal
2026-02-12 10:18:12.966686,Toronto-1205,36,23,Normal
2026-02-12 10:18:13.966686,Toronto-1205,-29,43,Normal
2026-02-12 10:18:14.966686,Toronto-1205,23,83,Normal
2026-02-12 10:18:15.966686,Toronto-1205,23,86,Normal
2026-02-12 10:18:16.966686,Toronto-1205,-3,2,Normal
2026-02-12 10:18:17.966686,Toronto-1205,30,59,Normal
2026-02-12 10:18:18.966686,Toronto-1205,34,37,Normal
2026-02-12 10:18:19.966686,Toronto-1205,32,91,Normal
2026-02-12 10:18:20.966686,Toronto-1205,36,61,Normal
2026-02-12 10:18:21.966686,Toronto-1205,24,84,Normal
2026-02-12 10:18:22.966686,Toronto-1205,15,33,Normal
2026-02-12 10:18:23.966686,Toronto-1205,29,65,Normal
2026-02-12 10:18:24.966686,Toronto-1205,-27,78,Normal
2026-02-12 10:18:25.966686,Toronto-1205,25,88,Normal
2026-02-12 10:18:26.966686,Toronto-1205,38,37,Normal
2026-02-12 10:18:27.966686,Toronto-1205,37,91,Normal
2026-02-12 10:18:28.966686,Toronto-1205,25,0,Normal
2026-02-12 10:18:29.966686,Toronto-1205,-28,9,Normal
2026-02-12 10:18:30.966686,Toronto-1205,-2,32,Normal
2026-02-12 10:18:31.966686,Toronto-1205,34,7,Normal
2026-02-12 10:18:32.966686,Toronto-1205,-8,87,Normal
2026-02-12 10:18:33.966686,Toronto-1205,-20,92,Normal
2026-02-12 10:18:34.966686,Toronto-1205,-4,10,Normal
2026-02-12 10:18:35.966686,Toronto-1205,24,79,Normal
2026-02-12 10:18:36.966686,Toronto-1205,44,40,Normal
2026-02-12 10:18:37.966686,Toronto-1205,-16,74,Normal
2026-02-12 10:18:38.966686,Toronto-1205,24,87,Normal
2026-02-12 10:18:39.966686,Toronto-1205,8,41,Normal
2026-02-12 10:18:40.966686,Toronto-1205,-15,24,Normal
2026-02-12 10:18:41.966686,Toronto-1205,-23,97,Normal
2026-02-12 10:18:42.966686,Toronto-1205,-29,29,Normal
2026-02-12 10:18:43.966686,Toronto-1205,0,72,Normal
2026-02-12 10:18:44.966686,Toronto-1205,0,47,Normal
2026-02-12 10:18:45.966686,Toronto-1205,-24,71,Normal
2026-02-12 10:18:46.966686,Toronto-1205,31,63,Normal
2026-02-12 10:18:47.966686,Toronto-1205,32,9,Normal
2026-02-12 10:18:48.966686,Toronto-1205,2,92,Normal
2026-02-12 10:18:49.966686,Toronto-1205,42,35,Normal
2026-02-12 10:18:50.966686,Toronto-1205,28,9,Normal
2026-02-12 10:18:51.966686,Toronto-1205,50,70,Normal
2026-02-12 10:18:52.966686,Toronto-1205,39,75,Normal
2026-02-12 10:18:53.966686,Toronto-1205,6,22,Normal
2026-02-12 10:18:54.966686,Toronto-1205,31,75,Normal
2026-02-12 10:18:55.966686,Toronto-1205,-10,40,Normal
2026-02-12 10:18:56.966686,Toronto-1205,-14,32,Normal
2026-02-12 10:18:57.966686,Toronto-1205,17,72,Normal
2026-02-12 10:18:58.966686,Toronto-1205,-22,74,Normal
2026-02-12 10:18:59.966686,Toronto-1205,-9,70,Normal
2026-02-12 10:19:00.966686,Toronto-1205,26,73,Normal
2026-02-12 10:19:01.966686,Toronto-1205,45,24,Normal
2026-02-12 10:19:02.966686,Toronto-1205,-23,95,Normal
2026-02-12 10:19:03.966686,Toronto-1205,2,90,Normal
2026-02-12 10:19:04.966686,Toronto-1205,-4,55,Normal
2026-02-12 10:19:05.966686,Toronto-1205,44,13,Normal
2026-02-12 10:19:06.966686,Toronto-1205,26,81,Normal
2026-02-12 10:19:07.966686,Toronto-1205,-9,34,Normal
2026-02-12 10:19:08.966686,Toronto-1205,-13,100,Normal
2026-02-12 10:19:09.966686,Toronto-1205,-1,84,Normal
2026-02-12 10:19:10.966686,Toronto-1205,-13,54,Normal
2026-02-12 10:19:11.966686,Toronto-1205,23,54,Normal
2026-02-12 10:19:12.966686,Toronto-1205,-22,39,Normal
2026-02-12 10:19:13.966686,Toronto-1205,33,100,Normal
2026-02-12 10:19:14.966686,Toronto-1205,-1,66,Normal
2026-02-12 10:19:15.966686,Toronto-1205,20,67,Normal
2026-02-12 10:19:16.966686,Toronto-1205,-11,84,Normal
2026-02-12 10:19:17.966686,Toronto-1205,-26,9,Normal
2026-02-12 10:19:18.966686,Toronto-1205,14,89,Normal
2026-02-12 10:19:19.966686,Toronto-1205,38,49,Normal
2026-02-12 10:19:20.966686,Toronto-1205,5,3,Normal
2026-02-12 10:19:21.966686,Toronto-1205,-13,35,Normal
2026-02-12 10:19:22.966686,Toronto-1205,-18,50,Normal
2026-02-12 10:19:23.966686,Toronto-1205,-22,14,Normal
2026-02-12 10:19:24.966686,Toronto-1205,40,19,Normal
2026-02-12 10:19:25.966686,Toronto-1205,26,90,Normal
2026-02-12 10:19:26.966686,Toronto-1205,22,68,Normal
2026-02-12 10:19:27.966686,Toronto-1205,26,8,Normal
2026-02-12 10:19:28.966686,Toronto-1205,-29,63,Normal
2026-02-12 10:19:29.966686,Toronto-1205,-18,71,Normal
2026-02-12 10:19:30.966686,Toronto-1205,-29,63,Normal
2026-02-12 10:19:31.966686,Toronto-1205,25,97,Normal
2026-02-12 10:19:32.966686,Toronto-1205,-14,21,Normal
2026-02-12 10:19:33.966686,Toronto-1205,19,76,Normal
2026-02-12 10:19:34.966686,Toronto-1205,-1,45,Normal
2026-02-12 10:19:35.966686,Toronto-1205,16,37,Normal
2026-02-12 10:19:36.966686,Toronto-1205,10,86,Normal
2026-02-12 10:19:37.966686,Toronto-1205,33,32,Normal
2026-02-12 10:19:38.966686,Toronto-1205,-18,58,Normal
2026-02-12 10:19:39.966686,Toronto-1205,-22,94,Normal
2026-02-12 10:19:40.966686,Toronto-1205,-8,67,Normal
2026-02-12 10:19:41.966686,Toronto-1205,12,53,Normal
2026-02-12 10:19:42.966686,Toronto-1205,-14,90,Normal
2026-02-12 10:19:43.966686,Toronto-1205,13,43,Normal
2026-02-12 10:19:44.966686,Toronto-1205,1,18,Normal
2026-02-12 10:19:45.966686,Toronto-1205,23,52,Normal
2026-02-12 10:19:46.966686,Toronto-1205,26,4,Normal
2026-02-12 10:19:47.966686,Toronto-1205,46,99,Normal
2026-02-12 10:19:48.966686,Toronto-1205,16,28,Normal
2026-02-12 10:19:49.966686,Toronto-1205,47,20,Normal
2026-02-12 10:19:50.966686,Toronto-1205,29,18,Normal
2026-02-12 10:19:51.966686,Toronto-1205,-3,33,Normal
2026-02-12 10:19:52.966686,Toronto-1205,5,26,Normal
2026-02-12 10:19:53.966686,Toronto-1205,37,9,Normal
2026-02-12 10:19:54.966686,Toronto-1205,29,34,Normal
2026-02-12 10:19:55.966686,Toronto-1205,-3,70,Normal
2026-02-12 10:19:56.966686,Toronto-1205,15,73,Normal
2026-02-12 10:19:57.966686,Toronto-1205,-7,44,Normal
2026-02-12 10:19:58.966686,Toronto-1205,-25,34,Normal
2026-02-12 10:19:59.966686,Toronto-1205,47,38,Normal
2026-02-12 10:20:00.966686,Toronto-1205,-10,37,Normal
2026-02-12 10:20:01.966686,Toronto-1205,-21,75,Normal
2026-02-12 10:20:02.966686,Toronto-1205,0,20,Normal
2026-02-12 10:20:03.966686,Toronto-1205,-9,71,Normal
2026-02-12 10:20:04.966686,Toronto-1205,8,72,Normal
2026-02-12 10:20:05.966686,Toronto-1205,-29,45,Normal
2026-02-12 10:20:06.966686,Toronto-1205,10,94,Normal
2026-02-12 10:20:07.966686,Toronto-1205,7,12,Normal
2026-02-12 10:20:08.966686,Toronto-1205,47,1,Normal
2026-02-12 10:20:09.966686,Toronto-1205,-8,100,Normal
2026-02-12 10:20:10.966686,Toronto-1205,46,5,Normal
2026-02-12 10:20:11.966686,Toronto-1205,39,82,Normal
2026-02-12 10:20:12.966686,Toronto-1205,16,83,Normal
2026-02-12 10:20:13.966686,Toronto-1205,-3,75,Normal
2026-02-12 10:20:14.966686,Toronto-1205,29,56,Normal
2026-02-12 10:20:15.966686,Toronto-1205,44,41,Normal
2026-02-12 10:20:16.966686,Toronto-1205,49,48,Normal
2026-02-12 10:20:17.966686,Toronto-1205,2,2,Normal
2026-02-12 10:20:18.966686,Toronto-1205,-16,32,Normal
2026-02-12 10:20:19.966686,Toronto-1205,-29,97,Normal
2026-02-12 10:20:20.966686,Toronto-1205,-12,84,Normal
2026-02-12 10:20:21.966686,Toronto-1205,-12,92,Normal
2026-02-12 10:20:22.966686,Toronto-1205,21,17,Normal
2026-02-12 10:20:23.966686,Toronto-1205,25,71,Normal
2026-02-12 10:20:24.966686,Toronto-1205,27,27,Normal
2026-02-12 10:20:25.966686,Toronto-1205,26,95,Normal
2026-02-12 10:20:26.966686,Toronto-1205,31,43,Normal
2026-02-12 10:20:27.966686,Toronto-1205,10,32,Normal
2026-02-12 10:20:28.966686,Toronto-1205,27,52,Normal
2026-02-12 10:20:29.966686,Toronto-1205,-23,76,Normal
2026-02-12 10:20:30.966686,Toronto-1205,46,54,Normal
2026-02-12 10:20:31.966686,Toronto-1205,-9,4,Normal
2026-02-12 10:20:32.966686,Toronto-1205,-27,83,Normal
2026-02-12 10:20:33.966686,Toronto-1205,32,65,Normal
2026-02-12 10:20:34.966686,Toronto-1205,14,65,Normal
2026-02-12 10:20:35.966686,Toronto-1205,27,38,Normal
2026-02-12 10:20:36.966686,Toronto-1205,13,99,Normal
2026-02-12 10:20:37.966686,Toronto-1205,22,34,Normal
2026-02-12 10:20:38.966686,Toronto-1205,-1,18,Normal
2026-02-12 10:20:39.966686,Toronto-1205,-18,18,Normal
2026-02-12 10:20:40.966686,Toronto-1205,47,68,Normal
2026-02-12 10:20:41.966686,Toronto-1205,-2,92,Normal
2026-02-12 10:20:42.966686,Toronto-1205,12,8,Normal
2026-02-12 10:20:43.966686,Toronto-1205,41,0,Normal
2026-02-12 10:20:44.966686,Toronto-1205,2,23,Normal
2026-02-12 10:20:45.966686,Toronto-1205,13,100,Normal
2026-02-12 10:20:46.966686,Toronto-1205,24,81,Normal
2026-02-12 10:20:47.966686,Toronto-1205,-1,89,Normal
2026-02-12 10:20:48.966686,Toronto-1205,12,45,Normal
2026-02-12 10:20:49.966686,Toronto-1205,16,75,Normal
2026-02-12 10:20:50.966686,Toronto-1205,22,46,Normal
2026-02-12 10:20:51.966686,Toronto-1205,-30,24,Normal
2026-02-12 10:20:52.966686,Toronto-1205,-7,35,Normal
2026-02-12 10:20:53.966686,Toronto-1205,47,66,Normal
2026-02-12 10:20:54.966686,Toronto-1205,49,53,Normal
2026-02-12 10:20:55.966686,Toronto-1205,3,80,Normal
2026-02-12 10:20:56.966686,Toronto-1205,16,4,Normal
2026-02-12 10:20:57.966686,Toronto-1205,25,19,Normal
2026-02-12 10:20:58.966686,Toronto-1205,-14,63,Normal
2026-02-12 10:20:59.966686,Toronto-1205,49,51,Normal
2026-02-12 10:21:00.966686,Toronto-1205,-25,70,Normal
2026-02-12 10:21:01.966686,Toronto-1205,-13,82,Normal
2026-02-12 10:21:02.966686,Toronto-1205,29,23,Normal
2026-02-12 10:21:03.966686,Toronto-1205,15,84,Normal
2026-02-12 10:21:04.966686,Toronto-1205,35,15,Normal
2026-02-12 10:21:05.966686,Toronto-1205,50,90,Normal
2026-02-12 10:21:06.966686,Toronto-1205,23,8,Normal
2026-02-12 10:21:07.966686,Toronto-1205,-14,56,Normal
2026-02-12 10:21:08.966686,Toronto-1205,-16,85,Normal
2026-02-12 10:21:09.966686,Toronto-1205,-6,35,Normal
2026-02-12 10:21:10.966686,Toronto-1205,34,12,Normal
2026-02-12 10:21:11.966686,Toronto-1205,40,60,Normal
2026-02-12 10:21:12.966686,Toronto-1205,-7,72,Normal
2026-02-12 10:21:13.966686,Toronto-1205,38,65,Normal
2026-02-12 10:21:14.966686,Toronto-1205,1,63,Normal
2026-02-12 10:21:15.966686,Toronto-1205,17,24,Normal
2026-02-12 10:21:16.966686,Toronto-1205,6,10,Normal
2026-02-12 10:21:17.966686,Toronto-1205,-25,63,Normal
2026-02-12 10:21:18.966686,Toronto-1205,-17,14,Normal
2026-02-12 10:21:19.966686,Toronto-1205,-28,2,Normal
2026-02-12 10:21:20.966686,Toronto-1205,15,59,Normal
2026-02-12 10:21:21.966686,Toronto-1205,-11,81,Normal
2026-02-12 10:21:22.966686,Toronto-1205,4,20,Normal
2026-02-12 10:21:23.966686,Toronto-1205,24,34,Normal
2026-02-12 10:21:24.966686,Toronto-1205,40,37,Normal
2026-02-12 10:21:25.966686,Toronto-1205,27,13,Normal
2026-02-12 10:21:26.966686,Toronto-1205,23,9,Normal
2026-02-12 10:21:27.966686,Toronto-1205,5,11,Normal
2026-02-12 10:21:28.966686,Toronto-1205,-27,85,Normal
2026-02-12 10:21:29.966686,Toronto-1205,-12,68,Normal
2026-02-12 10:21:30.966686,Toronto-1205,-18,20,Normal
2026-02-12 10:21:31.966686,Toronto-1205,24,2,Normal
2026-02-12 10:21:32.966686,Toronto-1205,19,67,Normal
2026-02-12 10:21:33.966686,Toronto-1205,42,15,Normal
2026-02-12 10:21:34.966686,Toronto-1205,28,96,Normal
2026-02-12 10:21:35.966686,Toronto-1205,-29,86,Normal
2026-02-12 10:21:36.966686,Toronto-1205,-13,3,Normal
2026-02-12 10:21:37.966686,Toronto-1205,-4,24,Normal
2026-02-12 10:21:38.966686,Toronto-1205,35,46,Normal
2026-02-12 10:21:39.966686,Toronto-1205,21,98,Normal
2026-02-12 10:21:40.966686,Toronto-1205,50,93,Normal
2026-02-12 10:21:41.966686,Toronto-1205,40,63,Normal
2026-02-12 10:21:42.966686,Toronto-1205,-3,49,Normal
2026-02-12 10:21:43.966686,Toronto-1205,21,88,Normal
2026-02-12 10:21:44.966686,Toronto-1205,23,72,Normal
2026-02-12 10:21:45.966686,Toronto-1205,-1,3,Normal
2026-02-12 10:21:46.966686,Toronto-1205,49,41,Normal
2026-02-12 10:21:47.966686,Toronto-1205,-3,100,Normal
2026-02-12 10:21:48.966686,Toronto-1205,14,70,Normal
2026-02-12 10:21:49.966686,Toronto-1205,46,62,Normal
2026-02-12 10:21:50.966686,Toronto-1205,-25,1,Normal
2026-02-12 10:21:51.966686,Toronto-1205,23,52,Normal
2026-02-12 10:21:52.966686,Toronto-1205,-7,61,Normal
2026-02-12 10:21:53.966686,Toronto-1205,-13,63,Normal
2026-02-12 10:21:54.966686,Toronto-1205,34,53,Normal
2026-02-12 10:21:55.966686,Toronto-1205,-16,4,Normal
2026-02-12 10:21:56.966686,Toronto-1205,43,53,Normal
2026-02-12 10:21:57.966686,Toronto-1205,41,29,Normal
2026-02-12 10:21:58.966686,Toronto-1205,-20,32,Normal
2026-02-12 10:21:59.966686,Toronto-1205,36,85,Normal
2026-02-12 10:22:00.966686,Toronto-1205,-29,5,Normal
2026-02-12 10:22:01.966686,Toronto-1205,26,88,Normal
2026-02-12 10:22:02.966686,Toronto-1205,-28,32,Normal
2026-02-12 10:22:03.966686,Toronto-1205,2,53,Normal
2026-02-12 10:22:04.966686,Toronto-1205,-9,60,Normal
2026-02-12 10:22:05.966686,Toronto-1205,-2,46,Normal
2026-02-12 10:22:06.966686,Toronto-1205,17,96,Normal
2026-02-12 10:22:07.966686,Toronto-1205,-4,86,Normal
2026-02-12 10:22:08.966686,Toronto-1205,-9,70,Normal
2026-02-12 10:22:09.966686,Toronto-1205,48,6,Normal
2026-02-12 10:22:10.966686,Toronto-1205,-25,19,Normal
2026-02-12 10:22:11.966686,Toronto-1205,-14,15,Normal
2026-02-12 10:22:12.966686,Toronto-1205,-20,81,Normal
2026-02-12 10:22:13.966686,Toronto-1205,24,21,Normal
2026-02-12 10:22:14.966686,Toronto-1205,-5,22,Normal
2026-02-12 10:22:15.966686,Toronto-1205,15,49,Normal
2026-02-12 10:22:16.966686,Toronto-1205,-12,13,Normal
2026-02-12 10:22:17.966686,Toronto-1205,20,63,Normal
2026-02-12 10:22:18.966686,Toronto-1205,16,51,Normal
2026-02-12 10:22:19.966686,Toronto-1205,50,48,Normal
2026-02-12 10:22:20.966686,Toronto-1205,40,46,Normal
2026-02-12 10:22:21.966686,Toronto-1205,-29,73,Normal
2026-02-12 10:22:22.966686,Toronto-1205,42,42,Normal
2026-02-12 10:22:23.966686,Toronto-1205,21,45,Normal
2026-02-12 10:22:24.966686,Toronto-1205,37,32,Normal
2026-02-12 10:22:25.966686,Toronto-1205,0,54,Normal
2026-02-12 10:22:26.966686,Toronto-1205,-14,35,Normal
2026-02-12 10:22:27.966686,Toronto-1205,48,67,Normal
2026-02-12 10:22:28.966686,Toronto-1205,10,57,Normal
2026-02-12 10:22:29.966686,Toronto-1205,27,46,Normal
2026-02-12 10:22:30.966686,Toronto-1205,18,3,Normal
2026-02-12 10:22:31.966686,Toronto-1205,31,10,Normal
2026-02-12 10:22:32.966686,Toronto-1205,16,61,Normal
2026-02-12 10:22:33.966686,Toronto-1205,-19,81,Normal
2026-02-12 10:22:34.966686,Toronto-1205,34,31,Normal
2026-02-12 10:22:35.966686,Toronto-1205,45,30,Normal
2026-02-12 10:22:36.966686,Toronto-1205,48,100,Normal
2026-02-12 10:22:37.966686,Toronto-1205,-9,49,Normal
2026-02-12 10:22:38.966686,Toronto-1205,-29,31,Normal
2026-02-12 10:22:39.966686,Toronto-1205,-18,13,Normal
2026-02-12 10:22:40.966686,Toronto-1205,-4,97,Normal
2026-02-12 10:22:41.966686,Toronto-1205,-24,68,Normal
2026-02-12 10:22:42.966686,Toronto-1205,15,93,Normal
2026-02-12 10:22:43.966686,Toronto-1205,41,38,Normal
2026-02-12 10:22:44.966686,Toronto-1205,24,33,Normal
2026-02-12 10:22:45.966686,Toronto-1205,25,38,Normal
2026-02-12 10:22:46.966686,Toronto-1205,8,13,Normal
2026-02-12 10:22:47.966686,Toronto-1205,37,35,Normal
2026-02-12 10:22:48.966686,Toronto-1205,-12,36,Normal
2026-02-12 10:22:49.966686,Toronto-1205,47,91,Normal
2026-02-12 10:22:50.966686,Toronto-1205,40,0,Normal
2026-02-12 10:22:51.966686,Toronto-1205,21,84,Normal
2026-02-12 10:22:52.966686,Toronto-1205,21,80,Normal
2026-02-12 10:22:53.966686,Toronto-1205,35,62,Normal
2026-02-12 10:22:54.966686,Toronto-1205,10,96,Normal
2026-02-12 10:22:55.966686,Toronto-1205,44,89,Normal
2026-02-12 10:22:56.966686,Toronto-1205,3,14,Normal
2026-02-12 10:22:57.966686,Toronto-1205,50,67,Normal
2026-02-12 10:22:58.966686,Toronto-1205,1,3,Normal
2026-02-12 10:22:59.966686,Toronto-1205,29,45,Normal
2026-02-12 10:23:00.966686,Toronto-1205,-6,12,Normal
2026-02-12 10:23:01.966686,Toronto-1205,-19,73,Normal
2026-02-12 10:23:02.966686,Toronto-1205,18,40,Normal
2026-02-12 10:23:03.966686,Toronto-1205,-28,43,Normal
2026-02-12 10:23:04.966686,Toronto-1205,10,9,Normal
2026-02-12 10:23:05.966686,Toronto-1205,-12,56,Normal
2026-02-12 10:23:06.966686,Toronto-1205,38,75,Normal
2026-02-12 10:23:07.966686,Toronto-1205,26,41,Normal
2026-02-12 10:23:08.966686,Toronto-1205,13,49,Normal
2026-02-12 10:23:09.966686,Toronto-1205,18,15,Normal
2026-02-12 10:23:10.966686,Toronto-1205,-10,20,Normal
2026-02-12 10:23:11.966686,Toronto-1205,15,49,Normal
2026-02-12 10:23:12.966686,Toronto-1205,-12,45,Normal
2026-02-12 10:23:13.966686,Toronto-1205,46,45,Normal
2026-02-12 10:23:14.966686,Toronto-1205,31,54,Normal
2026-02-12 10:23:15.966686,Toronto-1205,40,34,Normal
2026-02-12 10:23:16.966686,Toronto-1205,21,43,Normal
2026-02-12 10:23:17.966686,Toronto-1205,21,24,Normal
2026-02-12 10:23:18.966686,Toronto-1205,24,36,Normal
2026-02-12 10:23:19.966686,Toronto-1205,39,81,Normal
2026-02-12 10:23:20.966686,Toronto-1205,4,9,Normal
2026-02-12 10:23:21.966686,Toronto-1205,46,28,Normal
2026-02-12 10:23:22.966686,Toronto-1205,20,3,Normal
2026-02-12 10:23:23.966686,Toronto-1205,-14,38,Normal
2026-02-12 10:23:24.966686,Toronto-1205,-9,92,Normal
2026-02-12 10:23:25.966686,Toronto-1205,-25,8,Normal
2026-02-12 10:23:26.966686,Toronto-1205,-19,65,Normal
2026-02-12 10:23:27.966686,Toronto-1205,24,20,Normal
2026-02-12 10:23:28.966686,Toronto-1205,-15,89,Normal
2026-02-12 10:23:29.966686,Toronto-1205,34,98,Normal
2026-02-12 10:23:30.966686,Toronto-1205,31,90,Normal
2026-02-12 10:23:31.966686,Toronto-1205,-20,39,Normal
2026-02-12 10:23:32.966686,Toronto-1205,2,59,Normal
2026-02-12 10:23:33.966686,Toronto-1205,42,76,Normal
2026-02-12 10:23:34.966686,Toronto-1205,47,94,Normal
2026-02-12 10:23:35.966686,Toronto-1205,-25,5,Normal
2026-02-12 10:23:36.966686,Toronto-1205,30,47,Normal
2026-02-12 10:23:37.966686,Toronto-1205,45,72,Normal
2026-02-12 10:23:38.966686,Toronto-1205,29,60,Normal
2026-02-12 10:23:39.966686,Toronto-1205,47,27,Normal
2026-02-12 10:23:40.966686,Toronto-1205,-23,36,Normal
2026-02-12 10:23:41.966686,Toronto-1205,35,72,Normal
2026-02-12 10:23:42.966686,Toronto-1205,-30,46,Normal
2026-02-12 10:23:43.966686,Toronto-1205,39,53,Normal
2026-02-12 10:23:44.966686,Toronto-1205,25,0,Normal
2026-02-12 10:23:45.966686,Toronto-1205,-12,28,Normal
2026-02-12 10:23:46.966686,Toronto-1205,-26,45,Normal
2026-02-12 10:23:47.966686,Toronto-1205,49,18,Normal
2026-02-12 10:23:48.966686,Toronto-1205,-11,86,Normal
2026-02-12 10:23:49.966686,Toronto-1205,40,97,Normal
2026-02-12 10:23:50.966686,Toronto-1205,43,2,Normal
2026-02-12 10:23:51.966686,Toronto-1205,29,16,Normal
2026-02-12 10:23:52.966686,Toronto-1205,-29,35,Normal
2026-02-12 10:23:53.966686,Toronto-1205,-27,11,Normal
2026-02-12 10:23:54.966686,Toronto-1205,10,75,Normal
2026-02-12 10:23:55.966686,Toronto-1205,7,17,Normal
2026-02-12 10:23:56.966686,Toronto-1205,44,94,Normal
2026-02-12 10:23:57.966686,Toronto-1205,-4,20,Normal
2026-02-12 10:23:58.966686,Toronto-1205,22,92,Normal
2026-02-12 10:23:59.966686,Toronto-1205,46,75,Normal
2026-02-12 10:24:00.966686,Toronto-1205,-17,55,Normal
2026-02-12 10:24:01.966686,Toronto-1205,33,16,Normal
2026-02-12 10:24:02.966686,Toronto-1205,-27,61,Normal
2026-02-12 10:24:03.966686,Toronto-1205,4,69,Normal
2026-02-12 10:24:04.966686,Toronto-1205,49,26,Normal
2026-02-12 10:24:05.966686,Toronto-1205,29,26,Normal
2026-02-12 10:24:06.966686,Toronto-1205,19,8,Normal
2026-02-12 10:24:07.966686,Toronto-1205,10,89,Normal
2026-02-12 10:24:08.966686,Toronto-1205,28,69,Normal
2026-02-12 10:24:09.966686,Toronto-1205,0,90,Normal
2026-02-12 10:24:10.966686,Toronto-1205,12,12,Normal
2026-02-12 10:24:11.966686,Toronto-1205,22,61,Normal
2026-02-12 10:24:12.966686,Toronto-1205,28,81,Normal
2026-02-12 10:24:13.966686,Toronto-1205,48,15,Normal
2026-02-12 10:24:14.966686,Toronto-1205,17,77,Normal
2026-02-12 10:24:15.966686,Toronto-1205,47,53,Normal
2026-02-12 10:24:16.966686,Toronto-1205,27,94,Normal
2026-02-12 10:24:17.966686,Toronto-1205,-2,50,Normal
2026-02-12 10:24:18.966686,Toronto-1205,18,86,Normal
2026-02-12 10:24:19.966686,Toronto-1205,-25,18,Normal
2026-02-12 10:24:20.966686,Toronto-1205,6,30,Normal
2026-02-12 10:24:21.966686,Toronto-1205,-1,23,Normal
2026-02-12 10:24:22.966686,Toronto-1205,-21,31,Normal
2026-02-12 10:24:23.966686,Toronto-1205,12,90,Normal
2026-02-12 10:24:24.966686,Toronto-1205,22,86,Normal
2026-02-12 10:24:25.966686,Toronto-1205,14,70,Normal
2026-02-12 10:24:26.966686,Toronto-1205,-25,31,Normal
2026-02-12 10:24:27.966686,Toronto-1205,6,33,Normal
2026-02-12 10:24:28.966686,Toronto-1205,21,4,Normal
2026-02-12 10:24:29.966686,Toronto-1205,43,27,Normal
2026-02-12 10:24:30.966686,Toronto-1205,-19,45,Normal
2026-02-12 10:24:31.966686,Toronto-1205,-2,2,Normal
2026-02-12 10:24:32.966686,Toronto-1205,17,75,Normal
2026-02-12 10:24:33.966686,Toronto-1205,16,30,Normal
2026-02-12 10:24:34.966686,Toronto-1205,-9,7,Normal
2026-02-12 10:24:35.966686,Toronto-1205,10,15,Normal
2026-02-12 10:24:36.966686,Toronto-1205,-3,29,Normal
2026-02-12 10:24:37.966686,Toronto-1205,4,62,Normal
2026-02-12 10:24:38.966686,Toronto-1205,9,36,Normal
2026-02-12 10:24:39.966686,Toronto-1205,29,29,Normal
2026-02-12 10:24:40.966686,Toronto-1205,-22,2,Normal
2026-02-12 10:24:41.966686,Toronto-1205,39,85,Normal
2026-02-12 10:24:42.966686,Toronto-1205,-9,5,Normal
2026-02-12 10:24:43.966686,Toronto-1205,14,58,Normal
2026-02-12 10:24:44.966686,Toronto-1205,-11,30,Normal
2026-02-12 10:24:45.966686,Toronto-1205,28,10,Normal
2026-02-12 10:24:46.966686,Toronto-1205,-9,20,Normal
2026-02-12 10:24:47.966686,Toronto-1205,6,82,Normal
2026-02-12 10:24:48.966686,Toronto-1205,-15,20,Normal
2026-02-12 10:24:49.966686,Toronto-1205,18,68,Normal
2026-02-12 10:24:50.966686,Toronto-1205,-21,57,Normal
2026-02-12 10:24:51.966686,Toronto-1205,37,27,Normal
2026-02-12 10:24:52.966686,Toronto-1205,30,37,Normal
2026-02-12 10:24:53.966686,Toronto-1205,40,26,Normal
2026-02-12 10:24:54.966686,Toronto-1205,24,28,Normal
2026-02-12 10:24:55.966686,Toronto-1205,-14,10,Normal
2026-02-12 10:24:56.966686,Toronto-1205,-2,64,Normal
2026-02-12 10:24:57.966686,Toronto-1205,25,46,Normal
2026-02-12 10:24:58.966686,Toronto-1205,37,12,Normal
2026-02-12 10:24:59.966686,Toronto-1205,23,84,Normal
2026-02-12 10:25:00.966686,Toronto-1205,-4,29,Normal
2026-02-12 10:25:01.966686,Toronto-1205,-27,71,Normal
2026-02-12 10:25:02.966686,Toronto-1205,41,48,Normal
2026-02-12 10:25:03.966686,Toronto-1205,8,49,Normal
2026-02-12 10:25:04.966686,Toronto-1205,-1,24,Normal
2026-02-12 10:25:05.966686,Toronto-1205,40,62,Normal
2026-02-12 10:25:06.966686,Toronto-1205,40,52,Normal
2026-02-12 10:25:07.966686,Toronto-1205,1,33,Normal
2026-02-12 10:25:08.966686,Toronto-1205,50,78,Normal
2026-02-12 10:25:09.966686,Toronto-1205,-18,36,Normal
2026-02-12 10:25:10.966686,Toronto-1205,49,25,Normal
2026-02-12 10:25:11.966686,Toronto-1205,-21,59,Normal
2026-02-12 10:25:12.966686,Toronto-1205,41,90,Normal
2026-02-12 10:25:13.966686,Toronto-1205,46,89,Normal
2026-02-12 10:25:14.966686,Toronto-1205,27,61,Normal
2026-02-12 10:25:15.966686,Toronto-1205,40,43,Normal
2026-02-12 10:25:16.966686,Toronto-1205,7,74,Normal
2026-02-12 10:25:17.966686,Toronto-1205,11,2,Normal
2026-02-12 10:25:18.966686,Toronto-1205,-6,57,Normal
2026-02-12 10:25:19.966686,Toronto-1205,5,52,Normal
2026-02-12 10:25:20.966686,Toronto-1205,1,74,Normal
2026-02-12 10:25:21.966686,Toronto-1205,20,52,Normal
2026-02-12 10:25:22.966686,Toronto-1205,-28,91,Normal
2026-02-12 10:25:23.966686,Toronto-1205,-7,5,Normal
2026-02-12 10:25:24.966686,Toronto-1205,2,27,Normal
2026-02-12 10:25:25.966686,Toronto-1205,7,27,Normal
2026-02-12 10:25:26.966686,Toronto-1205,-23,57,Normal
2026-02-12 10:25:27.966686,Toronto-1205,42,88,Normal
2026-02-12 10:25:28.966686,Toronto-1205,21,93,Normal
2026-02-12 10:25:29.966686,Toronto-1205,29,62,Normal
2026-02-12 10:25:30.966686,Toronto-1205,0,27,Normal
2026-02-12 10:25:31.966686,Toronto-1205,18,16,Normal
2026-02-12 10:25:32.966686,Toronto-1205,-22,56,Normal
2026-02-12 10:25:33.966686,Toronto-1205,1,31,Normal
2026-02-12 10:25:34.966686,Toronto-1205,10,4,Normal
2026-02-12 10:25:35.966686,Toronto-1205,8,100,Normal
2026-02-12 10:25:36.966686,Toronto-1205,16,72,Normal
2026-02-12 10:25:37.966686,Toronto-1205,13,22,Normal
2026-02-12 10:25:38.966686,Toronto-1205,41,94,Normal
2026-02-12 10:25:39.966686,Toronto-1205,37,45,Normal
2026-02-12 10:25:40.966686,Toronto-1205,41,81,Normal
2026-02-12 10:25:41.966686,Toronto-1205,-15,34,Normal
2026-02-12 10:25:42.966686,Toronto-1205,-14,35,Normal
2026-02-12 10:25:43.966686,Toronto-1205,20,19,Normal
2026-02-12 10:25:44.966686,Toronto-1205,13,43,Normal
2026-02-12 10:25:45.966686,Toronto-1205,33,49,Normal
2026-02-12 10:25:46.966686,Toronto-1205,-12,59,Normal
2026-02-12 10:25:47.966686,Toronto-1205,-20,57,Normal
2026-02-12 10:25:48.966686,Toronto-1205,-3,5,Normal
2026-02-12 10:25:49.966686,Toronto-1205,-4,60,Normal
2026-02-12 10:25:50.966686,Toronto-1205,43,15,Normal
2026-02-12 10:25:51.966686,Toronto-1205,19,22,Normal
2026-02-12 10:25:52.966686,Toronto-1205,25,91,Normal
2026-02-12 10:25:53.966686,Toronto-1205,25,33,Normal
2026-02-12 10:25:54.966686,Toronto-1205,-12,59,Normal
2026-02-12 10:25:55.966686,Toronto-1205,42,21,Normal
2026-02-12 10:25:56.966686,Toronto-1205,31,9,Normal
2026-02-12 10:25:57.966686,Toronto-1205,0,68,Normal
2026-02-12 10:25:58.966686,Toronto-1205,5,74,Normal
2026-02-12 10:25:59.966686,Toronto-1205,10,11,Normal
2026-02-12 10:26:00.966686,Toronto-1205,5,9,Normal
2026-02-12 10:26:01.966686,Toronto-1205,-2,43,Normal
2026-02-12 10:26:02.966686,Toronto-1205,4,60,Normal
2026-02-12 10:26:03.966686,Toronto-1205,-23,45,Normal
2026-02-12 10:26:04.966686,Toronto-1205,49,47,Normal
2026-02-12 10:26:05.966686,Toronto-1205,20,55,Normal
2026-02-12 10:26:06.966686,Toronto-1205,-21,13,Normal
2026-02-12 10:26:07.966686,Toronto-1205,-12,63,Normal
2026-02-12 10:26:08.966686,Toronto-1205,-13,31,Normal
2026-02-12 10:26:09.966686,Toronto-1205,-2,97,Normal
2026-02-12 10:26:10.966686,Toronto-1205,39,82,Normal
2026-02-12 10:26:11.966686,Toronto-1205,8,35,Normal
2026-02-12 10:26:12.966686,Toronto-1205,7,37,Normal
2026-02-12 10:26:13.966686,Toronto-1205,-1,60,Normal
2026-02-12 10:26:14.966686,Toronto-1205,-21,87,Normal
2026-02-12 10:26:15.966686,Toronto-1205,37,53,Normal
2026-02-12 10:26:16.966686,Toronto-1205,-25,99,Normal
2026-02-12 10:26:17.966686,Toronto-1205,26,61,Normal
2026-02-12 10:26:18.966686,Toronto-1205,42,50,Normal
2026-02-12 10:26:19.966686,Toronto-1205,-24,24,Normal
2026-02-12 10:26:20.966686,Toronto-1205,-17,47,Normal
2026-02-12 10:26:21.966686,Toronto-1205,50,87,Normal
2026-02-12 10:26:22.966686,Toronto-1205,47,72,Normal
2026-02-12 10:26:23.966686,Toronto-1205,49,24,Normal
2026-02-12 10:26:24.966686,Toronto-1205,36,12,Normal
2026-02-12 10:26:25.966686,Toronto-1205,-17,96,Normal
2026-02-12 10:26:26.966686,Toronto-1205,15,42,Normal
2026-02-12 10:26:27.966686,Toronto-1205,26,6,Normal
2026-02-12 10:26:28.966686,Toronto-1205,43,51,Normal
2026-02-12 10:26:29.966686,Toronto-1205,-27,2,Normal
2026-02-12 10:26:30.966686,Toronto-1205,-28,32,Normal
2026-02-12 10:26:31.966686,Toronto-1205,28,37,Normal
2026-02-12 10:26:32.966686,Toronto-1205,11,38,Normal
2026-02-12 10:26:33.966686,Toronto-1205,2,27,Normal
2026-02-12 10:26:34.966686,Toronto-1205,2,60,Normal
2026-02-12 10:26:35.966686,Toronto-1205,16,97,Normal
2026-02-12 10:26:36.966686,Toronto-1205,-6,82,Normal
2026-02-12 10:26:37.966686,Toronto-1205,35,35,Normal
2026-02-12 10:26:38.966686,Toronto-1205,23,43,Normal
2026-02-12 10:26:39.966686,Toronto-1205,21,50,Normal
2026-02-12 10:26:40.966686,Toronto-1205,46,13,Normal
2026-02-12 10:26:41.966686,Toronto-1205,32,19,Normal
2026-02-12 10:26:42.966686,Toronto-1205,-25,4,Normal
2026-02-12 10:26:43.966686,Toronto-1205,-4,43,Normal
2026-02-12 10:26:44.966686,Toronto-1205,-24,45,Normal
2026-02-12 10:26:45.966686,Toronto-1205,10,53,Normal
2026-02-12 10:26:46.966686,Toronto-1205,35,82,Normal
2026-02-12 10:26:47.966686,Toronto-1205,28,38,Normal
2026-02-12 10:26:48.966686,Toronto-1205,41,12,Normal
2026-02-12 10:26:49.966686,Toronto-1205,-7,39,Normal
2026-02-12 10:26:50.966686,Toronto-1205,16,67,Normal
2026-02-12 10:26:51.966686,Toronto-1205,12,21,Normal
2026-02-12 10:26:52.966686,Toronto-1205,-19,20,Normal
2026-02-12 10:26:53.966686,Toronto-1205,27,79,Normal
2026-02-12 10:26:54.966686,Toronto-1205,45,76,Normal
2026-02-12 10:26:55.966686,Toronto-1205,50,32,Normal
2026-02-12 10:26:56.966686,Toronto-1205,-4,76,Normal
2026-02-12 10:26:57.966686,Toronto-1205,13,54,Normal
2026-02-12 10:26:58.966686,Toronto-1205,40,75,Normal
2026-02-12 10:26:59.966686,Toronto-1205,32,25,Normal
2026-02-12 10:27:00.966686,Toronto-1205,-19,69,Normal
2026-02-12 10:27:01.966686,Toronto-1205,-14,74,Normal
2026-02-12 10:27:02.966686,Toronto-1205,21,82,Normal
2026-02-12 10:27:03.966686,Toronto-1205,-13,7,Normal
2026-02-12 10:27:04.966686,Toronto-1205,-13,40,Normal
2026-02-12 10:27:05.966686,Toronto-1205,37,35,Normal
2026-02-12 10:27:06.966686,Toronto-1205,37,38,Normal
2026-02-12 10:27:07.966686,Toronto-1205,-12,62,Normal
2026-02-12 10:27:08.966686,Toronto-1205,-8,76,Normal
2026-02-12 10:27:09.966686,Toronto-1205,-20,69,Normal
2026-02-12 10:27:10.966686,Toronto-1205,36,0,Normal
2026-02-12 10:27:11.966686,Toronto-1205,-15,59,Normal
2026-02-12 10:27:12.966686,Toronto-1205,45,17,Normal
2026-02-12 10:27:13.966686,Toronto-1205,31,83,Normal
2026-02-12 10:27:14.966686,Toronto-1205,43,69,Normal
2026-02-12 10:27:15.966686,Toronto-1205,-17,36,Normal
2026-02-12 10:27:16.966686,Toronto-1205,-7,72,Normal
2026-02-12 10:27:17.966686,Toronto-1205,-22,33,Normal
2026-02-12 10:27:18.966686,Toronto-1205,2,95,Normal
2026-02-12 10:27:19.966686,Toronto-1205,47,26,Normal
2026-02-12 10:27:20.966686,Toronto-1205,26,32,Normal
2026-02-12 10:27:21.966686,Toronto-1205,24,95,Normal
2026-02-12 10:27:22.966686,Toronto-1205,30,42,Normal
2026-02-12 10:27:23.966686,Toronto-1205,31,89,Normal
2026-02-12 10:27:24.966686,Toronto-1205,-20,28,Normal
2026-02-12 10:27:25.966686,Toronto-1205,-26,65,Normal
2026-02-12 10:27:26.966686,Toronto-1205,-13,56,Normal
2026-02-12 10:27:27.966686,Toronto-1205,-3,3,Normal
2026-02-12 10:27:28.966686,Toronto-1205,3,95,Normal
2026-02-12 10:27:29.966686,Toronto-1205,14,52,Normal
2026-02-12 10:27:30.966686,Toronto-1205,47,9,Normal
2026-02-12 10:27:31.966686,Toronto-1205,5,44,Normal
2026-02-12 10:27:32.966686,Toronto-1205,37,46,Normal
2026-02-12 10:27:33.966686,Toronto-1205,-13,82,Normal
2026-02-12 10:27:34.966686,Toronto-1205,48,41,Normal
2026-02-12 10:27:35.966686,Toronto-1205,6,77,Normal
2026-02-12 10:27:36.966686,Toronto-1205,-24,81,Normal
2026-02-12 10:27:37.966686,Toronto-1205,-9,41,Normal
2026-02-12 10:27:38.966686,Toronto-1205,30,55,Normal
2026-02-12 10:27:39.966686,Toronto-1205,15,46,Normal
2026-02-12 10:27:40.966686,Toronto-1205,13,29,Normal
2026-02-12 10:27:41.966686,Toronto-1205,0,94,Normal
2026-02-12 10:27:42.966686,Toronto-1205,5,27,Normal
2026-02-12 10:27:43.966686,Toronto-1205,-21,90,Normal
2026-02-12 10:27:44.966686,Toronto-1205,-8,7,Normal
2026-02-12 10:27:45.966686,Toronto-1205,17,30,Normal
2026-02-12 10:27:46.966686,Toronto-1205,-24,29,Normal
2026-02-12 10:27:47.966686,Toronto-1205,-28,89,Normal
2026-02-12 10:27:48.966686,Toronto-1205,25,71,Normal
2026-02-12 10:27:49.966686,Toronto-1205,36,4,Normal
2026-02-12 10:27:50.966686,Toronto-1205,18,30,Normal
2026-02-12 10:27:51.966686,Toronto-1205,-14,95,Normal
2026-02-12 10:27:52.966686,Toronto-1205,35,49,Normal
2026-02-12 10:27:53.966686,Toronto-1205,-15,4,Normal
2026-02-12 10:27:54.966686,Toronto-1205,4,58,Normal
2026-02-12 10:27:55.966686,Toronto-1205,-12,85,Normal
2026-02-12 10:27:56.966686,Toronto-1205,13,34,Normal
2026-02-12 10:27:57.966686,Toronto-1205,32,43,Normal
2026-02-12 10:27:58.966686,Toronto-1205,23,92,Normal
2026-02-12 10:27:59.966686,Toronto-1205,-25,30,Normal
2026-02-12 10:28:00.966686,Toronto-1205,-26,97,Normal
2026-02-12 10:28:01.966686,Toronto-1205,-14,26,Normal
2026-02-12 10:28:02.966686,Toronto-1205,19,9,Normal
2026-02-12 10:28:03.966686,Toronto-1205,2,66,Normal
2026-02-12 10:28:04.966686,Toronto-1205,-1,26,Normal
2026-02-12 10:28:05.966686,Toronto-1205,-7,11,Normal
2026-02-12 10:28:06.966686,Toronto-1205,35,65,Normal
2026-02-12 10:28:07.966686,Toronto-1205,28,28,Normal
2026-02-12 10:28:08.966686,Toronto-1205,43,10,Normal
2026-02-12 10:28:09.966686,Toronto-1205,-14,20,Normal
2026-02-12 10:28:10.966686,Toronto-1205,20,40,Normal
2026-02-12 10:28:11.966686,Toronto-1205,12,0,Normal
2026-02-12 10:28:12.966686,Toronto-1205,-6,28,Normal
2026-02-12 10:28:13.966686,Toronto-1205,22,81,Normal
2026-02-12 10:28:14.966686,Toronto-1205,-18,41,Normal
2026-02-12 10:28:15.966686,Toronto-1205,11,4,Normal
2026-02-12 10:28:16.966686,Toronto-1205,8,9,Normal
2026-02-12 10:28:17.966686,Toronto-1205,-1,76,Normal
2026-02-12 10:28:18.966686,Toronto-1205,14,0,Normal
2026-02-12 10:28:19.966686,Toronto-1205,-9,0,Normal
2026-02-12 10:28:20.966686,Toronto-1205,17,73,Normal
2026-02-12 10:28:21.966686,Toronto-1205,50,22,Normal
2026-02-12 10:28:22.966686,Toronto-1205,12,57,Normal
2026-02-12 10:28:23.966686,Toronto-1205,28,86,Normal
2026-02-12 10:28:24.966686,Toronto-1205,0,13,Normal
2026-02-12 10:28:25.966686,Toronto-1205,12,63,Normal
2026-02-12 10:28:26.966686,Toronto-1205,-19,20,Normal
2026-02-12 10:28:27.966686,Toronto-1205,-12,15,Normal
2026-02-12 10:28:28.966686,Toronto-1205,-7,24,Normal
2026-02-12 10:28:29.966686,Toronto-1205,46,32,Normal
2026-02-12 10:28:30.966686,Toronto-1205,28,85,Normal
2026-02-12 10:28:31.966686,Toronto-1205,-26,43,Normal
2026-02-12 10:28:32.966686,Toronto-1205,-1,11,Normal
2026-02-12 10:28:33.966686,Toronto-1205,-14,48,Normal
2026-02-12 10:28:34.966686,Toronto-1205,7,88,Normal
2026-02-12 10:28:35.966686,Toronto-1205,18,58,Normal
2026-02-12 10:28:36.966686,Toronto-1205,24,68,Normal
2026-02-12 10:28:37.966686,Toronto-1205,29,19,Normal
2026-02-12 10:28:38.966686,Toronto-1205,-16,98,Normal
2026-02-12 10:28:39.966686,Toronto-1205,37,61,Normal
2026-02-12 10:28:40.966686,Toronto-1205,28,50,Normal
2026-02-12 10:28:41.966686,Toronto-1205,0,88,Normal
2026-02-12 10:28:42.966686,Toronto-1205,31,63,Normal
2026-02-12 10:28:43.966686,Toronto-1205,-6,40,Normal
2026-02-12 10:28:44.966686,Toronto-1205,-30,98,Normal
2026-02-12 10:28:45.966686,Toronto-1205,30,62,Normal
2026-02-12 10:28:46.966686,Toronto-1205,34,90,Normal
2026-02-12 10:28:47.966686,Toronto-1205,-15,99,Normal
2026-02-12 10:28:48.966686,Toronto-1205,-15,36,Normal
2026-02-12 10:28:49.966686,Toronto-1205,-13,1,Normal
2026-02-12 10:28:50.966686,Toronto-1205,19,55,Normal
2026-02-12 10:28:51.966686,Toronto-1205,46,59,Normal
2026-02-12 10:28:52.966686,Toronto-1205,45,24,Normal
2026-02-12 10:28:53.966686,Toronto-1205,39,80,Normal
2026-02-12 10:28:54.966686,Toronto-1205,38,98,Normal
2026-02-12 10:28:55.966686,Toronto-1205,44,97,Normal
2026-02-12 10:28:56.966686,Toronto-1205,-19,30,Normal
2026-02-12 10:28:57.966686,Toronto-1205,-14,76,Normal
2026-02-12 10:28:58.966686,Toronto-1205,-26,23,Normal
2026-02-12 10:28:59.966686,Toronto-1205,-23,31,Normal
2026-02-12 10:29:00.966686,Toronto-1205,48,0,Normal
2026-02-12 10:29:01.966686,Toronto-1205,-12,79,Normal
2026-02-12 10:29:02.966686,Toronto-1205,-25,76,Normal
2026-02-12 10:29:03.966686,Toronto-1205,-30,52,Normal
2026-02-12 10:29:04.966686,Toronto-1205,25,69,Normal
2026-02-12 10:29:05.966686,Toronto-1205,9,11,Normal
2026-02-12 10:29:06.966686,Toronto-1205,-11,27,Normal
2026-02-12 10:29:07.966686,Toronto-1205,41,32,Normal
2026-02-12 10:29:08.966686,Toronto-1205,41,60,Normal
2026-02-12 10:29:09.966686,Toronto-1205,46,15,Normal
2026-02-12 10:29:10.966686,Toronto-1205,-26,76,Normal
2026-02-12 10:29:11.966686,Toronto-1205,18,57,Normal
2026-02-12 10:29:12.966686,Toronto-1205,5,73,Normal
2026-02-12 10:29:13.966686,Toronto-1205,34,28,Normal
2026-02-12 10:29:14.966686,Toronto-1205,37,31,Normal
2026-02-12 10:29:15.966686,Toronto-1205,-7,48,Normal
2026-02-12 10:29:16.966686,Toronto-1205,-12,59,Normal
2026-02-12 10:29:17.966686,Toronto-1205,37,76,Normal
2026-02-12 10:29:18.966686,Toronto-1205,-24,58,Normal
2026-02-12 10:29:19.966686,Toronto-1205,-7,61,Normal
2026-02-12 10:29:20.966686,Toronto-1205,22,72,Normal
2026-02-12 10:29:21.966686,Toronto-1205,0,88,Normal
2026-02-12 10:29:22.966686,Toronto-1205,-5,65,Normal
2026-02-12 10:29:23.966686,Toronto-1205,10,47,Normal
2026-02-12 10:29:24.966686,Toronto-1205,37,37,Normal
2026-02-12 10:29:25.966686,Toronto-1205,13,85,Normal
2026-02-12 10:29:26.966686,Toronto-1205,6,6,Normal
2026-02-12 10:29:27.966686,Toronto-1205,-19,77,Normal
2026-02-12 10:29:28.966686,Toronto-1205,17,87,Normal
2026-02-12 10:29:29.966686,Toronto-1205,50,77,Normal
2026-02-12 10:29:30.966686,Toronto-1205,38,87,Normal
2026-02-12 10:29:31.966686,Toronto-1205,-30,85,Normal
2026-02-12 10:29:32.966686,Toronto-1205,12,45,Normal
2026-02-12 10:29:33.966686,Toronto-1205,27,96,Normal
2026-02-12 10:29:34.966686,Toronto-1205,-12,23,Normal
2026-02-12 10:29:35.966686,Toronto-1205,-23,16,Normal
2026-02-12 10:29:36.966686,Toronto-1205,13,37,Normal
2026-02-12 10:29:37.966686,Toronto-1205,-19,96,Normal
2026-02-12 10:29:38.966686,Toronto-1205,-24,38,Normal
2026-02-12 10:29:39.966686,Toronto-1205,-24,1,Normal
2026-02-12 10:29:40.966686,Toronto-1205,36,29,Normal
2026-02-12 10:29:41.966686,Toronto-1205,35,7,Normal
2026-02-12 10:29:42.966686,Toronto-1205,15,15,Normal
2026-02-12 10:29:43.966686,Toronto-1205,-18,65,Normal
2026-02-12 10:29:44.966686,Toronto-1205,3,53,Normal
2026-02-12 10:29:45.966686,Toronto-1205,16,23,Normal
2026-02-12 10:29:46.966686,Toronto-1205,-4,26,Normal
2026-02-12 10:29:47.966686,Toronto-1205,5,49,Normal
2026-02-12 10:29:48.966686,Toronto-1205,-1,61,Normal
2026-02-12 10:29:49.966686,Toronto-1205,28,27,Normal
2026-02-12 10:29:50.966686,Toronto-1205,-30,48,Normal
2026-02-12 10:29:51.966686,Toronto-1205,31,67,Normal
2026-02-12 10:29:52.966686,Toronto-1205,-2,93,Normal
2026-02-12 10:29:53.966686,Toronto-1205,42,48,Normal
2026-02-12 10:29:54.966686,Toronto-1205,49,30,Normal
2026-02-12 10:29:55.966686,Toronto-1205,9,57,Normal
2026-02-12 10:29:56.966686,Toronto-1205,44,90,Normal
2026-02-12 10:29:57.966686,Toronto-1205,41,8,Normal
2026-02-12 10:29:58.966686,Toronto-1205,13,99,Normal
2026-02-12 10:29:59.966686,Toronto-1205,-2,40,Normal
2026-02-12 10:30:00.966686,Toronto-1205,8,31,Normal
2026-02-12 10:30:01.966686,Toronto-1205,-12,60,Normal
2026-02-12 10:30:02.966686,Toronto-1205,5,59,Normal
2026-02-12 10:30:03.966686,Toronto-1205,-3,73,Normal
2026-02-12 10:30:04.966686,Toronto-1205,0,25,Normal
2026-02-12 10:30:05.966686,Toronto-1205,10,54,Normal
2026-02-12 10:30:06.966686,Toronto-1205,-24,5,Normal
2026-02-12 10:30:07.966686,Toronto-1205,16,82,Normal
2026-02-12 10:30:08.966686,Toronto-1205,37,7,Normal
2026-02-12 10:30:09.966686,Toronto-1205,8,77,Normal
2026-02-12 10:30:10.966686,Toronto-1205,18,34,Normal
2026-02-12 10:30:11.966686,Toronto-1205,1,34,Normal
2026-02-12 10:30:12.966686,Toronto-1205,34,5,Normal
2026-02-12 10:30:13.966686,Toronto-1205,-14,95,Normal
2026-02-12 10:30:14.966686,Toronto-1205,25,32,Normal
2026-02-12 10:30:15.966686,Toronto-1205,4,91,Normal
2026-02-12 10:30:16.966686,Toronto-1205,-17,97,Normal
2026-02-12 10:30:17.966686,Toronto-1205,-16,52,Normal
2026-02-12 10:30:18.966686,Toronto-1205,30,30,Normal
2026-02-12 10:30:19.966686,Toronto-1205,39,87,Normal
2026-02-12 10:30:20.966686,Toronto-1205,31,73,Normal
2026-02-12 10:30:21.966686,Toronto-1205,1,17,Normal
2026-02-12 10:30:22.966686,Toronto-1205,21,65,Normal
2026-02-12 10:30:23.966686,Toronto-1205,36,30,Normal
2026-02-12 10:30:24.966686,Toronto-1205,-18,73,Normal
2026-02-12 10:30:25.966686,Toronto-1205,14,62,Normal
2026-02-12 10:30:26.966686,Toronto-1205,49,95,Normal
2026-02-12 10:30:27.966686,Toronto-1205,-8,31,Normal
2026-02-12 10:30:28.966686,Toronto-1205,31,65,Normal
2026-02-12 10:30:29.966686,Toronto-1205,16,59,Normal
2026-02-12 10:30:30.966686,Toronto-1205,10,27,Normal
2026-02-12 10:30:31.966686,Toronto-1205,-10,13,Normal
2026-02-12 10:30:32.966686,Toronto-1205,-15,89,Normal
2026-02-12 10:30:33.966686,Toronto-1205,27,96,Normal
2026-02-12 10:30:34.966686,Toronto-1205,41,61,Normal
2026-02-12 10:30:35.966686,Toronto-1205,-10,69,Normal
2026-02-12 10:30:36.966686,Toronto-1205,-27,90,Normal
2026-02-12 10:30:37.966686,Toronto-1205,23,71,Normal
2026-02-12 10:30:38.966686,Toronto-1205,50,83,Normal
2026-02-12 10:30:39.966686,Toronto-1205,15,73,Normal
2026-02-12 10:30:40.966686,Toronto-1205,-20,85,Normal
2026-02-12 10:30:41.966686,Toronto-1205,48,54,Normal
2026-02-12 10:30:42.966686,Toronto-1205,-17,23,Normal
2026-02-12 10:30:43.966686,Toronto-1205,3,74,Normal
2026-02-12 10:30:44.966686,Toronto-1205,11,52,Normal
2026-02-12 10:30:45.966686,Toronto-1205,-21,6,Normal
2026-02-12 10:30:46.966686,Toronto-1205,22,82,Normal
2026-02-12 10:30:47.966686,Toronto-1205,-13,41,Normal
2026-02-12 10:30:48.966686,Toronto-1205,29,65,Normal
2026-02-12 10:30:49.966686,Toronto-1205,2,0,Normal
2026-02-12 10:30:50.966686,Toronto-1205,-27,74,Normal
2026-02-12 10:30:51.966686,Toronto-1205,2,2,Normal
2026-02-12 10:30:52.966686,Toronto-1205,13,100,Normal
2026-02-12 10:30:53.966686,Toronto-1205,-23,5,Normal
2026-02-12 10:30:54.966686,Toronto-1205,-1,4,Normal
2026-02-12 10:30:55.966686,Toronto-1205,37,62,Normal
2026-02-12 10:30:56.966686,Toronto-1205,47,59,Normal
2026-02-12 10:30:57.966686,Toronto-1205,46,59,Normal
2026-02-12 10:30:58.966686,Toronto-1205,-25,6,Normal
2026-02-12 10:30:59.966686,Toronto-1205,-5,61,Normal
2026-02-12 10:31:00.966686,Toronto-1205,6,88,Normal
2026-02-12 10:31:01.966686,Toronto-1205,33,56,Normal
2026-02-12 10:31:02.966686,Toronto-1205,-1,20,Normal
2026-02-12 10:31:03.966686,Toronto-1205,45,26,Normal
2026-02-12 10:31:04.966686,Toronto-1205,8,32,Normal
2026-02-12 10:31:05.966686,Toronto-1205,-13,22,Normal
2026-02-12 10:31:06.966686,Toronto-1205,30,16,Normal
2026-02-12 10:31:07.966686,Toronto-1205,-15,3,Normal
2026-02-12 10:31:08.966686,Toronto-1205,19,4,Normal
2026-02-12 10:31:09.966686,Toronto-1205,29,89,Normal
2026-02-12 10:31:10.966686,Toronto-1205,41,35,Normal
2026-02-12 10:31:11.966686,Toronto-1205,0,77,Normal
2026-02-12 10:31:12.966686,Toronto-1205,-18,96,Normal
2026-02-12 10:31:13.966686,Toronto-1205,25,11,Normal
2026-02-12 10:31:14.966686,Toronto-1205,-4,22,Normal
2026-02-12 10:31:15.966686,Toronto-1205,-13,36,Normal
2026-02-12 10:31:16.966686,Toronto-1205,-14,11,Normal
2026-02-12 10:31:17.966686,Toronto-1205,12,79,Normal
2026-02-12 10:31:18.966686,Toronto-1205,12,36,Normal
2026-02-12 10:31:19.966686,Toronto-1205,26,2,Normal
2026-02-12 10:31:20.966686,Toronto-1205,-13,36,Normal
2026-02-12 10:31:21.966686,Toronto-1205,-22,85,Normal
2026-02-12 10:31:22.966686,Toronto-1205,22,5,Normal
2026-02-12 10:31:23.966686,Toronto-1205,-14,71,Normal
2026-02-12 10:31:24.966686,Toronto-1205,-14,6,Normal
2026-02-12 10:31:25.966686,Toronto-1205,34,28,Normal
2026-02-12 10:31:26.966686,Toronto-1205,-7,64,Normal
2026-02-12 10:31:27.966686,Toronto-1205,50,76,Normal
2026-02-12 10:31:28.966686,Toronto-1205,-1,32,Normal
2026-02-12 10:31:29.966686,Toronto-1205,30,29,Normal
2026-02-12 10:31:30.966686,Toronto-1205,-12,68,Normal
2026-02-12 10:31:31.966686,Toronto-1205,-13,58,Normal
2026-02-12 10:31:32.966686,Toronto-1205,26,10,Normal
2026-02-12 10:31:33.966686,Toronto-1205,18,87,Normal
2026-02-12 10:31:34.966686,Toronto-1205,17,16,Normal
2026-02-12 10:31:35.966686,Toronto-1205,41,35,Normal
2026-02-12 10:31:36.966686,Toronto-1205,-1,78,Normal
2026-02-12 10:31:37.966686,Toronto-1205,-3,21,Normal
2026-02-12 10:31:38.966686,Toronto-1205,7,69,Normal
2026-02-12 10:31:39.966686,Toronto-1205,2,49,Normal
2026-02-12 10:31:40.966686,Toronto-1205,-29,91,Normal
2026-02-12 10:31:41.966686,Toronto-1205,-8,73,Normal
2026-02-12 10:31:42.966686,Toronto-1205,-15,26,Normal
2026-02-12 10:31:43.966686,Toronto-1205,-11,5,Normal
2026-02-12 10:31:44.966686,Toronto-1205,11,46,Normal
2026-02-12 10:31:45.966686,Toronto-1205,10,86,Normal
2026-02-12 10:31:46.966686,Toronto-1205,-21,33,Normal
2026-02-12 10:31:47.966686,Toronto-1205,-22,33,Normal
2026-02-12 10:31:48.966686,Toronto-1205,14,29,Normal
2026-02-12 10:31:49.966686,Toronto-1205,33,1,Normal
2026-02-12 10:31:50.966686,Toronto-1205,8,68,Normal
2026-02-12 10:31:51.966686,Toronto-1205,49,99,Normal
2026-02-12 10:31:52.966686,Toronto-1205,5,21,Normal
2026-02-12 10:31:53.966686,Toronto-1205,30,96,Normal
2026-02-12 10:31:54.966686,Toronto-1205,-5,41,Normal
2026-02-12 10:31:55.966686,Toronto-1205,-22,82,Normal
2026-02-12 10:31:56.966686,Toronto-1205,45,61,Normal
2026-02-12 10:31:57.966686,Toronto-1205,-8,92,Normal
2026-02-12 10:31:58.966686,Toronto-1205,-8,44,Normal
2026-02-12 10:31:59.966686,Toronto-1205,8,72,Normal
2026-02-12 10:32:00.966686,Toronto-1205,-9,96,Normal
2026-02-12 10:32:01.966686,Toronto-1205,43,49,Normal
2026-02-12 10:32:02.966686,Toronto-1205,1,10,Normal
2026-02-12 10:32:03.966686,Toronto-1205,34,89,Normal
2026-02-12 10:32:04.966686,Toronto-1205,3,42,Normal
2026-02-12 10:32:05.966686,Toronto-1205,5,40,Normal
2026-02-12 10:32:06.966686,Toronto-1205,-24,59,Normal
2026-02-12 10:32:07.966686,Toronto-1205,32,96,Normal
2026-02-12 10:32:08.966686,Toronto-1205,20,28,Normal
2026-02-12 10:32:09.966686,Toronto-1205,36,19,Normal
2026-02-12 10:32:10.966686,Toronto-1205,-27,55,Normal
2026-02-12 10:32:11.966686,Toronto-1205,-13,31,Normal
2026-02-12 10:32:12.966686,Toronto-1205,-23,10,Normal
2026-02-12 10:32:13.966686,Toronto-1205,7,58,Normal
2026-02-12 10:32:14.966686,Toronto-1205,-22,95,Normal
2026-02-12 10:32:15.966686,Toronto-1205,-1,76,Normal
2026-02-12 10:32:16.966686,Toronto-1205,-17,66,Normal
2026-02-12 10:32:17.966686,Toronto-1205,7,3,Normal
2026-02-12 10:32:18.966686,Toronto-1205,-3,51,Normal
2026-02-12 10:32:19.966686,Toronto-1205,43,35,Normal
2026-02-12 10:32:20.966686,Toronto-1205,45,36,Normal
2026-02-12 10:32:21.966686,Toronto-1205,20,53,Normal
2026-02-12 10:32:22.966686,Toronto-1205,-3,5,Normal
2026-02-12 10:32:23.966686,Toronto-1205,2,97,Normal
2026-02-12 10:32:24.966686,Toronto-1205,10,40,Normal
2026-02-12 10:32:25.966686,Toronto-1205,28,70,Normal
2026-02-12 10:32:26.966686,Toronto-1205,29,49,Normal
2026-02-12 10:32:27.966686,Toronto-1205,5,51,Normal
2026-02-12 10:32:28.966686,Toronto-1205,12,61,Normal
2026-02-12 10:32:29.966686,Toronto-1205,3,74,Normal
2026-02-12 10:32:30.966686,Toronto-1205,-12,82,Normal
2026-02-12 10:32:31.966686,Toronto-1205,44,31,Normal
2026-02-12 10:32:32.966686,Toronto-1205,-21,4,Normal
2026-02-12 10:32:33.966686,Toronto-1205,-4,38,Normal
2026-02-12 10:32:34.966686,Toronto-1205,9,39,Normal
2026-02-12 10:32:35.966686,Toronto-1205,-8,1,Normal
2026-02-12 10:32:36.966686,Toronto-1205,21,12,Normal
2026-02-12 10:32:37.966686,Toronto-1205,49,11,Normal
2026-02-12 10:32:38.966686,Toronto-1205,8,52,Normal
2026-02-12 10:32:39.966686,Toronto-1205,-30,85,Normal
2026-02-12 10:32:40.966686,Toronto-1205,13,71,Normal
2026-02-12 10:32:41.966686,Toronto-1205,10,81,Normal
2026-02-12 10:32:42.966686,Toronto-1205,9,28,Normal
2026-02-12 10:32:43.966686,Toronto-1205,49,61,Normal
2026-02-12 10:32:44.966686,Toronto-1205,-5,47,Normal
2026-02-12 10:32:45.966686,Toronto-1205,32,11,Normal
2026-02-12 10:32:46.966686,Toronto-1205,-21,4,Normal
2026-02-12 10:32:47.966686,Toronto-1205,-19,42,Normal
2026-02-12 10:32:48.966686,Toronto-1205,-22,45,Normal
2026-02-12 10:32:49.966686,Toronto-1205,-20,22,Normal
2026-02-12 10:32:50.966686,Toronto-1205,-27,26,Normal
2026-02-12 10:32:51.966686,Toronto-1205,24,35,Normal
2026-02-12 10:32:52.966686,Toronto-1205,-4,100,Normal
2026-02-12 10:32:53.966686,Toronto-1205,44,65,Normal
2026-02-12 10:32:54.966686,Toronto-1205,-14,77,Normal
2026-02-12 10:32:55.966686,Toronto-1205,20,88,Normal
2026-02-12 10:32:56.966686,Toronto-1205,-9,66,Normal
2026-02-12 10:32:57.966686,Toronto-1205,-15,1,Normal
2026-02-12 10:32:58.966686,Toronto-1205,35,70,Normal
2026-02-12 10:32:59.966686,Toronto-1205,37,38,Normal
2026-02-12 10:33:00.966686,Toronto-1205,33,28,Normal
2026-02-12 10:33:01.966686,Toronto-1205,31,49,Normal
2026-02-12 10:33:02.966686,Toronto-1205,50,79,Normal
2026-02-12 10:33:03.966686,Toronto-1205,-4,2,Normal
2026-02-12 10:33:04.966686,Toronto-1205,40,82,Normal
2026-02-12 10:33:05.966686,Toronto-1205,40,7,Normal
2026-02-12 10:33:06.966686,Toronto-1205,-17,11,Normal
2026-02-12 10:33:07.966686,Toronto-1205,24,60,Normal
2026-02-12 10:33:08.966686,Toronto-1205,30,65,Normal
2026-02-12 10:33:09.966686,Toronto-1205,23,78,Normal
2026-02-12 10:33:10.966686,Toronto-1205,-5,55,Normal
2026-02-12 10:33:11.966686,Toronto-1205,1,79,Normal
2026-02-12 10:33:12.966686,Toronto-1205,-16,80,Normal
2026-02-12 10:33:13.966686,Toronto-1205,42,47,Normal
2026-02-12 10:33:14.966686,Toronto-1205,-30,98,Normal
2026-02-12 10:33:15.966686,Toronto-1205,-13,70,Normal
2026-02-12 10:33:16.966686,Toronto-1205,-8,47,Normal
2026-02-12 10:33:17.966686,Toronto-1205,41,45,Normal
2026-02-12 10:33:18.966686,Toronto-1205,-25,25,Normal
2026-02-12 10:33:19.966686,Toronto-1205,21,12,Normal
2026-02-12 10:33:20.966686,Toronto-1205,3,23,Normal
2026-02-12 10:33:21.966686,Toronto-1205,9,10,Normal
2026-02-12 10:33:22.966686,Toronto-1205,9,61,Normal
2026-02-12 10:33:23.966686,Toronto-1205,-2,2,Normal
2026-02-12 10:33:24.966686,Toronto-1205,-5,76,Normal
2026-02-12 10:33:25.966686,Toronto-1205,23,69,Normal
2026-02-12 10:33:26.966686,Toronto-1205,14,66,Normal
2026-02-12 10:33:27.966686,Toronto-1205,22,43,Normal
2026-02-12 10:33:28.966686,Toronto-1205,-25,66,Normal
2026-02-12 10:33:29.966686,Toronto-1205,4,88,Normal
2026-02-12 10:33:30.966686,Toronto-1205,-1,91,Normal
2026-02-12 10:33:31.966686,Toronto-1205,-24,83,Normal
2026-02-12 10:33:32.966686,Toronto-1205,-8,6,Normal
2026-02-12 10:33:33.966686,Toronto-1205,17,67,Normal
2026-02-12 10:33:34.966686,Toronto-1205,-21,50,Normal
2026-02-12 10:33:35.966686,Toronto-1205,27,36,Normal
2026-02-12 10:33:36.966686,Toronto-1205,39,1,Normal
2026-02-12 10:33:37.966686,Toronto-1205,28,75,Normal
2026-02-12 10:33:38.966686,Toronto-1205,-3,77,Normal
2026-02-12 10:33:39.966686,Toronto-1205,10,74,Normal
2026-02-12 10:33:40.966686,Toronto-1205,9,62,Normal
2026-02-12 10:33:41.966686,Toronto-1205,39,37,Normal
2026-02-12 10:33:42.966686,Toronto-1205,-8,37,Normal
2026-02-12 10:33:43.966686,Toronto-1205,1,41,Normal
2026-02-12 10:33:44.966686,Toronto-1205,4,92,Normal
2026-02-12 10:33:45.966686,Toronto-1205,23,48,Normal
2026-02-12 10:33:46.966686,Toronto-1205,-1,77,Normal
2026-02-12 10:33:47.966686,Toronto-1205,37,35,Normal
2026-02-12 10:33:48.966686,Toronto-1205,24,93,Normal
2026-02-12 10:33:49.966686,Toronto-1205,2,31,Normal
2026-02-12 10:33:50.966686,Toronto-1205,-8,44,Normal
2026-02-12 10:33:51.966686,Toronto-1205,45,85,Normal
2026-02-12 10:33:52.966686,Toronto-1205,-18,86,Normal
2026-02-12 10:33:53.966686,Toronto-1205,-11,47,Normal
2026-02-12 10:33:54.966686,Toronto-1205,-8,21,Normal
2026-02-12 10:33:55.966686,Toronto-1205,-5,2,Normal
2026-02-12 10:33:56.966686,Toronto-1205,-29,16,Normal
2026-02-12 10:33:57.966686,Toronto-1205,1,66,Normal
2026-02-12 10:33:58.966686,Toronto-1205,-17,26,Normal
2026-02-12 10:33:59.966686,Toronto-1205,5,57,Normal
2026-02-12 10:34:00.966686,Toronto-1205,4,31,Normal
2026-02-12 10:34:01.966686,Toronto-1205,33,27,Normal
2026-02-12 10:34:02.966686,Toronto-1205,-13,20,Normal
2026-02-12 10:34:03.966686,Toronto-1205,-3,78,Normal
2026-02-12 10:34:04.966686,Toronto-1205,-19,58,Normal
2026-02-12 10:34:05.966686,Toronto-1205,3,32,Normal
2026-02-12 10:34:06.966686,Toronto-1205,43,89,Normal
2026-02-12 10:34:07.966686,Toronto-1205,30,57,Normal
2026-02-12 10:34:08.966686,Toronto-1205,33,66,Normal
2026-02-12 10:34:09.966686,Toronto-1205,45,33,Normal
2026-02-12 10:34:10.966686,Toronto-1205,41,90,Normal
2026-02-12 10:34:11.966686,Toronto-1205,15,83,Normal
2026-02-12 10:34:12.966686,Toronto-1205,6,17,Normal
2026-02-12 10:34:13.966686,Toronto-1205,-11,74,Normal
2026-02-12 10:34:14.966686,Toronto-1205,4,74,Normal
2026-02-12 10:34:15.966686,Toronto-1205,13,68,Normal
2026-02-12 10:34:16.966686,Toronto-1205,-3,36,Normal
2026-02-12 10:34:17.966686,Toronto-1205,-10,41,Normal
2026-02-12 10:34:18.966686,Toronto-1205,-27,18,Normal
2026-02-12 10:34:19.966686,Toronto-1205,6,75,Normal
2026-02-12 10:34:20.966686,Toronto-1205,45,2,Normal
2026-02-12 10:34:21.966686,Toronto-1205,16,32,Normal
2026-02-12 10:34:22.966686,Toronto-1205,42,90,Normal
2026-02-12 10:34:23.966686,Toronto-1205,-2,96,Normal
2026-02-12 10:34:24.966686,Toronto-1205,-12,22,Normal
2026-02-12 10:34:25.966686,Toronto-1205,43,28,Normal
2026-02-12 10:34:26.966686,Toronto-1205,-14,27,Normal
2026-02-12 10:34:27.966686,Toronto-1205,-11,31,Normal
2026-02-12 10:34:28.966686,Toronto-1205,26,26,Normal
2026-02-12 10:34:29.966686,Toronto-1205,-13,50,Normal
2026-02-12 10:34:30.966686,Toronto-1205,1,0,Normal
2026-02-12 10:34:31.966686,Toronto-1205,4,40,Normal
2026-02-12 10:34:32.966686,Toronto-1205,-24,7,Normal
2026-02-12 10:34:33.966686,Toronto-1205,14,36,Normal
2026-02-12 10:34:34.966686,Toronto-1205,-20,90,Normal
2026-02-12 10:34:35.966686,Toronto-1205,-12,19,Normal
2026-02-12 10:34:36.966686,Toronto-1205,5,73,Normal
2026-02-12 10:34:37.966686,Toronto-1205,39,10,Normal
2026-02-12 10:34:38.966686,Toronto-1205,39,64,Normal
2026-02-12 10:34:39.966686,Toronto-1205,19,92,Normal
2026-02-12 10:34:40.966686,Toronto-1205,-25,76,Normal
2026-02-12 10:34:41.966686,Toronto-1205,35,7,Normal
2026-02-12 10:34:42.966686,Toronto-1205,-27,45,Normal
2026-02-12 10:34:43.966686,Toronto-1205,-4,69,Normal
2026-02-12 10:34:44.966686,Toronto-1205,-12,80,Normal
2026-02-12 10:34:45.966686,Toronto-1205,10,13,Normal
2026-02-12 10:34:46.966686,Toronto-1205,43,78,Normal
2026-02-12 10:34:47.966686,Toronto-1205,-18,75,Normal
2026-02-12 10:34:48.966686,Toronto-1205,-24,82,Normal
2026-02-12 10:34:49.966686,Toronto-1205,-10,13,Normal
2026-02-12 10:34:50.966686,Toronto-1205,-9,76,Normal
2026-02-12 10:34:51.966686,Toronto-1205,32,28,Normal
2026-02-12 10:34:52.966686,Toronto-1205,-8,30,Normal
2026-02-12 10:34:53.966686,Toronto-1205,13,32,Normal
2026-02-12 10:34:54.966686,Toronto-1205,-11,12,Normal
2026-02-12 10:34:55.966686,Toronto-1205,-19,14,Normal
2026-02-12 10:34:56.966686,Toronto-1205,-11,49,Normal
2026-02-12 10:34:57.966686,Toronto-1205,46,46,Normal
2026-02-12 10:34:58.966686,Toronto-1205,-25,34,Normal
2026-02-12 10:34:59.966686,Toronto-1205,-4,16,Normal
2026-02-12 10:35:00.966686,Toronto-1205,-11,42,Normal
2026-02-12 10:35:01.966686,Toronto-1205,-4,45,Normal
2026-02-12 10:35:02.966686,Toronto-1205,13,31,Normal
2026-02-12 10:35:03.966686,Toronto-1205,40,31,Normal
2026-02-12 10:35:04.966686,Toronto-1205,43,3,Normal
2026-02-12 10:35:05.966686,Toronto-1205,44,73,Normal
2026-02-12 10:35:06.966686,Toronto-1205,39,67,Normal
2026-02-12 10:35:07.966686,Toronto-1205,46,39,Normal
2026-02-12 10:35:08.966686,Toronto-1205,-19,77,Normal
2026-02-12 10:35:09.966686,Toronto-1205,-23,14,Normal
2026-02-12 10:35:10.966686,Toronto-1205,-17,17,Normal
2026-02-12 10:35:11.966686,Toronto-1205,28,55,Normal
2026-02-12 10:35:12.966686,Toronto-1205,27,68,Normal
2026-02-12 10:35:13.966686,Toronto-1205,-16,67,Normal
2026-02-12 10:35:14.966686,Toronto-1205,-10,55,Normal
2026-02-12 10:35:15.966686,Toronto-1205,-4,11,Normal
2026-02-12 10:35:16.966686,Toronto-1205,15,14,Normal
2026-02-12 10:35:17.966686,Toronto-1205,25,99,Normal
2026-02-12 10:35:18.966686,Toronto-1205,30,84,Normal
2026-02-12 10:35:19.966686,Toronto-1205,32,35,Normal
2026-02-12 10:35:20.966686,Toronto-1205,-2,57,Normal
2026-02-12 10:35:21.966686,Toronto-1205,40,30,Normal
2026-02-12 10:35:22.966686,Toronto-1205,11,52,Normal
2026-02-12 10:35:23.966686,Toronto-1205,6,58,Normal
2026-02-12 10:35:24.966686,Toronto-1205,35,5,Normal
2026-02-12 10:35:25.966686,Toronto-1205,-6,45,Normal
2026-02-12 10:35:26.966686,Toronto-1205,-17,20,Normal
2026-02-12 10:35:27.966686,Toronto-1205,46,11,Normal
2026-02-12 10:35:28.966686,Toronto-1205,27,36,Normal
2026-02-12 10:35:29.966686,Toronto-1205,22,8,Normal
2026-02-12 10:35:30.966686,Toronto-1205,33,2,Normal
2026-02-12 10:35:31.966686,Toronto-1205,32,50,Normal
2026-02-12 10:35:32.966686,Toronto-1205,41,70,Normal
2026-02-12 10:35:33.966686,Toronto-1205,36,56,Normal
2026-02-12 10:35:34.966686,Toronto-1205,42,40,Normal
2026-02-12 10:35:35.966686,Toronto-1205,-4,64,Normal
2026-02-12 10:35:36.966686,Toronto-1205,6,9,Normal
2026-02-12 10:35:37.966686,Toronto-1205,7,87,Normal
2026-02-12 10:35:38.966686,Toronto-1205,6,95,Normal
2026-02-12 10:35:39.966686,Toronto-1205,39,16,Normal
2026-02-12 10:35:40.966686,Toronto-1205,35,39,Normal
2026-02-12 10:35:41.966686,Toronto-1205,-3,40,Normal
2026-02-12 10:35:42.966686,Toronto-1205,-15,32,Normal
2026-02-12 10:35:43.966686,Toronto-1205,46,60,Normal
2026-02-12 10:35:44.966686,Toronto-1205,13,38,Normal
2026-02-12 10:35:45.966686,Toronto-1205,16,10,Normal
2026-02-12 10:35:46.966686,Toronto-1205,-28,0,Normal
2026-02-12 10:35:47.966686,Toronto-1205,2,95,Normal
2026-02-12 10:35:48.966686,Toronto-1205,-19,11,Normal
2026-02-12 10:35:49.966686,Toronto-1205,-2,20,Normal
2026-02-12 10:35:50.966686,Toronto-1205,21,69,Normal
2026-02-12 10:35:51.966686,Toronto-1205,-15,45,Normal
2026-02-12 10:35:52.966686,Toronto-1205,-12,49,Normal
2026-02-12 10:35:53.966686,Toronto-1205,47,68,Normal
2026-02-12 10:35:54.966686,Toronto-1205,5,2,Normal
2026-02-12 10:35:55.966686,Toronto-1205,48,83,Normal
2026-02-12 10:35:56.966686,Toronto-1205,-3,90,Normal
2026-02-12 10:35:57.966686,Toronto-1205,0,73,Normal
2026-02-12 10:35:58.966686,Toronto-1205,-22,75,Normal
2026-02-12 10:35:59.966686,Toronto-1205,-2,8,Normal
2026-02-12 10:36:00.966686,Toronto-1205,38,88,Normal
2026-02-12 10:36:01.966686,Toronto-1205,-6,15,Normal
2026-02-12 10:36:02.966686,Toronto-1205,26,10,Normal
2026-02-12 10:36:03.966686,Toronto-1205,8,97,Normal
2026-02-12 10:36:04.966686,Toronto-1205,16,54,Normal
2026-02-12 10:36:05.966686,Toronto-1205,12,37,Normal
2026-02-12 10:36:06.966686,Toronto-1205,50,42,Normal
2026-02-12 10:36:07.966686,Toronto-1205,15,15,Normal
2026-02-12 10:36:08.966686,Toronto-1205,-15,95,Normal
2026-02-12 10:36:09.966686,Toronto-1205,-2,86,Normal
2026-02-12 10:36:10.966686,Toronto-1205,33,40,Normal
2026-02-12 10:36:11.966686,Toronto-1205,-2,91,Normal
2026-02-12 10:36:12.966686,Toronto-1205,-21,96,Normal
2026-02-12 10:36:13.966686,Toronto-1205,-26,51,Normal
2026-02-12 10:36:14.966686,Toronto-1205,22,24,Normal
2026-02-12 10:36:15.966686,Toronto-1205,32,19,Normal
2026-02-12 10:36:16.966686,Toronto-1205,-27,51,Normal
2026-02-12 10:36:17.966686,Toronto-1205,42,52,Normal
2026-02-12 10:36:18.966686,Toronto-1205,11,11,Normal
2026-02-12 10:36:19.966686,Toronto-1205,9,98,Normal
2026-02-12 10:36:20.966686,Toronto-1205,-17,70,Normal
2026-02-12 10:36:21.966686,Toronto-1205,-2,19,Normal
2026-02-12 10:36:22.966686,Toronto-1205,-23,50,Normal
2026-02-12 10:36:23.966686,Toronto-1205,29,73,Normal
2026-02-12 10:36:24.966686,Toronto-1205,-4,0,Normal
2026-02-12 10:36:25.966686,Toronto-1205,12,97,Normal
2026-02-12 10:36:26.966686,Toronto-1205,-26,97,Normal
2026-02-12 10:36:27.966686,Toronto-1205,17,8,Normal
2026-02-12 10:36:28.966686,Toronto-1205,-8,41,Normal
2026-02-12 10:36:29.966686,Toronto-1205,-20,27,Normal
2026-02-12 10:36:30.966686,Toronto-1205,21,35,Normal
2026-02-12 10:36:31.966686,Toronto-1205,29,4,Normal
2026-02-12 10:36:32.966686,Toronto-1205,1,79,Normal
2026-02-12 10:36:33.966686,Toronto-1205,2,54,Normal
2026-02-12 10:36:34.966686,Toronto-1205,26,14,Normal
2026-02-12 10:36:35.966686,Toronto-1205,31,15,Normal
2026-02-12 10:36:36.966686,Toronto-1205,35,43,Normal
2026-02-12 10:36:37.966686,Toronto-1205,31,23,Normal
2026-02-12 10:36:38.966686,Toronto-1205,12,80,Normal
2026-02-12 10:36:39.966686,Toronto-1205,17,64,Normal
2026-02-12 10:36:40.966686,Toronto-1205,-18,73,Normal
2026-02-12 10:36:41.966686,Toronto-1205,23,76,Normal
2026-02-12 10:36:42.966686,Toronto-1205,-5,22,Normal
2026-02-12 10:36:43.966686,Toronto-1205,-11,82,Normal
2026-02-12 10:36:44.966686,Toronto-1205,23,39,Normal
2026-02-12 10:36:45.966686,Toronto-1205,36,53,Normal
2026-02-12 10:36:46.966686,Toronto-1205,30,19,Normal
2026-02-12 10:36:47.966686,Toronto-1205,-23,3,Normal
2026-02-12 10:36:48.966686,Toronto-1205,-19,3,Normal
2026-02-12 10:36:49.966686,Toronto-1205,-19,33,Normal
2026-02-12 10:36:50.966686,Toronto-1205,26,69,Normal
2026-02-12 10:36:51.966686,Toronto-1205,9,18,Normal
2026-02-12 10:36:52.966686,Toronto-1205,41,56,Normal
2026-02-12 10:36:53.966686,Toronto-1205,-23,50,Normal
2026-02-12 10:36:54.966686,Toronto-1205,31,24,Normal
2026-02-12 10:36:55.966686,Toronto-1205,-14,36,Normal
2026-02-12 10:36:56.966686,Toronto-1205,-13,77,Normal
2026-02-12 10:36:57.966686,Toronto-1205,16,82,Normal
2026-02-12 10:36:58.966686,Toronto-1205,41,3,Normal
2026-02-12 10:36:59.966686,Toronto-1205,33,44,Normal
2026-02-12 10:37:00.966686,Toronto-1205,18,15,Normal
2026-02-12 10:37:01.966686,Toronto-1205,27,44,Normal
2026-02-12 10:37:02.966686,Toronto-1205,35,44,Normal
2026-02-12 10:37:03.966686,Toronto-1205,-29,15,Normal
2026-02-12 10:37:04.966686,Toronto-1205,34,38,Normal
2026-02-12 10:37:05.966686,Toronto-1205,27,2,Normal
2026-02-12 10:37:06.966686,Toronto-1205,32,70,Normal
2026-02-12 10:37:07.966686,Toronto-1205,29,90,Normal
2026-02-12 10:37:08.966686,Toronto-1205,32,39,Normal
2026-02-12 10:37:09.966686,Toronto-1205,12,52,Normal
2026-02-12 10:37:10.966686,Toronto-1205,42,90,Normal
2026-02-12 10:37:11.966686,Toronto-1205,12,88,Normal
2026-02-12 10:37:12.966686,Toronto-1205,13,57,Normal
2026-02-12 10:37:13.966686,Toronto-1205,-19,73,Normal
2026-02-12 10:37:14.966686,Toronto-1205,42,1,Normal
2026-02-12 10:37:15.966686,Toronto-1205,2,56,Normal
2026-02-12 10:37:16.966686,Toronto-1205,-30,31,Normal
2026-02-12 10:37:17.966686,Toronto-1205,-17,34,Normal
2026-02-12 10:37:18.966686,Toronto-1205,-13,4,Normal
2026-02-12 10:37:19.966686,Toronto-1205,20,16,Normal
2026-02-12 10:37:20.966686,Toronto-1205,2,60,Normal
2026-02-12 10:37:21.966686,Toronto-1205,43,26,Normal
2026-02-12 10:37:22.966686,Toronto-1205,-2,53,Normal
2026-02-12 10:37:23.966686,Toronto-1205,33,28,Normal
2026-02-12 10:37:24.966686,Toronto-1205,32,33,Normal
2026-02-12 10:37:25.966686,Toronto-1205,13,96,Normal
2026-02-12 10:37:26.966686,Toronto-1205,-16,94,Normal
2026-02-12 10:37:27.966686,Toronto-1205,37,96,Normal
2026-02-12 10:37:28.966686,Toronto-1205,20,98,Normal
2026-02-12 10:37:29.966686,Toronto-1205,5,89,Normal
2026-02-12 10:37:30.966686,Toronto-1205,16,1,Normal
2026-02-12 10:37:31.966686,Toronto-1205,36,93,Normal
2026-02-12 10:37:32.966686,Toronto-1205,-8,16,Normal
2026-02-12 10:37:33.966686,Toronto-1205,-26,64,Normal
2026-02-12 10:37:34.966686,Toronto-1205,12,3,Normal
2026-02-12 10:37:35.966686,Toronto-1205,49,32,Normal
2026-02-12 10:37:36.966686,Toronto-1205,29,53,Normal
2026-02-12 10:37:37.966686,Toronto-1205,33,88,Normal
2026-02-12 10:37:38.966686,Toronto-1205,3,54,Normal
2026-02-12 10:37:39.966686,Toronto-1205,-11,35,Normal
2026-02-12 10:37:40.966686,Toronto-1205,17,59,Normal
2026-02-12 10:37:41.966686,Toronto-1205,-25,3,Normal
2026-02-12 10:37:42.966686,Toronto-1205,-25,89,Normal
2026-02-12 10:37:43.966686,Toronto-1205,-4,86,Normal
2026-02-12 10:37:44.966686,Toronto-1205,-29,11,Normal
2026-02-12 10:37:45.966686,Toronto-1205,-1,69,Normal
2026-02-12 10:37:46.966686,Toronto-1205,-24,18,Normal
2026-02-12 10:37:47.966686,Toronto-1205,43,11,Normal
2026-02-12 10:37:48.966686,Toronto-1205,-16,50,Normal
2026-02-12 10:37:49.966686,Toronto-1205,-20,82,Normal
2026-02-12 10:37:50.966686,Toronto-1205,-17,94,Normal
2026-02-12 10:37:51.966686,Toronto-1205,-19,0,Normal
2026-02-12 10:37:52.966686,Toronto-1205,-5,70,Normal
2026-02-12 10:37:53.966686,Toronto-1205,21,43,Normal
2026-02-12 10:37:54.966686,Toronto-1205,14,57,Normal
2026-02-12 10:37:55.966686,Toronto-1205,15,62,Normal
2026-02-12 10:37:56.966686,Toronto-1205,-15,26,Normal
2026-02-12 10:37:57.966686,Toronto-1205,4,90,Normal
2026-02-12 10:37:58.966686,Toronto-1205,-28,72,Normal
2026-02-12 10:37:59.966686,Toronto-1205,-15,5,Normal
2026-02-12 10:38:00.966686,Toronto-1205,-5,92,Normal
2026-02-12 10:38:01.966686,Toronto-1205,-12,67,Normal
2026-02-12 10:38:02.966686,Toronto-1205,5,42,Normal
2026-02-12 10:38:03.966686,Toronto-1205,-22,52,Normal
2026-02-12 10:38:04.966686,Toronto-1205,-15,37,Normal
2026-02-12 10:38:05.966686,Toronto-1205,19,24,Normal
2026-02-12 10:38:06.966686,Toronto-1205,-28,43,Normal
2026-02-12 10:38:07.966686,Toronto-1205,46,38,Normal
2026-02-12 10:38:08.966686,Toronto-1205,-23,82,Normal
2026-02-12 10:38:09.966686,Toronto-1205,49,79,Normal
2026-02-12 10:38:10.966686,Toronto-1205,43,57,Normal
2026-02-12 10:38:11.966686,Toronto-1205,-29,69,Normal
2026-02-12 10:38:12.966686,Toronto-1205,13,44,Normal
2026-02-12 10:38:13.966686,Toronto-1205,-1,61,Normal
2026-02-12 10:38:14.966686,Toronto-1205,23,23,Normal
2026-02-12 10:38:15.966686,Toronto-1205,49,85,Normal
2026-02-12 10:38:16.966686,Toronto-1205,37,76,Normal
2026-02-12 10:38:17.966686,Toronto-1205,-20,82,Normal
2026-02-12 10:38:18.966686,Toronto-1205,12,97,Normal
2026-02-12 10:38:19.966686,Toronto-1205,8,72,Normal
2026-02-12 10:38:20.966686,Toronto-1205,-27,60,Normal
2026-02-12 10:38:21.966686,Toronto-1205,31,0,Normal
2026-02-12 10:38:22.966686,Toronto-1205,-6,56,Normal
2026-02-12 10:38:23.966686,Toronto-1205,37,1,Normal
2026-02-12 10:38:24.966686,Toronto-1205,36,0,Normal
2026-02-12 10:38:25.966686,Toronto-1205,-5,75,Normal
2026-02-12 10:38:26.966686,Toronto-1205,42,82,Normal
2026-02-12 10:38:27.966686,Toronto-1205,49,1,Normal
2026-02-12 10:38:28.966686,Toronto-1205,5,32,Normal
2026-02-12 10:38:29.966686,Toronto-1205,-24,3,Normal
2026-02-12 10:38:30.966686,Toronto-1205,-8,50,Normal
2026-02-12 10:38:31.966686,Toronto-1205,-15,33,Normal
2026-02-12 10:38:32.966686,Toronto-1205,-30,71,Normal
2026-02-12 10:38:33.966686,Toronto-1205,-10,4,Normal
2026-02-12 10:38:34.966686,Toronto-1205,41,39,Normal
2026-02-12 10:38:35.966686,Toronto-1205,21,66,Normal
2026-02-12 10:38:36.966686,Toronto-1205,15,30,Normal
2026-02-12 10:38:37.966686,Toronto-1205,-20,28,Normal
2026-02-12 10:38:38.966686,Toronto-1205,1,37,Normal
2026-02-12 10:38:39.966686,Toronto-1205,-9,92,Normal
2026-02-12 10:38:40.966686,Toronto-1205,36,47,Normal
2026-02-12 10:38:41.966686,Toronto-1205,25,13,Normal
2026-02-12 10:38:42.966686,Toronto-1205,-17,22,Normal
2026-02-12 10:38:43.966686,Toronto-1205,-27,4,Normal
2026-02-12 10:38:44.966686,Toronto-1205,-10,22,Normal
2026-02-12 10:38:45.966686,Toronto-1205,23,28,Normal
2026-02-12 10:38:46.966686,Toronto-1205,8,88,Normal
2026-02-12 10:38:47.966686,Toronto-1205,0,96,Normal
2026-02-12 10:38:48.966686,Toronto-1205,-12,87,Normal
2026-02-12 10:38:49.966686,Toronto-1205,-23,41,Normal
2026-02-12 10:38:50.966686,Toronto-1205,-1,3,Normal
2026-02-12 10:38:51.966686,Toronto-1205,6,45,Normal
2026-02-12 10:38:52.966686,Toronto-1205,-19,85,Normal
2026-02-12 10:38:53.966686,Toronto-1205,-3,77,Normal
2026-02-12 10:38:54.966686,Toronto-1205,-21,48,Normal
2026-02-12 10:38:55.966686,Toronto-1205,45,92,Normal
2026-02-12 10:38:56.966686,Toronto-1205,-28,73,Normal
2026-02-12 10:38:57.966686,Toronto-1205,33,4,Normal
2026-02-12 10:38:58.966686,Toronto-1205,25,53,Normal
2026-02-12 10:38:59.966686,Toronto-1205,18,9,Normal
2026-02-12 10:39:00.966686,Toronto-1205,23,79,Normal
2026-02-12 10:39:01.966686,Toronto-1205,-8,22,Normal
2026-02-12 10:39:02.966686,Toronto-1205,-18,24,Normal
2026-02-12 10:39:03.966686,Toronto-1205,-10,47,Normal
2026-02-12 10:39:04.966686,Toronto-1205,13,3,Normal
2026-02-12 10:39:05.966686,Toronto-1205,-24,20,Normal
2026-02-12 10:39:06.966686,Toronto-1205,26,12,Normal
2026-02-12 10:39:07.966686,Toronto-1205,-23,13,Normal
2026-02-12 10:39:08.966686,Toronto-1205,-19,48,Normal
2026-02-12 10:39:09.966686,Toronto-1205,28,36,Normal
2026-02-12 10:39:10.966686,Toronto-1205,42,87,Normal
2026-02-12 10:39:11.966686,Toronto-1205,-23,71,Normal
2026-02-12 10:39:12.966686,Toronto-1205,24,84,Normal
2026-02-12 10:39:13.966686,Toronto-1205,29,12,Normal
2026-02-12 10:39:14.966686,Toronto-1205,0,70,Normal
2026-02-12 10:39:15.966686,Toronto-1205,-3,57,Normal
2026-02-12 10:39:16.966686,Toronto-1205,-30,15,Normal
2026-02-12 10:39:17.966686,Toronto-1205,-27,4,Normal
2026-02-12 10:39:18.966686,Toronto-1205,-27,36,Normal
2026-02-12 10:39:19.966686,Toronto-1205,-20,10,Normal
2026-02-12 10:39:20.966686,Toronto-1205,1,28,Normal
2026-02-12 10:39:21.966686,Toronto-1205,28,63,Normal
2026-02-12 10:39:22.966686,Toronto-1205,48,10,Normal
2026-02-12 10:39:23.966686,Toronto-1205,47,74,Normal
2026-02-12 10:39:24.966686,Toronto-1205,35,42,Normal
2026-02-12 10:39:25.966686,Toronto-1205,34,63,Normal
2026-02-12 10:39:26.966686,Toronto-1205,-21,82,Normal
2026-02-12 10:39:27.966686,Toronto-1205,33,79,Normal
2026-02-12 10:39:28.966686,Toronto-1205,22,23,Normal
2026-02-12 10:39:29.966686,Toronto-1205,17,34,Normal
2026-02-12 10:39:30.966686,Toronto-1205,17,62,Normal
2026-02-12 10:39:31.966686,Toronto-1205,-27,5,Normal
2026-02-12 10:39:32.966686,Toronto-1205,32,23,Normal
2026-02-12 10:39:33.966686,Toronto-1205,5,58,Normal
2026-02-12 10:39:34.966686,Toronto-1205,47,5,Normal
2026-02-12 10:39:35.966686,Toronto-1205,5,45,Normal
2026-02-12 10:39:36.966686,Toronto-1205,-8,95,Normal
2026-02-12 10:39:37.966686,Toronto-1205,47,89,Normal
2026-02-12 10:39:38.966686,Toronto-1205,-28,34,Normal
2026-02-12 10:39:39.966686,Toronto-1205,-10,14,Normal
2026-02-12 10:39:40.966686,Toronto-1205,26,0,Normal
2026-02-12 10:39:41.966686,Toronto-1205,49,60,Normal
2026-02-12 10:39:42.966686,Toronto-1205,7,99,Normal
2026-02-12 10:39:43.966686,Toronto-1205,25,71,Normal
2026-02-12 10:39:44.966686,Toronto-1205,34,50,Normal
2026-02-12 10:39:45.966686,Toronto-1205,30,10,Normal
2026-02-12 10:39:46.966686,Toronto-1205,19,31,Normal
2026-02-12 10:39:47.966686,Toronto-1205,49,29,Normal
2026-02-12 10:39:48.966686,Toronto-1205,39,32,Normal
2026-02-12 10:39:49.966686,Toronto-1205,8,67,Normal
2026-02-12 10:39:50.966686,Toronto-1205,-23,18,Normal
2026-02-12 10:39:51.966686,Toronto-1205,34,94,Normal
2026-02-12 10:39:52.966686,Toronto-1205,45,40,Normal
2026-02-12 10:39:53.966686,Toronto-1205,31,12,Normal
2026-02-12 10:39:54.966686,Toronto-1205,41,1,Normal
2026-02-12 10:39:55.966686,Toronto-1205,-18,71,Normal
2026-02-12 10:39:56.966686,Toronto-1205,23,95,Normal
2026-02-12 10:39:57.966686,Toronto-1205,13,45,Normal
2026-02-12 10:39:58.966686,Toronto-1205,49,48,Normal
2026-02-12 10:39:59.966686,Toronto-1205,26,70,Normal
2026-02-12 10:40:00.966686,Toronto-1205,45,55,Normal
2026-02-12 10:40:01.966686,Toronto-1205,-15,26,Normal
2026-02-12 10:40:02.966686,Toronto-1205,15,95,Normal
2026-02-12 10:40:03.966686,Toronto-1205,-13,73,Normal
2026-02-12 10:40:04.966686,Toronto-1205,-26,19,Normal
2026-02-12 10:40:05.966686,Toronto-1205,43,13,Normal
2026-02-12 10:40:06.966686,Toronto-1205,-12,82,Normal
2026-02-12 10:40:07.966686,Toronto-1205,7,67,Normal
2026-02-12 10:40:08.966686,Toronto-1205,20,16,Normal
2026-02-12 10:40:09.966686,Toronto-1205,30,92,Normal
2026-02-12 10:40:10.966686,Toronto-1205,-28,42,Normal
2026-02-12 10:40:11.966686,Toronto-1205,38,97,Normal
2026-02-12 10:40:12.966686,Toronto-1205,34,76,Normal
2026-02-12 10:40:13.966686,Toronto-1205,10,13,Normal
2026-02-12 10:40:14.966686,Toronto-1205,-4,99,Normal
2026-02-12 10:40:15.966686,Toronto-1205,-13,7,Normal
2026-02-12 10:40:16.966686,Toronto-1205,7,16,Normal
2026-02-12 10:40:17.966686,Toronto-1205,10,64,Normal
2026-02-12 10:40:18.966686,Toronto-1205,37,44,Normal
2026-02-12 10:40:19.966686,Toronto-1205,15,91,Normal
2026-02-12 10:40:20.966686,Toronto-1205,13,80,Normal
2026-02-12 10:40:21.966686,Toronto-1205,-29,81,Normal
2026-02-12 10:40:22.966686,Toronto-1205,8,30,Normal
2026-02-12 10:40:23.966686,Toronto-1205,27,99,Normal
2026-02-12 10:40:24.966686,Toronto-1205,44,65,Normal
2026-02-12 10:40:25.966686,Toronto-1205,3,6,Normal
2026-02-12 10:40:26.966686,Toronto-1205,-9,94,Normal
2026-02-12 10:40:27.966686,Toronto-1205,15,60,Normal
2026-02-12 10:40:28.966686,Toronto-1205,-24,62,Normal
2026-02-12 10:40:29.966686,Toronto-1205,2,66,Normal
2026-02-12 10:40:30.966686,Toronto-1205,7,37,Normal
2026-02-12 10:40:31.966686,Toronto-1205,19,73,Normal
2026-02-12 10:40:32.966686,Toronto-1205,-2,62,Normal
2026-02-12 10:40:33.966686,Toronto-1205,40,20,Normal
2026-02-12 10:40:34.966686,Toronto-1205,-12,15,Normal
2026-02-12 10:40:35.966686,Toronto-1205,-17,96,Normal
2026-02-12 10:40:36.966686,Toronto-1205,4,63,Normal
2026-02-12 10:40:37.966686,Toronto-1205,-12,27,Normal
2026-02-12 10:40:38.966686,Toronto-1205,43,63,Normal
2026-02-12 10:40:39.966686,Toronto-1205,-30,27,Normal
2026-02-12 10:40:40.966686,Toronto-1205,1,27,Normal
2026-02-12 10:40:41.966686,Toronto-1205,-3,48,Normal
2026-02-12 10:40:42.966686,Toronto-1205,40,39,Normal
2026-02-12 10:40:43.966686,Toronto-1205,-4,47,Normal
2026-02-12 10:40:44.966686,Toronto-1205,-6,35,Normal
2026-02-12 10:40:45.966686,Toronto-1205,18,63,Normal
2026-02-12 10:40:46.966686,Toronto-1205,12,44,Normal
2026-02-12 10:40:47.966686,Toronto-1205,-16,56,Normal
2026-02-12 10:40:48.966686,Toronto-1205,50,90,Normal
2026-02-12 10:40:49.966686,Toronto-1205,-22,37,Normal
2026-02-12 10:40:50.966686,Toronto-1205,50,36,Normal
2026-02-12 10:40:51.966686,Toronto-1205,18,50,Normal
2026-02-12 10:40:52.966686,Toronto-1205,30,26,Normal
2026-02-12 10:40:53.966686,Toronto-1205,-14,13,Normal
2026-02-12 10:40:54.966686,Toronto-1205,32,34,Normal
2026-02-12 10:40:55.966686,Toronto-1205,-3,10,Normal
2026-02-12 10:40:56.966686,Toronto-1205,-12,26,Normal
2026-02-12 10:40:57.966686,Toronto-1205,-16,52,Normal
2026-02-12 10:40:58.966686,Toronto-1205,36,76,Normal
