timestamp,station_id,temp,humid,condition
2026-02-16 01:00:17.151445,Toronto-319f,-30,47,Normal
2026-02-16 01:00:18.151445,Toronto-319f,-13,35,Normal
2026-02-16 01:00:19.151445,Toronto-319f,10,32,Normal
2026-02-16 01:00:20.151445,Toronto-319f,-19,49,Normal
2026-02-16 01:00:21.151445,Toronto-319f,-17,55,Normal
2026-02-16 01:00:22.151445,Toronto-319f,-8,91,Normal
2026-02-16 01:00:23.151445,Toronto-319f,38,8,Normal
2026-02-16 01:00:24.151445,Toronto-319f,25,25,Normal
2026-02-16 01:00:25.151445,Toronto-319f,30,84,Normal
2026-02-16 01:00:26.151445,Toronto-319f,-19,7,Normal
2026-02-16 01:00:27.151445,Toronto-319f,14,32,Normal
2026-02-16 01:00:28.151445,Toronto-319f,21,57,Normal
2026-02-16 01:00:29.151445,Toronto-319f,-28,7,Normal
2026-02-16 01:00:30.151445,Toronto-319f,-12,9,Normal
2026-02-16 01:00:31.151445,Toronto-319f,-6,100,Normal
2026-02-16 01:00:32.151445,Toronto-319f,41,45,Normal
2026-02-16 01:00:33.151445,Toronto-319f,19,43,Normal
2026-02-16 01:00:34.151445,Toronto-319f,30,23,Normal
2026-02-16 01:00:35.151445,Toronto-319f,44,49,Normal
2026-02-16 01:00:36.151445,Toronto-319f,48,1,Normal
2026-02-16 01:00:37.151445,Toronto-319f,23,98,Normal
2026-02-16 01:00:38.151445,Toronto-319f,-17,9,Normal
2026-02-16 01:00:39.151445,Toronto-319f,45,98,Normal
2026-02-16 01:00:40.151445,Toronto-319f,9,7,Normal
2026-02-16 01:00:41.151445,Toronto-319f,-9,60,Normal
2026-02-16 01:00:42.151445,Toronto-319f,-3,79,Normal
2026-02-16 01:00:43.151445,Toronto-319f,50,21,Normal
2026-02-16 01:00:44.151445,Toronto-319f,43,84,Normal
2026-02-16 01:00:45.151445,Toronto-319f,5,5,Normal
2026-02-16 01:00:46.151445,Toronto-319f,44,89,Normal
2026-02-16 01:00:47.151445,Toronto-319f,-1,12,Normal
2026-02-16 01:00:48.151445,Toronto-319f,12,51,Normal
2026-02-16 01:00:49.151445,Toronto-319f,0,2,Normal
2026-02-16 01:00:50.151445,Toronto-319f,-14,94,Normal
2026-02-16 01:00:51.151445,Toronto-319f,34,27,Normal
2026-02-16 01:00:52.151445,Toronto-319f,43,51,Normal
2026-02-16 01:00:53.151445,Toronto-319f,36,49,Normal
2026-02-16 01:00:54.151445,Toronto-319f,-11,20,Normal
2026-02-16 01:00:55.151445,Toronto-319f,-9,30,Normal
2026-02-16 01:00:56.151445,Toronto-319f,39,5,Normal
2026-02-16 01:00:57.151445,Toronto-319f,18,71,Normal
2026-02-16 01:00:58.151445,Toronto-319f,-18,28,Normal
2026-02-16 01:00:59.151445,Toronto-319f,-9,46,Normal
2026-02-16 01:01:00.151445,Toronto-319f,2,87,Normal
2026-02-16 01:01:01.151445,Toronto-319f,-18,10,Normal
2026-02-16 01:01:02.151445,Toronto-319f,-27,62,Normal
2026-02-16 01:01:03.151445,Toronto-319f,27,59,Normal
2026-02-16 01:01:04.151445,Toronto-319f,20,43,Normal
2026-02-16 01:01:05.151445,Toronto-319f,25,39,Normal
2026-02-16 01:01:06.151445,Toronto-319f,0,60,Normal
2026-02-16 01:01:07.151445,Toronto-319f,40,34,Normal
2026-02-16 01:01:08.151445,Toronto-319f,-13,7,Normal
2026-02-16 01:01:09.151445,Toronto-319f,26,5,Normal
2026-02-16 01:01:10.151445,Toronto-319f,-13,86,Normal
2026-02-16 01:01:11.151445,Toronto-319f,44,57,Normal
2026-02-16 01:01:12.151445,Toronto-319f,3,59,Normal
2026-02-16 01:01:13.151445,Toronto-319f,-23,17,Normal
2026-02-16 01:01:14.151445,Toronto-319f,23,77,Normal
2026-02-16 01:01:15.151445,Toronto-319f,6,87,Normal
2026-02-16 01:01:16.151445,Toronto-319f,-24,71,Normal
2026-02-16 01:01:17.151445,Toronto-319f,1,28,Normal
2026-02-16 01:01:18.151445,Toronto-319f,10,39,Normal
2026-02-16 01:01:19.151445,Toronto-319f,42,69,Normal
2026-02-16 01:01:20.151445,Toronto-319f,46,43,Normal
2026-02-16 01:01:21.151445,Toronto-319f,37,55,Normal
2026-02-16 01:01:22.151445,Toronto-319f,13,20,Normal
2026-02-16 01:01:23.151445,Toronto-319f,50,77,Normal
2026-02-16 01:01:24.151445,Toronto-319f,32,91,Normal
2026-02-16 01:01:25.151445,Toronto-319f,-27,53,Normal
2026-02-16 01:01:26.151445,Toronto-319f,-17,90,Normal
2026-02-16 01:01:27.151445,Toronto-319f,0,21,Normal
2026-02-16 01:01:28.151445,Toronto-319f,30,56,Normal
2026-02-16 01:01:29.151445,Toronto-319f,2,52,Normal
2026-02-16 01:01:30.151445,Toronto-319f,-27,82,Normal
2026-02-16 01:01:31.151445,Toronto-319f,9,45,Normal
2026-02-16 01:01:32.151445,Toronto-319f,19,76,Normal
2026-02-16 01:01:33.151445,Toronto-319f,36,47,Normal
2026-02-16 01:01:34.151445,Toronto-319f,16,79,Normal
2026-02-16 01:01:35.151445,Toronto-319f,-22,90,Normal
2026-02-16 01:01:36.151445,Toronto-319f,47,17,Normal
2026-02-16 01:01:37.151445,Toronto-319f,20,26,Normal
2026-02-16 01:01:38.151445,Toronto-319f,-11,23,Normal
2026-02-16 01:01:39.151445,Toronto-319f,-24,28,Normal
2026-02-16 01:01:40.151445,Toronto-319f,43,27,Normal
2026-02-16 01:01:41.151445,Toronto-319f,-15,67,Normal
2026-02-16 01:01:42.151445,Toronto-319f,-18,48,Normal
2026-02-16 01:01:43.151445,Toronto-319f,45,55,Normal
2026-02-16 01:01:44.151445,Toronto-319f,-18,27,Normal
2026-02-16 01:01:45.151445,Toronto-319f,33,86,Normal
2026-02-16 01:01:46.151445,Toronto-319f,-22,37,Normal
2026-02-16 01:01:47.151445,Toronto-319f,3,21,Normal
2026-02-16 01:01:48.151445,Toronto-319f,34,10,Normal
2026-02-16 01:01:49.151445,Toronto-319f,3,25,Normal
2026-02-16 01:01:50.151445,Toronto-319f,-17,18,Normal
2026-02-16 01:01:51.151445,Toronto-319f,-2,27,Normal
2026-02-16 01:01:52.151445,Toronto-319f,-20,72,Normal
2026-02-16 01:01:53.151445,Toronto-319f,1,5,Normal
2026-02-16 01:01:54.151445,Toronto-319f,27,71,Normal
2026-02-16 01:01:55.151445,Toronto-319f,4,16,Normal
2026-02-16 01:01:56.151445,Toronto-319f,-18,41,Normal
2026-02-16 01:01:57.151445,Toronto-319f,28,85,Normal
2026-02-16 01:01:58.151445,Toronto-319f,-12,2,Normal
2026-02-16 01:01:59.151445,Toronto-319f,-17,82,Normal
2026-02-16 01:02:00.151445,Toronto-319f,45,32,Normal
2026-02-16 01:02:01.151445,Toronto-319f,46,82,Normal
2026-02-16 01:02:02.151445,Toronto-319f,-3,54,Normal
2026-02-16 01:02:03.151445,Toronto-319f,-18,83,Normal
2026-02-16 01:02:04.151445,Toronto-319f,36,73,Normal
2026-02-16 01:02:05.151445,Toronto-319f,3,28,Normal
2026-02-16 01:02:06.151445,Toronto-319f,12,27,Normal
2026-02-16 01:02:07.151445,Toronto-319f,-24,48,Normal
2026-02-16 01:02:08.151445,Toronto-319f,11,87,Normal
2026-02-16 01:02:09.151445,Toronto-319f,9,18,Normal
2026-02-16 01:02:10.151445,Toronto-319f,-10,45,Normal
2026-02-16 01:02:11.151445,Toronto-319f,-30,27,Normal
2026-02-16 01:02:12.151445,Toronto-319f,-19,48,Normal
2026-02-16 01:02:13.151445,Toronto-319f,21,7,Normal
2026-02-16 01:02:14.151445,Toronto-319f,-1,95,Normal
2026-02-16 01:02:15.151445,Toronto-319f,-16,10,Normal
2026-02-16 01:02:16.151445,Toronto-319f,48,39,Normal
2026-02-16 01:02:17.151445,Toronto-319f,0,92,Normal
2026-02-16 01:02:18.151445,Toronto-319f,-23,59,Normal
2026-02-16 01:02:19.151445,Toronto-319f,-19,8,Normal
2026-02-16 01:02:20.151445,Toronto-319f,14,8,Normal
2026-02-16 01:02:21.151445,Toronto-319f,21,70,Normal
2026-02-16 01:02:22.151445,Toronto-319f,-21,7,Normal
2026-02-16 01:02:23.151445,Toronto-319f,10,28,Normal
2026-02-16 01:02:24.151445,Toronto-319f,25,68,Normal
2026-02-16 01:02:25.151445,Toronto-319f,13,84,Normal
2026-02-16 01:02:26.151445,Toronto-319f,-8,84,Normal
2026-02-16 01:02:27.151445,Toronto-319f,-13,81,Normal
2026-02-16 01:02:28.151445,Toronto-319f,37,15,Normal
2026-02-16 01:02:29.151445,Toronto-319f,6,98,Normal
2026-02-16 01:02:30.151445,Toronto-319f,-29,65,Normal
2026-02-16 01:02:31.151445,Toronto-319f,46,49,Normal
2026-02-16 01:02:32.151445,Toronto-319f,1,85,Normal
2026-02-16 01:02:33.151445,Toronto-319f,-11,30,Normal
2026-02-16 01:02:34.151445,Toronto-319f,-2,65,Normal
2026-02-16 01:02:35.151445,Toronto-319f,30,35,Normal
2026-02-16 01:02:36.151445,Toronto-319f,17,37,Normal
2026-02-16 01:02:37.151445,Toronto-319f,33,14,Normal
2026-02-16 01:02:38.151445,Toronto-319f,34,58,Normal
2026-02-16 01:02:39.151445,Toronto-319f,13,82,Normal
2026-02-16 01:02:40.151445,Toronto-319f,46,30,Normal
2026-02-16 01:02:41.151445,Toronto-319f,39,34,Normal
2026-02-16 01:02:42.151445,Toronto-319f,26,11,Normal
2026-02-16 01:02:43.151445,Toronto-319f,-13,87,Normal
2026-02-16 01:02:44.151445,Toronto-319f,28,73,Normal
2026-02-16 01:02:45.151445,Toronto-319f,-16,54,Normal
2026-02-16 01:02:46.151445,Toronto-319f,-18,76,Normal
2026-02-16 01:02:47.151445,Toronto-319f,-15,76,Normal
2026-02-16 01:02:48.151445,Toronto-319f,2,21,Normal
2026-02-16 01:02:49.151445,Toronto-319f,-30,67,Normal
2026-02-16 01:02:50.151445,Toronto-319f,43,45,Normal
2026-02-16 01:02:51.151445,Toronto-319f,-5,8,Normal
2026-02-16 01:02:52.151445,Toronto-319f,-19,7,Normal
2026-02-16 01:02:53.151445,Toronto-319f,26,18,Normal
2026-02-16 01:02:54.151445,Toronto-319f,-28,69,Normal
2026-02-16 01:02:55.151445,Toronto-319f,9,50,Normal
2026-02-16 01:02:56.151445,Toronto-319f,37,59,Normal
2026-02-16 01:02:57.151445,Toronto-319f,3,83,Normal
2026-02-16 01:02:58.151445,Toronto-319f,-7,39,Normal
2026-02-16 01:02:59.151445,Toronto-319f,30,79,Normal
2026-02-16 01:03:00.151445,Toronto-319f,22,42,Normal
2026-02-16 01:03:01.151445,Toronto-319f,-5,16,Normal
2026-02-16 01:03:02.151445,Toronto-319f,40,55,Normal
2026-02-16 01:03:03.151445,Toronto-319f,22,54,Normal
2026-02-16 01:03:04.151445,Toronto-319f,2,71,Normal
2026-02-16 01:03:05.151445,Toronto-319f,23,12,Normal
2026-02-16 01:03:06.151445,Toronto-319f,41,99,Normal
2026-02-16 01:03:07.151445,Toronto-319f,13,42,Normal
2026-02-16 01:03:08.151445,Toronto-319f,22,33,Normal
2026-02-16 01:03:09.151445,Toronto-319f,28,37,Normal
2026-02-16 01:03:10.151445,Toronto-319f,50,66,Normal
2026-02-16 01:03:11.151445,Toronto-319f,15,33,Normal
2026-02-16 01:03:12.151445,Toronto-319f,28,35,Normal
2026-02-16 01:03:13.151445,Toronto-319f,-18,4,Normal
2026-02-16 01:03:14.151445,Toronto-319f,-15,91,Normal
2026-02-16 01:03:15.151445,Toronto-319f,-10,8,Normal
2026-02-16 01:03:16.151445,Toronto-319f,-30,10,Normal
2026-02-16 01:03:17.151445,Toronto-319f,46,85,Normal
2026-02-16 01:03:18.151445,Toronto-319f,14,16,Normal
2026-02-16 01:03:19.151445,Toronto-319f,26,90,Normal
2026-02-16 01:03:20.151445,Toronto-319f,-12,73,Normal
2026-02-16 01:03:21.151445,Toronto-319f,16,49,Normal
2026-02-16 01:03:22.151445,Toronto-319f,49,90,Normal
2026-02-16 01:03:23.151445,Toronto-319f,14,66,Normal
2026-02-16 01:03:24.151445,Toronto-319f,45,78,Normal
2026-02-16 01:03:25.151445,Toronto-319f,12,12,Normal
2026-02-16 01:03:26.151445,Toronto-319f,42,70,Normal
2026-02-16 01:03:27.151445,Toronto-319f,33,34,Normal
2026-02-16 01:03:28.151445,Toronto-319f,16,3,Normal
2026-02-16 01:03:29.151445,Toronto-319f,-9,46,Normal
2026-02-16 01:03:30.151445,Toronto-319f,-21,31,Normal
2026-02-16 01:03:31.151445,Toronto-319f,40,92,Normal
2026-02-16 01:03:32.151445,Toronto-319f,38,24,Normal
2026-02-16 01:03:33.151445,Toronto-319f,40,40,Normal
2026-02-16 01:03:34.151445,Toronto-319f,-22,87,Normal
2026-02-16 01:03:35.151445,Toronto-319f,10,18,Normal
2026-02-16 01:03:36.151445,Toronto-319f,-30,62,Normal
2026-02-16 01:03:37.151445,Toronto-319f,-25,37,Normal
2026-02-16 01:03:38.151445,Toronto-319f,34,48,Normal
2026-02-16 01:03:39.151445,Toronto-319f,-15,91,Normal
2026-02-16 01:03:40.151445,Toronto-319f,44,39,Normal
2026-02-16 01:03:41.151445,Toronto-319f,50,53,Normal
2026-02-16 01:03:42.151445,Toronto-319f,14,44,Normal
2026-02-16 01:03:43.151445,Toronto-319f,-12,53,Normal
2026-02-16 01:03:44.151445,Toronto-319f,10,18,Normal
2026-02-16 01:03:45.151445,Toronto-319f,-25,86,Normal
2026-02-16 01:03:46.151445,Toronto-319f,-16,16,Normal
2026-02-16 01:03:47.151445,Toronto-319f,-9,48,Normal
2026-02-16 01:03:48.151445,Toronto-319f,-26,41,Normal
2026-02-16 01:03:49.151445,Toronto-319f,2,91,Normal
2026-02-16 01:03:50.151445,Toronto-319f,-19,52,Normal
2026-02-16 01:03:51.151445,Toronto-319f,19,11,Normal
2026-02-16 01:03:52.151445,Toronto-319f,23,44,Normal
2026-02-16 01:03:53.151445,Toronto-319f,42,69,Normal
2026-02-16 01:03:54.151445,Toronto-319f,-24,91,Normal
2026-02-16 01:03:55.151445,Toronto-319f,14,20,Normal
2026-02-16 01:03:56.151445,Toronto-319f,21,84,Normal
2026-02-16 01:03:57.151445,Toronto-319f,26,90,Normal
2026-02-16 01:03:58.151445,Toronto-319f,-5,0,Normal
2026-02-16 01:03:59.151445,Toronto-319f,2,67,Normal
2026-02-16 01:04:00.151445,Toronto-319f,-27,46,Normal
2026-02-16 01:04:01.151445,Toronto-319f,-24,98,Normal
2026-02-16 01:04:02.151445,Toronto-319f,47,77,Normal
2026-02-16 01:04:03.151445,Toronto-319f,46,47,Normal
2026-02-16 01:04:04.151445,Toronto-319f,31,9,Normal
2026-02-16 01:04:05.151445,Toronto-319f,33,45,Normal
2026-02-16 01:04:06.151445,Toronto-319f,21,61,Normal
2026-02-16 01:04:07.151445,Toronto-319f,-18,94,Normal
2026-02-16 01:04:08.151445,Toronto-319f,47,78,Normal
2026-02-16 01:04:09.151445,Toronto-319f,20,47,Normal
2026-02-16 01:04:10.151445,Toronto-319f,-7,49,Normal
2026-02-16 01:04:11.151445,Toronto-319f,9,79,Normal
2026-02-16 01:04:12.151445,Toronto-319f,12,2,Normal
2026-02-16 01:04:13.151445,Toronto-319f,9,61,Normal
2026-02-16 01:04:14.151445,Toronto-319f,40,20,Normal
2026-02-16 01:04:15.151445,Toronto-319f,3,12,Normal
2026-02-16 01:04:16.151445,Toronto-319f,37,88,Normal
2026-02-16 01:04:17.151445,Toronto-319f,36,30,Normal
2026-02-16 01:04:18.151445,Toronto-319f,34,14,Normal
2026-02-16 01:04:19.151445,Toronto-319f,43,85,Normal
2026-02-16 01:04:20.151445,Toronto-319f,42,45,Normal
2026-02-16 01:04:21.151445,Toronto-319f,-8,45,Normal
2026-02-16 01:04:22.151445,Toronto-319f,-29,43,Normal
2026-02-16 01:04:23.151445,Toronto-319f,-27,44,Normal
2026-02-16 01:04:24.151445,Toronto-319f,41,95,Normal
2026-02-16 01:04:25.151445,Toronto-319f,47,17,Normal
2026-02-16 01:04:26.151445,Toronto-319f,49,73,Normal
2026-02-16 01:04:27.151445,Toronto-319f,-26,88,Normal
2026-02-16 01:04:28.151445,Toronto-319f,9,90,Normal
2026-02-16 01:04:29.151445,Toronto-319f,24,41,Normal
2026-02-16 01:04:30.151445,Toronto-319f,2,63,Normal
2026-02-16 01:04:31.151445,Toronto-319f,29,8,Normal
2026-02-16 01:04:32.151445,Toronto-319f,-8,56,Normal
2026-02-16 01:04:33.151445,Toronto-319f,2,37,Normal
2026-02-16 01:04:34.151445,Toronto-319f,10,47,Normal
2026-02-16 01:04:35.151445,Toronto-319f,41,19,Normal
2026-02-16 01:04:36.151445,Toronto-319f,-12,56,Normal
2026-02-16 01:04:37.151445,Toronto-319f,-17,15,Normal
2026-02-16 01:04:38.151445,Toronto-319f,-21,77,Normal
2026-02-16 01:04:39.151445,Toronto-319f,19,97,Normal
2026-02-16 01:04:40.151445,Toronto-319f,17,37,Normal
2026-02-16 01:04:41.151445,Toronto-319f,2,45,Normal
2026-02-16 01:04:42.151445,Toronto-319f,-4,56,Normal
2026-02-16 01:04:43.151445,Toronto-319f,38,40,Normal
2026-02-16 01:04:44.151445,Toronto-319f,42,19,Normal
2026-02-16 01:04:45.151445,Toronto-319f,26,1,Normal
2026-02-16 01:04:46.151445,Toronto-319f,49,63,Normal
2026-02-16 01:04:47.151445,Toronto-319f,-17,26,Normal
2026-02-16 01:04:48.151445,Toronto-319f,31,91,Normal
2026-02-16 01:04:49.151445,Toronto-319f,-28,10,Normal
2026-02-16 01:04:50.151445,Toronto-319f,11,17,Normal
2026-02-16 01:04:51.151445,Toronto-319f,45,81,Normal
2026-02-16 01:04:52.151445,Toronto-319f,48,45,Normal
2026-02-16 01:04:53.151445,Toronto-319f,31,15,Normal
2026-02-16 01:04:54.151445,Toronto-319f,47,80,Normal
2026-02-16 01:04:55.151445,Toronto-319f,-3,42,Normal
2026-02-16 01:04:56.151445,Toronto-319f,-20,63,Normal
2026-02-16 01:04:57.151445,Toronto-319f,29,88,Normal
2026-02-16 01:04:58.151445,Toronto-319f,45,62,Normal
2026-02-16 01:04:59.151445,Toronto-319f,10,64,Normal
2026-02-16 01:05:00.151445,Toronto-319f,49,68,Normal
2026-02-16 01:05:01.151445,Toronto-319f,17,90,Normal
2026-02-16 01:05:02.151445,Toronto-319f,7,64,Normal
2026-02-16 01:05:03.151445,Toronto-319f,10,43,Normal
2026-02-16 01:05:04.151445,Toronto-319f,14,61,Normal
2026-02-16 01:05:05.151445,Toronto-319f,-29,90,Normal
2026-02-16 01:05:06.151445,Toronto-319f,49,80,Normal
2026-02-16 01:05:07.151445,Toronto-319f,21,1,Normal
2026-02-16 01:05:08.151445,Toronto-319f,-21,42,Normal
2026-02-16 01:05:09.151445,Toronto-319f,44,79,Normal
2026-02-16 01:05:10.151445,Toronto-319f,45,58,Normal
2026-02-16 01:05:11.151445,Toronto-319f,29,36,Normal
2026-02-16 01:05:12.151445,Toronto-319f,49,71,Normal
2026-02-16 01:05:13.151445,Toronto-319f,-18,38,Normal
2026-02-16 01:05:14.151445,Toronto-319f,-21,89,Normal
2026-02-16 01:05:15.151445,Toronto-319f,11,68,Normal
2026-02-16 01:05:16.151445,Toronto-319f,-14,54,Normal
2026-02-16 01:05:17.151445,Toronto-319f,-8,5,Normal
2026-02-16 01:05:18.151445,Toronto-319f,24,49,Normal
2026-02-16 01:05:19.151445,Toronto-319f,18,77,Normal
2026-02-16 01:05:20.151445,Toronto-319f,35,38,Normal
2026-02-16 01:05:21.151445,Toronto-319f,13,85,Normal
2026-02-16 01:05:22.151445,Toronto-319f,38,73,Normal
2026-02-16 01:05:23.151445,Toronto-319f,-4,79,Normal
2026-02-16 01:05:24.151445,Toronto-319f,49,11,Normal
2026-02-16 01:05:25.151445,Toronto-319f,36,92,Normal
2026-02-16 01:05:26.151445,Toronto-319f,20,4,Normal
2026-02-16 01:05:27.151445,Toronto-319f,33,13,Normal
2026-02-16 01:05:28.151445,Toronto-319f,-16,76,Normal
2026-02-16 01:05:29.151445,Toronto-319f,-20,20,Normal
2026-02-16 01:05:30.151445,Toronto-319f,22,23,Normal
2026-02-16 01:05:31.151445,Toronto-319f,18,56,Normal
2026-02-16 01:05:32.151445,Toronto-319f,-27,59,Normal
2026-02-16 01:05:33.151445,Toronto-319f,12,97,Normal
2026-02-16 01:05:34.151445,Toronto-319f,17,1,Normal
2026-02-16 01:05:35.151445,Toronto-319f,15,30,Normal
2026-02-16 01:05:36.151445,Toronto-319f,7,59,Normal
2026-02-16 01:05:37.151445,Toronto-319f,-9,91,Normal
2026-02-16 01:05:38.151445,Toronto-319f,23,89,Normal
2026-02-16 01:05:39.151445,Toronto-319f,21,30,Normal
2026-02-16 01:05:40.151445,Toronto-319f,49,78,Normal
2026-02-16 01:05:41.151445,Toronto-319f,-29,2,Normal
2026-02-16 01:05:42.151445,Toronto-319f,-30,48,Normal
2026-02-16 01:05:43.151445,Toronto-319f,35,73,Normal
2026-02-16 01:05:44.151445,Toronto-319f,-18,60,Normal
2026-02-16 01:05:45.151445,Toronto-319f,-25,4,Normal
2026-02-16 01:05:46.151445,Toronto-319f,-18,25,Normal
2026-02-16 01:05:47.151445,Toronto-319f,10,19,Normal
2026-02-16 01:05:48.151445,Toronto-319f,33,56,Normal
2026-02-16 01:05:49.151445,Toronto-319f,44,84,Normal
2026-02-16 01:05:50.151445,Toronto-319f,29,55,Normal
2026-02-16 01:05:51.151445,Toronto-319f,-28,54,Normal
2026-02-16 01:05:52.151445,Toronto-319f,44,53,Normal
2026-02-16 01:05:53.151445,Toronto-319f,-2,99,Normal
2026-02-16 01:05:54.151445,Toronto-319f,20,55,Normal
2026-02-16 01:05:55.151445,Toronto-319f,-6,68,Normal
2026-02-16 01:05:56.151445,Toronto-319f,-29,41,Normal
2026-02-16 01:05:57.151445,Toronto-319f,-19,35,Normal
2026-02-16 01:05:58.151445,Toronto-319f,16,22,Normal
2026-02-16 01:05:59.151445,Toronto-319f,35,20,Normal
2026-02-16 01:06:00.151445,Toronto-319f,16,21,Normal
2026-02-16 01:06:01.151445,Toronto-319f,-4,53,Normal
2026-02-16 01:06:02.151445,Toronto-319f,1,53,Normal
2026-02-16 01:06:03.151445,Toronto-319f,35,41,Normal
2026-02-16 01:06:04.151445,Toronto-319f,46,80,Normal
2026-02-16 01:06:05.151445,Toronto-319f,8,69,Normal
2026-02-16 01:06:06.151445,Toronto-319f,4,93,Normal
2026-02-16 01:06:07.151445,Toronto-319f,40,69,Normal
2026-02-16 01:06:08.151445,Toronto-319f,29,27,Normal
2026-02-16 01:06:09.151445,Toronto-319f,20,37,Normal
2026-02-16 01:06:10.151445,Toronto-319f,19,51,Normal
2026-02-16 01:06:11.151445,Toronto-319f,44,97,Normal
2026-02-16 01:06:12.151445,Toronto-319f,-10,63,Normal
2026-02-16 01:06:13.151445,Toronto-319f,8,28,Normal
2026-02-16 01:06:14.151445,Toronto-319f,2,35,Normal
2026-02-16 01:06:15.151445,Toronto-319f,-23,12,Normal
2026-02-16 01:06:16.151445,Toronto-319f,2,49,Normal
2026-02-16 01:06:17.151445,Toronto-319f,-29,71,Normal
2026-02-16 01:06:18.151445,Toronto-319f,32,19,Normal
2026-02-16 01:06:19.151445,Toronto-319f,34,75,Normal
2026-02-16 01:06:20.151445,Toronto-319f,-5,37,Normal
2026-02-16 01:06:21.151445,Toronto-319f,-5,82,Normal
2026-02-16 01:06:22.151445,Toronto-319f,1,95,Normal
2026-02-16 01:06:23.151445,Toronto-319f,6,55,Normal
2026-02-16 01:06:24.151445,Toronto-319f,5,4,Normal
2026-02-16 01:06:25.151445,Toronto-319f,-20,58,Normal
2026-02-16 01:06:26.151445,Toronto-319f,44,57,Normal
2026-02-16 01:06:27.151445,Toronto-319f,5,42,Normal
2026-02-16 01:06:28.151445,Toronto-319f,39,79,Normal
2026-02-16 01:06:29.151445,Toronto-319f,-11,80,Normal
2026-02-16 01:06:30.151445,Toronto-319f,32,61,Normal
2026-02-16 01:06:31.151445,Toronto-319f,-2,42,Normal
2026-02-16 01:06:32.151445,Toronto-319f,34,26,Normal
2026-02-16 01:06:33.151445,Toronto-319f,39,66,Normal
2026-02-16 01:06:34.151445,Toronto-319f,28,49,Normal
2026-02-16 01:06:35.151445,Toronto-319f,8,4,Normal
2026-02-16 01:06:36.151445,Toronto-319f,-21,61,Normal
2026-02-16 01:06:37.151445,Toronto-319f,6,35,Normal
2026-02-16 01:06:38.151445,Toronto-319f,-16,39,Normal
2026-02-16 01:06:39.151445,Toronto-319f,-30,74,Normal
2026-02-16 01:06:40.151445,Toronto-319f,15,96,Normal
2026-02-16 01:06:41.151445,Toronto-319f,-2,96,Normal
2026-02-16 01:06:42.151445,Toronto-319f,50,25,Normal
2026-02-16 01:06:43.151445,Toronto-319f,15,38,Normal
2026-02-16 01:06:44.151445,Toronto-319f,15,86,Normal
2026-02-16 01:06:45.151445,Toronto-319f,-20,100,Normal
2026-02-16 01:06:46.151445,Toronto-319f,47,61,Normal
2026-02-16 01:06:47.151445,Toronto-319f,17,90,Normal
2026-02-16 01:06:48.151445,Toronto-319f,0,64,Normal
2026-02-16 01:06:49.151445,Toronto-319f,-12,28,Normal
2026-02-16 01:06:50.151445,Toronto-319f,21,88,Normal
2026-02-16 01:06:51.151445,Toronto-319f,20,100,Normal
2026-02-16 01:06:52.151445,Toronto-319f,0,30,Normal
2026-02-16 01:06:53.151445,Toronto-319f,-10,34,Normal
2026-02-16 01:06:54.151445,Toronto-319f,28,80,Normal
2026-02-16 01:06:55.151445,Toronto-319f,15,39,Normal
2026-02-16 01:06:56.151445,Toronto-319f,-22,45,Normal
2026-02-16 01:06:57.151445,Toronto-319f,31,30,Normal
2026-02-16 01:06:58.151445,Toronto-319f,34,38,Normal
2026-02-16 01:06:59.151445,Toronto-319f,46,81,Normal
2026-02-16 01:07:00.151445,Toronto-319f,32,5,Normal
2026-02-16 01:07:01.151445,Toronto-319f,-5,13,Normal
2026-02-16 01:07:02.151445,Toronto-319f,6,51,Normal
2026-02-16 01:07:03.151445,Toronto-319f,3,59,Normal
2026-02-16 01:07:04.151445,Toronto-319f,32,6,Normal
2026-02-16 01:07:05.151445,Toronto-319f,39,33,Normal
2026-02-16 01:07:06.151445,Toronto-319f,21,0,Normal
2026-02-16 01:07:07.151445,Toronto-319f,35,16,Normal
2026-02-16 01:07:08.151445,Toronto-319f,16,35,Normal
2026-02-16 01:07:09.151445,Toronto-319f,-5,71,Normal
2026-02-16 01:07:10.151445,Toronto-319f,-10,44,Normal
2026-02-16 01:07:11.151445,Toronto-319f,-25,84,Normal
2026-02-16 01:07:12.151445,Toronto-319f,35,58,Normal
2026-02-16 01:07:13.151445,Toronto-319f,-18,72,Normal
2026-02-16 01:07:14.151445,Toronto-319f,-4,49,Normal
2026-02-16 01:07:15.151445,Toronto-319f,27,87,Normal
2026-02-16 01:07:16.151445,Toronto-319f,-20,17,Normal
2026-02-16 01:07:17.151445,Toronto-319f,-2,48,Normal
2026-02-16 01:07:18.151445,Toronto-319f,-18,68,Normal
2026-02-16 01:07:19.151445,Toronto-319f,26,71,Normal
2026-02-16 01:07:20.151445,Toronto-319f,1,39,Normal
2026-02-16 01:07:21.151445,Toronto-319f,5,7,Normal
2026-02-16 01:07:22.151445,Toronto-319f,7,98,Normal
2026-02-16 01:07:23.151445,Toronto-319f,-30,86,Normal
2026-02-16 01:07:24.151445,Toronto-319f,-24,40,Normal
2026-02-16 01:07:25.151445,Toronto-319f,-11,82,Normal
2026-02-16 01:07:26.151445,Toronto-319f,-2,58,Normal
2026-02-16 01:07:27.151445,Toronto-319f,32,89,Normal
2026-02-16 01:07:28.151445,Toronto-319f,21,74,Normal
2026-02-16 01:07:29.151445,Toronto-319f,48,80,Normal
2026-02-16 01:07:30.151445,Toronto-319f,-17,87,Normal
2026-02-16 01:07:31.151445,Toronto-319f,-16,48,Normal
2026-02-16 01:07:32.151445,Toronto-319f,3,12,Normal
2026-02-16 01:07:33.151445,Toronto-319f,39,79,Normal
2026-02-16 01:07:34.151445,Toronto-319f,39,84,Normal
2026-02-16 01:07:35.151445,Toronto-319f,-13,86,Normal
2026-02-16 01:07:36.151445,Toronto-319f,-30,59,Normal
2026-02-16 01:07:37.151445,Toronto-319f,-6,39,Normal
2026-02-16 01:07:38.151445,Toronto-319f,-28,86,Normal
2026-02-16 01:07:39.151445,Toronto-319f,49,6,Normal
2026-02-16 01:07:40.151445,Toronto-319f,15,97,Normal
2026-02-16 01:07:41.151445,Toronto-319f,49,53,Normal
2026-02-16 01:07:42.151445,Toronto-319f,30,47,Normal
2026-02-16 01:07:43.151445,Toronto-319f,29,66,Normal
2026-02-16 01:07:44.151445,Toronto-319f,4,3,Normal
2026-02-16 01:07:45.151445,Toronto-319f,34,47,Normal
2026-02-16 01:07:46.151445,Toronto-319f,40,54,Normal
2026-02-16 01:07:47.151445,Toronto-319f,-7,32,Normal
2026-02-16 01:07:48.151445,Toronto-319f,37,36,Normal
2026-02-16 01:07:49.151445,Toronto-319f,-18,45,Normal
2026-02-16 01:07:50.151445,Toronto-319f,25,61,Normal
2026-02-16 01:07:51.151445,Toronto-319f,16,29,Normal
2026-02-16 01:07:52.151445,Toronto-319f,-22,60,Normal
2026-02-16 01:07:53.151445,Toronto-319f,5,69,Normal
2026-02-16 01:07:54.151445,Toronto-319f,39,64,Normal
2026-02-16 01:07:55.151445,Toronto-319f,-1,61,Normal
2026-02-16 01:07:56.151445,Toronto-319f,-21,61,Normal
2026-02-16 01:07:57.151445,Toronto-319f,-21,32,Normal
2026-02-16 01:07:58.151445,Toronto-319f,4,54,Normal
2026-02-16 01:07:59.151445,Toronto-319f,-25,58,Normal
2026-02-16 01:08:00.151445,Toronto-319f,-11,87,Normal
2026-02-16 01:08:01.151445,Toronto-319f,-30,53,Normal
2026-02-16 01:08:02.151445,Toronto-319f,2,64,Normal
2026-02-16 01:08:03.151445,Toronto-319f,7,83,Normal
2026-02-16 01:08:04.151445,Toronto-319f,5,60,Normal
2026-02-16 01:08:05.151445,Toronto-319f,35,44,Normal
2026-02-16 01:08:06.151445,Toronto-319f,-9,48,Normal
2026-02-16 01:08:07.151445,Toronto-319f,11,2,Normal
2026-02-16 01:08:08.151445,Toronto-319f,41,46,Normal
2026-02-16 01:08:09.151445,Toronto-319f,22,36,Normal
2026-02-16 01:08:10.151445,Toronto-319f,-22,76,Normal
2026-02-16 01:08:11.151445,Toronto-319f,47,93,Normal
2026-02-16 01:08:12.151445,Toronto-319f,10,93,Normal
2026-02-16 01:08:13.151445,Toronto-319f,5,32,Normal
2026-02-16 01:08:14.151445,Toronto-319f,0,45,Normal
2026-02-16 01:08:15.151445,Toronto-319f,-12,66,Normal
2026-02-16 01:08:16.151445,Toronto-319f,20,30,Normal
2026-02-16 01:08:17.151445,Toronto-319f,15,20,Normal
2026-02-16 01:08:18.151445,Toronto-319f,-4,0,Normal
2026-02-16 01:08:19.151445,Toronto-319f,24,72,Normal
2026-02-16 01:08:20.151445,Toronto-319f,-10,96,Normal
2026-02-16 01:08:21.151445,Toronto-319f,45,32,Normal
2026-02-16 01:08:22.151445,Toronto-319f,6,30,Normal
2026-02-16 01:08:23.151445,Toronto-319f,17,44,Normal
2026-02-16 01:08:24.151445,Toronto-319f,12,73,Normal
2026-02-16 01:08:25.151445,Toronto-319f,8,71,Normal
2026-02-16 01:08:26.151445,Toronto-319f,-25,52,Normal
2026-02-16 01:08:27.151445,Toronto-319f,3,83,Normal
2026-02-16 01:08:28.151445,Toronto-319f,43,56,Normal
2026-02-16 01:08:29.151445,Toronto-319f,-6,45,Normal
2026-02-16 01:08:30.151445,Toronto-319f,6,88,Normal
2026-02-16 01:08:31.151445,Toronto-319f,11,97,Normal
2026-02-16 01:08:32.151445,Toronto-319f,-21,14,Normal
2026-02-16 01:08:33.151445,Toronto-319f,17,6,Normal
2026-02-16 01:08:34.151445,Toronto-319f,-6,27,Normal
2026-02-16 01:08:35.151445,Toronto-319f,40,11,Normal
2026-02-16 01:08:36.151445,Toronto-319f,-9,23,Normal
2026-02-16 01:08:37.151445,Toronto-319f,21,74,Normal
2026-02-16 01:08:38.151445,Toronto-319f,-7,75,Normal
2026-02-16 01:08:39.151445,Toronto-319f,-23,97,Normal
2026-02-16 01:08:40.151445,Toronto-319f,30,69,Normal
2026-02-16 01:08:41.151445,Toronto-319f,-30,81,Normal
2026-02-16 01:08:42.151445,Toronto-319f,-1,16,Normal
2026-02-16 01:08:43.151445,Toronto-319f,31,31,Normal
2026-02-16 01:08:44.151445,Toronto-319f,-14,69,Normal
2026-02-16 01:08:45.151445,Toronto-319f,-10,56,Normal
2026-02-16 01:08:46.151445,Toronto-319f,35,13,Normal
2026-02-16 01:08:47.151445,Toronto-319f,-15,92,Normal
2026-02-16 01:08:48.151445,Toronto-319f,-10,0,Normal
2026-02-16 01:08:49.151445,Toronto-319f,13,40,Normal
2026-02-16 01:08:50.151445,Toronto-319f,-5,23,Normal
2026-02-16 01:08:51.151445,Toronto-319f,-15,60,Normal
2026-02-16 01:08:52.151445,Toronto-319f,-12,19,Normal
2026-02-16 01:08:53.151445,Toronto-319f,6,8,Normal
2026-02-16 01:08:54.151445,Toronto-319f,-30,47,Normal
2026-02-16 01:08:55.151445,Toronto-319f,49,50,Normal
2026-02-16 01:08:56.151445,Toronto-319f,40,66,Normal
2026-02-16 01:08:57.151445,Toronto-319f,19,27,Normal
2026-02-16 01:08:58.151445,Toronto-319f,-11,62,Normal
2026-02-16 01:08:59.151445,Toronto-319f,31,7,Normal
2026-02-16 01:09:00.151445,Toronto-319f,-1,41,Normal
2026-02-16 01:09:01.151445,Toronto-319f,7,54,Normal
2026-02-16 01:09:02.151445,Toronto-319f,4,89,Normal
2026-02-16 01:09:03.151445,Toronto-319f,-17,61,Normal
2026-02-16 01:09:04.151445,Toronto-319f,45,18,Normal
2026-02-16 01:09:05.151445,Toronto-319f,-29,24,Normal
2026-02-16 01:09:06.151445,Toronto-319f,28,98,Normal
2026-02-16 01:09:07.151445,Toronto-319f,-22,59,Normal
2026-02-16 01:09:08.151445,Toronto-319f,32,81,Normal
2026-02-16 01:09:09.151445,Toronto-319f,-18,73,Normal
2026-02-16 01:09:10.151445,Toronto-319f,8,10,Normal
2026-02-16 01:09:11.151445,Toronto-319f,50,46,Normal
2026-02-16 01:09:12.151445,Toronto-319f,4,83,Normal
2026-02-16 01:09:13.151445,Toronto-319f,16,65,Normal
2026-02-16 01:09:14.151445,Toronto-319f,23,77,Normal
2026-02-16 01:09:15.151445,Toronto-319f,-3,44,Normal
2026-02-16 01:09:16.151445,Toronto-319f,-17,89,Normal
2026-02-16 01:09:17.151445,Toronto-319f,-23,5,Normal
2026-02-16 01:09:18.151445,Toronto-319f,-23,93,Normal
2026-02-16 01:09:19.151445,Toronto-319f,44,63,Normal
2026-02-16 01:09:20.151445,Toronto-319f,17,50,Normal
2026-02-16 01:09:21.151445,Toronto-319f,28,56,Normal
2026-02-16 01:09:22.151445,Toronto-319f,-30,27,Normal
2026-02-16 01:09:23.151445,Toronto-319f,-23,79,Normal
2026-02-16 01:09:24.151445,Toronto-319f,33,19,Normal
2026-02-16 01:09:25.151445,Toronto-319f,-4,56,Normal
2026-02-16 01:09:26.151445,Toronto-319f,-10,10,Normal
2026-02-16 01:09:27.151445,Toronto-319f,40,52,Normal
2026-02-16 01:09:28.151445,Toronto-319f,-13,53,Normal
2026-02-16 01:09:29.151445,Toronto-319f,47,96,Normal
2026-02-16 01:09:30.151445,Toronto-319f,11,42,Normal
2026-02-16 01:09:31.151445,Toronto-319f,-8,9,Normal
2026-02-16 01:09:32.151445,Toronto-319f,24,58,Normal
2026-02-16 01:09:33.151445,Toronto-319f,5,52,Normal
2026-02-16 01:09:34.151445,Toronto-319f,-23,16,Normal
2026-02-16 01:09:35.151445,Toronto-319f,49,58,Normal
2026-02-16 01:09:36.151445,Toronto-319f,46,59,Normal
2026-02-16 01:09:37.151445,Toronto-319f,-4,95,Normal
2026-02-16 01:09:38.151445,Toronto-319f,27,26,Normal
2026-02-16 01:09:39.151445,Toronto-319f,47,50,Normal
2026-02-16 01:09:40.151445,Toronto-319f,19,64,Normal
2026-02-16 01:09:41.151445,Toronto-319f,-23,87,Normal
2026-02-16 01:09:42.151445,Toronto-319f,2,5,Normal
2026-02-16 01:09:43.151445,Toronto-319f,-2,44,Normal
2026-02-16 01:09:44.151445,Toronto-319f,-17,87,Normal
2026-02-16 01:09:45.151445,Toronto-319f,29,94,Normal
2026-02-16 01:09:46.151445,Toronto-319f,-1,76,Normal
2026-02-16 01:09:47.151445,Toronto-319f,30,12,Normal
2026-02-16 01:09:48.151445,Toronto-319f,-10,94,Normal
2026-02-16 01:09:49.151445,Toronto-319f,19,47,Normal
2026-02-16 01:09:50.151445,Toronto-319f,-17,39,Normal
2026-02-16 01:09:51.151445,Toronto-319f,6,39,Normal
2026-02-16 01:09:52.151445,Toronto-319f,26,9,Normal
2026-02-16 01:09:53.151445,Toronto-319f,-17,30,Normal
2026-02-16 01:09:54.151445,Toronto-319f,-27,63,Normal
2026-02-16 01:09:55.151445,Toronto-319f,-25,82,Normal
2026-02-16 01:09:56.151445,Toronto-319f,50,100,Normal
2026-02-16 01:09:57.151445,Toronto-319f,17,39,Normal
2026-02-16 01:09:58.151445,Toronto-319f,35,94,Normal
2026-02-16 01:09:59.151445,Toronto-319f,11,39,Normal
2026-02-16 01:10:00.151445,Toronto-319f,21,92,Normal
2026-02-16 01:10:01.151445,Toronto-319f,-28,76,Normal
2026-02-16 01:10:02.151445,Toronto-319f,-26,7,Normal
2026-02-16 01:10:03.151445,Toronto-319f,-3,35,Normal
2026-02-16 01:10:04.151445,Toronto-319f,-2,23,Normal
2026-02-16 01:10:05.151445,Toronto-319f,-5,85,Normal
2026-02-16 01:10:06.151445,Toronto-319f,37,72,Normal
2026-02-16 01:10:07.151445,Toronto-319f,4,72,Normal
2026-02-16 01:10:08.151445,Toronto-319f,10,42,Normal
2026-02-16 01:10:09.151445,Toronto-319f,-29,43,Normal
2026-02-16 01:10:10.151445,Toronto-319f,18,73,Normal
2026-02-16 01:10:11.151445,Toronto-319f,-24,23,Normal
2026-02-16 01:10:12.151445,Toronto-319f,34,8,Normal
2026-02-16 01:10:13.151445,Toronto-319f,9,33,Normal
2026-02-16 01:10:14.151445,Toronto-319f,14,74,Normal
2026-02-16 01:10:15.151445,Toronto-319f,40,94,Normal
2026-02-16 01:10:16.151445,Toronto-319f,-12,85,Normal
2026-02-16 01:10:17.151445,Toronto-319f,-25,67,Normal
2026-02-16 01:10:18.151445,Toronto-319f,25,60,Normal
2026-02-16 01:10:19.151445,Toronto-319f,-10,100,Normal
2026-02-16 01:10:20.151445,Toronto-319f,12,98,Normal
2026-02-16 01:10:21.151445,Toronto-319f,34,16,Normal
2026-02-16 01:10:22.151445,Toronto-319f,30,59,Normal
2026-02-16 01:10:23.151445,Toronto-319f,30,2,Normal
2026-02-16 01:10:24.151445,Toronto-319f,31,9,Normal
2026-02-16 01:10:25.151445,Toronto-319f,-25,88,Normal
2026-02-16 01:10:26.151445,Toronto-319f,1,24,Normal
2026-02-16 01:10:27.151445,Toronto-319f,14,94,Normal
2026-02-16 01:10:28.151445,Toronto-319f,29,65,Normal
2026-02-16 01:10:29.151445,Toronto-319f,4,56,Normal
2026-02-16 01:10:30.151445,Toronto-319f,15,87,Normal
2026-02-16 01:10:31.151445,Toronto-319f,34,52,Normal
2026-02-16 01:10:32.151445,Toronto-319f,-9,97,Normal
2026-02-16 01:10:33.151445,Toronto-319f,-26,76,Normal
2026-02-16 01:10:34.151445,Toronto-319f,45,70,Normal
2026-02-16 01:10:35.151445,Toronto-319f,8,20,Normal
2026-02-16 01:10:36.151445,Toronto-319f,12,58,Normal
2026-02-16 01:10:37.151445,Toronto-319f,39,62,Normal
2026-02-16 01:10:38.151445,Toronto-319f,-25,16,Normal
2026-02-16 01:10:39.151445,Toronto-319f,-7,28,Normal
2026-02-16 01:10:40.151445,Toronto-319f,-2,1,Normal
2026-02-16 01:10:41.151445,Toronto-319f,21,88,Normal
2026-02-16 01:10:42.151445,Toronto-319f,-12,63,Normal
2026-02-16 01:10:43.151445,Toronto-319f,12,34,Normal
2026-02-16 01:10:44.151445,Toronto-319f,5,78,Normal
2026-02-16 01:10:45.151445,Toronto-319f,-8,40,Normal
2026-02-16 01:10:46.151445,Toronto-319f,23,78,Normal
2026-02-16 01:10:47.151445,Toronto-319f,-5,58,Normal
2026-02-16 01:10:48.151445,Toronto-319f,-19,90,Normal
2026-02-16 01:10:49.151445,Toronto-319f,-2,51,Normal
2026-02-16 01:10:50.151445,Toronto-319f,20,7,Normal
2026-02-16 01:10:51.151445,Toronto-319f,14,80,Normal
2026-02-16 01:10:52.151445,Toronto-319f,-26,9,Normal
2026-02-16 01:10:53.151445,Toronto-319f,9,2,Normal
2026-02-16 01:10:54.151445,Toronto-319f,18,79,Normal
2026-02-16 01:10:55.151445,Toronto-319f,8,59,Normal
2026-02-16 01:10:56.151445,Toronto-319f,-24,4,Normal
2026-02-16 01:10:57.151445,Toronto-319f,19,44,Normal
2026-02-16 01:10:58.151445,Toronto-319f,-10,31,Normal
2026-02-16 01:10:59.151445,Toronto-319f,-10,78,Normal
2026-02-16 01:11:00.151445,Toronto-319f,39,28,Normal
2026-02-16 01:11:01.151445,Toronto-319f,-12,20,Normal
2026-02-16 01:11:02.151445,Toronto-319f,26,25,Normal
2026-02-16 01:11:03.151445,Toronto-319f,-13,63,Normal
2026-02-16 01:11:04.151445,Toronto-319f,29,60,Normal
2026-02-16 01:11:05.151445,Toronto-319f,20,5,Normal
2026-02-16 01:11:06.151445,Toronto-319f,49,52,Normal
2026-02-16 01:11:07.151445,Toronto-319f,-21,72,Normal
2026-02-16 01:11:08.151445,Toronto-319f,-14,7,Normal
2026-02-16 01:11:09.151445,Toronto-319f,15,97,Normal
2026-02-16 01:11:10.151445,Toronto-319f,20,87,Normal
2026-02-16 01:11:11.151445,Toronto-319f,7,34,Normal
2026-02-16 01:11:12.151445,Toronto-319f,-29,10,Normal
2026-02-16 01:11:13.151445,Toronto-319f,-14,79,Normal
2026-02-16 01:11:14.151445,Toronto-319f,4,72,Normal
2026-02-16 01:11:15.151445,Toronto-319f,-8,22,Normal
2026-02-16 01:11:16.151445,Toronto-319f,34,21,Normal
2026-02-16 01:11:17.151445,Toronto-319f,43,86,Normal
2026-02-16 01:11:18.151445,Toronto-319f,18,55,Normal
2026-02-16 01:11:19.151445,Toronto-319f,46,9,Normal
2026-02-16 01:11:20.151445,Toronto-319f,16,28,Normal
2026-02-16 01:11:21.151445,Toronto-319f,0,45,Normal
2026-02-16 01:11:22.151445,Toronto-319f,19,75,Normal
2026-02-16 01:11:23.151445,Toronto-319f,45,12,Normal
2026-02-16 01:11:24.151445,Toronto-319f,27,39,Normal
2026-02-16 01:11:25.151445,Toronto-319f,-28,84,Normal
2026-02-16 01:11:26.151445,Toronto-319f,42,24,Normal
2026-02-16 01:11:27.151445,Toronto-319f,46,90,Normal
2026-02-16 01:11:28.151445,Toronto-319f,48,79,Normal
2026-02-16 01:11:29.151445,Toronto-319f,10,94,Normal
2026-02-16 01:11:30.151445,Toronto-319f,-18,54,Normal
2026-02-16 01:11:31.151445,Toronto-319f,29,48,Normal
2026-02-16 01:11:32.151445,Toronto-319f,42,31,Normal
2026-02-16 01:11:33.151445,Toronto-319f,21,60,Normal
2026-02-16 01:11:34.151445,Toronto-319f,9,91,Normal
2026-02-16 01:11:35.151445,Toronto-319f,30,43,Normal
2026-02-16 01:11:36.151445,Toronto-319f,-6,4,Normal
2026-02-16 01:11:37.151445,Toronto-319f,-22,70,Normal
2026-02-16 01:11:38.151445,Toronto-319f,-13,13,Normal
2026-02-16 01:11:39.151445,Toronto-319f,33,69,Normal
2026-02-16 01:11:40.151445,Toronto-319f,4,3,Normal
2026-02-16 01:11:41.151445,Toronto-319f,45,83,Normal
2026-02-16 01:11:42.151445,Toronto-319f,-11,29,Normal
2026-02-16 01:11:43.151445,Toronto-319f,40,96,Normal
2026-02-16 01:11:44.151445,Toronto-319f,-6,93,Normal
2026-02-16 01:11:45.151445,Toronto-319f,20,14,Normal
2026-02-16 01:11:46.151445,Toronto-319f,-9,25,Normal
2026-02-16 01:11:47.151445,Toronto-319f,-15,92,Normal
2026-02-16 01:11:48.151445,Toronto-319f,29,66,Normal
2026-02-16 01:11:49.151445,Toronto-319f,-5,83,Normal
2026-02-16 01:11:50.151445,Toronto-319f,31,20,Normal
2026-02-16 01:11:51.151445,Toronto-319f,4,29,Normal
2026-02-16 01:11:52.151445,Toronto-319f,42,2,Normal
2026-02-16 01:11:53.151445,Toronto-319f,23,41,Normal
2026-02-16 01:11:54.151445,Toronto-319f,35,0,Normal
2026-02-16 01:11:55.151445,Toronto-319f,11,13,Normal
2026-02-16 01:11:56.151445,Toronto-319f,50,98,Normal
2026-02-16 01:11:57.151445,Toronto-319f,-19,26,Normal
2026-02-16 01:11:58.151445,Toronto-319f,5,75,Normal
2026-02-16 01:11:59.151445,Toronto-319f,2,15,Normal
2026-02-16 01:12:00.151445,Toronto-319f,14,79,Normal
2026-02-16 01:12:01.151445,Toronto-319f,42,5,Normal
2026-02-16 01:12:02.151445,Toronto-319f,12,81,Normal
2026-02-16 01:12:03.151445,Toronto-319f,-15,53,Normal
2026-02-16 01:12:04.151445,Toronto-319f,6,98,Normal
2026-02-16 01:12:05.151445,Toronto-319f,13,22,Normal
2026-02-16 01:12:06.151445,Toronto-319f,27,49,Normal
2026-02-16 01:12:07.151445,Toronto-319f,0,62,Normal
2026-02-16 01:12:08.151445,Toronto-319f,-26,30,Normal
2026-02-16 01:12:09.151445,Toronto-319f,-13,28,Normal
2026-02-16 01:12:10.151445,Toronto-319f,-12,86,Normal
2026-02-16 01:12:11.151445,Toronto-319f,12,2,Normal
2026-02-16 01:12:12.151445,Toronto-319f,40,4,Normal
2026-02-16 01:12:13.151445,Toronto-319f,-27,16,Normal
2026-02-16 01:12:14.151445,Toronto-319f,7,9,Normal
2026-02-16 01:12:15.151445,Toronto-319f,40,46,Normal
2026-02-16 01:12:16.151445,Toronto-319f,29,30,Normal
2026-02-16 01:12:17.151445,Toronto-319f,6,34,Normal
2026-02-16 01:12:18.151445,Toronto-319f,47,38,Normal
2026-02-16 01:12:19.151445,Toronto-319f,-11,92,Normal
2026-02-16 01:12:20.151445,Toronto-319f,-11,21,Normal
2026-02-16 01:12:21.151445,Toronto-319f,46,81,Normal
2026-02-16 01:12:22.151445,Toronto-319f,-16,67,Normal
2026-02-16 01:12:23.151445,Toronto-319f,-10,2,Normal
2026-02-16 01:12:24.151445,Toronto-319f,3,94,Normal
2026-02-16 01:12:25.151445,Toronto-319f,30,51,Normal
2026-02-16 01:12:26.151445,Toronto-319f,49,0,Normal
2026-02-16 01:12:27.151445,Toronto-319f,36,68,Normal
2026-02-16 01:12:28.151445,Toronto-319f,11,98,Normal
2026-02-16 01:12:29.151445,Toronto-319f,-7,44,Normal
2026-02-16 01:12:30.151445,Toronto-319f,-15,64,Normal
2026-02-16 01:12:31.151445,Toronto-319f,30,77,Normal
2026-02-16 01:12:32.151445,Toronto-319f,-17,6,Normal
2026-02-16 01:12:33.151445,Toronto-319f,-30,6,Normal
2026-02-16 01:12:34.151445,Toronto-319f,5,98,Normal
2026-02-16 01:12:35.151445,Toronto-319f,44,61,Normal
2026-02-16 01:12:36.151445,Toronto-319f,18,7,Normal
2026-02-16 01:12:37.151445,Toronto-319f,-26,35,Normal
2026-02-16 01:12:38.151445,Toronto-319f,12,79,Normal
2026-02-16 01:12:39.151445,Toronto-319f,13,35,Normal
2026-02-16 01:12:40.151445,Toronto-319f,29,65,Normal
2026-02-16 01:12:41.151445,Toronto-319f,40,48,Normal
2026-02-16 01:12:42.151445,Toronto-319f,-9,90,Normal
2026-02-16 01:12:43.151445,Toronto-319f,43,35,Normal
2026-02-16 01:12:44.151445,Toronto-319f,3,52,Normal
2026-02-16 01:12:45.151445,Toronto-319f,-13,75,Normal
2026-02-16 01:12:46.151445,Toronto-319f,50,79,Normal
2026-02-16 01:12:47.151445,Toronto-319f,-24,69,Normal
2026-02-16 01:12:48.151445,Toronto-319f,-7,28,Normal
2026-02-16 01:12:49.151445,Toronto-319f,31,64,Normal
2026-02-16 01:12:50.151445,Toronto-319f,5,1,Normal
2026-02-16 01:12:51.151445,Toronto-319f,-3,24,Normal
2026-02-16 01:12:52.151445,Toronto-319f,-20,9,Normal
2026-02-16 01:12:53.151445,Toronto-319f,26,28,Normal
2026-02-16 01:12:54.151445,Toronto-319f,33,61,Normal
2026-02-16 01:12:55.151445,Toronto-319f,10,42,Normal
2026-02-16 01:12:56.151445,Toronto-319f,48,94,Normal
2026-02-16 01:12:57.151445,Toronto-319f,-25,95,Normal
2026-02-16 01:12:58.151445,Toronto-319f,46,44,Normal
2026-02-16 01:12:59.151445,Toronto-319f,-4,61,Normal
2026-02-16 01:13:00.151445,Toronto-319f,-9,14,Normal
2026-02-16 01:13:01.151445,Toronto-319f,-23,58,Normal
2026-02-16 01:13:02.151445,Toronto-319f,-21,23,Normal
2026-02-16 01:13:03.151445,Toronto-319f,-7,31,Normal
2026-02-16 01:13:04.151445,Toronto-319f,49,25,Normal
2026-02-16 01:13:05.151445,Toronto-319f,-18,29,Normal
2026-02-16 01:13:06.151445,Toronto-319f,-11,18,Normal
2026-02-16 01:13:07.151445,Toronto-319f,3,60,Normal
2026-02-16 01:13:08.151445,Toronto-319f,-11,15,Normal
2026-02-16 01:13:09.151445,Toronto-319f,-17,60,Normal
2026-02-16 01:13:10.151445,Toronto-319f,1,84,Normal
2026-02-16 01:13:11.151445,Toronto-319f,-16,26,Normal
2026-02-16 01:13:12.151445,Toronto-319f,37,81,Normal
2026-02-16 01:13:13.151445,Toronto-319f,9,20,Normal
2026-02-16 01:13:14.151445,Toronto-319f,46,35,Normal
2026-02-16 01:13:15.151445,Toronto-319f,42,21,Normal
2026-02-16 01:13:16.151445,Toronto-319f,42,35,Normal
2026-02-16 01:13:17.151445,Toronto-319f,24,23,Normal
2026-02-16 01:13:18.151445,Toronto-319f,-1,10,Normal
2026-02-16 01:13:19.151445,Toronto-319f,22,30,Normal
2026-02-16 01:13:20.151445,Toronto-319f,-2,87,Normal
2026-02-16 01:13:21.151445,Toronto-319f,32,95,Normal
2026-02-16 01:13:22.151445,Toronto-319f,-9,100,Normal
2026-02-16 01:13:23.151445,Toronto-319f,43,7,Normal
2026-02-16 01:13:24.151445,Toronto-319f,-8,85,Normal
2026-02-16 01:13:25.151445,Toronto-319f,23,93,Normal
2026-02-16 01:13:26.151445,Toronto-319f,47,58,Normal
2026-02-16 01:13:27.151445,Toronto-319f,36,88,Normal
2026-02-16 01:13:28.151445,Toronto-319f,6,52,Normal
2026-02-16 01:13:29.151445,Toronto-319f,19,51,Normal
2026-02-16 01:13:30.151445,Toronto-319f,36,63,Normal
2026-02-16 01:13:31.151445,Toronto-319f,0,56,Normal
2026-02-16 01:13:32.151445,Toronto-319f,-17,19,Normal
2026-02-16 01:13:33.151445,Toronto-319f,7,39,Normal
2026-02-16 01:13:34.151445,Toronto-319f,50,16,Normal
2026-02-16 01:13:35.151445,Toronto-319f,-4,40,Normal
2026-02-16 01:13:36.151445,Toronto-319f,-13,64,Normal
2026-02-16 01:13:37.151445,Toronto-319f,39,15,Normal
2026-02-16 01:13:38.151445,Toronto-319f,0,80,Normal
2026-02-16 01:13:39.151445,Toronto-319f,13,18,Normal
2026-02-16 01:13:40.151445,Toronto-319f,36,90,Normal
2026-02-16 01:13:41.151445,Toronto-319f,45,33,Normal
2026-02-16 01:13:42.151445,Toronto-319f,-6,100,Normal
2026-02-16 01:13:43.151445,Toronto-319f,48,49,Normal
2026-02-16 01:13:44.151445,Toronto-319f,45,88,Normal
2026-02-16 01:13:45.151445,Toronto-319f,-20,12,Normal
2026-02-16 01:13:46.151445,Toronto-319f,-1,75,Normal
2026-02-16 01:13:47.151445,Toronto-319f,-3,7,Normal
2026-02-16 01:13:48.151445,Toronto-319f,19,76,Normal
2026-02-16 01:13:49.151445,Toronto-319f,33,29,Normal
2026-02-16 01:13:50.151445,Toronto-319f,3,44,Normal
2026-02-16 01:13:51.151445,Toronto-319f,-23,64,Normal
2026-02-16 01:13:52.151445,Toronto-319f,49,12,Normal
2026-02-16 01:13:53.151445,Toronto-319f,50,99,Normal
2026-02-16 01:13:54.151445,Toronto-319f,24,19,Normal
2026-02-16 01:13:55.151445,Toronto-319f,8,57,Normal
2026-02-16 01:13:56.151445,Toronto-319f,-7,53,Normal
2026-02-16 01:13:57.151445,Toronto-319f,-27,10,Normal
2026-02-16 01:13:58.151445,Toronto-319f,-9,79,Normal
2026-02-16 01:13:59.151445,Toronto-319f,-7,34,Normal
2026-02-16 01:14:00.151445,Toronto-319f,-15,4,Normal
2026-02-16 01:14:01.151445,Toronto-319f,0,13,Normal
2026-02-16 01:14:02.151445,Toronto-319f,-26,7,Normal
2026-02-16 01:14:03.151445,Toronto-319f,-3,4,Normal
2026-02-16 01:14:04.151445,Toronto-319f,-18,65,Normal
2026-02-16 01:14:05.151445,Toronto-319f,24,56,Normal
2026-02-16 01:14:06.151445,Toronto-319f,-7,87,Normal
2026-02-16 01:14:07.151445,Toronto-319f,-6,19,Normal
2026-02-16 01:14:08.151445,Toronto-319f,-15,59,Normal
2026-02-16 01:14:09.151445,Toronto-319f,45,11,Normal
2026-02-16 01:14:10.151445,Toronto-319f,-11,66,Normal
2026-02-16 01:14:11.151445,Toronto-319f,38,55,Normal
2026-02-16 01:14:12.151445,Toronto-319f,37,47,Normal
2026-02-16 01:14:13.151445,Toronto-319f,5,73,Normal
2026-02-16 01:14:14.151445,Toronto-319f,14,82,Normal
2026-02-16 01:14:15.151445,Toronto-319f,36,80,Normal
2026-02-16 01:14:16.151445,Toronto-319f,41,45,Normal
2026-02-16 01:14:17.151445,Toronto-319f,36,87,Normal
2026-02-16 01:14:18.151445,Toronto-319f,36,52,Normal
2026-02-16 01:14:19.151445,Toronto-319f,29,5,Normal
2026-02-16 01:14:20.151445,Toronto-319f,-13,58,Normal
2026-02-16 01:14:21.151445,Toronto-319f,48,77,Normal
2026-02-16 01:14:22.151445,Toronto-319f,-11,24,Normal
2026-02-16 01:14:23.151445,Toronto-319f,42,57,Normal
2026-02-16 01:14:24.151445,Toronto-319f,9,58,Normal
2026-02-16 01:14:25.151445,Toronto-319f,-24,97,Normal
2026-02-16 01:14:26.151445,Toronto-319f,1,86,Normal
2026-02-16 01:14:27.151445,Toronto-319f,50,35,Normal
2026-02-16 01:14:28.151445,Toronto-319f,3,5,Normal
2026-02-16 01:14:29.151445,Toronto-319f,35,13,Normal
2026-02-16 01:14:30.151445,Toronto-319f,8,45,Normal
2026-02-16 01:14:31.151445,Toronto-319f,38,73,Normal
2026-02-16 01:14:32.151445,Toronto-319f,25,4,Normal
2026-02-16 01:14:33.151445,Toronto-319f,37,70,Normal
2026-02-16 01:14:34.151445,Toronto-319f,2,19,Normal
2026-02-16 01:14:35.151445,Toronto-319f,29,64,Normal
2026-02-16 01:14:36.151445,Toronto-319f,27,14,Normal
2026-02-16 01:14:37.151445,Toronto-319f,43,56,Normal
2026-02-16 01:14:38.151445,Toronto-319f,20,48,Normal
2026-02-16 01:14:39.151445,Toronto-319f,33,30,Normal
2026-02-16 01:14:40.151445,Toronto-319f,-30,49,Normal
2026-02-16 01:14:41.151445,Toronto-319f,-17,1,Normal
2026-02-16 01:14:42.151445,Toronto-319f,32,35,Normal
2026-02-16 01:14:43.151445,Toronto-319f,37,4,Normal
2026-02-16 01:14:44.151445,Toronto-319f,26,17,Normal
2026-02-16 01:14:45.151445,Toronto-319f,4,32,Normal
2026-02-16 01:14:46.151445,Toronto-319f,30,82,Normal
2026-02-16 01:14:47.151445,Toronto-319f,-18,51,Normal
2026-02-16 01:14:48.151445,Toronto-319f,20,5,Normal
2026-02-16 01:14:49.151445,Toronto-319f,0,4,Normal
2026-02-16 01:14:50.151445,Toronto-319f,-9,15,Normal
2026-02-16 01:14:51.151445,Toronto-319f,7,67,Normal
2026-02-16 01:14:52.151445,Toronto-319f,-8,6,Normal
2026-02-16 01:14:53.151445,Toronto-319f,49,58,Normal
2026-02-16 01:14:54.151445,Toronto-319f,24,85,Normal
2026-02-16 01:14:55.151445,Toronto-319f,29,44,Normal
2026-02-16 01:14:56.151445,Toronto-319f,6,70,Normal
2026-02-16 01:14:57.151445,Toronto-319f,-30,14,Normal
2026-02-16 01:14:58.151445,Toronto-319f,14,22,Normal
2026-02-16 01:14:59.151445,Toronto-319f,25,20,Normal
2026-02-16 01:15:00.151445,Toronto-319f,10,33,Normal
2026-02-16 01:15:01.151445,Toronto-319f,46,85,Normal
2026-02-16 01:15:02.151445,Toronto-319f,17,31,Normal
2026-02-16 01:15:03.151445,Toronto-319f,-20,89,Normal
2026-02-16 01:15:04.151445,Toronto-319f,29,96,Normal
2026-02-16 01:15:05.151445,Toronto-319f,-16,73,Normal
2026-02-16 01:15:06.151445,Toronto-319f,-23,37,Normal
2026-02-16 01:15:07.151445,Toronto-319f,-25,41,Normal
2026-02-16 01:15:08.151445,Toronto-319f,14,1,Normal
2026-02-16 01:15:09.151445,Toronto-319f,-28,32,Normal
2026-02-16 01:15:10.151445,Toronto-319f,-10,74,Normal
2026-02-16 01:15:11.151445,Toronto-319f,13,92,Normal
2026-02-16 01:15:12.151445,Toronto-319f,7,59,Normal
2026-02-16 01:15:13.151445,Toronto-319f,26,53,Normal
2026-02-16 01:15:14.151445,Toronto-319f,28,0,Normal
2026-02-16 01:15:15.151445,Toronto-319f,-25,53,Normal
2026-02-16 01:15:16.151445,Toronto-319f,-20,77,Normal
2026-02-16 01:15:17.151445,Toronto-319f,24,53,Normal
2026-02-16 01:15:18.151445,Toronto-319f,-25,2,Normal
2026-02-16 01:15:19.151445,Toronto-319f,32,41,Normal
2026-02-16 01:15:20.151445,Toronto-319f,24,99,Normal
2026-02-16 01:15:21.151445,Toronto-319f,29,59,Normal
2026-02-16 01:15:22.151445,Toronto-319f,42,75,Normal
2026-02-16 01:15:23.151445,Toronto-319f,-29,7,Normal
2026-02-16 01:15:24.151445,Toronto-319f,-10,4,Normal
2026-02-16 01:15:25.151445,Toronto-319f,27,55,Normal
2026-02-16 01:15:26.151445,Toronto-319f,-1,67,Normal
2026-02-16 01:15:27.151445,Toronto-319f,-20,10,Normal
2026-02-16 01:15:28.151445,Toronto-319f,-16,74,Normal
2026-02-16 01:15:29.151445,Toronto-319f,19,53,Normal
2026-02-16 01:15:30.151445,Toronto-319f,16,15,Normal
2026-02-16 01:15:31.151445,Toronto-319f,4,48,Normal
2026-02-16 01:15:32.151445,Toronto-319f,-13,36,Normal
2026-02-16 01:15:33.151445,Toronto-319f,11,53,Normal
2026-02-16 01:15:34.151445,Toronto-319f,43,82,Normal
2026-02-16 01:15:35.151445,Toronto-319f,-14,1,Normal
2026-02-16 01:15:36.151445,Toronto-319f,26,1,Normal
2026-02-16 01:15:37.151445,Toronto-319f,27,62,Normal
2026-02-16 01:15:38.151445,Toronto-319f,44,7,Normal
2026-02-16 01:15:39.151445,Toronto-319f,-18,10,Normal
2026-02-16 01:15:40.151445,Toronto-319f,28,21,Normal
2026-02-16 01:15:41.151445,Toronto-319f,-28,39,Normal
2026-02-16 01:15:42.151445,Toronto-319f,22,77,Normal
2026-02-16 01:15:43.151445,Toronto-319f,-8,61,Normal
2026-02-16 01:15:44.151445,Toronto-319f,19,13,Normal
2026-02-16 01:15:45.151445,Toronto-319f,26,14,Normal
2026-02-16 01:15:46.151445,Toronto-319f,1,69,Normal
2026-02-16 01:15:47.151445,Toronto-319f,19,43,Normal
2026-02-16 01:15:48.151445,Toronto-319f,-2,65,Normal
2026-02-16 01:15:49.151445,Toronto-319f,34,35,Normal
2026-02-16 01:15:50.151445,Toronto-319f,30,18,Normal
2026-02-16 01:15:51.151445,Toronto-319f,27,44,Normal
2026-02-16 01:15:52.151445,Toronto-319f,17,41,Normal
2026-02-16 01:15:53.151445,Toronto-319f,7,91,Normal
2026-02-16 01:15:54.151445,Toronto-319f,34,63,Normal
2026-02-16 01:15:55.151445,Toronto-319f,-7,67,Normal
2026-02-16 01:15:56.151445,Toronto-319f,-14,15,Normal
2026-02-16 01:15:57.151445,Toronto-319f,6,69,Normal
2026-02-16 01:15:58.151445,Toronto-319f,7,63,Normal
2026-02-16 01:15:59.151445,Toronto-319f,1,29,Normal
2026-02-16 01:16:00.151445,Toronto-319f,33,63,Normal
2026-02-16 01:16:01.151445,Toronto-319f,-18,52,Normal
2026-02-16 01:16:02.151445,Toronto-319f,27,85,Normal
2026-02-16 01:16:03.151445,Toronto-319f,2,17,Normal
2026-02-16 01:16:04.151445,Toronto-319f,27,60,Normal
2026-02-16 01:16:05.151445,Toronto-319f,5,95,Normal
2026-02-16 01:16:06.151445,Toronto-319f,9,22,Normal
2026-02-16 01:16:07.151445,Toronto-319f,-29,100,Normal
2026-02-16 01:16:08.151445,Toronto-319f,10,57,Normal
2026-02-16 01:16:09.151445,Toronto-319f,9,60,Normal
2026-02-16 01:16:10.151445,Toronto-319f,29,80,Normal
2026-02-16 01:16:11.151445,Toronto-319f,-8,22,Normal
2026-02-16 01:16:12.151445,Toronto-319f,-17,36,Normal
2026-02-16 01:16:13.151445,Toronto-319f,-30,72,Normal
2026-02-16 01:16:14.151445,Toronto-319f,33,46,Normal
2026-02-16 01:16:15.151445,Toronto-319f,47,46,Normal
2026-02-16 01:16:16.151445,Toronto-319f,17,7,Normal
2026-02-16 01:16:17.151445,Toronto-319f,10,54,Normal
2026-02-16 01:16:18.151445,Toronto-319f,35,48,Normal
2026-02-16 01:16:19.151445,Toronto-319f,-14,64,Normal
2026-02-16 01:16:20.151445,Toronto-319f,-12,59,Normal
2026-02-16 01:16:21.151445,Toronto-319f,39,91,Normal
2026-02-16 01:16:22.151445,Toronto-319f,28,59,Normal
2026-02-16 01:16:23.151445,Toronto-319f,20,90,Normal
2026-02-16 01:16:24.151445,Toronto-319f,37,27,Normal
2026-02-16 01:16:25.151445,Toronto-319f,10,57,Normal
2026-02-16 01:16:26.151445,Toronto-319f,13,85,Normal
2026-02-16 01:16:27.151445,Toronto-319f,10,92,Normal
2026-02-16 01:16:28.151445,Toronto-319f,42,54,Normal
2026-02-16 01:16:29.151445,Toronto-319f,1,51,Normal
2026-02-16 01:16:30.151445,Toronto-319f,35,83,Normal
2026-02-16 01:16:31.151445,Toronto-319f,-3,48,Normal
2026-02-16 01:16:32.151445,Toronto-319f,38,96,Normal
2026-02-16 01:16:33.151445,Toronto-319f,50,8,Normal
2026-02-16 01:16:34.151445,Toronto-319f,31,7,Normal
2026-02-16 01:16:35.151445,Toronto-319f,-26,47,Normal
2026-02-16 01:16:36.151445,Toronto-319f,-20,97,Normal
2026-02-16 01:16:37.151445,Toronto-319f,-23,12,Normal
2026-02-16 01:16:38.151445,Toronto-319f,33,86,Normal
2026-02-16 01:16:39.151445,Toronto-319f,38,75,Normal
2026-02-16 01:16:40.151445,Toronto-319f,19,45,Normal
2026-02-16 01:16:41.151445,Toronto-319f,15,40,Normal
2026-02-16 01:16:42.151445,Toronto-319f,22,4,Normal
2026-02-16 01:16:43.151445,Toronto-319f,45,76,Normal
2026-02-16 01:16:44.151445,Toronto-319f,-21,4,Normal
2026-02-16 01:16:45.151445,Toronto-319f,30,46,Normal
2026-02-16 01:16:46.151445,Toronto-319f,-24,27,Normal
2026-02-16 01:16:47.151445,Toronto-319f,22,11,Normal
2026-02-16 01:16:48.151445,Toronto-319f,49,17,Normal
2026-02-16 01:16:49.151445,Toronto-319f,41,37,Normal
2026-02-16 01:16:50.151445,Toronto-319f,-8,13,Normal
2026-02-16 01:16:51.151445,Toronto-319f,-20,47,Normal
2026-02-16 01:16:52.151445,Toronto-319f,-7,48,Normal
2026-02-16 01:16:53.151445,Toronto-319f,-14,49,Normal
2026-02-16 01:16:54.151445,Toronto-319f,49,56,Normal
2026-02-16 01:16:55.151445,Toronto-319f,-30,15,Normal
2026-02-16 01:16:56.151445,Toronto-319f,47,94,Normal
2026-02-16 01:16:57.151445,Toronto-319f,-20,47,Normal
2026-02-16 01:16:58.151445,Toronto-319f,45,60,Normal
2026-02-16 01:16:59.151445,Toronto-319f,-28,25,Normal
2026-02-16 01:17:00.151445,Toronto-319f,2,63,Normal
2026-02-16 01:17:01.151445,Toronto-319f,16,11,Normal
2026-02-16 01:17:02.151445,Toronto-319f,15,73,Normal
2026-02-16 01:17:03.151445,Toronto-319f,17,20,Normal
2026-02-16 01:17:04.151445,Toronto-319f,29,9,Normal
2026-02-16 01:17:05.151445,Toronto-319f,18,43,Normal
2026-02-16 01:17:06.151445,Toronto-319f,43,47,Normal
2026-02-16 01:17:07.151445,Toronto-319f,-7,91,Normal
2026-02-16 01:17:08.151445,Toronto-319f,15,65,Normal
2026-02-16 01:17:09.151445,Toronto-319f,-23,46,Normal
2026-02-16 01:17:10.151445,Toronto-319f,37,56,Normal
2026-02-16 01:17:11.151445,Toronto-319f,-5,97,Normal
2026-02-16 01:17:12.151445,Toronto-319f,-14,41,Normal
2026-02-16 01:17:13.151445,Toronto-319f,-26,71,Normal
2026-02-16 01:17:14.151445,Toronto-319f,-3,10,Normal
2026-02-16 01:17:15.151445,Toronto-319f,18,14,Normal
2026-02-16 01:17:16.151445,Toronto-319f,-15,60,Normal
2026-02-16 01:17:17.151445,Toronto-319f,47,4,Normal
2026-02-16 01:17:18.151445,Toronto-319f,32,53,Normal
2026-02-16 01:17:19.151445,Toronto-319f,23,30,Normal
2026-02-16 01:17:20.151445,Toronto-319f,41,67,Normal
2026-02-16 01:17:21.151445,Toronto-319f,25,85,Normal
2026-02-16 01:17:22.151445,Toronto-319f,-18,61,Normal
2026-02-16 01:17:23.151445,Toronto-319f,15,75,Normal
2026-02-16 01:17:24.151445,Toronto-319f,28,49,Normal
2026-02-16 01:17:25.151445,Toronto-319f,12,75,Normal
2026-02-16 01:17:26.151445,Toronto-319f,-20,58,Normal
2026-02-16 01:17:27.151445,Toronto-319f,3,15,Normal
2026-02-16 01:17:28.151445,Toronto-319f,8,71,Normal
2026-02-16 01:17:29.151445,Toronto-319f,15,30,Normal
2026-02-16 01:17:30.151445,Toronto-319f,18,69,Normal
2026-02-16 01:17:31.151445,Toronto-319f,47,37,Normal
2026-02-16 01:17:32.151445,Toronto-319f,42,84,Normal
2026-02-16 01:17:33.151445,Toronto-319f,-23,47,Normal
2026-02-16 01:17:34.151445,Toronto-319f,-17,13,Normal
2026-02-16 01:17:35.151445,Toronto-319f,41,23,Normal
2026-02-16 01:17:36.151445,Toronto-319f,-12,4,Normal
2026-02-16 01:17:37.151445,Toronto-319f,11,51,Normal
2026-02-16 01:17:38.151445,Toronto-319f,12,75,Normal
2026-02-16 01:17:39.151445,Toronto-319f,-9,62,Normal
2026-02-16 01:17:40.151445,Toronto-319f,-12,3,Normal
2026-02-16 01:17:41.151445,Toronto-319f,41,70,Normal
2026-02-16 01:17:42.151445,Toronto-319f,7,91,Normal
2026-02-16 01:17:43.151445,Toronto-319f,3,18,Normal
2026-02-16 01:17:44.151445,Toronto-319f,38,58,Normal
2026-02-16 01:17:45.151445,Toronto-319f,32,78,Normal
2026-02-16 01:17:46.151445,Toronto-319f,-25,6,Normal
2026-02-16 01:17:47.151445,Toronto-319f,13,22,Normal
2026-02-16 01:17:48.151445,Toronto-319f,8,65,Normal
2026-02-16 01:17:49.151445,Toronto-319f,39,32,Normal
2026-02-16 01:17:50.151445,Toronto-319f,42,72,Normal
2026-02-16 01:17:51.151445,Toronto-319f,2,17,Normal
2026-02-16 01:17:52.151445,Toronto-319f,12,4,Normal
2026-02-16 01:17:53.151445,Toronto-319f,-24,97,Normal
2026-02-16 01:17:54.151445,Toronto-319f,-16,22,Normal
2026-02-16 01:17:55.151445,Toronto-319f,11,8,Normal
2026-02-16 01:17:56.151445,Toronto-319f,49,87,Normal
2026-02-16 01:17:57.151445,Toronto-319f,-25,1,Normal
2026-02-16 01:17:58.151445,Toronto-319f,21,57,Normal
2026-02-16 01:17:59.151445,Toronto-319f,31,20,Normal
2026-02-16 01:18:00.151445,Toronto-319f,33,68,Normal
2026-02-16 01:18:01.151445,Toronto-319f,14,55,Normal
2026-02-16 01:18:02.151445,Toronto-319f,-1,59,Normal
2026-02-16 01:18:03.151445,Toronto-319f,-2,76,Normal
2026-02-16 01:18:04.151445,Toronto-319f,41,28,Normal
2026-02-16 01:18:05.151445,Toronto-319f,-24,52,Normal
2026-02-16 01:18:06.151445,Toronto-319f,5,38,Normal
2026-02-16 01:18:07.151445,Toronto-319f,-14,81,Normal
2026-02-16 01:18:08.151445,Toronto-319f,17,41,Normal
2026-02-16 01:18:09.151445,Toronto-319f,2,76,Normal
2026-02-16 01:18:10.151445,Toronto-319f,-18,60,Normal
2026-02-16 01:18:11.151445,Toronto-319f,-19,30,Normal
2026-02-16 01:18:12.151445,Toronto-319f,-14,85,Normal
2026-02-16 01:18:13.151445,Toronto-319f,20,65,Normal
2026-02-16 01:18:14.151445,Toronto-319f,22,95,Normal
2026-02-16 01:18:15.151445,Toronto-319f,29,37,Normal
2026-02-16 01:18:16.151445,Toronto-319f,-3,47,Normal
2026-02-16 01:18:17.151445,Toronto-319f,-3,47,Normal
2026-02-16 01:18:18.151445,Toronto-319f,17,18,Normal
2026-02-16 01:18:19.151445,Toronto-319f,34,97,Normal
2026-02-16 01:18:20.151445,Toronto-319f,40,45,Normal
2026-02-16 01:18:21.151445,Toronto-319f,-29,55,Normal
2026-02-16 01:18:22.151445,Toronto-319f,-26,19,Normal
2026-02-16 01:18:23.151445,Toronto-319f,24,15,Normal
2026-02-16 01:18:24.151445,Toronto-319f,20,92,Normal
2026-02-16 01:18:25.151445,Toronto-319f,25,83,Normal
2026-02-16 01:18:26.151445,Toronto-319f,28,22,Normal
2026-02-16 01:18:27.151445,Toronto-319f,21,96,Normal
2026-02-16 01:18:28.151445,Toronto-319f,5,71,Normal
2026-02-16 01:18:29.151445,Toronto-319f,-25,30,Normal
2026-02-16 01:18:30.151445,Toronto-319f,36,10,Normal
2026-02-16 01:18:31.151445,Toronto-319f,-18,89,Normal
2026-02-16 01:18:32.151445,Toronto-319f,-4,64,Normal
2026-02-16 01:18:33.151445,Toronto-319f,-4,13,Normal
2026-02-16 01:18:34.151445,Toronto-319f,-13,85,Normal
2026-02-16 01:18:35.151445,Toronto-319f,9,89,Normal
2026-02-16 01:18:36.151445,Toronto-319f,26,11,Normal
2026-02-16 01:18:37.151445,Toronto-319f,19,30,Normal
2026-02-16 01:18:38.151445,Toronto-319f,24,6,Normal
2026-02-16 01:18:39.151445,Toronto-319f,-19,44,Normal
2026-02-16 01:18:40.151445,Toronto-319f,1,51,Normal
2026-02-16 01:18:41.151445,Toronto-319f,-21,31,Normal
2026-02-16 01:18:42.151445,Toronto-319f,-24,27,Normal
2026-02-16 01:18:43.151445,Toronto-319f,-3,20,Normal
2026-02-16 01:18:44.151445,Toronto-319f,-24,63,Normal
2026-02-16 01:18:45.151445,Toronto-319f,31,3,Normal
2026-02-16 01:18:46.151445,Toronto-319f,21,25,Normal
2026-02-16 01:18:47.151445,Toronto-319f,29,43,Normal
2026-02-16 01:18:48.151445,Toronto-319f,41,91,Normal
2026-02-16 01:18:49.151445,Toronto-319f,15,91,Normal
2026-02-16 01:18:50.151445,Toronto-319f,-18,29,Normal
2026-02-16 01:18:51.151445,Toronto-319f,12,54,Normal
2026-02-16 01:18:52.151445,Toronto-319f,31,27,Normal
2026-02-16 01:18:53.151445,Toronto-319f,39,36,Normal
2026-02-16 01:18:54.151445,Toronto-319f,50,14,Normal
2026-02-16 01:18:55.151445,Toronto-319f,37,76,Normal
2026-02-16 01:18:56.151445,Toronto-319f,-19,82,Normal
2026-02-16 01:18:57.151445,Toronto-319f,-18,27,Normal
2026-02-16 01:18:58.151445,Toronto-319f,-24,44,Normal
2026-02-16 01:18:59.151445,Toronto-319f,-27,25,Normal
2026-02-16 01:19:00.151445,Toronto-319f,23,95,Normal
2026-02-16 01:19:01.151445,Toronto-319f,8,99,Normal
2026-02-16 01:19:02.151445,Toronto-319f,42,3,Normal
2026-02-16 01:19:03.151445,Toronto-319f,50,67,Normal
2026-02-16 01:19:04.151445,Toronto-319f,34,44,Normal
2026-02-16 01:19:05.151445,Toronto-319f,34,79,Normal
2026-02-16 01:19:06.151445,Toronto-319f,-6,19,Normal
2026-02-16 01:19:07.151445,Toronto-319f,24,31,Normal
2026-02-16 01:19:08.151445,Toronto-319f,-4,2,Normal
2026-02-16 01:19:09.151445,Toronto-319f,48,16,Normal
2026-02-16 01:19:10.151445,Toronto-319f,-27,68,Normal
2026-02-16 01:19:11.151445,Toronto-319f,-3,51,Normal
2026-02-16 01:19:12.151445,Toronto-319f,43,0,Normal
2026-02-16 01:19:13.151445,Toronto-319f,43,35,Normal
2026-02-16 01:19:14.151445,Toronto-319f,-8,58,Normal
2026-02-16 01:19:15.151445,Toronto-319f,11,34,Normal
2026-02-16 01:19:16.151445,Toronto-319f,16,33,Normal
2026-02-16 01:19:17.151445,Toronto-319f,8,34,Normal
2026-02-16 01:19:18.151445,Toronto-319f,-15,61,Normal
2026-02-16 01:19:19.151445,Toronto-319f,-1,80,Normal
2026-02-16 01:19:20.151445,Toronto-319f,-14,38,Normal
2026-02-16 01:19:21.151445,Toronto-319f,25,40,Normal
2026-02-16 01:19:22.151445,Toronto-319f,-26,17,Normal
2026-02-16 01:19:23.151445,Toronto-319f,-14,32,Normal
2026-02-16 01:19:24.151445,Toronto-319f,-1,61,Normal
2026-02-16 01:19:25.151445,Toronto-319f,-7,82,Normal
2026-02-16 01:19:26.151445,Toronto-319f,-24,51,Normal
2026-02-16 01:19:27.151445,Toronto-319f,-20,70,Normal
2026-02-16 01:19:28.151445,Toronto-319f,20,73,Normal
2026-02-16 01:19:29.151445,Toronto-319f,17,54,Normal
2026-02-16 01:19:30.151445,Toronto-319f,0,26,Normal
2026-02-16 01:19:31.151445,Toronto-319f,50,10,Normal
2026-02-16 01:19:32.151445,Toronto-319f,13,93,Normal
2026-02-16 01:19:33.151445,Toronto-319f,-5,95,Normal
2026-02-16 01:19:34.151445,Toronto-319f,5,11,Normal
2026-02-16 01:19:35.151445,Toronto-319f,13,47,Normal
2026-02-16 01:19:36.151445,Toronto-319f,-16,2,Normal
2026-02-16 01:19:37.151445,Toronto-319f,-26,29,Normal
2026-02-16 01:19:38.151445,Toronto-319f,0,70,Normal
2026-02-16 01:19:39.151445,Toronto-319f,16,48,Normal
2026-02-16 01:19:40.151445,Toronto-319f,-19,24,Normal
2026-02-16 01:19:41.151445,Toronto-319f,47,82,Normal
2026-02-16 01:19:42.151445,Toronto-319f,-1,89,Normal
2026-02-16 01:19:43.151445,Toronto-319f,32,58,Normal
2026-02-16 01:19:44.151445,Toronto-319f,-8,100,Normal
2026-02-16 01:19:45.151445,Toronto-319f,-21,79,Normal
2026-02-16 01:19:46.151445,Toronto-319f,-18,68,Normal
2026-02-16 01:19:47.151445,Toronto-319f,-7,44,Normal
2026-02-16 01:19:48.151445,Toronto-319f,28,92,Normal
2026-02-16 01:19:49.151445,Toronto-319f,6,64,Normal
2026-02-16 01:19:50.151445,Toronto-319f,-4,93,Normal
2026-02-16 01:19:51.151445,Toronto-319f,-2,55,Normal
2026-02-16 01:19:52.151445,Toronto-319f,34,40,Normal
2026-02-16 01:19:53.151445,Toronto-319f,4,73,Normal
2026-02-16 01:19:54.151445,Toronto-319f,25,13,Normal
2026-02-16 01:19:55.151445,Toronto-319f,21,71,Normal
2026-02-16 01:19:56.151445,Toronto-319f,49,63,Normal
2026-02-16 01:19:57.151445,Toronto-319f,5,98,Normal
2026-02-16 01:19:58.151445,Toronto-319f,12,76,Normal
2026-02-16 01:19:59.151445,Toronto-319f,49,1,Normal
2026-02-16 01:20:00.151445,Toronto-319f,46,56,Normal
2026-02-16 01:20:01.151445,Toronto-319f,-24,82,Normal
2026-02-16 01:20:02.151445,Toronto-319f,-15,26,Normal
2026-02-16 01:20:03.151445,Toronto-319f,24,88,Normal
2026-02-16 01:20:04.151445,Toronto-319f,48,15,Normal
2026-02-16 01:20:05.151445,Toronto-319f,16,78,Normal
2026-02-16 01:20:06.151445,Toronto-319f,-20,34,Normal
2026-02-16 01:20:07.151445,Toronto-319f,-17,39,Normal
2026-02-16 01:20:08.151445,Toronto-319f,-14,87,Normal
2026-02-16 01:20:09.151445,Toronto-319f,-2,25,Normal
2026-02-16 01:20:10.151445,Toronto-319f,8,78,Normal
2026-02-16 01:20:11.151445,Toronto-319f,-21,0,Normal
2026-02-16 01:20:12.151445,Toronto-319f,-12,85,Normal
2026-02-16 01:20:13.151445,Toronto-319f,31,28,Normal
2026-02-16 01:20:14.151445,Toronto-319f,47,9,Normal
2026-02-16 01:20:15.151445,Toronto-319f,31,11,Normal
2026-02-16 01:20:16.151445,Toronto-319f,-28,27,Normal
2026-02-16 01:20:17.151445,Toronto-319f,44,83,Normal
2026-02-16 01:20:18.151445,Toronto-319f,11,49,Normal
2026-02-16 01:20:19.151445,Toronto-319f,32,33,Normal
2026-02-16 01:20:20.151445,Toronto-319f,44,60,Normal
2026-02-16 01:20:21.151445,Toronto-319f,0,63,Normal
2026-02-16 01:20:22.151445,Toronto-319f,21,58,Normal
2026-02-16 01:20:23.151445,Toronto-319f,-12,18,Normal
2026-02-16 01:20:24.151445,Toronto-319f,-2,36,Normal
2026-02-16 01:20:25.151445,Toronto-319f,8,48,Normal
2026-02-16 01:20:26.151445,Toronto-319f,-7,94,Normal
2026-02-16 01:20:27.151445,Toronto-319f,17,15,Normal
2026-02-16 01:20:28.151445,Toronto-319f,-3,75,Normal
2026-02-16 01:20:29.151445,Toronto-319f,35,76,Normal
2026-02-16 01:20:30.151445,Toronto-319f,-3,4,Normal
2026-02-16 01:20:31.151445,Toronto-319f,38,12,Normal
2026-02-16 01:20:32.151445,Toronto-319f,4,82,Normal
2026-02-16 01:20:33.151445,Toronto-319f,11,72,Normal
2026-02-16 01:20:34.151445,Toronto-319f,49,72,Normal
2026-02-16 01:20:35.151445,Toronto-319f,33,0,Normal
2026-02-16 01:20:36.151445,Toronto-319f,-5,65,Normal
2026-02-16 01:20:37.151445,Toronto-319f,-18,77,Normal
2026-02-16 01:20:38.151445,Toronto-319f,19,61,Normal
2026-02-16 01:20:39.151445,Toronto-319f,5,62,Normal
2026-02-16 01:20:40.151445,Toronto-319f,27,88,Normal
2026-02-16 01:20:41.151445,Toronto-319f,-12,12,Normal
2026-02-16 01:20:42.151445,Toronto-319f,11,61,Normal
2026-02-16 01:20:43.151445,Toronto-319f,11,20,Normal
2026-02-16 01:20:44.151445,Toronto-319f,24,25,Normal
2026-02-16 01:20:45.151445,Toronto-319f,-17,17,Normal
2026-02-16 01:20:46.151445,Toronto-319f,18,34,Normal
2026-02-16 01:20:47.151445,Toronto-319f,12,74,Normal
2026-02-16 01:20:48.151445,Toronto-319f,34,76,Normal
2026-02-16 01:20:49.151445,Toronto-319f,-19,83,Normal
2026-02-16 01:20:50.151445,Toronto-319f,-18,4,Normal
2026-02-16 01:20:51.151445,Toronto-319f,-6,72,Normal
2026-02-16 01:20:52.151445,Toronto-319f,34,87,Normal
2026-02-16 01:20:53.151445,Toronto-319f,-21,24,Normal
2026-02-16 01:20:54.151445,Toronto-319f,14,34,Normal
2026-02-16 01:20:55.151445,Toronto-319f,26,73,Normal
2026-02-16 01:20:56.151445,Toronto-319f,-23,62,Normal
2026-02-16 01:20:57.151445,Toronto-319f,-24,52,Normal
2026-02-16 01:20:58.151445,Toronto-319f,-24,54,Normal
2026-02-16 01:20:59.151445,Toronto-319f,-6,57,Normal
2026-02-16 01:21:00.151445,Toronto-319f,-23,82,Normal
2026-02-16 01:21:01.151445,Toronto-319f,25,99,Normal
2026-02-16 01:21:02.151445,Toronto-319f,-5,68,Normal
2026-02-16 01:21:03.151445,Toronto-319f,1,44,Normal
2026-02-16 01:21:04.151445,Toronto-319f,-18,99,Normal
2026-02-16 01:21:05.151445,Toronto-319f,-10,34,Normal
2026-02-16 01:21:06.151445,Toronto-319f,45,20,Normal
2026-02-16 01:21:07.151445,Toronto-319f,-5,100,Normal
2026-02-16 01:21:08.151445,Toronto-319f,49,24,Normal
2026-02-16 01:21:09.151445,Toronto-319f,31,91,Normal
2026-02-16 01:21:10.151445,Toronto-319f,41,96,Normal
2026-02-16 01:21:11.151445,Toronto-319f,-1,1,Normal
2026-02-16 01:21:12.151445,Toronto-319f,50,70,Normal
2026-02-16 01:21:13.151445,Toronto-319f,-5,82,Normal
2026-02-16 01:21:14.151445,Toronto-319f,46,60,Normal
2026-02-16 01:21:15.151445,Toronto-319f,-11,36,Normal
2026-02-16 01:21:16.151445,Toronto-319f,15,48,Normal
2026-02-16 01:21:17.151445,Toronto-319f,37,41,Normal
2026-02-16 01:21:18.151445,Toronto-319f,-15,17,Normal
2026-02-16 01:21:19.151445,Toronto-319f,22,32,Normal
2026-02-16 01:21:20.151445,Toronto-319f,-28,16,Normal
2026-02-16 01:21:21.151445,Toronto-319f,1,98,Normal
2026-02-16 01:21:22.151445,Toronto-319f,-26,37,Normal
2026-02-16 01:21:23.151445,Toronto-319f,19,69,Normal
2026-02-16 01:21:24.151445,Toronto-319f,25,48,Normal
2026-02-16 01:21:25.151445,Toronto-319f,46,46,Normal
2026-02-16 01:21:26.151445,Toronto-319f,9,28,Normal
2026-02-16 01:21:27.151445,Toronto-319f,-7,63,Normal
2026-02-16 01:21:28.151445,Toronto-319f,37,8,Normal
2026-02-16 01:21:29.151445,Toronto-319f,21,78,Normal
2026-02-16 01:21:30.151445,Toronto-319f,-27,2,Normal
2026-02-16 01:21:31.151445,Toronto-319f,33,96,Normal
2026-02-16 01:21:32.151445,Toronto-319f,47,74,Normal
2026-02-16 01:21:33.151445,Toronto-319f,-20,91,Normal
2026-02-16 01:21:34.151445,Toronto-319f,31,41,Normal
2026-02-16 01:21:35.151445,Toronto-319f,5,46,Normal
2026-02-16 01:21:36.151445,Toronto-319f,17,28,Normal
2026-02-16 01:21:37.151445,Toronto-319f,-4,6,Normal
2026-02-16 01:21:38.151445,Toronto-319f,1,5,Normal
2026-02-16 01:21:39.151445,Toronto-319f,-7,55,Normal
2026-02-16 01:21:40.151445,Toronto-319f,48,15,Normal
2026-02-16 01:21:41.151445,Toronto-319f,16,24,Normal
2026-02-16 01:21:42.151445,Toronto-319f,-8,32,Normal
2026-02-16 01:21:43.151445,Toronto-319f,15,15,Normal
2026-02-16 01:21:44.151445,Toronto-319f,3,14,Normal
2026-02-16 01:21:45.151445,Toronto-319f,50,41,Normal
2026-02-16 01:21:46.151445,Toronto-319f,42,14,Normal
2026-02-16 01:21:47.151445,Toronto-319f,13,98,Normal
2026-02-16 01:21:48.151445,Toronto-319f,-7,99,Normal
2026-02-16 01:21:49.151445,Toronto-319f,-4,96,Normal
2026-02-16 01:21:50.151445,Toronto-319f,3,37,Normal
2026-02-16 01:21:51.151445,Toronto-319f,-10,21,Normal
2026-02-16 01:21:52.151445,Toronto-319f,9,81,Normal
2026-02-16 01:21:53.151445,Toronto-319f,36,18,Normal
2026-02-16 01:21:54.151445,Toronto-319f,45,61,Normal
2026-02-16 01:21:55.151445,Toronto-319f,30,72,Normal
2026-02-16 01:21:56.151445,Toronto-319f,-16,52,Normal
2026-02-16 01:21:57.151445,Toronto-319f,15,22,Normal
2026-02-16 01:21:58.151445,Toronto-319f,36,82,Normal
2026-02-16 01:21:59.151445,Toronto-319f,45,32,Normal
2026-02-16 01:22:00.151445,Toronto-319f,20,13,Normal
2026-02-16 01:22:01.151445,Toronto-319f,8,91,Normal
2026-02-16 01:22:02.151445,Toronto-319f,39,48,Normal
2026-02-16 01:22:03.151445,Toronto-319f,48,100,Normal
2026-02-16 01:22:04.151445,Toronto-319f,45,54,Normal
2026-02-16 01:22:05.151445,Toronto-319f,49,66,Normal
2026-02-16 01:22:06.151445,Toronto-319f,-27,34,Normal
2026-02-16 01:22:07.151445,Toronto-319f,46,38,Normal
2026-02-16 01:22:08.151445,Toronto-319f,48,93,Normal
2026-02-16 01:22:09.151445,Toronto-319f,-19,31,Normal
2026-02-16 01:22:10.151445,Toronto-319f,46,97,Normal
2026-02-16 01:22:11.151445,Toronto-319f,50,28,Normal
2026-02-16 01:22:12.151445,Toronto-319f,6,1,Normal
2026-02-16 01:22:13.151445,Toronto-319f,-30,43,Normal
2026-02-16 01:22:14.151445,Toronto-319f,8,51,Normal
2026-02-16 01:22:15.151445,Toronto-319f,41,40,Normal
2026-02-16 01:22:16.151445,Toronto-319f,20,3,Normal
2026-02-16 01:22:17.151445,Toronto-319f,24,49,Normal
2026-02-16 01:22:18.151445,Toronto-319f,-28,56,Normal
2026-02-16 01:22:19.151445,Toronto-319f,31,33,Normal
2026-02-16 01:22:20.151445,Toronto-319f,5,22,Normal
2026-02-16 01:22:21.151445,Toronto-319f,36,20,Normal
2026-02-16 01:22:22.151445,Toronto-319f,7,30,Normal
2026-02-16 01:22:23.151445,Toronto-319f,41,26,Normal
2026-02-16 01:22:24.151445,Toronto-319f,41,92,Normal
2026-02-16 01:22:25.151445,Toronto-319f,12,17,Normal
2026-02-16 01:22:26.151445,Toronto-319f,-29,43,Normal
2026-02-16 01:22:27.151445,Toronto-319f,13,45,Normal
2026-02-16 01:22:28.151445,Toronto-319f,45,86,Normal
2026-02-16 01:22:29.151445,Toronto-319f,42,37,Normal
2026-02-16 01:22:30.151445,Toronto-319f,27,35,Normal
2026-02-16 01:22:31.151445,Toronto-319f,17,88,Normal
2026-02-16 01:22:32.151445,Toronto-319f,30,36,Normal
2026-02-16 01:22:33.151445,Toronto-319f,11,27,Normal
2026-02-16 01:22:34.151445,Toronto-319f,-18,99,Normal
2026-02-16 01:22:35.151445,Toronto-319f,-22,67,Normal
2026-02-16 01:22:36.151445,Toronto-319f,-17,65,Normal
2026-02-16 01:22:37.151445,Toronto-319f,16,42,Normal
2026-02-16 01:22:38.151445,Toronto-319f,34,54,Normal
2026-02-16 01:22:39.151445,Toronto-319f,-1,6,Normal
2026-02-16 01:22:40.151445,Toronto-319f,-30,92,Normal
2026-02-16 01:22:41.151445,Toronto-319f,-5,29,Normal
2026-02-16 01:22:42.151445,Toronto-319f,-13,84,Normal
2026-02-16 01:22:43.151445,Toronto-319f,-1,43,Normal
2026-02-16 01:22:44.151445,Toronto-319f,31,98,Normal
2026-02-16 01:22:45.151445,Toronto-319f,29,26,Normal
2026-02-16 01:22:46.151445,Toronto-319f,-25,88,Normal
2026-02-16 01:22:47.151445,Toronto-319f,45,13,Normal
2026-02-16 01:22:48.151445,Toronto-319f,50,6,Normal
2026-02-16 01:22:49.151445,Toronto-319f,49,32,Normal
2026-02-16 01:22:50.151445,Toronto-319f,-11,89,Normal
2026-02-16 01:22:51.151445,Toronto-319f,3,63,Normal
2026-02-16 01:22:52.151445,Toronto-319f,35,20,Normal
2026-02-16 01:22:53.151445,Toronto-319f,31,31,Normal
2026-02-16 01:22:54.151445,Toronto-319f,50,59,Normal
2026-02-16 01:22:55.151445,Toronto-319f,32,49,Normal
2026-02-16 01:22:56.151445,Toronto-319f,14,63,Normal
2026-02-16 01:22:57.151445,Toronto-319f,48,11,Normal
2026-02-16 01:22:58.151445,Toronto-319f,-18,62,Normal
2026-02-16 01:22:59.151445,Toronto-319f,42,60,Normal
2026-02-16 01:23:00.151445,Toronto-319f,42,75,Normal
2026-02-16 01:23:01.151445,Toronto-319f,-1,67,Normal
2026-02-16 01:23:02.151445,Toronto-319f,-4,93,Normal
2026-02-16 01:23:03.151445,Toronto-319f,41,77,Normal
2026-02-16 01:23:04.151445,Toronto-319f,-26,13,Normal
2026-02-16 01:23:05.151445,Toronto-319f,20,43,Normal
2026-02-16 01:23:06.151445,Toronto-319f,49,59,Normal
2026-02-16 01:23:07.151445,Toronto-319f,-11,21,Normal
2026-02-16 01:23:08.151445,Toronto-319f,-14,95,Normal
2026-02-16 01:23:09.151445,Toronto-319f,27,69,Normal
2026-02-16 01:23:10.151445,Toronto-319f,27,17,Normal
2026-02-16 01:23:11.151445,Toronto-319f,-14,78,Normal
2026-02-16 01:23:12.151445,Toronto-319f,-24,18,Normal
2026-02-16 01:23:13.151445,Toronto-319f,-17,63,Normal
2026-02-16 01:23:14.151445,Toronto-319f,0,93,Normal
2026-02-16 01:23:15.151445,Toronto-319f,-29,68,Normal
2026-02-16 01:23:16.151445,Toronto-319f,0,23,Normal
2026-02-16 01:23:17.151445,Toronto-319f,-19,37,Normal
2026-02-16 01:23:18.151445,Toronto-319f,-30,33,Normal
2026-02-16 01:23:19.151445,Toronto-319f,49,75,Normal
2026-02-16 01:23:20.151445,Toronto-319f,-19,34,Normal
2026-02-16 01:23:21.151445,Toronto-319f,44,11,Normal
2026-02-16 01:23:22.151445,Toronto-319f,-17,76,Normal
2026-02-16 01:23:23.151445,Toronto-319f,49,61,Normal
2026-02-16 01:23:24.151445,Toronto-319f,27,61,Normal
2026-02-16 01:23:25.151445,Toronto-319f,8,97,Normal
2026-02-16 01:23:26.151445,Toronto-319f,-5,98,Normal
2026-02-16 01:23:27.151445,Toronto-319f,49,3,Normal
2026-02-16 01:23:28.151445,Toronto-319f,33,39,Normal
2026-02-16 01:23:29.151445,Toronto-319f,7,66,Normal
2026-02-16 01:23:30.151445,Toronto-319f,-1,87,Normal
2026-02-16 01:23:31.151445,Toronto-319f,22,36,Normal
2026-02-16 01:23:32.151445,Toronto-319f,13,27,Normal
2026-02-16 01:23:33.151445,Toronto-319f,42,11,Normal
2026-02-16 01:23:34.151445,Toronto-319f,-21,100,Normal
2026-02-16 01:23:35.151445,Toronto-319f,-1,75,Normal
2026-02-16 01:23:36.151445,Toronto-319f,26,19,Normal
2026-02-16 01:23:37.151445,Toronto-319f,3,38,Normal
2026-02-16 01:23:38.151445,Toronto-319f,-14,40,Normal
2026-02-16 01:23:39.151445,Toronto-319f,47,22,Normal
2026-02-16 01:23:40.151445,Toronto-319f,-24,55,Normal
2026-02-16 01:23:41.151445,Toronto-319f,45,8,Normal
2026-02-16 01:23:42.151445,Toronto-319f,31,16,Normal
2026-02-16 01:23:43.151445,Toronto-319f,26,73,Normal
2026-02-16 01:23:44.151445,Toronto-319f,-2,67,Normal
2026-02-16 01:23:45.151445,Toronto-319f,40,54,Normal
2026-02-16 01:23:46.151445,Toronto-319f,-11,19,Normal
2026-02-16 01:23:47.151445,Toronto-319f,42,17,Normal
2026-02-16 01:23:48.151445,Toronto-319f,45,72,Normal
2026-02-16 01:23:49.151445,Toronto-319f,46,85,Normal
2026-02-16 01:23:50.151445,Toronto-319f,18,33,Normal
2026-02-16 01:23:51.151445,Toronto-319f,-13,72,Normal
2026-02-16 01:23:52.151445,Toronto-319f,-18,22,Normal
2026-02-16 01:23:53.151445,Toronto-319f,-10,68,Normal
2026-02-16 01:23:54.151445,Toronto-319f,-3,99,Normal
2026-02-16 01:23:55.151445,Toronto-319f,50,31,Normal
2026-02-16 01:23:56.151445,Toronto-319f,-26,59,Normal
2026-02-16 01:23:57.151445,Toronto-319f,2,60,Normal
2026-02-16 01:23:58.151445,Toronto-319f,-15,89,Normal
2026-02-16 01:23:59.151445,Toronto-319f,13,93,Normal
2026-02-16 01:24:00.151445,Toronto-319f,48,31,Normal
2026-02-16 01:24:01.151445,Toronto-319f,-18,1,Normal
2026-02-16 01:24:02.151445,Toronto-319f,30,85,Normal
2026-02-16 01:24:03.151445,Toronto-319f,2,42,Normal
2026-02-16 01:24:04.151445,Toronto-319f,-14,12,Normal
2026-02-16 01:24:05.151445,Toronto-319f,41,26,Normal
2026-02-16 01:24:06.151445,Toronto-319f,48,8,Normal
2026-02-16 01:24:07.151445,Toronto-319f,39,8,Normal
2026-02-16 01:24:08.151445,Toronto-319f,35,84,Normal
2026-02-16 01:24:09.151445,Toronto-319f,28,52,Normal
2026-02-16 01:24:10.151445,Toronto-319f,-7,30,Normal
2026-02-16 01:24:11.151445,Toronto-319f,3,9,Normal
2026-02-16 01:24:12.151445,Toronto-319f,41,1,Normal
2026-02-16 01:24:13.151445,Toronto-319f,39,9,Normal
2026-02-16 01:24:14.151445,Toronto-319f,20,6,Normal
2026-02-16 01:24:15.151445,Toronto-319f,-1,88,Normal
2026-02-16 01:24:16.151445,Toronto-319f,10,37,Normal
2026-02-16 01:24:17.151445,Toronto-319f,-14,93,Normal
2026-02-16 01:24:18.151445,Toronto-319f,27,18,Normal
2026-02-16 01:24:19.151445,Toronto-319f,35,99,Normal
2026-02-16 01:24:20.151445,Toronto-319f,-2,61,Normal
2026-02-16 01:24:21.151445,Toronto-319f,22,2,Normal
2026-02-16 01:24:22.151445,Toronto-319f,49,57,Normal
2026-02-16 01:24:23.151445,Toronto-319f,15,11,Normal
2026-02-16 01:24:24.151445,Toronto-319f,-14,14,Normal
2026-02-16 01:24:25.151445,Toronto-319f,-27,22,Normal
2026-02-16 01:24:26.151445,Toronto-319f,35,59,Normal
2026-02-16 01:24:27.151445,Toronto-319f,13,22,Normal
2026-02-16 01:24:28.151445,Toronto-319f,33,81,Normal
2026-02-16 01:24:29.151445,Toronto-319f,14,70,Normal
2026-02-16 01:24:30.151445,Toronto-319f,50,97,Normal
2026-02-16 01:24:31.151445,Toronto-319f,43,71,Normal
2026-02-16 01:24:32.151445,Toronto-319f,40,74,Normal
2026-02-16 01:24:33.151445,Toronto-319f,31,74,Normal
2026-02-16 01:24:34.151445,Toronto-319f,-26,53,Normal
2026-02-16 01:24:35.151445,Toronto-319f,4,25,Normal
2026-02-16 01:24:36.151445,Toronto-319f,31,13,Normal
2026-02-16 01:24:37.151445,Toronto-319f,35,46,Normal
2026-02-16 01:24:38.151445,Toronto-319f,-19,13,Normal
2026-02-16 01:24:39.151445,Toronto-319f,-30,45,Normal
2026-02-16 01:24:40.151445,Toronto-319f,25,4,Normal
2026-02-16 01:24:41.151445,Toronto-319f,19,84,Normal
2026-02-16 01:24:42.151445,Toronto-319f,22,15,Normal
2026-02-16 01:24:43.151445,Toronto-319f,40,50,Normal
2026-02-16 01:24:44.151445,Toronto-319f,-5,4,Normal
2026-02-16 01:24:45.151445,Toronto-319f,1,29,Normal
2026-02-16 01:24:46.151445,Toronto-319f,3,73,Normal
2026-02-16 01:24:47.151445,Toronto-319f,15,62,Normal
2026-02-16 01:24:48.151445,Toronto-319f,31,48,Normal
2026-02-16 01:24:49.151445,Toronto-319f,-26,41,Normal
2026-02-16 01:24:50.151445,Toronto-319f,-22,6,Normal
2026-02-16 01:24:51.151445,Toronto-319f,-10,26,Normal
2026-02-16 01:24:52.151445,Toronto-319f,-11,34,Normal
2026-02-16 01:24:53.151445,Toronto-319f,25,6,Normal
2026-02-16 01:24:54.151445,Toronto-319f,-4,53,Normal
2026-02-16 01:24:55.151445,Toronto-319f,50,87,Normal
2026-02-16 01:24:56.151445,Toronto-319f,-19,50,Normal
2026-02-16 01:24:57.151445,Toronto-319f,42,95,Normal
2026-02-16 01:24:58.151445,Toronto-319f,-23,69,Normal
2026-02-16 01:24:59.151445,Toronto-319f,4,28,Normal
2026-02-16 01:25:00.151445,Toronto-319f,49,98,Normal
2026-02-16 01:25:01.151445,Toronto-319f,19,71,Normal
2026-02-16 01:25:02.151445,Toronto-319f,-18,83,Normal
2026-02-16 01:25:03.151445,Toronto-319f,-9,72,Normal
2026-02-16 01:25:04.151445,Toronto-319f,7,49,Normal
2026-02-16 01:25:05.151445,Toronto-319f,-30,49,Normal
2026-02-16 01:25:06.151445,Toronto-319f,32,66,Normal
2026-02-16 01:25:07.151445,Toronto-319f,-21,76,Normal
2026-02-16 01:25:08.151445,Toronto-319f,-15,55,Normal
2026-02-16 01:25:09.151445,Toronto-319f,-24,55,Normal
2026-02-16 01:25:10.151445,Toronto-319f,-17,8,Normal
2026-02-16 01:25:11.151445,Toronto-319f,50,77,Normal
2026-02-16 01:25:12.151445,Toronto-319f,17,61,Normal
2026-02-16 01:25:13.151445,Toronto-319f,43,1,Normal
2026-02-16 01:25:14.151445,Toronto-319f,49,76,Normal
2026-02-16 01:25:15.151445,Toronto-319f,9,0,Normal
2026-02-16 01:25:16.151445,Toronto-319f,-20,1,Normal
2026-02-16 01:25:17.151445,Toronto-319f,0,30,Normal
2026-02-16 01:25:18.151445,Toronto-319f,-18,97,Normal
2026-02-16 01:25:19.151445,Toronto-319f,17,26,Normal
2026-02-16 01:25:20.151445,Toronto-319f,5,72,Normal
2026-02-16 01:25:21.151445,Toronto-319f,13,72,Normal
2026-02-16 01:25:22.151445,Toronto-319f,45,50,Normal
2026-02-16 01:25:23.151445,Toronto-319f,32,80,Normal
2026-02-16 01:25:24.151445,Toronto-319f,7,68,Normal
2026-02-16 01:25:25.151445,Toronto-319f,4,91,Normal
2026-02-16 01:25:26.151445,Toronto-319f,47,5,Normal
2026-02-16 01:25:27.151445,Toronto-319f,-10,60,Normal
2026-02-16 01:25:28.151445,Toronto-319f,21,17,Normal
2026-02-16 01:25:29.151445,Toronto-319f,10,19,Normal
2026-02-16 01:25:30.151445,Toronto-319f,-9,48,Normal
2026-02-16 01:25:31.151445,Toronto-319f,-7,75,Normal
2026-02-16 01:25:32.151445,Toronto-319f,-28,64,Normal
2026-02-16 01:25:33.151445,Toronto-319f,21,44,Normal
2026-02-16 01:25:34.151445,Toronto-319f,32,6,Normal
2026-02-16 01:25:35.151445,Toronto-319f,35,88,Normal
2026-02-16 01:25:36.151445,Toronto-319f,43,40,Normal
2026-02-16 01:25:37.151445,Toronto-319f,21,40,Normal
2026-02-16 01:25:38.151445,Toronto-319f,15,49,Normal
2026-02-16 01:25:39.151445,Toronto-319f,37,90,Normal
2026-02-16 01:25:40.151445,Toronto-319f,-7,40,Normal
2026-02-16 01:25:41.151445,Toronto-319f,2,46,Normal
2026-02-16 01:25:42.151445,Toronto-319f,43,99,Normal
2026-02-16 01:25:43.151445,Toronto-319f,3,52,Normal
2026-02-16 01:25:44.151445,Toronto-319f,-19,8,Normal
2026-02-16 01:25:45.151445,Toronto-319f,25,17,Normal
2026-02-16 01:25:46.151445,Toronto-319f,-25,45,Normal
2026-02-16 01:25:47.151445,Toronto-319f,32,34,Normal
2026-02-16 01:25:48.151445,Toronto-319f,-3,4,Normal
2026-02-16 01:25:49.151445,Toronto-319f,23,78,Normal
2026-02-16 01:25:50.151445,Toronto-319f,-13,96,Normal
2026-02-16 01:25:51.151445,Toronto-319f,-4,56,Normal
2026-02-16 01:25:52.151445,Toronto-319f,24,14,Normal
2026-02-16 01:25:53.151445,Toronto-319f,42,24,Normal
2026-02-16 01:25:54.151445,Toronto-319f,-15,34,Normal
2026-02-16 01:25:55.151445,Toronto-319f,17,24,Normal
2026-02-16 01:25:56.151445,Toronto-319f,28,64,Normal
2026-02-16 01:25:57.151445,Toronto-319f,23,87,Normal
2026-02-16 01:25:58.151445,Toronto-319f,13,87,Normal
2026-02-16 01:25:59.151445,Toronto-319f,-13,54,Normal
2026-02-16 01:26:00.151445,Toronto-319f,-26,64,Normal
2026-02-16 01:26:01.151445,Toronto-319f,-6,28,Normal
2026-02-16 01:26:02.151445,Toronto-319f,-27,8,Normal
2026-02-16 01:26:03.151445,Toronto-319f,34,89,Normal
2026-02-16 01:26:04.151445,Toronto-319f,0,47,Normal
2026-02-16 01:26:05.151445,Toronto-319f,43,99,Normal
2026-02-16 01:26:06.151445,Toronto-319f,28,91,Normal
2026-02-16 01:26:07.151445,Toronto-319f,29,93,Normal
2026-02-16 01:26:08.151445,Toronto-319f,-7,58,Normal
2026-02-16 01:26:09.151445,Toronto-319f,-26,63,Normal
2026-02-16 01:26:10.151445,Toronto-319f,-8,77,Normal
2026-02-16 01:26:11.151445,Toronto-319f,-26,38,Normal
2026-02-16 01:26:12.151445,Toronto-319f,36,33,Normal
2026-02-16 01:26:13.151445,Toronto-319f,19,8,Normal
2026-02-16 01:26:14.151445,Toronto-319f,-27,9,Normal
2026-02-16 01:26:15.151445,Toronto-319f,45,18,Normal
2026-02-16 01:26:16.151445,Toronto-319f,3,61,Normal
2026-02-16 01:26:17.151445,Toronto-319f,25,23,Normal
2026-02-16 01:26:18.151445,Toronto-319f,3,96,Normal
2026-02-16 01:26:19.151445,Toronto-319f,2,87,Normal
2026-02-16 01:26:20.151445,Toronto-319f,-20,69,Normal
2026-02-16 01:26:21.151445,Toronto-319f,-23,70,Normal
2026-02-16 01:26:22.151445,Toronto-319f,29,52,Normal
2026-02-16 01:26:23.151445,Toronto-319f,33,87,Normal
2026-02-16 01:26:24.151445,Toronto-319f,48,92,Normal
2026-02-16 01:26:25.151445,Toronto-319f,22,8,Normal
2026-02-16 01:26:26.151445,Toronto-319f,35,2,Normal
2026-02-16 01:26:27.151445,Toronto-319f,5,23,Normal
2026-02-16 01:26:28.151445,Toronto-319f,-18,65,Normal
2026-02-16 01:26:29.151445,Toronto-319f,15,36,Normal
2026-02-16 01:26:30.151445,Toronto-319f,7,7,Normal
2026-02-16 01:26:31.151445,Toronto-319f,-22,5,Normal
2026-02-16 01:26:32.151445,Toronto-319f,23,52,Normal
2026-02-16 01:26:33.151445,Toronto-319f,-26,86,Normal
2026-02-16 01:26:34.151445,Toronto-319f,-11,53,Normal
2026-02-16 01:26:35.151445,Toronto-319f,-10,39,Normal
2026-02-16 01:26:36.151445,Toronto-319f,36,3,Normal
2026-02-16 01:26:37.151445,Toronto-319f,28,48,Normal
2026-02-16 01:26:38.151445,Toronto-319f,48,49,Normal
2026-02-16 01:26:39.151445,Toronto-319f,-20,21,Normal
2026-02-16 01:26:40.151445,Toronto-319f,6,73,Normal
2026-02-16 01:26:41.151445,Toronto-319f,33,64,Normal
2026-02-16 01:26:42.151445,Toronto-319f,-28,71,Normal
2026-02-16 01:26:43.151445,Toronto-319f,39,96,Normal
2026-02-16 01:26:44.151445,Toronto-319f,-17,83,Normal
2026-02-16 01:26:45.151445,Toronto-319f,33,35,Normal
2026-02-16 01:26:46.151445,Toronto-319f,10,33,Normal
2026-02-16 01:26:47.151445,Toronto-319f,-27,67,Normal
2026-02-16 01:26:48.151445,Toronto-319f,17,44,Normal
2026-02-16 01:26:49.151445,Toronto-319f,7,93,Normal
2026-02-16 01:26:50.151445,Toronto-319f,50,33,Normal
2026-02-16 01:26:51.151445,Toronto-319f,45,52,Normal
2026-02-16 01:26:52.151445,Toronto-319f,-24,90,Normal
2026-02-16 01:26:53.151445,Toronto-319f,30,2,Normal
2026-02-16 01:26:54.151445,Toronto-319f,50,70,Normal
2026-02-16 01:26:55.151445,Toronto-319f,-17,86,Normal
2026-02-16 01:26:56.151445,Toronto-319f,17,63,Normal
2026-02-16 01:26:57.151445,Toronto-319f,26,44,Normal
2026-02-16 01:26:58.151445,Toronto-319f,42,49,Normal
2026-02-16 01:26:59.151445,Toronto-319f,1,32,Normal
2026-02-16 01:27:00.151445,Toronto-319f,24,99,Normal
2026-02-16 01:27:01.151445,Toronto-319f,-27,39,Normal
2026-02-16 01:27:02.151445,Toronto-319f,7,2,Normal
2026-02-16 01:27:03.151445,Toronto-319f,-2,100,Normal
2026-02-16 01:27:04.151445,Toronto-319f,22,90,Normal
2026-02-16 01:27:05.151445,Toronto-319f,44,18,Normal
2026-02-16 01:27:06.151445,Toronto-319f,31,14,Normal
2026-02-16 01:27:07.151445,Toronto-319f,-15,27,Normal
2026-02-16 01:27:08.151445,Toronto-319f,21,88,Normal
2026-02-16 01:27:09.151445,Toronto-319f,-19,97,Normal
2026-02-16 01:27:10.151445,Toronto-319f,30,72,Normal
2026-02-16 01:27:11.151445,Toronto-319f,50,4,Normal
2026-02-16 01:27:12.151445,Toronto-319f,-7,72,Normal
2026-02-16 01:27:13.151445,Toronto-319f,-18,98,Normal
2026-02-16 01:27:14.151445,Toronto-319f,-23,13,Normal
2026-02-16 01:27:15.151445,Toronto-319f,26,95,Normal
2026-02-16 01:27:16.151445,Toronto-319f,1,63,Normal
2026-02-16 01:27:17.151445,Toronto-319f,5,48,Normal
2026-02-16 01:27:18.151445,Toronto-319f,29,63,Normal
2026-02-16 01:27:19.151445,Toronto-319f,-25,22,Normal
2026-02-16 01:27:20.151445,Toronto-319f,45,82,Normal
2026-02-16 01:27:21.151445,Toronto-319f,37,69,Normal
2026-02-16 01:27:22.151445,Toronto-319f,-20,99,Normal
2026-02-16 01:27:23.151445,Toronto-319f,-19,95,Normal
2026-02-16 01:27:24.151445,Toronto-319f,-9,4,Normal
2026-02-16 01:27:25.151445,Toronto-319f,-1,27,Normal
2026-02-16 01:27:26.151445,Toronto-319f,-13,65,Normal
2026-02-16 01:27:27.151445,Toronto-319f,-12,52,Normal
2026-02-16 01:27:28.151445,Toronto-319f,38,90,Normal
2026-02-16 01:27:29.151445,Toronto-319f,34,5,Normal
2026-02-16 01:27:30.151445,Toronto-319f,37,82,Normal
2026-02-16 01:27:31.151445,Toronto-319f,-20,85,Normal
2026-02-16 01:27:32.151445,Toronto-319f,39,92,Normal
2026-02-16 01:27:33.151445,Toronto-319f,10,28,Normal
2026-02-16 01:27:34.151445,Toronto-319f,47,19,Normal
2026-02-16 01:27:35.151445,Toronto-319f,12,77,Normal
2026-02-16 01:27:36.151445,Toronto-319f,14,86,Normal
2026-02-16 01:27:37.151445,Toronto-319f,18,99,Normal
2026-02-16 01:27:38.151445,Toronto-319f,18,36,Normal
2026-02-16 01:27:39.151445,Toronto-319f,37,6,Normal
2026-02-16 01:27:40.151445,Toronto-319f,-13,4,Normal
2026-02-16 01:27:41.151445,Toronto-319f,-1,56,Normal
2026-02-16 01:27:42.151445,Toronto-319f,20,47,Normal
2026-02-16 01:27:43.151445,Toronto-319f,42,76,Normal
2026-02-16 01:27:44.151445,Toronto-319f,-19,0,Normal
2026-02-16 01:27:45.151445,Toronto-319f,8,37,Normal
2026-02-16 01:27:46.151445,Toronto-319f,-30,90,Normal
2026-02-16 01:27:47.151445,Toronto-319f,9,4,Normal
2026-02-16 01:27:48.151445,Toronto-319f,-24,7,Normal
2026-02-16 01:27:49.151445,Toronto-319f,16,88,Normal
2026-02-16 01:27:50.151445,Toronto-319f,9,67,Normal
2026-02-16 01:27:51.151445,Toronto-319f,4,1,Normal
2026-02-16 01:27:52.151445,Toronto-319f,-10,59,Normal
2026-02-16 01:27:53.151445,Toronto-319f,-10,1,Normal
2026-02-16 01:27:54.151445,Toronto-319f,11,80,Normal
2026-02-16 01:27:55.151445,Toronto-319f,-3,32,Normal
2026-02-16 01:27:56.151445,Toronto-319f,33,99,Normal
2026-02-16 01:27:57.151445,Toronto-319f,6,60,Normal
2026-02-16 01:27:58.151445,Toronto-319f,-8,83,Normal
2026-02-16 01:27:59.151445,Toronto-319f,-19,35,Normal
2026-02-16 01:28:00.151445,Toronto-319f,45,18,Normal
2026-02-16 01:28:01.151445,Toronto-319f,42,83,Normal
2026-02-16 01:28:02.151445,Toronto-319f,-19,59,Normal
2026-02-16 01:28:03.151445,Toronto-319f,-23,9,Normal
2026-02-16 01:28:04.151445,Toronto-319f,19,87,Normal
2026-02-16 01:28:05.151445,Toronto-319f,-23,3,Normal
2026-02-16 01:28:06.151445,Toronto-319f,-12,91,Normal
2026-02-16 01:28:07.151445,Toronto-319f,2,66,Normal
2026-02-16 01:28:08.151445,Toronto-319f,-27,3,Normal
2026-02-16 01:28:09.151445,Toronto-319f,43,96,Normal
2026-02-16 01:28:10.151445,Toronto-319f,-6,85,Normal
2026-02-16 01:28:11.151445,Toronto-319f,38,26,Normal
2026-02-16 01:28:12.151445,Toronto-319f,-4,48,Normal
2026-02-16 01:28:13.151445,Toronto-319f,-20,95,Normal
2026-02-16 01:28:14.151445,Toronto-319f,-4,80,Normal
2026-02-16 01:28:15.151445,Toronto-319f,49,10,Normal
2026-02-16 01:28:16.151445,Toronto-319f,1,1,Normal
2026-02-16 01:28:17.151445,Toronto-319f,31,25,Normal
2026-02-16 01:28:18.151445,Toronto-319f,-9,84,Normal
2026-02-16 01:28:19.151445,Toronto-319f,39,19,Normal
2026-02-16 01:28:20.151445,Toronto-319f,45,35,Normal
2026-02-16 01:28:21.151445,Toronto-319f,-2,30,Normal
2026-02-16 01:28:22.151445,Toronto-319f,21,66,Normal
2026-02-16 01:28:23.151445,Toronto-319f,13,61,Normal
2026-02-16 01:28:24.151445,Toronto-319f,19,7,Normal
2026-02-16 01:28:25.151445,Toronto-319f,44,75,Normal
2026-02-16 01:28:26.151445,Toronto-319f,-11,11,Normal
2026-02-16 01:28:27.151445,Toronto-319f,17,13,Normal
2026-02-16 01:28:28.151445,Toronto-319f,-23,44,Normal
2026-02-16 01:28:29.151445,Toronto-319f,43,0,Normal
2026-02-16 01:28:30.151445,Toronto-319f,-1,74,Normal
2026-02-16 01:28:31.151445,Toronto-319f,-30,62,Normal
2026-02-16 01:28:32.151445,Toronto-319f,4,71,Normal
2026-02-16 01:28:33.151445,Toronto-319f,-3,18,Normal
2026-02-16 01:28:34.151445,Toronto-319f,10,62,Normal
2026-02-16 01:28:35.151445,Toronto-319f,-5,49,Normal
2026-02-16 01:28:36.151445,Toronto-319f,14,43,Normal
2026-02-16 01:28:37.151445,Toronto-319f,-18,88,Normal
2026-02-16 01:28:38.151445,Toronto-319f,7,23,Normal
2026-02-16 01:28:39.151445,Toronto-319f,-22,2,Normal
2026-02-16 01:28:40.151445,Toronto-319f,5,92,Normal
2026-02-16 01:28:41.151445,Toronto-319f,17,4,Normal
2026-02-16 01:28:42.151445,Toronto-319f,47,44,Normal
2026-02-16 01:28:43.151445,Toronto-319f,9,18,Normal
2026-02-16 01:28:44.151445,Toronto-319f,29,19,Normal
2026-02-16 01:28:45.151445,Toronto-319f,16,84,Normal
2026-02-16 01:28:46.151445,Toronto-319f,2,39,Normal
2026-02-16 01:28:47.151445,Toronto-319f,43,91,Normal
2026-02-16 01:28:48.151445,Toronto-319f,-27,44,Normal
2026-02-16 01:28:49.151445,Toronto-319f,16,59,Normal
2026-02-16 01:28:50.151445,Toronto-319f,32,93,Normal
2026-02-16 01:28:51.151445,Toronto-319f,44,89,Normal
2026-02-16 01:28:52.151445,Toronto-319f,-30,50,Normal
2026-02-16 01:28:53.151445,Toronto-319f,40,12,Normal
2026-02-16 01:28:54.151445,Toronto-319f,1,28,Normal
2026-02-16 01:28:55.151445,Toronto-319f,6,50,Normal
2026-02-16 01:28:56.151445,Toronto-319f,-4,59,Normal
2026-02-16 01:28:57.151445,Toronto-319f,33,39,Normal
2026-02-16 01:28:58.151445,Toronto-319f,44,81,Normal
2026-02-16 01:28:59.151445,Toronto-319f,11,25,Normal
2026-02-16 01:29:00.151445,Toronto-319f,-28,36,Normal
2026-02-16 01:29:01.151445,Toronto-319f,7,43,Normal
2026-02-16 01:29:02.151445,Toronto-319f,-16,14,Normal
2026-02-16 01:29:03.151445,Toronto-319f,2,39,Normal
2026-02-16 01:29:04.151445,Toronto-319f,10,96,Normal
2026-02-16 01:29:05.151445,Toronto-319f,47,30,Normal
2026-02-16 01:29:06.151445,Toronto-319f,-19,79,Normal
2026-02-16 01:29:07.151445,Toronto-319f,19,39,Normal
2026-02-16 01:29:08.151445,Toronto-319f,41,6,Normal
2026-02-16 01:29:09.151445,Toronto-319f,40,83,Normal
2026-02-16 01:29:10.151445,Toronto-319f,-12,78,Normal
2026-02-16 01:29:11.151445,Toronto-319f,34,67,Normal
2026-02-16 01:29:12.151445,Toronto-319f,15,0,Normal
2026-02-16 01:29:13.151445,Toronto-319f,48,55,Normal
2026-02-16 01:29:14.151445,Toronto-319f,-9,96,Normal
2026-02-16 01:29:15.151445,Toronto-319f,23,42,Normal
2026-02-16 01:29:16.151445,Toronto-319f,48,68,Normal
2026-02-16 01:29:17.151445,Toronto-319f,-17,39,Normal
2026-02-16 01:29:18.151445,Toronto-319f,-29,37,Normal
2026-02-16 01:29:19.151445,Toronto-319f,20,20,Normal
2026-02-16 01:29:20.151445,Toronto-319f,-15,98,Normal
2026-02-16 01:29:21.151445,Toronto-319f,7,61,Normal
2026-02-16 01:29:22.151445,Toronto-319f,19,65,Normal
2026-02-16 01:29:23.151445,Toronto-319f,26,65,Normal
2026-02-16 01:29:24.151445,Toronto-319f,7,47,Normal
2026-02-16 01:29:25.151445,Toronto-319f,28,80,Normal
2026-02-16 01:29:26.151445,Toronto-319f,43,23,Normal
2026-02-16 01:29:27.151445,Toronto-319f,37,15,Normal
2026-02-16 01:29:28.151445,Toronto-319f,35,32,Normal
2026-02-16 01:29:29.151445,Toronto-319f,45,100,Normal
2026-02-16 01:29:30.151445,Toronto-319f,-21,94,Normal
2026-02-16 01:29:31.151445,Toronto-319f,-2,84,Normal
2026-02-16 01:29:32.151445,Toronto-319f,41,8,Normal
2026-02-16 01:29:33.151445,Toronto-319f,34,59,Normal
2026-02-16 01:29:34.151445,Toronto-319f,25,73,Normal
2026-02-16 01:29:35.151445,Toronto-319f,33,8,Normal
2026-02-16 01:29:36.151445,Toronto-319f,31,71,Normal
2026-02-16 01:29:37.151445,Toronto-319f,17,1,Normal
2026-02-16 01:29:38.151445,Toronto-319f,20,1,Normal
2026-02-16 01:29:39.151445,Toronto-319f,16,42,Normal
2026-02-16 01:29:40.151445,Toronto-319f,-26,16,Normal
2026-02-16 01:29:41.151445,Toronto-319f,32,95,Normal
2026-02-16 01:29:42.151445,Toronto-319f,-13,72,Normal
2026-02-16 01:29:43.151445,Toronto-319f,44,30,Normal
2026-02-16 01:29:44.151445,Toronto-319f,-23,28,Normal
2026-02-16 01:29:45.151445,Toronto-319f,13,84,Normal
2026-02-16 01:29:46.151445,Toronto-319f,-16,19,Normal
2026-02-16 01:29:47.151445,Toronto-319f,-6,66,Normal
2026-02-16 01:29:48.151445,Toronto-319f,-19,50,Normal
2026-02-16 01:29:49.151445,Toronto-319f,27,22,Normal
2026-02-16 01:29:50.151445,Toronto-319f,13,66,Normal
2026-02-16 01:29:51.151445,Toronto-319f,22,64,Normal
2026-02-16 01:29:52.151445,Toronto-319f,25,63,Normal
2026-02-16 01:29:53.151445,Toronto-319f,-20,4,Normal
2026-02-16 01:29:54.151445,Toronto-319f,-14,15,Normal
2026-02-16 01:29:55.151445,Toronto-319f,16,16,Normal
2026-02-16 01:29:56.151445,Toronto-319f,13,20,Normal
2026-02-16 01:29:57.151445,Toronto-319f,7,98,Normal
2026-02-16 01:29:58.151445,Toronto-319f,47,23,Normal
2026-02-16 01:29:59.151445,Toronto-319f,-27,90,Normal
2026-02-16 01:30:00.151445,Toronto-319f,20,33,Normal
2026-02-16 01:30:01.151445,Toronto-319f,-11,48,Normal
2026-02-16 01:30:02.151445,Toronto-319f,2,93,Normal
2026-02-16 01:30:03.151445,Toronto-319f,18,1,Normal
2026-02-16 01:30:04.151445,Toronto-319f,43,26,Normal
2026-02-16 01:30:05.151445,Toronto-319f,-14,71,Normal
2026-02-16 01:30:06.151445,Toronto-319f,43,48,Normal
2026-02-16 01:30:07.151445,Toronto-319f,24,87,Normal
2026-02-16 01:30:08.151445,Toronto-319f,0,94,Normal
2026-02-16 01:30:09.151445,Toronto-319f,44,29,Normal
2026-02-16 01:30:10.151445,Toronto-319f,45,50,Normal
2026-02-16 01:30:11.151445,Toronto-319f,-5,41,Normal
2026-02-16 01:30:12.151445,Toronto-319f,36,61,Normal
2026-02-16 01:30:13.151445,Toronto-319f,-22,95,Normal
2026-02-16 01:30:14.151445,Toronto-319f,46,81,Normal
2026-02-16 01:30:15.151445,Toronto-319f,12,34,Normal
2026-02-16 01:30:16.151445,Toronto-319f,42,100,Normal
2026-02-16 01:30:17.151445,Toronto-319f,40,87,Normal
2026-02-16 01:30:18.151445,Toronto-319f,-12,27,Normal
2026-02-16 01:30:19.151445,Toronto-319f,30,96,Normal
2026-02-16 01:30:20.151445,Toronto-319f,40,13,Normal
2026-02-16 01:30:21.151445,Toronto-319f,-4,66,Normal
2026-02-16 01:30:22.151445,Toronto-319f,17,54,Normal
2026-02-16 01:30:23.151445,Toronto-319f,25,96,Normal
2026-02-16 01:30:24.151445,Toronto-319f,-19,50,Normal
2026-02-16 01:30:25.151445,Toronto-319f,-6,51,Normal
2026-02-16 01:30:26.151445,Toronto-319f,28,81,Normal
2026-02-16 01:30:27.151445,Toronto-319f,-14,22,Normal
2026-02-16 01:30:28.151445,Toronto-319f,44,8,Normal
2026-02-16 01:30:29.151445,Toronto-319f,-11,53,Normal
2026-02-16 01:30:30.151445,Toronto-319f,-2,8,Normal
2026-02-16 01:30:31.151445,Toronto-319f,28,97,Normal
2026-02-16 01:30:32.151445,Toronto-319f,-11,34,Normal
2026-02-16 01:30:33.151445,Toronto-319f,-25,71,Normal
2026-02-16 01:30:34.151445,Toronto-319f,32,89,Normal
2026-02-16 01:30:35.151445,Toronto-319f,25,65,Normal
2026-02-16 01:30:36.151445,Toronto-319f,41,55,Normal
2026-02-16 01:30:37.151445,Toronto-319f,-5,85,Normal
2026-02-16 01:30:38.151445,Toronto-319f,25,3,Normal
2026-02-16 01:30:39.151445,Toronto-319f,19,97,Normal
2026-02-16 01:30:40.151445,Toronto-319f,2,76,Normal
2026-02-16 01:30:41.151445,Toronto-319f,-20,36,Normal
2026-02-16 01:30:42.151445,Toronto-319f,37,26,Normal
2026-02-16 01:30:43.151445,Toronto-319f,-4,62,Normal
2026-02-16 01:30:44.151445,Toronto-319f,2,2,Normal
2026-02-16 01:30:45.151445,Toronto-319f,-22,95,Normal
2026-02-16 01:30:46.151445,Toronto-319f,22,58,Normal
2026-02-16 01:30:47.151445,Toronto-319f,-1,13,Normal
2026-02-16 01:30:48.151445,Toronto-319f,20,71,Normal
2026-02-16 01:30:49.151445,Toronto-319f,24,100,Normal
2026-02-16 01:30:50.151445,Toronto-319f,12,68,Normal
2026-02-16 01:30:51.151445,Toronto-319f,40,94,Normal
2026-02-16 01:30:52.151445,Toronto-319f,-22,80,Normal
2026-02-16 01:30:53.151445,Toronto-319f,48,21,Normal
2026-02-16 01:30:54.151445,Toronto-319f,-19,26,Normal
2026-02-16 01:30:55.151445,Toronto-319f,18,39,Normal
2026-02-16 01:30:56.151445,Toronto-319f,3,60,Normal
2026-02-16 01:30:57.151445,Toronto-319f,-22,44,Normal
2026-02-16 01:30:58.151445,Toronto-319f,7,56,Normal
2026-02-16 01:30:59.151445,Toronto-319f,-25,9,Normal
2026-02-16 01:31:00.151445,Toronto-319f,44,21,Normal
2026-02-16 01:31:01.151445,Toronto-319f,-5,17,Normal
2026-02-16 01:31:02.151445,Toronto-319f,-16,15,Normal
2026-02-16 01:31:03.151445,Toronto-319f,-30,81,Normal
2026-02-16 01:31:04.151445,Toronto-319f,8,15,Normal
2026-02-16 01:31:05.151445,Toronto-319f,-21,71,Normal
2026-02-16 01:31:06.151445,Toronto-319f,19,79,Normal
2026-02-16 01:31:07.151445,Toronto-319f,39,88,Normal
2026-02-16 01:31:08.151445,Toronto-319f,25,9,Normal
2026-02-16 01:31:09.151445,Toronto-319f,-9,85,Normal
2026-02-16 01:31:10.151445,Toronto-319f,-17,71,Normal
2026-02-16 01:31:11.151445,Toronto-319f,8,86,Normal
2026-02-16 01:31:12.151445,Toronto-319f,37,62,Normal
2026-02-16 01:31:13.151445,Toronto-319f,2,74,Normal
2026-02-16 01:31:14.151445,Toronto-319f,30,78,Normal
2026-02-16 01:31:15.151445,Toronto-319f,-14,30,Normal
2026-02-16 01:31:16.151445,Toronto-319f,28,1,Normal
2026-02-16 01:31:17.151445,Toronto-319f,13,90,Normal
2026-02-16 01:31:18.151445,Toronto-319f,24,56,Normal
2026-02-16 01:31:19.151445,Toronto-319f,38,88,Normal
2026-02-16 01:31:20.151445,Toronto-319f,41,70,Normal
2026-02-16 01:31:21.151445,Toronto-319f,11,76,Normal
2026-02-16 01:31:22.151445,Toronto-319f,30,36,Normal
2026-02-16 01:31:23.151445,Toronto-319f,-2,84,Normal
2026-02-16 01:31:24.151445,Toronto-319f,6,82,Normal
2026-02-16 01:31:25.151445,Toronto-319f,-24,30,Normal
2026-02-16 01:31:26.151445,Toronto-319f,1,29,Normal
2026-02-16 01:31:27.151445,Toronto-319f,-15,21,Normal
2026-02-16 01:31:28.151445,Toronto-319f,21,45,Normal
2026-02-16 01:31:29.151445,Toronto-319f,38,86,Normal
2026-02-16 01:31:30.151445,Toronto-319f,-2,55,Normal
2026-02-16 01:31:31.151445,Toronto-319f,5,37,Normal
2026-02-16 01:31:32.151445,Toronto-319f,-21,48,Normal
2026-02-16 01:31:33.151445,Toronto-319f,-30,61,Normal
2026-02-16 01:31:34.151445,Toronto-319f,36,38,Normal
2026-02-16 01:31:35.151445,Toronto-319f,43,71,Normal
2026-02-16 01:31:36.151445,Toronto-319f,5,38,Normal
2026-02-16 01:31:37.151445,Toronto-319f,-28,83,Normal
2026-02-16 01:31:38.151445,Toronto-319f,-28,11,Normal
2026-02-16 01:31:39.151445,Toronto-319f,-16,82,Normal
2026-02-16 01:31:40.151445,Toronto-319f,48,40,Normal
2026-02-16 01:31:41.151445,Toronto-319f,-22,95,Normal
2026-02-16 01:31:42.151445,Toronto-319f,40,51,Normal
2026-02-16 01:31:43.151445,Toronto-319f,36,78,Normal
2026-02-16 01:31:44.151445,Toronto-319f,21,67,Normal
2026-02-16 01:31:45.151445,Toronto-319f,-2,14,Normal
2026-02-16 01:31:46.151445,Toronto-319f,-23,20,Normal
2026-02-16 01:31:47.151445,Toronto-319f,23,71,Normal
2026-02-16 01:31:48.151445,Toronto-319f,19,33,Normal
2026-02-16 01:31:49.151445,Toronto-319f,34,90,Normal
2026-02-16 01:31:50.151445,Toronto-319f,27,42,Normal
2026-02-16 01:31:51.151445,Toronto-319f,5,91,Normal
2026-02-16 01:31:52.151445,Toronto-319f,33,94,Normal
2026-02-16 01:31:53.151445,Toronto-319f,46,10,Normal
2026-02-16 01:31:54.151445,Toronto-319f,-22,95,Normal
2026-02-16 01:31:55.151445,Toronto-319f,29,87,Normal
2026-02-16 01:31:56.151445,Toronto-319f,32,68,Normal
2026-02-16 01:31:57.151445,Toronto-319f,-6,98,Normal
2026-02-16 01:31:58.151445,Toronto-319f,39,51,Normal
2026-02-16 01:31:59.151445,Toronto-319f,45,21,Normal
2026-02-16 01:32:00.151445,Toronto-319f,24,70,Normal
2026-02-16 01:32:01.151445,Toronto-319f,36,10,Normal
2026-02-16 01:32:02.151445,Toronto-319f,10,88,Normal
2026-02-16 01:32:03.151445,Toronto-319f,-20,38,Normal
2026-02-16 01:32:04.151445,Toronto-319f,43,21,Normal
2026-02-16 01:32:05.151445,Toronto-319f,0,77,Normal
2026-02-16 01:32:06.151445,Toronto-319f,-26,64,Normal
2026-02-16 01:32:07.151445,Toronto-319f,-2,34,Normal
2026-02-16 01:32:08.151445,Toronto-319f,28,44,Normal
2026-02-16 01:32:09.151445,Toronto-319f,-15,16,Normal
2026-02-16 01:32:10.151445,Toronto-319f,-24,1,Normal
2026-02-16 01:32:11.151445,Toronto-319f,-28,66,Normal
2026-02-16 01:32:12.151445,Toronto-319f,-3,11,Normal
2026-02-16 01:32:13.151445,Toronto-319f,42,5,Normal
2026-02-16 01:32:14.151445,Toronto-319f,-29,16,Normal
2026-02-16 01:32:15.151445,Toronto-319f,-14,20,Normal
2026-02-16 01:32:16.151445,Toronto-319f,23,78,Normal
2026-02-16 01:32:17.151445,Toronto-319f,38,59,Normal
2026-02-16 01:32:18.151445,Toronto-319f,7,79,Normal
2026-02-16 01:32:19.151445,Toronto-319f,-20,57,Normal
2026-02-16 01:32:20.151445,Toronto-319f,-20,47,Normal
2026-02-16 01:32:21.151445,Toronto-319f,-29,10,Normal
2026-02-16 01:32:22.151445,Toronto-319f,21,37,Normal
2026-02-16 01:32:23.151445,Toronto-319f,-26,66,Normal
2026-02-16 01:32:24.151445,Toronto-319f,-23,44,Normal
2026-02-16 01:32:25.151445,Toronto-319f,-13,51,Normal
2026-02-16 01:32:26.151445,Toronto-319f,-18,93,Normal
2026-02-16 01:32:27.151445,Toronto-319f,27,41,Normal
2026-02-16 01:32:28.151445,Toronto-319f,-28,93,Normal
2026-02-16 01:32:29.151445,Toronto-319f,4,41,Normal
2026-02-16 01:32:30.151445,Toronto-319f,5,72,Normal
2026-02-16 01:32:31.151445,Toronto-319f,39,6,Normal
2026-02-16 01:32:32.151445,Toronto-319f,-20,16,Normal
2026-02-16 01:32:33.151445,Toronto-319f,-6,15,Normal
2026-02-16 01:32:34.151445,Toronto-319f,-27,5,Normal
2026-02-16 01:32:35.151445,Toronto-319f,39,59,Normal
2026-02-16 01:32:36.151445,Toronto-319f,24,19,Normal
2026-02-16 01:32:37.151445,Toronto-319f,-1,55,Normal
2026-02-16 01:32:38.151445,Toronto-319f,2,12,Normal
2026-02-16 01:32:39.151445,Toronto-319f,-17,49,Normal
2026-02-16 01:32:40.151445,Toronto-319f,42,50,Normal
2026-02-16 01:32:41.151445,Toronto-319f,-19,43,Normal
2026-02-16 01:32:42.151445,Toronto-319f,28,56,Normal
2026-02-16 01:32:43.151445,Toronto-319f,37,12,Normal
2026-02-16 01:32:44.151445,Toronto-319f,-29,57,Normal
2026-02-16 01:32:45.151445,Toronto-319f,-22,53,Normal
2026-02-16 01:32:46.151445,Toronto-319f,14,9,Normal
2026-02-16 01:32:47.151445,Toronto-319f,32,78,Normal
2026-02-16 01:32:48.151445,Toronto-319f,-6,33,Normal
2026-02-16 01:32:49.151445,Toronto-319f,25,53,Normal
2026-02-16 01:32:50.151445,Toronto-319f,19,62,Normal
2026-02-16 01:32:51.151445,Toronto-319f,20,36,Normal
2026-02-16 01:32:52.151445,Toronto-319f,-17,4,Normal
2026-02-16 01:32:53.151445,Toronto-319f,-23,63,Normal
2026-02-16 01:32:54.151445,Toronto-319f,40,83,Normal
2026-02-16 01:32:55.151445,Toronto-319f,-29,100,Normal
2026-02-16 01:32:56.151445,Toronto-319f,26,100,Normal
2026-02-16 01:32:57.151445,Toronto-319f,19,15,Normal
2026-02-16 01:32:58.151445,Toronto-319f,3,83,Normal
2026-02-16 01:32:59.151445,Toronto-319f,-29,75,Normal
2026-02-16 01:33:00.151445,Toronto-319f,8,52,Normal
2026-02-16 01:33:01.151445,Toronto-319f,11,44,Normal
2026-02-16 01:33:02.151445,Toronto-319f,-29,75,Normal
2026-02-16 01:33:03.151445,Toronto-319f,44,33,Normal
2026-02-16 01:33:04.151445,Toronto-319f,-3,69,Normal
2026-02-16 01:33:05.151445,Toronto-319f,12,97,Normal
2026-02-16 01:33:06.151445,Toronto-319f,22,66,Normal
2026-02-16 01:33:07.151445,Toronto-319f,30,31,Normal
2026-02-16 01:33:08.151445,Toronto-319f,9,10,Normal
2026-02-16 01:33:09.151445,Toronto-319f,-19,44,Normal
2026-02-16 01:33:10.151445,Toronto-319f,30,5,Normal
2026-02-16 01:33:11.151445,Toronto-319f,3,75,Normal
2026-02-16 01:33:12.151445,Toronto-319f,36,73,Normal
2026-02-16 01:33:13.151445,Toronto-319f,-20,62,Normal
2026-02-16 01:33:14.151445,Toronto-319f,36,92,Normal
2026-02-16 01:33:15.151445,Toronto-319f,-22,95,Normal
2026-02-16 01:33:16.151445,Toronto-319f,37,15,Normal
2026-02-16 01:33:17.151445,Toronto-319f,22,84,Normal
2026-02-16 01:33:18.151445,Toronto-319f,-1,69,Normal
2026-02-16 01:33:19.151445,Toronto-319f,49,75,Normal
2026-02-16 01:33:20.151445,Toronto-319f,-6,69,Normal
2026-02-16 01:33:21.151445,Toronto-319f,-17,12,Normal
2026-02-16 01:33:22.151445,Toronto-319f,33,88,Normal
2026-02-16 01:33:23.151445,Toronto-319f,21,30,Normal
2026-02-16 01:33:24.151445,Toronto-319f,-21,48,Normal
2026-02-16 01:33:25.151445,Toronto-319f,3,99,Normal
2026-02-16 01:33:26.151445,Toronto-319f,-11,8,Normal
2026-02-16 01:33:27.151445,Toronto-319f,30,19,Normal
2026-02-16 01:33:28.151445,Toronto-319f,-8,41,Normal
2026-02-16 01:33:29.151445,Toronto-319f,38,58,Normal
2026-02-16 01:33:30.151445,Toronto-319f,7,36,Normal
2026-02-16 01:33:31.151445,Toronto-319f,18,1,Normal
2026-02-16 01:33:32.151445,Toronto-319f,40,42,Normal
2026-02-16 01:33:33.151445,Toronto-319f,-24,20,Normal
2026-02-16 01:33:34.151445,Toronto-319f,46,5,Normal
2026-02-16 01:33:35.151445,Toronto-319f,-22,84,Normal
2026-02-16 01:33:36.151445,Toronto-319f,19,80,Normal
