timestamp,station_id,temp,humid,condition
2026-04-27 22:41:12.256386,NewYork-88fc,49,32,Normal
2026-04-27 22:41:13.256386,NewYork-88fc,29,17,Normal
2026-04-27 22:41:14.256386,NewYork-88fc,28,35,Normal
2026-04-27 22:41:15.256386,NewYork-88fc,-23,61,Normal
2026-04-27 22:41:16.256386,NewYork-88fc,8,17,Normal
2026-04-27 22:41:17.256386,NewYork-88fc,24,50,Normal
2026-04-27 22:41:18.256386,NewYork-88fc,19,21,Normal
2026-04-27 22:41:19.256386,NewYork-88fc,34,33,Normal
2026-04-27 22:41:20.256386,NewYork-88fc,-25,64,Normal
2026-04-27 22:41:21.256386,NewYork-88fc,-8,84,Normal
2026-04-27 22:41:22.256386,NewYork-88fc,-29,15,Normal
2026-04-27 22:41:23.256386,NewYork-88fc,10,83,Normal
2026-04-27 22:41:24.256386,NewYork-88fc,-25,88,Normal
2026-04-27 22:41:25.256386,NewYork-88fc,33,55,Normal
2026-04-27 22:41:26.256386,NewYork-88fc,-28,23,Normal
2026-04-27 22:41:27.256386,NewYork-88fc,9,35,Normal
2026-04-27 22:41:28.256386,NewYork-88fc,-7,76,Normal
2026-04-27 22:41:29.256386,NewYork-88fc,34,88,Normal
2026-04-27 22:41:30.256386,NewYork-88fc,1,98,Normal
2026-04-27 22:41:31.256386,NewYork-88fc,44,56,Normal
2026-04-27 22:41:32.256386,NewYork-88fc,4,12,Normal
2026-04-27 22:41:33.256386,NewYork-88fc,30,7,Normal
2026-04-27 22:41:34.256386,NewYork-88fc,6,88,Normal
2026-04-27 22:41:35.256386,NewYork-88fc,43,84,Normal
2026-04-27 22:41:36.256386,NewYork-88fc,-1,44,Normal
2026-04-27 22:41:37.256386,NewYork-88fc,1,52,Normal
2026-04-27 22:41:38.256386,NewYork-88fc,5,50,Normal
2026-04-27 22:41:39.256386,NewYork-88fc,-9,1,Normal
2026-04-27 22:41:40.256386,NewYork-88fc,33,8,Normal
2026-04-27 22:41:41.256386,NewYork-88fc,3,26,Normal
2026-04-27 22:41:42.256386,NewYork-88fc,18,95,Normal
2026-04-27 22:41:43.256386,NewYork-88fc,25,89,Normal
2026-04-27 22:41:44.256386,NewYork-88fc,15,55,Normal
2026-04-27 22:41:45.256386,NewYork-88fc,-4,52,Normal
2026-04-27 22:41:46.256386,NewYork-88fc,-9,17,Normal
2026-04-27 22:41:47.256386,NewYork-88fc,35,87,Normal
2026-04-27 22:41:48.256386,NewYork-88fc,38,71,Normal
2026-04-27 22:41:49.256386,NewYork-88fc,-10,97,Normal
2026-04-27 22:41:50.256386,NewYork-88fc,46,83,Normal
2026-04-27 22:41:51.256386,NewYork-88fc,-1,14,Normal
2026-04-27 22:41:52.256386,NewYork-88fc,2,13,Normal
2026-04-27 22:41:53.256386,NewYork-88fc,16,60,Normal
2026-04-27 22:41:54.256386,NewYork-88fc,12,19,Normal
2026-04-27 22:41:55.256386,NewYork-88fc,-20,3,Normal
2026-04-27 22:41:56.256386,NewYork-88fc,-29,14,Normal
2026-04-27 22:41:57.256386,NewYork-88fc,-10,40,Normal
2026-04-27 22:41:58.256386,NewYork-88fc,16,98,Normal
2026-04-27 22:41:59.256386,NewYork-88fc,33,79,Normal
2026-04-27 22:42:00.256386,NewYork-88fc,25,5,Normal
2026-04-27 22:42:01.256386,NewYork-88fc,-28,28,Normal
2026-04-27 22:42:02.256386,NewYork-88fc,24,100,Normal
2026-04-27 22:42:03.256386,NewYork-88fc,49,14,Normal
2026-04-27 22:42:04.256386,NewYork-88fc,-19,18,Normal
2026-04-27 22:42:05.256386,NewYork-88fc,25,70,Normal
2026-04-27 22:42:06.256386,NewYork-88fc,-15,34,Normal
2026-04-27 22:42:07.256386,NewYork-88fc,33,27,Normal
2026-04-27 22:42:08.256386,NewYork-88fc,33,76,Normal
2026-04-27 22:42:09.256386,NewYork-88fc,6,58,Normal
2026-04-27 22:42:10.256386,NewYork-88fc,19,27,Normal
2026-04-27 22:42:11.256386,NewYork-88fc,-17,58,Normal
2026-04-27 22:42:12.256386,NewYork-88fc,14,57,Normal
2026-04-27 22:42:13.256386,NewYork-88fc,-14,52,Normal
2026-04-27 22:42:14.256386,NewYork-88fc,-28,17,Normal
2026-04-27 22:42:15.256386,NewYork-88fc,-2,93,Normal
2026-04-27 22:42:16.256386,NewYork-88fc,-9,1,Normal
2026-04-27 22:42:17.256386,NewYork-88fc,-18,1,Normal
2026-04-27 22:42:18.256386,NewYork-88fc,-25,95,Normal
2026-04-27 22:42:19.256386,NewYork-88fc,-4,76,Normal
2026-04-27 22:42:20.256386,NewYork-88fc,-5,14,Normal
2026-04-27 22:42:21.256386,NewYork-88fc,20,94,Normal
2026-04-27 22:42:22.256386,NewYork-88fc,45,27,Normal
2026-04-27 22:42:23.256386,NewYork-88fc,1,57,Normal
2026-04-27 22:42:24.256386,NewYork-88fc,-30,25,Normal
2026-04-27 22:42:25.256386,NewYork-88fc,14,25,Normal
2026-04-27 22:42:26.256386,NewYork-88fc,-12,79,Normal
2026-04-27 22:42:27.256386,NewYork-88fc,19,73,Normal
2026-04-27 22:42:28.256386,NewYork-88fc,6,90,Normal
2026-04-27 22:42:29.256386,NewYork-88fc,17,35,Normal
2026-04-27 22:42:30.256386,NewYork-88fc,-25,44,Normal
2026-04-27 22:42:31.256386,NewYork-88fc,-24,5,Normal
2026-04-27 22:42:32.256386,NewYork-88fc,10,87,Normal
2026-04-27 22:42:33.256386,NewYork-88fc,29,78,Normal
2026-04-27 22:42:34.256386,NewYork-88fc,4,54,Normal
2026-04-27 22:42:35.256386,NewYork-88fc,41,7,Normal
2026-04-27 22:42:36.256386,NewYork-88fc,-22,63,Normal
2026-04-27 22:42:37.256386,NewYork-88fc,-21,61,Normal
2026-04-27 22:42:38.256386,NewYork-88fc,4,1,Normal
2026-04-27 22:42:39.256386,NewYork-88fc,13,73,Normal
2026-04-27 22:42:40.256386,NewYork-88fc,24,99,Normal
2026-04-27 22:42:41.256386,NewYork-88fc,17,69,Normal
2026-04-27 22:42:42.256386,NewYork-88fc,34,94,Normal
2026-04-27 22:42:43.256386,NewYork-88fc,41,75,Normal
2026-04-27 22:42:44.256386,NewYork-88fc,23,99,Normal
2026-04-27 22:42:45.256386,NewYork-88fc,16,42,Normal
2026-04-27 22:42:46.256386,NewYork-88fc,15,90,Normal
2026-04-27 22:42:47.256386,NewYork-88fc,44,46,Normal
2026-04-27 22:42:48.256386,NewYork-88fc,45,42,Normal
2026-04-27 22:42:49.256386,NewYork-88fc,39,23,Normal
2026-04-27 22:42:50.256386,NewYork-88fc,24,13,Normal
2026-04-27 22:42:51.256386,NewYork-88fc,50,42,Normal
2026-04-27 22:42:52.256386,NewYork-88fc,-9,62,Normal
2026-04-27 22:42:53.256386,NewYork-88fc,35,99,Normal
2026-04-27 22:42:54.256386,NewYork-88fc,50,100,Normal
2026-04-27 22:42:55.256386,NewYork-88fc,-22,67,Normal
2026-04-27 22:42:56.256386,NewYork-88fc,11,1,Normal
2026-04-27 22:42:57.256386,NewYork-88fc,19,57,Normal
2026-04-27 22:42:58.256386,NewYork-88fc,-11,54,Normal
2026-04-27 22:42:59.256386,NewYork-88fc,33,56,Normal
2026-04-27 22:43:00.256386,NewYork-88fc,-8,98,Normal
2026-04-27 22:43:01.256386,NewYork-88fc,9,13,Normal
2026-04-27 22:43:02.256386,NewYork-88fc,-24,69,Normal
2026-04-27 22:43:03.256386,NewYork-88fc,23,3,Normal
2026-04-27 22:43:04.256386,NewYork-88fc,-12,76,Normal
2026-04-27 22:43:05.256386,NewYork-88fc,29,74,Normal
2026-04-27 22:43:06.256386,NewYork-88fc,1,66,Normal
2026-04-27 22:43:07.256386,NewYork-88fc,28,84,Normal
2026-04-27 22:43:08.256386,NewYork-88fc,23,6,Normal
2026-04-27 22:43:09.256386,NewYork-88fc,25,59,Normal
2026-04-27 22:43:10.256386,NewYork-88fc,-23,36,Normal
2026-04-27 22:43:11.256386,NewYork-88fc,26,71,Normal
2026-04-27 22:43:12.256386,NewYork-88fc,22,96,Normal
2026-04-27 22:43:13.256386,NewYork-88fc,21,69,Normal
2026-04-27 22:43:14.256386,NewYork-88fc,-29,39,Normal
2026-04-27 22:43:15.256386,NewYork-88fc,47,34,Normal
2026-04-27 22:43:16.256386,NewYork-88fc,-4,97,Normal
2026-04-27 22:43:17.256386,NewYork-88fc,30,47,Normal
2026-04-27 22:43:18.256386,NewYork-88fc,-16,9,Normal
2026-04-27 22:43:19.256386,NewYork-88fc,-25,37,Normal
2026-04-27 22:43:20.256386,NewYork-88fc,-7,73,Normal
2026-04-27 22:43:21.256386,NewYork-88fc,-21,15,Normal
2026-04-27 22:43:22.256386,NewYork-88fc,18,100,Normal
2026-04-27 22:43:23.256386,NewYork-88fc,-4,36,Normal
2026-04-27 22:43:24.256386,NewYork-88fc,50,64,Normal
2026-04-27 22:43:25.256386,NewYork-88fc,11,99,Normal
2026-04-27 22:43:26.256386,NewYork-88fc,-24,30,Normal
2026-04-27 22:43:27.256386,NewYork-88fc,13,5,Normal
2026-04-27 22:43:28.256386,NewYork-88fc,13,30,Normal
2026-04-27 22:43:29.256386,NewYork-88fc,7,68,Normal
2026-04-27 22:43:30.256386,NewYork-88fc,35,92,Normal
2026-04-27 22:43:31.256386,NewYork-88fc,28,3,Normal
2026-04-27 22:43:32.256386,NewYork-88fc,3,23,Normal
2026-04-27 22:43:33.256386,NewYork-88fc,4,11,Normal
2026-04-27 22:43:34.256386,NewYork-88fc,6,99,Normal
2026-04-27 22:43:35.256386,NewYork-88fc,15,21,Normal
2026-04-27 22:43:36.256386,NewYork-88fc,43,56,Normal
2026-04-27 22:43:37.256386,NewYork-88fc,42,2,Normal
2026-04-27 22:43:38.256386,NewYork-88fc,-30,4,Normal
2026-04-27 22:43:39.256386,NewYork-88fc,-18,71,Normal
2026-04-27 22:43:40.256386,NewYork-88fc,14,67,Normal
2026-04-27 22:43:41.256386,NewYork-88fc,-14,5,Normal
2026-04-27 22:43:42.256386,NewYork-88fc,40,46,Normal
2026-04-27 22:43:43.256386,NewYork-88fc,46,98,Normal
2026-04-27 22:43:44.256386,NewYork-88fc,-4,60,Normal
2026-04-27 22:43:45.256386,NewYork-88fc,-26,38,Normal
2026-04-27 22:43:46.256386,NewYork-88fc,3,42,Normal
2026-04-27 22:43:47.256386,NewYork-88fc,48,92,Normal
2026-04-27 22:43:48.256386,NewYork-88fc,29,71,Normal
2026-04-27 22:43:49.256386,NewYork-88fc,-8,56,Normal
2026-04-27 22:43:50.256386,NewYork-88fc,3,9,Normal
2026-04-27 22:43:51.256386,NewYork-88fc,-6,37,Normal
2026-04-27 22:43:52.256386,NewYork-88fc,16,12,Normal
2026-04-27 22:43:53.256386,NewYork-88fc,34,49,Normal
2026-04-27 22:43:54.256386,NewYork-88fc,3,56,Normal
2026-04-27 22:43:55.256386,NewYork-88fc,14,71,Normal
2026-04-27 22:43:56.256386,NewYork-88fc,39,38,Normal
2026-04-27 22:43:57.256386,NewYork-88fc,29,56,Normal
2026-04-27 22:43:58.256386,NewYork-88fc,6,38,Normal
2026-04-27 22:43:59.256386,NewYork-88fc,-9,43,Normal
2026-04-27 22:44:00.256386,NewYork-88fc,-1,56,Normal
2026-04-27 22:44:01.256386,NewYork-88fc,39,53,Normal
2026-04-27 22:44:02.256386,NewYork-88fc,17,87,Normal
2026-04-27 22:44:03.256386,NewYork-88fc,-27,52,Normal
2026-04-27 22:44:04.256386,NewYork-88fc,2,39,Normal
2026-04-27 22:44:05.256386,NewYork-88fc,-30,21,Normal
2026-04-27 22:44:06.256386,NewYork-88fc,9,26,Normal
2026-04-27 22:44:07.256386,NewYork-88fc,49,93,Normal
2026-04-27 22:44:08.256386,NewYork-88fc,-7,53,Normal
2026-04-27 22:44:09.256386,NewYork-88fc,-12,3,Normal
2026-04-27 22:44:10.256386,NewYork-88fc,-28,38,Normal
2026-04-27 22:44:11.256386,NewYork-88fc,-10,13,Normal
2026-04-27 22:44:12.256386,NewYork-88fc,-24,88,Normal
2026-04-27 22:44:13.256386,NewYork-88fc,28,18,Normal
2026-04-27 22:44:14.256386,NewYork-88fc,-10,21,Normal
2026-04-27 22:44:15.256386,NewYork-88fc,-6,57,Normal
2026-04-27 22:44:16.256386,NewYork-88fc,24,89,Normal
2026-04-27 22:44:17.256386,NewYork-88fc,-22,93,Normal
2026-04-27 22:44:18.256386,NewYork-88fc,-23,69,Normal
2026-04-27 22:44:19.256386,NewYork-88fc,36,42,Normal
2026-04-27 22:44:20.256386,NewYork-88fc,9,13,Normal
2026-04-27 22:44:21.256386,NewYork-88fc,22,81,Normal
2026-04-27 22:44:22.256386,NewYork-88fc,-22,79,Normal
2026-04-27 22:44:23.256386,NewYork-88fc,41,82,Normal
2026-04-27 22:44:24.256386,NewYork-88fc,49,9,Normal
2026-04-27 22:44:25.256386,NewYork-88fc,0,44,Normal
2026-04-27 22:44:26.256386,NewYork-88fc,36,55,Normal
2026-04-27 22:44:27.256386,NewYork-88fc,46,50,Normal
2026-04-27 22:44:28.256386,NewYork-88fc,48,21,Normal
2026-04-27 22:44:29.256386,NewYork-88fc,-10,25,Normal
2026-04-27 22:44:30.256386,NewYork-88fc,2,16,Normal
2026-04-27 22:44:31.256386,NewYork-88fc,44,47,Normal
2026-04-27 22:44:32.256386,NewYork-88fc,45,49,Normal
2026-04-27 22:44:33.256386,NewYork-88fc,-16,45,Normal
2026-04-27 22:44:34.256386,NewYork-88fc,-15,100,Normal
2026-04-27 22:44:35.256386,NewYork-88fc,41,67,Normal
2026-04-27 22:44:36.256386,NewYork-88fc,-8,35,Normal
2026-04-27 22:44:37.256386,NewYork-88fc,2,80,Normal
2026-04-27 22:44:38.256386,NewYork-88fc,17,1,Normal
2026-04-27 22:44:39.256386,NewYork-88fc,0,51,Normal
2026-04-27 22:44:40.256386,NewYork-88fc,48,17,Normal
2026-04-27 22:44:41.256386,NewYork-88fc,44,96,Normal
2026-04-27 22:44:42.256386,NewYork-88fc,45,46,Normal
2026-04-27 22:44:43.256386,NewYork-88fc,-25,95,Normal
2026-04-27 22:44:44.256386,NewYork-88fc,-21,66,Normal
2026-04-27 22:44:45.256386,NewYork-88fc,2,21,Normal
2026-04-27 22:44:46.256386,NewYork-88fc,-21,100,Normal
2026-04-27 22:44:47.256386,NewYork-88fc,20,43,Normal
2026-04-27 22:44:48.256386,NewYork-88fc,43,83,Normal
2026-04-27 22:44:49.256386,NewYork-88fc,46,68,Normal
2026-04-27 22:44:50.256386,NewYork-88fc,47,60,Normal
2026-04-27 22:44:51.256386,NewYork-88fc,-28,40,Normal
2026-04-27 22:44:52.256386,NewYork-88fc,-20,5,Normal
2026-04-27 22:44:53.256386,NewYork-88fc,-16,44,Normal
2026-04-27 22:44:54.256386,NewYork-88fc,42,29,Normal
2026-04-27 22:44:55.256386,NewYork-88fc,4,94,Normal
2026-04-27 22:44:56.256386,NewYork-88fc,-17,0,Normal
2026-04-27 22:44:57.256386,NewYork-88fc,-13,74,Normal
2026-04-27 22:44:58.256386,NewYork-88fc,-3,81,Normal
2026-04-27 22:44:59.256386,NewYork-88fc,42,58,Normal
2026-04-27 22:45:00.256386,NewYork-88fc,-16,47,Normal
2026-04-27 22:45:01.256386,NewYork-88fc,-9,100,Normal
2026-04-27 22:45:02.256386,NewYork-88fc,48,56,Normal
2026-04-27 22:45:03.256386,NewYork-88fc,31,62,Normal
2026-04-27 22:45:04.256386,NewYork-88fc,32,53,Normal
2026-04-27 22:45:05.256386,NewYork-88fc,12,32,Normal
2026-04-27 22:45:06.256386,NewYork-88fc,-23,10,Normal
2026-04-27 22:45:07.256386,NewYork-88fc,23,42,Normal
2026-04-27 22:45:08.256386,NewYork-88fc,20,36,Normal
2026-04-27 22:45:09.256386,NewYork-88fc,42,86,Normal
2026-04-27 22:45:10.256386,NewYork-88fc,38,100,Normal
2026-04-27 22:45:11.256386,NewYork-88fc,-9,64,Normal
2026-04-27 22:45:12.256386,NewYork-88fc,16,3,Normal
2026-04-27 22:45:13.256386,NewYork-88fc,18,88,Normal
2026-04-27 22:45:14.256386,NewYork-88fc,-30,54,Normal
2026-04-27 22:45:15.256386,NewYork-88fc,16,87,Normal
2026-04-27 22:45:16.256386,NewYork-88fc,30,88,Normal
2026-04-27 22:45:17.256386,NewYork-88fc,-12,24,Normal
2026-04-27 22:45:18.256386,NewYork-88fc,-13,80,Normal
2026-04-27 22:45:19.256386,NewYork-88fc,23,66,Normal
2026-04-27 22:45:20.256386,NewYork-88fc,17,76,Normal
2026-04-27 22:45:21.256386,NewYork-88fc,-11,81,Normal
2026-04-27 22:45:22.256386,NewYork-88fc,-28,67,Normal
2026-04-27 22:45:23.256386,NewYork-88fc,10,41,Normal
2026-04-27 22:45:24.256386,NewYork-88fc,38,49,Normal
2026-04-27 22:45:25.256386,NewYork-88fc,7,70,Normal
2026-04-27 22:45:26.256386,NewYork-88fc,-19,75,Normal
2026-04-27 22:45:27.256386,NewYork-88fc,40,25,Normal
2026-04-27 22:45:28.256386,NewYork-88fc,-22,31,Normal
2026-04-27 22:45:29.256386,NewYork-88fc,7,14,Normal
2026-04-27 22:45:30.256386,NewYork-88fc,47,45,Normal
2026-04-27 22:45:31.256386,NewYork-88fc,-3,98,Normal
2026-04-27 22:45:32.256386,NewYork-88fc,17,51,Normal
2026-04-27 22:45:33.256386,NewYork-88fc,-6,59,Normal
2026-04-27 22:45:34.256386,NewYork-88fc,19,99,Normal
2026-04-27 22:45:35.256386,NewYork-88fc,-19,93,Normal
2026-04-27 22:45:36.256386,NewYork-88fc,42,8,Normal
2026-04-27 22:45:37.256386,NewYork-88fc,48,71,Normal
2026-04-27 22:45:38.256386,NewYork-88fc,-17,25,Normal
2026-04-27 22:45:39.256386,NewYork-88fc,11,35,Normal
2026-04-27 22:45:40.256386,NewYork-88fc,3,47,Normal
2026-04-27 22:45:41.256386,NewYork-88fc,40,22,Normal
2026-04-27 22:45:42.256386,NewYork-88fc,-22,97,Normal
2026-04-27 22:45:43.256386,NewYork-88fc,-6,90,Normal
2026-04-27 22:45:44.256386,NewYork-88fc,4,24,Normal
2026-04-27 22:45:45.256386,NewYork-88fc,30,36,Normal
2026-04-27 22:45:46.256386,NewYork-88fc,-5,86,Normal
2026-04-27 22:45:47.256386,NewYork-88fc,9,41,Normal
2026-04-27 22:45:48.256386,NewYork-88fc,45,23,Normal
2026-04-27 22:45:49.256386,NewYork-88fc,-12,97,Normal
2026-04-27 22:45:50.256386,NewYork-88fc,-23,94,Normal
2026-04-27 22:45:51.256386,NewYork-88fc,21,9,Normal
2026-04-27 22:45:52.256386,NewYork-88fc,-9,81,Normal
2026-04-27 22:45:53.256386,NewYork-88fc,8,70,Normal
2026-04-27 22:45:54.256386,NewYork-88fc,-14,32,Normal
2026-04-27 22:45:55.256386,NewYork-88fc,27,84,Normal
2026-04-27 22:45:56.256386,NewYork-88fc,50,58,Normal
2026-04-27 22:45:57.256386,NewYork-88fc,-3,96,Normal
2026-04-27 22:45:58.256386,NewYork-88fc,1,4,Normal
2026-04-27 22:45:59.256386,NewYork-88fc,45,72,Normal
2026-04-27 22:46:00.256386,NewYork-88fc,19,10,Normal
2026-04-27 22:46:01.256386,NewYork-88fc,-11,77,Normal
2026-04-27 22:46:02.256386,NewYork-88fc,-6,61,Normal
2026-04-27 22:46:03.256386,NewYork-88fc,4,69,Normal
2026-04-27 22:46:04.256386,NewYork-88fc,10,20,Normal
2026-04-27 22:46:05.256386,NewYork-88fc,-17,45,Normal
2026-04-27 22:46:06.256386,NewYork-88fc,5,87,Normal
2026-04-27 22:46:07.256386,NewYork-88fc,20,45,Normal
2026-04-27 22:46:08.256386,NewYork-88fc,-3,82,Normal
2026-04-27 22:46:09.256386,NewYork-88fc,39,26,Normal
2026-04-27 22:46:10.256386,NewYork-88fc,12,59,Normal
2026-04-27 22:46:11.256386,NewYork-88fc,25,69,Normal
2026-04-27 22:46:12.256386,NewYork-88fc,44,33,Normal
2026-04-27 22:46:13.256386,NewYork-88fc,-29,29,Normal
2026-04-27 22:46:14.256386,NewYork-88fc,-22,0,Normal
2026-04-27 22:46:15.256386,NewYork-88fc,16,32,Normal
2026-04-27 22:46:16.256386,NewYork-88fc,42,81,Normal
2026-04-27 22:46:17.256386,NewYork-88fc,36,21,Normal
2026-04-27 22:46:18.256386,NewYork-88fc,26,44,Normal
2026-04-27 22:46:19.256386,NewYork-88fc,49,13,Normal
2026-04-27 22:46:20.256386,NewYork-88fc,-11,86,Normal
2026-04-27 22:46:21.256386,NewYork-88fc,19,66,Normal
2026-04-27 22:46:22.256386,NewYork-88fc,44,43,Normal
2026-04-27 22:46:23.256386,NewYork-88fc,16,45,Normal
2026-04-27 22:46:24.256386,NewYork-88fc,9,33,Normal
2026-04-27 22:46:25.256386,NewYork-88fc,29,48,Normal
2026-04-27 22:46:26.256386,NewYork-88fc,21,46,Normal
2026-04-27 22:46:27.256386,NewYork-88fc,-29,31,Normal
2026-04-27 22:46:28.256386,NewYork-88fc,48,83,Normal
2026-04-27 22:46:29.256386,NewYork-88fc,-19,88,Normal
2026-04-27 22:46:30.256386,NewYork-88fc,44,31,Normal
2026-04-27 22:46:31.256386,NewYork-88fc,-13,97,Normal
2026-04-27 22:46:32.256386,NewYork-88fc,-11,100,Normal
2026-04-27 22:46:33.256386,NewYork-88fc,49,53,Normal
2026-04-27 22:46:34.256386,NewYork-88fc,40,74,Normal
2026-04-27 22:46:35.256386,NewYork-88fc,13,32,Normal
2026-04-27 22:46:36.256386,NewYork-88fc,-26,55,Normal
2026-04-27 22:46:37.256386,NewYork-88fc,22,28,Normal
2026-04-27 22:46:38.256386,NewYork-88fc,-25,67,Normal
2026-04-27 22:46:39.256386,NewYork-88fc,-30,8,Normal
2026-04-27 22:46:40.256386,NewYork-88fc,25,91,Normal
2026-04-27 22:46:41.256386,NewYork-88fc,-2,39,Normal
2026-04-27 22:46:42.256386,NewYork-88fc,-8,24,Normal
2026-04-27 22:46:43.256386,NewYork-88fc,45,79,Normal
2026-04-27 22:46:44.256386,NewYork-88fc,36,71,Normal
2026-04-27 22:46:45.256386,NewYork-88fc,40,5,Normal
2026-04-27 22:46:46.256386,NewYork-88fc,-23,82,Normal
2026-04-27 22:46:47.256386,NewYork-88fc,24,47,Normal
2026-04-27 22:46:48.256386,NewYork-88fc,20,35,Normal
2026-04-27 22:46:49.256386,NewYork-88fc,18,39,Normal
2026-04-27 22:46:50.256386,NewYork-88fc,-4,11,Normal
2026-04-27 22:46:51.256386,NewYork-88fc,-26,96,Normal
2026-04-27 22:46:52.256386,NewYork-88fc,38,89,Normal
2026-04-27 22:46:53.256386,NewYork-88fc,13,10,Normal
2026-04-27 22:46:54.256386,NewYork-88fc,26,33,Normal
2026-04-27 22:46:55.256386,NewYork-88fc,3,56,Normal
2026-04-27 22:46:56.256386,NewYork-88fc,6,65,Normal
2026-04-27 22:46:57.256386,NewYork-88fc,-14,74,Normal
2026-04-27 22:46:58.256386,NewYork-88fc,46,20,Normal
2026-04-27 22:46:59.256386,NewYork-88fc,36,23,Normal
2026-04-27 22:47:00.256386,NewYork-88fc,48,77,Normal
2026-04-27 22:47:01.256386,NewYork-88fc,49,1,Normal
2026-04-27 22:47:02.256386,NewYork-88fc,7,13,Normal
2026-04-27 22:47:03.256386,NewYork-88fc,-17,99,Normal
2026-04-27 22:47:04.256386,NewYork-88fc,40,57,Normal
2026-04-27 22:47:05.256386,NewYork-88fc,8,72,Normal
2026-04-27 22:47:06.256386,NewYork-88fc,-27,7,Normal
2026-04-27 22:47:07.256386,NewYork-88fc,43,95,Normal
2026-04-27 22:47:08.256386,NewYork-88fc,38,61,Normal
2026-04-27 22:47:09.256386,NewYork-88fc,30,26,Normal
2026-04-27 22:47:10.256386,NewYork-88fc,37,46,Normal
2026-04-27 22:47:11.256386,NewYork-88fc,5,54,Normal
2026-04-27 22:47:12.256386,NewYork-88fc,-7,0,Normal
2026-04-27 22:47:13.256386,NewYork-88fc,32,90,Normal
2026-04-27 22:47:14.256386,NewYork-88fc,34,12,Normal
2026-04-27 22:47:15.256386,NewYork-88fc,23,39,Normal
2026-04-27 22:47:16.256386,NewYork-88fc,27,37,Normal
2026-04-27 22:47:17.256386,NewYork-88fc,41,39,Normal
2026-04-27 22:47:18.256386,NewYork-88fc,44,0,Normal
2026-04-27 22:47:19.256386,NewYork-88fc,-9,72,Normal
2026-04-27 22:47:20.256386,NewYork-88fc,19,65,Normal
2026-04-27 22:47:21.256386,NewYork-88fc,-20,100,Normal
2026-04-27 22:47:22.256386,NewYork-88fc,1,48,Normal
2026-04-27 22:47:23.256386,NewYork-88fc,29,59,Normal
2026-04-27 22:47:24.256386,NewYork-88fc,-10,86,Normal
2026-04-27 22:47:25.256386,NewYork-88fc,-9,18,Normal
2026-04-27 22:47:26.256386,NewYork-88fc,-13,95,Normal
2026-04-27 22:47:27.256386,NewYork-88fc,1,58,Normal
2026-04-27 22:47:28.256386,NewYork-88fc,-9,5,Normal
2026-04-27 22:47:29.256386,NewYork-88fc,34,46,Normal
2026-04-27 22:47:30.256386,NewYork-88fc,23,71,Normal
2026-04-27 22:47:31.256386,NewYork-88fc,24,16,Normal
2026-04-27 22:47:32.256386,NewYork-88fc,31,78,Normal
2026-04-27 22:47:33.256386,NewYork-88fc,8,16,Normal
2026-04-27 22:47:34.256386,NewYork-88fc,14,75,Normal
2026-04-27 22:47:35.256386,NewYork-88fc,-5,30,Normal
2026-04-27 22:47:36.256386,NewYork-88fc,-10,99,Normal
2026-04-27 22:47:37.256386,NewYork-88fc,47,55,Normal
2026-04-27 22:47:38.256386,NewYork-88fc,12,23,Normal
2026-04-27 22:47:39.256386,NewYork-88fc,9,77,Normal
2026-04-27 22:47:40.256386,NewYork-88fc,-18,7,Normal
2026-04-27 22:47:41.256386,NewYork-88fc,46,88,Normal
2026-04-27 22:47:42.256386,NewYork-88fc,19,55,Normal
2026-04-27 22:47:43.256386,NewYork-88fc,27,23,Normal
2026-04-27 22:47:44.256386,NewYork-88fc,-1,1,Normal
2026-04-27 22:47:45.256386,NewYork-88fc,26,30,Normal
2026-04-27 22:47:46.256386,NewYork-88fc,-20,94,Normal
2026-04-27 22:47:47.256386,NewYork-88fc,46,12,Normal
2026-04-27 22:47:48.256386,NewYork-88fc,-3,27,Normal
2026-04-27 22:47:49.256386,NewYork-88fc,-16,84,Normal
2026-04-27 22:47:50.256386,NewYork-88fc,38,77,Normal
2026-04-27 22:47:51.256386,NewYork-88fc,0,3,Normal
2026-04-27 22:47:52.256386,NewYork-88fc,-23,9,Normal
2026-04-27 22:47:53.256386,NewYork-88fc,-6,0,Normal
2026-04-27 22:47:54.256386,NewYork-88fc,1,65,Normal
2026-04-27 22:47:55.256386,NewYork-88fc,-6,66,Normal
2026-04-27 22:47:56.256386,NewYork-88fc,35,97,Normal
2026-04-27 22:47:57.256386,NewYork-88fc,-22,14,Normal
2026-04-27 22:47:58.256386,NewYork-88fc,15,47,Normal
2026-04-27 22:47:59.256386,NewYork-88fc,24,98,Normal
2026-04-27 22:48:00.256386,NewYork-88fc,22,49,Normal
2026-04-27 22:48:01.256386,NewYork-88fc,14,4,Normal
2026-04-27 22:48:02.256386,NewYork-88fc,-3,4,Normal
2026-04-27 22:48:03.256386,NewYork-88fc,31,32,Normal
2026-04-27 22:48:04.256386,NewYork-88fc,7,85,Normal
2026-04-27 22:48:05.256386,NewYork-88fc,-11,83,Normal
2026-04-27 22:48:06.256386,NewYork-88fc,-1,73,Normal
2026-04-27 22:48:07.256386,NewYork-88fc,-5,44,Normal
2026-04-27 22:48:08.256386,NewYork-88fc,-1,29,Normal
2026-04-27 22:48:09.256386,NewYork-88fc,25,82,Normal
2026-04-27 22:48:10.256386,NewYork-88fc,7,84,Normal
2026-04-27 22:48:11.256386,NewYork-88fc,-23,100,Normal
2026-04-27 22:48:12.256386,NewYork-88fc,3,57,Normal
2026-04-27 22:48:13.256386,NewYork-88fc,-3,78,Normal
2026-04-27 22:48:14.256386,NewYork-88fc,25,18,Normal
2026-04-27 22:48:15.256386,NewYork-88fc,-23,28,Normal
2026-04-27 22:48:16.256386,NewYork-88fc,-16,28,Normal
2026-04-27 22:48:17.256386,NewYork-88fc,-30,16,Normal
2026-04-27 22:48:18.256386,NewYork-88fc,-25,51,Normal
2026-04-27 22:48:19.256386,NewYork-88fc,8,14,Normal
2026-04-27 22:48:20.256386,NewYork-88fc,4,44,Normal
2026-04-27 22:48:21.256386,NewYork-88fc,11,48,Normal
2026-04-27 22:48:22.256386,NewYork-88fc,-21,85,Normal
2026-04-27 22:48:23.256386,NewYork-88fc,40,22,Normal
2026-04-27 22:48:24.256386,NewYork-88fc,35,84,Normal
2026-04-27 22:48:25.256386,NewYork-88fc,-4,24,Normal
2026-04-27 22:48:26.256386,NewYork-88fc,33,32,Normal
2026-04-27 22:48:27.256386,NewYork-88fc,2,2,Normal
2026-04-27 22:48:28.256386,NewYork-88fc,-20,52,Normal
2026-04-27 22:48:29.256386,NewYork-88fc,-24,10,Normal
2026-04-27 22:48:30.256386,NewYork-88fc,48,31,Normal
2026-04-27 22:48:31.256386,NewYork-88fc,21,94,Normal
2026-04-27 22:48:32.256386,NewYork-88fc,48,49,Normal
2026-04-27 22:48:33.256386,NewYork-88fc,-19,80,Normal
2026-04-27 22:48:34.256386,NewYork-88fc,3,26,Normal
2026-04-27 22:48:35.256386,NewYork-88fc,-11,15,Normal
2026-04-27 22:48:36.256386,NewYork-88fc,44,34,Normal
2026-04-27 22:48:37.256386,NewYork-88fc,14,39,Normal
2026-04-27 22:48:38.256386,NewYork-88fc,36,52,Normal
2026-04-27 22:48:39.256386,NewYork-88fc,40,56,Normal
2026-04-27 22:48:40.256386,NewYork-88fc,41,3,Normal
2026-04-27 22:48:41.256386,NewYork-88fc,16,55,Normal
2026-04-27 22:48:42.256386,NewYork-88fc,-12,17,Normal
2026-04-27 22:48:43.256386,NewYork-88fc,39,59,Normal
2026-04-27 22:48:44.256386,NewYork-88fc,13,12,Normal
2026-04-27 22:48:45.256386,NewYork-88fc,-10,19,Normal
2026-04-27 22:48:46.256386,NewYork-88fc,46,65,Normal
2026-04-27 22:48:47.256386,NewYork-88fc,-18,58,Normal
2026-04-27 22:48:48.256386,NewYork-88fc,12,37,Normal
2026-04-27 22:48:49.256386,NewYork-88fc,49,12,Normal
2026-04-27 22:48:50.256386,NewYork-88fc,34,55,Normal
2026-04-27 22:48:51.256386,NewYork-88fc,41,52,Normal
2026-04-27 22:48:52.256386,NewYork-88fc,45,68,Normal
2026-04-27 22:48:53.256386,NewYork-88fc,12,15,Normal
2026-04-27 22:48:54.256386,NewYork-88fc,43,21,Normal
2026-04-27 22:48:55.256386,NewYork-88fc,9,86,Normal
2026-04-27 22:48:56.256386,NewYork-88fc,-21,89,Normal
2026-04-27 22:48:57.256386,NewYork-88fc,2,100,Normal
2026-04-27 22:48:58.256386,NewYork-88fc,31,11,Normal
2026-04-27 22:48:59.256386,NewYork-88fc,1,85,Normal
2026-04-27 22:49:00.256386,NewYork-88fc,37,100,Normal
2026-04-27 22:49:01.256386,NewYork-88fc,15,8,Normal
2026-04-27 22:49:02.256386,NewYork-88fc,39,85,Normal
2026-04-27 22:49:03.256386,NewYork-88fc,11,0,Normal
2026-04-27 22:49:04.256386,NewYork-88fc,40,59,Normal
2026-04-27 22:49:05.256386,NewYork-88fc,30,88,Normal
2026-04-27 22:49:06.256386,NewYork-88fc,17,70,Normal
2026-04-27 22:49:07.256386,NewYork-88fc,28,36,Normal
2026-04-27 22:49:08.256386,NewYork-88fc,-4,44,Normal
2026-04-27 22:49:09.256386,NewYork-88fc,-2,23,Normal
2026-04-27 22:49:10.256386,NewYork-88fc,-27,26,Normal
2026-04-27 22:49:11.256386,NewYork-88fc,23,82,Normal
2026-04-27 22:49:12.256386,NewYork-88fc,23,73,Normal
2026-04-27 22:49:13.256386,NewYork-88fc,3,3,Normal
2026-04-27 22:49:14.256386,NewYork-88fc,-7,78,Normal
2026-04-27 22:49:15.256386,NewYork-88fc,47,51,Normal
2026-04-27 22:49:16.256386,NewYork-88fc,-29,86,Normal
2026-04-27 22:49:17.256386,NewYork-88fc,29,79,Normal
2026-04-27 22:49:18.256386,NewYork-88fc,6,98,Normal
2026-04-27 22:49:19.256386,NewYork-88fc,-17,52,Normal
2026-04-27 22:49:20.256386,NewYork-88fc,-13,44,Normal
2026-04-27 22:49:21.256386,NewYork-88fc,-15,10,Normal
2026-04-27 22:49:22.256386,NewYork-88fc,-25,44,Normal
2026-04-27 22:49:23.256386,NewYork-88fc,47,3,Normal
2026-04-27 22:49:24.256386,NewYork-88fc,4,40,Normal
2026-04-27 22:49:25.256386,NewYork-88fc,-17,55,Normal
2026-04-27 22:49:26.256386,NewYork-88fc,19,25,Normal
2026-04-27 22:49:27.256386,NewYork-88fc,17,45,Normal
2026-04-27 22:49:28.256386,NewYork-88fc,28,17,Normal
2026-04-27 22:49:29.256386,NewYork-88fc,-18,19,Normal
2026-04-27 22:49:30.256386,NewYork-88fc,-7,39,Normal
2026-04-27 22:49:31.256386,NewYork-88fc,-17,82,Normal
2026-04-27 22:49:32.256386,NewYork-88fc,-15,23,Normal
2026-04-27 22:49:33.256386,NewYork-88fc,21,41,Normal
2026-04-27 22:49:34.256386,NewYork-88fc,14,4,Normal
2026-04-27 22:49:35.256386,NewYork-88fc,2,45,Normal
2026-04-27 22:49:36.256386,NewYork-88fc,41,44,Normal
2026-04-27 22:49:37.256386,NewYork-88fc,10,43,Normal
2026-04-27 22:49:38.256386,NewYork-88fc,17,94,Normal
2026-04-27 22:49:39.256386,NewYork-88fc,17,18,Normal
2026-04-27 22:49:40.256386,NewYork-88fc,2,42,Normal
2026-04-27 22:49:41.256386,NewYork-88fc,29,47,Normal
2026-04-27 22:49:42.256386,NewYork-88fc,4,46,Normal
2026-04-27 22:49:43.256386,NewYork-88fc,-19,16,Normal
2026-04-27 22:49:44.256386,NewYork-88fc,-21,31,Normal
2026-04-27 22:49:45.256386,NewYork-88fc,-11,54,Normal
2026-04-27 22:49:46.256386,NewYork-88fc,16,59,Normal
2026-04-27 22:49:47.256386,NewYork-88fc,48,77,Normal
2026-04-27 22:49:48.256386,NewYork-88fc,-26,58,Normal
2026-04-27 22:49:49.256386,NewYork-88fc,-22,81,Normal
2026-04-27 22:49:50.256386,NewYork-88fc,-25,88,Normal
2026-04-27 22:49:51.256386,NewYork-88fc,38,53,Normal
2026-04-27 22:49:52.256386,NewYork-88fc,45,34,Normal
2026-04-27 22:49:53.256386,NewYork-88fc,-11,9,Normal
2026-04-27 22:49:54.256386,NewYork-88fc,-28,67,Normal
2026-04-27 22:49:55.256386,NewYork-88fc,-29,79,Normal
2026-04-27 22:49:56.256386,NewYork-88fc,42,13,Normal
2026-04-27 22:49:57.256386,NewYork-88fc,9,26,Normal
2026-04-27 22:49:58.256386,NewYork-88fc,-26,31,Normal
2026-04-27 22:49:59.256386,NewYork-88fc,45,68,Normal
2026-04-27 22:50:00.256386,NewYork-88fc,31,96,Normal
2026-04-27 22:50:01.256386,NewYork-88fc,20,51,Normal
2026-04-27 22:50:02.256386,NewYork-88fc,37,53,Normal
2026-04-27 22:50:03.256386,NewYork-88fc,-28,52,Normal
2026-04-27 22:50:04.256386,NewYork-88fc,-21,87,Normal
2026-04-27 22:50:05.256386,NewYork-88fc,28,78,Normal
2026-04-27 22:50:06.256386,NewYork-88fc,24,78,Normal
2026-04-27 22:50:07.256386,NewYork-88fc,-12,40,Normal
2026-04-27 22:50:08.256386,NewYork-88fc,26,22,Normal
2026-04-27 22:50:09.256386,NewYork-88fc,-1,7,Normal
2026-04-27 22:50:10.256386,NewYork-88fc,10,2,Normal
2026-04-27 22:50:11.256386,NewYork-88fc,1,28,Normal
2026-04-27 22:50:12.256386,NewYork-88fc,17,0,Normal
2026-04-27 22:50:13.256386,NewYork-88fc,-15,67,Normal
2026-04-27 22:50:14.256386,NewYork-88fc,11,74,Normal
2026-04-27 22:50:15.256386,NewYork-88fc,26,96,Normal
2026-04-27 22:50:16.256386,NewYork-88fc,-29,42,Normal
2026-04-27 22:50:17.256386,NewYork-88fc,25,1,Normal
2026-04-27 22:50:18.256386,NewYork-88fc,6,43,Normal
2026-04-27 22:50:19.256386,NewYork-88fc,39,3,Normal
2026-04-27 22:50:20.256386,NewYork-88fc,13,53,Normal
2026-04-27 22:50:21.256386,NewYork-88fc,-18,50,Normal
2026-04-27 22:50:22.256386,NewYork-88fc,42,42,Normal
2026-04-27 22:50:23.256386,NewYork-88fc,-16,29,Normal
2026-04-27 22:50:24.256386,NewYork-88fc,-12,96,Normal
2026-04-27 22:50:25.256386,NewYork-88fc,-9,21,Normal
2026-04-27 22:50:26.256386,NewYork-88fc,-22,99,Normal
2026-04-27 22:50:27.256386,NewYork-88fc,6,16,Normal
2026-04-27 22:50:28.256386,NewYork-88fc,-14,70,Normal
2026-04-27 22:50:29.256386,NewYork-88fc,35,23,Normal
2026-04-27 22:50:30.256386,NewYork-88fc,9,18,Normal
2026-04-27 22:50:31.256386,NewYork-88fc,10,63,Normal
2026-04-27 22:50:32.256386,NewYork-88fc,0,88,Normal
2026-04-27 22:50:33.256386,NewYork-88fc,-11,88,Normal
2026-04-27 22:50:34.256386,NewYork-88fc,-26,64,Normal
2026-04-27 22:50:35.256386,NewYork-88fc,37,20,Normal
2026-04-27 22:50:36.256386,NewYork-88fc,39,98,Normal
2026-04-27 22:50:37.256386,NewYork-88fc,50,62,Normal
2026-04-27 22:50:38.256386,NewYork-88fc,2,70,Normal
2026-04-27 22:50:39.256386,NewYork-88fc,2,66,Normal
2026-04-27 22:50:40.256386,NewYork-88fc,50,54,Normal
2026-04-27 22:50:41.256386,NewYork-88fc,32,8,Normal
2026-04-27 22:50:42.256386,NewYork-88fc,12,16,Normal
2026-04-27 22:50:43.256386,NewYork-88fc,39,92,Normal
2026-04-27 22:50:44.256386,NewYork-88fc,2,65,Normal
2026-04-27 22:50:45.256386,NewYork-88fc,46,65,Normal
2026-04-27 22:50:46.256386,NewYork-88fc,-11,15,Normal
2026-04-27 22:50:47.256386,NewYork-88fc,-17,36,Normal
2026-04-27 22:50:48.256386,NewYork-88fc,13,66,Normal
2026-04-27 22:50:49.256386,NewYork-88fc,38,52,Normal
2026-04-27 22:50:50.256386,NewYork-88fc,15,68,Normal
2026-04-27 22:50:51.256386,NewYork-88fc,-17,69,Normal
2026-04-27 22:50:52.256386,NewYork-88fc,47,4,Normal
2026-04-27 22:50:53.256386,NewYork-88fc,29,7,Normal
2026-04-27 22:50:54.256386,NewYork-88fc,9,22,Normal
2026-04-27 22:50:55.256386,NewYork-88fc,-7,25,Normal
2026-04-27 22:50:56.256386,NewYork-88fc,31,23,Normal
2026-04-27 22:50:57.256386,NewYork-88fc,-27,72,Normal
2026-04-27 22:50:58.256386,NewYork-88fc,49,65,Normal
2026-04-27 22:50:59.256386,NewYork-88fc,15,36,Normal
2026-04-27 22:51:00.256386,NewYork-88fc,-9,93,Normal
2026-04-27 22:51:01.256386,NewYork-88fc,-13,92,Normal
2026-04-27 22:51:02.256386,NewYork-88fc,0,4,Normal
2026-04-27 22:51:03.256386,NewYork-88fc,-22,41,Normal
2026-04-27 22:51:04.256386,NewYork-88fc,-26,99,Normal
2026-04-27 22:51:05.256386,NewYork-88fc,-30,39,Normal
2026-04-27 22:51:06.256386,NewYork-88fc,35,26,Normal
2026-04-27 22:51:07.256386,NewYork-88fc,-15,67,Normal
2026-04-27 22:51:08.256386,NewYork-88fc,50,89,Normal
2026-04-27 22:51:09.256386,NewYork-88fc,-20,87,Normal
2026-04-27 22:51:10.256386,NewYork-88fc,16,0,Normal
2026-04-27 22:51:11.256386,NewYork-88fc,-23,79,Normal
2026-04-27 22:51:12.256386,NewYork-88fc,48,17,Normal
2026-04-27 22:51:13.256386,NewYork-88fc,-21,4,Normal
2026-04-27 22:51:14.256386,NewYork-88fc,5,95,Normal
2026-04-27 22:51:15.256386,NewYork-88fc,25,55,Normal
2026-04-27 22:51:16.256386,NewYork-88fc,-30,21,Normal
2026-04-27 22:51:17.256386,NewYork-88fc,31,10,Normal
2026-04-27 22:51:18.256386,NewYork-88fc,45,50,Normal
2026-04-27 22:51:19.256386,NewYork-88fc,48,24,Normal
2026-04-27 22:51:20.256386,NewYork-88fc,43,34,Normal
2026-04-27 22:51:21.256386,NewYork-88fc,21,38,Normal
2026-04-27 22:51:22.256386,NewYork-88fc,33,32,Normal
2026-04-27 22:51:23.256386,NewYork-88fc,-21,90,Normal
2026-04-27 22:51:24.256386,NewYork-88fc,-2,21,Normal
2026-04-27 22:51:25.256386,NewYork-88fc,-12,4,Normal
2026-04-27 22:51:26.256386,NewYork-88fc,21,98,Normal
2026-04-27 22:51:27.256386,NewYork-88fc,47,86,Normal
2026-04-27 22:51:28.256386,NewYork-88fc,31,6,Normal
2026-04-27 22:51:29.256386,NewYork-88fc,13,71,Normal
2026-04-27 22:51:30.256386,NewYork-88fc,-3,11,Normal
2026-04-27 22:51:31.256386,NewYork-88fc,-27,53,Normal
2026-04-27 22:51:32.256386,NewYork-88fc,38,7,Normal
2026-04-27 22:51:33.256386,NewYork-88fc,-3,8,Normal
2026-04-27 22:51:34.256386,NewYork-88fc,16,84,Normal
2026-04-27 22:51:35.256386,NewYork-88fc,37,11,Normal
2026-04-27 22:51:36.256386,NewYork-88fc,14,97,Normal
2026-04-27 22:51:37.256386,NewYork-88fc,47,16,Normal
2026-04-27 22:51:38.256386,NewYork-88fc,32,90,Normal
2026-04-27 22:51:39.256386,NewYork-88fc,-21,49,Normal
2026-04-27 22:51:40.256386,NewYork-88fc,-30,1,Normal
2026-04-27 22:51:41.256386,NewYork-88fc,20,8,Normal
2026-04-27 22:51:42.256386,NewYork-88fc,-27,99,Normal
2026-04-27 22:51:43.256386,NewYork-88fc,39,21,Normal
2026-04-27 22:51:44.256386,NewYork-88fc,35,42,Normal
2026-04-27 22:51:45.256386,NewYork-88fc,21,26,Normal
2026-04-27 22:51:46.256386,NewYork-88fc,50,2,Normal
2026-04-27 22:51:47.256386,NewYork-88fc,50,8,Normal
2026-04-27 22:51:48.256386,NewYork-88fc,7,21,Normal
2026-04-27 22:51:49.256386,NewYork-88fc,31,5,Normal
2026-04-27 22:51:50.256386,NewYork-88fc,-18,95,Normal
2026-04-27 22:51:51.256386,NewYork-88fc,-21,60,Normal
2026-04-27 22:51:52.256386,NewYork-88fc,20,89,Normal
2026-04-27 22:51:53.256386,NewYork-88fc,-23,96,Normal
2026-04-27 22:51:54.256386,NewYork-88fc,-29,43,Normal
2026-04-27 22:51:55.256386,NewYork-88fc,-14,37,Normal
2026-04-27 22:51:56.256386,NewYork-88fc,41,9,Normal
2026-04-27 22:51:57.256386,NewYork-88fc,43,17,Normal
2026-04-27 22:51:58.256386,NewYork-88fc,-13,97,Normal
2026-04-27 22:51:59.256386,NewYork-88fc,-3,86,Normal
2026-04-27 22:52:00.256386,NewYork-88fc,43,81,Normal
2026-04-27 22:52:01.256386,NewYork-88fc,5,37,Normal
2026-04-27 22:52:02.256386,NewYork-88fc,20,6,Normal
2026-04-27 22:52:03.256386,NewYork-88fc,-12,9,Normal
2026-04-27 22:52:04.256386,NewYork-88fc,28,68,Normal
2026-04-27 22:52:05.256386,NewYork-88fc,20,1,Normal
2026-04-27 22:52:06.256386,NewYork-88fc,-15,10,Normal
2026-04-27 22:52:07.256386,NewYork-88fc,13,20,Normal
2026-04-27 22:52:08.256386,NewYork-88fc,-12,32,Normal
2026-04-27 22:52:09.256386,NewYork-88fc,37,51,Normal
2026-04-27 22:52:10.256386,NewYork-88fc,-6,30,Normal
2026-04-27 22:52:11.256386,NewYork-88fc,-7,83,Normal
2026-04-27 22:52:12.256386,NewYork-88fc,-29,10,Normal
2026-04-27 22:52:13.256386,NewYork-88fc,-29,77,Normal
2026-04-27 22:52:14.256386,NewYork-88fc,21,88,Normal
2026-04-27 22:52:15.256386,NewYork-88fc,14,11,Normal
2026-04-27 22:52:16.256386,NewYork-88fc,38,35,Normal
2026-04-27 22:52:17.256386,NewYork-88fc,23,87,Normal
2026-04-27 22:52:18.256386,NewYork-88fc,3,89,Normal
2026-04-27 22:52:19.256386,NewYork-88fc,-19,38,Normal
2026-04-27 22:52:20.256386,NewYork-88fc,46,78,Normal
2026-04-27 22:52:21.256386,NewYork-88fc,49,30,Normal
2026-04-27 22:52:22.256386,NewYork-88fc,33,21,Normal
2026-04-27 22:52:23.256386,NewYork-88fc,-20,51,Normal
2026-04-27 22:52:24.256386,NewYork-88fc,-8,4,Normal
2026-04-27 22:52:25.256386,NewYork-88fc,-22,60,Normal
2026-04-27 22:52:26.256386,NewYork-88fc,6,65,Normal
2026-04-27 22:52:27.256386,NewYork-88fc,47,8,Normal
2026-04-27 22:52:28.256386,NewYork-88fc,48,98,Normal
2026-04-27 22:52:29.256386,NewYork-88fc,12,39,Normal
2026-04-27 22:52:30.256386,NewYork-88fc,11,9,Normal
2026-04-27 22:52:31.256386,NewYork-88fc,10,54,Normal
2026-04-27 22:52:32.256386,NewYork-88fc,38,58,Normal
2026-04-27 22:52:33.256386,NewYork-88fc,18,33,Normal
2026-04-27 22:52:34.256386,NewYork-88fc,34,48,Normal
2026-04-27 22:52:35.256386,NewYork-88fc,20,83,Normal
2026-04-27 22:52:36.256386,NewYork-88fc,14,73,Normal
2026-04-27 22:52:37.256386,NewYork-88fc,9,79,Normal
2026-04-27 22:52:38.256386,NewYork-88fc,-5,68,Normal
2026-04-27 22:52:39.256386,NewYork-88fc,-30,25,Normal
2026-04-27 22:52:40.256386,NewYork-88fc,-10,96,Normal
2026-04-27 22:52:41.256386,NewYork-88fc,17,90,Normal
2026-04-27 22:52:42.256386,NewYork-88fc,1,50,Normal
2026-04-27 22:52:43.256386,NewYork-88fc,-10,67,Normal
2026-04-27 22:52:44.256386,NewYork-88fc,31,18,Normal
2026-04-27 22:52:45.256386,NewYork-88fc,23,95,Normal
2026-04-27 22:52:46.256386,NewYork-88fc,19,45,Normal
2026-04-27 22:52:47.256386,NewYork-88fc,40,86,Normal
2026-04-27 22:52:48.256386,NewYork-88fc,-20,52,Normal
2026-04-27 22:52:49.256386,NewYork-88fc,17,41,Normal
2026-04-27 22:52:50.256386,NewYork-88fc,1,100,Normal
2026-04-27 22:52:51.256386,NewYork-88fc,15,70,Normal
2026-04-27 22:52:52.256386,NewYork-88fc,3,76,Normal
2026-04-27 22:52:53.256386,NewYork-88fc,43,99,Normal
2026-04-27 22:52:54.256386,NewYork-88fc,12,76,Normal
2026-04-27 22:52:55.256386,NewYork-88fc,-19,22,Normal
2026-04-27 22:52:56.256386,NewYork-88fc,4,78,Normal
2026-04-27 22:52:57.256386,NewYork-88fc,14,41,Normal
2026-04-27 22:52:58.256386,NewYork-88fc,-30,32,Normal
2026-04-27 22:52:59.256386,NewYork-88fc,-15,25,Normal
2026-04-27 22:53:00.256386,NewYork-88fc,-1,12,Normal
2026-04-27 22:53:01.256386,NewYork-88fc,12,0,Normal
2026-04-27 22:53:02.256386,NewYork-88fc,50,29,Normal
2026-04-27 22:53:03.256386,NewYork-88fc,-27,67,Normal
2026-04-27 22:53:04.256386,NewYork-88fc,-18,84,Normal
2026-04-27 22:53:05.256386,NewYork-88fc,32,70,Normal
2026-04-27 22:53:06.256386,NewYork-88fc,14,5,Normal
2026-04-27 22:53:07.256386,NewYork-88fc,35,34,Normal
2026-04-27 22:53:08.256386,NewYork-88fc,23,62,Normal
2026-04-27 22:53:09.256386,NewYork-88fc,44,4,Normal
2026-04-27 22:53:10.256386,NewYork-88fc,29,19,Normal
2026-04-27 22:53:11.256386,NewYork-88fc,36,1,Normal
2026-04-27 22:53:12.256386,NewYork-88fc,29,54,Normal
2026-04-27 22:53:13.256386,NewYork-88fc,22,33,Normal
2026-04-27 22:53:14.256386,NewYork-88fc,12,24,Normal
2026-04-27 22:53:15.256386,NewYork-88fc,16,27,Normal
2026-04-27 22:53:16.256386,NewYork-88fc,36,14,Normal
2026-04-27 22:53:17.256386,NewYork-88fc,37,44,Normal
2026-04-27 22:53:18.256386,NewYork-88fc,15,94,Normal
2026-04-27 22:53:19.256386,NewYork-88fc,36,89,Normal
2026-04-27 22:53:20.256386,NewYork-88fc,20,87,Normal
2026-04-27 22:53:21.256386,NewYork-88fc,33,83,Normal
2026-04-27 22:53:22.256386,NewYork-88fc,-20,87,Normal
2026-04-27 22:53:23.256386,NewYork-88fc,30,0,Normal
2026-04-27 22:53:24.256386,NewYork-88fc,-24,59,Normal
2026-04-27 22:53:25.256386,NewYork-88fc,41,72,Normal
2026-04-27 22:53:26.256386,NewYork-88fc,46,23,Normal
2026-04-27 22:53:27.256386,NewYork-88fc,22,19,Normal
2026-04-27 22:53:28.256386,NewYork-88fc,-5,33,Normal
2026-04-27 22:53:29.256386,NewYork-88fc,-3,20,Normal
2026-04-27 22:53:30.256386,NewYork-88fc,38,81,Normal
2026-04-27 22:53:31.256386,NewYork-88fc,-30,2,Normal
2026-04-27 22:53:32.256386,NewYork-88fc,3,12,Normal
2026-04-27 22:53:33.256386,NewYork-88fc,45,19,Normal
2026-04-27 22:53:34.256386,NewYork-88fc,-16,56,Normal
2026-04-27 22:53:35.256386,NewYork-88fc,26,96,Normal
2026-04-27 22:53:36.256386,NewYork-88fc,3,66,Normal
2026-04-27 22:53:37.256386,NewYork-88fc,35,1,Normal
2026-04-27 22:53:38.256386,NewYork-88fc,49,49,Normal
2026-04-27 22:53:39.256386,NewYork-88fc,-22,30,Normal
2026-04-27 22:53:40.256386,NewYork-88fc,5,98,Normal
2026-04-27 22:53:41.256386,NewYork-88fc,45,84,Normal
2026-04-27 22:53:42.256386,NewYork-88fc,-26,29,Normal
2026-04-27 22:53:43.256386,NewYork-88fc,28,68,Normal
2026-04-27 22:53:44.256386,NewYork-88fc,8,85,Normal
2026-04-27 22:53:45.256386,NewYork-88fc,-15,52,Normal
2026-04-27 22:53:46.256386,NewYork-88fc,-29,30,Normal
2026-04-27 22:53:47.256386,NewYork-88fc,33,84,Normal
2026-04-27 22:53:48.256386,NewYork-88fc,-1,7,Normal
2026-04-27 22:53:49.256386,NewYork-88fc,-12,6,Normal
2026-04-27 22:53:50.256386,NewYork-88fc,45,16,Normal
2026-04-27 22:53:51.256386,NewYork-88fc,42,60,Normal
2026-04-27 22:53:52.256386,NewYork-88fc,-27,4,Normal
2026-04-27 22:53:53.256386,NewYork-88fc,23,11,Normal
2026-04-27 22:53:54.256386,NewYork-88fc,-9,72,Normal
2026-04-27 22:53:55.256386,NewYork-88fc,47,42,Normal
2026-04-27 22:53:56.256386,NewYork-88fc,-27,74,Normal
2026-04-27 22:53:57.256386,NewYork-88fc,15,96,Normal
2026-04-27 22:53:58.256386,NewYork-88fc,14,67,Normal
2026-04-27 22:53:59.256386,NewYork-88fc,-30,31,Normal
2026-04-27 22:54:00.256386,NewYork-88fc,37,64,Normal
2026-04-27 22:54:01.256386,NewYork-88fc,3,46,Normal
2026-04-27 22:54:02.256386,NewYork-88fc,25,79,Normal
2026-04-27 22:54:03.256386,NewYork-88fc,-17,35,Normal
2026-04-27 22:54:04.256386,NewYork-88fc,31,42,Normal
2026-04-27 22:54:05.256386,NewYork-88fc,41,91,Normal
2026-04-27 22:54:06.256386,NewYork-88fc,30,97,Normal
2026-04-27 22:54:07.256386,NewYork-88fc,13,16,Normal
2026-04-27 22:54:08.256386,NewYork-88fc,-13,99,Normal
2026-04-27 22:54:09.256386,NewYork-88fc,42,33,Normal
2026-04-27 22:54:10.256386,NewYork-88fc,43,51,Normal
2026-04-27 22:54:11.256386,NewYork-88fc,37,12,Normal
2026-04-27 22:54:12.256386,NewYork-88fc,-18,4,Normal
2026-04-27 22:54:13.256386,NewYork-88fc,36,58,Normal
2026-04-27 22:54:14.256386,NewYork-88fc,44,83,Normal
2026-04-27 22:54:15.256386,NewYork-88fc,-5,84,Normal
2026-04-27 22:54:16.256386,NewYork-88fc,-7,2,Normal
2026-04-27 22:54:17.256386,NewYork-88fc,21,21,Normal
2026-04-27 22:54:18.256386,NewYork-88fc,43,76,Normal
2026-04-27 22:54:19.256386,NewYork-88fc,35,32,Normal
2026-04-27 22:54:20.256386,NewYork-88fc,21,14,Normal
2026-04-27 22:54:21.256386,NewYork-88fc,-28,42,Normal
2026-04-27 22:54:22.256386,NewYork-88fc,-3,31,Normal
2026-04-27 22:54:23.256386,NewYork-88fc,29,77,Normal
2026-04-27 22:54:24.256386,NewYork-88fc,-9,90,Normal
2026-04-27 22:54:25.256386,NewYork-88fc,23,27,Normal
2026-04-27 22:54:26.256386,NewYork-88fc,-30,44,Normal
2026-04-27 22:54:27.256386,NewYork-88fc,43,70,Normal
2026-04-27 22:54:28.256386,NewYork-88fc,32,59,Normal
2026-04-27 22:54:29.256386,NewYork-88fc,-19,25,Normal
2026-04-27 22:54:30.256386,NewYork-88fc,29,69,Normal
2026-04-27 22:54:31.256386,NewYork-88fc,50,56,Normal
2026-04-27 22:54:32.256386,NewYork-88fc,-5,13,Normal
2026-04-27 22:54:33.256386,NewYork-88fc,36,37,Normal
2026-04-27 22:54:34.256386,NewYork-88fc,-3,88,Normal
2026-04-27 22:54:35.256386,NewYork-88fc,8,91,Normal
2026-04-27 22:54:36.256386,NewYork-88fc,22,86,Normal
2026-04-27 22:54:37.256386,NewYork-88fc,-3,14,Normal
2026-04-27 22:54:38.256386,NewYork-88fc,25,60,Normal
2026-04-27 22:54:39.256386,NewYork-88fc,36,27,Normal
2026-04-27 22:54:40.256386,NewYork-88fc,10,17,Normal
2026-04-27 22:54:41.256386,NewYork-88fc,-3,22,Normal
2026-04-27 22:54:42.256386,NewYork-88fc,-22,66,Normal
2026-04-27 22:54:43.256386,NewYork-88fc,-20,14,Normal
2026-04-27 22:54:44.256386,NewYork-88fc,-4,68,Normal
2026-04-27 22:54:45.256386,NewYork-88fc,22,40,Normal
2026-04-27 22:54:46.256386,NewYork-88fc,46,55,Normal
2026-04-27 22:54:47.256386,NewYork-88fc,17,37,Normal
2026-04-27 22:54:48.256386,NewYork-88fc,-20,66,Normal
2026-04-27 22:54:49.256386,NewYork-88fc,46,89,Normal
2026-04-27 22:54:50.256386,NewYork-88fc,46,88,Normal
2026-04-27 22:54:51.256386,NewYork-88fc,25,73,Normal
2026-04-27 22:54:52.256386,NewYork-88fc,32,46,Normal
2026-04-27 22:54:53.256386,NewYork-88fc,-3,10,Normal
2026-04-27 22:54:54.256386,NewYork-88fc,16,81,Normal
2026-04-27 22:54:55.256386,NewYork-88fc,45,52,Normal
2026-04-27 22:54:56.256386,NewYork-88fc,7,13,Normal
2026-04-27 22:54:57.256386,NewYork-88fc,38,8,Normal
2026-04-27 22:54:58.256386,NewYork-88fc,21,83,Normal
2026-04-27 22:54:59.256386,NewYork-88fc,3,53,Normal
2026-04-27 22:55:00.256386,NewYork-88fc,42,25,Normal
2026-04-27 22:55:01.256386,NewYork-88fc,24,51,Normal
2026-04-27 22:55:02.256386,NewYork-88fc,2,38,Normal
2026-04-27 22:55:03.256386,NewYork-88fc,50,6,Normal
2026-04-27 22:55:04.256386,NewYork-88fc,-3,65,Normal
2026-04-27 22:55:05.256386,NewYork-88fc,41,42,Normal
2026-04-27 22:55:06.256386,NewYork-88fc,13,33,Normal
2026-04-27 22:55:07.256386,NewYork-88fc,1,88,Normal
2026-04-27 22:55:08.256386,NewYork-88fc,7,34,Normal
2026-04-27 22:55:09.256386,NewYork-88fc,5,50,Normal
2026-04-27 22:55:10.256386,NewYork-88fc,35,22,Normal
2026-04-27 22:55:11.256386,NewYork-88fc,44,1,Normal
2026-04-27 22:55:12.256386,NewYork-88fc,9,87,Normal
2026-04-27 22:55:13.256386,NewYork-88fc,41,46,Normal
2026-04-27 22:55:14.256386,NewYork-88fc,-3,21,Normal
2026-04-27 22:55:15.256386,NewYork-88fc,-27,71,Normal
2026-04-27 22:55:16.256386,NewYork-88fc,35,43,Normal
2026-04-27 22:55:17.256386,NewYork-88fc,26,67,Normal
2026-04-27 22:55:18.256386,NewYork-88fc,-4,82,Normal
2026-04-27 22:55:19.256386,NewYork-88fc,18,4,Normal
2026-04-27 22:55:20.256386,NewYork-88fc,3,53,Normal
2026-04-27 22:55:21.256386,NewYork-88fc,-4,91,Normal
2026-04-27 22:55:22.256386,NewYork-88fc,-9,96,Normal
2026-04-27 22:55:23.256386,NewYork-88fc,46,93,Normal
2026-04-27 22:55:24.256386,NewYork-88fc,9,4,Normal
2026-04-27 22:55:25.256386,NewYork-88fc,39,6,Normal
2026-04-27 22:55:26.256386,NewYork-88fc,-18,52,Normal
2026-04-27 22:55:27.256386,NewYork-88fc,-24,51,Normal
2026-04-27 22:55:28.256386,NewYork-88fc,15,47,Normal
2026-04-27 22:55:29.256386,NewYork-88fc,23,24,Normal
2026-04-27 22:55:30.256386,NewYork-88fc,-2,74,Normal
2026-04-27 22:55:31.256386,NewYork-88fc,15,57,Normal
2026-04-27 22:55:32.256386,NewYork-88fc,37,75,Normal
2026-04-27 22:55:33.256386,NewYork-88fc,-28,75,Normal
2026-04-27 22:55:34.256386,NewYork-88fc,-4,11,Normal
2026-04-27 22:55:35.256386,NewYork-88fc,9,39,Normal
2026-04-27 22:55:36.256386,NewYork-88fc,45,34,Normal
2026-04-27 22:55:37.256386,NewYork-88fc,27,18,Normal
2026-04-27 22:55:38.256386,NewYork-88fc,27,79,Normal
2026-04-27 22:55:39.256386,NewYork-88fc,-15,71,Normal
2026-04-27 22:55:40.256386,NewYork-88fc,-4,47,Normal
2026-04-27 22:55:41.256386,NewYork-88fc,47,76,Normal
2026-04-27 22:55:42.256386,NewYork-88fc,-16,79,Normal
2026-04-27 22:55:43.256386,NewYork-88fc,23,51,Normal
2026-04-27 22:55:44.256386,NewYork-88fc,-3,51,Normal
2026-04-27 22:55:45.256386,NewYork-88fc,30,41,Normal
2026-04-27 22:55:46.256386,NewYork-88fc,23,75,Normal
2026-04-27 22:55:47.256386,NewYork-88fc,31,32,Normal
2026-04-27 22:55:48.256386,NewYork-88fc,-7,73,Normal
2026-04-27 22:55:49.256386,NewYork-88fc,-24,71,Normal
2026-04-27 22:55:50.256386,NewYork-88fc,45,72,Normal
2026-04-27 22:55:51.256386,NewYork-88fc,-23,38,Normal
2026-04-27 22:55:52.256386,NewYork-88fc,-17,18,Normal
2026-04-27 22:55:53.256386,NewYork-88fc,17,17,Normal
2026-04-27 22:55:54.256386,NewYork-88fc,-28,88,Normal
2026-04-27 22:55:55.256386,NewYork-88fc,33,100,Normal
2026-04-27 22:55:56.256386,NewYork-88fc,43,31,Normal
2026-04-27 22:55:57.256386,NewYork-88fc,-3,38,Normal
2026-04-27 22:55:58.256386,NewYork-88fc,31,99,Normal
2026-04-27 22:55:59.256386,NewYork-88fc,-28,73,Normal
2026-04-27 22:56:00.256386,NewYork-88fc,-25,27,Normal
2026-04-27 22:56:01.256386,NewYork-88fc,43,6,Normal
2026-04-27 22:56:02.256386,NewYork-88fc,45,18,Normal
2026-04-27 22:56:03.256386,NewYork-88fc,13,37,Normal
2026-04-27 22:56:04.256386,NewYork-88fc,-26,28,Normal
2026-04-27 22:56:05.256386,NewYork-88fc,-3,83,Normal
2026-04-27 22:56:06.256386,NewYork-88fc,-7,33,Normal
2026-04-27 22:56:07.256386,NewYork-88fc,-9,85,Normal
2026-04-27 22:56:08.256386,NewYork-88fc,3,81,Normal
2026-04-27 22:56:09.256386,NewYork-88fc,-23,95,Normal
2026-04-27 22:56:10.256386,NewYork-88fc,17,14,Normal
2026-04-27 22:56:11.256386,NewYork-88fc,50,39,Normal
2026-04-27 22:56:12.256386,NewYork-88fc,-26,78,Normal
2026-04-27 22:56:13.256386,NewYork-88fc,-30,81,Normal
2026-04-27 22:56:14.256386,NewYork-88fc,0,39,Normal
2026-04-27 22:56:15.256386,NewYork-88fc,33,81,Normal
2026-04-27 22:56:16.256386,NewYork-88fc,-19,96,Normal
2026-04-27 22:56:17.256386,NewYork-88fc,-1,81,Normal
2026-04-27 22:56:18.256386,NewYork-88fc,-24,46,Normal
2026-04-27 22:56:19.256386,NewYork-88fc,-1,10,Normal
2026-04-27 22:56:20.256386,NewYork-88fc,24,73,Normal
2026-04-27 22:56:21.256386,NewYork-88fc,-20,63,Normal
2026-04-27 22:56:22.256386,NewYork-88fc,-3,96,Normal
2026-04-27 22:56:23.256386,NewYork-88fc,31,61,Normal
2026-04-27 22:56:24.256386,NewYork-88fc,45,1,Normal
2026-04-27 22:56:25.256386,NewYork-88fc,29,61,Normal
2026-04-27 22:56:26.256386,NewYork-88fc,-28,38,Normal
2026-04-27 22:56:27.256386,NewYork-88fc,19,44,Normal
2026-04-27 22:56:28.256386,NewYork-88fc,-16,9,Normal
2026-04-27 22:56:29.256386,NewYork-88fc,35,92,Normal
2026-04-27 22:56:30.256386,NewYork-88fc,-25,55,Normal
2026-04-27 22:56:31.256386,NewYork-88fc,-26,55,Normal
2026-04-27 22:56:32.256386,NewYork-88fc,-9,16,Normal
2026-04-27 22:56:33.256386,NewYork-88fc,6,49,Normal
2026-04-27 22:56:34.256386,NewYork-88fc,42,76,Normal
2026-04-27 22:56:35.256386,NewYork-88fc,27,9,Normal
2026-04-27 22:56:36.256386,NewYork-88fc,46,83,Normal
2026-04-27 22:56:37.256386,NewYork-88fc,26,9,Normal
2026-04-27 22:56:38.256386,NewYork-88fc,46,11,Normal
2026-04-27 22:56:39.256386,NewYork-88fc,12,81,Normal
2026-04-27 22:56:40.256386,NewYork-88fc,-9,10,Normal
2026-04-27 22:56:41.256386,NewYork-88fc,-14,73,Normal
2026-04-27 22:56:42.256386,NewYork-88fc,-25,3,Normal
2026-04-27 22:56:43.256386,NewYork-88fc,32,59,Normal
2026-04-27 22:56:44.256386,NewYork-88fc,47,6,Normal
2026-04-27 22:56:45.256386,NewYork-88fc,-7,48,Normal
2026-04-27 22:56:46.256386,NewYork-88fc,38,27,Normal
2026-04-27 22:56:47.256386,NewYork-88fc,50,97,Normal
2026-04-27 22:56:48.256386,NewYork-88fc,-23,58,Normal
2026-04-27 22:56:49.256386,NewYork-88fc,6,43,Normal
2026-04-27 22:56:50.256386,NewYork-88fc,-2,50,Normal
2026-04-27 22:56:51.256386,NewYork-88fc,42,6,Normal
2026-04-27 22:56:52.256386,NewYork-88fc,-8,9,Normal
2026-04-27 22:56:53.256386,NewYork-88fc,24,2,Normal
2026-04-27 22:56:54.256386,NewYork-88fc,-27,28,Normal
2026-04-27 22:56:55.256386,NewYork-88fc,35,76,Normal
2026-04-27 22:56:56.256386,NewYork-88fc,31,97,Normal
2026-04-27 22:56:57.256386,NewYork-88fc,3,65,Normal
2026-04-27 22:56:58.256386,NewYork-88fc,41,47,Normal
2026-04-27 22:56:59.256386,NewYork-88fc,37,54,Normal
2026-04-27 22:57:00.256386,NewYork-88fc,47,2,Normal
2026-04-27 22:57:01.256386,NewYork-88fc,-25,5,Normal
2026-04-27 22:57:02.256386,NewYork-88fc,4,19,Normal
2026-04-27 22:57:03.256386,NewYork-88fc,41,40,Normal
2026-04-27 22:57:04.256386,NewYork-88fc,26,69,Normal
2026-04-27 22:57:05.256386,NewYork-88fc,31,57,Normal
2026-04-27 22:57:06.256386,NewYork-88fc,16,11,Normal
2026-04-27 22:57:07.256386,NewYork-88fc,13,18,Normal
2026-04-27 22:57:08.256386,NewYork-88fc,46,43,Normal
2026-04-27 22:57:09.256386,NewYork-88fc,14,55,Normal
2026-04-27 22:57:10.256386,NewYork-88fc,29,24,Normal
2026-04-27 22:57:11.256386,NewYork-88fc,23,50,Normal
2026-04-27 22:57:12.256386,NewYork-88fc,-16,79,Normal
2026-04-27 22:57:13.256386,NewYork-88fc,-1,73,Normal
2026-04-27 22:57:14.256386,NewYork-88fc,16,38,Normal
2026-04-27 22:57:15.256386,NewYork-88fc,36,74,Normal
2026-04-27 22:57:16.256386,NewYork-88fc,0,8,Normal
2026-04-27 22:57:17.256386,NewYork-88fc,31,17,Normal
2026-04-27 22:57:18.256386,NewYork-88fc,6,59,Normal
2026-04-27 22:57:19.256386,NewYork-88fc,4,65,Normal
2026-04-27 22:57:20.256386,NewYork-88fc,21,81,Normal
2026-04-27 22:57:21.256386,NewYork-88fc,23,57,Normal
2026-04-27 22:57:22.256386,NewYork-88fc,-17,45,Normal
2026-04-27 22:57:23.256386,NewYork-88fc,-20,55,Normal
2026-04-27 22:57:24.256386,NewYork-88fc,13,46,Normal
2026-04-27 22:57:25.256386,NewYork-88fc,9,29,Normal
2026-04-27 22:57:26.256386,NewYork-88fc,1,99,Normal
2026-04-27 22:57:27.256386,NewYork-88fc,38,76,Normal
2026-04-27 22:57:28.256386,NewYork-88fc,50,60,Normal
2026-04-27 22:57:29.256386,NewYork-88fc,36,69,Normal
2026-04-27 22:57:30.256386,NewYork-88fc,32,67,Normal
2026-04-27 22:57:31.256386,NewYork-88fc,45,73,Normal
2026-04-27 22:57:32.256386,NewYork-88fc,44,19,Normal
2026-04-27 22:57:33.256386,NewYork-88fc,18,91,Normal
2026-04-27 22:57:34.256386,NewYork-88fc,-1,97,Normal
2026-04-27 22:57:35.256386,NewYork-88fc,3,57,Normal
2026-04-27 22:57:36.256386,NewYork-88fc,45,18,Normal
2026-04-27 22:57:37.256386,NewYork-88fc,3,16,Normal
2026-04-27 22:57:38.256386,NewYork-88fc,3,40,Normal
2026-04-27 22:57:39.256386,NewYork-88fc,-25,19,Normal
2026-04-27 22:57:40.256386,NewYork-88fc,22,3,Normal
2026-04-27 22:57:41.256386,NewYork-88fc,26,42,Normal
2026-04-27 22:57:42.256386,NewYork-88fc,-2,56,Normal
2026-04-27 22:57:43.256386,NewYork-88fc,29,57,Normal
2026-04-27 22:57:44.256386,NewYork-88fc,-10,88,Normal
2026-04-27 22:57:45.256386,NewYork-88fc,-26,33,Normal
2026-04-27 22:57:46.256386,NewYork-88fc,19,59,Normal
2026-04-27 22:57:47.256386,NewYork-88fc,6,33,Normal
2026-04-27 22:57:48.256386,NewYork-88fc,-2,18,Normal
2026-04-27 22:57:49.256386,NewYork-88fc,-8,11,Normal
2026-04-27 22:57:50.256386,NewYork-88fc,5,15,Normal
2026-04-27 22:57:51.256386,NewYork-88fc,34,94,Normal
2026-04-27 22:57:52.256386,NewYork-88fc,-11,94,Normal
2026-04-27 22:57:53.256386,NewYork-88fc,32,29,Normal
2026-04-27 22:57:54.256386,NewYork-88fc,28,77,Normal
2026-04-27 22:57:55.256386,NewYork-88fc,0,41,Normal
2026-04-27 22:57:56.256386,NewYork-88fc,10,19,Normal
2026-04-27 22:57:57.256386,NewYork-88fc,21,2,Normal
2026-04-27 22:57:58.256386,NewYork-88fc,-3,45,Normal
2026-04-27 22:57:59.256386,NewYork-88fc,23,32,Normal
2026-04-27 22:58:00.256386,NewYork-88fc,42,50,Normal
2026-04-27 22:58:01.256386,NewYork-88fc,33,92,Normal
2026-04-27 22:58:02.256386,NewYork-88fc,18,73,Normal
2026-04-27 22:58:03.256386,NewYork-88fc,49,52,Normal
2026-04-27 22:58:04.256386,NewYork-88fc,-10,28,Normal
2026-04-27 22:58:05.256386,NewYork-88fc,29,90,Normal
2026-04-27 22:58:06.256386,NewYork-88fc,16,41,Normal
2026-04-27 22:58:07.256386,NewYork-88fc,-29,92,Normal
2026-04-27 22:58:08.256386,NewYork-88fc,33,63,Normal
2026-04-27 22:58:09.256386,NewYork-88fc,50,69,Normal
2026-04-27 22:58:10.256386,NewYork-88fc,4,17,Normal
2026-04-27 22:58:11.256386,NewYork-88fc,7,58,Normal
2026-04-27 22:58:12.256386,NewYork-88fc,40,18,Normal
2026-04-27 22:58:13.256386,NewYork-88fc,13,50,Normal
2026-04-27 22:58:14.256386,NewYork-88fc,20,97,Normal
2026-04-27 22:58:15.256386,NewYork-88fc,-8,44,Normal
2026-04-27 22:58:16.256386,NewYork-88fc,-19,23,Normal
2026-04-27 22:58:17.256386,NewYork-88fc,8,22,Normal
2026-04-27 22:58:18.256386,NewYork-88fc,-26,67,Normal
2026-04-27 22:58:19.256386,NewYork-88fc,-23,46,Normal
2026-04-27 22:58:20.256386,NewYork-88fc,44,67,Normal
2026-04-27 22:58:21.256386,NewYork-88fc,-19,51,Normal
2026-04-27 22:58:22.256386,NewYork-88fc,-28,76,Normal
2026-04-27 22:58:23.256386,NewYork-88fc,22,43,Normal
2026-04-27 22:58:24.256386,NewYork-88fc,36,61,Normal
2026-04-27 22:58:25.256386,NewYork-88fc,48,52,Normal
2026-04-27 22:58:26.256386,NewYork-88fc,34,28,Normal
2026-04-27 22:58:27.256386,NewYork-88fc,-13,85,Normal
2026-04-27 22:58:28.256386,NewYork-88fc,20,23,Normal
2026-04-27 22:58:29.256386,NewYork-88fc,-10,6,Normal
2026-04-27 22:58:30.256386,NewYork-88fc,-16,16,Normal
2026-04-27 22:58:31.256386,NewYork-88fc,24,53,Normal
2026-04-27 22:58:32.256386,NewYork-88fc,12,60,Normal
2026-04-27 22:58:33.256386,NewYork-88fc,-3,30,Normal
2026-04-27 22:58:34.256386,NewYork-88fc,27,70,Normal
2026-04-27 22:58:35.256386,NewYork-88fc,-1,25,Normal
2026-04-27 22:58:36.256386,NewYork-88fc,-15,68,Normal
2026-04-27 22:58:37.256386,NewYork-88fc,13,37,Normal
2026-04-27 22:58:38.256386,NewYork-88fc,11,7,Normal
2026-04-27 22:58:39.256386,NewYork-88fc,-10,32,Normal
2026-04-27 22:58:40.256386,NewYork-88fc,29,55,Normal
2026-04-27 22:58:41.256386,NewYork-88fc,-25,30,Normal
2026-04-27 22:58:42.256386,NewYork-88fc,-26,16,Normal
2026-04-27 22:58:43.256386,NewYork-88fc,-8,53,Normal
2026-04-27 22:58:44.256386,NewYork-88fc,-21,30,Normal
2026-04-27 22:58:45.256386,NewYork-88fc,5,27,Normal
2026-04-27 22:58:46.256386,NewYork-88fc,-30,33,Normal
2026-04-27 22:58:47.256386,NewYork-88fc,27,63,Normal
2026-04-27 22:58:48.256386,NewYork-88fc,-19,96,Normal
2026-04-27 22:58:49.256386,NewYork-88fc,45,43,Normal
2026-04-27 22:58:50.256386,NewYork-88fc,12,67,Normal
2026-04-27 22:58:51.256386,NewYork-88fc,7,20,Normal
2026-04-27 22:58:52.256386,NewYork-88fc,-15,18,Normal
2026-04-27 22:58:53.256386,NewYork-88fc,32,8,Normal
2026-04-27 22:58:54.256386,NewYork-88fc,-4,77,Normal
2026-04-27 22:58:55.256386,NewYork-88fc,48,5,Normal
2026-04-27 22:58:56.256386,NewYork-88fc,48,43,Normal
2026-04-27 22:58:57.256386,NewYork-88fc,-8,68,Normal
2026-04-27 22:58:58.256386,NewYork-88fc,-7,17,Normal
2026-04-27 22:58:59.256386,NewYork-88fc,8,29,Normal
2026-04-27 22:59:00.256386,NewYork-88fc,27,5,Normal
2026-04-27 22:59:01.256386,NewYork-88fc,21,11,Normal
2026-04-27 22:59:02.256386,NewYork-88fc,-28,30,Normal
2026-04-27 22:59:03.256386,NewYork-88fc,36,26,Normal
2026-04-27 22:59:04.256386,NewYork-88fc,-17,53,Normal
2026-04-27 22:59:05.256386,NewYork-88fc,22,58,Normal
2026-04-27 22:59:06.256386,NewYork-88fc,35,39,Normal
2026-04-27 22:59:07.256386,NewYork-88fc,-5,19,Normal
2026-04-27 22:59:08.256386,NewYork-88fc,33,29,Normal
2026-04-27 22:59:09.256386,NewYork-88fc,34,34,Normal
2026-04-27 22:59:10.256386,NewYork-88fc,-17,59,Normal
2026-04-27 22:59:11.256386,NewYork-88fc,37,4,Normal
2026-04-27 22:59:12.256386,NewYork-88fc,-15,57,Normal
2026-04-27 22:59:13.256386,NewYork-88fc,25,74,Normal
2026-04-27 22:59:14.256386,NewYork-88fc,20,95,Normal
2026-04-27 22:59:15.256386,NewYork-88fc,34,63,Normal
2026-04-27 22:59:16.256386,NewYork-88fc,6,75,Normal
2026-04-27 22:59:17.256386,NewYork-88fc,23,10,Normal
2026-04-27 22:59:18.256386,NewYork-88fc,38,23,Normal
2026-04-27 22:59:19.256386,NewYork-88fc,-17,95,Normal
2026-04-27 22:59:20.256386,NewYork-88fc,25,75,Normal
2026-04-27 22:59:21.256386,NewYork-88fc,22,85,Normal
2026-04-27 22:59:22.256386,NewYork-88fc,-16,78,Normal
2026-04-27 22:59:23.256386,NewYork-88fc,21,15,Normal
2026-04-27 22:59:24.256386,NewYork-88fc,0,34,Normal
2026-04-27 22:59:25.256386,NewYork-88fc,16,66,Normal
2026-04-27 22:59:26.256386,NewYork-88fc,27,79,Normal
2026-04-27 22:59:27.256386,NewYork-88fc,2,6,Normal
2026-04-27 22:59:28.256386,NewYork-88fc,-9,43,Normal
2026-04-27 22:59:29.256386,NewYork-88fc,26,91,Normal
2026-04-27 22:59:30.256386,NewYork-88fc,-14,72,Normal
2026-04-27 22:59:31.256386,NewYork-88fc,16,9,Normal
2026-04-27 22:59:32.256386,NewYork-88fc,21,64,Normal
2026-04-27 22:59:33.256386,NewYork-88fc,50,16,Normal
2026-04-27 22:59:34.256386,NewYork-88fc,-4,76,Normal
2026-04-27 22:59:35.256386,NewYork-88fc,29,2,Normal
2026-04-27 22:59:36.256386,NewYork-88fc,21,93,Normal
2026-04-27 22:59:37.256386,NewYork-88fc,26,44,Normal
2026-04-27 22:59:38.256386,NewYork-88fc,-17,77,Normal
2026-04-27 22:59:39.256386,NewYork-88fc,44,31,Normal
2026-04-27 22:59:40.256386,NewYork-88fc,27,81,Normal
2026-04-27 22:59:41.256386,NewYork-88fc,-20,84,Normal
2026-04-27 22:59:42.256386,NewYork-88fc,-16,83,Normal
2026-04-27 22:59:43.256386,NewYork-88fc,10,39,Normal
2026-04-27 22:59:44.256386,NewYork-88fc,38,10,Normal
2026-04-27 22:59:45.256386,NewYork-88fc,25,21,Normal
2026-04-27 22:59:46.256386,NewYork-88fc,19,69,Normal
2026-04-27 22:59:47.256386,NewYork-88fc,32,5,Normal
2026-04-27 22:59:48.256386,NewYork-88fc,-5,22,Normal
2026-04-27 22:59:49.256386,NewYork-88fc,20,26,Normal
2026-04-27 22:59:50.256386,NewYork-88fc,1,32,Normal
2026-04-27 22:59:51.256386,NewYork-88fc,8,24,Normal
2026-04-27 22:59:52.256386,NewYork-88fc,1,0,Normal
2026-04-27 22:59:53.256386,NewYork-88fc,-28,80,Normal
2026-04-27 22:59:54.256386,NewYork-88fc,34,65,Normal
2026-04-27 22:59:55.256386,NewYork-88fc,-14,24,Normal
2026-04-27 22:59:56.256386,NewYork-88fc,-18,46,Normal
2026-04-27 22:59:57.256386,NewYork-88fc,-3,80,Normal
2026-04-27 22:59:58.256386,NewYork-88fc,21,63,Normal
2026-04-27 22:59:59.256386,NewYork-88fc,-4,11,Normal
2026-04-27 23:00:00.256386,NewYork-88fc,-15,28,Normal
2026-04-27 23:00:01.256386,NewYork-88fc,48,12,Normal
2026-04-27 23:00:02.256386,NewYork-88fc,-3,72,Normal
2026-04-27 23:00:03.256386,NewYork-88fc,30,4,Normal
2026-04-27 23:00:04.256386,NewYork-88fc,-10,8,Normal
2026-04-27 23:00:05.256386,NewYork-88fc,8,5,Normal
2026-04-27 23:00:06.256386,NewYork-88fc,-28,1,Normal
2026-04-27 23:00:07.256386,NewYork-88fc,48,2,Normal
2026-04-27 23:00:08.256386,NewYork-88fc,14,30,Normal
2026-04-27 23:00:09.256386,NewYork-88fc,-12,40,Normal
2026-04-27 23:00:10.256386,NewYork-88fc,-30,60,Normal
2026-04-27 23:00:11.256386,NewYork-88fc,42,66,Normal
2026-04-27 23:00:12.256386,NewYork-88fc,-17,38,Normal
2026-04-27 23:00:13.256386,NewYork-88fc,38,73,Normal
2026-04-27 23:00:14.256386,NewYork-88fc,-27,88,Normal
2026-04-27 23:00:15.256386,NewYork-88fc,28,26,Normal
2026-04-27 23:00:16.256386,NewYork-88fc,41,39,Normal
2026-04-27 23:00:17.256386,NewYork-88fc,4,5,Normal
2026-04-27 23:00:18.256386,NewYork-88fc,25,31,Normal
2026-04-27 23:00:19.256386,NewYork-88fc,-24,86,Normal
2026-04-27 23:00:20.256386,NewYork-88fc,11,87,Normal
2026-04-27 23:00:21.256386,NewYork-88fc,45,59,Normal
2026-04-27 23:00:22.256386,NewYork-88fc,-28,10,Normal
2026-04-27 23:00:23.256386,NewYork-88fc,15,3,Normal
2026-04-27 23:00:24.256386,NewYork-88fc,18,23,Normal
2026-04-27 23:00:25.256386,NewYork-88fc,-15,69,Normal
2026-04-27 23:00:26.256386,NewYork-88fc,-6,29,Normal
2026-04-27 23:00:27.256386,NewYork-88fc,-3,70,Normal
2026-04-27 23:00:28.256386,NewYork-88fc,47,73,Normal
2026-04-27 23:00:29.256386,NewYork-88fc,-8,46,Normal
2026-04-27 23:00:30.256386,NewYork-88fc,41,3,Normal
2026-04-27 23:00:31.256386,NewYork-88fc,35,49,Normal
2026-04-27 23:00:32.256386,NewYork-88fc,-26,19,Normal
2026-04-27 23:00:33.256386,NewYork-88fc,22,48,Normal
2026-04-27 23:00:34.256386,NewYork-88fc,15,77,Normal
2026-04-27 23:00:35.256386,NewYork-88fc,50,45,Normal
2026-04-27 23:00:36.256386,NewYork-88fc,47,9,Normal
2026-04-27 23:00:37.256386,NewYork-88fc,-30,84,Normal
2026-04-27 23:00:38.256386,NewYork-88fc,20,6,Normal
2026-04-27 23:00:39.256386,NewYork-88fc,33,6,Normal
2026-04-27 23:00:40.256386,NewYork-88fc,40,10,Normal
2026-04-27 23:00:41.256386,NewYork-88fc,18,56,Normal
2026-04-27 23:00:42.256386,NewYork-88fc,2,5,Normal
2026-04-27 23:00:43.256386,NewYork-88fc,-10,97,Normal
2026-04-27 23:00:44.256386,NewYork-88fc,41,26,Normal
2026-04-27 23:00:45.256386,NewYork-88fc,41,2,Normal
2026-04-27 23:00:46.256386,NewYork-88fc,37,34,Normal
2026-04-27 23:00:47.256386,NewYork-88fc,-14,37,Normal
2026-04-27 23:00:48.256386,NewYork-88fc,-22,51,Normal
2026-04-27 23:00:49.256386,NewYork-88fc,48,75,Normal
2026-04-27 23:00:50.256386,NewYork-88fc,-20,11,Normal
2026-04-27 23:00:51.256386,NewYork-88fc,0,14,Normal
2026-04-27 23:00:52.256386,NewYork-88fc,34,39,Normal
2026-04-27 23:00:53.256386,NewYork-88fc,14,5,Normal
2026-04-27 23:00:54.256386,NewYork-88fc,43,89,Normal
2026-04-27 23:00:55.256386,NewYork-88fc,-18,0,Normal
2026-04-27 23:00:56.256386,NewYork-88fc,12,89,Normal
2026-04-27 23:00:57.256386,NewYork-88fc,9,95,Normal
2026-04-27 23:00:58.256386,NewYork-88fc,48,88,Normal
2026-04-27 23:00:59.256386,NewYork-88fc,-10,95,Normal
2026-04-27 23:01:00.256386,NewYork-88fc,25,55,Normal
2026-04-27 23:01:01.256386,NewYork-88fc,40,31,Normal
2026-04-27 23:01:02.256386,NewYork-88fc,19,14,Normal
2026-04-27 23:01:03.256386,NewYork-88fc,39,85,Normal
2026-04-27 23:01:04.256386,NewYork-88fc,39,13,Normal
2026-04-27 23:01:05.256386,NewYork-88fc,49,68,Normal
2026-04-27 23:01:06.256386,NewYork-88fc,2,91,Normal
2026-04-27 23:01:07.256386,NewYork-88fc,16,42,Normal
2026-04-27 23:01:08.256386,NewYork-88fc,-30,77,Normal
2026-04-27 23:01:09.256386,NewYork-88fc,-15,48,Normal
2026-04-27 23:01:10.256386,NewYork-88fc,24,63,Normal
2026-04-27 23:01:11.256386,NewYork-88fc,-23,72,Normal
2026-04-27 23:01:12.256386,NewYork-88fc,-17,39,Normal
2026-04-27 23:01:13.256386,NewYork-88fc,-12,22,Normal
2026-04-27 23:01:14.256386,NewYork-88fc,27,43,Normal
2026-04-27 23:01:15.256386,NewYork-88fc,28,56,Normal
2026-04-27 23:01:16.256386,NewYork-88fc,14,90,Normal
2026-04-27 23:01:17.256386,NewYork-88fc,18,90,Normal
2026-04-27 23:01:18.256386,NewYork-88fc,39,65,Normal
2026-04-27 23:01:19.256386,NewYork-88fc,38,18,Normal
2026-04-27 23:01:20.256386,NewYork-88fc,23,43,Normal
2026-04-27 23:01:21.256386,NewYork-88fc,12,72,Normal
2026-04-27 23:01:22.256386,NewYork-88fc,50,100,Normal
2026-04-27 23:01:23.256386,NewYork-88fc,39,73,Normal
2026-04-27 23:01:24.256386,NewYork-88fc,-2,4,Normal
2026-04-27 23:01:25.256386,NewYork-88fc,-2,71,Normal
2026-04-27 23:01:26.256386,NewYork-88fc,34,85,Normal
2026-04-27 23:01:27.256386,NewYork-88fc,-10,40,Normal
2026-04-27 23:01:28.256386,NewYork-88fc,26,52,Normal
2026-04-27 23:01:29.256386,NewYork-88fc,33,56,Normal
2026-04-27 23:01:30.256386,NewYork-88fc,-25,23,Normal
2026-04-27 23:01:31.256386,NewYork-88fc,-25,4,Normal
2026-04-27 23:01:32.256386,NewYork-88fc,29,17,Normal
2026-04-27 23:01:33.256386,NewYork-88fc,-29,37,Normal
2026-04-27 23:01:34.256386,NewYork-88fc,-7,65,Normal
2026-04-27 23:01:35.256386,NewYork-88fc,28,37,Normal
2026-04-27 23:01:36.256386,NewYork-88fc,37,46,Normal
2026-04-27 23:01:37.256386,NewYork-88fc,-26,72,Normal
2026-04-27 23:01:38.256386,NewYork-88fc,36,96,Normal
2026-04-27 23:01:39.256386,NewYork-88fc,3,45,Normal
2026-04-27 23:01:40.256386,NewYork-88fc,13,87,Normal
2026-04-27 23:01:41.256386,NewYork-88fc,19,4,Normal
2026-04-27 23:01:42.256386,NewYork-88fc,6,43,Normal
2026-04-27 23:01:43.256386,NewYork-88fc,21,39,Normal
2026-04-27 23:01:44.256386,NewYork-88fc,46,50,Normal
2026-04-27 23:01:45.256386,NewYork-88fc,44,51,Normal
2026-04-27 23:01:46.256386,NewYork-88fc,10,63,Normal
2026-04-27 23:01:47.256386,NewYork-88fc,18,25,Normal
2026-04-27 23:01:48.256386,NewYork-88fc,20,34,Normal
2026-04-27 23:01:49.256386,NewYork-88fc,9,69,Normal
2026-04-27 23:01:50.256386,NewYork-88fc,19,10,Normal
2026-04-27 23:01:51.256386,NewYork-88fc,3,74,Normal
2026-04-27 23:01:52.256386,NewYork-88fc,0,95,Normal
2026-04-27 23:01:53.256386,NewYork-88fc,-7,44,Normal
2026-04-27 23:01:54.256386,NewYork-88fc,-29,59,Normal
2026-04-27 23:01:55.256386,NewYork-88fc,-16,97,Normal
2026-04-27 23:01:56.256386,NewYork-88fc,26,4,Normal
2026-04-27 23:01:57.256386,NewYork-88fc,42,33,Normal
2026-04-27 23:01:58.256386,NewYork-88fc,-28,21,Normal
2026-04-27 23:01:59.256386,NewYork-88fc,-27,8,Normal
2026-04-27 23:02:00.256386,NewYork-88fc,46,9,Normal
2026-04-27 23:02:01.256386,NewYork-88fc,-3,30,Normal
2026-04-27 23:02:02.256386,NewYork-88fc,28,3,Normal
2026-04-27 23:02:03.256386,NewYork-88fc,21,43,Normal
2026-04-27 23:02:04.256386,NewYork-88fc,-15,6,Normal
2026-04-27 23:02:05.256386,NewYork-88fc,-4,42,Normal
2026-04-27 23:02:06.256386,NewYork-88fc,-7,46,Normal
2026-04-27 23:02:07.256386,NewYork-88fc,20,86,Normal
2026-04-27 23:02:08.256386,NewYork-88fc,50,32,Normal
2026-04-27 23:02:09.256386,NewYork-88fc,15,60,Normal
2026-04-27 23:02:10.256386,NewYork-88fc,42,1,Normal
2026-04-27 23:02:11.256386,NewYork-88fc,13,85,Normal
2026-04-27 23:02:12.256386,NewYork-88fc,-21,14,Normal
2026-04-27 23:02:13.256386,NewYork-88fc,15,59,Normal
2026-04-27 23:02:14.256386,NewYork-88fc,20,26,Normal
2026-04-27 23:02:15.256386,NewYork-88fc,5,3,Normal
2026-04-27 23:02:16.256386,NewYork-88fc,-30,58,Normal
2026-04-27 23:02:17.256386,NewYork-88fc,-15,99,Normal
2026-04-27 23:02:18.256386,NewYork-88fc,4,7,Normal
2026-04-27 23:02:19.256386,NewYork-88fc,-22,64,Normal
2026-04-27 23:02:20.256386,NewYork-88fc,28,5,Normal
2026-04-27 23:02:21.256386,NewYork-88fc,-26,98,Normal
2026-04-27 23:02:22.256386,NewYork-88fc,-23,61,Normal
2026-04-27 23:02:23.256386,NewYork-88fc,11,61,Normal
2026-04-27 23:02:24.256386,NewYork-88fc,-8,96,Normal
2026-04-27 23:02:25.256386,NewYork-88fc,-24,54,Normal
2026-04-27 23:02:26.256386,NewYork-88fc,45,12,Normal
2026-04-27 23:02:27.256386,NewYork-88fc,-25,68,Normal
2026-04-27 23:02:28.256386,NewYork-88fc,49,3,Normal
2026-04-27 23:02:29.256386,NewYork-88fc,-10,53,Normal
2026-04-27 23:02:30.256386,NewYork-88fc,-13,11,Normal
2026-04-27 23:02:31.256386,NewYork-88fc,34,16,Normal
2026-04-27 23:02:32.256386,NewYork-88fc,-14,52,Normal
2026-04-27 23:02:33.256386,NewYork-88fc,-11,88,Normal
2026-04-27 23:02:34.256386,NewYork-88fc,9,88,Normal
2026-04-27 23:02:35.256386,NewYork-88fc,-19,77,Normal
2026-04-27 23:02:36.256386,NewYork-88fc,-5,12,Normal
2026-04-27 23:02:37.256386,NewYork-88fc,38,22,Normal
2026-04-27 23:02:38.256386,NewYork-88fc,0,89,Normal
2026-04-27 23:02:39.256386,NewYork-88fc,33,81,Normal
2026-04-27 23:02:40.256386,NewYork-88fc,27,61,Normal
2026-04-27 23:02:41.256386,NewYork-88fc,28,39,Normal
2026-04-27 23:02:42.256386,NewYork-88fc,-19,43,Normal
2026-04-27 23:02:43.256386,NewYork-88fc,37,50,Normal
2026-04-27 23:02:44.256386,NewYork-88fc,-26,74,Normal
2026-04-27 23:02:45.256386,NewYork-88fc,49,82,Normal
2026-04-27 23:02:46.256386,NewYork-88fc,-21,66,Normal
2026-04-27 23:02:47.256386,NewYork-88fc,-21,64,Normal
2026-04-27 23:02:48.256386,NewYork-88fc,42,93,Normal
2026-04-27 23:02:49.256386,NewYork-88fc,-1,93,Normal
2026-04-27 23:02:50.256386,NewYork-88fc,-16,11,Normal
2026-04-27 23:02:51.256386,NewYork-88fc,-26,81,Normal
2026-04-27 23:02:52.256386,NewYork-88fc,-6,86,Normal
2026-04-27 23:02:53.256386,NewYork-88fc,48,76,Normal
2026-04-27 23:02:54.256386,NewYork-88fc,-22,93,Normal
2026-04-27 23:02:55.256386,NewYork-88fc,-19,68,Normal
2026-04-27 23:02:56.256386,NewYork-88fc,38,42,Normal
2026-04-27 23:02:57.256386,NewYork-88fc,28,61,Normal
2026-04-27 23:02:58.256386,NewYork-88fc,5,73,Normal
2026-04-27 23:02:59.256386,NewYork-88fc,17,8,Normal
2026-04-27 23:03:00.256386,NewYork-88fc,18,21,Normal
2026-04-27 23:03:01.256386,NewYork-88fc,27,24,Normal
2026-04-27 23:03:02.256386,NewYork-88fc,22,76,Normal
2026-04-27 23:03:03.256386,NewYork-88fc,32,76,Normal
2026-04-27 23:03:04.256386,NewYork-88fc,-17,71,Normal
2026-04-27 23:03:05.256386,NewYork-88fc,-5,3,Normal
2026-04-27 23:03:06.256386,NewYork-88fc,-17,26,Normal
2026-04-27 23:03:07.256386,NewYork-88fc,-21,35,Normal
2026-04-27 23:03:08.256386,NewYork-88fc,-23,39,Normal
2026-04-27 23:03:09.256386,NewYork-88fc,14,76,Normal
2026-04-27 23:03:10.256386,NewYork-88fc,36,92,Normal
2026-04-27 23:03:11.256386,NewYork-88fc,1,20,Normal
2026-04-27 23:03:12.256386,NewYork-88fc,2,17,Normal
2026-04-27 23:03:13.256386,NewYork-88fc,22,13,Normal
2026-04-27 23:03:14.256386,NewYork-88fc,17,78,Normal
2026-04-27 23:03:15.256386,NewYork-88fc,34,24,Normal
2026-04-27 23:03:16.256386,NewYork-88fc,34,54,Normal
2026-04-27 23:03:17.256386,NewYork-88fc,19,87,Normal
2026-04-27 23:03:18.256386,NewYork-88fc,23,42,Normal
2026-04-27 23:03:19.256386,NewYork-88fc,22,82,Normal
2026-04-27 23:03:20.256386,NewYork-88fc,41,30,Normal
2026-04-27 23:03:21.256386,NewYork-88fc,42,94,Normal
2026-04-27 23:03:22.256386,NewYork-88fc,42,68,Normal
2026-04-27 23:03:23.256386,NewYork-88fc,-2,75,Normal
2026-04-27 23:03:24.256386,NewYork-88fc,-25,70,Normal
2026-04-27 23:03:25.256386,NewYork-88fc,18,96,Normal
2026-04-27 23:03:26.256386,NewYork-88fc,-12,43,Normal
2026-04-27 23:03:27.256386,NewYork-88fc,-26,50,Normal
2026-04-27 23:03:28.256386,NewYork-88fc,41,58,Normal
2026-04-27 23:03:29.256386,NewYork-88fc,-8,59,Normal
2026-04-27 23:03:30.256386,NewYork-88fc,32,11,Normal
2026-04-27 23:03:31.256386,NewYork-88fc,36,65,Normal
2026-04-27 23:03:32.256386,NewYork-88fc,46,4,Normal
2026-04-27 23:03:33.256386,NewYork-88fc,-24,67,Normal
2026-04-27 23:03:34.256386,NewYork-88fc,40,68,Normal
2026-04-27 23:03:35.256386,NewYork-88fc,19,50,Normal
2026-04-27 23:03:36.256386,NewYork-88fc,-12,97,Normal
2026-04-27 23:03:37.256386,NewYork-88fc,11,70,Normal
2026-04-27 23:03:38.256386,NewYork-88fc,9,40,Normal
2026-04-27 23:03:39.256386,NewYork-88fc,-28,46,Normal
2026-04-27 23:03:40.256386,NewYork-88fc,-4,12,Normal
2026-04-27 23:03:41.256386,NewYork-88fc,41,39,Normal
2026-04-27 23:03:42.256386,NewYork-88fc,-29,70,Normal
2026-04-27 23:03:43.256386,NewYork-88fc,44,18,Normal
2026-04-27 23:03:44.256386,NewYork-88fc,48,35,Normal
2026-04-27 23:03:45.256386,NewYork-88fc,-13,11,Normal
2026-04-27 23:03:46.256386,NewYork-88fc,10,4,Normal
2026-04-27 23:03:47.256386,NewYork-88fc,17,43,Normal
2026-04-27 23:03:48.256386,NewYork-88fc,-25,70,Normal
2026-04-27 23:03:49.256386,NewYork-88fc,11,10,Normal
2026-04-27 23:03:50.256386,NewYork-88fc,13,48,Normal
2026-04-27 23:03:51.256386,NewYork-88fc,31,35,Normal
2026-04-27 23:03:52.256386,NewYork-88fc,50,88,Normal
2026-04-27 23:03:53.256386,NewYork-88fc,44,55,Normal
2026-04-27 23:03:54.256386,NewYork-88fc,12,66,Normal
2026-04-27 23:03:55.256386,NewYork-88fc,-4,59,Normal
2026-04-27 23:03:56.256386,NewYork-88fc,40,11,Normal
2026-04-27 23:03:57.256386,NewYork-88fc,46,9,Normal
2026-04-27 23:03:58.256386,NewYork-88fc,37,50,Normal
2026-04-27 23:03:59.256386,NewYork-88fc,35,37,Normal
2026-04-27 23:04:00.256386,NewYork-88fc,31,98,Normal
2026-04-27 23:04:01.256386,NewYork-88fc,47,38,Normal
2026-04-27 23:04:02.256386,NewYork-88fc,-30,28,Normal
2026-04-27 23:04:03.256386,NewYork-88fc,20,13,Normal
2026-04-27 23:04:04.256386,NewYork-88fc,38,40,Normal
2026-04-27 23:04:05.256386,NewYork-88fc,27,56,Normal
2026-04-27 23:04:06.256386,NewYork-88fc,-23,37,Normal
2026-04-27 23:04:07.256386,NewYork-88fc,-11,40,Normal
2026-04-27 23:04:08.256386,NewYork-88fc,-1,3,Normal
2026-04-27 23:04:09.256386,NewYork-88fc,-2,37,Normal
2026-04-27 23:04:10.256386,NewYork-88fc,-22,20,Normal
2026-04-27 23:04:11.256386,NewYork-88fc,21,63,Normal
2026-04-27 23:04:12.256386,NewYork-88fc,35,91,Normal
2026-04-27 23:04:13.256386,NewYork-88fc,8,22,Normal
2026-04-27 23:04:14.256386,NewYork-88fc,-28,92,Normal
2026-04-27 23:04:15.256386,NewYork-88fc,15,66,Normal
2026-04-27 23:04:16.256386,NewYork-88fc,32,46,Normal
2026-04-27 23:04:17.256386,NewYork-88fc,-13,57,Normal
2026-04-27 23:04:18.256386,NewYork-88fc,18,38,Normal
2026-04-27 23:04:19.256386,NewYork-88fc,3,15,Normal
2026-04-27 23:04:20.256386,NewYork-88fc,44,71,Normal
2026-04-27 23:04:21.256386,NewYork-88fc,-2,43,Normal
2026-04-27 23:04:22.256386,NewYork-88fc,-17,83,Normal
2026-04-27 23:04:23.256386,NewYork-88fc,3,35,Normal
2026-04-27 23:04:24.256386,NewYork-88fc,20,12,Normal
2026-04-27 23:04:25.256386,NewYork-88fc,-18,47,Normal
2026-04-27 23:04:26.256386,NewYork-88fc,22,9,Normal
2026-04-27 23:04:27.256386,NewYork-88fc,18,61,Normal
2026-04-27 23:04:28.256386,NewYork-88fc,50,1,Normal
2026-04-27 23:04:29.256386,NewYork-88fc,29,36,Normal
2026-04-27 23:04:30.256386,NewYork-88fc,-7,54,Normal
2026-04-27 23:04:31.256386,NewYork-88fc,0,51,Normal
2026-04-27 23:04:32.256386,NewYork-88fc,13,44,Normal
2026-04-27 23:04:33.256386,NewYork-88fc,19,59,Normal
2026-04-27 23:04:34.256386,NewYork-88fc,-10,30,Normal
2026-04-27 23:04:35.256386,NewYork-88fc,37,19,Normal
2026-04-27 23:04:36.256386,NewYork-88fc,18,38,Normal
2026-04-27 23:04:37.256386,NewYork-88fc,10,44,Normal
2026-04-27 23:04:38.256386,NewYork-88fc,1,61,Normal
2026-04-27 23:04:39.256386,NewYork-88fc,-4,70,Normal
2026-04-27 23:04:40.256386,NewYork-88fc,21,78,Normal
2026-04-27 23:04:41.256386,NewYork-88fc,-25,38,Normal
2026-04-27 23:04:42.256386,NewYork-88fc,5,86,Normal
2026-04-27 23:04:43.256386,NewYork-88fc,-11,100,Normal
2026-04-27 23:04:44.256386,NewYork-88fc,18,67,Normal
2026-04-27 23:04:45.256386,NewYork-88fc,2,72,Normal
2026-04-27 23:04:46.256386,NewYork-88fc,-12,14,Normal
2026-04-27 23:04:47.256386,NewYork-88fc,33,10,Normal
2026-04-27 23:04:48.256386,NewYork-88fc,41,3,Normal
2026-04-27 23:04:49.256386,NewYork-88fc,-23,76,Normal
2026-04-27 23:04:50.256386,NewYork-88fc,40,70,Normal
2026-04-27 23:04:51.256386,NewYork-88fc,36,84,Normal
2026-04-27 23:04:52.256386,NewYork-88fc,-22,22,Normal
2026-04-27 23:04:53.256386,NewYork-88fc,21,77,Normal
2026-04-27 23:04:54.256386,NewYork-88fc,43,32,Normal
2026-04-27 23:04:55.256386,NewYork-88fc,45,22,Normal
2026-04-27 23:04:56.256386,NewYork-88fc,21,21,Normal
2026-04-27 23:04:57.256386,NewYork-88fc,35,93,Normal
2026-04-27 23:04:58.256386,NewYork-88fc,24,3,Normal
2026-04-27 23:04:59.256386,NewYork-88fc,-28,97,Normal
2026-04-27 23:05:00.256386,NewYork-88fc,-19,16,Normal
2026-04-27 23:05:01.256386,NewYork-88fc,12,88,Normal
2026-04-27 23:05:02.256386,NewYork-88fc,10,13,Normal
2026-04-27 23:05:03.256386,NewYork-88fc,-12,89,Normal
2026-04-27 23:05:04.256386,NewYork-88fc,-30,15,Normal
2026-04-27 23:05:05.256386,NewYork-88fc,43,65,Normal
2026-04-27 23:05:06.256386,NewYork-88fc,14,37,Normal
2026-04-27 23:05:07.256386,NewYork-88fc,-1,56,Normal
2026-04-27 23:05:08.256386,NewYork-88fc,-1,11,Normal
2026-04-27 23:05:09.256386,NewYork-88fc,-22,78,Normal
2026-04-27 23:05:10.256386,NewYork-88fc,32,100,Normal
2026-04-27 23:05:11.256386,NewYork-88fc,20,27,Normal
2026-04-27 23:05:12.256386,NewYork-88fc,37,38,Normal
2026-04-27 23:05:13.256386,NewYork-88fc,-20,41,Normal
2026-04-27 23:05:14.256386,NewYork-88fc,18,25,Normal
2026-04-27 23:05:15.256386,NewYork-88fc,43,32,Normal
2026-04-27 23:05:16.256386,NewYork-88fc,-17,21,Normal
2026-04-27 23:05:17.256386,NewYork-88fc,3,85,Normal
2026-04-27 23:05:18.256386,NewYork-88fc,-13,73,Normal
2026-04-27 23:05:19.256386,NewYork-88fc,-23,39,Normal
2026-04-27 23:05:20.256386,NewYork-88fc,-22,63,Normal
2026-04-27 23:05:21.256386,NewYork-88fc,17,32,Normal
2026-04-27 23:05:22.256386,NewYork-88fc,34,89,Normal
2026-04-27 23:05:23.256386,NewYork-88fc,-16,90,Normal
2026-04-27 23:05:24.256386,NewYork-88fc,-22,82,Normal
2026-04-27 23:05:25.256386,NewYork-88fc,-19,44,Normal
2026-04-27 23:05:26.256386,NewYork-88fc,43,68,Normal
2026-04-27 23:05:27.256386,NewYork-88fc,9,53,Normal
2026-04-27 23:05:28.256386,NewYork-88fc,-16,62,Normal
2026-04-27 23:05:29.256386,NewYork-88fc,-2,86,Normal
2026-04-27 23:05:30.256386,NewYork-88fc,-11,26,Normal
2026-04-27 23:05:31.256386,NewYork-88fc,34,5,Normal
2026-04-27 23:05:32.256386,NewYork-88fc,49,32,Normal
2026-04-27 23:05:33.256386,NewYork-88fc,2,90,Normal
2026-04-27 23:05:34.256386,NewYork-88fc,-19,17,Normal
2026-04-27 23:05:35.256386,NewYork-88fc,-19,58,Normal
2026-04-27 23:05:36.256386,NewYork-88fc,39,19,Normal
2026-04-27 23:05:37.256386,NewYork-88fc,13,90,Normal
2026-04-27 23:05:38.256386,NewYork-88fc,22,92,Normal
2026-04-27 23:05:39.256386,NewYork-88fc,16,7,Normal
2026-04-27 23:05:40.256386,NewYork-88fc,23,26,Normal
2026-04-27 23:05:41.256386,NewYork-88fc,6,63,Normal
2026-04-27 23:05:42.256386,NewYork-88fc,47,15,Normal
2026-04-27 23:05:43.256386,NewYork-88fc,-27,13,Normal
2026-04-27 23:05:44.256386,NewYork-88fc,18,80,Normal
2026-04-27 23:05:45.256386,NewYork-88fc,48,100,Normal
2026-04-27 23:05:46.256386,NewYork-88fc,20,66,Normal
2026-04-27 23:05:47.256386,NewYork-88fc,-8,29,Normal
2026-04-27 23:05:48.256386,NewYork-88fc,45,6,Normal
2026-04-27 23:05:49.256386,NewYork-88fc,1,68,Normal
2026-04-27 23:05:50.256386,NewYork-88fc,43,49,Normal
2026-04-27 23:05:51.256386,NewYork-88fc,16,15,Normal
2026-04-27 23:05:52.256386,NewYork-88fc,-21,19,Normal
2026-04-27 23:05:53.256386,NewYork-88fc,39,9,Normal
2026-04-27 23:05:54.256386,NewYork-88fc,39,61,Normal
2026-04-27 23:05:55.256386,NewYork-88fc,-5,18,Normal
2026-04-27 23:05:56.256386,NewYork-88fc,38,78,Normal
2026-04-27 23:05:57.256386,NewYork-88fc,-16,61,Normal
2026-04-27 23:05:58.256386,NewYork-88fc,23,55,Normal
2026-04-27 23:05:59.256386,NewYork-88fc,-24,55,Normal
2026-04-27 23:06:00.256386,NewYork-88fc,23,95,Normal
2026-04-27 23:06:01.256386,NewYork-88fc,7,39,Normal
2026-04-27 23:06:02.256386,NewYork-88fc,28,7,Normal
2026-04-27 23:06:03.256386,NewYork-88fc,28,28,Normal
2026-04-27 23:06:04.256386,NewYork-88fc,26,51,Normal
2026-04-27 23:06:05.256386,NewYork-88fc,-12,94,Normal
2026-04-27 23:06:06.256386,NewYork-88fc,-25,69,Normal
2026-04-27 23:06:07.256386,NewYork-88fc,-19,74,Normal
2026-04-27 23:06:08.256386,NewYork-88fc,45,70,Normal
2026-04-27 23:06:09.256386,NewYork-88fc,-7,42,Normal
2026-04-27 23:06:10.256386,NewYork-88fc,37,49,Normal
2026-04-27 23:06:11.256386,NewYork-88fc,13,36,Normal
2026-04-27 23:06:12.256386,NewYork-88fc,16,11,Normal
2026-04-27 23:06:13.256386,NewYork-88fc,9,91,Normal
2026-04-27 23:06:14.256386,NewYork-88fc,-25,13,Normal
2026-04-27 23:06:15.256386,NewYork-88fc,-17,36,Normal
2026-04-27 23:06:16.256386,NewYork-88fc,-29,14,Normal
2026-04-27 23:06:17.256386,NewYork-88fc,-11,97,Normal
2026-04-27 23:06:18.256386,NewYork-88fc,26,45,Normal
2026-04-27 23:06:19.256386,NewYork-88fc,10,89,Normal
2026-04-27 23:06:20.256386,NewYork-88fc,24,30,Normal
2026-04-27 23:06:21.256386,NewYork-88fc,-29,97,Normal
2026-04-27 23:06:22.256386,NewYork-88fc,4,58,Normal
2026-04-27 23:06:23.256386,NewYork-88fc,-16,22,Normal
2026-04-27 23:06:24.256386,NewYork-88fc,20,23,Normal
2026-04-27 23:06:25.256386,NewYork-88fc,-4,14,Normal
2026-04-27 23:06:26.256386,NewYork-88fc,36,19,Normal
2026-04-27 23:06:27.256386,NewYork-88fc,-25,56,Normal
2026-04-27 23:06:28.256386,NewYork-88fc,9,45,Normal
2026-04-27 23:06:29.256386,NewYork-88fc,47,65,Normal
2026-04-27 23:06:30.256386,NewYork-88fc,-12,61,Normal
2026-04-27 23:06:31.256386,NewYork-88fc,-3,32,Normal
2026-04-27 23:06:32.256386,NewYork-88fc,21,97,Normal
2026-04-27 23:06:33.256386,NewYork-88fc,-28,73,Normal
2026-04-27 23:06:34.256386,NewYork-88fc,-2,9,Normal
2026-04-27 23:06:35.256386,NewYork-88fc,-14,24,Normal
2026-04-27 23:06:36.256386,NewYork-88fc,-14,8,Normal
2026-04-27 23:06:37.256386,NewYork-88fc,18,38,Normal
2026-04-27 23:06:38.256386,NewYork-88fc,23,21,Normal
2026-04-27 23:06:39.256386,NewYork-88fc,10,75,Normal
2026-04-27 23:06:40.256386,NewYork-88fc,-23,50,Normal
2026-04-27 23:06:41.256386,NewYork-88fc,33,88,Normal
2026-04-27 23:06:42.256386,NewYork-88fc,-21,88,Normal
2026-04-27 23:06:43.256386,NewYork-88fc,38,95,Normal
2026-04-27 23:06:44.256386,NewYork-88fc,35,53,Normal
2026-04-27 23:06:45.256386,NewYork-88fc,24,13,Normal
2026-04-27 23:06:46.256386,NewYork-88fc,-10,62,Normal
2026-04-27 23:06:47.256386,NewYork-88fc,-16,32,Normal
2026-04-27 23:06:48.256386,NewYork-88fc,33,48,Normal
2026-04-27 23:06:49.256386,NewYork-88fc,-25,4,Normal
2026-04-27 23:06:50.256386,NewYork-88fc,30,19,Normal
2026-04-27 23:06:51.256386,NewYork-88fc,10,82,Normal
2026-04-27 23:06:52.256386,NewYork-88fc,-27,10,Normal
2026-04-27 23:06:53.256386,NewYork-88fc,34,56,Normal
2026-04-27 23:06:54.256386,NewYork-88fc,-25,49,Normal
2026-04-27 23:06:55.256386,NewYork-88fc,-30,98,Normal
2026-04-27 23:06:56.256386,NewYork-88fc,-15,66,Normal
2026-04-27 23:06:57.256386,NewYork-88fc,-6,69,Normal
2026-04-27 23:06:58.256386,NewYork-88fc,-27,68,Normal
2026-04-27 23:06:59.256386,NewYork-88fc,-5,57,Normal
2026-04-27 23:07:00.256386,NewYork-88fc,33,87,Normal
2026-04-27 23:07:01.256386,NewYork-88fc,46,82,Normal
2026-04-27 23:07:02.256386,NewYork-88fc,-14,40,Normal
2026-04-27 23:07:03.256386,NewYork-88fc,42,91,Normal
2026-04-27 23:07:04.256386,NewYork-88fc,40,77,Normal
2026-04-27 23:07:05.256386,NewYork-88fc,6,91,Normal
2026-04-27 23:07:06.256386,NewYork-88fc,22,82,Normal
2026-04-27 23:07:07.256386,NewYork-88fc,20,1,Normal
2026-04-27 23:07:08.256386,NewYork-88fc,-29,74,Normal
2026-04-27 23:07:09.256386,NewYork-88fc,40,8,Normal
2026-04-27 23:07:10.256386,NewYork-88fc,10,5,Normal
2026-04-27 23:07:11.256386,NewYork-88fc,25,44,Normal
2026-04-27 23:07:12.256386,NewYork-88fc,32,5,Normal
2026-04-27 23:07:13.256386,NewYork-88fc,30,16,Normal
2026-04-27 23:07:14.256386,NewYork-88fc,19,6,Normal
2026-04-27 23:07:15.256386,NewYork-88fc,29,61,Normal
2026-04-27 23:07:16.256386,NewYork-88fc,8,21,Normal
2026-04-27 23:07:17.256386,NewYork-88fc,17,73,Normal
2026-04-27 23:07:18.256386,NewYork-88fc,26,83,Normal
2026-04-27 23:07:19.256386,NewYork-88fc,38,48,Normal
2026-04-27 23:07:20.256386,NewYork-88fc,12,43,Normal
2026-04-27 23:07:21.256386,NewYork-88fc,-21,6,Normal
2026-04-27 23:07:22.256386,NewYork-88fc,-16,59,Normal
2026-04-27 23:07:23.256386,NewYork-88fc,-26,30,Normal
2026-04-27 23:07:24.256386,NewYork-88fc,-7,80,Normal
2026-04-27 23:07:25.256386,NewYork-88fc,14,31,Normal
2026-04-27 23:07:26.256386,NewYork-88fc,13,50,Normal
2026-04-27 23:07:27.256386,NewYork-88fc,-12,91,Normal
2026-04-27 23:07:28.256386,NewYork-88fc,29,75,Normal
2026-04-27 23:07:29.256386,NewYork-88fc,26,55,Normal
2026-04-27 23:07:30.256386,NewYork-88fc,-13,66,Normal
2026-04-27 23:07:31.256386,NewYork-88fc,-16,11,Normal
2026-04-27 23:07:32.256386,NewYork-88fc,20,25,Normal
2026-04-27 23:07:33.256386,NewYork-88fc,0,78,Normal
2026-04-27 23:07:34.256386,NewYork-88fc,-3,13,Normal
2026-04-27 23:07:35.256386,NewYork-88fc,-16,20,Normal
2026-04-27 23:07:36.256386,NewYork-88fc,27,71,Normal
2026-04-27 23:07:37.256386,NewYork-88fc,21,28,Normal
2026-04-27 23:07:38.256386,NewYork-88fc,6,30,Normal
2026-04-27 23:07:39.256386,NewYork-88fc,38,90,Normal
2026-04-27 23:07:40.256386,NewYork-88fc,-14,18,Normal
2026-04-27 23:07:41.256386,NewYork-88fc,42,26,Normal
2026-04-27 23:07:42.256386,NewYork-88fc,20,80,Normal
2026-04-27 23:07:43.256386,NewYork-88fc,-4,60,Normal
2026-04-27 23:07:44.256386,NewYork-88fc,-10,63,Normal
2026-04-27 23:07:45.256386,NewYork-88fc,27,20,Normal
2026-04-27 23:07:46.256386,NewYork-88fc,24,22,Normal
2026-04-27 23:07:47.256386,NewYork-88fc,39,95,Normal
2026-04-27 23:07:48.256386,NewYork-88fc,-12,47,Normal
2026-04-27 23:07:49.256386,NewYork-88fc,2,60,Normal
2026-04-27 23:07:50.256386,NewYork-88fc,-11,23,Normal
2026-04-27 23:07:51.256386,NewYork-88fc,22,41,Normal
2026-04-27 23:07:52.256386,NewYork-88fc,39,100,Normal
2026-04-27 23:07:53.256386,NewYork-88fc,3,22,Normal
2026-04-27 23:07:54.256386,NewYork-88fc,6,84,Normal
2026-04-27 23:07:55.256386,NewYork-88fc,38,16,Normal
2026-04-27 23:07:56.256386,NewYork-88fc,42,78,Normal
2026-04-27 23:07:57.256386,NewYork-88fc,36,68,Normal
2026-04-27 23:07:58.256386,NewYork-88fc,48,56,Normal
2026-04-27 23:07:59.256386,NewYork-88fc,31,27,Normal
2026-04-27 23:08:00.256386,NewYork-88fc,48,6,Normal
2026-04-27 23:08:01.256386,NewYork-88fc,27,51,Normal
2026-04-27 23:08:02.256386,NewYork-88fc,44,52,Normal
2026-04-27 23:08:03.256386,NewYork-88fc,45,73,Normal
2026-04-27 23:08:04.256386,NewYork-88fc,19,62,Normal
2026-04-27 23:08:05.256386,NewYork-88fc,-2,63,Normal
2026-04-27 23:08:06.256386,NewYork-88fc,22,40,Normal
2026-04-27 23:08:07.256386,NewYork-88fc,-24,38,Normal
2026-04-27 23:08:08.256386,NewYork-88fc,20,42,Normal
2026-04-27 23:08:09.256386,NewYork-88fc,36,58,Normal
2026-04-27 23:08:10.256386,NewYork-88fc,-10,94,Normal
2026-04-27 23:08:11.256386,NewYork-88fc,-17,33,Normal
2026-04-27 23:08:12.256386,NewYork-88fc,35,97,Normal
2026-04-27 23:08:13.256386,NewYork-88fc,40,64,Normal
2026-04-27 23:08:14.256386,NewYork-88fc,-21,63,Normal
2026-04-27 23:08:15.256386,NewYork-88fc,-25,86,Normal
2026-04-27 23:08:16.256386,NewYork-88fc,47,52,Normal
2026-04-27 23:08:17.256386,NewYork-88fc,-9,36,Normal
2026-04-27 23:08:18.256386,NewYork-88fc,16,94,Normal
2026-04-27 23:08:19.256386,NewYork-88fc,46,77,Normal
2026-04-27 23:08:20.256386,NewYork-88fc,3,68,Normal
2026-04-27 23:08:21.256386,NewYork-88fc,-2,77,Normal
2026-04-27 23:08:22.256386,NewYork-88fc,-30,40,Normal
2026-04-27 23:08:23.256386,NewYork-88fc,48,15,Normal
2026-04-27 23:08:24.256386,NewYork-88fc,-30,86,Normal
2026-04-27 23:08:25.256386,NewYork-88fc,-15,69,Normal
2026-04-27 23:08:26.256386,NewYork-88fc,4,19,Normal
2026-04-27 23:08:27.256386,NewYork-88fc,36,60,Normal
2026-04-27 23:08:28.256386,NewYork-88fc,-11,5,Normal
2026-04-27 23:08:29.256386,NewYork-88fc,32,29,Normal
2026-04-27 23:08:30.256386,NewYork-88fc,26,32,Normal
2026-04-27 23:08:31.256386,NewYork-88fc,38,89,Normal
2026-04-27 23:08:32.256386,NewYork-88fc,-22,92,Normal
2026-04-27 23:08:33.256386,NewYork-88fc,-27,9,Normal
2026-04-27 23:08:34.256386,NewYork-88fc,32,64,Normal
2026-04-27 23:08:35.256386,NewYork-88fc,-16,75,Normal
2026-04-27 23:08:36.256386,NewYork-88fc,49,81,Normal
2026-04-27 23:08:37.256386,NewYork-88fc,16,1,Normal
2026-04-27 23:08:38.256386,NewYork-88fc,-16,44,Normal
2026-04-27 23:08:39.256386,NewYork-88fc,-18,55,Normal
2026-04-27 23:08:40.256386,NewYork-88fc,22,75,Normal
2026-04-27 23:08:41.256386,NewYork-88fc,33,28,Normal
2026-04-27 23:08:42.256386,NewYork-88fc,29,10,Normal
2026-04-27 23:08:43.256386,NewYork-88fc,50,15,Normal
2026-04-27 23:08:44.256386,NewYork-88fc,-27,88,Normal
2026-04-27 23:08:45.256386,NewYork-88fc,30,20,Normal
2026-04-27 23:08:46.256386,NewYork-88fc,9,31,Normal
2026-04-27 23:08:47.256386,NewYork-88fc,47,23,Normal
2026-04-27 23:08:48.256386,NewYork-88fc,-22,70,Normal
2026-04-27 23:08:49.256386,NewYork-88fc,-18,35,Normal
2026-04-27 23:08:50.256386,NewYork-88fc,13,95,Normal
2026-04-27 23:08:51.256386,NewYork-88fc,-7,30,Normal
2026-04-27 23:08:52.256386,NewYork-88fc,34,69,Normal
2026-04-27 23:08:53.256386,NewYork-88fc,2,9,Normal
2026-04-27 23:08:54.256386,NewYork-88fc,29,37,Normal
2026-04-27 23:08:55.256386,NewYork-88fc,1,1,Normal
2026-04-27 23:08:56.256386,NewYork-88fc,-4,18,Normal
2026-04-27 23:08:57.256386,NewYork-88fc,38,61,Normal
2026-04-27 23:08:58.256386,NewYork-88fc,48,97,Normal
2026-04-27 23:08:59.256386,NewYork-88fc,-10,6,Normal
2026-04-27 23:09:00.256386,NewYork-88fc,-2,57,Normal
2026-04-27 23:09:01.256386,NewYork-88fc,37,67,Normal
2026-04-27 23:09:02.256386,NewYork-88fc,8,39,Normal
2026-04-27 23:09:03.256386,NewYork-88fc,-7,51,Normal
2026-04-27 23:09:04.256386,NewYork-88fc,1,89,Normal
2026-04-27 23:09:05.256386,NewYork-88fc,18,90,Normal
2026-04-27 23:09:06.256386,NewYork-88fc,20,83,Normal
2026-04-27 23:09:07.256386,NewYork-88fc,9,92,Normal
2026-04-27 23:09:08.256386,NewYork-88fc,-7,94,Normal
2026-04-27 23:09:09.256386,NewYork-88fc,29,62,Normal
2026-04-27 23:09:10.256386,NewYork-88fc,-22,63,Normal
2026-04-27 23:09:11.256386,NewYork-88fc,14,65,Normal
2026-04-27 23:09:12.256386,NewYork-88fc,22,68,Normal
2026-04-27 23:09:13.256386,NewYork-88fc,37,68,Normal
2026-04-27 23:09:14.256386,NewYork-88fc,41,83,Normal
2026-04-27 23:09:15.256386,NewYork-88fc,5,27,Normal
2026-04-27 23:09:16.256386,NewYork-88fc,-28,54,Normal
2026-04-27 23:09:17.256386,NewYork-88fc,43,30,Normal
2026-04-27 23:09:18.256386,NewYork-88fc,46,34,Normal
2026-04-27 23:09:19.256386,NewYork-88fc,-3,85,Normal
2026-04-27 23:09:20.256386,NewYork-88fc,39,48,Normal
2026-04-27 23:09:21.256386,NewYork-88fc,-22,75,Normal
2026-04-27 23:09:22.256386,NewYork-88fc,7,20,Normal
2026-04-27 23:09:23.256386,NewYork-88fc,-12,11,Normal
2026-04-27 23:09:24.256386,NewYork-88fc,30,23,Normal
2026-04-27 23:09:25.256386,NewYork-88fc,48,88,Normal
2026-04-27 23:09:26.256386,NewYork-88fc,22,22,Normal
2026-04-27 23:09:27.256386,NewYork-88fc,-24,74,Normal
2026-04-27 23:09:28.256386,NewYork-88fc,-9,89,Normal
2026-04-27 23:09:29.256386,NewYork-88fc,-20,30,Normal
2026-04-27 23:09:30.256386,NewYork-88fc,36,90,Normal
2026-04-27 23:09:31.256386,NewYork-88fc,23,26,Normal
2026-04-27 23:09:32.256386,NewYork-88fc,-7,55,Normal
2026-04-27 23:09:33.256386,NewYork-88fc,35,98,Normal
2026-04-27 23:09:34.256386,NewYork-88fc,9,62,Normal
2026-04-27 23:09:35.256386,NewYork-88fc,3,70,Normal
2026-04-27 23:09:36.256386,NewYork-88fc,12,51,Normal
2026-04-27 23:09:37.256386,NewYork-88fc,-13,38,Normal
2026-04-27 23:09:38.256386,NewYork-88fc,35,64,Normal
2026-04-27 23:09:39.256386,NewYork-88fc,-12,14,Normal
2026-04-27 23:09:40.256386,NewYork-88fc,-28,1,Normal
2026-04-27 23:09:41.256386,NewYork-88fc,-5,68,Normal
2026-04-27 23:09:42.256386,NewYork-88fc,29,93,Normal
2026-04-27 23:09:43.256386,NewYork-88fc,1,17,Normal
2026-04-27 23:09:44.256386,NewYork-88fc,-5,27,Normal
2026-04-27 23:09:45.256386,NewYork-88fc,13,8,Normal
2026-04-27 23:09:46.256386,NewYork-88fc,20,63,Normal
2026-04-27 23:09:47.256386,NewYork-88fc,-16,11,Normal
2026-04-27 23:09:48.256386,NewYork-88fc,-27,24,Normal
2026-04-27 23:09:49.256386,NewYork-88fc,13,98,Normal
2026-04-27 23:09:50.256386,NewYork-88fc,8,36,Normal
2026-04-27 23:09:51.256386,NewYork-88fc,-20,27,Normal
2026-04-27 23:09:52.256386,NewYork-88fc,36,81,Normal
2026-04-27 23:09:53.256386,NewYork-88fc,28,96,Normal
2026-04-27 23:09:54.256386,NewYork-88fc,-27,23,Normal
2026-04-27 23:09:55.256386,NewYork-88fc,50,29,Normal
2026-04-27 23:09:56.256386,NewYork-88fc,-26,76,Normal
2026-04-27 23:09:57.256386,NewYork-88fc,-15,57,Normal
2026-04-27 23:09:58.256386,NewYork-88fc,17,0,Normal
2026-04-27 23:09:59.256386,NewYork-88fc,2,82,Normal
2026-04-27 23:10:00.256386,NewYork-88fc,7,16,Normal
2026-04-27 23:10:01.256386,NewYork-88fc,46,65,Normal
2026-04-27 23:10:02.256386,NewYork-88fc,10,23,Normal
2026-04-27 23:10:03.256386,NewYork-88fc,-6,62,Normal
2026-04-27 23:10:04.256386,NewYork-88fc,37,97,Normal
2026-04-27 23:10:05.256386,NewYork-88fc,7,36,Normal
2026-04-27 23:10:06.256386,NewYork-88fc,14,24,Normal
2026-04-27 23:10:07.256386,NewYork-88fc,-8,21,Normal
2026-04-27 23:10:08.256386,NewYork-88fc,7,49,Normal
2026-04-27 23:10:09.256386,NewYork-88fc,50,64,Normal
2026-04-27 23:10:10.256386,NewYork-88fc,37,100,Normal
2026-04-27 23:10:11.256386,NewYork-88fc,49,51,Normal
2026-04-27 23:10:12.256386,NewYork-88fc,-26,62,Normal
2026-04-27 23:10:13.256386,NewYork-88fc,19,66,Normal
2026-04-27 23:10:14.256386,NewYork-88fc,-19,88,Normal
2026-04-27 23:10:15.256386,NewYork-88fc,42,29,Normal
2026-04-27 23:10:16.256386,NewYork-88fc,40,68,Normal
2026-04-27 23:10:17.256386,NewYork-88fc,33,34,Normal
2026-04-27 23:10:18.256386,NewYork-88fc,-26,80,Normal
2026-04-27 23:10:19.256386,NewYork-88fc,17,90,Normal
2026-04-27 23:10:20.256386,NewYork-88fc,29,15,Normal
2026-04-27 23:10:21.256386,NewYork-88fc,4,77,Normal
2026-04-27 23:10:22.256386,NewYork-88fc,-2,78,Normal
2026-04-27 23:10:23.256386,NewYork-88fc,-21,22,Normal
2026-04-27 23:10:24.256386,NewYork-88fc,-26,13,Normal
2026-04-27 23:10:25.256386,NewYork-88fc,24,57,Normal
2026-04-27 23:10:26.256386,NewYork-88fc,6,6,Normal
2026-04-27 23:10:27.256386,NewYork-88fc,2,54,Normal
2026-04-27 23:10:28.256386,NewYork-88fc,-20,28,Normal
2026-04-27 23:10:29.256386,NewYork-88fc,20,40,Normal
2026-04-27 23:10:30.256386,NewYork-88fc,21,17,Normal
2026-04-27 23:10:31.256386,NewYork-88fc,-18,73,Normal
2026-04-27 23:10:32.256386,NewYork-88fc,46,90,Normal
2026-04-27 23:10:33.256386,NewYork-88fc,-18,8,Normal
2026-04-27 23:10:34.256386,NewYork-88fc,-1,94,Normal
2026-04-27 23:10:35.256386,NewYork-88fc,-27,85,Normal
2026-04-27 23:10:36.256386,NewYork-88fc,-11,29,Normal
2026-04-27 23:10:37.256386,NewYork-88fc,44,3,Normal
2026-04-27 23:10:38.256386,NewYork-88fc,28,80,Normal
2026-04-27 23:10:39.256386,NewYork-88fc,15,100,Normal
2026-04-27 23:10:40.256386,NewYork-88fc,19,46,Normal
2026-04-27 23:10:41.256386,NewYork-88fc,-1,38,Normal
2026-04-27 23:10:42.256386,NewYork-88fc,25,92,Normal
2026-04-27 23:10:43.256386,NewYork-88fc,42,64,Normal
2026-04-27 23:10:44.256386,NewYork-88fc,2,97,Normal
2026-04-27 23:10:45.256386,NewYork-88fc,35,74,Normal
2026-04-27 23:10:46.256386,NewYork-88fc,-27,7,Normal
2026-04-27 23:10:47.256386,NewYork-88fc,7,63,Normal
2026-04-27 23:10:48.256386,NewYork-88fc,-19,48,Normal
2026-04-27 23:10:49.256386,NewYork-88fc,47,59,Normal
2026-04-27 23:10:50.256386,NewYork-88fc,26,38,Normal
2026-04-27 23:10:51.256386,NewYork-88fc,-25,95,Normal
2026-04-27 23:10:52.256386,NewYork-88fc,26,80,Normal
2026-04-27 23:10:53.256386,NewYork-88fc,40,26,Normal
2026-04-27 23:10:54.256386,NewYork-88fc,22,4,Normal
2026-04-27 23:10:55.256386,NewYork-88fc,12,40,Normal
2026-04-27 23:10:56.256386,NewYork-88fc,-14,75,Normal
2026-04-27 23:10:57.256386,NewYork-88fc,-1,22,Normal
2026-04-27 23:10:58.256386,NewYork-88fc,4,9,Normal
2026-04-27 23:10:59.256386,NewYork-88fc,35,46,Normal
2026-04-27 23:11:00.256386,NewYork-88fc,7,1,Normal
2026-04-27 23:11:01.256386,NewYork-88fc,42,67,Normal
2026-04-27 23:11:02.256386,NewYork-88fc,-7,92,Normal
2026-04-27 23:11:03.256386,NewYork-88fc,13,4,Normal
2026-04-27 23:11:04.256386,NewYork-88fc,31,97,Normal
2026-04-27 23:11:05.256386,NewYork-88fc,-27,27,Normal
2026-04-27 23:11:06.256386,NewYork-88fc,-3,100,Normal
2026-04-27 23:11:07.256386,NewYork-88fc,32,72,Normal
2026-04-27 23:11:08.256386,NewYork-88fc,-22,60,Normal
2026-04-27 23:11:09.256386,NewYork-88fc,-15,64,Normal
2026-04-27 23:11:10.256386,NewYork-88fc,17,54,Normal
2026-04-27 23:11:11.256386,NewYork-88fc,37,66,Normal
2026-04-27 23:11:12.256386,NewYork-88fc,-8,9,Normal
2026-04-27 23:11:13.256386,NewYork-88fc,-28,67,Normal
2026-04-27 23:11:14.256386,NewYork-88fc,39,80,Normal
2026-04-27 23:11:15.256386,NewYork-88fc,40,86,Normal
2026-04-27 23:11:16.256386,NewYork-88fc,40,43,Normal
2026-04-27 23:11:17.256386,NewYork-88fc,43,85,Normal
2026-04-27 23:11:18.256386,NewYork-88fc,-5,9,Normal
2026-04-27 23:11:19.256386,NewYork-88fc,44,8,Normal
2026-04-27 23:11:20.256386,NewYork-88fc,-7,24,Normal
2026-04-27 23:11:21.256386,NewYork-88fc,12,2,Normal
2026-04-27 23:11:22.256386,NewYork-88fc,27,13,Normal
2026-04-27 23:11:23.256386,NewYork-88fc,10,39,Normal
2026-04-27 23:11:24.256386,NewYork-88fc,33,39,Normal
2026-04-27 23:11:25.256386,NewYork-88fc,40,65,Normal
2026-04-27 23:11:26.256386,NewYork-88fc,28,85,Normal
2026-04-27 23:11:27.256386,NewYork-88fc,-16,83,Normal
2026-04-27 23:11:28.256386,NewYork-88fc,19,36,Normal
2026-04-27 23:11:29.256386,NewYork-88fc,1,72,Normal
2026-04-27 23:11:30.256386,NewYork-88fc,-1,21,Normal
2026-04-27 23:11:31.256386,NewYork-88fc,46,74,Normal
2026-04-27 23:11:32.256386,NewYork-88fc,46,80,Normal
2026-04-27 23:11:33.256386,NewYork-88fc,-20,70,Normal
2026-04-27 23:11:34.256386,NewYork-88fc,49,46,Normal
2026-04-27 23:11:35.256386,NewYork-88fc,46,16,Normal
2026-04-27 23:11:36.256386,NewYork-88fc,34,98,Normal
2026-04-27 23:11:37.256386,NewYork-88fc,-6,49,Normal
2026-04-27 23:11:38.256386,NewYork-88fc,48,75,Normal
2026-04-27 23:11:39.256386,NewYork-88fc,-4,2,Normal
2026-04-27 23:11:40.256386,NewYork-88fc,27,5,Normal
2026-04-27 23:11:41.256386,NewYork-88fc,16,19,Normal
2026-04-27 23:11:42.256386,NewYork-88fc,1,16,Normal
2026-04-27 23:11:43.256386,NewYork-88fc,-13,11,Normal
2026-04-27 23:11:44.256386,NewYork-88fc,-4,77,Normal
2026-04-27 23:11:45.256386,NewYork-88fc,-12,13,Normal
2026-04-27 23:11:46.256386,NewYork-88fc,1,98,Normal
2026-04-27 23:11:47.256386,NewYork-88fc,-5,1,Normal
2026-04-27 23:11:48.256386,NewYork-88fc,-5,31,Normal
2026-04-27 23:11:49.256386,NewYork-88fc,5,24,Normal
2026-04-27 23:11:50.256386,NewYork-88fc,-29,18,Normal
2026-04-27 23:11:51.256386,NewYork-88fc,38,8,Normal
2026-04-27 23:11:52.256386,NewYork-88fc,-1,99,Normal
2026-04-27 23:11:53.256386,NewYork-88fc,-3,97,Normal
2026-04-27 23:11:54.256386,NewYork-88fc,16,78,Normal
2026-04-27 23:11:55.256386,NewYork-88fc,23,52,Normal
2026-04-27 23:11:56.256386,NewYork-88fc,8,24,Normal
2026-04-27 23:11:57.256386,NewYork-88fc,0,21,Normal
2026-04-27 23:11:58.256386,NewYork-88fc,-28,41,Normal
2026-04-27 23:11:59.256386,NewYork-88fc,50,75,Normal
2026-04-27 23:12:00.256386,NewYork-88fc,6,78,Normal
2026-04-27 23:12:01.256386,NewYork-88fc,-1,16,Normal
2026-04-27 23:12:02.256386,NewYork-88fc,-9,33,Normal
2026-04-27 23:12:03.256386,NewYork-88fc,12,55,Normal
2026-04-27 23:12:04.256386,NewYork-88fc,-23,41,Normal
2026-04-27 23:12:05.256386,NewYork-88fc,4,39,Normal
2026-04-27 23:12:06.256386,NewYork-88fc,-21,43,Normal
2026-04-27 23:12:07.256386,NewYork-88fc,-20,79,Normal
2026-04-27 23:12:08.256386,NewYork-88fc,-30,26,Normal
2026-04-27 23:12:09.256386,NewYork-88fc,22,90,Normal
2026-04-27 23:12:10.256386,NewYork-88fc,16,13,Normal
2026-04-27 23:12:11.256386,NewYork-88fc,-4,24,Normal
2026-04-27 23:12:12.256386,NewYork-88fc,36,33,Normal
2026-04-27 23:12:13.256386,NewYork-88fc,44,48,Normal
2026-04-27 23:12:14.256386,NewYork-88fc,47,78,Normal
2026-04-27 23:12:15.256386,NewYork-88fc,41,91,Normal
2026-04-27 23:12:16.256386,NewYork-88fc,-28,69,Normal
2026-04-27 23:12:17.256386,NewYork-88fc,3,24,Normal
2026-04-27 23:12:18.256386,NewYork-88fc,16,86,Normal
2026-04-27 23:12:19.256386,NewYork-88fc,39,42,Normal
2026-04-27 23:12:20.256386,NewYork-88fc,17,20,Normal
2026-04-27 23:12:21.256386,NewYork-88fc,-4,33,Normal
2026-04-27 23:12:22.256386,NewYork-88fc,2,100,Normal
2026-04-27 23:12:23.256386,NewYork-88fc,36,40,Normal
2026-04-27 23:12:24.256386,NewYork-88fc,22,50,Normal
2026-04-27 23:12:25.256386,NewYork-88fc,-3,54,Normal
2026-04-27 23:12:26.256386,NewYork-88fc,-5,60,Normal
2026-04-27 23:12:27.256386,NewYork-88fc,3,86,Normal
2026-04-27 23:12:28.256386,NewYork-88fc,31,96,Normal
2026-04-27 23:12:29.256386,NewYork-88fc,44,70,Normal
2026-04-27 23:12:30.256386,NewYork-88fc,1,77,Normal
2026-04-27 23:12:31.256386,NewYork-88fc,41,43,Normal
2026-04-27 23:12:32.256386,NewYork-88fc,-6,49,Normal
2026-04-27 23:12:33.256386,NewYork-88fc,17,26,Normal
2026-04-27 23:12:34.256386,NewYork-88fc,-23,52,Normal
2026-04-27 23:12:35.256386,NewYork-88fc,42,23,Normal
2026-04-27 23:12:36.256386,NewYork-88fc,43,10,Normal
2026-04-27 23:12:37.256386,NewYork-88fc,-27,81,Normal
2026-04-27 23:12:38.256386,NewYork-88fc,-29,21,Normal
2026-04-27 23:12:39.256386,NewYork-88fc,-11,57,Normal
2026-04-27 23:12:40.256386,NewYork-88fc,-17,62,Normal
2026-04-27 23:12:41.256386,NewYork-88fc,5,93,Normal
2026-04-27 23:12:42.256386,NewYork-88fc,7,16,Normal
2026-04-27 23:12:43.256386,NewYork-88fc,-9,96,Normal
2026-04-27 23:12:44.256386,NewYork-88fc,-20,95,Normal
2026-04-27 23:12:45.256386,NewYork-88fc,3,52,Normal
2026-04-27 23:12:46.256386,NewYork-88fc,45,26,Normal
2026-04-27 23:12:47.256386,NewYork-88fc,26,21,Normal
2026-04-27 23:12:48.256386,NewYork-88fc,-27,82,Normal
2026-04-27 23:12:49.256386,NewYork-88fc,0,63,Normal
2026-04-27 23:12:50.256386,NewYork-88fc,35,80,Normal
2026-04-27 23:12:51.256386,NewYork-88fc,4,97,Normal
2026-04-27 23:12:52.256386,NewYork-88fc,5,96,Normal
2026-04-27 23:12:53.256386,NewYork-88fc,-27,19,Normal
2026-04-27 23:12:54.256386,NewYork-88fc,22,3,Normal
2026-04-27 23:12:55.256386,NewYork-88fc,11,54,Normal
2026-04-27 23:12:56.256386,NewYork-88fc,43,8,Normal
2026-04-27 23:12:57.256386,NewYork-88fc,20,79,Normal
2026-04-27 23:12:58.256386,NewYork-88fc,42,34,Normal
2026-04-27 23:12:59.256386,NewYork-88fc,-21,45,Normal
2026-04-27 23:13:00.256386,NewYork-88fc,13,77,Normal
2026-04-27 23:13:01.256386,NewYork-88fc,-2,44,Normal
2026-04-27 23:13:02.256386,NewYork-88fc,23,60,Normal
2026-04-27 23:13:03.256386,NewYork-88fc,-1,10,Normal
2026-04-27 23:13:04.256386,NewYork-88fc,35,42,Normal
2026-04-27 23:13:05.256386,NewYork-88fc,34,87,Normal
2026-04-27 23:13:06.256386,NewYork-88fc,9,94,Normal
2026-04-27 23:13:07.256386,NewYork-88fc,3,71,Normal
2026-04-27 23:13:08.256386,NewYork-88fc,28,13,Normal
2026-04-27 23:13:09.256386,NewYork-88fc,-16,7,Normal
2026-04-27 23:13:10.256386,NewYork-88fc,48,35,Normal
2026-04-27 23:13:11.256386,NewYork-88fc,15,52,Normal
2026-04-27 23:13:12.256386,NewYork-88fc,16,51,Normal
2026-04-27 23:13:13.256386,NewYork-88fc,35,58,Normal
2026-04-27 23:13:14.256386,NewYork-88fc,-26,49,Normal
2026-04-27 23:13:15.256386,NewYork-88fc,-19,71,Normal
2026-04-27 23:13:16.256386,NewYork-88fc,-18,84,Normal
2026-04-27 23:13:17.256386,NewYork-88fc,16,81,Normal
2026-04-27 23:13:18.256386,NewYork-88fc,27,83,Normal
2026-04-27 23:13:19.256386,NewYork-88fc,-18,100,Normal
2026-04-27 23:13:20.256386,NewYork-88fc,23,14,Normal
2026-04-27 23:13:21.256386,NewYork-88fc,-20,95,Normal
2026-04-27 23:13:22.256386,NewYork-88fc,-17,4,Normal
2026-04-27 23:13:23.256386,NewYork-88fc,-29,99,Normal
2026-04-27 23:13:24.256386,NewYork-88fc,47,98,Normal
2026-04-27 23:13:25.256386,NewYork-88fc,-17,64,Normal
2026-04-27 23:13:26.256386,NewYork-88fc,46,82,Normal
2026-04-27 23:13:27.256386,NewYork-88fc,49,50,Normal
2026-04-27 23:13:28.256386,NewYork-88fc,-7,7,Normal
2026-04-27 23:13:29.256386,NewYork-88fc,18,24,Normal
2026-04-27 23:13:30.256386,NewYork-88fc,23,80,Normal
2026-04-27 23:13:31.256386,NewYork-88fc,34,60,Normal
2026-04-27 23:13:32.256386,NewYork-88fc,46,57,Normal
2026-04-27 23:13:33.256386,NewYork-88fc,17,58,Normal
2026-04-27 23:13:34.256386,NewYork-88fc,44,61,Normal
2026-04-27 23:13:35.256386,NewYork-88fc,25,89,Normal
2026-04-27 23:13:36.256386,NewYork-88fc,19,91,Normal
2026-04-27 23:13:37.256386,NewYork-88fc,14,85,Normal
2026-04-27 23:13:38.256386,NewYork-88fc,-27,35,Normal
2026-04-27 23:13:39.256386,NewYork-88fc,-18,39,Normal
2026-04-27 23:13:40.256386,NewYork-88fc,-2,93,Normal
2026-04-27 23:13:41.256386,NewYork-88fc,48,8,Normal
2026-04-27 23:13:42.256386,NewYork-88fc,-3,79,Normal
2026-04-27 23:13:43.256386,NewYork-88fc,8,73,Normal
2026-04-27 23:13:44.256386,NewYork-88fc,32,90,Normal
2026-04-27 23:13:45.256386,NewYork-88fc,-7,25,Normal
2026-04-27 23:13:46.256386,NewYork-88fc,46,94,Normal
2026-04-27 23:13:47.256386,NewYork-88fc,-6,84,Normal
2026-04-27 23:13:48.256386,NewYork-88fc,-8,7,Normal
2026-04-27 23:13:49.256386,NewYork-88fc,49,15,Normal
2026-04-27 23:13:50.256386,NewYork-88fc,3,88,Normal
2026-04-27 23:13:51.256386,NewYork-88fc,38,21,Normal
2026-04-27 23:13:52.256386,NewYork-88fc,2,4,Normal
2026-04-27 23:13:53.256386,NewYork-88fc,25,2,Normal
2026-04-27 23:13:54.256386,NewYork-88fc,19,96,Normal
2026-04-27 23:13:55.256386,NewYork-88fc,33,20,Normal
2026-04-27 23:13:56.256386,NewYork-88fc,12,7,Normal
2026-04-27 23:13:57.256386,NewYork-88fc,13,28,Normal
2026-04-27 23:13:58.256386,NewYork-88fc,23,21,Normal
2026-04-27 23:13:59.256386,NewYork-88fc,21,11,Normal
2026-04-27 23:14:00.256386,NewYork-88fc,-10,1,Normal
2026-04-27 23:14:01.256386,NewYork-88fc,31,38,Normal
2026-04-27 23:14:02.256386,NewYork-88fc,-15,21,Normal
2026-04-27 23:14:03.256386,NewYork-88fc,18,6,Normal
2026-04-27 23:14:04.256386,NewYork-88fc,-12,4,Normal
2026-04-27 23:14:05.256386,NewYork-88fc,50,14,Normal
2026-04-27 23:14:06.256386,NewYork-88fc,-1,42,Normal
2026-04-27 23:14:07.256386,NewYork-88fc,-9,60,Normal
2026-04-27 23:14:08.256386,NewYork-88fc,45,28,Normal
2026-04-27 23:14:09.256386,NewYork-88fc,44,63,Normal
2026-04-27 23:14:10.256386,NewYork-88fc,38,76,Normal
2026-04-27 23:14:11.256386,NewYork-88fc,-9,91,Normal
2026-04-27 23:14:12.256386,NewYork-88fc,33,11,Normal
2026-04-27 23:14:13.256386,NewYork-88fc,4,13,Normal
2026-04-27 23:14:14.256386,NewYork-88fc,40,49,Normal
2026-04-27 23:14:15.256386,NewYork-88fc,-1,35,Normal
2026-04-27 23:14:16.256386,NewYork-88fc,-13,57,Normal
2026-04-27 23:14:17.256386,NewYork-88fc,-24,39,Normal
2026-04-27 23:14:18.256386,NewYork-88fc,-4,32,Normal
2026-04-27 23:14:19.256386,NewYork-88fc,-30,87,Normal
2026-04-27 23:14:20.256386,NewYork-88fc,12,25,Normal
2026-04-27 23:14:21.256386,NewYork-88fc,-26,81,Normal
2026-04-27 23:14:22.256386,NewYork-88fc,32,27,Normal
2026-04-27 23:14:23.256386,NewYork-88fc,20,61,Normal
2026-04-27 23:14:24.256386,NewYork-88fc,29,57,Normal
2026-04-27 23:14:25.256386,NewYork-88fc,-20,5,Normal
2026-04-27 23:14:26.256386,NewYork-88fc,37,93,Normal
2026-04-27 23:14:27.256386,NewYork-88fc,-28,16,Normal
2026-04-27 23:14:28.256386,NewYork-88fc,48,13,Normal
2026-04-27 23:14:29.256386,NewYork-88fc,2,85,Normal
2026-04-27 23:14:30.256386,NewYork-88fc,-24,21,Normal
2026-04-27 23:14:31.256386,NewYork-88fc,-5,78,Normal
