timestamp,station_id,temp,humid,condition
2026-02-09 15:04:10.336880,NewYork-3086,48,46,Normal
2026-02-09 15:04:11.336880,NewYork-3086,-7,100,Normal
2026-02-09 15:04:12.336880,NewYork-3086,10,67,Normal
2026-02-09 15:04:13.336880,NewYork-3086,45,6,Normal
2026-02-09 15:04:14.336880,NewYork-3086,-27,84,Normal
2026-02-09 15:04:15.336880,NewYork-3086,31,53,Normal
2026-02-09 15:04:16.336880,NewYork-3086,23,73,Normal
2026-02-09 15:04:17.336880,NewYork-3086,5,54,Normal
2026-02-09 15:04:18.336880,NewYork-3086,35,12,Normal
2026-02-09 15:04:19.336880,NewYork-3086,31,22,Normal
2026-02-09 15:04:20.336880,NewYork-3086,37,49,Normal
2026-02-09 15:04:21.336880,NewYork-3086,-3,84,Normal
2026-02-09 15:04:22.336880,NewYork-3086,2,85,Normal
2026-02-09 15:04:23.336880,NewYork-3086,46,31,Normal
2026-02-09 15:04:24.336880,NewYork-3086,49,8,Normal
2026-02-09 15:04:25.336880,NewYork-3086,-19,80,Normal
2026-02-09 15:04:26.336880,NewYork-3086,-15,7,Normal
2026-02-09 15:04:27.336880,NewYork-3086,10,92,Normal
2026-02-09 15:04:28.336880,NewYork-3086,-6,90,Normal
2026-02-09 15:04:29.336880,NewYork-3086,14,79,Normal
2026-02-09 15:04:30.336880,NewYork-3086,13,82,Normal
2026-02-09 15:04:31.336880,NewYork-3086,36,37,Normal
2026-02-09 15:04:32.336880,NewYork-3086,24,46,Normal
2026-02-09 15:04:33.336880,NewYork-3086,25,32,Normal
2026-02-09 15:04:34.336880,NewYork-3086,32,41,Normal
2026-02-09 15:04:35.336880,NewYork-3086,-15,4,Normal
2026-02-09 15:04:36.336880,NewYork-3086,-14,81,Normal
2026-02-09 15:04:37.336880,NewYork-3086,-29,97,Normal
2026-02-09 15:04:38.336880,NewYork-3086,49,63,Normal
2026-02-09 15:04:39.336880,NewYork-3086,-13,68,Normal
2026-02-09 15:04:40.336880,NewYork-3086,16,7,Normal
2026-02-09 15:04:41.336880,NewYork-3086,35,55,Normal
2026-02-09 15:04:42.336880,NewYork-3086,49,25,Normal
2026-02-09 15:04:43.336880,NewYork-3086,46,92,Normal
2026-02-09 15:04:44.336880,NewYork-3086,21,78,Normal
2026-02-09 15:04:45.336880,NewYork-3086,-20,38,Normal
2026-02-09 15:04:46.336880,NewYork-3086,45,58,Normal
2026-02-09 15:04:47.336880,NewYork-3086,-3,66,Normal
2026-02-09 15:04:48.336880,NewYork-3086,-24,98,Normal
2026-02-09 15:04:49.336880,NewYork-3086,40,86,Normal
2026-02-09 15:04:50.336880,NewYork-3086,10,70,Normal
2026-02-09 15:04:51.336880,NewYork-3086,-11,82,Normal
2026-02-09 15:04:52.336880,NewYork-3086,11,47,Normal
2026-02-09 15:04:53.336880,NewYork-3086,-28,36,Normal
2026-02-09 15:04:54.336880,NewYork-3086,-22,56,Normal
2026-02-09 15:04:55.336880,NewYork-3086,-4,33,Normal
2026-02-09 15:04:56.336880,NewYork-3086,27,14,Normal
2026-02-09 15:04:57.336880,NewYork-3086,13,12,Normal
2026-02-09 15:04:58.336880,NewYork-3086,35,4,Normal
2026-02-09 15:04:59.336880,NewYork-3086,-2,52,Normal
2026-02-09 15:05:00.336880,NewYork-3086,-17,84,Normal
2026-02-09 15:05:01.336880,NewYork-3086,36,96,Normal
2026-02-09 15:05:02.336880,NewYork-3086,26,89,Normal
2026-02-09 15:05:03.336880,NewYork-3086,5,32,Normal
2026-02-09 15:05:04.336880,NewYork-3086,50,72,Normal
2026-02-09 15:05:05.336880,NewYork-3086,35,15,Normal
2026-02-09 15:05:06.336880,NewYork-3086,47,35,Normal
2026-02-09 15:05:07.336880,NewYork-3086,48,19,Normal
2026-02-09 15:05:08.336880,NewYork-3086,16,88,Normal
2026-02-09 15:05:09.336880,NewYork-3086,-29,56,Normal
2026-02-09 15:05:10.336880,NewYork-3086,19,45,Normal
2026-02-09 15:05:11.336880,NewYork-3086,27,11,Normal
2026-02-09 15:05:12.336880,NewYork-3086,-30,78,Normal
2026-02-09 15:05:13.336880,NewYork-3086,-19,89,Normal
2026-02-09 15:05:14.336880,NewYork-3086,32,27,Normal
2026-02-09 15:05:15.336880,NewYork-3086,-13,40,Normal
2026-02-09 15:05:16.336880,NewYork-3086,-14,82,Normal
2026-02-09 15:05:17.336880,NewYork-3086,39,17,Normal
2026-02-09 15:05:18.336880,NewYork-3086,26,44,Normal
2026-02-09 15:05:19.336880,NewYork-3086,-29,24,Normal
2026-02-09 15:05:20.336880,NewYork-3086,-27,90,Normal
2026-02-09 15:05:21.336880,NewYork-3086,48,32,Normal
2026-02-09 15:05:22.336880,NewYork-3086,-17,52,Normal
2026-02-09 15:05:23.336880,NewYork-3086,-9,62,Normal
2026-02-09 15:05:24.336880,NewYork-3086,21,59,Normal
2026-02-09 15:05:25.336880,NewYork-3086,28,17,Normal
2026-02-09 15:05:26.336880,NewYork-3086,21,49,Normal
2026-02-09 15:05:27.336880,NewYork-3086,29,87,Normal
2026-02-09 15:05:28.336880,NewYork-3086,-17,87,Normal
2026-02-09 15:05:29.336880,NewYork-3086,-24,41,Normal
2026-02-09 15:05:30.336880,NewYork-3086,0,4,Normal
2026-02-09 15:05:31.336880,NewYork-3086,-25,83,Normal
2026-02-09 15:05:32.336880,NewYork-3086,-25,25,Normal
2026-02-09 15:05:33.336880,NewYork-3086,19,58,Normal
2026-02-09 15:05:34.336880,NewYork-3086,27,80,Normal
2026-02-09 15:05:35.336880,NewYork-3086,-20,9,Normal
2026-02-09 15:05:36.336880,NewYork-3086,11,60,Normal
2026-02-09 15:05:37.336880,NewYork-3086,24,92,Normal
2026-02-09 15:05:38.336880,NewYork-3086,48,89,Normal
2026-02-09 15:05:39.336880,NewYork-3086,-9,80,Normal
2026-02-09 15:05:40.336880,NewYork-3086,1,89,Normal
2026-02-09 15:05:41.336880,NewYork-3086,30,84,Normal
2026-02-09 15:05:42.336880,NewYork-3086,12,44,Normal
2026-02-09 15:05:43.336880,NewYork-3086,21,98,Normal
2026-02-09 15:05:44.336880,NewYork-3086,8,51,Normal
2026-02-09 15:05:45.336880,NewYork-3086,24,55,Normal
2026-02-09 15:05:46.336880,NewYork-3086,-5,96,Normal
2026-02-09 15:05:47.336880,NewYork-3086,38,4,Normal
2026-02-09 15:05:48.336880,NewYork-3086,3,69,Normal
2026-02-09 15:05:49.336880,NewYork-3086,13,40,Normal
2026-02-09 15:05:50.336880,NewYork-3086,-3,55,Normal
2026-02-09 15:05:51.336880,NewYork-3086,-28,43,Normal
2026-02-09 15:05:52.336880,NewYork-3086,35,15,Normal
2026-02-09 15:05:53.336880,NewYork-3086,49,94,Normal
2026-02-09 15:05:54.336880,NewYork-3086,31,16,Normal
2026-02-09 15:05:55.336880,NewYork-3086,17,97,Normal
2026-02-09 15:05:56.336880,NewYork-3086,-21,62,Normal
2026-02-09 15:05:57.336880,NewYork-3086,-22,29,Normal
2026-02-09 15:05:58.336880,NewYork-3086,36,90,Normal
2026-02-09 15:05:59.336880,NewYork-3086,-2,17,Normal
2026-02-09 15:06:00.336880,NewYork-3086,23,32,Normal
2026-02-09 15:06:01.336880,NewYork-3086,50,48,Normal
2026-02-09 15:06:02.336880,NewYork-3086,-24,39,Normal
2026-02-09 15:06:03.336880,NewYork-3086,-28,24,Normal
2026-02-09 15:06:04.336880,NewYork-3086,20,72,Normal
2026-02-09 15:06:05.336880,NewYork-3086,-12,100,Normal
2026-02-09 15:06:06.336880,NewYork-3086,-26,62,Normal
2026-02-09 15:06:07.336880,NewYork-3086,47,55,Normal
2026-02-09 15:06:08.336880,NewYork-3086,-15,66,Normal
2026-02-09 15:06:09.336880,NewYork-3086,-4,5,Normal
2026-02-09 15:06:10.336880,NewYork-3086,-3,27,Normal
2026-02-09 15:06:11.336880,NewYork-3086,4,88,Normal
2026-02-09 15:06:12.336880,NewYork-3086,13,41,Normal
2026-02-09 15:06:13.336880,NewYork-3086,49,97,Normal
2026-02-09 15:06:14.336880,NewYork-3086,46,66,Normal
2026-02-09 15:06:15.336880,NewYork-3086,-24,47,Normal
2026-02-09 15:06:16.336880,NewYork-3086,-2,66,Normal
2026-02-09 15:06:17.336880,NewYork-3086,-26,95,Normal
2026-02-09 15:06:18.336880,NewYork-3086,-10,10,Normal
2026-02-09 15:06:19.336880,NewYork-3086,-9,58,Normal
2026-02-09 15:06:20.336880,NewYork-3086,-30,6,Normal
2026-02-09 15:06:21.336880,NewYork-3086,30,79,Normal
2026-02-09 15:06:22.336880,NewYork-3086,-22,71,Normal
2026-02-09 15:06:23.336880,NewYork-3086,-19,59,Normal
2026-02-09 15:06:24.336880,NewYork-3086,-12,94,Normal
2026-02-09 15:06:25.336880,NewYork-3086,12,95,Normal
2026-02-09 15:06:26.336880,NewYork-3086,41,7,Normal
2026-02-09 15:06:27.336880,NewYork-3086,3,31,Normal
2026-02-09 15:06:28.336880,NewYork-3086,38,21,Normal
2026-02-09 15:06:29.336880,NewYork-3086,-8,94,Normal
2026-02-09 15:06:30.336880,NewYork-3086,21,23,Normal
2026-02-09 15:06:31.336880,NewYork-3086,-26,45,Normal
2026-02-09 15:06:32.336880,NewYork-3086,14,58,Normal
2026-02-09 15:06:33.336880,NewYork-3086,-24,12,Normal
2026-02-09 15:06:34.336880,NewYork-3086,10,16,Normal
2026-02-09 15:06:35.336880,NewYork-3086,-2,47,Normal
2026-02-09 15:06:36.336880,NewYork-3086,18,57,Normal
2026-02-09 15:06:37.336880,NewYork-3086,18,100,Normal
2026-02-09 15:06:38.336880,NewYork-3086,30,31,Normal
2026-02-09 15:06:39.336880,NewYork-3086,32,81,Normal
2026-02-09 15:06:40.336880,NewYork-3086,48,17,Normal
2026-02-09 15:06:41.336880,NewYork-3086,-18,55,Normal
2026-02-09 15:06:42.336880,NewYork-3086,-4,99,Normal
2026-02-09 15:06:43.336880,NewYork-3086,7,4,Normal
2026-02-09 15:06:44.336880,NewYork-3086,14,84,Normal
2026-02-09 15:06:45.336880,NewYork-3086,35,22,Normal
2026-02-09 15:06:46.336880,NewYork-3086,10,20,Normal
2026-02-09 15:06:47.336880,NewYork-3086,21,70,Normal
2026-02-09 15:06:48.336880,NewYork-3086,-9,49,Normal
2026-02-09 15:06:49.336880,NewYork-3086,17,75,Normal
2026-02-09 15:06:50.336880,NewYork-3086,-28,65,Normal
2026-02-09 15:06:51.336880,NewYork-3086,49,46,Normal
2026-02-09 15:06:52.336880,NewYork-3086,42,34,Normal
2026-02-09 15:06:53.336880,NewYork-3086,8,52,Normal
2026-02-09 15:06:54.336880,NewYork-3086,-24,54,Normal
2026-02-09 15:06:55.336880,NewYork-3086,-11,87,Normal
2026-02-09 15:06:56.336880,NewYork-3086,32,71,Normal
2026-02-09 15:06:57.336880,NewYork-3086,-25,95,Normal
2026-02-09 15:06:58.336880,NewYork-3086,0,6,Normal
2026-02-09 15:06:59.336880,NewYork-3086,19,87,Normal
2026-02-09 15:07:00.336880,NewYork-3086,-16,71,Normal
2026-02-09 15:07:01.336880,NewYork-3086,30,74,Normal
2026-02-09 15:07:02.336880,NewYork-3086,-29,5,Normal
2026-02-09 15:07:03.336880,NewYork-3086,39,75,Normal
2026-02-09 15:07:04.336880,NewYork-3086,22,4,Normal
2026-02-09 15:07:05.336880,NewYork-3086,-17,75,Normal
2026-02-09 15:07:06.336880,NewYork-3086,10,38,Normal
2026-02-09 15:07:07.336880,NewYork-3086,44,64,Normal
2026-02-09 15:07:08.336880,NewYork-3086,45,64,Normal
2026-02-09 15:07:09.336880,NewYork-3086,33,51,Normal
2026-02-09 15:07:10.336880,NewYork-3086,36,53,Normal
2026-02-09 15:07:11.336880,NewYork-3086,-18,53,Normal
2026-02-09 15:07:12.336880,NewYork-3086,29,22,Normal
2026-02-09 15:07:13.336880,NewYork-3086,32,66,Normal
2026-02-09 15:07:14.336880,NewYork-3086,-23,77,Normal
2026-02-09 15:07:15.336880,NewYork-3086,5,47,Normal
2026-02-09 15:07:16.336880,NewYork-3086,50,14,Normal
2026-02-09 15:07:17.336880,NewYork-3086,43,3,Normal
2026-02-09 15:07:18.336880,NewYork-3086,30,34,Normal
2026-02-09 15:07:19.336880,NewYork-3086,7,100,Normal
2026-02-09 15:07:20.336880,NewYork-3086,-19,45,Normal
2026-02-09 15:07:21.336880,NewYork-3086,29,14,Normal
2026-02-09 15:07:22.336880,NewYork-3086,23,83,Normal
2026-02-09 15:07:23.336880,NewYork-3086,-4,91,Normal
2026-02-09 15:07:24.336880,NewYork-3086,39,42,Normal
2026-02-09 15:07:25.336880,NewYork-3086,-11,51,Normal
2026-02-09 15:07:26.336880,NewYork-3086,48,75,Normal
2026-02-09 15:07:27.336880,NewYork-3086,22,5,Normal
2026-02-09 15:07:28.336880,NewYork-3086,33,33,Normal
2026-02-09 15:07:29.336880,NewYork-3086,26,74,Normal
2026-02-09 15:07:30.336880,NewYork-3086,-1,70,Normal
2026-02-09 15:07:31.336880,NewYork-3086,13,23,Normal
2026-02-09 15:07:32.336880,NewYork-3086,46,6,Normal
2026-02-09 15:07:33.336880,NewYork-3086,-20,64,Normal
2026-02-09 15:07:34.336880,NewYork-3086,-17,22,Normal
2026-02-09 15:07:35.336880,NewYork-3086,4,3,Normal
2026-02-09 15:07:36.336880,NewYork-3086,-13,47,Normal
2026-02-09 15:07:37.336880,NewYork-3086,38,10,Normal
2026-02-09 15:07:38.336880,NewYork-3086,9,42,Normal
2026-02-09 15:07:39.336880,NewYork-3086,14,63,Normal
2026-02-09 15:07:40.336880,NewYork-3086,14,37,Normal
2026-02-09 15:07:41.336880,NewYork-3086,44,73,Normal
2026-02-09 15:07:42.336880,NewYork-3086,42,17,Normal
2026-02-09 15:07:43.336880,NewYork-3086,-8,51,Normal
2026-02-09 15:07:44.336880,NewYork-3086,45,42,Normal
2026-02-09 15:07:45.336880,NewYork-3086,40,45,Normal
2026-02-09 15:07:46.336880,NewYork-3086,13,92,Normal
2026-02-09 15:07:47.336880,NewYork-3086,17,67,Normal
2026-02-09 15:07:48.336880,NewYork-3086,-10,40,Normal
2026-02-09 15:07:49.336880,NewYork-3086,-18,82,Normal
2026-02-09 15:07:50.336880,NewYork-3086,36,79,Normal
2026-02-09 15:07:51.336880,NewYork-3086,-2,75,Normal
2026-02-09 15:07:52.336880,NewYork-3086,-18,93,Normal
2026-02-09 15:07:53.336880,NewYork-3086,0,63,Normal
2026-02-09 15:07:54.336880,NewYork-3086,21,58,Normal
2026-02-09 15:07:55.336880,NewYork-3086,-10,0,Normal
2026-02-09 15:07:56.336880,NewYork-3086,7,35,Normal
2026-02-09 15:07:57.336880,NewYork-3086,47,71,Normal
2026-02-09 15:07:58.336880,NewYork-3086,-11,50,Normal
2026-02-09 15:07:59.336880,NewYork-3086,15,6,Normal
2026-02-09 15:08:00.336880,NewYork-3086,43,95,Normal
2026-02-09 15:08:01.336880,NewYork-3086,18,15,Normal
2026-02-09 15:08:02.336880,NewYork-3086,21,28,Normal
2026-02-09 15:08:03.336880,NewYork-3086,13,40,Normal
2026-02-09 15:08:04.336880,NewYork-3086,9,12,Normal
2026-02-09 15:08:05.336880,NewYork-3086,16,18,Normal
2026-02-09 15:08:06.336880,NewYork-3086,-6,77,Normal
2026-02-09 15:08:07.336880,NewYork-3086,-9,47,Normal
2026-02-09 15:08:08.336880,NewYork-3086,-18,100,Normal
2026-02-09 15:08:09.336880,NewYork-3086,-12,81,Normal
2026-02-09 15:08:10.336880,NewYork-3086,-27,72,Normal
2026-02-09 15:08:11.336880,NewYork-3086,-24,79,Normal
2026-02-09 15:08:12.336880,NewYork-3086,-17,84,Normal
2026-02-09 15:08:13.336880,NewYork-3086,-20,59,Normal
2026-02-09 15:08:14.336880,NewYork-3086,-12,58,Normal
2026-02-09 15:08:15.336880,NewYork-3086,34,88,Normal
2026-02-09 15:08:16.336880,NewYork-3086,-3,35,Normal
2026-02-09 15:08:17.336880,NewYork-3086,27,32,Normal
2026-02-09 15:08:18.336880,NewYork-3086,50,10,Normal
2026-02-09 15:08:19.336880,NewYork-3086,14,86,Normal
2026-02-09 15:08:20.336880,NewYork-3086,-15,18,Normal
2026-02-09 15:08:21.336880,NewYork-3086,23,70,Normal
2026-02-09 15:08:22.336880,NewYork-3086,23,43,Normal
2026-02-09 15:08:23.336880,NewYork-3086,15,44,Normal
2026-02-09 15:08:24.336880,NewYork-3086,17,46,Normal
2026-02-09 15:08:25.336880,NewYork-3086,3,76,Normal
2026-02-09 15:08:26.336880,NewYork-3086,9,78,Normal
2026-02-09 15:08:27.336880,NewYork-3086,-22,5,Normal
2026-02-09 15:08:28.336880,NewYork-3086,-3,86,Normal
2026-02-09 15:08:29.336880,NewYork-3086,-27,35,Normal
2026-02-09 15:08:30.336880,NewYork-3086,34,72,Normal
2026-02-09 15:08:31.336880,NewYork-3086,20,47,Normal
2026-02-09 15:08:32.336880,NewYork-3086,2,71,Normal
2026-02-09 15:08:33.336880,NewYork-3086,33,1,Normal
2026-02-09 15:08:34.336880,NewYork-3086,-16,78,Normal
2026-02-09 15:08:35.336880,NewYork-3086,13,15,Normal
2026-02-09 15:08:36.336880,NewYork-3086,-9,54,Normal
2026-02-09 15:08:37.336880,NewYork-3086,-29,69,Normal
2026-02-09 15:08:38.336880,NewYork-3086,29,21,Normal
2026-02-09 15:08:39.336880,NewYork-3086,-22,52,Normal
2026-02-09 15:08:40.336880,NewYork-3086,-8,84,Normal
2026-02-09 15:08:41.336880,NewYork-3086,-8,43,Normal
2026-02-09 15:08:42.336880,NewYork-3086,14,43,Normal
2026-02-09 15:08:43.336880,NewYork-3086,-18,65,Normal
2026-02-09 15:08:44.336880,NewYork-3086,42,25,Normal
2026-02-09 15:08:45.336880,NewYork-3086,-19,78,Normal
2026-02-09 15:08:46.336880,NewYork-3086,-18,83,Normal
2026-02-09 15:08:47.336880,NewYork-3086,0,53,Normal
2026-02-09 15:08:48.336880,NewYork-3086,42,83,Normal
2026-02-09 15:08:49.336880,NewYork-3086,-25,15,Normal
2026-02-09 15:08:50.336880,NewYork-3086,-20,57,Normal
2026-02-09 15:08:51.336880,NewYork-3086,22,66,Normal
2026-02-09 15:08:52.336880,NewYork-3086,-25,30,Normal
2026-02-09 15:08:53.336880,NewYork-3086,7,25,Normal
2026-02-09 15:08:54.336880,NewYork-3086,2,45,Normal
2026-02-09 15:08:55.336880,NewYork-3086,36,85,Normal
2026-02-09 15:08:56.336880,NewYork-3086,28,16,Normal
2026-02-09 15:08:57.336880,NewYork-3086,31,55,Normal
2026-02-09 15:08:58.336880,NewYork-3086,30,20,Normal
2026-02-09 15:08:59.336880,NewYork-3086,-25,13,Normal
2026-02-09 15:09:00.336880,NewYork-3086,-17,68,Normal
2026-02-09 15:09:01.336880,NewYork-3086,-3,95,Normal
2026-02-09 15:09:02.336880,NewYork-3086,-15,54,Normal
2026-02-09 15:09:03.336880,NewYork-3086,4,88,Normal
2026-02-09 15:09:04.336880,NewYork-3086,49,63,Normal
2026-02-09 15:09:05.336880,NewYork-3086,-30,62,Normal
2026-02-09 15:09:06.336880,NewYork-3086,48,20,Normal
2026-02-09 15:09:07.336880,NewYork-3086,-7,97,Normal
2026-02-09 15:09:08.336880,NewYork-3086,31,15,Normal
2026-02-09 15:09:09.336880,NewYork-3086,49,52,Normal
2026-02-09 15:09:10.336880,NewYork-3086,35,30,Normal
2026-02-09 15:09:11.336880,NewYork-3086,29,75,Normal
2026-02-09 15:09:12.336880,NewYork-3086,46,40,Normal
2026-02-09 15:09:13.336880,NewYork-3086,44,58,Normal
2026-02-09 15:09:14.336880,NewYork-3086,49,93,Normal
2026-02-09 15:09:15.336880,NewYork-3086,8,24,Normal
2026-02-09 15:09:16.336880,NewYork-3086,22,45,Normal
2026-02-09 15:09:17.336880,NewYork-3086,40,29,Normal
2026-02-09 15:09:18.336880,NewYork-3086,30,7,Normal
2026-02-09 15:09:19.336880,NewYork-3086,42,59,Normal
2026-02-09 15:09:20.336880,NewYork-3086,23,91,Normal
2026-02-09 15:09:21.336880,NewYork-3086,12,73,Normal
2026-02-09 15:09:22.336880,NewYork-3086,-25,50,Normal
2026-02-09 15:09:23.336880,NewYork-3086,18,92,Normal
2026-02-09 15:09:24.336880,NewYork-3086,42,33,Normal
2026-02-09 15:09:25.336880,NewYork-3086,-26,6,Normal
2026-02-09 15:09:26.336880,NewYork-3086,43,65,Normal
2026-02-09 15:09:27.336880,NewYork-3086,21,91,Normal
2026-02-09 15:09:28.336880,NewYork-3086,29,44,Normal
2026-02-09 15:09:29.336880,NewYork-3086,-15,85,Normal
2026-02-09 15:09:30.336880,NewYork-3086,3,87,Normal
2026-02-09 15:09:31.336880,NewYork-3086,29,3,Normal
2026-02-09 15:09:32.336880,NewYork-3086,-19,81,Normal
2026-02-09 15:09:33.336880,NewYork-3086,27,87,Normal
2026-02-09 15:09:34.336880,NewYork-3086,15,84,Normal
2026-02-09 15:09:35.336880,NewYork-3086,35,17,Normal
2026-02-09 15:09:36.336880,NewYork-3086,-4,100,Normal
2026-02-09 15:09:37.336880,NewYork-3086,-18,16,Normal
2026-02-09 15:09:38.336880,NewYork-3086,-20,96,Normal
2026-02-09 15:09:39.336880,NewYork-3086,-30,89,Normal
2026-02-09 15:09:40.336880,NewYork-3086,-5,69,Normal
2026-02-09 15:09:41.336880,NewYork-3086,2,73,Normal
2026-02-09 15:09:42.336880,NewYork-3086,50,51,Normal
2026-02-09 15:09:43.336880,NewYork-3086,33,7,Normal
2026-02-09 15:09:44.336880,NewYork-3086,22,15,Normal
2026-02-09 15:09:45.336880,NewYork-3086,35,38,Normal
2026-02-09 15:09:46.336880,NewYork-3086,50,44,Normal
2026-02-09 15:09:47.336880,NewYork-3086,11,53,Normal
2026-02-09 15:09:48.336880,NewYork-3086,29,33,Normal
2026-02-09 15:09:49.336880,NewYork-3086,-30,87,Normal
2026-02-09 15:09:50.336880,NewYork-3086,16,74,Normal
2026-02-09 15:09:51.336880,NewYork-3086,38,80,Normal
2026-02-09 15:09:52.336880,NewYork-3086,-4,86,Normal
2026-02-09 15:09:53.336880,NewYork-3086,32,57,Normal
2026-02-09 15:09:54.336880,NewYork-3086,-29,93,Normal
2026-02-09 15:09:55.336880,NewYork-3086,41,85,Normal
2026-02-09 15:09:56.336880,NewYork-3086,1,25,Normal
2026-02-09 15:09:57.336880,NewYork-3086,32,66,Normal
2026-02-09 15:09:58.336880,NewYork-3086,13,67,Normal
2026-02-09 15:09:59.336880,NewYork-3086,4,14,Normal
2026-02-09 15:10:00.336880,NewYork-3086,3,92,Normal
2026-02-09 15:10:01.336880,NewYork-3086,6,67,Normal
2026-02-09 15:10:02.336880,NewYork-3086,34,66,Normal
2026-02-09 15:10:03.336880,NewYork-3086,41,33,Normal
2026-02-09 15:10:04.336880,NewYork-3086,27,4,Normal
2026-02-09 15:10:05.336880,NewYork-3086,-23,70,Normal
2026-02-09 15:10:06.336880,NewYork-3086,-10,56,Normal
2026-02-09 15:10:07.336880,NewYork-3086,20,9,Normal
2026-02-09 15:10:08.336880,NewYork-3086,2,77,Normal
2026-02-09 15:10:09.336880,NewYork-3086,30,52,Normal
2026-02-09 15:10:10.336880,NewYork-3086,-13,91,Normal
2026-02-09 15:10:11.336880,NewYork-3086,30,94,Normal
2026-02-09 15:10:12.336880,NewYork-3086,12,11,Normal
2026-02-09 15:10:13.336880,NewYork-3086,37,15,Normal
2026-02-09 15:10:14.336880,NewYork-3086,-26,39,Normal
2026-02-09 15:10:15.336880,NewYork-3086,30,14,Normal
2026-02-09 15:10:16.336880,NewYork-3086,38,8,Normal
2026-02-09 15:10:17.336880,NewYork-3086,-26,23,Normal
2026-02-09 15:10:18.336880,NewYork-3086,1,15,Normal
2026-02-09 15:10:19.336880,NewYork-3086,-25,34,Normal
2026-02-09 15:10:20.336880,NewYork-3086,15,5,Normal
2026-02-09 15:10:21.336880,NewYork-3086,-14,91,Normal
2026-02-09 15:10:22.336880,NewYork-3086,15,97,Normal
2026-02-09 15:10:23.336880,NewYork-3086,-12,5,Normal
2026-02-09 15:10:24.336880,NewYork-3086,39,72,Normal
2026-02-09 15:10:25.336880,NewYork-3086,-15,23,Normal
2026-02-09 15:10:26.336880,NewYork-3086,33,25,Normal
2026-02-09 15:10:27.336880,NewYork-3086,40,97,Normal
2026-02-09 15:10:28.336880,NewYork-3086,-4,3,Normal
2026-02-09 15:10:29.336880,NewYork-3086,3,42,Normal
2026-02-09 15:10:30.336880,NewYork-3086,14,66,Normal
2026-02-09 15:10:31.336880,NewYork-3086,12,11,Normal
2026-02-09 15:10:32.336880,NewYork-3086,-19,27,Normal
2026-02-09 15:10:33.336880,NewYork-3086,-11,87,Normal
2026-02-09 15:10:34.336880,NewYork-3086,16,35,Normal
2026-02-09 15:10:35.336880,NewYork-3086,-28,99,Normal
2026-02-09 15:10:36.336880,NewYork-3086,47,17,Normal
2026-02-09 15:10:37.336880,NewYork-3086,-13,24,Normal
2026-02-09 15:10:38.336880,NewYork-3086,-22,76,Normal
2026-02-09 15:10:39.336880,NewYork-3086,28,29,Normal
2026-02-09 15:10:40.336880,NewYork-3086,39,84,Normal
2026-02-09 15:10:41.336880,NewYork-3086,-23,2,Normal
2026-02-09 15:10:42.336880,NewYork-3086,27,27,Normal
2026-02-09 15:10:43.336880,NewYork-3086,13,80,Normal
2026-02-09 15:10:44.336880,NewYork-3086,43,37,Normal
2026-02-09 15:10:45.336880,NewYork-3086,-1,34,Normal
2026-02-09 15:10:46.336880,NewYork-3086,33,91,Normal
2026-02-09 15:10:47.336880,NewYork-3086,-20,49,Normal
2026-02-09 15:10:48.336880,NewYork-3086,-1,33,Normal
2026-02-09 15:10:49.336880,NewYork-3086,-12,54,Normal
2026-02-09 15:10:50.336880,NewYork-3086,-9,61,Normal
2026-02-09 15:10:51.336880,NewYork-3086,-26,83,Normal
2026-02-09 15:10:52.336880,NewYork-3086,-5,60,Normal
2026-02-09 15:10:53.336880,NewYork-3086,-28,74,Normal
2026-02-09 15:10:54.336880,NewYork-3086,16,98,Normal
2026-02-09 15:10:55.336880,NewYork-3086,21,61,Normal
2026-02-09 15:10:56.336880,NewYork-3086,4,88,Normal
2026-02-09 15:10:57.336880,NewYork-3086,-13,1,Normal
2026-02-09 15:10:58.336880,NewYork-3086,25,5,Normal
2026-02-09 15:10:59.336880,NewYork-3086,-23,75,Normal
2026-02-09 15:11:00.336880,NewYork-3086,-25,87,Normal
2026-02-09 15:11:01.336880,NewYork-3086,4,39,Normal
2026-02-09 15:11:02.336880,NewYork-3086,1,31,Normal
2026-02-09 15:11:03.336880,NewYork-3086,-13,60,Normal
2026-02-09 15:11:04.336880,NewYork-3086,41,31,Normal
2026-02-09 15:11:05.336880,NewYork-3086,6,0,Normal
2026-02-09 15:11:06.336880,NewYork-3086,16,14,Normal
2026-02-09 15:11:07.336880,NewYork-3086,-21,74,Normal
2026-02-09 15:11:08.336880,NewYork-3086,22,38,Normal
2026-02-09 15:11:09.336880,NewYork-3086,-7,38,Normal
2026-02-09 15:11:10.336880,NewYork-3086,27,71,Normal
2026-02-09 15:11:11.336880,NewYork-3086,37,53,Normal
2026-02-09 15:11:12.336880,NewYork-3086,-13,54,Normal
2026-02-09 15:11:13.336880,NewYork-3086,-9,66,Normal
2026-02-09 15:11:14.336880,NewYork-3086,6,91,Normal
2026-02-09 15:11:15.336880,NewYork-3086,43,2,Normal
2026-02-09 15:11:16.336880,NewYork-3086,48,39,Normal
2026-02-09 15:11:17.336880,NewYork-3086,-13,97,Normal
2026-02-09 15:11:18.336880,NewYork-3086,-24,66,Normal
2026-02-09 15:11:19.336880,NewYork-3086,47,41,Normal
2026-02-09 15:11:20.336880,NewYork-3086,23,97,Normal
2026-02-09 15:11:21.336880,NewYork-3086,-29,44,Normal
2026-02-09 15:11:22.336880,NewYork-3086,3,88,Normal
2026-02-09 15:11:23.336880,NewYork-3086,44,6,Normal
2026-02-09 15:11:24.336880,NewYork-3086,13,73,Normal
2026-02-09 15:11:25.336880,NewYork-3086,-25,13,Normal
2026-02-09 15:11:26.336880,NewYork-3086,49,49,Normal
2026-02-09 15:11:27.336880,NewYork-3086,-22,53,Normal
2026-02-09 15:11:28.336880,NewYork-3086,22,37,Normal
2026-02-09 15:11:29.336880,NewYork-3086,13,77,Normal
2026-02-09 15:11:30.336880,NewYork-3086,-10,92,Normal
2026-02-09 15:11:31.336880,NewYork-3086,-18,92,Normal
2026-02-09 15:11:32.336880,NewYork-3086,10,90,Normal
2026-02-09 15:11:33.336880,NewYork-3086,36,22,Normal
2026-02-09 15:11:34.336880,NewYork-3086,17,45,Normal
2026-02-09 15:11:35.336880,NewYork-3086,-18,32,Normal
2026-02-09 15:11:36.336880,NewYork-3086,14,91,Normal
2026-02-09 15:11:37.336880,NewYork-3086,45,43,Normal
2026-02-09 15:11:38.336880,NewYork-3086,-9,82,Normal
2026-02-09 15:11:39.336880,NewYork-3086,36,100,Normal
2026-02-09 15:11:40.336880,NewYork-3086,-25,63,Normal
2026-02-09 15:11:41.336880,NewYork-3086,14,55,Normal
2026-02-09 15:11:42.336880,NewYork-3086,25,71,Normal
2026-02-09 15:11:43.336880,NewYork-3086,-15,92,Normal
2026-02-09 15:11:44.336880,NewYork-3086,10,88,Normal
2026-02-09 15:11:45.336880,NewYork-3086,47,24,Normal
2026-02-09 15:11:46.336880,NewYork-3086,-30,6,Normal
2026-02-09 15:11:47.336880,NewYork-3086,-30,20,Normal
2026-02-09 15:11:48.336880,NewYork-3086,35,82,Normal
2026-02-09 15:11:49.336880,NewYork-3086,-17,7,Normal
2026-02-09 15:11:50.336880,NewYork-3086,50,97,Normal
2026-02-09 15:11:51.336880,NewYork-3086,4,21,Normal
2026-02-09 15:11:52.336880,NewYork-3086,6,82,Normal
2026-02-09 15:11:53.336880,NewYork-3086,10,60,Normal
2026-02-09 15:11:54.336880,NewYork-3086,-19,45,Normal
2026-02-09 15:11:55.336880,NewYork-3086,-25,87,Normal
2026-02-09 15:11:56.336880,NewYork-3086,-5,88,Normal
2026-02-09 15:11:57.336880,NewYork-3086,-25,65,Normal
2026-02-09 15:11:58.336880,NewYork-3086,26,82,Normal
2026-02-09 15:11:59.336880,NewYork-3086,-27,71,Normal
2026-02-09 15:12:00.336880,NewYork-3086,27,80,Normal
2026-02-09 15:12:01.336880,NewYork-3086,-13,93,Normal
2026-02-09 15:12:02.336880,NewYork-3086,6,35,Normal
2026-02-09 15:12:03.336880,NewYork-3086,19,21,Normal
2026-02-09 15:12:04.336880,NewYork-3086,10,60,Normal
2026-02-09 15:12:05.336880,NewYork-3086,-1,26,Normal
2026-02-09 15:12:06.336880,NewYork-3086,33,42,Normal
2026-02-09 15:12:07.336880,NewYork-3086,39,7,Normal
2026-02-09 15:12:08.336880,NewYork-3086,-30,46,Normal
2026-02-09 15:12:09.336880,NewYork-3086,-5,40,Normal
2026-02-09 15:12:10.336880,NewYork-3086,-22,70,Normal
2026-02-09 15:12:11.336880,NewYork-3086,23,67,Normal
2026-02-09 15:12:12.336880,NewYork-3086,-30,20,Normal
2026-02-09 15:12:13.336880,NewYork-3086,-6,10,Normal
2026-02-09 15:12:14.336880,NewYork-3086,-30,9,Normal
2026-02-09 15:12:15.336880,NewYork-3086,44,39,Normal
2026-02-09 15:12:16.336880,NewYork-3086,2,96,Normal
2026-02-09 15:12:17.336880,NewYork-3086,6,15,Normal
2026-02-09 15:12:18.336880,NewYork-3086,-12,93,Normal
2026-02-09 15:12:19.336880,NewYork-3086,18,52,Normal
2026-02-09 15:12:20.336880,NewYork-3086,-28,52,Normal
2026-02-09 15:12:21.336880,NewYork-3086,-21,13,Normal
2026-02-09 15:12:22.336880,NewYork-3086,-23,9,Normal
2026-02-09 15:12:23.336880,NewYork-3086,-30,26,Normal
2026-02-09 15:12:24.336880,NewYork-3086,5,96,Normal
2026-02-09 15:12:25.336880,NewYork-3086,9,91,Normal
2026-02-09 15:12:26.336880,NewYork-3086,-18,14,Normal
2026-02-09 15:12:27.336880,NewYork-3086,1,64,Normal
2026-02-09 15:12:28.336880,NewYork-3086,23,29,Normal
2026-02-09 15:12:29.336880,NewYork-3086,43,32,Normal
2026-02-09 15:12:30.336880,NewYork-3086,-27,15,Normal
2026-02-09 15:12:31.336880,NewYork-3086,39,70,Normal
2026-02-09 15:12:32.336880,NewYork-3086,24,5,Normal
2026-02-09 15:12:33.336880,NewYork-3086,-4,46,Normal
2026-02-09 15:12:34.336880,NewYork-3086,-19,50,Normal
2026-02-09 15:12:35.336880,NewYork-3086,-30,78,Normal
2026-02-09 15:12:36.336880,NewYork-3086,35,54,Normal
2026-02-09 15:12:37.336880,NewYork-3086,-2,32,Normal
2026-02-09 15:12:38.336880,NewYork-3086,31,34,Normal
2026-02-09 15:12:39.336880,NewYork-3086,-28,74,Normal
2026-02-09 15:12:40.336880,NewYork-3086,11,94,Normal
2026-02-09 15:12:41.336880,NewYork-3086,10,88,Normal
2026-02-09 15:12:42.336880,NewYork-3086,-12,77,Normal
2026-02-09 15:12:43.336880,NewYork-3086,21,4,Normal
2026-02-09 15:12:44.336880,NewYork-3086,25,53,Normal
2026-02-09 15:12:45.336880,NewYork-3086,43,39,Normal
2026-02-09 15:12:46.336880,NewYork-3086,-7,23,Normal
2026-02-09 15:12:47.336880,NewYork-3086,17,85,Normal
2026-02-09 15:12:48.336880,NewYork-3086,-22,73,Normal
2026-02-09 15:12:49.336880,NewYork-3086,3,85,Normal
2026-02-09 15:12:50.336880,NewYork-3086,42,93,Normal
2026-02-09 15:12:51.336880,NewYork-3086,35,36,Normal
2026-02-09 15:12:52.336880,NewYork-3086,18,98,Normal
2026-02-09 15:12:53.336880,NewYork-3086,11,89,Normal
2026-02-09 15:12:54.336880,NewYork-3086,-19,58,Normal
2026-02-09 15:12:55.336880,NewYork-3086,5,51,Normal
2026-02-09 15:12:56.336880,NewYork-3086,44,8,Normal
2026-02-09 15:12:57.336880,NewYork-3086,4,51,Normal
2026-02-09 15:12:58.336880,NewYork-3086,48,38,Normal
2026-02-09 15:12:59.336880,NewYork-3086,37,97,Normal
2026-02-09 15:13:00.336880,NewYork-3086,-3,92,Normal
2026-02-09 15:13:01.336880,NewYork-3086,7,3,Normal
2026-02-09 15:13:02.336880,NewYork-3086,-3,79,Normal
2026-02-09 15:13:03.336880,NewYork-3086,19,25,Normal
2026-02-09 15:13:04.336880,NewYork-3086,25,50,Normal
2026-02-09 15:13:05.336880,NewYork-3086,-28,32,Normal
2026-02-09 15:13:06.336880,NewYork-3086,6,97,Normal
2026-02-09 15:13:07.336880,NewYork-3086,50,59,Normal
2026-02-09 15:13:08.336880,NewYork-3086,-7,56,Normal
2026-02-09 15:13:09.336880,NewYork-3086,13,32,Normal
2026-02-09 15:13:10.336880,NewYork-3086,-6,64,Normal
2026-02-09 15:13:11.336880,NewYork-3086,19,65,Normal
2026-02-09 15:13:12.336880,NewYork-3086,-23,50,Normal
2026-02-09 15:13:13.336880,NewYork-3086,46,55,Normal
2026-02-09 15:13:14.336880,NewYork-3086,34,65,Normal
2026-02-09 15:13:15.336880,NewYork-3086,19,44,Normal
2026-02-09 15:13:16.336880,NewYork-3086,-23,0,Normal
2026-02-09 15:13:17.336880,NewYork-3086,30,96,Normal
2026-02-09 15:13:18.336880,NewYork-3086,-22,94,Normal
2026-02-09 15:13:19.336880,NewYork-3086,20,91,Normal
2026-02-09 15:13:20.336880,NewYork-3086,-10,28,Normal
2026-02-09 15:13:21.336880,NewYork-3086,7,22,Normal
2026-02-09 15:13:22.336880,NewYork-3086,-7,34,Normal
2026-02-09 15:13:23.336880,NewYork-3086,-14,33,Normal
2026-02-09 15:13:24.336880,NewYork-3086,17,60,Normal
2026-02-09 15:13:25.336880,NewYork-3086,32,47,Normal
2026-02-09 15:13:26.336880,NewYork-3086,33,8,Normal
2026-02-09 15:13:27.336880,NewYork-3086,-23,91,Normal
2026-02-09 15:13:28.336880,NewYork-3086,15,86,Normal
2026-02-09 15:13:29.336880,NewYork-3086,-17,30,Normal
2026-02-09 15:13:30.336880,NewYork-3086,45,30,Normal
2026-02-09 15:13:31.336880,NewYork-3086,45,76,Normal
2026-02-09 15:13:32.336880,NewYork-3086,-28,8,Normal
2026-02-09 15:13:33.336880,NewYork-3086,-25,70,Normal
2026-02-09 15:13:34.336880,NewYork-3086,15,31,Normal
2026-02-09 15:13:35.336880,NewYork-3086,47,84,Normal
2026-02-09 15:13:36.336880,NewYork-3086,11,4,Normal
2026-02-09 15:13:37.336880,NewYork-3086,18,44,Normal
2026-02-09 15:13:38.336880,NewYork-3086,0,3,Normal
2026-02-09 15:13:39.336880,NewYork-3086,48,43,Normal
2026-02-09 15:13:40.336880,NewYork-3086,-22,80,Normal
2026-02-09 15:13:41.336880,NewYork-3086,23,52,Normal
2026-02-09 15:13:42.336880,NewYork-3086,-20,85,Normal
2026-02-09 15:13:43.336880,NewYork-3086,-22,78,Normal
2026-02-09 15:13:44.336880,NewYork-3086,-19,24,Normal
2026-02-09 15:13:45.336880,NewYork-3086,49,41,Normal
2026-02-09 15:13:46.336880,NewYork-3086,31,50,Normal
2026-02-09 15:13:47.336880,NewYork-3086,-19,62,Normal
2026-02-09 15:13:48.336880,NewYork-3086,-3,32,Normal
2026-02-09 15:13:49.336880,NewYork-3086,-21,25,Normal
2026-02-09 15:13:50.336880,NewYork-3086,46,82,Normal
2026-02-09 15:13:51.336880,NewYork-3086,31,60,Normal
2026-02-09 15:13:52.336880,NewYork-3086,11,92,Normal
2026-02-09 15:13:53.336880,NewYork-3086,8,52,Normal
2026-02-09 15:13:54.336880,NewYork-3086,36,50,Normal
2026-02-09 15:13:55.336880,NewYork-3086,46,92,Normal
2026-02-09 15:13:56.336880,NewYork-3086,34,74,Normal
2026-02-09 15:13:57.336880,NewYork-3086,28,65,Normal
2026-02-09 15:13:58.336880,NewYork-3086,-21,46,Normal
2026-02-09 15:13:59.336880,NewYork-3086,3,59,Normal
2026-02-09 15:14:00.336880,NewYork-3086,14,100,Normal
2026-02-09 15:14:01.336880,NewYork-3086,-2,61,Normal
2026-02-09 15:14:02.336880,NewYork-3086,3,53,Normal
2026-02-09 15:14:03.336880,NewYork-3086,32,13,Normal
2026-02-09 15:14:04.336880,NewYork-3086,-13,90,Normal
2026-02-09 15:14:05.336880,NewYork-3086,-17,30,Normal
2026-02-09 15:14:06.336880,NewYork-3086,47,36,Normal
2026-02-09 15:14:07.336880,NewYork-3086,24,49,Normal
2026-02-09 15:14:08.336880,NewYork-3086,-23,12,Normal
2026-02-09 15:14:09.336880,NewYork-3086,35,3,Normal
2026-02-09 15:14:10.336880,NewYork-3086,22,92,Normal
2026-02-09 15:14:11.336880,NewYork-3086,-12,51,Normal
2026-02-09 15:14:12.336880,NewYork-3086,37,12,Normal
2026-02-09 15:14:13.336880,NewYork-3086,-29,50,Normal
2026-02-09 15:14:14.336880,NewYork-3086,48,63,Normal
2026-02-09 15:14:15.336880,NewYork-3086,33,81,Normal
2026-02-09 15:14:16.336880,NewYork-3086,-6,74,Normal
2026-02-09 15:14:17.336880,NewYork-3086,-21,49,Normal
2026-02-09 15:14:18.336880,NewYork-3086,3,8,Normal
2026-02-09 15:14:19.336880,NewYork-3086,-25,78,Normal
2026-02-09 15:14:20.336880,NewYork-3086,-22,17,Normal
2026-02-09 15:14:21.336880,NewYork-3086,44,70,Normal
2026-02-09 15:14:22.336880,NewYork-3086,2,65,Normal
2026-02-09 15:14:23.336880,NewYork-3086,17,28,Normal
2026-02-09 15:14:24.336880,NewYork-3086,1,14,Normal
2026-02-09 15:14:25.336880,NewYork-3086,21,44,Normal
2026-02-09 15:14:26.336880,NewYork-3086,40,23,Normal
2026-02-09 15:14:27.336880,NewYork-3086,7,45,Normal
2026-02-09 15:14:28.336880,NewYork-3086,-19,61,Normal
2026-02-09 15:14:29.336880,NewYork-3086,46,89,Normal
2026-02-09 15:14:30.336880,NewYork-3086,29,54,Normal
2026-02-09 15:14:31.336880,NewYork-3086,13,2,Normal
2026-02-09 15:14:32.336880,NewYork-3086,-6,97,Normal
2026-02-09 15:14:33.336880,NewYork-3086,-19,17,Normal
2026-02-09 15:14:34.336880,NewYork-3086,12,53,Normal
2026-02-09 15:14:35.336880,NewYork-3086,0,62,Normal
2026-02-09 15:14:36.336880,NewYork-3086,0,32,Normal
2026-02-09 15:14:37.336880,NewYork-3086,-13,4,Normal
2026-02-09 15:14:38.336880,NewYork-3086,18,49,Normal
2026-02-09 15:14:39.336880,NewYork-3086,25,38,Normal
2026-02-09 15:14:40.336880,NewYork-3086,46,38,Normal
2026-02-09 15:14:41.336880,NewYork-3086,0,39,Normal
2026-02-09 15:14:42.336880,NewYork-3086,-11,25,Normal
2026-02-09 15:14:43.336880,NewYork-3086,-27,48,Normal
2026-02-09 15:14:44.336880,NewYork-3086,-15,9,Normal
2026-02-09 15:14:45.336880,NewYork-3086,6,11,Normal
2026-02-09 15:14:46.336880,NewYork-3086,-27,9,Normal
2026-02-09 15:14:47.336880,NewYork-3086,-21,27,Normal
2026-02-09 15:14:48.336880,NewYork-3086,-16,62,Normal
2026-02-09 15:14:49.336880,NewYork-3086,-28,62,Normal
2026-02-09 15:14:50.336880,NewYork-3086,48,37,Normal
2026-02-09 15:14:51.336880,NewYork-3086,-19,8,Normal
2026-02-09 15:14:52.336880,NewYork-3086,-17,76,Normal
2026-02-09 15:14:53.336880,NewYork-3086,15,77,Normal
2026-02-09 15:14:54.336880,NewYork-3086,-4,92,Normal
2026-02-09 15:14:55.336880,NewYork-3086,23,82,Normal
2026-02-09 15:14:56.336880,NewYork-3086,23,41,Normal
2026-02-09 15:14:57.336880,NewYork-3086,38,100,Normal
2026-02-09 15:14:58.336880,NewYork-3086,-20,7,Normal
2026-02-09 15:14:59.336880,NewYork-3086,0,50,Normal
2026-02-09 15:15:00.336880,NewYork-3086,-14,14,Normal
2026-02-09 15:15:01.336880,NewYork-3086,32,66,Normal
2026-02-09 15:15:02.336880,NewYork-3086,33,8,Normal
2026-02-09 15:15:03.336880,NewYork-3086,6,96,Normal
2026-02-09 15:15:04.336880,NewYork-3086,-26,63,Normal
2026-02-09 15:15:05.336880,NewYork-3086,18,87,Normal
2026-02-09 15:15:06.336880,NewYork-3086,10,47,Normal
2026-02-09 15:15:07.336880,NewYork-3086,-29,82,Normal
2026-02-09 15:15:08.336880,NewYork-3086,42,75,Normal
2026-02-09 15:15:09.336880,NewYork-3086,34,51,Normal
2026-02-09 15:15:10.336880,NewYork-3086,2,18,Normal
2026-02-09 15:15:11.336880,NewYork-3086,-2,42,Normal
2026-02-09 15:15:12.336880,NewYork-3086,16,32,Normal
2026-02-09 15:15:13.336880,NewYork-3086,1,34,Normal
2026-02-09 15:15:14.336880,NewYork-3086,-5,30,Normal
2026-02-09 15:15:15.336880,NewYork-3086,50,76,Normal
2026-02-09 15:15:16.336880,NewYork-3086,-22,82,Normal
2026-02-09 15:15:17.336880,NewYork-3086,50,99,Normal
2026-02-09 15:15:18.336880,NewYork-3086,8,1,Normal
2026-02-09 15:15:19.336880,NewYork-3086,27,85,Normal
2026-02-09 15:15:20.336880,NewYork-3086,-5,11,Normal
2026-02-09 15:15:21.336880,NewYork-3086,46,15,Normal
2026-02-09 15:15:22.336880,NewYork-3086,1,12,Normal
2026-02-09 15:15:23.336880,NewYork-3086,-8,10,Normal
2026-02-09 15:15:24.336880,NewYork-3086,-21,56,Normal
2026-02-09 15:15:25.336880,NewYork-3086,-26,100,Normal
2026-02-09 15:15:26.336880,NewYork-3086,41,7,Normal
2026-02-09 15:15:27.336880,NewYork-3086,28,62,Normal
2026-02-09 15:15:28.336880,NewYork-3086,-15,65,Normal
2026-02-09 15:15:29.336880,NewYork-3086,-17,11,Normal
2026-02-09 15:15:30.336880,NewYork-3086,-5,9,Normal
2026-02-09 15:15:31.336880,NewYork-3086,-18,53,Normal
2026-02-09 15:15:32.336880,NewYork-3086,35,14,Normal
2026-02-09 15:15:33.336880,NewYork-3086,10,70,Normal
2026-02-09 15:15:34.336880,NewYork-3086,38,92,Normal
2026-02-09 15:15:35.336880,NewYork-3086,8,70,Normal
2026-02-09 15:15:36.336880,NewYork-3086,4,64,Normal
2026-02-09 15:15:37.336880,NewYork-3086,-4,52,Normal
2026-02-09 15:15:38.336880,NewYork-3086,47,79,Normal
2026-02-09 15:15:39.336880,NewYork-3086,-24,49,Normal
2026-02-09 15:15:40.336880,NewYork-3086,39,81,Normal
2026-02-09 15:15:41.336880,NewYork-3086,9,100,Normal
2026-02-09 15:15:42.336880,NewYork-3086,-29,96,Normal
2026-02-09 15:15:43.336880,NewYork-3086,-17,13,Normal
2026-02-09 15:15:44.336880,NewYork-3086,-5,85,Normal
2026-02-09 15:15:45.336880,NewYork-3086,5,42,Normal
2026-02-09 15:15:46.336880,NewYork-3086,-3,32,Normal
2026-02-09 15:15:47.336880,NewYork-3086,14,59,Normal
2026-02-09 15:15:48.336880,NewYork-3086,-23,11,Normal
2026-02-09 15:15:49.336880,NewYork-3086,-20,19,Normal
2026-02-09 15:15:50.336880,NewYork-3086,-24,15,Normal
2026-02-09 15:15:51.336880,NewYork-3086,10,54,Normal
2026-02-09 15:15:52.336880,NewYork-3086,15,68,Normal
2026-02-09 15:15:53.336880,NewYork-3086,21,8,Normal
2026-02-09 15:15:54.336880,NewYork-3086,46,13,Normal
2026-02-09 15:15:55.336880,NewYork-3086,-10,39,Normal
2026-02-09 15:15:56.336880,NewYork-3086,46,83,Normal
2026-02-09 15:15:57.336880,NewYork-3086,48,90,Normal
2026-02-09 15:15:58.336880,NewYork-3086,40,44,Normal
2026-02-09 15:15:59.336880,NewYork-3086,17,61,Normal
2026-02-09 15:16:00.336880,NewYork-3086,-25,76,Normal
2026-02-09 15:16:01.336880,NewYork-3086,46,0,Normal
2026-02-09 15:16:02.336880,NewYork-3086,47,99,Normal
2026-02-09 15:16:03.336880,NewYork-3086,-2,48,Normal
2026-02-09 15:16:04.336880,NewYork-3086,-11,25,Normal
2026-02-09 15:16:05.336880,NewYork-3086,-9,23,Normal
2026-02-09 15:16:06.336880,NewYork-3086,-6,3,Normal
2026-02-09 15:16:07.336880,NewYork-3086,-9,72,Normal
2026-02-09 15:16:08.336880,NewYork-3086,24,29,Normal
2026-02-09 15:16:09.336880,NewYork-3086,-3,78,Normal
2026-02-09 15:16:10.336880,NewYork-3086,-18,16,Normal
2026-02-09 15:16:11.336880,NewYork-3086,-13,24,Normal
2026-02-09 15:16:12.336880,NewYork-3086,35,100,Normal
2026-02-09 15:16:13.336880,NewYork-3086,-21,87,Normal
2026-02-09 15:16:14.336880,NewYork-3086,-16,34,Normal
2026-02-09 15:16:15.336880,NewYork-3086,29,57,Normal
2026-02-09 15:16:16.336880,NewYork-3086,8,49,Normal
2026-02-09 15:16:17.336880,NewYork-3086,-18,39,Normal
2026-02-09 15:16:18.336880,NewYork-3086,41,36,Normal
2026-02-09 15:16:19.336880,NewYork-3086,5,26,Normal
2026-02-09 15:16:20.336880,NewYork-3086,19,65,Normal
2026-02-09 15:16:21.336880,NewYork-3086,13,98,Normal
2026-02-09 15:16:22.336880,NewYork-3086,-10,59,Normal
2026-02-09 15:16:23.336880,NewYork-3086,8,92,Normal
2026-02-09 15:16:24.336880,NewYork-3086,-29,81,Normal
2026-02-09 15:16:25.336880,NewYork-3086,-16,2,Normal
2026-02-09 15:16:26.336880,NewYork-3086,31,3,Normal
2026-02-09 15:16:27.336880,NewYork-3086,-19,9,Normal
2026-02-09 15:16:28.336880,NewYork-3086,28,80,Normal
2026-02-09 15:16:29.336880,NewYork-3086,41,4,Normal
2026-02-09 15:16:30.336880,NewYork-3086,20,85,Normal
2026-02-09 15:16:31.336880,NewYork-3086,-24,44,Normal
2026-02-09 15:16:32.336880,NewYork-3086,-25,15,Normal
2026-02-09 15:16:33.336880,NewYork-3086,37,26,Normal
2026-02-09 15:16:34.336880,NewYork-3086,6,15,Normal
2026-02-09 15:16:35.336880,NewYork-3086,4,28,Normal
2026-02-09 15:16:36.336880,NewYork-3086,30,85,Normal
2026-02-09 15:16:37.336880,NewYork-3086,30,7,Normal
2026-02-09 15:16:38.336880,NewYork-3086,1,95,Normal
2026-02-09 15:16:39.336880,NewYork-3086,-22,13,Normal
2026-02-09 15:16:40.336880,NewYork-3086,35,26,Normal
2026-02-09 15:16:41.336880,NewYork-3086,-28,13,Normal
2026-02-09 15:16:42.336880,NewYork-3086,-24,60,Normal
2026-02-09 15:16:43.336880,NewYork-3086,43,10,Normal
2026-02-09 15:16:44.336880,NewYork-3086,47,67,Normal
2026-02-09 15:16:45.336880,NewYork-3086,8,95,Normal
2026-02-09 15:16:46.336880,NewYork-3086,30,31,Normal
2026-02-09 15:16:47.336880,NewYork-3086,17,23,Normal
2026-02-09 15:16:48.336880,NewYork-3086,-22,81,Normal
2026-02-09 15:16:49.336880,NewYork-3086,-10,31,Normal
2026-02-09 15:16:50.336880,NewYork-3086,31,29,Normal
2026-02-09 15:16:51.336880,NewYork-3086,28,80,Normal
2026-02-09 15:16:52.336880,NewYork-3086,33,53,Normal
2026-02-09 15:16:53.336880,NewYork-3086,-18,18,Normal
2026-02-09 15:16:54.336880,NewYork-3086,48,40,Normal
2026-02-09 15:16:55.336880,NewYork-3086,41,90,Normal
2026-02-09 15:16:56.336880,NewYork-3086,48,58,Normal
2026-02-09 15:16:57.336880,NewYork-3086,41,62,Normal
2026-02-09 15:16:58.336880,NewYork-3086,11,57,Normal
2026-02-09 15:16:59.336880,NewYork-3086,43,66,Normal
2026-02-09 15:17:00.336880,NewYork-3086,2,93,Normal
2026-02-09 15:17:01.336880,NewYork-3086,-10,59,Normal
2026-02-09 15:17:02.336880,NewYork-3086,-26,97,Normal
2026-02-09 15:17:03.336880,NewYork-3086,-22,35,Normal
2026-02-09 15:17:04.336880,NewYork-3086,22,59,Normal
2026-02-09 15:17:05.336880,NewYork-3086,42,66,Normal
2026-02-09 15:17:06.336880,NewYork-3086,22,29,Normal
2026-02-09 15:17:07.336880,NewYork-3086,-13,64,Normal
2026-02-09 15:17:08.336880,NewYork-3086,-5,58,Normal
2026-02-09 15:17:09.336880,NewYork-3086,-7,82,Normal
2026-02-09 15:17:10.336880,NewYork-3086,7,84,Normal
2026-02-09 15:17:11.336880,NewYork-3086,20,30,Normal
2026-02-09 15:17:12.336880,NewYork-3086,-26,45,Normal
2026-02-09 15:17:13.336880,NewYork-3086,25,98,Normal
2026-02-09 15:17:14.336880,NewYork-3086,-7,16,Normal
2026-02-09 15:17:15.336880,NewYork-3086,43,96,Normal
2026-02-09 15:17:16.336880,NewYork-3086,27,26,Normal
2026-02-09 15:17:17.336880,NewYork-3086,20,38,Normal
2026-02-09 15:17:18.336880,NewYork-3086,13,73,Normal
2026-02-09 15:17:19.336880,NewYork-3086,46,16,Normal
2026-02-09 15:17:20.336880,NewYork-3086,-15,25,Normal
2026-02-09 15:17:21.336880,NewYork-3086,12,11,Normal
2026-02-09 15:17:22.336880,NewYork-3086,1,14,Normal
2026-02-09 15:17:23.336880,NewYork-3086,38,61,Normal
2026-02-09 15:17:24.336880,NewYork-3086,44,51,Normal
2026-02-09 15:17:25.336880,NewYork-3086,1,87,Normal
2026-02-09 15:17:26.336880,NewYork-3086,-12,22,Normal
2026-02-09 15:17:27.336880,NewYork-3086,-29,74,Normal
2026-02-09 15:17:28.336880,NewYork-3086,13,47,Normal
2026-02-09 15:17:29.336880,NewYork-3086,-29,50,Normal
2026-02-09 15:17:30.336880,NewYork-3086,40,1,Normal
2026-02-09 15:17:31.336880,NewYork-3086,50,13,Normal
2026-02-09 15:17:32.336880,NewYork-3086,-2,66,Normal
2026-02-09 15:17:33.336880,NewYork-3086,25,68,Normal
2026-02-09 15:17:34.336880,NewYork-3086,0,71,Normal
2026-02-09 15:17:35.336880,NewYork-3086,-1,69,Normal
2026-02-09 15:17:36.336880,NewYork-3086,-23,84,Normal
2026-02-09 15:17:37.336880,NewYork-3086,45,59,Normal
2026-02-09 15:17:38.336880,NewYork-3086,16,54,Normal
2026-02-09 15:17:39.336880,NewYork-3086,-4,69,Normal
2026-02-09 15:17:40.336880,NewYork-3086,50,72,Normal
2026-02-09 15:17:41.336880,NewYork-3086,17,13,Normal
2026-02-09 15:17:42.336880,NewYork-3086,12,37,Normal
2026-02-09 15:17:43.336880,NewYork-3086,-26,50,Normal
2026-02-09 15:17:44.336880,NewYork-3086,11,64,Normal
2026-02-09 15:17:45.336880,NewYork-3086,29,100,Normal
2026-02-09 15:17:46.336880,NewYork-3086,37,74,Normal
2026-02-09 15:17:47.336880,NewYork-3086,-30,8,Normal
2026-02-09 15:17:48.336880,NewYork-3086,17,36,Normal
2026-02-09 15:17:49.336880,NewYork-3086,7,6,Normal
2026-02-09 15:17:50.336880,NewYork-3086,10,19,Normal
2026-02-09 15:17:51.336880,NewYork-3086,40,99,Normal
2026-02-09 15:17:52.336880,NewYork-3086,18,54,Normal
2026-02-09 15:17:53.336880,NewYork-3086,26,86,Normal
2026-02-09 15:17:54.336880,NewYork-3086,47,5,Normal
2026-02-09 15:17:55.336880,NewYork-3086,49,74,Normal
2026-02-09 15:17:56.336880,NewYork-3086,49,70,Normal
2026-02-09 15:17:57.336880,NewYork-3086,8,73,Normal
2026-02-09 15:17:58.336880,NewYork-3086,-19,75,Normal
2026-02-09 15:17:59.336880,NewYork-3086,36,72,Normal
2026-02-09 15:18:00.336880,NewYork-3086,17,33,Normal
2026-02-09 15:18:01.336880,NewYork-3086,-13,35,Normal
2026-02-09 15:18:02.336880,NewYork-3086,45,7,Normal
2026-02-09 15:18:03.336880,NewYork-3086,28,6,Normal
2026-02-09 15:18:04.336880,NewYork-3086,25,98,Normal
2026-02-09 15:18:05.336880,NewYork-3086,5,93,Normal
2026-02-09 15:18:06.336880,NewYork-3086,10,51,Normal
2026-02-09 15:18:07.336880,NewYork-3086,24,44,Normal
2026-02-09 15:18:08.336880,NewYork-3086,41,81,Normal
2026-02-09 15:18:09.336880,NewYork-3086,-23,47,Normal
2026-02-09 15:18:10.336880,NewYork-3086,27,89,Normal
2026-02-09 15:18:11.336880,NewYork-3086,-5,1,Normal
2026-02-09 15:18:12.336880,NewYork-3086,-4,8,Normal
2026-02-09 15:18:13.336880,NewYork-3086,21,82,Normal
2026-02-09 15:18:14.336880,NewYork-3086,-12,61,Normal
2026-02-09 15:18:15.336880,NewYork-3086,10,63,Normal
2026-02-09 15:18:16.336880,NewYork-3086,7,96,Normal
2026-02-09 15:18:17.336880,NewYork-3086,37,37,Normal
2026-02-09 15:18:18.336880,NewYork-3086,16,73,Normal
2026-02-09 15:18:19.336880,NewYork-3086,7,16,Normal
2026-02-09 15:18:20.336880,NewYork-3086,34,80,Normal
2026-02-09 15:18:21.336880,NewYork-3086,-13,77,Normal
2026-02-09 15:18:22.336880,NewYork-3086,-22,27,Normal
2026-02-09 15:18:23.336880,NewYork-3086,-27,14,Normal
2026-02-09 15:18:24.336880,NewYork-3086,-9,60,Normal
2026-02-09 15:18:25.336880,NewYork-3086,-13,18,Normal
2026-02-09 15:18:26.336880,NewYork-3086,-21,90,Normal
2026-02-09 15:18:27.336880,NewYork-3086,1,33,Normal
2026-02-09 15:18:28.336880,NewYork-3086,17,10,Normal
2026-02-09 15:18:29.336880,NewYork-3086,33,69,Normal
2026-02-09 15:18:30.336880,NewYork-3086,-25,14,Normal
2026-02-09 15:18:31.336880,NewYork-3086,19,74,Normal
2026-02-09 15:18:32.336880,NewYork-3086,31,0,Normal
2026-02-09 15:18:33.336880,NewYork-3086,46,61,Normal
2026-02-09 15:18:34.336880,NewYork-3086,-11,78,Normal
2026-02-09 15:18:35.336880,NewYork-3086,10,52,Normal
2026-02-09 15:18:36.336880,NewYork-3086,3,64,Normal
2026-02-09 15:18:37.336880,NewYork-3086,18,1,Normal
2026-02-09 15:18:38.336880,NewYork-3086,47,75,Normal
2026-02-09 15:18:39.336880,NewYork-3086,24,16,Normal
2026-02-09 15:18:40.336880,NewYork-3086,8,40,Normal
2026-02-09 15:18:41.336880,NewYork-3086,22,24,Normal
2026-02-09 15:18:42.336880,NewYork-3086,-26,27,Normal
2026-02-09 15:18:43.336880,NewYork-3086,21,88,Normal
2026-02-09 15:18:44.336880,NewYork-3086,-11,6,Normal
2026-02-09 15:18:45.336880,NewYork-3086,-5,63,Normal
2026-02-09 15:18:46.336880,NewYork-3086,3,19,Normal
2026-02-09 15:18:47.336880,NewYork-3086,35,67,Normal
2026-02-09 15:18:48.336880,NewYork-3086,10,86,Normal
2026-02-09 15:18:49.336880,NewYork-3086,-17,72,Normal
2026-02-09 15:18:50.336880,NewYork-3086,19,95,Normal
2026-02-09 15:18:51.336880,NewYork-3086,49,53,Normal
2026-02-09 15:18:52.336880,NewYork-3086,37,85,Normal
2026-02-09 15:18:53.336880,NewYork-3086,28,20,Normal
2026-02-09 15:18:54.336880,NewYork-3086,-14,69,Normal
2026-02-09 15:18:55.336880,NewYork-3086,45,57,Normal
2026-02-09 15:18:56.336880,NewYork-3086,21,99,Normal
2026-02-09 15:18:57.336880,NewYork-3086,48,24,Normal
2026-02-09 15:18:58.336880,NewYork-3086,-29,78,Normal
2026-02-09 15:18:59.336880,NewYork-3086,17,51,Normal
2026-02-09 15:19:00.336880,NewYork-3086,37,5,Normal
2026-02-09 15:19:01.336880,NewYork-3086,12,18,Normal
2026-02-09 15:19:02.336880,NewYork-3086,16,38,Normal
2026-02-09 15:19:03.336880,NewYork-3086,15,94,Normal
2026-02-09 15:19:04.336880,NewYork-3086,-4,79,Normal
2026-02-09 15:19:05.336880,NewYork-3086,7,15,Normal
2026-02-09 15:19:06.336880,NewYork-3086,47,95,Normal
2026-02-09 15:19:07.336880,NewYork-3086,7,51,Normal
2026-02-09 15:19:08.336880,NewYork-3086,1,100,Normal
2026-02-09 15:19:09.336880,NewYork-3086,-6,56,Normal
2026-02-09 15:19:10.336880,NewYork-3086,23,26,Normal
2026-02-09 15:19:11.336880,NewYork-3086,-13,23,Normal
2026-02-09 15:19:12.336880,NewYork-3086,9,38,Normal
2026-02-09 15:19:13.336880,NewYork-3086,-3,60,Normal
2026-02-09 15:19:14.336880,NewYork-3086,26,42,Normal
2026-02-09 15:19:15.336880,NewYork-3086,31,65,Normal
2026-02-09 15:19:16.336880,NewYork-3086,11,65,Normal
2026-02-09 15:19:17.336880,NewYork-3086,31,7,Normal
2026-02-09 15:19:18.336880,NewYork-3086,-21,14,Normal
2026-02-09 15:19:19.336880,NewYork-3086,-5,63,Normal
2026-02-09 15:19:20.336880,NewYork-3086,17,91,Normal
2026-02-09 15:19:21.336880,NewYork-3086,-2,13,Normal
2026-02-09 15:19:22.336880,NewYork-3086,40,63,Normal
2026-02-09 15:19:23.336880,NewYork-3086,28,54,Normal
2026-02-09 15:19:24.336880,NewYork-3086,-8,13,Normal
2026-02-09 15:19:25.336880,NewYork-3086,36,73,Normal
2026-02-09 15:19:26.336880,NewYork-3086,22,99,Normal
2026-02-09 15:19:27.336880,NewYork-3086,5,54,Normal
2026-02-09 15:19:28.336880,NewYork-3086,42,18,Normal
2026-02-09 15:19:29.336880,NewYork-3086,0,59,Normal
2026-02-09 15:19:30.336880,NewYork-3086,7,77,Normal
2026-02-09 15:19:31.336880,NewYork-3086,-20,69,Normal
2026-02-09 15:19:32.336880,NewYork-3086,-2,2,Normal
2026-02-09 15:19:33.336880,NewYork-3086,-13,80,Normal
2026-02-09 15:19:34.336880,NewYork-3086,34,40,Normal
2026-02-09 15:19:35.336880,NewYork-3086,-4,87,Normal
2026-02-09 15:19:36.336880,NewYork-3086,48,19,Normal
2026-02-09 15:19:37.336880,NewYork-3086,-22,58,Normal
2026-02-09 15:19:38.336880,NewYork-3086,43,38,Normal
2026-02-09 15:19:39.336880,NewYork-3086,-27,0,Normal
2026-02-09 15:19:40.336880,NewYork-3086,2,91,Normal
2026-02-09 15:19:41.336880,NewYork-3086,-29,38,Normal
2026-02-09 15:19:42.336880,NewYork-3086,-2,6,Normal
2026-02-09 15:19:43.336880,NewYork-3086,19,47,Normal
2026-02-09 15:19:44.336880,NewYork-3086,4,46,Normal
2026-02-09 15:19:45.336880,NewYork-3086,27,1,Normal
2026-02-09 15:19:46.336880,NewYork-3086,25,10,Normal
2026-02-09 15:19:47.336880,NewYork-3086,11,28,Normal
2026-02-09 15:19:48.336880,NewYork-3086,-3,24,Normal
2026-02-09 15:19:49.336880,NewYork-3086,-19,1,Normal
2026-02-09 15:19:50.336880,NewYork-3086,-5,15,Normal
2026-02-09 15:19:51.336880,NewYork-3086,46,28,Normal
2026-02-09 15:19:52.336880,NewYork-3086,11,29,Normal
2026-02-09 15:19:53.336880,NewYork-3086,37,16,Normal
2026-02-09 15:19:54.336880,NewYork-3086,-28,19,Normal
2026-02-09 15:19:55.336880,NewYork-3086,23,47,Normal
2026-02-09 15:19:56.336880,NewYork-3086,50,85,Normal
2026-02-09 15:19:57.336880,NewYork-3086,46,91,Normal
2026-02-09 15:19:58.336880,NewYork-3086,-9,56,Normal
2026-02-09 15:19:59.336880,NewYork-3086,19,39,Normal
2026-02-09 15:20:00.336880,NewYork-3086,20,25,Normal
2026-02-09 15:20:01.336880,NewYork-3086,36,28,Normal
2026-02-09 15:20:02.336880,NewYork-3086,25,34,Normal
2026-02-09 15:20:03.336880,NewYork-3086,19,100,Normal
2026-02-09 15:20:04.336880,NewYork-3086,19,84,Normal
2026-02-09 15:20:05.336880,NewYork-3086,16,52,Normal
2026-02-09 15:20:06.336880,NewYork-3086,46,11,Normal
2026-02-09 15:20:07.336880,NewYork-3086,-12,12,Normal
2026-02-09 15:20:08.336880,NewYork-3086,-27,100,Normal
2026-02-09 15:20:09.336880,NewYork-3086,11,80,Normal
2026-02-09 15:20:10.336880,NewYork-3086,-29,80,Normal
2026-02-09 15:20:11.336880,NewYork-3086,13,98,Normal
2026-02-09 15:20:12.336880,NewYork-3086,6,20,Normal
2026-02-09 15:20:13.336880,NewYork-3086,42,6,Normal
2026-02-09 15:20:14.336880,NewYork-3086,48,98,Normal
2026-02-09 15:20:15.336880,NewYork-3086,39,22,Normal
2026-02-09 15:20:16.336880,NewYork-3086,-11,32,Normal
2026-02-09 15:20:17.336880,NewYork-3086,-2,22,Normal
2026-02-09 15:20:18.336880,NewYork-3086,19,20,Normal
2026-02-09 15:20:19.336880,NewYork-3086,48,53,Normal
2026-02-09 15:20:20.336880,NewYork-3086,37,28,Normal
2026-02-09 15:20:21.336880,NewYork-3086,39,17,Normal
2026-02-09 15:20:22.336880,NewYork-3086,26,61,Normal
2026-02-09 15:20:23.336880,NewYork-3086,22,18,Normal
2026-02-09 15:20:24.336880,NewYork-3086,-25,25,Normal
2026-02-09 15:20:25.336880,NewYork-3086,24,16,Normal
2026-02-09 15:20:26.336880,NewYork-3086,-30,74,Normal
2026-02-09 15:20:27.336880,NewYork-3086,48,95,Normal
2026-02-09 15:20:28.336880,NewYork-3086,-8,11,Normal
2026-02-09 15:20:29.336880,NewYork-3086,3,25,Normal
2026-02-09 15:20:30.336880,NewYork-3086,15,94,Normal
2026-02-09 15:20:31.336880,NewYork-3086,42,77,Normal
2026-02-09 15:20:32.336880,NewYork-3086,18,30,Normal
2026-02-09 15:20:33.336880,NewYork-3086,29,57,Normal
2026-02-09 15:20:34.336880,NewYork-3086,15,1,Normal
2026-02-09 15:20:35.336880,NewYork-3086,9,81,Normal
2026-02-09 15:20:36.336880,NewYork-3086,-25,83,Normal
2026-02-09 15:20:37.336880,NewYork-3086,11,39,Normal
2026-02-09 15:20:38.336880,NewYork-3086,37,1,Normal
2026-02-09 15:20:39.336880,NewYork-3086,-23,48,Normal
2026-02-09 15:20:40.336880,NewYork-3086,-11,67,Normal
2026-02-09 15:20:41.336880,NewYork-3086,45,19,Normal
2026-02-09 15:20:42.336880,NewYork-3086,37,56,Normal
2026-02-09 15:20:43.336880,NewYork-3086,-5,8,Normal
2026-02-09 15:20:44.336880,NewYork-3086,46,0,Normal
2026-02-09 15:20:45.336880,NewYork-3086,21,6,Normal
2026-02-09 15:20:46.336880,NewYork-3086,31,93,Normal
2026-02-09 15:20:47.336880,NewYork-3086,32,72,Normal
2026-02-09 15:20:48.336880,NewYork-3086,35,95,Normal
2026-02-09 15:20:49.336880,NewYork-3086,-3,15,Normal
2026-02-09 15:20:50.336880,NewYork-3086,-9,22,Normal
2026-02-09 15:20:51.336880,NewYork-3086,23,49,Normal
2026-02-09 15:20:52.336880,NewYork-3086,-25,2,Normal
2026-02-09 15:20:53.336880,NewYork-3086,30,55,Normal
2026-02-09 15:20:54.336880,NewYork-3086,-23,0,Normal
2026-02-09 15:20:55.336880,NewYork-3086,36,21,Normal
2026-02-09 15:20:56.336880,NewYork-3086,41,82,Normal
2026-02-09 15:20:57.336880,NewYork-3086,-20,29,Normal
2026-02-09 15:20:58.336880,NewYork-3086,14,76,Normal
2026-02-09 15:20:59.336880,NewYork-3086,47,34,Normal
2026-02-09 15:21:00.336880,NewYork-3086,-24,14,Normal
2026-02-09 15:21:01.336880,NewYork-3086,-2,28,Normal
2026-02-09 15:21:02.336880,NewYork-3086,10,52,Normal
2026-02-09 15:21:03.336880,NewYork-3086,-25,54,Normal
2026-02-09 15:21:04.336880,NewYork-3086,-4,41,Normal
2026-02-09 15:21:05.336880,NewYork-3086,48,51,Normal
2026-02-09 15:21:06.336880,NewYork-3086,42,7,Normal
2026-02-09 15:21:07.336880,NewYork-3086,-27,39,Normal
2026-02-09 15:21:08.336880,NewYork-3086,29,61,Normal
2026-02-09 15:21:09.336880,NewYork-3086,-26,60,Normal
2026-02-09 15:21:10.336880,NewYork-3086,1,17,Normal
2026-02-09 15:21:11.336880,NewYork-3086,36,65,Normal
2026-02-09 15:21:12.336880,NewYork-3086,6,91,Normal
2026-02-09 15:21:13.336880,NewYork-3086,-14,30,Normal
2026-02-09 15:21:14.336880,NewYork-3086,-24,77,Normal
2026-02-09 15:21:15.336880,NewYork-3086,-14,61,Normal
2026-02-09 15:21:16.336880,NewYork-3086,10,91,Normal
2026-02-09 15:21:17.336880,NewYork-3086,18,13,Normal
2026-02-09 15:21:18.336880,NewYork-3086,-9,50,Normal
2026-02-09 15:21:19.336880,NewYork-3086,32,83,Normal
2026-02-09 15:21:20.336880,NewYork-3086,41,16,Normal
2026-02-09 15:21:21.336880,NewYork-3086,26,100,Normal
2026-02-09 15:21:22.336880,NewYork-3086,-15,96,Normal
2026-02-09 15:21:23.336880,NewYork-3086,-13,34,Normal
2026-02-09 15:21:24.336880,NewYork-3086,1,98,Normal
2026-02-09 15:21:25.336880,NewYork-3086,-12,24,Normal
2026-02-09 15:21:26.336880,NewYork-3086,-24,0,Normal
2026-02-09 15:21:27.336880,NewYork-3086,0,54,Normal
2026-02-09 15:21:28.336880,NewYork-3086,-2,68,Normal
2026-02-09 15:21:29.336880,NewYork-3086,13,31,Normal
2026-02-09 15:21:30.336880,NewYork-3086,32,88,Normal
2026-02-09 15:21:31.336880,NewYork-3086,21,75,Normal
2026-02-09 15:21:32.336880,NewYork-3086,1,12,Normal
2026-02-09 15:21:33.336880,NewYork-3086,-27,69,Normal
2026-02-09 15:21:34.336880,NewYork-3086,-9,50,Normal
2026-02-09 15:21:35.336880,NewYork-3086,46,56,Normal
2026-02-09 15:21:36.336880,NewYork-3086,34,81,Normal
2026-02-09 15:21:37.336880,NewYork-3086,39,51,Normal
2026-02-09 15:21:38.336880,NewYork-3086,-19,90,Normal
2026-02-09 15:21:39.336880,NewYork-3086,10,0,Normal
2026-02-09 15:21:40.336880,NewYork-3086,11,75,Normal
2026-02-09 15:21:41.336880,NewYork-3086,45,18,Normal
2026-02-09 15:21:42.336880,NewYork-3086,19,39,Normal
2026-02-09 15:21:43.336880,NewYork-3086,49,6,Normal
2026-02-09 15:21:44.336880,NewYork-3086,8,50,Normal
2026-02-09 15:21:45.336880,NewYork-3086,-8,81,Normal
2026-02-09 15:21:46.336880,NewYork-3086,-26,29,Normal
2026-02-09 15:21:47.336880,NewYork-3086,33,18,Normal
2026-02-09 15:21:48.336880,NewYork-3086,0,46,Normal
2026-02-09 15:21:49.336880,NewYork-3086,23,69,Normal
2026-02-09 15:21:50.336880,NewYork-3086,1,35,Normal
2026-02-09 15:21:51.336880,NewYork-3086,12,43,Normal
2026-02-09 15:21:52.336880,NewYork-3086,13,46,Normal
2026-02-09 15:21:53.336880,NewYork-3086,17,15,Normal
2026-02-09 15:21:54.336880,NewYork-3086,-29,27,Normal
2026-02-09 15:21:55.336880,NewYork-3086,11,96,Normal
2026-02-09 15:21:56.336880,NewYork-3086,9,40,Normal
2026-02-09 15:21:57.336880,NewYork-3086,43,87,Normal
2026-02-09 15:21:58.336880,NewYork-3086,-22,69,Normal
2026-02-09 15:21:59.336880,NewYork-3086,15,93,Normal
2026-02-09 15:22:00.336880,NewYork-3086,-24,84,Normal
2026-02-09 15:22:01.336880,NewYork-3086,47,74,Normal
2026-02-09 15:22:02.336880,NewYork-3086,12,60,Normal
2026-02-09 15:22:03.336880,NewYork-3086,45,26,Normal
2026-02-09 15:22:04.336880,NewYork-3086,31,62,Normal
2026-02-09 15:22:05.336880,NewYork-3086,17,36,Normal
2026-02-09 15:22:06.336880,NewYork-3086,47,48,Normal
2026-02-09 15:22:07.336880,NewYork-3086,11,81,Normal
2026-02-09 15:22:08.336880,NewYork-3086,-17,70,Normal
2026-02-09 15:22:09.336880,NewYork-3086,15,8,Normal
2026-02-09 15:22:10.336880,NewYork-3086,4,37,Normal
2026-02-09 15:22:11.336880,NewYork-3086,20,55,Normal
2026-02-09 15:22:12.336880,NewYork-3086,-19,79,Normal
2026-02-09 15:22:13.336880,NewYork-3086,17,44,Normal
2026-02-09 15:22:14.336880,NewYork-3086,-15,12,Normal
2026-02-09 15:22:15.336880,NewYork-3086,19,65,Normal
2026-02-09 15:22:16.336880,NewYork-3086,31,43,Normal
2026-02-09 15:22:17.336880,NewYork-3086,16,67,Normal
2026-02-09 15:22:18.336880,NewYork-3086,8,26,Normal
2026-02-09 15:22:19.336880,NewYork-3086,-3,79,Normal
2026-02-09 15:22:20.336880,NewYork-3086,4,44,Normal
2026-02-09 15:22:21.336880,NewYork-3086,-21,58,Normal
2026-02-09 15:22:22.336880,NewYork-3086,-18,41,Normal
2026-02-09 15:22:23.336880,NewYork-3086,9,24,Normal
2026-02-09 15:22:24.336880,NewYork-3086,8,73,Normal
2026-02-09 15:22:25.336880,NewYork-3086,26,36,Normal
2026-02-09 15:22:26.336880,NewYork-3086,33,17,Normal
2026-02-09 15:22:27.336880,NewYork-3086,32,80,Normal
2026-02-09 15:22:28.336880,NewYork-3086,-17,50,Normal
2026-02-09 15:22:29.336880,NewYork-3086,44,16,Normal
2026-02-09 15:22:30.336880,NewYork-3086,21,85,Normal
2026-02-09 15:22:31.336880,NewYork-3086,48,68,Normal
2026-02-09 15:22:32.336880,NewYork-3086,3,13,Normal
2026-02-09 15:22:33.336880,NewYork-3086,-25,87,Normal
2026-02-09 15:22:34.336880,NewYork-3086,18,47,Normal
2026-02-09 15:22:35.336880,NewYork-3086,-18,24,Normal
2026-02-09 15:22:36.336880,NewYork-3086,31,82,Normal
2026-02-09 15:22:37.336880,NewYork-3086,24,8,Normal
2026-02-09 15:22:38.336880,NewYork-3086,44,2,Normal
2026-02-09 15:22:39.336880,NewYork-3086,4,100,Normal
2026-02-09 15:22:40.336880,NewYork-3086,-21,67,Normal
2026-02-09 15:22:41.336880,NewYork-3086,25,71,Normal
2026-02-09 15:22:42.336880,NewYork-3086,40,33,Normal
2026-02-09 15:22:43.336880,NewYork-3086,29,98,Normal
2026-02-09 15:22:44.336880,NewYork-3086,31,46,Normal
2026-02-09 15:22:45.336880,NewYork-3086,13,83,Normal
2026-02-09 15:22:46.336880,NewYork-3086,-6,32,Normal
2026-02-09 15:22:47.336880,NewYork-3086,-16,58,Normal
2026-02-09 15:22:48.336880,NewYork-3086,44,63,Normal
2026-02-09 15:22:49.336880,NewYork-3086,46,80,Normal
2026-02-09 15:22:50.336880,NewYork-3086,47,22,Normal
2026-02-09 15:22:51.336880,NewYork-3086,1,73,Normal
2026-02-09 15:22:52.336880,NewYork-3086,29,13,Normal
2026-02-09 15:22:53.336880,NewYork-3086,40,28,Normal
2026-02-09 15:22:54.336880,NewYork-3086,34,100,Normal
2026-02-09 15:22:55.336880,NewYork-3086,2,77,Normal
2026-02-09 15:22:56.336880,NewYork-3086,6,18,Normal
2026-02-09 15:22:57.336880,NewYork-3086,-19,85,Normal
2026-02-09 15:22:58.336880,NewYork-3086,-8,66,Normal
2026-02-09 15:22:59.336880,NewYork-3086,38,66,Normal
2026-02-09 15:23:00.336880,NewYork-3086,4,21,Normal
2026-02-09 15:23:01.336880,NewYork-3086,27,78,Normal
2026-02-09 15:23:02.336880,NewYork-3086,2,24,Normal
2026-02-09 15:23:03.336880,NewYork-3086,36,30,Normal
2026-02-09 15:23:04.336880,NewYork-3086,37,9,Normal
2026-02-09 15:23:05.336880,NewYork-3086,9,17,Normal
2026-02-09 15:23:06.336880,NewYork-3086,39,89,Normal
2026-02-09 15:23:07.336880,NewYork-3086,-2,88,Normal
2026-02-09 15:23:08.336880,NewYork-3086,26,52,Normal
2026-02-09 15:23:09.336880,NewYork-3086,-3,12,Normal
2026-02-09 15:23:10.336880,NewYork-3086,-17,21,Normal
2026-02-09 15:23:11.336880,NewYork-3086,-7,9,Normal
2026-02-09 15:23:12.336880,NewYork-3086,14,26,Normal
2026-02-09 15:23:13.336880,NewYork-3086,-9,95,Normal
2026-02-09 15:23:14.336880,NewYork-3086,-24,0,Normal
2026-02-09 15:23:15.336880,NewYork-3086,36,75,Normal
2026-02-09 15:23:16.336880,NewYork-3086,10,71,Normal
2026-02-09 15:23:17.336880,NewYork-3086,11,57,Normal
2026-02-09 15:23:18.336880,NewYork-3086,-15,29,Normal
2026-02-09 15:23:19.336880,NewYork-3086,-9,16,Normal
2026-02-09 15:23:20.336880,NewYork-3086,-3,78,Normal
2026-02-09 15:23:21.336880,NewYork-3086,-22,33,Normal
2026-02-09 15:23:22.336880,NewYork-3086,19,10,Normal
2026-02-09 15:23:23.336880,NewYork-3086,-19,92,Normal
2026-02-09 15:23:24.336880,NewYork-3086,43,16,Normal
2026-02-09 15:23:25.336880,NewYork-3086,22,19,Normal
2026-02-09 15:23:26.336880,NewYork-3086,39,76,Normal
2026-02-09 15:23:27.336880,NewYork-3086,36,62,Normal
2026-02-09 15:23:28.336880,NewYork-3086,15,16,Normal
2026-02-09 15:23:29.336880,NewYork-3086,23,46,Normal
2026-02-09 15:23:30.336880,NewYork-3086,-5,34,Normal
2026-02-09 15:23:31.336880,NewYork-3086,22,10,Normal
2026-02-09 15:23:32.336880,NewYork-3086,10,54,Normal
2026-02-09 15:23:33.336880,NewYork-3086,32,89,Normal
2026-02-09 15:23:34.336880,NewYork-3086,-11,34,Normal
2026-02-09 15:23:35.336880,NewYork-3086,37,11,Normal
2026-02-09 15:23:36.336880,NewYork-3086,4,41,Normal
2026-02-09 15:23:37.336880,NewYork-3086,50,14,Normal
2026-02-09 15:23:38.336880,NewYork-3086,-10,98,Normal
2026-02-09 15:23:39.336880,NewYork-3086,32,100,Normal
2026-02-09 15:23:40.336880,NewYork-3086,43,68,Normal
2026-02-09 15:23:41.336880,NewYork-3086,-27,84,Normal
2026-02-09 15:23:42.336880,NewYork-3086,28,36,Normal
2026-02-09 15:23:43.336880,NewYork-3086,-18,92,Normal
2026-02-09 15:23:44.336880,NewYork-3086,-8,86,Normal
2026-02-09 15:23:45.336880,NewYork-3086,50,22,Normal
2026-02-09 15:23:46.336880,NewYork-3086,0,53,Normal
2026-02-09 15:23:47.336880,NewYork-3086,-15,17,Normal
2026-02-09 15:23:48.336880,NewYork-3086,-23,74,Normal
2026-02-09 15:23:49.336880,NewYork-3086,-11,58,Normal
2026-02-09 15:23:50.336880,NewYork-3086,32,75,Normal
2026-02-09 15:23:51.336880,NewYork-3086,2,12,Normal
2026-02-09 15:23:52.336880,NewYork-3086,23,64,Normal
2026-02-09 15:23:53.336880,NewYork-3086,20,31,Normal
2026-02-09 15:23:54.336880,NewYork-3086,23,85,Normal
2026-02-09 15:23:55.336880,NewYork-3086,16,86,Normal
2026-02-09 15:23:56.336880,NewYork-3086,35,9,Normal
2026-02-09 15:23:57.336880,NewYork-3086,-30,49,Normal
2026-02-09 15:23:58.336880,NewYork-3086,-16,77,Normal
2026-02-09 15:23:59.336880,NewYork-3086,10,36,Normal
2026-02-09 15:24:00.336880,NewYork-3086,-27,62,Normal
2026-02-09 15:24:01.336880,NewYork-3086,0,95,Normal
2026-02-09 15:24:02.336880,NewYork-3086,22,63,Normal
2026-02-09 15:24:03.336880,NewYork-3086,-13,33,Normal
2026-02-09 15:24:04.336880,NewYork-3086,-29,90,Normal
2026-02-09 15:24:05.336880,NewYork-3086,14,73,Normal
2026-02-09 15:24:06.336880,NewYork-3086,-24,78,Normal
2026-02-09 15:24:07.336880,NewYork-3086,25,28,Normal
2026-02-09 15:24:08.336880,NewYork-3086,-8,90,Normal
2026-02-09 15:24:09.336880,NewYork-3086,-25,27,Normal
2026-02-09 15:24:10.336880,NewYork-3086,-21,77,Normal
2026-02-09 15:24:11.336880,NewYork-3086,-19,35,Normal
2026-02-09 15:24:12.336880,NewYork-3086,33,97,Normal
2026-02-09 15:24:13.336880,NewYork-3086,23,60,Normal
2026-02-09 15:24:14.336880,NewYork-3086,37,90,Normal
2026-02-09 15:24:15.336880,NewYork-3086,-25,53,Normal
2026-02-09 15:24:16.336880,NewYork-3086,35,94,Normal
2026-02-09 15:24:17.336880,NewYork-3086,32,37,Normal
2026-02-09 15:24:18.336880,NewYork-3086,45,78,Normal
2026-02-09 15:24:19.336880,NewYork-3086,18,33,Normal
2026-02-09 15:24:20.336880,NewYork-3086,49,17,Normal
2026-02-09 15:24:21.336880,NewYork-3086,-17,47,Normal
2026-02-09 15:24:22.336880,NewYork-3086,36,68,Normal
2026-02-09 15:24:23.336880,NewYork-3086,1,66,Normal
2026-02-09 15:24:24.336880,NewYork-3086,11,53,Normal
2026-02-09 15:24:25.336880,NewYork-3086,25,56,Normal
2026-02-09 15:24:26.336880,NewYork-3086,-27,68,Normal
2026-02-09 15:24:27.336880,NewYork-3086,20,41,Normal
2026-02-09 15:24:28.336880,NewYork-3086,-14,18,Normal
2026-02-09 15:24:29.336880,NewYork-3086,29,69,Normal
2026-02-09 15:24:30.336880,NewYork-3086,-13,90,Normal
2026-02-09 15:24:31.336880,NewYork-3086,48,13,Normal
2026-02-09 15:24:32.336880,NewYork-3086,-7,41,Normal
2026-02-09 15:24:33.336880,NewYork-3086,-19,46,Normal
2026-02-09 15:24:34.336880,NewYork-3086,-12,38,Normal
2026-02-09 15:24:35.336880,NewYork-3086,-6,100,Normal
2026-02-09 15:24:36.336880,NewYork-3086,10,43,Normal
2026-02-09 15:24:37.336880,NewYork-3086,10,52,Normal
2026-02-09 15:24:38.336880,NewYork-3086,-25,9,Normal
2026-02-09 15:24:39.336880,NewYork-3086,20,48,Normal
2026-02-09 15:24:40.336880,NewYork-3086,-9,86,Normal
2026-02-09 15:24:41.336880,NewYork-3086,5,47,Normal
2026-02-09 15:24:42.336880,NewYork-3086,-30,21,Normal
2026-02-09 15:24:43.336880,NewYork-3086,12,78,Normal
2026-02-09 15:24:44.336880,NewYork-3086,15,88,Normal
2026-02-09 15:24:45.336880,NewYork-3086,27,86,Normal
2026-02-09 15:24:46.336880,NewYork-3086,-13,35,Normal
2026-02-09 15:24:47.336880,NewYork-3086,-3,88,Normal
2026-02-09 15:24:48.336880,NewYork-3086,49,12,Normal
2026-02-09 15:24:49.336880,NewYork-3086,43,10,Normal
2026-02-09 15:24:50.336880,NewYork-3086,50,88,Normal
2026-02-09 15:24:51.336880,NewYork-3086,31,87,Normal
2026-02-09 15:24:52.336880,NewYork-3086,33,18,Normal
2026-02-09 15:24:53.336880,NewYork-3086,-5,30,Normal
2026-02-09 15:24:54.336880,NewYork-3086,29,46,Normal
2026-02-09 15:24:55.336880,NewYork-3086,-7,1,Normal
2026-02-09 15:24:56.336880,NewYork-3086,40,46,Normal
2026-02-09 15:24:57.336880,NewYork-3086,36,79,Normal
2026-02-09 15:24:58.336880,NewYork-3086,-19,40,Normal
2026-02-09 15:24:59.336880,NewYork-3086,-9,70,Normal
2026-02-09 15:25:00.336880,NewYork-3086,-13,4,Normal
2026-02-09 15:25:01.336880,NewYork-3086,4,65,Normal
2026-02-09 15:25:02.336880,NewYork-3086,46,27,Normal
2026-02-09 15:25:03.336880,NewYork-3086,25,14,Normal
2026-02-09 15:25:04.336880,NewYork-3086,-10,26,Normal
2026-02-09 15:25:05.336880,NewYork-3086,-1,28,Normal
2026-02-09 15:25:06.336880,NewYork-3086,41,90,Normal
2026-02-09 15:25:07.336880,NewYork-3086,21,92,Normal
2026-02-09 15:25:08.336880,NewYork-3086,-17,95,Normal
2026-02-09 15:25:09.336880,NewYork-3086,13,18,Normal
2026-02-09 15:25:10.336880,NewYork-3086,23,48,Normal
2026-02-09 15:25:11.336880,NewYork-3086,36,85,Normal
2026-02-09 15:25:12.336880,NewYork-3086,30,52,Normal
2026-02-09 15:25:13.336880,NewYork-3086,26,61,Normal
2026-02-09 15:25:14.336880,NewYork-3086,-26,84,Normal
2026-02-09 15:25:15.336880,NewYork-3086,-14,10,Normal
2026-02-09 15:25:16.336880,NewYork-3086,41,96,Normal
2026-02-09 15:25:17.336880,NewYork-3086,9,39,Normal
2026-02-09 15:25:18.336880,NewYork-3086,7,60,Normal
2026-02-09 15:25:19.336880,NewYork-3086,40,79,Normal
2026-02-09 15:25:20.336880,NewYork-3086,18,72,Normal
2026-02-09 15:25:21.336880,NewYork-3086,-25,6,Normal
2026-02-09 15:25:22.336880,NewYork-3086,-17,17,Normal
2026-02-09 15:25:23.336880,NewYork-3086,44,1,Normal
2026-02-09 15:25:24.336880,NewYork-3086,-12,60,Normal
2026-02-09 15:25:25.336880,NewYork-3086,44,57,Normal
2026-02-09 15:25:26.336880,NewYork-3086,-30,76,Normal
2026-02-09 15:25:27.336880,NewYork-3086,43,64,Normal
2026-02-09 15:25:28.336880,NewYork-3086,18,72,Normal
2026-02-09 15:25:29.336880,NewYork-3086,-15,1,Normal
2026-02-09 15:25:30.336880,NewYork-3086,9,54,Normal
2026-02-09 15:25:31.336880,NewYork-3086,28,72,Normal
2026-02-09 15:25:32.336880,NewYork-3086,19,41,Normal
2026-02-09 15:25:33.336880,NewYork-3086,-7,56,Normal
2026-02-09 15:25:34.336880,NewYork-3086,7,26,Normal
2026-02-09 15:25:35.336880,NewYork-3086,45,52,Normal
2026-02-09 15:25:36.336880,NewYork-3086,11,18,Normal
2026-02-09 15:25:37.336880,NewYork-3086,18,52,Normal
2026-02-09 15:25:38.336880,NewYork-3086,-3,50,Normal
2026-02-09 15:25:39.336880,NewYork-3086,5,99,Normal
2026-02-09 15:25:40.336880,NewYork-3086,-1,94,Normal
2026-02-09 15:25:41.336880,NewYork-3086,12,17,Normal
2026-02-09 15:25:42.336880,NewYork-3086,14,16,Normal
2026-02-09 15:25:43.336880,NewYork-3086,32,2,Normal
2026-02-09 15:25:44.336880,NewYork-3086,21,79,Normal
2026-02-09 15:25:45.336880,NewYork-3086,46,94,Normal
2026-02-09 15:25:46.336880,NewYork-3086,-19,19,Normal
2026-02-09 15:25:47.336880,NewYork-3086,-25,28,Normal
2026-02-09 15:25:48.336880,NewYork-3086,-24,12,Normal
2026-02-09 15:25:49.336880,NewYork-3086,18,73,Normal
2026-02-09 15:25:50.336880,NewYork-3086,-26,81,Normal
2026-02-09 15:25:51.336880,NewYork-3086,-21,42,Normal
2026-02-09 15:25:52.336880,NewYork-3086,41,60,Normal
2026-02-09 15:25:53.336880,NewYork-3086,-30,24,Normal
2026-02-09 15:25:54.336880,NewYork-3086,40,52,Normal
2026-02-09 15:25:55.336880,NewYork-3086,27,92,Normal
2026-02-09 15:25:56.336880,NewYork-3086,-30,34,Normal
2026-02-09 15:25:57.336880,NewYork-3086,15,83,Normal
2026-02-09 15:25:58.336880,NewYork-3086,14,74,Normal
2026-02-09 15:25:59.336880,NewYork-3086,-1,91,Normal
2026-02-09 15:26:00.336880,NewYork-3086,-9,9,Normal
2026-02-09 15:26:01.336880,NewYork-3086,47,83,Normal
2026-02-09 15:26:02.336880,NewYork-3086,42,73,Normal
2026-02-09 15:26:03.336880,NewYork-3086,7,73,Normal
2026-02-09 15:26:04.336880,NewYork-3086,38,100,Normal
2026-02-09 15:26:05.336880,NewYork-3086,-22,23,Normal
2026-02-09 15:26:06.336880,NewYork-3086,43,12,Normal
2026-02-09 15:26:07.336880,NewYork-3086,-13,46,Normal
2026-02-09 15:26:08.336880,NewYork-3086,-1,33,Normal
2026-02-09 15:26:09.336880,NewYork-3086,-14,26,Normal
2026-02-09 15:26:10.336880,NewYork-3086,1,91,Normal
2026-02-09 15:26:11.336880,NewYork-3086,20,39,Normal
2026-02-09 15:26:12.336880,NewYork-3086,-20,31,Normal
2026-02-09 15:26:13.336880,NewYork-3086,-2,74,Normal
2026-02-09 15:26:14.336880,NewYork-3086,1,17,Normal
2026-02-09 15:26:15.336880,NewYork-3086,13,64,Normal
2026-02-09 15:26:16.336880,NewYork-3086,1,11,Normal
2026-02-09 15:26:17.336880,NewYork-3086,45,77,Normal
2026-02-09 15:26:18.336880,NewYork-3086,-6,14,Normal
2026-02-09 15:26:19.336880,NewYork-3086,-4,43,Normal
2026-02-09 15:26:20.336880,NewYork-3086,6,28,Normal
2026-02-09 15:26:21.336880,NewYork-3086,-25,13,Normal
2026-02-09 15:26:22.336880,NewYork-3086,-2,7,Normal
2026-02-09 15:26:23.336880,NewYork-3086,42,34,Normal
2026-02-09 15:26:24.336880,NewYork-3086,37,27,Normal
2026-02-09 15:26:25.336880,NewYork-3086,-6,29,Normal
2026-02-09 15:26:26.336880,NewYork-3086,27,17,Normal
2026-02-09 15:26:27.336880,NewYork-3086,18,53,Normal
2026-02-09 15:26:28.336880,NewYork-3086,-2,94,Normal
2026-02-09 15:26:29.336880,NewYork-3086,37,81,Normal
2026-02-09 15:26:30.336880,NewYork-3086,14,16,Normal
2026-02-09 15:26:31.336880,NewYork-3086,16,92,Normal
2026-02-09 15:26:32.336880,NewYork-3086,46,79,Normal
2026-02-09 15:26:33.336880,NewYork-3086,16,84,Normal
2026-02-09 15:26:34.336880,NewYork-3086,-6,33,Normal
2026-02-09 15:26:35.336880,NewYork-3086,3,9,Normal
2026-02-09 15:26:36.336880,NewYork-3086,10,75,Normal
2026-02-09 15:26:37.336880,NewYork-3086,21,82,Normal
2026-02-09 15:26:38.336880,NewYork-3086,-22,100,Normal
2026-02-09 15:26:39.336880,NewYork-3086,-11,73,Normal
2026-02-09 15:26:40.336880,NewYork-3086,-17,27,Normal
2026-02-09 15:26:41.336880,NewYork-3086,40,47,Normal
2026-02-09 15:26:42.336880,NewYork-3086,29,96,Normal
2026-02-09 15:26:43.336880,NewYork-3086,49,20,Normal
2026-02-09 15:26:44.336880,NewYork-3086,-1,92,Normal
2026-02-09 15:26:45.336880,NewYork-3086,-12,86,Normal
2026-02-09 15:26:46.336880,NewYork-3086,3,21,Normal
2026-02-09 15:26:47.336880,NewYork-3086,25,46,Normal
2026-02-09 15:26:48.336880,NewYork-3086,6,58,Normal
2026-02-09 15:26:49.336880,NewYork-3086,-23,93,Normal
2026-02-09 15:26:50.336880,NewYork-3086,24,87,Normal
2026-02-09 15:26:51.336880,NewYork-3086,-8,54,Normal
2026-02-09 15:26:52.336880,NewYork-3086,42,46,Normal
2026-02-09 15:26:53.336880,NewYork-3086,48,96,Normal
2026-02-09 15:26:54.336880,NewYork-3086,22,44,Normal
2026-02-09 15:26:55.336880,NewYork-3086,19,61,Normal
2026-02-09 15:26:56.336880,NewYork-3086,33,85,Normal
2026-02-09 15:26:57.336880,NewYork-3086,6,57,Normal
2026-02-09 15:26:58.336880,NewYork-3086,-9,13,Normal
2026-02-09 15:26:59.336880,NewYork-3086,-24,48,Normal
2026-02-09 15:27:00.336880,NewYork-3086,22,18,Normal
2026-02-09 15:27:01.336880,NewYork-3086,49,29,Normal
2026-02-09 15:27:02.336880,NewYork-3086,-17,51,Normal
2026-02-09 15:27:03.336880,NewYork-3086,16,7,Normal
2026-02-09 15:27:04.336880,NewYork-3086,36,24,Normal
2026-02-09 15:27:05.336880,NewYork-3086,24,11,Normal
2026-02-09 15:27:06.336880,NewYork-3086,14,46,Normal
2026-02-09 15:27:07.336880,NewYork-3086,-19,55,Normal
2026-02-09 15:27:08.336880,NewYork-3086,44,0,Normal
2026-02-09 15:27:09.336880,NewYork-3086,37,75,Normal
2026-02-09 15:27:10.336880,NewYork-3086,-15,84,Normal
2026-02-09 15:27:11.336880,NewYork-3086,-13,38,Normal
2026-02-09 15:27:12.336880,NewYork-3086,9,92,Normal
2026-02-09 15:27:13.336880,NewYork-3086,37,11,Normal
2026-02-09 15:27:14.336880,NewYork-3086,25,24,Normal
2026-02-09 15:27:15.336880,NewYork-3086,3,53,Normal
2026-02-09 15:27:16.336880,NewYork-3086,47,47,Normal
2026-02-09 15:27:17.336880,NewYork-3086,-6,36,Normal
2026-02-09 15:27:18.336880,NewYork-3086,-14,13,Normal
2026-02-09 15:27:19.336880,NewYork-3086,47,42,Normal
2026-02-09 15:27:20.336880,NewYork-3086,-25,42,Normal
2026-02-09 15:27:21.336880,NewYork-3086,38,10,Normal
2026-02-09 15:27:22.336880,NewYork-3086,15,43,Normal
2026-02-09 15:27:23.336880,NewYork-3086,6,12,Normal
2026-02-09 15:27:24.336880,NewYork-3086,-24,39,Normal
2026-02-09 15:27:25.336880,NewYork-3086,35,71,Normal
2026-02-09 15:27:26.336880,NewYork-3086,29,8,Normal
2026-02-09 15:27:27.336880,NewYork-3086,30,14,Normal
2026-02-09 15:27:28.336880,NewYork-3086,9,13,Normal
2026-02-09 15:27:29.336880,NewYork-3086,34,62,Normal
2026-02-09 15:27:30.336880,NewYork-3086,22,26,Normal
2026-02-09 15:27:31.336880,NewYork-3086,6,16,Normal
2026-02-09 15:27:32.336880,NewYork-3086,43,49,Normal
2026-02-09 15:27:33.336880,NewYork-3086,47,90,Normal
2026-02-09 15:27:34.336880,NewYork-3086,-10,22,Normal
2026-02-09 15:27:35.336880,NewYork-3086,15,72,Normal
2026-02-09 15:27:36.336880,NewYork-3086,41,57,Normal
2026-02-09 15:27:37.336880,NewYork-3086,15,6,Normal
2026-02-09 15:27:38.336880,NewYork-3086,-29,75,Normal
2026-02-09 15:27:39.336880,NewYork-3086,-18,26,Normal
2026-02-09 15:27:40.336880,NewYork-3086,12,4,Normal
2026-02-09 15:27:41.336880,NewYork-3086,13,64,Normal
2026-02-09 15:27:42.336880,NewYork-3086,-2,32,Normal
2026-02-09 15:27:43.336880,NewYork-3086,43,15,Normal
2026-02-09 15:27:44.336880,NewYork-3086,8,47,Normal
2026-02-09 15:27:45.336880,NewYork-3086,-6,81,Normal
2026-02-09 15:27:46.336880,NewYork-3086,3,57,Normal
2026-02-09 15:27:47.336880,NewYork-3086,-23,63,Normal
2026-02-09 15:27:48.336880,NewYork-3086,14,36,Normal
2026-02-09 15:27:49.336880,NewYork-3086,-5,15,Normal
2026-02-09 15:27:50.336880,NewYork-3086,25,34,Normal
2026-02-09 15:27:51.336880,NewYork-3086,2,99,Normal
2026-02-09 15:27:52.336880,NewYork-3086,-6,76,Normal
2026-02-09 15:27:53.336880,NewYork-3086,42,51,Normal
2026-02-09 15:27:54.336880,NewYork-3086,-13,96,Normal
2026-02-09 15:27:55.336880,NewYork-3086,22,87,Normal
2026-02-09 15:27:56.336880,NewYork-3086,-7,76,Normal
2026-02-09 15:27:57.336880,NewYork-3086,-27,6,Normal
2026-02-09 15:27:58.336880,NewYork-3086,-18,2,Normal
2026-02-09 15:27:59.336880,NewYork-3086,39,57,Normal
2026-02-09 15:28:00.336880,NewYork-3086,-25,56,Normal
2026-02-09 15:28:01.336880,NewYork-3086,-7,23,Normal
2026-02-09 15:28:02.336880,NewYork-3086,32,27,Normal
2026-02-09 15:28:03.336880,NewYork-3086,-1,57,Normal
2026-02-09 15:28:04.336880,NewYork-3086,24,10,Normal
2026-02-09 15:28:05.336880,NewYork-3086,-10,39,Normal
2026-02-09 15:28:06.336880,NewYork-3086,33,79,Normal
2026-02-09 15:28:07.336880,NewYork-3086,48,81,Normal
2026-02-09 15:28:08.336880,NewYork-3086,-20,35,Normal
2026-02-09 15:28:09.336880,NewYork-3086,48,95,Normal
2026-02-09 15:28:10.336880,NewYork-3086,-25,0,Normal
2026-02-09 15:28:11.336880,NewYork-3086,-21,22,Normal
2026-02-09 15:28:12.336880,NewYork-3086,17,100,Normal
2026-02-09 15:28:13.336880,NewYork-3086,-2,59,Normal
2026-02-09 15:28:14.336880,NewYork-3086,-12,41,Normal
2026-02-09 15:28:15.336880,NewYork-3086,29,78,Normal
2026-02-09 15:28:16.336880,NewYork-3086,16,47,Normal
2026-02-09 15:28:17.336880,NewYork-3086,0,93,Normal
2026-02-09 15:28:18.336880,NewYork-3086,32,62,Normal
2026-02-09 15:28:19.336880,NewYork-3086,-8,7,Normal
2026-02-09 15:28:20.336880,NewYork-3086,4,5,Normal
2026-02-09 15:28:21.336880,NewYork-3086,50,80,Normal
2026-02-09 15:28:22.336880,NewYork-3086,9,65,Normal
2026-02-09 15:28:23.336880,NewYork-3086,-15,23,Normal
2026-02-09 15:28:24.336880,NewYork-3086,45,79,Normal
2026-02-09 15:28:25.336880,NewYork-3086,-9,95,Normal
2026-02-09 15:28:26.336880,NewYork-3086,28,59,Normal
2026-02-09 15:28:27.336880,NewYork-3086,-25,15,Normal
2026-02-09 15:28:28.336880,NewYork-3086,34,55,Normal
2026-02-09 15:28:29.336880,NewYork-3086,46,65,Normal
2026-02-09 15:28:30.336880,NewYork-3086,-8,44,Normal
2026-02-09 15:28:31.336880,NewYork-3086,18,75,Normal
2026-02-09 15:28:32.336880,NewYork-3086,-29,19,Normal
2026-02-09 15:28:33.336880,NewYork-3086,-12,70,Normal
2026-02-09 15:28:34.336880,NewYork-3086,50,41,Normal
2026-02-09 15:28:35.336880,NewYork-3086,-15,72,Normal
2026-02-09 15:28:36.336880,NewYork-3086,-18,27,Normal
2026-02-09 15:28:37.336880,NewYork-3086,-16,95,Normal
2026-02-09 15:28:38.336880,NewYork-3086,22,71,Normal
2026-02-09 15:28:39.336880,NewYork-3086,26,76,Normal
2026-02-09 15:28:40.336880,NewYork-3086,49,31,Normal
2026-02-09 15:28:41.336880,NewYork-3086,43,50,Normal
2026-02-09 15:28:42.336880,NewYork-3086,3,2,Normal
2026-02-09 15:28:43.336880,NewYork-3086,8,28,Normal
2026-02-09 15:28:44.336880,NewYork-3086,12,96,Normal
2026-02-09 15:28:45.336880,NewYork-3086,15,25,Normal
2026-02-09 15:28:46.336880,NewYork-3086,-19,100,Normal
2026-02-09 15:28:47.336880,NewYork-3086,39,68,Normal
2026-02-09 15:28:48.336880,NewYork-3086,15,17,Normal
2026-02-09 15:28:49.336880,NewYork-3086,-24,56,Normal
2026-02-09 15:28:50.336880,NewYork-3086,-6,53,Normal
2026-02-09 15:28:51.336880,NewYork-3086,4,57,Normal
2026-02-09 15:28:52.336880,NewYork-3086,7,58,Normal
2026-02-09 15:28:53.336880,NewYork-3086,-29,28,Normal
2026-02-09 15:28:54.336880,NewYork-3086,-27,55,Normal
2026-02-09 15:28:55.336880,NewYork-3086,-25,80,Normal
2026-02-09 15:28:56.336880,NewYork-3086,18,99,Normal
2026-02-09 15:28:57.336880,NewYork-3086,44,64,Normal
2026-02-09 15:28:58.336880,NewYork-3086,-2,28,Normal
2026-02-09 15:28:59.336880,NewYork-3086,5,83,Normal
2026-02-09 15:29:00.336880,NewYork-3086,-23,21,Normal
2026-02-09 15:29:01.336880,NewYork-3086,24,41,Normal
2026-02-09 15:29:02.336880,NewYork-3086,39,84,Normal
2026-02-09 15:29:03.336880,NewYork-3086,20,2,Normal
2026-02-09 15:29:04.336880,NewYork-3086,29,92,Normal
2026-02-09 15:29:05.336880,NewYork-3086,38,8,Normal
2026-02-09 15:29:06.336880,NewYork-3086,26,38,Normal
2026-02-09 15:29:07.336880,NewYork-3086,44,14,Normal
2026-02-09 15:29:08.336880,NewYork-3086,-14,15,Normal
2026-02-09 15:29:09.336880,NewYork-3086,38,16,Normal
2026-02-09 15:29:10.336880,NewYork-3086,-8,35,Normal
2026-02-09 15:29:11.336880,NewYork-3086,-15,82,Normal
2026-02-09 15:29:12.336880,NewYork-3086,-4,10,Normal
2026-02-09 15:29:13.336880,NewYork-3086,37,89,Normal
2026-02-09 15:29:14.336880,NewYork-3086,-27,3,Normal
2026-02-09 15:29:15.336880,NewYork-3086,41,98,Normal
2026-02-09 15:29:16.336880,NewYork-3086,-15,0,Normal
2026-02-09 15:29:17.336880,NewYork-3086,27,73,Normal
2026-02-09 15:29:18.336880,NewYork-3086,39,62,Normal
2026-02-09 15:29:19.336880,NewYork-3086,-16,42,Normal
2026-02-09 15:29:20.336880,NewYork-3086,4,51,Normal
2026-02-09 15:29:21.336880,NewYork-3086,22,15,Normal
2026-02-09 15:29:22.336880,NewYork-3086,-20,93,Normal
2026-02-09 15:29:23.336880,NewYork-3086,19,54,Normal
2026-02-09 15:29:24.336880,NewYork-3086,31,81,Normal
2026-02-09 15:29:25.336880,NewYork-3086,-22,5,Normal
2026-02-09 15:29:26.336880,NewYork-3086,34,42,Normal
2026-02-09 15:29:27.336880,NewYork-3086,-1,80,Normal
2026-02-09 15:29:28.336880,NewYork-3086,-21,45,Normal
2026-02-09 15:29:29.336880,NewYork-3086,47,87,Normal
2026-02-09 15:29:30.336880,NewYork-3086,-18,44,Normal
2026-02-09 15:29:31.336880,NewYork-3086,0,91,Normal
2026-02-09 15:29:32.336880,NewYork-3086,-3,69,Normal
2026-02-09 15:29:33.336880,NewYork-3086,7,62,Normal
2026-02-09 15:29:34.336880,NewYork-3086,-17,25,Normal
2026-02-09 15:29:35.336880,NewYork-3086,1,40,Normal
2026-02-09 15:29:36.336880,NewYork-3086,50,67,Normal
2026-02-09 15:29:37.336880,NewYork-3086,25,53,Normal
2026-02-09 15:29:38.336880,NewYork-3086,32,97,Normal
2026-02-09 15:29:39.336880,NewYork-3086,-8,42,Normal
2026-02-09 15:29:40.336880,NewYork-3086,33,96,Normal
2026-02-09 15:29:41.336880,NewYork-3086,49,98,Normal
2026-02-09 15:29:42.336880,NewYork-3086,-28,63,Normal
2026-02-09 15:29:43.336880,NewYork-3086,-26,25,Normal
2026-02-09 15:29:44.336880,NewYork-3086,-11,49,Normal
2026-02-09 15:29:45.336880,NewYork-3086,-21,34,Normal
2026-02-09 15:29:46.336880,NewYork-3086,37,0,Normal
2026-02-09 15:29:47.336880,NewYork-3086,-28,95,Normal
2026-02-09 15:29:48.336880,NewYork-3086,45,80,Normal
2026-02-09 15:29:49.336880,NewYork-3086,-14,81,Normal
2026-02-09 15:29:50.336880,NewYork-3086,15,37,Normal
2026-02-09 15:29:51.336880,NewYork-3086,9,10,Normal
2026-02-09 15:29:52.336880,NewYork-3086,11,98,Normal
2026-02-09 15:29:53.336880,NewYork-3086,33,98,Normal
2026-02-09 15:29:54.336880,NewYork-3086,-29,90,Normal
2026-02-09 15:29:55.336880,NewYork-3086,4,2,Normal
2026-02-09 15:29:56.336880,NewYork-3086,-23,15,Normal
2026-02-09 15:29:57.336880,NewYork-3086,15,90,Normal
2026-02-09 15:29:58.336880,NewYork-3086,-22,57,Normal
2026-02-09 15:29:59.336880,NewYork-3086,17,60,Normal
2026-02-09 15:30:00.336880,NewYork-3086,2,83,Normal
2026-02-09 15:30:01.336880,NewYork-3086,-21,31,Normal
2026-02-09 15:30:02.336880,NewYork-3086,27,13,Normal
2026-02-09 15:30:03.336880,NewYork-3086,-16,69,Normal
2026-02-09 15:30:04.336880,NewYork-3086,25,45,Normal
2026-02-09 15:30:05.336880,NewYork-3086,33,43,Normal
2026-02-09 15:30:06.336880,NewYork-3086,17,80,Normal
2026-02-09 15:30:07.336880,NewYork-3086,36,98,Normal
2026-02-09 15:30:08.336880,NewYork-3086,-22,9,Normal
2026-02-09 15:30:09.336880,NewYork-3086,-5,87,Normal
2026-02-09 15:30:10.336880,NewYork-3086,-1,15,Normal
2026-02-09 15:30:11.336880,NewYork-3086,47,13,Normal
2026-02-09 15:30:12.336880,NewYork-3086,-3,90,Normal
2026-02-09 15:30:13.336880,NewYork-3086,-30,52,Normal
2026-02-09 15:30:14.336880,NewYork-3086,44,70,Normal
2026-02-09 15:30:15.336880,NewYork-3086,-7,26,Normal
2026-02-09 15:30:16.336880,NewYork-3086,5,92,Normal
2026-02-09 15:30:17.336880,NewYork-3086,-19,11,Normal
2026-02-09 15:30:18.336880,NewYork-3086,-1,35,Normal
2026-02-09 15:30:19.336880,NewYork-3086,-13,3,Normal
2026-02-09 15:30:20.336880,NewYork-3086,-17,25,Normal
2026-02-09 15:30:21.336880,NewYork-3086,-5,80,Normal
2026-02-09 15:30:22.336880,NewYork-3086,-17,97,Normal
2026-02-09 15:30:23.336880,NewYork-3086,28,28,Normal
2026-02-09 15:30:24.336880,NewYork-3086,-24,18,Normal
2026-02-09 15:30:25.336880,NewYork-3086,9,61,Normal
2026-02-09 15:30:26.336880,NewYork-3086,40,30,Normal
2026-02-09 15:30:27.336880,NewYork-3086,18,74,Normal
2026-02-09 15:30:28.336880,NewYork-3086,40,76,Normal
2026-02-09 15:30:29.336880,NewYork-3086,0,30,Normal
2026-02-09 15:30:30.336880,NewYork-3086,-28,29,Normal
2026-02-09 15:30:31.336880,NewYork-3086,-27,0,Normal
2026-02-09 15:30:32.336880,NewYork-3086,40,78,Normal
2026-02-09 15:30:33.336880,NewYork-3086,34,1,Normal
2026-02-09 15:30:34.336880,NewYork-3086,9,18,Normal
2026-02-09 15:30:35.336880,NewYork-3086,37,16,Normal
2026-02-09 15:30:36.336880,NewYork-3086,45,23,Normal
2026-02-09 15:30:37.336880,NewYork-3086,29,92,Normal
2026-02-09 15:30:38.336880,NewYork-3086,26,65,Normal
2026-02-09 15:30:39.336880,NewYork-3086,30,51,Normal
2026-02-09 15:30:40.336880,NewYork-3086,10,90,Normal
2026-02-09 15:30:41.336880,NewYork-3086,34,14,Normal
2026-02-09 15:30:42.336880,NewYork-3086,41,30,Normal
2026-02-09 15:30:43.336880,NewYork-3086,30,8,Normal
2026-02-09 15:30:44.336880,NewYork-3086,-17,82,Normal
2026-02-09 15:30:45.336880,NewYork-3086,5,92,Normal
2026-02-09 15:30:46.336880,NewYork-3086,-10,88,Normal
2026-02-09 15:30:47.336880,NewYork-3086,-1,89,Normal
2026-02-09 15:30:48.336880,NewYork-3086,42,59,Normal
2026-02-09 15:30:49.336880,NewYork-3086,-26,89,Normal
2026-02-09 15:30:50.336880,NewYork-3086,-19,50,Normal
2026-02-09 15:30:51.336880,NewYork-3086,24,21,Normal
2026-02-09 15:30:52.336880,NewYork-3086,-18,69,Normal
2026-02-09 15:30:53.336880,NewYork-3086,23,55,Normal
2026-02-09 15:30:54.336880,NewYork-3086,21,79,Normal
2026-02-09 15:30:55.336880,NewYork-3086,39,19,Normal
2026-02-09 15:30:56.336880,NewYork-3086,34,7,Normal
2026-02-09 15:30:57.336880,NewYork-3086,3,57,Normal
2026-02-09 15:30:58.336880,NewYork-3086,23,21,Normal
2026-02-09 15:30:59.336880,NewYork-3086,7,28,Normal
2026-02-09 15:31:00.336880,NewYork-3086,-30,13,Normal
2026-02-09 15:31:01.336880,NewYork-3086,31,42,Normal
2026-02-09 15:31:02.336880,NewYork-3086,48,95,Normal
2026-02-09 15:31:03.336880,NewYork-3086,27,46,Normal
2026-02-09 15:31:04.336880,NewYork-3086,-17,68,Normal
2026-02-09 15:31:05.336880,NewYork-3086,-20,42,Normal
2026-02-09 15:31:06.336880,NewYork-3086,36,72,Normal
2026-02-09 15:31:07.336880,NewYork-3086,-16,56,Normal
2026-02-09 15:31:08.336880,NewYork-3086,-5,90,Normal
2026-02-09 15:31:09.336880,NewYork-3086,-19,62,Normal
2026-02-09 15:31:10.336880,NewYork-3086,38,93,Normal
2026-02-09 15:31:11.336880,NewYork-3086,14,84,Normal
2026-02-09 15:31:12.336880,NewYork-3086,-8,55,Normal
2026-02-09 15:31:13.336880,NewYork-3086,43,71,Normal
2026-02-09 15:31:14.336880,NewYork-3086,21,44,Normal
2026-02-09 15:31:15.336880,NewYork-3086,5,5,Normal
2026-02-09 15:31:16.336880,NewYork-3086,38,16,Normal
2026-02-09 15:31:17.336880,NewYork-3086,4,82,Normal
2026-02-09 15:31:18.336880,NewYork-3086,19,3,Normal
2026-02-09 15:31:19.336880,NewYork-3086,-15,9,Normal
2026-02-09 15:31:20.336880,NewYork-3086,27,13,Normal
2026-02-09 15:31:21.336880,NewYork-3086,-15,86,Normal
2026-02-09 15:31:22.336880,NewYork-3086,31,86,Normal
2026-02-09 15:31:23.336880,NewYork-3086,-24,8,Normal
2026-02-09 15:31:24.336880,NewYork-3086,16,87,Normal
2026-02-09 15:31:25.336880,NewYork-3086,-21,58,Normal
2026-02-09 15:31:26.336880,NewYork-3086,0,61,Normal
2026-02-09 15:31:27.336880,NewYork-3086,35,90,Normal
2026-02-09 15:31:28.336880,NewYork-3086,45,33,Normal
2026-02-09 15:31:29.336880,NewYork-3086,-16,78,Normal
2026-02-09 15:31:30.336880,NewYork-3086,-14,80,Normal
2026-02-09 15:31:31.336880,NewYork-3086,35,71,Normal
2026-02-09 15:31:32.336880,NewYork-3086,-23,40,Normal
2026-02-09 15:31:33.336880,NewYork-3086,25,65,Normal
2026-02-09 15:31:34.336880,NewYork-3086,12,36,Normal
2026-02-09 15:31:35.336880,NewYork-3086,-28,43,Normal
2026-02-09 15:31:36.336880,NewYork-3086,50,13,Normal
2026-02-09 15:31:37.336880,NewYork-3086,-12,100,Normal
2026-02-09 15:31:38.336880,NewYork-3086,-29,6,Normal
2026-02-09 15:31:39.336880,NewYork-3086,22,27,Normal
2026-02-09 15:31:40.336880,NewYork-3086,-26,24,Normal
2026-02-09 15:31:41.336880,NewYork-3086,-26,5,Normal
2026-02-09 15:31:42.336880,NewYork-3086,16,94,Normal
2026-02-09 15:31:43.336880,NewYork-3086,27,88,Normal
2026-02-09 15:31:44.336880,NewYork-3086,22,31,Normal
2026-02-09 15:31:45.336880,NewYork-3086,14,77,Normal
2026-02-09 15:31:46.336880,NewYork-3086,-11,12,Normal
2026-02-09 15:31:47.336880,NewYork-3086,-4,2,Normal
2026-02-09 15:31:48.336880,NewYork-3086,43,88,Normal
2026-02-09 15:31:49.336880,NewYork-3086,16,84,Normal
2026-02-09 15:31:50.336880,NewYork-3086,34,1,Normal
2026-02-09 15:31:51.336880,NewYork-3086,50,19,Normal
2026-02-09 15:31:52.336880,NewYork-3086,-20,79,Normal
2026-02-09 15:31:53.336880,NewYork-3086,31,27,Normal
2026-02-09 15:31:54.336880,NewYork-3086,-22,54,Normal
2026-02-09 15:31:55.336880,NewYork-3086,-7,26,Normal
2026-02-09 15:31:56.336880,NewYork-3086,38,92,Normal
2026-02-09 15:31:57.336880,NewYork-3086,-2,79,Normal
2026-02-09 15:31:58.336880,NewYork-3086,-9,86,Normal
2026-02-09 15:31:59.336880,NewYork-3086,-8,8,Normal
2026-02-09 15:32:00.336880,NewYork-3086,48,34,Normal
2026-02-09 15:32:01.336880,NewYork-3086,-1,65,Normal
2026-02-09 15:32:02.336880,NewYork-3086,21,4,Normal
2026-02-09 15:32:03.336880,NewYork-3086,22,73,Normal
2026-02-09 15:32:04.336880,NewYork-3086,13,84,Normal
2026-02-09 15:32:05.336880,NewYork-3086,33,100,Normal
2026-02-09 15:32:06.336880,NewYork-3086,-15,59,Normal
2026-02-09 15:32:07.336880,NewYork-3086,26,49,Normal
2026-02-09 15:32:08.336880,NewYork-3086,16,58,Normal
2026-02-09 15:32:09.336880,NewYork-3086,35,38,Normal
2026-02-09 15:32:10.336880,NewYork-3086,27,73,Normal
2026-02-09 15:32:11.336880,NewYork-3086,0,71,Normal
2026-02-09 15:32:12.336880,NewYork-3086,25,3,Normal
2026-02-09 15:32:13.336880,NewYork-3086,-25,93,Normal
2026-02-09 15:32:14.336880,NewYork-3086,-28,71,Normal
2026-02-09 15:32:15.336880,NewYork-3086,28,66,Normal
2026-02-09 15:32:16.336880,NewYork-3086,12,1,Normal
2026-02-09 15:32:17.336880,NewYork-3086,50,13,Normal
2026-02-09 15:32:18.336880,NewYork-3086,-20,81,Normal
2026-02-09 15:32:19.336880,NewYork-3086,1,75,Normal
2026-02-09 15:32:20.336880,NewYork-3086,8,50,Normal
2026-02-09 15:32:21.336880,NewYork-3086,-25,83,Normal
2026-02-09 15:32:22.336880,NewYork-3086,-10,2,Normal
2026-02-09 15:32:23.336880,NewYork-3086,47,31,Normal
2026-02-09 15:32:24.336880,NewYork-3086,-7,83,Normal
2026-02-09 15:32:25.336880,NewYork-3086,-22,85,Normal
2026-02-09 15:32:26.336880,NewYork-3086,-3,91,Normal
2026-02-09 15:32:27.336880,NewYork-3086,33,47,Normal
2026-02-09 15:32:28.336880,NewYork-3086,7,62,Normal
2026-02-09 15:32:29.336880,NewYork-3086,-12,84,Normal
2026-02-09 15:32:30.336880,NewYork-3086,9,18,Normal
2026-02-09 15:32:31.336880,NewYork-3086,27,79,Normal
2026-02-09 15:32:32.336880,NewYork-3086,20,46,Normal
2026-02-09 15:32:33.336880,NewYork-3086,27,29,Normal
2026-02-09 15:32:34.336880,NewYork-3086,1,82,Normal
2026-02-09 15:32:35.336880,NewYork-3086,15,31,Normal
2026-02-09 15:32:36.336880,NewYork-3086,16,11,Normal
2026-02-09 15:32:37.336880,NewYork-3086,31,76,Normal
2026-02-09 15:32:38.336880,NewYork-3086,-30,97,Normal
2026-02-09 15:32:39.336880,NewYork-3086,30,58,Normal
2026-02-09 15:32:40.336880,NewYork-3086,14,28,Normal
2026-02-09 15:32:41.336880,NewYork-3086,0,58,Normal
2026-02-09 15:32:42.336880,NewYork-3086,-29,84,Normal
2026-02-09 15:32:43.336880,NewYork-3086,-5,6,Normal
2026-02-09 15:32:44.336880,NewYork-3086,50,58,Normal
2026-02-09 15:32:45.336880,NewYork-3086,-22,4,Normal
2026-02-09 15:32:46.336880,NewYork-3086,46,75,Normal
2026-02-09 15:32:47.336880,NewYork-3086,50,67,Normal
2026-02-09 15:32:48.336880,NewYork-3086,-15,87,Normal
2026-02-09 15:32:49.336880,NewYork-3086,-30,24,Normal
2026-02-09 15:32:50.336880,NewYork-3086,-10,93,Normal
2026-02-09 15:32:51.336880,NewYork-3086,-17,23,Normal
2026-02-09 15:32:52.336880,NewYork-3086,-26,38,Normal
2026-02-09 15:32:53.336880,NewYork-3086,27,59,Normal
2026-02-09 15:32:54.336880,NewYork-3086,30,70,Normal
2026-02-09 15:32:55.336880,NewYork-3086,-24,45,Normal
2026-02-09 15:32:56.336880,NewYork-3086,40,17,Normal
2026-02-09 15:32:57.336880,NewYork-3086,-18,38,Normal
2026-02-09 15:32:58.336880,NewYork-3086,45,59,Normal
2026-02-09 15:32:59.336880,NewYork-3086,29,16,Normal
2026-02-09 15:33:00.336880,NewYork-3086,-2,99,Normal
2026-02-09 15:33:01.336880,NewYork-3086,3,64,Normal
2026-02-09 15:33:02.336880,NewYork-3086,7,89,Normal
2026-02-09 15:33:03.336880,NewYork-3086,9,37,Normal
2026-02-09 15:33:04.336880,NewYork-3086,15,82,Normal
2026-02-09 15:33:05.336880,NewYork-3086,10,18,Normal
2026-02-09 15:33:06.336880,NewYork-3086,-10,31,Normal
2026-02-09 15:33:07.336880,NewYork-3086,12,94,Normal
2026-02-09 15:33:08.336880,NewYork-3086,-28,17,Normal
2026-02-09 15:33:09.336880,NewYork-3086,7,60,Normal
2026-02-09 15:33:10.336880,NewYork-3086,1,45,Normal
2026-02-09 15:33:11.336880,NewYork-3086,-27,23,Normal
2026-02-09 15:33:12.336880,NewYork-3086,-26,2,Normal
2026-02-09 15:33:13.336880,NewYork-3086,37,75,Normal
2026-02-09 15:33:14.336880,NewYork-3086,-26,36,Normal
2026-02-09 15:33:15.336880,NewYork-3086,-28,28,Normal
2026-02-09 15:33:16.336880,NewYork-3086,25,27,Normal
2026-02-09 15:33:17.336880,NewYork-3086,-11,4,Normal
2026-02-09 15:33:18.336880,NewYork-3086,37,15,Normal
2026-02-09 15:33:19.336880,NewYork-3086,5,50,Normal
2026-02-09 15:33:20.336880,NewYork-3086,28,28,Normal
2026-02-09 15:33:21.336880,NewYork-3086,15,3,Normal
2026-02-09 15:33:22.336880,NewYork-3086,12,54,Normal
2026-02-09 15:33:23.336880,NewYork-3086,-13,96,Normal
2026-02-09 15:33:24.336880,NewYork-3086,-28,75,Normal
2026-02-09 15:33:25.336880,NewYork-3086,48,22,Normal
2026-02-09 15:33:26.336880,NewYork-3086,17,17,Normal
2026-02-09 15:33:27.336880,NewYork-3086,50,84,Normal
2026-02-09 15:33:28.336880,NewYork-3086,-22,42,Normal
2026-02-09 15:33:29.336880,NewYork-3086,6,54,Normal
2026-02-09 15:33:30.336880,NewYork-3086,-17,20,Normal
2026-02-09 15:33:31.336880,NewYork-3086,48,74,Normal
2026-02-09 15:33:32.336880,NewYork-3086,22,81,Normal
2026-02-09 15:33:33.336880,NewYork-3086,26,39,Normal
2026-02-09 15:33:34.336880,NewYork-3086,36,26,Normal
2026-02-09 15:33:35.336880,NewYork-3086,-16,96,Normal
2026-02-09 15:33:36.336880,NewYork-3086,48,36,Normal
2026-02-09 15:33:37.336880,NewYork-3086,-20,22,Normal
2026-02-09 15:33:38.336880,NewYork-3086,37,35,Normal
2026-02-09 15:33:39.336880,NewYork-3086,-4,23,Normal
2026-02-09 15:33:40.336880,NewYork-3086,5,94,Normal
2026-02-09 15:33:41.336880,NewYork-3086,-27,80,Normal
2026-02-09 15:33:42.336880,NewYork-3086,24,92,Normal
2026-02-09 15:33:43.336880,NewYork-3086,32,97,Normal
2026-02-09 15:33:44.336880,NewYork-3086,-12,84,Normal
2026-02-09 15:33:45.336880,NewYork-3086,-15,47,Normal
2026-02-09 15:33:46.336880,NewYork-3086,-1,57,Normal
2026-02-09 15:33:47.336880,NewYork-3086,9,89,Normal
2026-02-09 15:33:48.336880,NewYork-3086,9,7,Normal
2026-02-09 15:33:49.336880,NewYork-3086,22,100,Normal
2026-02-09 15:33:50.336880,NewYork-3086,-8,59,Normal
2026-02-09 15:33:51.336880,NewYork-3086,48,74,Normal
2026-02-09 15:33:52.336880,NewYork-3086,45,37,Normal
2026-02-09 15:33:53.336880,NewYork-3086,-30,7,Normal
2026-02-09 15:33:54.336880,NewYork-3086,10,83,Normal
2026-02-09 15:33:55.336880,NewYork-3086,23,80,Normal
2026-02-09 15:33:56.336880,NewYork-3086,-24,100,Normal
2026-02-09 15:33:57.336880,NewYork-3086,32,42,Normal
2026-02-09 15:33:58.336880,NewYork-3086,36,14,Normal
2026-02-09 15:33:59.336880,NewYork-3086,-24,20,Normal
2026-02-09 15:34:00.336880,NewYork-3086,24,58,Normal
2026-02-09 15:34:01.336880,NewYork-3086,39,40,Normal
2026-02-09 15:34:02.336880,NewYork-3086,10,71,Normal
2026-02-09 15:34:03.336880,NewYork-3086,7,74,Normal
2026-02-09 15:34:04.336880,NewYork-3086,21,91,Normal
2026-02-09 15:34:05.336880,NewYork-3086,-12,71,Normal
2026-02-09 15:34:06.336880,NewYork-3086,-28,14,Normal
2026-02-09 15:34:07.336880,NewYork-3086,-7,91,Normal
2026-02-09 15:34:08.336880,NewYork-3086,21,18,Normal
2026-02-09 15:34:09.336880,NewYork-3086,50,3,Normal
2026-02-09 15:34:10.336880,NewYork-3086,2,52,Normal
2026-02-09 15:34:11.336880,NewYork-3086,49,54,Normal
2026-02-09 15:34:12.336880,NewYork-3086,-14,100,Normal
2026-02-09 15:34:13.336880,NewYork-3086,22,5,Normal
2026-02-09 15:34:14.336880,NewYork-3086,42,37,Normal
2026-02-09 15:34:15.336880,NewYork-3086,46,65,Normal
2026-02-09 15:34:16.336880,NewYork-3086,45,24,Normal
2026-02-09 15:34:17.336880,NewYork-3086,-4,67,Normal
2026-02-09 15:34:18.336880,NewYork-3086,-27,72,Normal
2026-02-09 15:34:19.336880,NewYork-3086,41,30,Normal
2026-02-09 15:34:20.336880,NewYork-3086,-30,40,Normal
2026-02-09 15:34:21.336880,NewYork-3086,23,37,Normal
2026-02-09 15:34:22.336880,NewYork-3086,10,68,Normal
2026-02-09 15:34:23.336880,NewYork-3086,-23,61,Normal
2026-02-09 15:34:24.336880,NewYork-3086,-17,23,Normal
2026-02-09 15:34:25.336880,NewYork-3086,-23,85,Normal
2026-02-09 15:34:26.336880,NewYork-3086,-12,58,Normal
2026-02-09 15:34:27.336880,NewYork-3086,26,41,Normal
2026-02-09 15:34:28.336880,NewYork-3086,-15,95,Normal
2026-02-09 15:34:29.336880,NewYork-3086,-13,91,Normal
2026-02-09 15:34:30.336880,NewYork-3086,-17,53,Normal
2026-02-09 15:34:31.336880,NewYork-3086,41,70,Normal
2026-02-09 15:34:32.336880,NewYork-3086,-29,37,Normal
2026-02-09 15:34:33.336880,NewYork-3086,-11,77,Normal
2026-02-09 15:34:34.336880,NewYork-3086,2,68,Normal
2026-02-09 15:34:35.336880,NewYork-3086,28,99,Normal
2026-02-09 15:34:36.336880,NewYork-3086,3,17,Normal
2026-02-09 15:34:37.336880,NewYork-3086,26,85,Normal
2026-02-09 15:34:38.336880,NewYork-3086,46,40,Normal
2026-02-09 15:34:39.336880,NewYork-3086,-26,31,Normal
2026-02-09 15:34:40.336880,NewYork-3086,-17,71,Normal
2026-02-09 15:34:41.336880,NewYork-3086,41,84,Normal
2026-02-09 15:34:42.336880,NewYork-3086,-26,53,Normal
2026-02-09 15:34:43.336880,NewYork-3086,-3,22,Normal
2026-02-09 15:34:44.336880,NewYork-3086,31,99,Normal
2026-02-09 15:34:45.336880,NewYork-3086,-30,27,Normal
2026-02-09 15:34:46.336880,NewYork-3086,12,18,Normal
2026-02-09 15:34:47.336880,NewYork-3086,26,52,Normal
2026-02-09 15:34:48.336880,NewYork-3086,18,37,Normal
2026-02-09 15:34:49.336880,NewYork-3086,-15,4,Normal
2026-02-09 15:34:50.336880,NewYork-3086,23,100,Normal
2026-02-09 15:34:51.336880,NewYork-3086,39,44,Normal
2026-02-09 15:34:52.336880,NewYork-3086,-15,88,Normal
2026-02-09 15:34:53.336880,NewYork-3086,0,76,Normal
2026-02-09 15:34:54.336880,NewYork-3086,-6,54,Normal
2026-02-09 15:34:55.336880,NewYork-3086,14,30,Normal
2026-02-09 15:34:56.336880,NewYork-3086,28,73,Normal
2026-02-09 15:34:57.336880,NewYork-3086,2,5,Normal
2026-02-09 15:34:58.336880,NewYork-3086,30,1,Normal
2026-02-09 15:34:59.336880,NewYork-3086,-20,46,Normal
2026-02-09 15:35:00.336880,NewYork-3086,27,16,Normal
2026-02-09 15:35:01.336880,NewYork-3086,16,58,Normal
2026-02-09 15:35:02.336880,NewYork-3086,8,7,Normal
2026-02-09 15:35:03.336880,NewYork-3086,19,42,Normal
2026-02-09 15:35:04.336880,NewYork-3086,21,86,Normal
2026-02-09 15:35:05.336880,NewYork-3086,-24,61,Normal
2026-02-09 15:35:06.336880,NewYork-3086,42,72,Normal
2026-02-09 15:35:07.336880,NewYork-3086,27,61,Normal
2026-02-09 15:35:08.336880,NewYork-3086,-2,56,Normal
2026-02-09 15:35:09.336880,NewYork-3086,3,83,Normal
2026-02-09 15:35:10.336880,NewYork-3086,-23,79,Normal
2026-02-09 15:35:11.336880,NewYork-3086,18,97,Normal
2026-02-09 15:35:12.336880,NewYork-3086,47,77,Normal
2026-02-09 15:35:13.336880,NewYork-3086,16,45,Normal
2026-02-09 15:35:14.336880,NewYork-3086,33,98,Normal
2026-02-09 15:35:15.336880,NewYork-3086,16,7,Normal
2026-02-09 15:35:16.336880,NewYork-3086,-15,64,Normal
2026-02-09 15:35:17.336880,NewYork-3086,5,33,Normal
2026-02-09 15:35:18.336880,NewYork-3086,42,19,Normal
2026-02-09 15:35:19.336880,NewYork-3086,-13,19,Normal
2026-02-09 15:35:20.336880,NewYork-3086,22,80,Normal
2026-02-09 15:35:21.336880,NewYork-3086,25,1,Normal
2026-02-09 15:35:22.336880,NewYork-3086,37,81,Normal
2026-02-09 15:35:23.336880,NewYork-3086,0,10,Normal
2026-02-09 15:35:24.336880,NewYork-3086,-25,80,Normal
2026-02-09 15:35:25.336880,NewYork-3086,8,63,Normal
2026-02-09 15:35:26.336880,NewYork-3086,-13,7,Normal
2026-02-09 15:35:27.336880,NewYork-3086,17,18,Normal
2026-02-09 15:35:28.336880,NewYork-3086,38,13,Normal
2026-02-09 15:35:29.336880,NewYork-3086,14,65,Normal
2026-02-09 15:35:30.336880,NewYork-3086,46,45,Normal
2026-02-09 15:35:31.336880,NewYork-3086,20,2,Normal
2026-02-09 15:35:32.336880,NewYork-3086,45,51,Normal
2026-02-09 15:35:33.336880,NewYork-3086,12,83,Normal
2026-02-09 15:35:34.336880,NewYork-3086,47,42,Normal
2026-02-09 15:35:35.336880,NewYork-3086,-10,71,Normal
2026-02-09 15:35:36.336880,NewYork-3086,5,56,Normal
2026-02-09 15:35:37.336880,NewYork-3086,-30,53,Normal
2026-02-09 15:35:38.336880,NewYork-3086,49,29,Normal
2026-02-09 15:35:39.336880,NewYork-3086,30,16,Normal
2026-02-09 15:35:40.336880,NewYork-3086,6,61,Normal
2026-02-09 15:35:41.336880,NewYork-3086,17,10,Normal
2026-02-09 15:35:42.336880,NewYork-3086,33,70,Normal
2026-02-09 15:35:43.336880,NewYork-3086,-12,38,Normal
2026-02-09 15:35:44.336880,NewYork-3086,-10,43,Normal
2026-02-09 15:35:45.336880,NewYork-3086,-19,97,Normal
2026-02-09 15:35:46.336880,NewYork-3086,-17,40,Normal
2026-02-09 15:35:47.336880,NewYork-3086,36,36,Normal
2026-02-09 15:35:48.336880,NewYork-3086,16,38,Normal
2026-02-09 15:35:49.336880,NewYork-3086,-2,20,Normal
2026-02-09 15:35:50.336880,NewYork-3086,25,97,Normal
2026-02-09 15:35:51.336880,NewYork-3086,-12,17,Normal
2026-02-09 15:35:52.336880,NewYork-3086,-17,68,Normal
2026-02-09 15:35:53.336880,NewYork-3086,-13,83,Normal
2026-02-09 15:35:54.336880,NewYork-3086,22,26,Normal
2026-02-09 15:35:55.336880,NewYork-3086,39,9,Normal
2026-02-09 15:35:56.336880,NewYork-3086,30,19,Normal
2026-02-09 15:35:57.336880,NewYork-3086,13,66,Normal
2026-02-09 15:35:58.336880,NewYork-3086,-18,65,Normal
2026-02-09 15:35:59.336880,NewYork-3086,-24,25,Normal
2026-02-09 15:36:00.336880,NewYork-3086,33,52,Normal
2026-02-09 15:36:01.336880,NewYork-3086,24,77,Normal
2026-02-09 15:36:02.336880,NewYork-3086,-16,68,Normal
2026-02-09 15:36:03.336880,NewYork-3086,-15,84,Normal
2026-02-09 15:36:04.336880,NewYork-3086,23,31,Normal
2026-02-09 15:36:05.336880,NewYork-3086,-11,50,Normal
2026-02-09 15:36:06.336880,NewYork-3086,3,24,Normal
2026-02-09 15:36:07.336880,NewYork-3086,32,75,Normal
2026-02-09 15:36:08.336880,NewYork-3086,42,45,Normal
2026-02-09 15:36:09.336880,NewYork-3086,-5,93,Normal
2026-02-09 15:36:10.336880,NewYork-3086,8,68,Normal
2026-02-09 15:36:11.336880,NewYork-3086,-4,83,Normal
2026-02-09 15:36:12.336880,NewYork-3086,49,38,Normal
2026-02-09 15:36:13.336880,NewYork-3086,15,26,Normal
2026-02-09 15:36:14.336880,NewYork-3086,-19,63,Normal
2026-02-09 15:36:15.336880,NewYork-3086,-10,30,Normal
2026-02-09 15:36:16.336880,NewYork-3086,49,9,Normal
2026-02-09 15:36:17.336880,NewYork-3086,50,100,Normal
2026-02-09 15:36:18.336880,NewYork-3086,-29,65,Normal
2026-02-09 15:36:19.336880,NewYork-3086,-1,0,Normal
2026-02-09 15:36:20.336880,NewYork-3086,6,80,Normal
2026-02-09 15:36:21.336880,NewYork-3086,47,1,Normal
2026-02-09 15:36:22.336880,NewYork-3086,-21,71,Normal
2026-02-09 15:36:23.336880,NewYork-3086,22,2,Normal
2026-02-09 15:36:24.336880,NewYork-3086,47,77,Normal
2026-02-09 15:36:25.336880,NewYork-3086,8,5,Normal
2026-02-09 15:36:26.336880,NewYork-3086,16,68,Normal
2026-02-09 15:36:27.336880,NewYork-3086,-24,50,Normal
2026-02-09 15:36:28.336880,NewYork-3086,8,67,Normal
2026-02-09 15:36:29.336880,NewYork-3086,-13,90,Normal
2026-02-09 15:36:30.336880,NewYork-3086,7,64,Normal
2026-02-09 15:36:31.336880,NewYork-3086,-9,28,Normal
2026-02-09 15:36:32.336880,NewYork-3086,-9,8,Normal
2026-02-09 15:36:33.336880,NewYork-3086,-23,18,Normal
2026-02-09 15:36:34.336880,NewYork-3086,-26,5,Normal
2026-02-09 15:36:35.336880,NewYork-3086,-24,50,Normal
2026-02-09 15:36:36.336880,NewYork-3086,-28,81,Normal
2026-02-09 15:36:37.336880,NewYork-3086,21,76,Normal
2026-02-09 15:36:38.336880,NewYork-3086,-4,28,Normal
2026-02-09 15:36:39.336880,NewYork-3086,38,6,Normal
2026-02-09 15:36:40.336880,NewYork-3086,18,31,Normal
2026-02-09 15:36:41.336880,NewYork-3086,-30,17,Normal
2026-02-09 15:36:42.336880,NewYork-3086,43,20,Normal
2026-02-09 15:36:43.336880,NewYork-3086,29,37,Normal
2026-02-09 15:36:44.336880,NewYork-3086,22,8,Normal
2026-02-09 15:36:45.336880,NewYork-3086,6,51,Normal
2026-02-09 15:36:46.336880,NewYork-3086,-8,78,Normal
2026-02-09 15:36:47.336880,NewYork-3086,34,98,Normal
2026-02-09 15:36:48.336880,NewYork-3086,-28,41,Normal
2026-02-09 15:36:49.336880,NewYork-3086,10,92,Normal
2026-02-09 15:36:50.336880,NewYork-3086,26,7,Normal
2026-02-09 15:36:51.336880,NewYork-3086,39,91,Normal
2026-02-09 15:36:52.336880,NewYork-3086,-25,72,Normal
2026-02-09 15:36:53.336880,NewYork-3086,-16,34,Normal
2026-02-09 15:36:54.336880,NewYork-3086,33,6,Normal
2026-02-09 15:36:55.336880,NewYork-3086,31,34,Normal
2026-02-09 15:36:56.336880,NewYork-3086,-18,76,Normal
2026-02-09 15:36:57.336880,NewYork-3086,9,7,Normal
2026-02-09 15:36:58.336880,NewYork-3086,25,45,Normal
2026-02-09 15:36:59.336880,NewYork-3086,29,40,Normal
2026-02-09 15:37:00.336880,NewYork-3086,-12,17,Normal
2026-02-09 15:37:01.336880,NewYork-3086,-6,49,Normal
2026-02-09 15:37:02.336880,NewYork-3086,14,42,Normal
2026-02-09 15:37:03.336880,NewYork-3086,37,98,Normal
2026-02-09 15:37:04.336880,NewYork-3086,27,48,Normal
2026-02-09 15:37:05.336880,NewYork-3086,-22,44,Normal
2026-02-09 15:37:06.336880,NewYork-3086,32,75,Normal
2026-02-09 15:37:07.336880,NewYork-3086,-22,8,Normal
2026-02-09 15:37:08.336880,NewYork-3086,-17,61,Normal
2026-02-09 15:37:09.336880,NewYork-3086,-26,29,Normal
2026-02-09 15:37:10.336880,NewYork-3086,7,27,Normal
2026-02-09 15:37:11.336880,NewYork-3086,8,25,Normal
2026-02-09 15:37:12.336880,NewYork-3086,12,88,Normal
2026-02-09 15:37:13.336880,NewYork-3086,31,70,Normal
2026-02-09 15:37:14.336880,NewYork-3086,13,18,Normal
2026-02-09 15:37:15.336880,NewYork-3086,-1,42,Normal
2026-02-09 15:37:16.336880,NewYork-3086,-24,96,Normal
2026-02-09 15:37:17.336880,NewYork-3086,25,32,Normal
2026-02-09 15:37:18.336880,NewYork-3086,-14,78,Normal
2026-02-09 15:37:19.336880,NewYork-3086,31,1,Normal
2026-02-09 15:37:20.336880,NewYork-3086,48,37,Normal
2026-02-09 15:37:21.336880,NewYork-3086,43,36,Normal
2026-02-09 15:37:22.336880,NewYork-3086,9,79,Normal
2026-02-09 15:37:23.336880,NewYork-3086,24,0,Normal
2026-02-09 15:37:24.336880,NewYork-3086,5,70,Normal
2026-02-09 15:37:25.336880,NewYork-3086,-13,72,Normal
2026-02-09 15:37:26.336880,NewYork-3086,15,49,Normal
2026-02-09 15:37:27.336880,NewYork-3086,-25,33,Normal
2026-02-09 15:37:28.336880,NewYork-3086,5,67,Normal
2026-02-09 15:37:29.336880,NewYork-3086,-5,54,Normal
