timestamp,station_id,temp,humid,condition
2026-02-15 04:31:05.604238,Tokyo-db95,19,28,Normal
2026-02-15 04:31:06.604238,Tokyo-db95,18,16,Normal
2026-02-15 04:31:07.604238,Tokyo-db95,-22,65,Normal
2026-02-15 04:31:08.604238,Tokyo-db95,13,50,Normal
2026-02-15 04:31:09.604238,Tokyo-db95,34,49,Normal
2026-02-15 04:31:10.604238,Tokyo-db95,12,0,Normal
2026-02-15 04:31:11.604238,Tokyo-db95,-9,63,Normal
2026-02-15 04:31:12.604238,Tokyo-db95,21,10,Normal
2026-02-15 04:31:13.604238,Tokyo-db95,26,55,Normal
2026-02-15 04:31:14.604238,Tokyo-db95,9,19,Normal
2026-02-15 04:31:15.604238,Tokyo-db95,30,94,Normal
2026-02-15 04:31:16.604238,Tokyo-db95,-2,8,Normal
2026-02-15 04:31:17.604238,Tokyo-db95,47,60,Normal
2026-02-15 04:31:18.604238,Tokyo-db95,48,79,Normal
2026-02-15 04:31:19.604238,Tokyo-db95,38,94,Normal
2026-02-15 04:31:20.604238,Tokyo-db95,-15,9,Normal
2026-02-15 04:31:21.604238,Tokyo-db95,33,37,Normal
2026-02-15 04:31:22.604238,Tokyo-db95,32,42,Normal
2026-02-15 04:31:23.604238,Tokyo-db95,5,8,Normal
2026-02-15 04:31:24.604238,Tokyo-db95,27,64,Normal
2026-02-15 04:31:25.604238,Tokyo-db95,8,36,Normal
2026-02-15 04:31:26.604238,Tokyo-db95,45,97,Normal
2026-02-15 04:31:27.604238,Tokyo-db95,30,23,Normal
2026-02-15 04:31:28.604238,Tokyo-db95,-11,33,Normal
2026-02-15 04:31:29.604238,Tokyo-db95,-29,36,Normal
2026-02-15 04:31:30.604238,Tokyo-db95,-21,71,Normal
2026-02-15 04:31:31.604238,Tokyo-db95,-11,10,Normal
2026-02-15 04:31:32.604238,Tokyo-db95,-27,40,Normal
2026-02-15 04:31:33.604238,Tokyo-db95,-7,56,Normal
2026-02-15 04:31:34.604238,Tokyo-db95,4,42,Normal
2026-02-15 04:31:35.604238,Tokyo-db95,-11,17,Normal
2026-02-15 04:31:36.604238,Tokyo-db95,13,57,Normal
2026-02-15 04:31:37.604238,Tokyo-db95,24,32,Normal
2026-02-15 04:31:38.604238,Tokyo-db95,42,25,Normal
2026-02-15 04:31:39.604238,Tokyo-db95,48,30,Normal
2026-02-15 04:31:40.604238,Tokyo-db95,-24,94,Normal
2026-02-15 04:31:41.604238,Tokyo-db95,7,57,Normal
2026-02-15 04:31:42.604238,Tokyo-db95,7,54,Normal
2026-02-15 04:31:43.604238,Tokyo-db95,-12,20,Normal
2026-02-15 04:31:44.604238,Tokyo-db95,35,17,Normal
2026-02-15 04:31:45.604238,Tokyo-db95,32,16,Normal
2026-02-15 04:31:46.604238,Tokyo-db95,7,8,Normal
2026-02-15 04:31:47.604238,Tokyo-db95,31,65,Normal
2026-02-15 04:31:48.604238,Tokyo-db95,21,76,Normal
2026-02-15 04:31:49.604238,Tokyo-db95,-20,23,Normal
2026-02-15 04:31:50.604238,Tokyo-db95,18,62,Normal
2026-02-15 04:31:51.604238,Tokyo-db95,41,21,Normal
2026-02-15 04:31:52.604238,Tokyo-db95,31,95,Normal
2026-02-15 04:31:53.604238,Tokyo-db95,7,32,Normal
2026-02-15 04:31:54.604238,Tokyo-db95,-7,36,Normal
2026-02-15 04:31:55.604238,Tokyo-db95,16,79,Normal
2026-02-15 04:31:56.604238,Tokyo-db95,-16,15,Normal
2026-02-15 04:31:57.604238,Tokyo-db95,-25,42,Normal
2026-02-15 04:31:58.604238,Tokyo-db95,-8,63,Normal
2026-02-15 04:31:59.604238,Tokyo-db95,22,91,Normal
2026-02-15 04:32:00.604238,Tokyo-db95,-12,13,Normal
2026-02-15 04:32:01.604238,Tokyo-db95,-14,11,Normal
2026-02-15 04:32:02.604238,Tokyo-db95,-12,75,Normal
2026-02-15 04:32:03.604238,Tokyo-db95,45,35,Normal
2026-02-15 04:32:04.604238,Tokyo-db95,-8,37,Normal
2026-02-15 04:32:05.604238,Tokyo-db95,-25,8,Normal
2026-02-15 04:32:06.604238,Tokyo-db95,-16,24,Normal
2026-02-15 04:32:07.604238,Tokyo-db95,38,20,Normal
2026-02-15 04:32:08.604238,Tokyo-db95,26,42,Normal
2026-02-15 04:32:09.604238,Tokyo-db95,32,65,Normal
2026-02-15 04:32:10.604238,Tokyo-db95,24,38,Normal
2026-02-15 04:32:11.604238,Tokyo-db95,13,18,Normal
2026-02-15 04:32:12.604238,Tokyo-db95,-4,12,Normal
2026-02-15 04:32:13.604238,Tokyo-db95,14,95,Normal
2026-02-15 04:32:14.604238,Tokyo-db95,-22,2,Normal
2026-02-15 04:32:15.604238,Tokyo-db95,-2,21,Normal
2026-02-15 04:32:16.604238,Tokyo-db95,27,50,Normal
2026-02-15 04:32:17.604238,Tokyo-db95,-5,90,Normal
2026-02-15 04:32:18.604238,Tokyo-db95,21,47,Normal
2026-02-15 04:32:19.604238,Tokyo-db95,-4,1,Normal
2026-02-15 04:32:20.604238,Tokyo-db95,4,96,Normal
2026-02-15 04:32:21.604238,Tokyo-db95,14,77,Normal
2026-02-15 04:32:22.604238,Tokyo-db95,-17,56,Normal
2026-02-15 04:32:23.604238,Tokyo-db95,-27,46,Normal
2026-02-15 04:32:24.604238,Tokyo-db95,-15,7,Normal
2026-02-15 04:32:25.604238,Tokyo-db95,30,50,Normal
2026-02-15 04:32:26.604238,Tokyo-db95,-26,88,Normal
2026-02-15 04:32:27.604238,Tokyo-db95,32,15,Normal
2026-02-15 04:32:28.604238,Tokyo-db95,-28,56,Normal
2026-02-15 04:32:29.604238,Tokyo-db95,23,16,Normal
2026-02-15 04:32:30.604238,Tokyo-db95,43,56,Normal
2026-02-15 04:32:31.604238,Tokyo-db95,11,17,Normal
2026-02-15 04:32:32.604238,Tokyo-db95,-23,20,Normal
2026-02-15 04:32:33.604238,Tokyo-db95,-23,20,Normal
2026-02-15 04:32:34.604238,Tokyo-db95,50,8,Normal
2026-02-15 04:32:35.604238,Tokyo-db95,23,98,Normal
2026-02-15 04:32:36.604238,Tokyo-db95,32,7,Normal
2026-02-15 04:32:37.604238,Tokyo-db95,32,62,Normal
2026-02-15 04:32:38.604238,Tokyo-db95,36,3,Normal
2026-02-15 04:32:39.604238,Tokyo-db95,-23,79,Normal
2026-02-15 04:32:40.604238,Tokyo-db95,-1,83,Normal
2026-02-15 04:32:41.604238,Tokyo-db95,-17,1,Normal
2026-02-15 04:32:42.604238,Tokyo-db95,49,29,Normal
2026-02-15 04:32:43.604238,Tokyo-db95,10,62,Normal
2026-02-15 04:32:44.604238,Tokyo-db95,-8,13,Normal
2026-02-15 04:32:45.604238,Tokyo-db95,-22,2,Normal
2026-02-15 04:32:46.604238,Tokyo-db95,-18,61,Normal
2026-02-15 04:32:47.604238,Tokyo-db95,42,48,Normal
2026-02-15 04:32:48.604238,Tokyo-db95,36,96,Normal
2026-02-15 04:32:49.604238,Tokyo-db95,-24,73,Normal
2026-02-15 04:32:50.604238,Tokyo-db95,-1,25,Normal
2026-02-15 04:32:51.604238,Tokyo-db95,29,29,Normal
2026-02-15 04:32:52.604238,Tokyo-db95,38,53,Normal
2026-02-15 04:32:53.604238,Tokyo-db95,33,68,Normal
2026-02-15 04:32:54.604238,Tokyo-db95,33,23,Normal
2026-02-15 04:32:55.604238,Tokyo-db95,28,35,Normal
2026-02-15 04:32:56.604238,Tokyo-db95,-27,35,Normal
2026-02-15 04:32:57.604238,Tokyo-db95,6,4,Normal
2026-02-15 04:32:58.604238,Tokyo-db95,10,67,Normal
2026-02-15 04:32:59.604238,Tokyo-db95,-3,77,Normal
2026-02-15 04:33:00.604238,Tokyo-db95,39,49,Normal
2026-02-15 04:33:01.604238,Tokyo-db95,20,55,Normal
2026-02-15 04:33:02.604238,Tokyo-db95,19,69,Normal
2026-02-15 04:33:03.604238,Tokyo-db95,45,24,Normal
2026-02-15 04:33:04.604238,Tokyo-db95,-21,51,Normal
2026-02-15 04:33:05.604238,Tokyo-db95,46,32,Normal
2026-02-15 04:33:06.604238,Tokyo-db95,24,99,Normal
2026-02-15 04:33:07.604238,Tokyo-db95,12,86,Normal
2026-02-15 04:33:08.604238,Tokyo-db95,45,55,Normal
2026-02-15 04:33:09.604238,Tokyo-db95,44,22,Normal
2026-02-15 04:33:10.604238,Tokyo-db95,19,7,Normal
2026-02-15 04:33:11.604238,Tokyo-db95,-24,38,Normal
2026-02-15 04:33:12.604238,Tokyo-db95,35,77,Normal
2026-02-15 04:33:13.604238,Tokyo-db95,9,83,Normal
2026-02-15 04:33:14.604238,Tokyo-db95,43,54,Normal
2026-02-15 04:33:15.604238,Tokyo-db95,15,18,Normal
2026-02-15 04:33:16.604238,Tokyo-db95,7,58,Normal
2026-02-15 04:33:17.604238,Tokyo-db95,41,27,Normal
2026-02-15 04:33:18.604238,Tokyo-db95,47,35,Normal
2026-02-15 04:33:19.604238,Tokyo-db95,47,25,Normal
2026-02-15 04:33:20.604238,Tokyo-db95,49,68,Normal
2026-02-15 04:33:21.604238,Tokyo-db95,41,39,Normal
2026-02-15 04:33:22.604238,Tokyo-db95,-28,78,Normal
2026-02-15 04:33:23.604238,Tokyo-db95,16,62,Normal
2026-02-15 04:33:24.604238,Tokyo-db95,4,64,Normal
2026-02-15 04:33:25.604238,Tokyo-db95,36,37,Normal
2026-02-15 04:33:26.604238,Tokyo-db95,25,57,Normal
2026-02-15 04:33:27.604238,Tokyo-db95,17,79,Normal
2026-02-15 04:33:28.604238,Tokyo-db95,36,72,Normal
2026-02-15 04:33:29.604238,Tokyo-db95,-19,43,Normal
2026-02-15 04:33:30.604238,Tokyo-db95,38,67,Normal
2026-02-15 04:33:31.604238,Tokyo-db95,28,40,Normal
2026-02-15 04:33:32.604238,Tokyo-db95,0,59,Normal
2026-02-15 04:33:33.604238,Tokyo-db95,34,24,Normal
2026-02-15 04:33:34.604238,Tokyo-db95,38,51,Normal
2026-02-15 04:33:35.604238,Tokyo-db95,-22,33,Normal
2026-02-15 04:33:36.604238,Tokyo-db95,49,15,Normal
2026-02-15 04:33:37.604238,Tokyo-db95,50,99,Normal
2026-02-15 04:33:38.604238,Tokyo-db95,44,27,Normal
2026-02-15 04:33:39.604238,Tokyo-db95,-5,87,Normal
2026-02-15 04:33:40.604238,Tokyo-db95,4,92,Normal
2026-02-15 04:33:41.604238,Tokyo-db95,28,56,Normal
2026-02-15 04:33:42.604238,Tokyo-db95,-21,23,Normal
2026-02-15 04:33:43.604238,Tokyo-db95,40,32,Normal
2026-02-15 04:33:44.604238,Tokyo-db95,-13,25,Normal
2026-02-15 04:33:45.604238,Tokyo-db95,26,74,Normal
2026-02-15 04:33:46.604238,Tokyo-db95,13,66,Normal
2026-02-15 04:33:47.604238,Tokyo-db95,-13,5,Normal
2026-02-15 04:33:48.604238,Tokyo-db95,22,7,Normal
2026-02-15 04:33:49.604238,Tokyo-db95,-30,61,Normal
2026-02-15 04:33:50.604238,Tokyo-db95,0,69,Normal
2026-02-15 04:33:51.604238,Tokyo-db95,-7,14,Normal
2026-02-15 04:33:52.604238,Tokyo-db95,-10,29,Normal
2026-02-15 04:33:53.604238,Tokyo-db95,-3,46,Normal
2026-02-15 04:33:54.604238,Tokyo-db95,39,27,Normal
2026-02-15 04:33:55.604238,Tokyo-db95,47,64,Normal
2026-02-15 04:33:56.604238,Tokyo-db95,36,31,Normal
2026-02-15 04:33:57.604238,Tokyo-db95,43,27,Normal
2026-02-15 04:33:58.604238,Tokyo-db95,-2,91,Normal
2026-02-15 04:33:59.604238,Tokyo-db95,-10,65,Normal
2026-02-15 04:34:00.604238,Tokyo-db95,17,97,Normal
2026-02-15 04:34:01.604238,Tokyo-db95,-21,30,Normal
2026-02-15 04:34:02.604238,Tokyo-db95,43,45,Normal
2026-02-15 04:34:03.604238,Tokyo-db95,44,52,Normal
2026-02-15 04:34:04.604238,Tokyo-db95,-14,64,Normal
2026-02-15 04:34:05.604238,Tokyo-db95,23,94,Normal
2026-02-15 04:34:06.604238,Tokyo-db95,42,19,Normal
2026-02-15 04:34:07.604238,Tokyo-db95,16,71,Normal
2026-02-15 04:34:08.604238,Tokyo-db95,-6,22,Normal
2026-02-15 04:34:09.604238,Tokyo-db95,6,93,Normal
2026-02-15 04:34:10.604238,Tokyo-db95,-1,23,Normal
2026-02-15 04:34:11.604238,Tokyo-db95,5,70,Normal
2026-02-15 04:34:12.604238,Tokyo-db95,4,51,Normal
2026-02-15 04:34:13.604238,Tokyo-db95,5,21,Normal
2026-02-15 04:34:14.604238,Tokyo-db95,30,87,Normal
2026-02-15 04:34:15.604238,Tokyo-db95,-26,85,Normal
2026-02-15 04:34:16.604238,Tokyo-db95,-12,52,Normal
2026-02-15 04:34:17.604238,Tokyo-db95,1,4,Normal
2026-02-15 04:34:18.604238,Tokyo-db95,43,32,Normal
2026-02-15 04:34:19.604238,Tokyo-db95,26,3,Normal
2026-02-15 04:34:20.604238,Tokyo-db95,-14,64,Normal
2026-02-15 04:34:21.604238,Tokyo-db95,-12,30,Normal
2026-02-15 04:34:22.604238,Tokyo-db95,28,78,Normal
2026-02-15 04:34:23.604238,Tokyo-db95,24,69,Normal
2026-02-15 04:34:24.604238,Tokyo-db95,4,39,Normal
2026-02-15 04:34:25.604238,Tokyo-db95,-10,42,Normal
2026-02-15 04:34:26.604238,Tokyo-db95,26,57,Normal
2026-02-15 04:34:27.604238,Tokyo-db95,41,97,Normal
2026-02-15 04:34:28.604238,Tokyo-db95,33,94,Normal
2026-02-15 04:34:29.604238,Tokyo-db95,30,31,Normal
2026-02-15 04:34:30.604238,Tokyo-db95,30,43,Normal
2026-02-15 04:34:31.604238,Tokyo-db95,3,39,Normal
2026-02-15 04:34:32.604238,Tokyo-db95,20,62,Normal
2026-02-15 04:34:33.604238,Tokyo-db95,-20,79,Normal
2026-02-15 04:34:34.604238,Tokyo-db95,38,54,Normal
2026-02-15 04:34:35.604238,Tokyo-db95,43,33,Normal
2026-02-15 04:34:36.604238,Tokyo-db95,35,48,Normal
2026-02-15 04:34:37.604238,Tokyo-db95,-13,73,Normal
2026-02-15 04:34:38.604238,Tokyo-db95,7,91,Normal
2026-02-15 04:34:39.604238,Tokyo-db95,-10,82,Normal
2026-02-15 04:34:40.604238,Tokyo-db95,-27,92,Normal
2026-02-15 04:34:41.604238,Tokyo-db95,41,37,Normal
2026-02-15 04:34:42.604238,Tokyo-db95,28,66,Normal
2026-02-15 04:34:43.604238,Tokyo-db95,20,3,Normal
2026-02-15 04:34:44.604238,Tokyo-db95,49,11,Normal
2026-02-15 04:34:45.604238,Tokyo-db95,40,63,Normal
2026-02-15 04:34:46.604238,Tokyo-db95,-1,52,Normal
2026-02-15 04:34:47.604238,Tokyo-db95,-18,43,Normal
2026-02-15 04:34:48.604238,Tokyo-db95,8,81,Normal
2026-02-15 04:34:49.604238,Tokyo-db95,11,28,Normal
2026-02-15 04:34:50.604238,Tokyo-db95,6,94,Normal
2026-02-15 04:34:51.604238,Tokyo-db95,38,83,Normal
2026-02-15 04:34:52.604238,Tokyo-db95,-16,41,Normal
2026-02-15 04:34:53.604238,Tokyo-db95,-14,63,Normal
2026-02-15 04:34:54.604238,Tokyo-db95,28,72,Normal
2026-02-15 04:34:55.604238,Tokyo-db95,21,14,Normal
2026-02-15 04:34:56.604238,Tokyo-db95,47,87,Normal
2026-02-15 04:34:57.604238,Tokyo-db95,-13,30,Normal
2026-02-15 04:34:58.604238,Tokyo-db95,-9,73,Normal
2026-02-15 04:34:59.604238,Tokyo-db95,-6,36,Normal
2026-02-15 04:35:00.604238,Tokyo-db95,-21,63,Normal
2026-02-15 04:35:01.604238,Tokyo-db95,48,38,Normal
2026-02-15 04:35:02.604238,Tokyo-db95,3,33,Normal
2026-02-15 04:35:03.604238,Tokyo-db95,26,44,Normal
2026-02-15 04:35:04.604238,Tokyo-db95,41,48,Normal
2026-02-15 04:35:05.604238,Tokyo-db95,-16,87,Normal
2026-02-15 04:35:06.604238,Tokyo-db95,25,7,Normal
2026-02-15 04:35:07.604238,Tokyo-db95,-23,30,Normal
2026-02-15 04:35:08.604238,Tokyo-db95,-9,17,Normal
2026-02-15 04:35:09.604238,Tokyo-db95,-26,29,Normal
2026-02-15 04:35:10.604238,Tokyo-db95,-19,42,Normal
2026-02-15 04:35:11.604238,Tokyo-db95,31,1,Normal
2026-02-15 04:35:12.604238,Tokyo-db95,-1,2,Normal
2026-02-15 04:35:13.604238,Tokyo-db95,24,21,Normal
2026-02-15 04:35:14.604238,Tokyo-db95,20,8,Normal
2026-02-15 04:35:15.604238,Tokyo-db95,21,74,Normal
2026-02-15 04:35:16.604238,Tokyo-db95,35,89,Normal
2026-02-15 04:35:17.604238,Tokyo-db95,47,70,Normal
2026-02-15 04:35:18.604238,Tokyo-db95,0,47,Normal
2026-02-15 04:35:19.604238,Tokyo-db95,21,72,Normal
2026-02-15 04:35:20.604238,Tokyo-db95,44,77,Normal
2026-02-15 04:35:21.604238,Tokyo-db95,-18,41,Normal
2026-02-15 04:35:22.604238,Tokyo-db95,22,10,Normal
2026-02-15 04:35:23.604238,Tokyo-db95,-12,52,Normal
2026-02-15 04:35:24.604238,Tokyo-db95,17,19,Normal
2026-02-15 04:35:25.604238,Tokyo-db95,34,9,Normal
2026-02-15 04:35:26.604238,Tokyo-db95,-8,80,Normal
2026-02-15 04:35:27.604238,Tokyo-db95,35,42,Normal
2026-02-15 04:35:28.604238,Tokyo-db95,16,98,Normal
2026-02-15 04:35:29.604238,Tokyo-db95,25,4,Normal
2026-02-15 04:35:30.604238,Tokyo-db95,-1,56,Normal
2026-02-15 04:35:31.604238,Tokyo-db95,38,15,Normal
2026-02-15 04:35:32.604238,Tokyo-db95,22,44,Normal
2026-02-15 04:35:33.604238,Tokyo-db95,22,42,Normal
2026-02-15 04:35:34.604238,Tokyo-db95,-16,55,Normal
2026-02-15 04:35:35.604238,Tokyo-db95,48,80,Normal
2026-02-15 04:35:36.604238,Tokyo-db95,0,91,Normal
2026-02-15 04:35:37.604238,Tokyo-db95,26,54,Normal
2026-02-15 04:35:38.604238,Tokyo-db95,49,65,Normal
2026-02-15 04:35:39.604238,Tokyo-db95,8,81,Normal
2026-02-15 04:35:40.604238,Tokyo-db95,41,45,Normal
2026-02-15 04:35:41.604238,Tokyo-db95,48,20,Normal
2026-02-15 04:35:42.604238,Tokyo-db95,47,63,Normal
2026-02-15 04:35:43.604238,Tokyo-db95,25,76,Normal
2026-02-15 04:35:44.604238,Tokyo-db95,38,90,Normal
2026-02-15 04:35:45.604238,Tokyo-db95,14,84,Normal
2026-02-15 04:35:46.604238,Tokyo-db95,11,37,Normal
2026-02-15 04:35:47.604238,Tokyo-db95,12,65,Normal
2026-02-15 04:35:48.604238,Tokyo-db95,-13,30,Normal
2026-02-15 04:35:49.604238,Tokyo-db95,20,89,Normal
2026-02-15 04:35:50.604238,Tokyo-db95,16,32,Normal
2026-02-15 04:35:51.604238,Tokyo-db95,46,62,Normal
2026-02-15 04:35:52.604238,Tokyo-db95,18,25,Normal
2026-02-15 04:35:53.604238,Tokyo-db95,7,22,Normal
2026-02-15 04:35:54.604238,Tokyo-db95,44,38,Normal
2026-02-15 04:35:55.604238,Tokyo-db95,35,4,Normal
2026-02-15 04:35:56.604238,Tokyo-db95,50,86,Normal
2026-02-15 04:35:57.604238,Tokyo-db95,-23,78,Normal
2026-02-15 04:35:58.604238,Tokyo-db95,10,35,Normal
2026-02-15 04:35:59.604238,Tokyo-db95,0,59,Normal
2026-02-15 04:36:00.604238,Tokyo-db95,-5,50,Normal
2026-02-15 04:36:01.604238,Tokyo-db95,-5,10,Normal
2026-02-15 04:36:02.604238,Tokyo-db95,26,21,Normal
2026-02-15 04:36:03.604238,Tokyo-db95,-22,76,Normal
2026-02-15 04:36:04.604238,Tokyo-db95,38,46,Normal
2026-02-15 04:36:05.604238,Tokyo-db95,-19,66,Normal
2026-02-15 04:36:06.604238,Tokyo-db95,38,31,Normal
2026-02-15 04:36:07.604238,Tokyo-db95,48,52,Normal
2026-02-15 04:36:08.604238,Tokyo-db95,-24,96,Normal
2026-02-15 04:36:09.604238,Tokyo-db95,27,25,Normal
2026-02-15 04:36:10.604238,Tokyo-db95,-29,64,Normal
2026-02-15 04:36:11.604238,Tokyo-db95,8,43,Normal
2026-02-15 04:36:12.604238,Tokyo-db95,26,51,Normal
2026-02-15 04:36:13.604238,Tokyo-db95,-9,40,Normal
2026-02-15 04:36:14.604238,Tokyo-db95,44,85,Normal
2026-02-15 04:36:15.604238,Tokyo-db95,23,11,Normal
2026-02-15 04:36:16.604238,Tokyo-db95,-10,76,Normal
2026-02-15 04:36:17.604238,Tokyo-db95,27,71,Normal
2026-02-15 04:36:18.604238,Tokyo-db95,29,46,Normal
2026-02-15 04:36:19.604238,Tokyo-db95,47,70,Normal
2026-02-15 04:36:20.604238,Tokyo-db95,12,3,Normal
2026-02-15 04:36:21.604238,Tokyo-db95,3,13,Normal
2026-02-15 04:36:22.604238,Tokyo-db95,-2,5,Normal
2026-02-15 04:36:23.604238,Tokyo-db95,44,43,Normal
2026-02-15 04:36:24.604238,Tokyo-db95,48,64,Normal
2026-02-15 04:36:25.604238,Tokyo-db95,37,88,Normal
2026-02-15 04:36:26.604238,Tokyo-db95,1,97,Normal
2026-02-15 04:36:27.604238,Tokyo-db95,-20,1,Normal
2026-02-15 04:36:28.604238,Tokyo-db95,20,76,Normal
2026-02-15 04:36:29.604238,Tokyo-db95,18,39,Normal
2026-02-15 04:36:30.604238,Tokyo-db95,17,25,Normal
2026-02-15 04:36:31.604238,Tokyo-db95,14,79,Normal
2026-02-15 04:36:32.604238,Tokyo-db95,32,39,Normal
2026-02-15 04:36:33.604238,Tokyo-db95,37,78,Normal
2026-02-15 04:36:34.604238,Tokyo-db95,28,83,Normal
2026-02-15 04:36:35.604238,Tokyo-db95,-22,100,Normal
2026-02-15 04:36:36.604238,Tokyo-db95,44,85,Normal
2026-02-15 04:36:37.604238,Tokyo-db95,36,97,Normal
2026-02-15 04:36:38.604238,Tokyo-db95,-25,14,Normal
2026-02-15 04:36:39.604238,Tokyo-db95,6,50,Normal
2026-02-15 04:36:40.604238,Tokyo-db95,30,29,Normal
2026-02-15 04:36:41.604238,Tokyo-db95,-23,4,Normal
2026-02-15 04:36:42.604238,Tokyo-db95,-18,64,Normal
2026-02-15 04:36:43.604238,Tokyo-db95,14,94,Normal
2026-02-15 04:36:44.604238,Tokyo-db95,17,52,Normal
2026-02-15 04:36:45.604238,Tokyo-db95,15,60,Normal
2026-02-15 04:36:46.604238,Tokyo-db95,19,29,Normal
2026-02-15 04:36:47.604238,Tokyo-db95,-12,59,Normal
2026-02-15 04:36:48.604238,Tokyo-db95,21,49,Normal
2026-02-15 04:36:49.604238,Tokyo-db95,-26,51,Normal
2026-02-15 04:36:50.604238,Tokyo-db95,31,85,Normal
2026-02-15 04:36:51.604238,Tokyo-db95,18,92,Normal
2026-02-15 04:36:52.604238,Tokyo-db95,13,24,Normal
2026-02-15 04:36:53.604238,Tokyo-db95,21,22,Normal
2026-02-15 04:36:54.604238,Tokyo-db95,3,29,Normal
2026-02-15 04:36:55.604238,Tokyo-db95,3,28,Normal
2026-02-15 04:36:56.604238,Tokyo-db95,-11,0,Normal
2026-02-15 04:36:57.604238,Tokyo-db95,-13,17,Normal
2026-02-15 04:36:58.604238,Tokyo-db95,22,77,Normal
2026-02-15 04:36:59.604238,Tokyo-db95,5,42,Normal
2026-02-15 04:37:00.604238,Tokyo-db95,-8,43,Normal
2026-02-15 04:37:01.604238,Tokyo-db95,-28,66,Normal
2026-02-15 04:37:02.604238,Tokyo-db95,36,52,Normal
2026-02-15 04:37:03.604238,Tokyo-db95,43,49,Normal
2026-02-15 04:37:04.604238,Tokyo-db95,37,43,Normal
2026-02-15 04:37:05.604238,Tokyo-db95,20,100,Normal
2026-02-15 04:37:06.604238,Tokyo-db95,25,5,Normal
2026-02-15 04:37:07.604238,Tokyo-db95,-17,6,Normal
2026-02-15 04:37:08.604238,Tokyo-db95,13,65,Normal
2026-02-15 04:37:09.604238,Tokyo-db95,-10,100,Normal
2026-02-15 04:37:10.604238,Tokyo-db95,25,11,Normal
2026-02-15 04:37:11.604238,Tokyo-db95,-21,55,Normal
2026-02-15 04:37:12.604238,Tokyo-db95,-4,69,Normal
2026-02-15 04:37:13.604238,Tokyo-db95,-16,42,Normal
2026-02-15 04:37:14.604238,Tokyo-db95,49,16,Normal
2026-02-15 04:37:15.604238,Tokyo-db95,-11,9,Normal
2026-02-15 04:37:16.604238,Tokyo-db95,3,80,Normal
2026-02-15 04:37:17.604238,Tokyo-db95,3,54,Normal
2026-02-15 04:37:18.604238,Tokyo-db95,46,27,Normal
2026-02-15 04:37:19.604238,Tokyo-db95,-21,41,Normal
2026-02-15 04:37:20.604238,Tokyo-db95,8,51,Normal
2026-02-15 04:37:21.604238,Tokyo-db95,14,46,Normal
2026-02-15 04:37:22.604238,Tokyo-db95,20,22,Normal
2026-02-15 04:37:23.604238,Tokyo-db95,16,37,Normal
2026-02-15 04:37:24.604238,Tokyo-db95,36,41,Normal
2026-02-15 04:37:25.604238,Tokyo-db95,-21,88,Normal
2026-02-15 04:37:26.604238,Tokyo-db95,14,80,Normal
2026-02-15 04:37:27.604238,Tokyo-db95,45,68,Normal
2026-02-15 04:37:28.604238,Tokyo-db95,-26,85,Normal
2026-02-15 04:37:29.604238,Tokyo-db95,49,89,Normal
2026-02-15 04:37:30.604238,Tokyo-db95,-30,98,Normal
2026-02-15 04:37:31.604238,Tokyo-db95,48,42,Normal
2026-02-15 04:37:32.604238,Tokyo-db95,43,33,Normal
2026-02-15 04:37:33.604238,Tokyo-db95,-1,27,Normal
2026-02-15 04:37:34.604238,Tokyo-db95,30,52,Normal
2026-02-15 04:37:35.604238,Tokyo-db95,10,77,Normal
2026-02-15 04:37:36.604238,Tokyo-db95,38,85,Normal
2026-02-15 04:37:37.604238,Tokyo-db95,-16,58,Normal
2026-02-15 04:37:38.604238,Tokyo-db95,19,55,Normal
2026-02-15 04:37:39.604238,Tokyo-db95,37,59,Normal
2026-02-15 04:37:40.604238,Tokyo-db95,29,20,Normal
2026-02-15 04:37:41.604238,Tokyo-db95,47,47,Normal
2026-02-15 04:37:42.604238,Tokyo-db95,-12,41,Normal
2026-02-15 04:37:43.604238,Tokyo-db95,22,61,Normal
2026-02-15 04:37:44.604238,Tokyo-db95,18,49,Normal
2026-02-15 04:37:45.604238,Tokyo-db95,-21,74,Normal
2026-02-15 04:37:46.604238,Tokyo-db95,-9,18,Normal
2026-02-15 04:37:47.604238,Tokyo-db95,46,96,Normal
2026-02-15 04:37:48.604238,Tokyo-db95,2,49,Normal
2026-02-15 04:37:49.604238,Tokyo-db95,40,17,Normal
2026-02-15 04:37:50.604238,Tokyo-db95,23,33,Normal
2026-02-15 04:37:51.604238,Tokyo-db95,-3,47,Normal
2026-02-15 04:37:52.604238,Tokyo-db95,-2,35,Normal
2026-02-15 04:37:53.604238,Tokyo-db95,17,74,Normal
2026-02-15 04:37:54.604238,Tokyo-db95,-18,77,Normal
2026-02-15 04:37:55.604238,Tokyo-db95,28,14,Normal
2026-02-15 04:37:56.604238,Tokyo-db95,27,66,Normal
2026-02-15 04:37:57.604238,Tokyo-db95,27,64,Normal
2026-02-15 04:37:58.604238,Tokyo-db95,50,45,Normal
2026-02-15 04:37:59.604238,Tokyo-db95,-20,75,Normal
2026-02-15 04:38:00.604238,Tokyo-db95,47,23,Normal
2026-02-15 04:38:01.604238,Tokyo-db95,-7,88,Normal
2026-02-15 04:38:02.604238,Tokyo-db95,38,30,Normal
2026-02-15 04:38:03.604238,Tokyo-db95,20,17,Normal
2026-02-15 04:38:04.604238,Tokyo-db95,-1,72,Normal
2026-02-15 04:38:05.604238,Tokyo-db95,24,47,Normal
2026-02-15 04:38:06.604238,Tokyo-db95,48,90,Normal
2026-02-15 04:38:07.604238,Tokyo-db95,-17,3,Normal
2026-02-15 04:38:08.604238,Tokyo-db95,-23,21,Normal
2026-02-15 04:38:09.604238,Tokyo-db95,31,20,Normal
2026-02-15 04:38:10.604238,Tokyo-db95,-13,20,Normal
2026-02-15 04:38:11.604238,Tokyo-db95,22,90,Normal
2026-02-15 04:38:12.604238,Tokyo-db95,-20,2,Normal
2026-02-15 04:38:13.604238,Tokyo-db95,14,13,Normal
2026-02-15 04:38:14.604238,Tokyo-db95,38,24,Normal
2026-02-15 04:38:15.604238,Tokyo-db95,-16,77,Normal
2026-02-15 04:38:16.604238,Tokyo-db95,-28,59,Normal
2026-02-15 04:38:17.604238,Tokyo-db95,43,93,Normal
2026-02-15 04:38:18.604238,Tokyo-db95,5,3,Normal
2026-02-15 04:38:19.604238,Tokyo-db95,4,7,Normal
2026-02-15 04:38:20.604238,Tokyo-db95,-13,59,Normal
2026-02-15 04:38:21.604238,Tokyo-db95,-18,90,Normal
2026-02-15 04:38:22.604238,Tokyo-db95,33,37,Normal
2026-02-15 04:38:23.604238,Tokyo-db95,0,96,Normal
2026-02-15 04:38:24.604238,Tokyo-db95,19,36,Normal
2026-02-15 04:38:25.604238,Tokyo-db95,38,44,Normal
2026-02-15 04:38:26.604238,Tokyo-db95,-30,96,Normal
2026-02-15 04:38:27.604238,Tokyo-db95,7,66,Normal
2026-02-15 04:38:28.604238,Tokyo-db95,-3,77,Normal
2026-02-15 04:38:29.604238,Tokyo-db95,50,36,Normal
2026-02-15 04:38:30.604238,Tokyo-db95,-6,69,Normal
2026-02-15 04:38:31.604238,Tokyo-db95,-5,6,Normal
2026-02-15 04:38:32.604238,Tokyo-db95,50,60,Normal
2026-02-15 04:38:33.604238,Tokyo-db95,26,75,Normal
2026-02-15 04:38:34.604238,Tokyo-db95,-2,13,Normal
2026-02-15 04:38:35.604238,Tokyo-db95,49,29,Normal
2026-02-15 04:38:36.604238,Tokyo-db95,-28,42,Normal
2026-02-15 04:38:37.604238,Tokyo-db95,14,24,Normal
2026-02-15 04:38:38.604238,Tokyo-db95,-10,48,Normal
2026-02-15 04:38:39.604238,Tokyo-db95,10,24,Normal
2026-02-15 04:38:40.604238,Tokyo-db95,14,50,Normal
2026-02-15 04:38:41.604238,Tokyo-db95,14,40,Normal
2026-02-15 04:38:42.604238,Tokyo-db95,-5,61,Normal
2026-02-15 04:38:43.604238,Tokyo-db95,-14,55,Normal
2026-02-15 04:38:44.604238,Tokyo-db95,8,53,Normal
2026-02-15 04:38:45.604238,Tokyo-db95,-6,72,Normal
2026-02-15 04:38:46.604238,Tokyo-db95,42,22,Normal
2026-02-15 04:38:47.604238,Tokyo-db95,2,65,Normal
2026-02-15 04:38:48.604238,Tokyo-db95,-7,63,Normal
2026-02-15 04:38:49.604238,Tokyo-db95,34,74,Normal
2026-02-15 04:38:50.604238,Tokyo-db95,-28,49,Normal
2026-02-15 04:38:51.604238,Tokyo-db95,-9,23,Normal
2026-02-15 04:38:52.604238,Tokyo-db95,37,23,Normal
2026-02-15 04:38:53.604238,Tokyo-db95,9,92,Normal
2026-02-15 04:38:54.604238,Tokyo-db95,43,82,Normal
2026-02-15 04:38:55.604238,Tokyo-db95,32,29,Normal
2026-02-15 04:38:56.604238,Tokyo-db95,45,92,Normal
2026-02-15 04:38:57.604238,Tokyo-db95,44,2,Normal
2026-02-15 04:38:58.604238,Tokyo-db95,49,83,Normal
2026-02-15 04:38:59.604238,Tokyo-db95,18,17,Normal
2026-02-15 04:39:00.604238,Tokyo-db95,-24,4,Normal
2026-02-15 04:39:01.604238,Tokyo-db95,6,32,Normal
2026-02-15 04:39:02.604238,Tokyo-db95,48,74,Normal
2026-02-15 04:39:03.604238,Tokyo-db95,13,31,Normal
2026-02-15 04:39:04.604238,Tokyo-db95,26,98,Normal
2026-02-15 04:39:05.604238,Tokyo-db95,22,62,Normal
2026-02-15 04:39:06.604238,Tokyo-db95,-2,99,Normal
2026-02-15 04:39:07.604238,Tokyo-db95,44,60,Normal
2026-02-15 04:39:08.604238,Tokyo-db95,-21,7,Normal
2026-02-15 04:39:09.604238,Tokyo-db95,-19,23,Normal
2026-02-15 04:39:10.604238,Tokyo-db95,28,35,Normal
2026-02-15 04:39:11.604238,Tokyo-db95,15,44,Normal
2026-02-15 04:39:12.604238,Tokyo-db95,4,57,Normal
2026-02-15 04:39:13.604238,Tokyo-db95,11,94,Normal
2026-02-15 04:39:14.604238,Tokyo-db95,43,98,Normal
2026-02-15 04:39:15.604238,Tokyo-db95,-26,32,Normal
2026-02-15 04:39:16.604238,Tokyo-db95,-27,42,Normal
2026-02-15 04:39:17.604238,Tokyo-db95,16,73,Normal
2026-02-15 04:39:18.604238,Tokyo-db95,13,85,Normal
2026-02-15 04:39:19.604238,Tokyo-db95,-26,43,Normal
2026-02-15 04:39:20.604238,Tokyo-db95,39,81,Normal
2026-02-15 04:39:21.604238,Tokyo-db95,32,32,Normal
2026-02-15 04:39:22.604238,Tokyo-db95,19,30,Normal
2026-02-15 04:39:23.604238,Tokyo-db95,-27,5,Normal
2026-02-15 04:39:24.604238,Tokyo-db95,-28,60,Normal
2026-02-15 04:39:25.604238,Tokyo-db95,6,27,Normal
2026-02-15 04:39:26.604238,Tokyo-db95,4,64,Normal
2026-02-15 04:39:27.604238,Tokyo-db95,34,37,Normal
2026-02-15 04:39:28.604238,Tokyo-db95,-2,49,Normal
2026-02-15 04:39:29.604238,Tokyo-db95,5,19,Normal
2026-02-15 04:39:30.604238,Tokyo-db95,28,24,Normal
2026-02-15 04:39:31.604238,Tokyo-db95,48,63,Normal
2026-02-15 04:39:32.604238,Tokyo-db95,-4,32,Normal
2026-02-15 04:39:33.604238,Tokyo-db95,22,64,Normal
2026-02-15 04:39:34.604238,Tokyo-db95,31,10,Normal
2026-02-15 04:39:35.604238,Tokyo-db95,19,91,Normal
2026-02-15 04:39:36.604238,Tokyo-db95,30,95,Normal
2026-02-15 04:39:37.604238,Tokyo-db95,5,32,Normal
2026-02-15 04:39:38.604238,Tokyo-db95,25,43,Normal
2026-02-15 04:39:39.604238,Tokyo-db95,27,37,Normal
2026-02-15 04:39:40.604238,Tokyo-db95,-9,71,Normal
2026-02-15 04:39:41.604238,Tokyo-db95,50,51,Normal
2026-02-15 04:39:42.604238,Tokyo-db95,-23,2,Normal
2026-02-15 04:39:43.604238,Tokyo-db95,17,91,Normal
2026-02-15 04:39:44.604238,Tokyo-db95,1,29,Normal
2026-02-15 04:39:45.604238,Tokyo-db95,1,59,Normal
2026-02-15 04:39:46.604238,Tokyo-db95,21,37,Normal
2026-02-15 04:39:47.604238,Tokyo-db95,-24,3,Normal
2026-02-15 04:39:48.604238,Tokyo-db95,24,17,Normal
2026-02-15 04:39:49.604238,Tokyo-db95,31,89,Normal
2026-02-15 04:39:50.604238,Tokyo-db95,-22,96,Normal
2026-02-15 04:39:51.604238,Tokyo-db95,-17,98,Normal
2026-02-15 04:39:52.604238,Tokyo-db95,-24,19,Normal
2026-02-15 04:39:53.604238,Tokyo-db95,5,65,Normal
2026-02-15 04:39:54.604238,Tokyo-db95,-8,9,Normal
2026-02-15 04:39:55.604238,Tokyo-db95,20,86,Normal
2026-02-15 04:39:56.604238,Tokyo-db95,25,44,Normal
2026-02-15 04:39:57.604238,Tokyo-db95,-29,23,Normal
2026-02-15 04:39:58.604238,Tokyo-db95,42,23,Normal
2026-02-15 04:39:59.604238,Tokyo-db95,-12,60,Normal
2026-02-15 04:40:00.604238,Tokyo-db95,39,72,Normal
2026-02-15 04:40:01.604238,Tokyo-db95,47,0,Normal
2026-02-15 04:40:02.604238,Tokyo-db95,48,67,Normal
2026-02-15 04:40:03.604238,Tokyo-db95,21,19,Normal
2026-02-15 04:40:04.604238,Tokyo-db95,14,30,Normal
2026-02-15 04:40:05.604238,Tokyo-db95,-29,90,Normal
2026-02-15 04:40:06.604238,Tokyo-db95,-24,10,Normal
2026-02-15 04:40:07.604238,Tokyo-db95,16,41,Normal
2026-02-15 04:40:08.604238,Tokyo-db95,40,86,Normal
2026-02-15 04:40:09.604238,Tokyo-db95,0,74,Normal
2026-02-15 04:40:10.604238,Tokyo-db95,14,54,Normal
2026-02-15 04:40:11.604238,Tokyo-db95,-23,19,Normal
2026-02-15 04:40:12.604238,Tokyo-db95,37,60,Normal
2026-02-15 04:40:13.604238,Tokyo-db95,-17,38,Normal
2026-02-15 04:40:14.604238,Tokyo-db95,29,70,Normal
2026-02-15 04:40:15.604238,Tokyo-db95,15,71,Normal
2026-02-15 04:40:16.604238,Tokyo-db95,-24,70,Normal
2026-02-15 04:40:17.604238,Tokyo-db95,15,76,Normal
2026-02-15 04:40:18.604238,Tokyo-db95,-27,18,Normal
2026-02-15 04:40:19.604238,Tokyo-db95,34,53,Normal
2026-02-15 04:40:20.604238,Tokyo-db95,18,81,Normal
2026-02-15 04:40:21.604238,Tokyo-db95,37,29,Normal
2026-02-15 04:40:22.604238,Tokyo-db95,10,67,Normal
2026-02-15 04:40:23.604238,Tokyo-db95,40,0,Normal
2026-02-15 04:40:24.604238,Tokyo-db95,-12,16,Normal
2026-02-15 04:40:25.604238,Tokyo-db95,49,75,Normal
2026-02-15 04:40:26.604238,Tokyo-db95,21,54,Normal
2026-02-15 04:40:27.604238,Tokyo-db95,-6,12,Normal
2026-02-15 04:40:28.604238,Tokyo-db95,8,44,Normal
2026-02-15 04:40:29.604238,Tokyo-db95,22,33,Normal
2026-02-15 04:40:30.604238,Tokyo-db95,30,55,Normal
2026-02-15 04:40:31.604238,Tokyo-db95,15,24,Normal
2026-02-15 04:40:32.604238,Tokyo-db95,8,12,Normal
2026-02-15 04:40:33.604238,Tokyo-db95,22,97,Normal
2026-02-15 04:40:34.604238,Tokyo-db95,26,67,Normal
2026-02-15 04:40:35.604238,Tokyo-db95,-2,12,Normal
2026-02-15 04:40:36.604238,Tokyo-db95,12,38,Normal
2026-02-15 04:40:37.604238,Tokyo-db95,47,44,Normal
2026-02-15 04:40:38.604238,Tokyo-db95,44,91,Normal
2026-02-15 04:40:39.604238,Tokyo-db95,41,89,Normal
2026-02-15 04:40:40.604238,Tokyo-db95,-22,75,Normal
2026-02-15 04:40:41.604238,Tokyo-db95,30,64,Normal
2026-02-15 04:40:42.604238,Tokyo-db95,24,60,Normal
2026-02-15 04:40:43.604238,Tokyo-db95,-28,91,Normal
2026-02-15 04:40:44.604238,Tokyo-db95,-1,35,Normal
2026-02-15 04:40:45.604238,Tokyo-db95,5,17,Normal
2026-02-15 04:40:46.604238,Tokyo-db95,-4,91,Normal
2026-02-15 04:40:47.604238,Tokyo-db95,13,40,Normal
2026-02-15 04:40:48.604238,Tokyo-db95,4,46,Normal
2026-02-15 04:40:49.604238,Tokyo-db95,-21,8,Normal
2026-02-15 04:40:50.604238,Tokyo-db95,-23,79,Normal
2026-02-15 04:40:51.604238,Tokyo-db95,-21,37,Normal
2026-02-15 04:40:52.604238,Tokyo-db95,-13,40,Normal
2026-02-15 04:40:53.604238,Tokyo-db95,44,61,Normal
2026-02-15 04:40:54.604238,Tokyo-db95,-26,91,Normal
2026-02-15 04:40:55.604238,Tokyo-db95,23,23,Normal
2026-02-15 04:40:56.604238,Tokyo-db95,-23,26,Normal
2026-02-15 04:40:57.604238,Tokyo-db95,22,99,Normal
2026-02-15 04:40:58.604238,Tokyo-db95,20,60,Normal
2026-02-15 04:40:59.604238,Tokyo-db95,-3,70,Normal
2026-02-15 04:41:00.604238,Tokyo-db95,-10,64,Normal
2026-02-15 04:41:01.604238,Tokyo-db95,37,14,Normal
2026-02-15 04:41:02.604238,Tokyo-db95,-25,96,Normal
2026-02-15 04:41:03.604238,Tokyo-db95,29,95,Normal
2026-02-15 04:41:04.604238,Tokyo-db95,-24,97,Normal
2026-02-15 04:41:05.604238,Tokyo-db95,13,8,Normal
2026-02-15 04:41:06.604238,Tokyo-db95,-28,71,Normal
2026-02-15 04:41:07.604238,Tokyo-db95,-18,63,Normal
2026-02-15 04:41:08.604238,Tokyo-db95,-30,31,Normal
2026-02-15 04:41:09.604238,Tokyo-db95,10,76,Normal
2026-02-15 04:41:10.604238,Tokyo-db95,49,60,Normal
2026-02-15 04:41:11.604238,Tokyo-db95,-16,4,Normal
2026-02-15 04:41:12.604238,Tokyo-db95,15,45,Normal
2026-02-15 04:41:13.604238,Tokyo-db95,47,89,Normal
2026-02-15 04:41:14.604238,Tokyo-db95,19,64,Normal
2026-02-15 04:41:15.604238,Tokyo-db95,-28,17,Normal
2026-02-15 04:41:16.604238,Tokyo-db95,41,8,Normal
2026-02-15 04:41:17.604238,Tokyo-db95,-25,28,Normal
2026-02-15 04:41:18.604238,Tokyo-db95,23,38,Normal
2026-02-15 04:41:19.604238,Tokyo-db95,-12,96,Normal
2026-02-15 04:41:20.604238,Tokyo-db95,29,24,Normal
2026-02-15 04:41:21.604238,Tokyo-db95,12,59,Normal
2026-02-15 04:41:22.604238,Tokyo-db95,45,89,Normal
2026-02-15 04:41:23.604238,Tokyo-db95,0,95,Normal
2026-02-15 04:41:24.604238,Tokyo-db95,16,7,Normal
2026-02-15 04:41:25.604238,Tokyo-db95,27,8,Normal
2026-02-15 04:41:26.604238,Tokyo-db95,-1,84,Normal
2026-02-15 04:41:27.604238,Tokyo-db95,-5,40,Normal
2026-02-15 04:41:28.604238,Tokyo-db95,-2,99,Normal
2026-02-15 04:41:29.604238,Tokyo-db95,-22,89,Normal
2026-02-15 04:41:30.604238,Tokyo-db95,3,75,Normal
2026-02-15 04:41:31.604238,Tokyo-db95,18,27,Normal
2026-02-15 04:41:32.604238,Tokyo-db95,46,51,Normal
2026-02-15 04:41:33.604238,Tokyo-db95,36,68,Normal
2026-02-15 04:41:34.604238,Tokyo-db95,7,94,Normal
2026-02-15 04:41:35.604238,Tokyo-db95,37,6,Normal
2026-02-15 04:41:36.604238,Tokyo-db95,41,56,Normal
2026-02-15 04:41:37.604238,Tokyo-db95,-20,3,Normal
2026-02-15 04:41:38.604238,Tokyo-db95,-12,91,Normal
2026-02-15 04:41:39.604238,Tokyo-db95,21,76,Normal
2026-02-15 04:41:40.604238,Tokyo-db95,39,3,Normal
2026-02-15 04:41:41.604238,Tokyo-db95,-21,43,Normal
2026-02-15 04:41:42.604238,Tokyo-db95,-27,15,Normal
2026-02-15 04:41:43.604238,Tokyo-db95,19,87,Normal
2026-02-15 04:41:44.604238,Tokyo-db95,45,51,Normal
2026-02-15 04:41:45.604238,Tokyo-db95,-17,26,Normal
2026-02-15 04:41:46.604238,Tokyo-db95,-30,63,Normal
2026-02-15 04:41:47.604238,Tokyo-db95,19,75,Normal
2026-02-15 04:41:48.604238,Tokyo-db95,-26,32,Normal
2026-02-15 04:41:49.604238,Tokyo-db95,13,16,Normal
2026-02-15 04:41:50.604238,Tokyo-db95,-8,15,Normal
2026-02-15 04:41:51.604238,Tokyo-db95,20,82,Normal
2026-02-15 04:41:52.604238,Tokyo-db95,-22,97,Normal
2026-02-15 04:41:53.604238,Tokyo-db95,50,22,Normal
2026-02-15 04:41:54.604238,Tokyo-db95,48,95,Normal
2026-02-15 04:41:55.604238,Tokyo-db95,-12,22,Normal
2026-02-15 04:41:56.604238,Tokyo-db95,7,26,Normal
2026-02-15 04:41:57.604238,Tokyo-db95,28,83,Normal
2026-02-15 04:41:58.604238,Tokyo-db95,15,79,Normal
2026-02-15 04:41:59.604238,Tokyo-db95,13,67,Normal
2026-02-15 04:42:00.604238,Tokyo-db95,42,31,Normal
2026-02-15 04:42:01.604238,Tokyo-db95,-30,57,Normal
2026-02-15 04:42:02.604238,Tokyo-db95,-22,20,Normal
2026-02-15 04:42:03.604238,Tokyo-db95,44,81,Normal
2026-02-15 04:42:04.604238,Tokyo-db95,-16,8,Normal
2026-02-15 04:42:05.604238,Tokyo-db95,45,25,Normal
2026-02-15 04:42:06.604238,Tokyo-db95,-14,7,Normal
2026-02-15 04:42:07.604238,Tokyo-db95,46,78,Normal
2026-02-15 04:42:08.604238,Tokyo-db95,16,21,Normal
2026-02-15 04:42:09.604238,Tokyo-db95,43,52,Normal
2026-02-15 04:42:10.604238,Tokyo-db95,13,38,Normal
2026-02-15 04:42:11.604238,Tokyo-db95,33,74,Normal
2026-02-15 04:42:12.604238,Tokyo-db95,40,18,Normal
2026-02-15 04:42:13.604238,Tokyo-db95,15,16,Normal
2026-02-15 04:42:14.604238,Tokyo-db95,26,95,Normal
2026-02-15 04:42:15.604238,Tokyo-db95,1,39,Normal
2026-02-15 04:42:16.604238,Tokyo-db95,31,9,Normal
2026-02-15 04:42:17.604238,Tokyo-db95,48,38,Normal
2026-02-15 04:42:18.604238,Tokyo-db95,32,78,Normal
2026-02-15 04:42:19.604238,Tokyo-db95,43,95,Normal
2026-02-15 04:42:20.604238,Tokyo-db95,34,59,Normal
2026-02-15 04:42:21.604238,Tokyo-db95,28,83,Normal
2026-02-15 04:42:22.604238,Tokyo-db95,5,81,Normal
2026-02-15 04:42:23.604238,Tokyo-db95,36,26,Normal
2026-02-15 04:42:24.604238,Tokyo-db95,10,54,Normal
2026-02-15 04:42:25.604238,Tokyo-db95,28,60,Normal
2026-02-15 04:42:26.604238,Tokyo-db95,-29,23,Normal
2026-02-15 04:42:27.604238,Tokyo-db95,25,60,Normal
2026-02-15 04:42:28.604238,Tokyo-db95,-15,72,Normal
2026-02-15 04:42:29.604238,Tokyo-db95,6,92,Normal
2026-02-15 04:42:30.604238,Tokyo-db95,5,31,Normal
2026-02-15 04:42:31.604238,Tokyo-db95,-10,89,Normal
2026-02-15 04:42:32.604238,Tokyo-db95,-24,78,Normal
2026-02-15 04:42:33.604238,Tokyo-db95,3,7,Normal
2026-02-15 04:42:34.604238,Tokyo-db95,39,89,Normal
2026-02-15 04:42:35.604238,Tokyo-db95,14,5,Normal
2026-02-15 04:42:36.604238,Tokyo-db95,5,98,Normal
2026-02-15 04:42:37.604238,Tokyo-db95,-22,48,Normal
2026-02-15 04:42:38.604238,Tokyo-db95,-5,94,Normal
2026-02-15 04:42:39.604238,Tokyo-db95,-5,68,Normal
2026-02-15 04:42:40.604238,Tokyo-db95,10,55,Normal
2026-02-15 04:42:41.604238,Tokyo-db95,-26,40,Normal
2026-02-15 04:42:42.604238,Tokyo-db95,-24,52,Normal
2026-02-15 04:42:43.604238,Tokyo-db95,-21,48,Normal
2026-02-15 04:42:44.604238,Tokyo-db95,13,70,Normal
2026-02-15 04:42:45.604238,Tokyo-db95,17,55,Normal
2026-02-15 04:42:46.604238,Tokyo-db95,-23,66,Normal
2026-02-15 04:42:47.604238,Tokyo-db95,30,93,Normal
2026-02-15 04:42:48.604238,Tokyo-db95,-7,69,Normal
2026-02-15 04:42:49.604238,Tokyo-db95,27,66,Normal
2026-02-15 04:42:50.604238,Tokyo-db95,2,41,Normal
2026-02-15 04:42:51.604238,Tokyo-db95,20,39,Normal
2026-02-15 04:42:52.604238,Tokyo-db95,22,85,Normal
2026-02-15 04:42:53.604238,Tokyo-db95,15,27,Normal
2026-02-15 04:42:54.604238,Tokyo-db95,36,90,Normal
2026-02-15 04:42:55.604238,Tokyo-db95,26,26,Normal
2026-02-15 04:42:56.604238,Tokyo-db95,33,99,Normal
2026-02-15 04:42:57.604238,Tokyo-db95,-13,19,Normal
2026-02-15 04:42:58.604238,Tokyo-db95,1,63,Normal
2026-02-15 04:42:59.604238,Tokyo-db95,39,93,Normal
2026-02-15 04:43:00.604238,Tokyo-db95,47,90,Normal
2026-02-15 04:43:01.604238,Tokyo-db95,2,5,Normal
2026-02-15 04:43:02.604238,Tokyo-db95,1,21,Normal
2026-02-15 04:43:03.604238,Tokyo-db95,-29,16,Normal
2026-02-15 04:43:04.604238,Tokyo-db95,-11,51,Normal
2026-02-15 04:43:05.604238,Tokyo-db95,20,42,Normal
2026-02-15 04:43:06.604238,Tokyo-db95,-26,59,Normal
2026-02-15 04:43:07.604238,Tokyo-db95,4,60,Normal
2026-02-15 04:43:08.604238,Tokyo-db95,5,76,Normal
2026-02-15 04:43:09.604238,Tokyo-db95,44,39,Normal
2026-02-15 04:43:10.604238,Tokyo-db95,-1,23,Normal
2026-02-15 04:43:11.604238,Tokyo-db95,-18,32,Normal
2026-02-15 04:43:12.604238,Tokyo-db95,31,22,Normal
2026-02-15 04:43:13.604238,Tokyo-db95,30,51,Normal
2026-02-15 04:43:14.604238,Tokyo-db95,19,58,Normal
2026-02-15 04:43:15.604238,Tokyo-db95,36,44,Normal
2026-02-15 04:43:16.604238,Tokyo-db95,-21,42,Normal
2026-02-15 04:43:17.604238,Tokyo-db95,19,41,Normal
2026-02-15 04:43:18.604238,Tokyo-db95,10,20,Normal
2026-02-15 04:43:19.604238,Tokyo-db95,-11,70,Normal
2026-02-15 04:43:20.604238,Tokyo-db95,13,84,Normal
2026-02-15 04:43:21.604238,Tokyo-db95,4,93,Normal
2026-02-15 04:43:22.604238,Tokyo-db95,-27,79,Normal
2026-02-15 04:43:23.604238,Tokyo-db95,36,91,Normal
2026-02-15 04:43:24.604238,Tokyo-db95,28,97,Normal
2026-02-15 04:43:25.604238,Tokyo-db95,22,51,Normal
2026-02-15 04:43:26.604238,Tokyo-db95,26,27,Normal
2026-02-15 04:43:27.604238,Tokyo-db95,35,58,Normal
2026-02-15 04:43:28.604238,Tokyo-db95,16,15,Normal
2026-02-15 04:43:29.604238,Tokyo-db95,-11,88,Normal
2026-02-15 04:43:30.604238,Tokyo-db95,48,60,Normal
2026-02-15 04:43:31.604238,Tokyo-db95,-27,96,Normal
2026-02-15 04:43:32.604238,Tokyo-db95,20,98,Normal
2026-02-15 04:43:33.604238,Tokyo-db95,-28,96,Normal
2026-02-15 04:43:34.604238,Tokyo-db95,-11,14,Normal
2026-02-15 04:43:35.604238,Tokyo-db95,-6,88,Normal
2026-02-15 04:43:36.604238,Tokyo-db95,-18,15,Normal
2026-02-15 04:43:37.604238,Tokyo-db95,20,67,Normal
2026-02-15 04:43:38.604238,Tokyo-db95,12,64,Normal
2026-02-15 04:43:39.604238,Tokyo-db95,36,61,Normal
2026-02-15 04:43:40.604238,Tokyo-db95,-4,35,Normal
2026-02-15 04:43:41.604238,Tokyo-db95,-10,91,Normal
2026-02-15 04:43:42.604238,Tokyo-db95,-26,80,Normal
2026-02-15 04:43:43.604238,Tokyo-db95,-30,24,Normal
2026-02-15 04:43:44.604238,Tokyo-db95,14,62,Normal
2026-02-15 04:43:45.604238,Tokyo-db95,-13,22,Normal
2026-02-15 04:43:46.604238,Tokyo-db95,49,46,Normal
2026-02-15 04:43:47.604238,Tokyo-db95,23,3,Normal
2026-02-15 04:43:48.604238,Tokyo-db95,47,81,Normal
2026-02-15 04:43:49.604238,Tokyo-db95,-18,5,Normal
2026-02-15 04:43:50.604238,Tokyo-db95,46,50,Normal
2026-02-15 04:43:51.604238,Tokyo-db95,38,27,Normal
2026-02-15 04:43:52.604238,Tokyo-db95,-7,31,Normal
2026-02-15 04:43:53.604238,Tokyo-db95,1,12,Normal
2026-02-15 04:43:54.604238,Tokyo-db95,-10,45,Normal
2026-02-15 04:43:55.604238,Tokyo-db95,21,24,Normal
2026-02-15 04:43:56.604238,Tokyo-db95,-24,58,Normal
2026-02-15 04:43:57.604238,Tokyo-db95,36,46,Normal
2026-02-15 04:43:58.604238,Tokyo-db95,7,72,Normal
2026-02-15 04:43:59.604238,Tokyo-db95,8,98,Normal
2026-02-15 04:44:00.604238,Tokyo-db95,8,20,Normal
2026-02-15 04:44:01.604238,Tokyo-db95,37,47,Normal
2026-02-15 04:44:02.604238,Tokyo-db95,-9,8,Normal
2026-02-15 04:44:03.604238,Tokyo-db95,-19,27,Normal
2026-02-15 04:44:04.604238,Tokyo-db95,12,22,Normal
2026-02-15 04:44:05.604238,Tokyo-db95,-9,99,Normal
2026-02-15 04:44:06.604238,Tokyo-db95,-7,2,Normal
2026-02-15 04:44:07.604238,Tokyo-db95,-1,78,Normal
2026-02-15 04:44:08.604238,Tokyo-db95,37,82,Normal
2026-02-15 04:44:09.604238,Tokyo-db95,-19,58,Normal
2026-02-15 04:44:10.604238,Tokyo-db95,9,90,Normal
2026-02-15 04:44:11.604238,Tokyo-db95,-29,42,Normal
2026-02-15 04:44:12.604238,Tokyo-db95,43,55,Normal
2026-02-15 04:44:13.604238,Tokyo-db95,16,31,Normal
2026-02-15 04:44:14.604238,Tokyo-db95,27,20,Normal
2026-02-15 04:44:15.604238,Tokyo-db95,14,90,Normal
2026-02-15 04:44:16.604238,Tokyo-db95,5,96,Normal
2026-02-15 04:44:17.604238,Tokyo-db95,-26,49,Normal
2026-02-15 04:44:18.604238,Tokyo-db95,21,77,Normal
2026-02-15 04:44:19.604238,Tokyo-db95,24,41,Normal
2026-02-15 04:44:20.604238,Tokyo-db95,15,35,Normal
2026-02-15 04:44:21.604238,Tokyo-db95,-20,81,Normal
2026-02-15 04:44:22.604238,Tokyo-db95,-9,93,Normal
2026-02-15 04:44:23.604238,Tokyo-db95,14,16,Normal
2026-02-15 04:44:24.604238,Tokyo-db95,-1,45,Normal
2026-02-15 04:44:25.604238,Tokyo-db95,28,79,Normal
2026-02-15 04:44:26.604238,Tokyo-db95,18,63,Normal
2026-02-15 04:44:27.604238,Tokyo-db95,-12,2,Normal
2026-02-15 04:44:28.604238,Tokyo-db95,-8,96,Normal
2026-02-15 04:44:29.604238,Tokyo-db95,-18,57,Normal
2026-02-15 04:44:30.604238,Tokyo-db95,22,12,Normal
2026-02-15 04:44:31.604238,Tokyo-db95,22,21,Normal
2026-02-15 04:44:32.604238,Tokyo-db95,-24,24,Normal
2026-02-15 04:44:33.604238,Tokyo-db95,4,96,Normal
2026-02-15 04:44:34.604238,Tokyo-db95,-16,38,Normal
2026-02-15 04:44:35.604238,Tokyo-db95,-4,3,Normal
2026-02-15 04:44:36.604238,Tokyo-db95,50,88,Normal
2026-02-15 04:44:37.604238,Tokyo-db95,27,49,Normal
2026-02-15 04:44:38.604238,Tokyo-db95,4,6,Normal
2026-02-15 04:44:39.604238,Tokyo-db95,13,73,Normal
2026-02-15 04:44:40.604238,Tokyo-db95,19,38,Normal
2026-02-15 04:44:41.604238,Tokyo-db95,43,52,Normal
2026-02-15 04:44:42.604238,Tokyo-db95,23,23,Normal
2026-02-15 04:44:43.604238,Tokyo-db95,24,0,Normal
2026-02-15 04:44:44.604238,Tokyo-db95,8,30,Normal
2026-02-15 04:44:45.604238,Tokyo-db95,-1,36,Normal
2026-02-15 04:44:46.604238,Tokyo-db95,24,20,Normal
2026-02-15 04:44:47.604238,Tokyo-db95,-22,12,Normal
2026-02-15 04:44:48.604238,Tokyo-db95,-18,4,Normal
2026-02-15 04:44:49.604238,Tokyo-db95,-1,36,Normal
2026-02-15 04:44:50.604238,Tokyo-db95,14,13,Normal
2026-02-15 04:44:51.604238,Tokyo-db95,-12,76,Normal
2026-02-15 04:44:52.604238,Tokyo-db95,26,35,Normal
2026-02-15 04:44:53.604238,Tokyo-db95,-10,99,Normal
2026-02-15 04:44:54.604238,Tokyo-db95,28,56,Normal
2026-02-15 04:44:55.604238,Tokyo-db95,-2,98,Normal
2026-02-15 04:44:56.604238,Tokyo-db95,14,88,Normal
2026-02-15 04:44:57.604238,Tokyo-db95,-21,92,Normal
2026-02-15 04:44:58.604238,Tokyo-db95,-23,53,Normal
2026-02-15 04:44:59.604238,Tokyo-db95,-21,85,Normal
2026-02-15 04:45:00.604238,Tokyo-db95,-22,20,Normal
2026-02-15 04:45:01.604238,Tokyo-db95,23,37,Normal
2026-02-15 04:45:02.604238,Tokyo-db95,-28,35,Normal
2026-02-15 04:45:03.604238,Tokyo-db95,47,72,Normal
2026-02-15 04:45:04.604238,Tokyo-db95,15,32,Normal
2026-02-15 04:45:05.604238,Tokyo-db95,21,75,Normal
2026-02-15 04:45:06.604238,Tokyo-db95,-21,48,Normal
2026-02-15 04:45:07.604238,Tokyo-db95,1,5,Normal
2026-02-15 04:45:08.604238,Tokyo-db95,41,92,Normal
2026-02-15 04:45:09.604238,Tokyo-db95,-5,72,Normal
2026-02-15 04:45:10.604238,Tokyo-db95,14,17,Normal
2026-02-15 04:45:11.604238,Tokyo-db95,40,72,Normal
2026-02-15 04:45:12.604238,Tokyo-db95,34,82,Normal
2026-02-15 04:45:13.604238,Tokyo-db95,11,31,Normal
2026-02-15 04:45:14.604238,Tokyo-db95,-29,47,Normal
2026-02-15 04:45:15.604238,Tokyo-db95,-11,71,Normal
2026-02-15 04:45:16.604238,Tokyo-db95,49,89,Normal
2026-02-15 04:45:17.604238,Tokyo-db95,2,9,Normal
2026-02-15 04:45:18.604238,Tokyo-db95,-7,32,Normal
2026-02-15 04:45:19.604238,Tokyo-db95,2,46,Normal
2026-02-15 04:45:20.604238,Tokyo-db95,11,84,Normal
2026-02-15 04:45:21.604238,Tokyo-db95,11,30,Normal
2026-02-15 04:45:22.604238,Tokyo-db95,-7,75,Normal
2026-02-15 04:45:23.604238,Tokyo-db95,-12,15,Normal
2026-02-15 04:45:24.604238,Tokyo-db95,16,12,Normal
2026-02-15 04:45:25.604238,Tokyo-db95,32,45,Normal
2026-02-15 04:45:26.604238,Tokyo-db95,-29,74,Normal
2026-02-15 04:45:27.604238,Tokyo-db95,-16,84,Normal
2026-02-15 04:45:28.604238,Tokyo-db95,-14,84,Normal
2026-02-15 04:45:29.604238,Tokyo-db95,-6,69,Normal
2026-02-15 04:45:30.604238,Tokyo-db95,2,32,Normal
2026-02-15 04:45:31.604238,Tokyo-db95,29,25,Normal
2026-02-15 04:45:32.604238,Tokyo-db95,38,9,Normal
2026-02-15 04:45:33.604238,Tokyo-db95,31,48,Normal
2026-02-15 04:45:34.604238,Tokyo-db95,-29,89,Normal
2026-02-15 04:45:35.604238,Tokyo-db95,-12,26,Normal
2026-02-15 04:45:36.604238,Tokyo-db95,-18,0,Normal
2026-02-15 04:45:37.604238,Tokyo-db95,-6,25,Normal
2026-02-15 04:45:38.604238,Tokyo-db95,15,87,Normal
2026-02-15 04:45:39.604238,Tokyo-db95,9,55,Normal
2026-02-15 04:45:40.604238,Tokyo-db95,-21,26,Normal
2026-02-15 04:45:41.604238,Tokyo-db95,42,8,Normal
2026-02-15 04:45:42.604238,Tokyo-db95,21,24,Normal
2026-02-15 04:45:43.604238,Tokyo-db95,28,65,Normal
2026-02-15 04:45:44.604238,Tokyo-db95,14,39,Normal
2026-02-15 04:45:45.604238,Tokyo-db95,-13,27,Normal
2026-02-15 04:45:46.604238,Tokyo-db95,17,2,Normal
2026-02-15 04:45:47.604238,Tokyo-db95,-12,31,Normal
2026-02-15 04:45:48.604238,Tokyo-db95,40,70,Normal
2026-02-15 04:45:49.604238,Tokyo-db95,27,71,Normal
2026-02-15 04:45:50.604238,Tokyo-db95,20,35,Normal
2026-02-15 04:45:51.604238,Tokyo-db95,16,83,Normal
2026-02-15 04:45:52.604238,Tokyo-db95,4,62,Normal
2026-02-15 04:45:53.604238,Tokyo-db95,-25,60,Normal
2026-02-15 04:45:54.604238,Tokyo-db95,31,29,Normal
2026-02-15 04:45:55.604238,Tokyo-db95,1,18,Normal
2026-02-15 04:45:56.604238,Tokyo-db95,39,5,Normal
2026-02-15 04:45:57.604238,Tokyo-db95,26,4,Normal
2026-02-15 04:45:58.604238,Tokyo-db95,13,13,Normal
2026-02-15 04:45:59.604238,Tokyo-db95,-19,96,Normal
2026-02-15 04:46:00.604238,Tokyo-db95,-15,66,Normal
2026-02-15 04:46:01.604238,Tokyo-db95,-15,49,Normal
2026-02-15 04:46:02.604238,Tokyo-db95,40,77,Normal
2026-02-15 04:46:03.604238,Tokyo-db95,30,57,Normal
2026-02-15 04:46:04.604238,Tokyo-db95,44,85,Normal
2026-02-15 04:46:05.604238,Tokyo-db95,34,37,Normal
2026-02-15 04:46:06.604238,Tokyo-db95,-2,43,Normal
2026-02-15 04:46:07.604238,Tokyo-db95,28,90,Normal
2026-02-15 04:46:08.604238,Tokyo-db95,-12,59,Normal
2026-02-15 04:46:09.604238,Tokyo-db95,22,46,Normal
2026-02-15 04:46:10.604238,Tokyo-db95,3,13,Normal
2026-02-15 04:46:11.604238,Tokyo-db95,39,84,Normal
2026-02-15 04:46:12.604238,Tokyo-db95,-15,10,Normal
2026-02-15 04:46:13.604238,Tokyo-db95,9,6,Normal
2026-02-15 04:46:14.604238,Tokyo-db95,-11,25,Normal
2026-02-15 04:46:15.604238,Tokyo-db95,14,33,Normal
2026-02-15 04:46:16.604238,Tokyo-db95,45,22,Normal
2026-02-15 04:46:17.604238,Tokyo-db95,12,57,Normal
2026-02-15 04:46:18.604238,Tokyo-db95,44,21,Normal
2026-02-15 04:46:19.604238,Tokyo-db95,7,35,Normal
2026-02-15 04:46:20.604238,Tokyo-db95,-5,16,Normal
2026-02-15 04:46:21.604238,Tokyo-db95,25,57,Normal
2026-02-15 04:46:22.604238,Tokyo-db95,-25,64,Normal
2026-02-15 04:46:23.604238,Tokyo-db95,-24,63,Normal
2026-02-15 04:46:24.604238,Tokyo-db95,35,3,Normal
2026-02-15 04:46:25.604238,Tokyo-db95,33,91,Normal
2026-02-15 04:46:26.604238,Tokyo-db95,-24,20,Normal
2026-02-15 04:46:27.604238,Tokyo-db95,-7,84,Normal
2026-02-15 04:46:28.604238,Tokyo-db95,11,50,Normal
2026-02-15 04:46:29.604238,Tokyo-db95,-23,94,Normal
2026-02-15 04:46:30.604238,Tokyo-db95,36,76,Normal
2026-02-15 04:46:31.604238,Tokyo-db95,22,64,Normal
2026-02-15 04:46:32.604238,Tokyo-db95,2,89,Normal
2026-02-15 04:46:33.604238,Tokyo-db95,-16,0,Normal
2026-02-15 04:46:34.604238,Tokyo-db95,12,61,Normal
2026-02-15 04:46:35.604238,Tokyo-db95,-11,31,Normal
2026-02-15 04:46:36.604238,Tokyo-db95,-5,92,Normal
2026-02-15 04:46:37.604238,Tokyo-db95,48,35,Normal
2026-02-15 04:46:38.604238,Tokyo-db95,47,56,Normal
2026-02-15 04:46:39.604238,Tokyo-db95,-25,74,Normal
2026-02-15 04:46:40.604238,Tokyo-db95,0,50,Normal
2026-02-15 04:46:41.604238,Tokyo-db95,34,25,Normal
2026-02-15 04:46:42.604238,Tokyo-db95,24,15,Normal
2026-02-15 04:46:43.604238,Tokyo-db95,44,17,Normal
2026-02-15 04:46:44.604238,Tokyo-db95,-4,78,Normal
2026-02-15 04:46:45.604238,Tokyo-db95,28,0,Normal
2026-02-15 04:46:46.604238,Tokyo-db95,-14,69,Normal
2026-02-15 04:46:47.604238,Tokyo-db95,20,78,Normal
2026-02-15 04:46:48.604238,Tokyo-db95,1,16,Normal
2026-02-15 04:46:49.604238,Tokyo-db95,38,48,Normal
2026-02-15 04:46:50.604238,Tokyo-db95,6,61,Normal
2026-02-15 04:46:51.604238,Tokyo-db95,10,49,Normal
2026-02-15 04:46:52.604238,Tokyo-db95,31,78,Normal
2026-02-15 04:46:53.604238,Tokyo-db95,0,31,Normal
2026-02-15 04:46:54.604238,Tokyo-db95,-23,66,Normal
2026-02-15 04:46:55.604238,Tokyo-db95,-5,5,Normal
2026-02-15 04:46:56.604238,Tokyo-db95,38,44,Normal
2026-02-15 04:46:57.604238,Tokyo-db95,-4,74,Normal
2026-02-15 04:46:58.604238,Tokyo-db95,13,65,Normal
2026-02-15 04:46:59.604238,Tokyo-db95,40,24,Normal
2026-02-15 04:47:00.604238,Tokyo-db95,-11,91,Normal
2026-02-15 04:47:01.604238,Tokyo-db95,-15,96,Normal
2026-02-15 04:47:02.604238,Tokyo-db95,33,4,Normal
2026-02-15 04:47:03.604238,Tokyo-db95,45,47,Normal
2026-02-15 04:47:04.604238,Tokyo-db95,12,32,Normal
2026-02-15 04:47:05.604238,Tokyo-db95,24,97,Normal
2026-02-15 04:47:06.604238,Tokyo-db95,8,27,Normal
2026-02-15 04:47:07.604238,Tokyo-db95,41,98,Normal
2026-02-15 04:47:08.604238,Tokyo-db95,40,68,Normal
2026-02-15 04:47:09.604238,Tokyo-db95,-3,50,Normal
2026-02-15 04:47:10.604238,Tokyo-db95,43,90,Normal
2026-02-15 04:47:11.604238,Tokyo-db95,4,81,Normal
2026-02-15 04:47:12.604238,Tokyo-db95,3,33,Normal
2026-02-15 04:47:13.604238,Tokyo-db95,-6,68,Normal
2026-02-15 04:47:14.604238,Tokyo-db95,-4,92,Normal
2026-02-15 04:47:15.604238,Tokyo-db95,-28,18,Normal
2026-02-15 04:47:16.604238,Tokyo-db95,-6,58,Normal
2026-02-15 04:47:17.604238,Tokyo-db95,-3,2,Normal
2026-02-15 04:47:18.604238,Tokyo-db95,49,37,Normal
2026-02-15 04:47:19.604238,Tokyo-db95,37,19,Normal
2026-02-15 04:47:20.604238,Tokyo-db95,9,27,Normal
2026-02-15 04:47:21.604238,Tokyo-db95,-7,5,Normal
2026-02-15 04:47:22.604238,Tokyo-db95,-27,7,Normal
2026-02-15 04:47:23.604238,Tokyo-db95,-9,56,Normal
2026-02-15 04:47:24.604238,Tokyo-db95,-20,20,Normal
2026-02-15 04:47:25.604238,Tokyo-db95,41,82,Normal
2026-02-15 04:47:26.604238,Tokyo-db95,0,9,Normal
2026-02-15 04:47:27.604238,Tokyo-db95,25,0,Normal
2026-02-15 04:47:28.604238,Tokyo-db95,31,12,Normal
2026-02-15 04:47:29.604238,Tokyo-db95,5,7,Normal
2026-02-15 04:47:30.604238,Tokyo-db95,10,50,Normal
2026-02-15 04:47:31.604238,Tokyo-db95,-28,31,Normal
2026-02-15 04:47:32.604238,Tokyo-db95,19,15,Normal
2026-02-15 04:47:33.604238,Tokyo-db95,8,75,Normal
2026-02-15 04:47:34.604238,Tokyo-db95,-30,56,Normal
2026-02-15 04:47:35.604238,Tokyo-db95,25,2,Normal
2026-02-15 04:47:36.604238,Tokyo-db95,-25,89,Normal
2026-02-15 04:47:37.604238,Tokyo-db95,11,76,Normal
2026-02-15 04:47:38.604238,Tokyo-db95,43,22,Normal
2026-02-15 04:47:39.604238,Tokyo-db95,24,43,Normal
2026-02-15 04:47:40.604238,Tokyo-db95,-17,88,Normal
2026-02-15 04:47:41.604238,Tokyo-db95,11,32,Normal
2026-02-15 04:47:42.604238,Tokyo-db95,-6,13,Normal
2026-02-15 04:47:43.604238,Tokyo-db95,41,69,Normal
2026-02-15 04:47:44.604238,Tokyo-db95,7,92,Normal
2026-02-15 04:47:45.604238,Tokyo-db95,15,79,Normal
2026-02-15 04:47:46.604238,Tokyo-db95,-24,70,Normal
2026-02-15 04:47:47.604238,Tokyo-db95,19,47,Normal
2026-02-15 04:47:48.604238,Tokyo-db95,-5,38,Normal
2026-02-15 04:47:49.604238,Tokyo-db95,7,63,Normal
2026-02-15 04:47:50.604238,Tokyo-db95,25,31,Normal
2026-02-15 04:47:51.604238,Tokyo-db95,19,22,Normal
2026-02-15 04:47:52.604238,Tokyo-db95,-4,93,Normal
2026-02-15 04:47:53.604238,Tokyo-db95,29,72,Normal
2026-02-15 04:47:54.604238,Tokyo-db95,1,62,Normal
2026-02-15 04:47:55.604238,Tokyo-db95,0,86,Normal
2026-02-15 04:47:56.604238,Tokyo-db95,-19,61,Normal
2026-02-15 04:47:57.604238,Tokyo-db95,17,83,Normal
2026-02-15 04:47:58.604238,Tokyo-db95,50,0,Normal
2026-02-15 04:47:59.604238,Tokyo-db95,47,47,Normal
2026-02-15 04:48:00.604238,Tokyo-db95,-24,82,Normal
2026-02-15 04:48:01.604238,Tokyo-db95,13,58,Normal
2026-02-15 04:48:02.604238,Tokyo-db95,46,62,Normal
2026-02-15 04:48:03.604238,Tokyo-db95,42,32,Normal
2026-02-15 04:48:04.604238,Tokyo-db95,-2,85,Normal
2026-02-15 04:48:05.604238,Tokyo-db95,39,7,Normal
2026-02-15 04:48:06.604238,Tokyo-db95,49,69,Normal
2026-02-15 04:48:07.604238,Tokyo-db95,-8,98,Normal
2026-02-15 04:48:08.604238,Tokyo-db95,6,87,Normal
2026-02-15 04:48:09.604238,Tokyo-db95,34,85,Normal
2026-02-15 04:48:10.604238,Tokyo-db95,-12,29,Normal
2026-02-15 04:48:11.604238,Tokyo-db95,38,79,Normal
2026-02-15 04:48:12.604238,Tokyo-db95,-11,99,Normal
2026-02-15 04:48:13.604238,Tokyo-db95,-8,2,Normal
2026-02-15 04:48:14.604238,Tokyo-db95,24,15,Normal
2026-02-15 04:48:15.604238,Tokyo-db95,12,33,Normal
2026-02-15 04:48:16.604238,Tokyo-db95,17,65,Normal
2026-02-15 04:48:17.604238,Tokyo-db95,-10,0,Normal
2026-02-15 04:48:18.604238,Tokyo-db95,-29,6,Normal
2026-02-15 04:48:19.604238,Tokyo-db95,-11,34,Normal
2026-02-15 04:48:20.604238,Tokyo-db95,-14,70,Normal
2026-02-15 04:48:21.604238,Tokyo-db95,40,18,Normal
2026-02-15 04:48:22.604238,Tokyo-db95,-10,15,Normal
2026-02-15 04:48:23.604238,Tokyo-db95,45,80,Normal
2026-02-15 04:48:24.604238,Tokyo-db95,-12,8,Normal
2026-02-15 04:48:25.604238,Tokyo-db95,32,68,Normal
2026-02-15 04:48:26.604238,Tokyo-db95,6,59,Normal
2026-02-15 04:48:27.604238,Tokyo-db95,44,57,Normal
2026-02-15 04:48:28.604238,Tokyo-db95,-17,53,Normal
2026-02-15 04:48:29.604238,Tokyo-db95,2,88,Normal
2026-02-15 04:48:30.604238,Tokyo-db95,12,13,Normal
2026-02-15 04:48:31.604238,Tokyo-db95,-21,71,Normal
2026-02-15 04:48:32.604238,Tokyo-db95,7,16,Normal
2026-02-15 04:48:33.604238,Tokyo-db95,11,39,Normal
2026-02-15 04:48:34.604238,Tokyo-db95,25,44,Normal
2026-02-15 04:48:35.604238,Tokyo-db95,1,27,Normal
2026-02-15 04:48:36.604238,Tokyo-db95,-8,48,Normal
2026-02-15 04:48:37.604238,Tokyo-db95,35,36,Normal
2026-02-15 04:48:38.604238,Tokyo-db95,45,52,Normal
2026-02-15 04:48:39.604238,Tokyo-db95,42,27,Normal
2026-02-15 04:48:40.604238,Tokyo-db95,-12,27,Normal
2026-02-15 04:48:41.604238,Tokyo-db95,1,0,Normal
2026-02-15 04:48:42.604238,Tokyo-db95,-3,6,Normal
2026-02-15 04:48:43.604238,Tokyo-db95,9,72,Normal
2026-02-15 04:48:44.604238,Tokyo-db95,23,52,Normal
2026-02-15 04:48:45.604238,Tokyo-db95,44,6,Normal
2026-02-15 04:48:46.604238,Tokyo-db95,-14,59,Normal
2026-02-15 04:48:47.604238,Tokyo-db95,-2,65,Normal
2026-02-15 04:48:48.604238,Tokyo-db95,46,98,Normal
2026-02-15 04:48:49.604238,Tokyo-db95,23,77,Normal
2026-02-15 04:48:50.604238,Tokyo-db95,13,44,Normal
2026-02-15 04:48:51.604238,Tokyo-db95,12,80,Normal
2026-02-15 04:48:52.604238,Tokyo-db95,2,25,Normal
2026-02-15 04:48:53.604238,Tokyo-db95,33,61,Normal
2026-02-15 04:48:54.604238,Tokyo-db95,-25,13,Normal
2026-02-15 04:48:55.604238,Tokyo-db95,-17,89,Normal
2026-02-15 04:48:56.604238,Tokyo-db95,12,9,Normal
2026-02-15 04:48:57.604238,Tokyo-db95,-18,32,Normal
2026-02-15 04:48:58.604238,Tokyo-db95,8,31,Normal
2026-02-15 04:48:59.604238,Tokyo-db95,-18,45,Normal
2026-02-15 04:49:00.604238,Tokyo-db95,44,65,Normal
2026-02-15 04:49:01.604238,Tokyo-db95,34,62,Normal
2026-02-15 04:49:02.604238,Tokyo-db95,-1,85,Normal
2026-02-15 04:49:03.604238,Tokyo-db95,-28,10,Normal
2026-02-15 04:49:04.604238,Tokyo-db95,21,10,Normal
2026-02-15 04:49:05.604238,Tokyo-db95,-8,7,Normal
2026-02-15 04:49:06.604238,Tokyo-db95,-25,57,Normal
2026-02-15 04:49:07.604238,Tokyo-db95,20,64,Normal
2026-02-15 04:49:08.604238,Tokyo-db95,49,29,Normal
2026-02-15 04:49:09.604238,Tokyo-db95,18,5,Normal
2026-02-15 04:49:10.604238,Tokyo-db95,-24,55,Normal
2026-02-15 04:49:11.604238,Tokyo-db95,-10,96,Normal
2026-02-15 04:49:12.604238,Tokyo-db95,24,7,Normal
2026-02-15 04:49:13.604238,Tokyo-db95,-7,38,Normal
2026-02-15 04:49:14.604238,Tokyo-db95,3,52,Normal
2026-02-15 04:49:15.604238,Tokyo-db95,2,33,Normal
2026-02-15 04:49:16.604238,Tokyo-db95,-28,33,Normal
2026-02-15 04:49:17.604238,Tokyo-db95,-17,60,Normal
2026-02-15 04:49:18.604238,Tokyo-db95,38,26,Normal
2026-02-15 04:49:19.604238,Tokyo-db95,-17,34,Normal
2026-02-15 04:49:20.604238,Tokyo-db95,-29,98,Normal
2026-02-15 04:49:21.604238,Tokyo-db95,21,87,Normal
2026-02-15 04:49:22.604238,Tokyo-db95,-24,94,Normal
2026-02-15 04:49:23.604238,Tokyo-db95,-17,44,Normal
2026-02-15 04:49:24.604238,Tokyo-db95,33,57,Normal
2026-02-15 04:49:25.604238,Tokyo-db95,5,0,Normal
2026-02-15 04:49:26.604238,Tokyo-db95,24,2,Normal
2026-02-15 04:49:27.604238,Tokyo-db95,6,19,Normal
2026-02-15 04:49:28.604238,Tokyo-db95,28,8,Normal
2026-02-15 04:49:29.604238,Tokyo-db95,36,29,Normal
2026-02-15 04:49:30.604238,Tokyo-db95,0,81,Normal
2026-02-15 04:49:31.604238,Tokyo-db95,37,90,Normal
2026-02-15 04:49:32.604238,Tokyo-db95,43,48,Normal
2026-02-15 04:49:33.604238,Tokyo-db95,26,90,Normal
2026-02-15 04:49:34.604238,Tokyo-db95,46,35,Normal
2026-02-15 04:49:35.604238,Tokyo-db95,-2,47,Normal
2026-02-15 04:49:36.604238,Tokyo-db95,23,72,Normal
2026-02-15 04:49:37.604238,Tokyo-db95,6,68,Normal
2026-02-15 04:49:38.604238,Tokyo-db95,-7,41,Normal
2026-02-15 04:49:39.604238,Tokyo-db95,42,13,Normal
2026-02-15 04:49:40.604238,Tokyo-db95,46,22,Normal
2026-02-15 04:49:41.604238,Tokyo-db95,-8,47,Normal
2026-02-15 04:49:42.604238,Tokyo-db95,26,3,Normal
2026-02-15 04:49:43.604238,Tokyo-db95,1,3,Normal
2026-02-15 04:49:44.604238,Tokyo-db95,-7,60,Normal
2026-02-15 04:49:45.604238,Tokyo-db95,-14,26,Normal
2026-02-15 04:49:46.604238,Tokyo-db95,10,65,Normal
2026-02-15 04:49:47.604238,Tokyo-db95,-14,66,Normal
2026-02-15 04:49:48.604238,Tokyo-db95,46,47,Normal
2026-02-15 04:49:49.604238,Tokyo-db95,5,33,Normal
2026-02-15 04:49:50.604238,Tokyo-db95,-20,10,Normal
2026-02-15 04:49:51.604238,Tokyo-db95,33,6,Normal
2026-02-15 04:49:52.604238,Tokyo-db95,-10,88,Normal
2026-02-15 04:49:53.604238,Tokyo-db95,-22,62,Normal
2026-02-15 04:49:54.604238,Tokyo-db95,14,12,Normal
2026-02-15 04:49:55.604238,Tokyo-db95,17,37,Normal
2026-02-15 04:49:56.604238,Tokyo-db95,34,61,Normal
2026-02-15 04:49:57.604238,Tokyo-db95,50,96,Normal
2026-02-15 04:49:58.604238,Tokyo-db95,-24,35,Normal
2026-02-15 04:49:59.604238,Tokyo-db95,-10,77,Normal
2026-02-15 04:50:00.604238,Tokyo-db95,11,11,Normal
2026-02-15 04:50:01.604238,Tokyo-db95,-3,33,Normal
2026-02-15 04:50:02.604238,Tokyo-db95,-10,66,Normal
2026-02-15 04:50:03.604238,Tokyo-db95,38,68,Normal
2026-02-15 04:50:04.604238,Tokyo-db95,46,62,Normal
2026-02-15 04:50:05.604238,Tokyo-db95,28,94,Normal
2026-02-15 04:50:06.604238,Tokyo-db95,45,11,Normal
2026-02-15 04:50:07.604238,Tokyo-db95,6,31,Normal
2026-02-15 04:50:08.604238,Tokyo-db95,37,48,Normal
2026-02-15 04:50:09.604238,Tokyo-db95,29,8,Normal
2026-02-15 04:50:10.604238,Tokyo-db95,21,29,Normal
2026-02-15 04:50:11.604238,Tokyo-db95,-29,53,Normal
2026-02-15 04:50:12.604238,Tokyo-db95,14,61,Normal
2026-02-15 04:50:13.604238,Tokyo-db95,-15,39,Normal
2026-02-15 04:50:14.604238,Tokyo-db95,24,6,Normal
2026-02-15 04:50:15.604238,Tokyo-db95,27,43,Normal
2026-02-15 04:50:16.604238,Tokyo-db95,49,92,Normal
2026-02-15 04:50:17.604238,Tokyo-db95,21,45,Normal
2026-02-15 04:50:18.604238,Tokyo-db95,-29,67,Normal
2026-02-15 04:50:19.604238,Tokyo-db95,-29,74,Normal
2026-02-15 04:50:20.604238,Tokyo-db95,30,40,Normal
2026-02-15 04:50:21.604238,Tokyo-db95,18,22,Normal
2026-02-15 04:50:22.604238,Tokyo-db95,43,41,Normal
2026-02-15 04:50:23.604238,Tokyo-db95,-7,21,Normal
2026-02-15 04:50:24.604238,Tokyo-db95,-23,8,Normal
2026-02-15 04:50:25.604238,Tokyo-db95,-21,40,Normal
2026-02-15 04:50:26.604238,Tokyo-db95,28,6,Normal
2026-02-15 04:50:27.604238,Tokyo-db95,45,24,Normal
2026-02-15 04:50:28.604238,Tokyo-db95,23,15,Normal
2026-02-15 04:50:29.604238,Tokyo-db95,-8,43,Normal
2026-02-15 04:50:30.604238,Tokyo-db95,19,22,Normal
2026-02-15 04:50:31.604238,Tokyo-db95,-13,25,Normal
2026-02-15 04:50:32.604238,Tokyo-db95,-22,8,Normal
2026-02-15 04:50:33.604238,Tokyo-db95,-27,7,Normal
2026-02-15 04:50:34.604238,Tokyo-db95,0,91,Normal
2026-02-15 04:50:35.604238,Tokyo-db95,17,36,Normal
2026-02-15 04:50:36.604238,Tokyo-db95,-20,16,Normal
2026-02-15 04:50:37.604238,Tokyo-db95,49,100,Normal
2026-02-15 04:50:38.604238,Tokyo-db95,-4,90,Normal
2026-02-15 04:50:39.604238,Tokyo-db95,39,13,Normal
2026-02-15 04:50:40.604238,Tokyo-db95,-26,25,Normal
2026-02-15 04:50:41.604238,Tokyo-db95,3,15,Normal
2026-02-15 04:50:42.604238,Tokyo-db95,-10,64,Normal
2026-02-15 04:50:43.604238,Tokyo-db95,-16,84,Normal
2026-02-15 04:50:44.604238,Tokyo-db95,-25,55,Normal
2026-02-15 04:50:45.604238,Tokyo-db95,-19,61,Normal
2026-02-15 04:50:46.604238,Tokyo-db95,15,90,Normal
2026-02-15 04:50:47.604238,Tokyo-db95,-24,19,Normal
2026-02-15 04:50:48.604238,Tokyo-db95,35,70,Normal
2026-02-15 04:50:49.604238,Tokyo-db95,41,8,Normal
2026-02-15 04:50:50.604238,Tokyo-db95,45,93,Normal
2026-02-15 04:50:51.604238,Tokyo-db95,-22,72,Normal
2026-02-15 04:50:52.604238,Tokyo-db95,-15,43,Normal
2026-02-15 04:50:53.604238,Tokyo-db95,6,35,Normal
2026-02-15 04:50:54.604238,Tokyo-db95,-16,71,Normal
2026-02-15 04:50:55.604238,Tokyo-db95,31,23,Normal
2026-02-15 04:50:56.604238,Tokyo-db95,-11,45,Normal
2026-02-15 04:50:57.604238,Tokyo-db95,49,43,Normal
2026-02-15 04:50:58.604238,Tokyo-db95,13,86,Normal
2026-02-15 04:50:59.604238,Tokyo-db95,-7,14,Normal
2026-02-15 04:51:00.604238,Tokyo-db95,5,30,Normal
2026-02-15 04:51:01.604238,Tokyo-db95,15,4,Normal
2026-02-15 04:51:02.604238,Tokyo-db95,40,72,Normal
2026-02-15 04:51:03.604238,Tokyo-db95,13,40,Normal
2026-02-15 04:51:04.604238,Tokyo-db95,47,60,Normal
2026-02-15 04:51:05.604238,Tokyo-db95,-4,5,Normal
2026-02-15 04:51:06.604238,Tokyo-db95,28,92,Normal
2026-02-15 04:51:07.604238,Tokyo-db95,48,34,Normal
2026-02-15 04:51:08.604238,Tokyo-db95,-13,23,Normal
2026-02-15 04:51:09.604238,Tokyo-db95,8,59,Normal
2026-02-15 04:51:10.604238,Tokyo-db95,12,19,Normal
2026-02-15 04:51:11.604238,Tokyo-db95,-22,3,Normal
2026-02-15 04:51:12.604238,Tokyo-db95,-12,14,Normal
2026-02-15 04:51:13.604238,Tokyo-db95,41,17,Normal
2026-02-15 04:51:14.604238,Tokyo-db95,18,63,Normal
2026-02-15 04:51:15.604238,Tokyo-db95,-1,31,Normal
2026-02-15 04:51:16.604238,Tokyo-db95,17,52,Normal
2026-02-15 04:51:17.604238,Tokyo-db95,30,51,Normal
2026-02-15 04:51:18.604238,Tokyo-db95,26,80,Normal
2026-02-15 04:51:19.604238,Tokyo-db95,-24,33,Normal
2026-02-15 04:51:20.604238,Tokyo-db95,7,83,Normal
2026-02-15 04:51:21.604238,Tokyo-db95,19,41,Normal
2026-02-15 04:51:22.604238,Tokyo-db95,20,48,Normal
2026-02-15 04:51:23.604238,Tokyo-db95,44,33,Normal
2026-02-15 04:51:24.604238,Tokyo-db95,16,38,Normal
2026-02-15 04:51:25.604238,Tokyo-db95,-14,89,Normal
2026-02-15 04:51:26.604238,Tokyo-db95,-19,62,Normal
2026-02-15 04:51:27.604238,Tokyo-db95,-8,39,Normal
2026-02-15 04:51:28.604238,Tokyo-db95,38,60,Normal
2026-02-15 04:51:29.604238,Tokyo-db95,-4,75,Normal
2026-02-15 04:51:30.604238,Tokyo-db95,37,88,Normal
2026-02-15 04:51:31.604238,Tokyo-db95,2,58,Normal
2026-02-15 04:51:32.604238,Tokyo-db95,49,9,Normal
2026-02-15 04:51:33.604238,Tokyo-db95,35,96,Normal
2026-02-15 04:51:34.604238,Tokyo-db95,1,93,Normal
2026-02-15 04:51:35.604238,Tokyo-db95,9,28,Normal
2026-02-15 04:51:36.604238,Tokyo-db95,16,37,Normal
2026-02-15 04:51:37.604238,Tokyo-db95,-3,71,Normal
2026-02-15 04:51:38.604238,Tokyo-db95,49,90,Normal
2026-02-15 04:51:39.604238,Tokyo-db95,16,45,Normal
2026-02-15 04:51:40.604238,Tokyo-db95,20,18,Normal
2026-02-15 04:51:41.604238,Tokyo-db95,-1,76,Normal
2026-02-15 04:51:42.604238,Tokyo-db95,9,49,Normal
2026-02-15 04:51:43.604238,Tokyo-db95,28,81,Normal
2026-02-15 04:51:44.604238,Tokyo-db95,23,76,Normal
2026-02-15 04:51:45.604238,Tokyo-db95,5,20,Normal
2026-02-15 04:51:46.604238,Tokyo-db95,-25,32,Normal
2026-02-15 04:51:47.604238,Tokyo-db95,-4,98,Normal
2026-02-15 04:51:48.604238,Tokyo-db95,-25,10,Normal
2026-02-15 04:51:49.604238,Tokyo-db95,42,5,Normal
2026-02-15 04:51:50.604238,Tokyo-db95,-11,13,Normal
2026-02-15 04:51:51.604238,Tokyo-db95,32,3,Normal
2026-02-15 04:51:52.604238,Tokyo-db95,30,41,Normal
2026-02-15 04:51:53.604238,Tokyo-db95,7,22,Normal
2026-02-15 04:51:54.604238,Tokyo-db95,17,37,Normal
2026-02-15 04:51:55.604238,Tokyo-db95,10,41,Normal
2026-02-15 04:51:56.604238,Tokyo-db95,5,0,Normal
2026-02-15 04:51:57.604238,Tokyo-db95,50,3,Normal
2026-02-15 04:51:58.604238,Tokyo-db95,38,43,Normal
2026-02-15 04:51:59.604238,Tokyo-db95,-30,73,Normal
2026-02-15 04:52:00.604238,Tokyo-db95,29,15,Normal
2026-02-15 04:52:01.604238,Tokyo-db95,25,41,Normal
2026-02-15 04:52:02.604238,Tokyo-db95,34,56,Normal
2026-02-15 04:52:03.604238,Tokyo-db95,-14,59,Normal
2026-02-15 04:52:04.604238,Tokyo-db95,48,35,Normal
2026-02-15 04:52:05.604238,Tokyo-db95,10,92,Normal
2026-02-15 04:52:06.604238,Tokyo-db95,-25,25,Normal
2026-02-15 04:52:07.604238,Tokyo-db95,12,98,Normal
2026-02-15 04:52:08.604238,Tokyo-db95,-3,38,Normal
2026-02-15 04:52:09.604238,Tokyo-db95,-3,19,Normal
2026-02-15 04:52:10.604238,Tokyo-db95,4,39,Normal
2026-02-15 04:52:11.604238,Tokyo-db95,42,30,Normal
2026-02-15 04:52:12.604238,Tokyo-db95,1,62,Normal
2026-02-15 04:52:13.604238,Tokyo-db95,-23,67,Normal
2026-02-15 04:52:14.604238,Tokyo-db95,-7,36,Normal
2026-02-15 04:52:15.604238,Tokyo-db95,44,89,Normal
2026-02-15 04:52:16.604238,Tokyo-db95,-10,31,Normal
2026-02-15 04:52:17.604238,Tokyo-db95,-18,79,Normal
2026-02-15 04:52:18.604238,Tokyo-db95,28,0,Normal
2026-02-15 04:52:19.604238,Tokyo-db95,29,70,Normal
2026-02-15 04:52:20.604238,Tokyo-db95,-15,37,Normal
2026-02-15 04:52:21.604238,Tokyo-db95,-14,35,Normal
2026-02-15 04:52:22.604238,Tokyo-db95,-30,33,Normal
2026-02-15 04:52:23.604238,Tokyo-db95,29,99,Normal
2026-02-15 04:52:24.604238,Tokyo-db95,-18,53,Normal
2026-02-15 04:52:25.604238,Tokyo-db95,24,44,Normal
2026-02-15 04:52:26.604238,Tokyo-db95,34,49,Normal
2026-02-15 04:52:27.604238,Tokyo-db95,44,67,Normal
2026-02-15 04:52:28.604238,Tokyo-db95,20,92,Normal
2026-02-15 04:52:29.604238,Tokyo-db95,15,0,Normal
2026-02-15 04:52:30.604238,Tokyo-db95,18,82,Normal
2026-02-15 04:52:31.604238,Tokyo-db95,48,62,Normal
2026-02-15 04:52:32.604238,Tokyo-db95,33,7,Normal
2026-02-15 04:52:33.604238,Tokyo-db95,-16,47,Normal
2026-02-15 04:52:34.604238,Tokyo-db95,9,29,Normal
2026-02-15 04:52:35.604238,Tokyo-db95,1,14,Normal
2026-02-15 04:52:36.604238,Tokyo-db95,-16,63,Normal
2026-02-15 04:52:37.604238,Tokyo-db95,12,8,Normal
2026-02-15 04:52:38.604238,Tokyo-db95,-27,20,Normal
2026-02-15 04:52:39.604238,Tokyo-db95,34,51,Normal
2026-02-15 04:52:40.604238,Tokyo-db95,-23,55,Normal
2026-02-15 04:52:41.604238,Tokyo-db95,10,12,Normal
2026-02-15 04:52:42.604238,Tokyo-db95,-27,80,Normal
2026-02-15 04:52:43.604238,Tokyo-db95,4,41,Normal
2026-02-15 04:52:44.604238,Tokyo-db95,40,27,Normal
2026-02-15 04:52:45.604238,Tokyo-db95,-18,69,Normal
2026-02-15 04:52:46.604238,Tokyo-db95,-24,100,Normal
2026-02-15 04:52:47.604238,Tokyo-db95,28,7,Normal
2026-02-15 04:52:48.604238,Tokyo-db95,29,85,Normal
2026-02-15 04:52:49.604238,Tokyo-db95,26,32,Normal
2026-02-15 04:52:50.604238,Tokyo-db95,21,9,Normal
2026-02-15 04:52:51.604238,Tokyo-db95,-2,40,Normal
2026-02-15 04:52:52.604238,Tokyo-db95,10,82,Normal
2026-02-15 04:52:53.604238,Tokyo-db95,28,69,Normal
2026-02-15 04:52:54.604238,Tokyo-db95,30,62,Normal
2026-02-15 04:52:55.604238,Tokyo-db95,24,57,Normal
2026-02-15 04:52:56.604238,Tokyo-db95,-5,19,Normal
2026-02-15 04:52:57.604238,Tokyo-db95,31,39,Normal
2026-02-15 04:52:58.604238,Tokyo-db95,41,66,Normal
2026-02-15 04:52:59.604238,Tokyo-db95,34,0,Normal
2026-02-15 04:53:00.604238,Tokyo-db95,12,0,Normal
2026-02-15 04:53:01.604238,Tokyo-db95,10,2,Normal
2026-02-15 04:53:02.604238,Tokyo-db95,12,51,Normal
2026-02-15 04:53:03.604238,Tokyo-db95,10,8,Normal
2026-02-15 04:53:04.604238,Tokyo-db95,-5,52,Normal
2026-02-15 04:53:05.604238,Tokyo-db95,0,92,Normal
2026-02-15 04:53:06.604238,Tokyo-db95,-22,66,Normal
2026-02-15 04:53:07.604238,Tokyo-db95,-12,81,Normal
2026-02-15 04:53:08.604238,Tokyo-db95,-5,77,Normal
2026-02-15 04:53:09.604238,Tokyo-db95,20,20,Normal
2026-02-15 04:53:10.604238,Tokyo-db95,31,11,Normal
2026-02-15 04:53:11.604238,Tokyo-db95,8,53,Normal
2026-02-15 04:53:12.604238,Tokyo-db95,-20,86,Normal
2026-02-15 04:53:13.604238,Tokyo-db95,-1,8,Normal
2026-02-15 04:53:14.604238,Tokyo-db95,-24,29,Normal
2026-02-15 04:53:15.604238,Tokyo-db95,47,90,Normal
2026-02-15 04:53:16.604238,Tokyo-db95,28,45,Normal
2026-02-15 04:53:17.604238,Tokyo-db95,15,7,Normal
2026-02-15 04:53:18.604238,Tokyo-db95,16,38,Normal
2026-02-15 04:53:19.604238,Tokyo-db95,23,80,Normal
2026-02-15 04:53:20.604238,Tokyo-db95,12,50,Normal
2026-02-15 04:53:21.604238,Tokyo-db95,-4,31,Normal
2026-02-15 04:53:22.604238,Tokyo-db95,6,65,Normal
2026-02-15 04:53:23.604238,Tokyo-db95,-27,59,Normal
2026-02-15 04:53:24.604238,Tokyo-db95,-23,48,Normal
2026-02-15 04:53:25.604238,Tokyo-db95,26,17,Normal
2026-02-15 04:53:26.604238,Tokyo-db95,37,90,Normal
2026-02-15 04:53:27.604238,Tokyo-db95,30,98,Normal
2026-02-15 04:53:28.604238,Tokyo-db95,13,51,Normal
2026-02-15 04:53:29.604238,Tokyo-db95,40,4,Normal
2026-02-15 04:53:30.604238,Tokyo-db95,38,55,Normal
2026-02-15 04:53:31.604238,Tokyo-db95,-15,90,Normal
2026-02-15 04:53:32.604238,Tokyo-db95,-7,26,Normal
2026-02-15 04:53:33.604238,Tokyo-db95,39,69,Normal
2026-02-15 04:53:34.604238,Tokyo-db95,26,34,Normal
2026-02-15 04:53:35.604238,Tokyo-db95,-6,63,Normal
2026-02-15 04:53:36.604238,Tokyo-db95,38,66,Normal
2026-02-15 04:53:37.604238,Tokyo-db95,-23,92,Normal
2026-02-15 04:53:38.604238,Tokyo-db95,-2,10,Normal
2026-02-15 04:53:39.604238,Tokyo-db95,-11,20,Normal
2026-02-15 04:53:40.604238,Tokyo-db95,-23,8,Normal
2026-02-15 04:53:41.604238,Tokyo-db95,8,97,Normal
2026-02-15 04:53:42.604238,Tokyo-db95,33,41,Normal
2026-02-15 04:53:43.604238,Tokyo-db95,8,79,Normal
2026-02-15 04:53:44.604238,Tokyo-db95,20,60,Normal
2026-02-15 04:53:45.604238,Tokyo-db95,33,25,Normal
2026-02-15 04:53:46.604238,Tokyo-db95,-17,5,Normal
2026-02-15 04:53:47.604238,Tokyo-db95,50,73,Normal
2026-02-15 04:53:48.604238,Tokyo-db95,34,17,Normal
2026-02-15 04:53:49.604238,Tokyo-db95,-27,41,Normal
2026-02-15 04:53:50.604238,Tokyo-db95,-4,61,Normal
2026-02-15 04:53:51.604238,Tokyo-db95,35,38,Normal
2026-02-15 04:53:52.604238,Tokyo-db95,-25,93,Normal
2026-02-15 04:53:53.604238,Tokyo-db95,49,47,Normal
2026-02-15 04:53:54.604238,Tokyo-db95,-5,82,Normal
2026-02-15 04:53:55.604238,Tokyo-db95,31,33,Normal
2026-02-15 04:53:56.604238,Tokyo-db95,38,67,Normal
2026-02-15 04:53:57.604238,Tokyo-db95,49,18,Normal
2026-02-15 04:53:58.604238,Tokyo-db95,45,55,Normal
2026-02-15 04:53:59.604238,Tokyo-db95,-17,50,Normal
2026-02-15 04:54:00.604238,Tokyo-db95,38,98,Normal
2026-02-15 04:54:01.604238,Tokyo-db95,22,0,Normal
2026-02-15 04:54:02.604238,Tokyo-db95,1,85,Normal
2026-02-15 04:54:03.604238,Tokyo-db95,-11,67,Normal
2026-02-15 04:54:04.604238,Tokyo-db95,-16,9,Normal
2026-02-15 04:54:05.604238,Tokyo-db95,-21,86,Normal
2026-02-15 04:54:06.604238,Tokyo-db95,-29,93,Normal
2026-02-15 04:54:07.604238,Tokyo-db95,4,58,Normal
2026-02-15 04:54:08.604238,Tokyo-db95,26,9,Normal
2026-02-15 04:54:09.604238,Tokyo-db95,50,67,Normal
2026-02-15 04:54:10.604238,Tokyo-db95,9,70,Normal
2026-02-15 04:54:11.604238,Tokyo-db95,-7,84,Normal
2026-02-15 04:54:12.604238,Tokyo-db95,-7,3,Normal
2026-02-15 04:54:13.604238,Tokyo-db95,27,64,Normal
2026-02-15 04:54:14.604238,Tokyo-db95,22,75,Normal
2026-02-15 04:54:15.604238,Tokyo-db95,16,98,Normal
2026-02-15 04:54:16.604238,Tokyo-db95,48,24,Normal
2026-02-15 04:54:17.604238,Tokyo-db95,-23,56,Normal
2026-02-15 04:54:18.604238,Tokyo-db95,-3,69,Normal
2026-02-15 04:54:19.604238,Tokyo-db95,16,70,Normal
2026-02-15 04:54:20.604238,Tokyo-db95,-12,65,Normal
2026-02-15 04:54:21.604238,Tokyo-db95,-9,68,Normal
2026-02-15 04:54:22.604238,Tokyo-db95,47,48,Normal
2026-02-15 04:54:23.604238,Tokyo-db95,6,74,Normal
2026-02-15 04:54:24.604238,Tokyo-db95,-16,74,Normal
2026-02-15 04:54:25.604238,Tokyo-db95,-12,91,Normal
2026-02-15 04:54:26.604238,Tokyo-db95,19,97,Normal
2026-02-15 04:54:27.604238,Tokyo-db95,26,23,Normal
2026-02-15 04:54:28.604238,Tokyo-db95,35,1,Normal
2026-02-15 04:54:29.604238,Tokyo-db95,23,69,Normal
2026-02-15 04:54:30.604238,Tokyo-db95,-15,62,Normal
2026-02-15 04:54:31.604238,Tokyo-db95,21,48,Normal
2026-02-15 04:54:32.604238,Tokyo-db95,3,82,Normal
2026-02-15 04:54:33.604238,Tokyo-db95,-25,55,Normal
2026-02-15 04:54:34.604238,Tokyo-db95,29,63,Normal
2026-02-15 04:54:35.604238,Tokyo-db95,24,53,Normal
2026-02-15 04:54:36.604238,Tokyo-db95,32,33,Normal
2026-02-15 04:54:37.604238,Tokyo-db95,31,57,Normal
2026-02-15 04:54:38.604238,Tokyo-db95,29,73,Normal
2026-02-15 04:54:39.604238,Tokyo-db95,19,52,Normal
2026-02-15 04:54:40.604238,Tokyo-db95,-24,65,Normal
2026-02-15 04:54:41.604238,Tokyo-db95,-9,92,Normal
2026-02-15 04:54:42.604238,Tokyo-db95,3,10,Normal
2026-02-15 04:54:43.604238,Tokyo-db95,45,65,Normal
2026-02-15 04:54:44.604238,Tokyo-db95,4,36,Normal
2026-02-15 04:54:45.604238,Tokyo-db95,6,0,Normal
2026-02-15 04:54:46.604238,Tokyo-db95,-28,28,Normal
2026-02-15 04:54:47.604238,Tokyo-db95,12,4,Normal
2026-02-15 04:54:48.604238,Tokyo-db95,-22,60,Normal
2026-02-15 04:54:49.604238,Tokyo-db95,17,51,Normal
2026-02-15 04:54:50.604238,Tokyo-db95,9,92,Normal
2026-02-15 04:54:51.604238,Tokyo-db95,19,36,Normal
2026-02-15 04:54:52.604238,Tokyo-db95,48,100,Normal
2026-02-15 04:54:53.604238,Tokyo-db95,-25,92,Normal
2026-02-15 04:54:54.604238,Tokyo-db95,-1,100,Normal
2026-02-15 04:54:55.604238,Tokyo-db95,-13,5,Normal
2026-02-15 04:54:56.604238,Tokyo-db95,22,64,Normal
2026-02-15 04:54:57.604238,Tokyo-db95,-14,0,Normal
2026-02-15 04:54:58.604238,Tokyo-db95,35,61,Normal
2026-02-15 04:54:59.604238,Tokyo-db95,-24,13,Normal
2026-02-15 04:55:00.604238,Tokyo-db95,20,32,Normal
2026-02-15 04:55:01.604238,Tokyo-db95,23,95,Normal
2026-02-15 04:55:02.604238,Tokyo-db95,-7,96,Normal
2026-02-15 04:55:03.604238,Tokyo-db95,-5,74,Normal
2026-02-15 04:55:04.604238,Tokyo-db95,-16,48,Normal
2026-02-15 04:55:05.604238,Tokyo-db95,48,55,Normal
2026-02-15 04:55:06.604238,Tokyo-db95,5,39,Normal
2026-02-15 04:55:07.604238,Tokyo-db95,8,8,Normal
2026-02-15 04:55:08.604238,Tokyo-db95,4,74,Normal
2026-02-15 04:55:09.604238,Tokyo-db95,45,79,Normal
2026-02-15 04:55:10.604238,Tokyo-db95,10,58,Normal
2026-02-15 04:55:11.604238,Tokyo-db95,37,33,Normal
2026-02-15 04:55:12.604238,Tokyo-db95,47,90,Normal
2026-02-15 04:55:13.604238,Tokyo-db95,8,90,Normal
2026-02-15 04:55:14.604238,Tokyo-db95,12,85,Normal
2026-02-15 04:55:15.604238,Tokyo-db95,29,30,Normal
2026-02-15 04:55:16.604238,Tokyo-db95,-25,51,Normal
2026-02-15 04:55:17.604238,Tokyo-db95,20,2,Normal
2026-02-15 04:55:18.604238,Tokyo-db95,-10,99,Normal
2026-02-15 04:55:19.604238,Tokyo-db95,36,47,Normal
2026-02-15 04:55:20.604238,Tokyo-db95,46,81,Normal
2026-02-15 04:55:21.604238,Tokyo-db95,35,82,Normal
2026-02-15 04:55:22.604238,Tokyo-db95,46,10,Normal
2026-02-15 04:55:23.604238,Tokyo-db95,-7,9,Normal
2026-02-15 04:55:24.604238,Tokyo-db95,24,36,Normal
2026-02-15 04:55:25.604238,Tokyo-db95,8,14,Normal
2026-02-15 04:55:26.604238,Tokyo-db95,-12,17,Normal
2026-02-15 04:55:27.604238,Tokyo-db95,50,64,Normal
2026-02-15 04:55:28.604238,Tokyo-db95,-6,33,Normal
2026-02-15 04:55:29.604238,Tokyo-db95,23,56,Normal
2026-02-15 04:55:30.604238,Tokyo-db95,43,23,Normal
2026-02-15 04:55:31.604238,Tokyo-db95,8,78,Normal
2026-02-15 04:55:32.604238,Tokyo-db95,-29,1,Normal
2026-02-15 04:55:33.604238,Tokyo-db95,36,85,Normal
2026-02-15 04:55:34.604238,Tokyo-db95,24,14,Normal
2026-02-15 04:55:35.604238,Tokyo-db95,-1,70,Normal
2026-02-15 04:55:36.604238,Tokyo-db95,41,27,Normal
2026-02-15 04:55:37.604238,Tokyo-db95,-5,20,Normal
2026-02-15 04:55:38.604238,Tokyo-db95,-17,74,Normal
2026-02-15 04:55:39.604238,Tokyo-db95,12,75,Normal
2026-02-15 04:55:40.604238,Tokyo-db95,1,30,Normal
2026-02-15 04:55:41.604238,Tokyo-db95,36,25,Normal
2026-02-15 04:55:42.604238,Tokyo-db95,20,21,Normal
2026-02-15 04:55:43.604238,Tokyo-db95,12,76,Normal
2026-02-15 04:55:44.604238,Tokyo-db95,-11,5,Normal
2026-02-15 04:55:45.604238,Tokyo-db95,22,46,Normal
2026-02-15 04:55:46.604238,Tokyo-db95,41,19,Normal
2026-02-15 04:55:47.604238,Tokyo-db95,25,29,Normal
2026-02-15 04:55:48.604238,Tokyo-db95,37,62,Normal
2026-02-15 04:55:49.604238,Tokyo-db95,6,50,Normal
2026-02-15 04:55:50.604238,Tokyo-db95,39,54,Normal
2026-02-15 04:55:51.604238,Tokyo-db95,46,84,Normal
2026-02-15 04:55:52.604238,Tokyo-db95,2,31,Normal
2026-02-15 04:55:53.604238,Tokyo-db95,42,71,Normal
2026-02-15 04:55:54.604238,Tokyo-db95,19,86,Normal
2026-02-15 04:55:55.604238,Tokyo-db95,16,75,Normal
2026-02-15 04:55:56.604238,Tokyo-db95,23,96,Normal
2026-02-15 04:55:57.604238,Tokyo-db95,-9,35,Normal
2026-02-15 04:55:58.604238,Tokyo-db95,40,77,Normal
2026-02-15 04:55:59.604238,Tokyo-db95,2,53,Normal
2026-02-15 04:56:00.604238,Tokyo-db95,-3,55,Normal
2026-02-15 04:56:01.604238,Tokyo-db95,37,17,Normal
2026-02-15 04:56:02.604238,Tokyo-db95,4,86,Normal
2026-02-15 04:56:03.604238,Tokyo-db95,-14,21,Normal
2026-02-15 04:56:04.604238,Tokyo-db95,-2,11,Normal
2026-02-15 04:56:05.604238,Tokyo-db95,28,22,Normal
2026-02-15 04:56:06.604238,Tokyo-db95,1,45,Normal
2026-02-15 04:56:07.604238,Tokyo-db95,-9,4,Normal
2026-02-15 04:56:08.604238,Tokyo-db95,3,13,Normal
2026-02-15 04:56:09.604238,Tokyo-db95,-19,9,Normal
2026-02-15 04:56:10.604238,Tokyo-db95,21,25,Normal
2026-02-15 04:56:11.604238,Tokyo-db95,-10,17,Normal
2026-02-15 04:56:12.604238,Tokyo-db95,27,37,Normal
2026-02-15 04:56:13.604238,Tokyo-db95,2,36,Normal
2026-02-15 04:56:14.604238,Tokyo-db95,38,63,Normal
2026-02-15 04:56:15.604238,Tokyo-db95,46,94,Normal
2026-02-15 04:56:16.604238,Tokyo-db95,47,57,Normal
2026-02-15 04:56:17.604238,Tokyo-db95,-28,76,Normal
2026-02-15 04:56:18.604238,Tokyo-db95,-23,11,Normal
2026-02-15 04:56:19.604238,Tokyo-db95,27,20,Normal
2026-02-15 04:56:20.604238,Tokyo-db95,39,40,Normal
2026-02-15 04:56:21.604238,Tokyo-db95,26,60,Normal
2026-02-15 04:56:22.604238,Tokyo-db95,30,66,Normal
2026-02-15 04:56:23.604238,Tokyo-db95,26,7,Normal
2026-02-15 04:56:24.604238,Tokyo-db95,-20,71,Normal
2026-02-15 04:56:25.604238,Tokyo-db95,-19,22,Normal
2026-02-15 04:56:26.604238,Tokyo-db95,21,40,Normal
2026-02-15 04:56:27.604238,Tokyo-db95,17,96,Normal
2026-02-15 04:56:28.604238,Tokyo-db95,40,82,Normal
2026-02-15 04:56:29.604238,Tokyo-db95,38,19,Normal
2026-02-15 04:56:30.604238,Tokyo-db95,-28,26,Normal
2026-02-15 04:56:31.604238,Tokyo-db95,36,31,Normal
2026-02-15 04:56:32.604238,Tokyo-db95,-3,49,Normal
2026-02-15 04:56:33.604238,Tokyo-db95,47,12,Normal
2026-02-15 04:56:34.604238,Tokyo-db95,-16,69,Normal
2026-02-15 04:56:35.604238,Tokyo-db95,45,91,Normal
2026-02-15 04:56:36.604238,Tokyo-db95,25,61,Normal
2026-02-15 04:56:37.604238,Tokyo-db95,0,97,Normal
2026-02-15 04:56:38.604238,Tokyo-db95,-10,39,Normal
2026-02-15 04:56:39.604238,Tokyo-db95,-5,49,Normal
2026-02-15 04:56:40.604238,Tokyo-db95,-9,16,Normal
2026-02-15 04:56:41.604238,Tokyo-db95,22,97,Normal
2026-02-15 04:56:42.604238,Tokyo-db95,-26,80,Normal
2026-02-15 04:56:43.604238,Tokyo-db95,-26,76,Normal
2026-02-15 04:56:44.604238,Tokyo-db95,27,78,Normal
2026-02-15 04:56:45.604238,Tokyo-db95,22,60,Normal
2026-02-15 04:56:46.604238,Tokyo-db95,20,97,Normal
2026-02-15 04:56:47.604238,Tokyo-db95,18,38,Normal
2026-02-15 04:56:48.604238,Tokyo-db95,-26,70,Normal
2026-02-15 04:56:49.604238,Tokyo-db95,38,34,Normal
2026-02-15 04:56:50.604238,Tokyo-db95,-2,52,Normal
2026-02-15 04:56:51.604238,Tokyo-db95,22,19,Normal
2026-02-15 04:56:52.604238,Tokyo-db95,2,33,Normal
2026-02-15 04:56:53.604238,Tokyo-db95,-22,67,Normal
2026-02-15 04:56:54.604238,Tokyo-db95,-14,92,Normal
2026-02-15 04:56:55.604238,Tokyo-db95,5,27,Normal
2026-02-15 04:56:56.604238,Tokyo-db95,5,19,Normal
2026-02-15 04:56:57.604238,Tokyo-db95,48,72,Normal
2026-02-15 04:56:58.604238,Tokyo-db95,50,65,Normal
2026-02-15 04:56:59.604238,Tokyo-db95,-17,35,Normal
2026-02-15 04:57:00.604238,Tokyo-db95,39,27,Normal
2026-02-15 04:57:01.604238,Tokyo-db95,19,27,Normal
2026-02-15 04:57:02.604238,Tokyo-db95,-8,71,Normal
2026-02-15 04:57:03.604238,Tokyo-db95,-17,8,Normal
2026-02-15 04:57:04.604238,Tokyo-db95,-23,66,Normal
2026-02-15 04:57:05.604238,Tokyo-db95,14,36,Normal
2026-02-15 04:57:06.604238,Tokyo-db95,-8,9,Normal
2026-02-15 04:57:07.604238,Tokyo-db95,36,65,Normal
2026-02-15 04:57:08.604238,Tokyo-db95,33,8,Normal
2026-02-15 04:57:09.604238,Tokyo-db95,2,15,Normal
2026-02-15 04:57:10.604238,Tokyo-db95,30,25,Normal
2026-02-15 04:57:11.604238,Tokyo-db95,-5,5,Normal
2026-02-15 04:57:12.604238,Tokyo-db95,10,37,Normal
2026-02-15 04:57:13.604238,Tokyo-db95,-8,26,Normal
2026-02-15 04:57:14.604238,Tokyo-db95,29,8,Normal
2026-02-15 04:57:15.604238,Tokyo-db95,6,33,Normal
2026-02-15 04:57:16.604238,Tokyo-db95,19,95,Normal
2026-02-15 04:57:17.604238,Tokyo-db95,12,23,Normal
2026-02-15 04:57:18.604238,Tokyo-db95,33,12,Normal
2026-02-15 04:57:19.604238,Tokyo-db95,44,56,Normal
2026-02-15 04:57:20.604238,Tokyo-db95,-17,46,Normal
2026-02-15 04:57:21.604238,Tokyo-db95,-22,29,Normal
2026-02-15 04:57:22.604238,Tokyo-db95,24,5,Normal
2026-02-15 04:57:23.604238,Tokyo-db95,35,4,Normal
2026-02-15 04:57:24.604238,Tokyo-db95,11,61,Normal
2026-02-15 04:57:25.604238,Tokyo-db95,-27,56,Normal
2026-02-15 04:57:26.604238,Tokyo-db95,30,74,Normal
2026-02-15 04:57:27.604238,Tokyo-db95,30,84,Normal
2026-02-15 04:57:28.604238,Tokyo-db95,44,10,Normal
2026-02-15 04:57:29.604238,Tokyo-db95,-28,26,Normal
2026-02-15 04:57:30.604238,Tokyo-db95,9,57,Normal
2026-02-15 04:57:31.604238,Tokyo-db95,33,76,Normal
2026-02-15 04:57:32.604238,Tokyo-db95,43,36,Normal
2026-02-15 04:57:33.604238,Tokyo-db95,13,38,Normal
2026-02-15 04:57:34.604238,Tokyo-db95,36,61,Normal
2026-02-15 04:57:35.604238,Tokyo-db95,-5,92,Normal
2026-02-15 04:57:36.604238,Tokyo-db95,25,28,Normal
2026-02-15 04:57:37.604238,Tokyo-db95,20,43,Normal
2026-02-15 04:57:38.604238,Tokyo-db95,-2,74,Normal
2026-02-15 04:57:39.604238,Tokyo-db95,-28,100,Normal
2026-02-15 04:57:40.604238,Tokyo-db95,34,16,Normal
2026-02-15 04:57:41.604238,Tokyo-db95,38,62,Normal
2026-02-15 04:57:42.604238,Tokyo-db95,24,27,Normal
2026-02-15 04:57:43.604238,Tokyo-db95,23,18,Normal
2026-02-15 04:57:44.604238,Tokyo-db95,-10,35,Normal
2026-02-15 04:57:45.604238,Tokyo-db95,48,76,Normal
2026-02-15 04:57:46.604238,Tokyo-db95,-10,59,Normal
2026-02-15 04:57:47.604238,Tokyo-db95,-13,42,Normal
2026-02-15 04:57:48.604238,Tokyo-db95,-18,30,Normal
2026-02-15 04:57:49.604238,Tokyo-db95,-29,41,Normal
2026-02-15 04:57:50.604238,Tokyo-db95,-29,87,Normal
2026-02-15 04:57:51.604238,Tokyo-db95,24,18,Normal
2026-02-15 04:57:52.604238,Tokyo-db95,34,33,Normal
2026-02-15 04:57:53.604238,Tokyo-db95,-18,77,Normal
2026-02-15 04:57:54.604238,Tokyo-db95,-11,72,Normal
2026-02-15 04:57:55.604238,Tokyo-db95,-17,53,Normal
2026-02-15 04:57:56.604238,Tokyo-db95,24,12,Normal
2026-02-15 04:57:57.604238,Tokyo-db95,44,17,Normal
2026-02-15 04:57:58.604238,Tokyo-db95,-15,48,Normal
2026-02-15 04:57:59.604238,Tokyo-db95,15,2,Normal
2026-02-15 04:58:00.604238,Tokyo-db95,6,55,Normal
2026-02-15 04:58:01.604238,Tokyo-db95,0,37,Normal
2026-02-15 04:58:02.604238,Tokyo-db95,4,67,Normal
2026-02-15 04:58:03.604238,Tokyo-db95,27,17,Normal
2026-02-15 04:58:04.604238,Tokyo-db95,1,61,Normal
2026-02-15 04:58:05.604238,Tokyo-db95,2,63,Normal
2026-02-15 04:58:06.604238,Tokyo-db95,9,98,Normal
2026-02-15 04:58:07.604238,Tokyo-db95,-23,88,Normal
2026-02-15 04:58:08.604238,Tokyo-db95,25,18,Normal
2026-02-15 04:58:09.604238,Tokyo-db95,32,92,Normal
2026-02-15 04:58:10.604238,Tokyo-db95,46,28,Normal
2026-02-15 04:58:11.604238,Tokyo-db95,-9,60,Normal
2026-02-15 04:58:12.604238,Tokyo-db95,-10,76,Normal
2026-02-15 04:58:13.604238,Tokyo-db95,49,44,Normal
2026-02-15 04:58:14.604238,Tokyo-db95,17,97,Normal
2026-02-15 04:58:15.604238,Tokyo-db95,-5,66,Normal
2026-02-15 04:58:16.604238,Tokyo-db95,-17,69,Normal
2026-02-15 04:58:17.604238,Tokyo-db95,29,81,Normal
2026-02-15 04:58:18.604238,Tokyo-db95,5,10,Normal
2026-02-15 04:58:19.604238,Tokyo-db95,49,15,Normal
2026-02-15 04:58:20.604238,Tokyo-db95,41,50,Normal
2026-02-15 04:58:21.604238,Tokyo-db95,-22,82,Normal
2026-02-15 04:58:22.604238,Tokyo-db95,0,43,Normal
2026-02-15 04:58:23.604238,Tokyo-db95,14,99,Normal
2026-02-15 04:58:24.604238,Tokyo-db95,31,74,Normal
2026-02-15 04:58:25.604238,Tokyo-db95,-27,84,Normal
2026-02-15 04:58:26.604238,Tokyo-db95,26,40,Normal
2026-02-15 04:58:27.604238,Tokyo-db95,-12,15,Normal
2026-02-15 04:58:28.604238,Tokyo-db95,11,67,Normal
2026-02-15 04:58:29.604238,Tokyo-db95,10,36,Normal
2026-02-15 04:58:30.604238,Tokyo-db95,-23,77,Normal
2026-02-15 04:58:31.604238,Tokyo-db95,29,12,Normal
2026-02-15 04:58:32.604238,Tokyo-db95,3,25,Normal
2026-02-15 04:58:33.604238,Tokyo-db95,-10,35,Normal
2026-02-15 04:58:34.604238,Tokyo-db95,47,20,Normal
2026-02-15 04:58:35.604238,Tokyo-db95,7,15,Normal
2026-02-15 04:58:36.604238,Tokyo-db95,48,45,Normal
2026-02-15 04:58:37.604238,Tokyo-db95,50,55,Normal
2026-02-15 04:58:38.604238,Tokyo-db95,26,87,Normal
2026-02-15 04:58:39.604238,Tokyo-db95,-16,92,Normal
2026-02-15 04:58:40.604238,Tokyo-db95,24,42,Normal
2026-02-15 04:58:41.604238,Tokyo-db95,-13,32,Normal
2026-02-15 04:58:42.604238,Tokyo-db95,-12,53,Normal
2026-02-15 04:58:43.604238,Tokyo-db95,15,53,Normal
2026-02-15 04:58:44.604238,Tokyo-db95,3,48,Normal
2026-02-15 04:58:45.604238,Tokyo-db95,-24,90,Normal
2026-02-15 04:58:46.604238,Tokyo-db95,25,64,Normal
2026-02-15 04:58:47.604238,Tokyo-db95,44,14,Normal
2026-02-15 04:58:48.604238,Tokyo-db95,21,2,Normal
2026-02-15 04:58:49.604238,Tokyo-db95,-19,63,Normal
2026-02-15 04:58:50.604238,Tokyo-db95,2,6,Normal
2026-02-15 04:58:51.604238,Tokyo-db95,-29,32,Normal
2026-02-15 04:58:52.604238,Tokyo-db95,21,95,Normal
2026-02-15 04:58:53.604238,Tokyo-db95,44,32,Normal
2026-02-15 04:58:54.604238,Tokyo-db95,44,99,Normal
2026-02-15 04:58:55.604238,Tokyo-db95,5,31,Normal
2026-02-15 04:58:56.604238,Tokyo-db95,21,16,Normal
2026-02-15 04:58:57.604238,Tokyo-db95,-7,71,Normal
2026-02-15 04:58:58.604238,Tokyo-db95,27,21,Normal
2026-02-15 04:58:59.604238,Tokyo-db95,-25,19,Normal
2026-02-15 04:59:00.604238,Tokyo-db95,50,55,Normal
2026-02-15 04:59:01.604238,Tokyo-db95,13,7,Normal
2026-02-15 04:59:02.604238,Tokyo-db95,48,4,Normal
2026-02-15 04:59:03.604238,Tokyo-db95,-19,73,Normal
2026-02-15 04:59:04.604238,Tokyo-db95,-1,16,Normal
2026-02-15 04:59:05.604238,Tokyo-db95,-15,62,Normal
2026-02-15 04:59:06.604238,Tokyo-db95,19,90,Normal
2026-02-15 04:59:07.604238,Tokyo-db95,28,74,Normal
2026-02-15 04:59:08.604238,Tokyo-db95,37,89,Normal
2026-02-15 04:59:09.604238,Tokyo-db95,-2,51,Normal
2026-02-15 04:59:10.604238,Tokyo-db95,19,67,Normal
2026-02-15 04:59:11.604238,Tokyo-db95,-5,80,Normal
2026-02-15 04:59:12.604238,Tokyo-db95,-14,40,Normal
2026-02-15 04:59:13.604238,Tokyo-db95,46,70,Normal
2026-02-15 04:59:14.604238,Tokyo-db95,-11,90,Normal
2026-02-15 04:59:15.604238,Tokyo-db95,48,7,Normal
2026-02-15 04:59:16.604238,Tokyo-db95,-10,40,Normal
2026-02-15 04:59:17.604238,Tokyo-db95,16,91,Normal
2026-02-15 04:59:18.604238,Tokyo-db95,-20,72,Normal
2026-02-15 04:59:19.604238,Tokyo-db95,-28,79,Normal
2026-02-15 04:59:20.604238,Tokyo-db95,4,72,Normal
2026-02-15 04:59:21.604238,Tokyo-db95,-17,0,Normal
2026-02-15 04:59:22.604238,Tokyo-db95,16,18,Normal
2026-02-15 04:59:23.604238,Tokyo-db95,33,78,Normal
2026-02-15 04:59:24.604238,Tokyo-db95,41,69,Normal
2026-02-15 04:59:25.604238,Tokyo-db95,-26,83,Normal
2026-02-15 04:59:26.604238,Tokyo-db95,10,28,Normal
2026-02-15 04:59:27.604238,Tokyo-db95,-27,42,Normal
2026-02-15 04:59:28.604238,Tokyo-db95,45,63,Normal
2026-02-15 04:59:29.604238,Tokyo-db95,3,44,Normal
2026-02-15 04:59:30.604238,Tokyo-db95,-23,97,Normal
2026-02-15 04:59:31.604238,Tokyo-db95,-3,70,Normal
2026-02-15 04:59:32.604238,Tokyo-db95,7,59,Normal
2026-02-15 04:59:33.604238,Tokyo-db95,28,37,Normal
2026-02-15 04:59:34.604238,Tokyo-db95,47,25,Normal
2026-02-15 04:59:35.604238,Tokyo-db95,49,99,Normal
2026-02-15 04:59:36.604238,Tokyo-db95,-13,51,Normal
2026-02-15 04:59:37.604238,Tokyo-db95,-3,43,Normal
2026-02-15 04:59:38.604238,Tokyo-db95,22,100,Normal
2026-02-15 04:59:39.604238,Tokyo-db95,33,87,Normal
2026-02-15 04:59:40.604238,Tokyo-db95,21,50,Normal
2026-02-15 04:59:41.604238,Tokyo-db95,-3,5,Normal
2026-02-15 04:59:42.604238,Tokyo-db95,35,43,Normal
2026-02-15 04:59:43.604238,Tokyo-db95,-19,45,Normal
2026-02-15 04:59:44.604238,Tokyo-db95,36,38,Normal
2026-02-15 04:59:45.604238,Tokyo-db95,26,100,Normal
2026-02-15 04:59:46.604238,Tokyo-db95,2,5,Normal
2026-02-15 04:59:47.604238,Tokyo-db95,-20,60,Normal
2026-02-15 04:59:48.604238,Tokyo-db95,46,76,Normal
2026-02-15 04:59:49.604238,Tokyo-db95,45,21,Normal
2026-02-15 04:59:50.604238,Tokyo-db95,18,4,Normal
2026-02-15 04:59:51.604238,Tokyo-db95,-15,51,Normal
2026-02-15 04:59:52.604238,Tokyo-db95,-2,81,Normal
2026-02-15 04:59:53.604238,Tokyo-db95,-4,40,Normal
2026-02-15 04:59:54.604238,Tokyo-db95,-10,36,Normal
2026-02-15 04:59:55.604238,Tokyo-db95,37,91,Normal
2026-02-15 04:59:56.604238,Tokyo-db95,-29,84,Normal
2026-02-15 04:59:57.604238,Tokyo-db95,34,95,Normal
2026-02-15 04:59:58.604238,Tokyo-db95,35,50,Normal
2026-02-15 04:59:59.604238,Tokyo-db95,-4,91,Normal
2026-02-15 05:00:00.604238,Tokyo-db95,41,57,Normal
2026-02-15 05:00:01.604238,Tokyo-db95,20,14,Normal
2026-02-15 05:00:02.604238,Tokyo-db95,-21,69,Normal
2026-02-15 05:00:03.604238,Tokyo-db95,8,94,Normal
2026-02-15 05:00:04.604238,Tokyo-db95,14,96,Normal
2026-02-15 05:00:05.604238,Tokyo-db95,41,23,Normal
2026-02-15 05:00:06.604238,Tokyo-db95,24,96,Normal
2026-02-15 05:00:07.604238,Tokyo-db95,-27,54,Normal
2026-02-15 05:00:08.604238,Tokyo-db95,34,10,Normal
2026-02-15 05:00:09.604238,Tokyo-db95,-7,45,Normal
2026-02-15 05:00:10.604238,Tokyo-db95,-20,23,Normal
2026-02-15 05:00:11.604238,Tokyo-db95,-12,22,Normal
2026-02-15 05:00:12.604238,Tokyo-db95,40,86,Normal
2026-02-15 05:00:13.604238,Tokyo-db95,24,36,Normal
2026-02-15 05:00:14.604238,Tokyo-db95,36,54,Normal
2026-02-15 05:00:15.604238,Tokyo-db95,-8,82,Normal
2026-02-15 05:00:16.604238,Tokyo-db95,18,56,Normal
2026-02-15 05:00:17.604238,Tokyo-db95,-6,6,Normal
2026-02-15 05:00:18.604238,Tokyo-db95,1,49,Normal
2026-02-15 05:00:19.604238,Tokyo-db95,26,56,Normal
2026-02-15 05:00:20.604238,Tokyo-db95,-23,35,Normal
2026-02-15 05:00:21.604238,Tokyo-db95,43,22,Normal
2026-02-15 05:00:22.604238,Tokyo-db95,31,4,Normal
2026-02-15 05:00:23.604238,Tokyo-db95,5,31,Normal
2026-02-15 05:00:24.604238,Tokyo-db95,10,3,Normal
2026-02-15 05:00:25.604238,Tokyo-db95,13,38,Normal
2026-02-15 05:00:26.604238,Tokyo-db95,44,89,Normal
2026-02-15 05:00:27.604238,Tokyo-db95,-17,79,Normal
2026-02-15 05:00:28.604238,Tokyo-db95,41,5,Normal
2026-02-15 05:00:29.604238,Tokyo-db95,0,39,Normal
2026-02-15 05:00:30.604238,Tokyo-db95,1,91,Normal
2026-02-15 05:00:31.604238,Tokyo-db95,38,53,Normal
2026-02-15 05:00:32.604238,Tokyo-db95,16,50,Normal
2026-02-15 05:00:33.604238,Tokyo-db95,28,22,Normal
2026-02-15 05:00:34.604238,Tokyo-db95,14,64,Normal
2026-02-15 05:00:35.604238,Tokyo-db95,-30,90,Normal
2026-02-15 05:00:36.604238,Tokyo-db95,19,85,Normal
2026-02-15 05:00:37.604238,Tokyo-db95,28,86,Normal
2026-02-15 05:00:38.604238,Tokyo-db95,-23,46,Normal
2026-02-15 05:00:39.604238,Tokyo-db95,-29,34,Normal
2026-02-15 05:00:40.604238,Tokyo-db95,-17,79,Normal
2026-02-15 05:00:41.604238,Tokyo-db95,-17,12,Normal
2026-02-15 05:00:42.604238,Tokyo-db95,50,22,Normal
2026-02-15 05:00:43.604238,Tokyo-db95,40,66,Normal
2026-02-15 05:00:44.604238,Tokyo-db95,24,75,Normal
2026-02-15 05:00:45.604238,Tokyo-db95,-28,22,Normal
2026-02-15 05:00:46.604238,Tokyo-db95,19,76,Normal
2026-02-15 05:00:47.604238,Tokyo-db95,2,51,Normal
2026-02-15 05:00:48.604238,Tokyo-db95,0,83,Normal
2026-02-15 05:00:49.604238,Tokyo-db95,12,58,Normal
2026-02-15 05:00:50.604238,Tokyo-db95,-29,38,Normal
2026-02-15 05:00:51.604238,Tokyo-db95,18,28,Normal
2026-02-15 05:00:52.604238,Tokyo-db95,5,22,Normal
2026-02-15 05:00:53.604238,Tokyo-db95,30,61,Normal
2026-02-15 05:00:54.604238,Tokyo-db95,46,14,Normal
2026-02-15 05:00:55.604238,Tokyo-db95,25,52,Normal
2026-02-15 05:00:56.604238,Tokyo-db95,4,23,Normal
2026-02-15 05:00:57.604238,Tokyo-db95,-7,84,Normal
2026-02-15 05:00:58.604238,Tokyo-db95,15,4,Normal
2026-02-15 05:00:59.604238,Tokyo-db95,24,80,Normal
2026-02-15 05:01:00.604238,Tokyo-db95,9,81,Normal
2026-02-15 05:01:01.604238,Tokyo-db95,0,77,Normal
2026-02-15 05:01:02.604238,Tokyo-db95,-9,92,Normal
2026-02-15 05:01:03.604238,Tokyo-db95,49,66,Normal
2026-02-15 05:01:04.604238,Tokyo-db95,17,64,Normal
2026-02-15 05:01:05.604238,Tokyo-db95,47,29,Normal
2026-02-15 05:01:06.604238,Tokyo-db95,33,99,Normal
2026-02-15 05:01:07.604238,Tokyo-db95,37,16,Normal
2026-02-15 05:01:08.604238,Tokyo-db95,-17,47,Normal
2026-02-15 05:01:09.604238,Tokyo-db95,21,46,Normal
2026-02-15 05:01:10.604238,Tokyo-db95,42,4,Normal
2026-02-15 05:01:11.604238,Tokyo-db95,11,35,Normal
2026-02-15 05:01:12.604238,Tokyo-db95,36,57,Normal
2026-02-15 05:01:13.604238,Tokyo-db95,30,100,Normal
2026-02-15 05:01:14.604238,Tokyo-db95,44,55,Normal
2026-02-15 05:01:15.604238,Tokyo-db95,42,15,Normal
2026-02-15 05:01:16.604238,Tokyo-db95,48,23,Normal
2026-02-15 05:01:17.604238,Tokyo-db95,8,83,Normal
2026-02-15 05:01:18.604238,Tokyo-db95,-16,15,Normal
2026-02-15 05:01:19.604238,Tokyo-db95,-11,89,Normal
2026-02-15 05:01:20.604238,Tokyo-db95,-17,27,Normal
2026-02-15 05:01:21.604238,Tokyo-db95,18,40,Normal
2026-02-15 05:01:22.604238,Tokyo-db95,40,61,Normal
2026-02-15 05:01:23.604238,Tokyo-db95,4,54,Normal
2026-02-15 05:01:24.604238,Tokyo-db95,4,82,Normal
2026-02-15 05:01:25.604238,Tokyo-db95,-19,28,Normal
2026-02-15 05:01:26.604238,Tokyo-db95,12,33,Normal
2026-02-15 05:01:27.604238,Tokyo-db95,31,15,Normal
2026-02-15 05:01:28.604238,Tokyo-db95,-30,61,Normal
2026-02-15 05:01:29.604238,Tokyo-db95,39,13,Normal
2026-02-15 05:01:30.604238,Tokyo-db95,-27,18,Normal
2026-02-15 05:01:31.604238,Tokyo-db95,-25,6,Normal
2026-02-15 05:01:32.604238,Tokyo-db95,46,37,Normal
2026-02-15 05:01:33.604238,Tokyo-db95,43,15,Normal
2026-02-15 05:01:34.604238,Tokyo-db95,20,80,Normal
2026-02-15 05:01:35.604238,Tokyo-db95,1,64,Normal
2026-02-15 05:01:36.604238,Tokyo-db95,4,2,Normal
2026-02-15 05:01:37.604238,Tokyo-db95,2,83,Normal
2026-02-15 05:01:38.604238,Tokyo-db95,31,73,Normal
2026-02-15 05:01:39.604238,Tokyo-db95,-17,15,Normal
2026-02-15 05:01:40.604238,Tokyo-db95,-8,67,Normal
2026-02-15 05:01:41.604238,Tokyo-db95,-16,26,Normal
2026-02-15 05:01:42.604238,Tokyo-db95,-6,6,Normal
2026-02-15 05:01:43.604238,Tokyo-db95,-12,99,Normal
2026-02-15 05:01:44.604238,Tokyo-db95,3,80,Normal
2026-02-15 05:01:45.604238,Tokyo-db95,-8,60,Normal
2026-02-15 05:01:46.604238,Tokyo-db95,12,78,Normal
2026-02-15 05:01:47.604238,Tokyo-db95,-15,57,Normal
2026-02-15 05:01:48.604238,Tokyo-db95,25,12,Normal
2026-02-15 05:01:49.604238,Tokyo-db95,35,38,Normal
2026-02-15 05:01:50.604238,Tokyo-db95,0,68,Normal
2026-02-15 05:01:51.604238,Tokyo-db95,-27,54,Normal
2026-02-15 05:01:52.604238,Tokyo-db95,-14,100,Normal
2026-02-15 05:01:53.604238,Tokyo-db95,0,80,Normal
2026-02-15 05:01:54.604238,Tokyo-db95,-7,29,Normal
2026-02-15 05:01:55.604238,Tokyo-db95,-2,34,Normal
2026-02-15 05:01:56.604238,Tokyo-db95,47,51,Normal
2026-02-15 05:01:57.604238,Tokyo-db95,-29,28,Normal
2026-02-15 05:01:58.604238,Tokyo-db95,29,5,Normal
2026-02-15 05:01:59.604238,Tokyo-db95,-29,57,Normal
2026-02-15 05:02:00.604238,Tokyo-db95,-7,56,Normal
2026-02-15 05:02:01.604238,Tokyo-db95,46,49,Normal
2026-02-15 05:02:02.604238,Tokyo-db95,47,62,Normal
2026-02-15 05:02:03.604238,Tokyo-db95,-27,81,Normal
2026-02-15 05:02:04.604238,Tokyo-db95,-29,91,Normal
2026-02-15 05:02:05.604238,Tokyo-db95,22,85,Normal
2026-02-15 05:02:06.604238,Tokyo-db95,38,36,Normal
2026-02-15 05:02:07.604238,Tokyo-db95,29,51,Normal
2026-02-15 05:02:08.604238,Tokyo-db95,33,62,Normal
2026-02-15 05:02:09.604238,Tokyo-db95,47,75,Normal
2026-02-15 05:02:10.604238,Tokyo-db95,0,59,Normal
2026-02-15 05:02:11.604238,Tokyo-db95,44,50,Normal
2026-02-15 05:02:12.604238,Tokyo-db95,30,80,Normal
2026-02-15 05:02:13.604238,Tokyo-db95,46,4,Normal
2026-02-15 05:02:14.604238,Tokyo-db95,-29,50,Normal
2026-02-15 05:02:15.604238,Tokyo-db95,7,43,Normal
2026-02-15 05:02:16.604238,Tokyo-db95,44,76,Normal
2026-02-15 05:02:17.604238,Tokyo-db95,2,26,Normal
2026-02-15 05:02:18.604238,Tokyo-db95,1,97,Normal
2026-02-15 05:02:19.604238,Tokyo-db95,44,89,Normal
2026-02-15 05:02:20.604238,Tokyo-db95,-3,42,Normal
2026-02-15 05:02:21.604238,Tokyo-db95,-3,51,Normal
2026-02-15 05:02:22.604238,Tokyo-db95,17,13,Normal
2026-02-15 05:02:23.604238,Tokyo-db95,-2,84,Normal
2026-02-15 05:02:24.604238,Tokyo-db95,-9,84,Normal
2026-02-15 05:02:25.604238,Tokyo-db95,-15,23,Normal
2026-02-15 05:02:26.604238,Tokyo-db95,-1,24,Normal
2026-02-15 05:02:27.604238,Tokyo-db95,3,7,Normal
2026-02-15 05:02:28.604238,Tokyo-db95,-29,52,Normal
2026-02-15 05:02:29.604238,Tokyo-db95,6,98,Normal
2026-02-15 05:02:30.604238,Tokyo-db95,-13,16,Normal
2026-02-15 05:02:31.604238,Tokyo-db95,47,59,Normal
2026-02-15 05:02:32.604238,Tokyo-db95,-25,61,Normal
2026-02-15 05:02:33.604238,Tokyo-db95,46,58,Normal
2026-02-15 05:02:34.604238,Tokyo-db95,33,11,Normal
2026-02-15 05:02:35.604238,Tokyo-db95,39,52,Normal
2026-02-15 05:02:36.604238,Tokyo-db95,30,12,Normal
2026-02-15 05:02:37.604238,Tokyo-db95,-17,73,Normal
2026-02-15 05:02:38.604238,Tokyo-db95,-3,67,Normal
2026-02-15 05:02:39.604238,Tokyo-db95,1,84,Normal
2026-02-15 05:02:40.604238,Tokyo-db95,19,99,Normal
2026-02-15 05:02:41.604238,Tokyo-db95,-19,12,Normal
2026-02-15 05:02:42.604238,Tokyo-db95,-7,70,Normal
2026-02-15 05:02:43.604238,Tokyo-db95,-13,8,Normal
2026-02-15 05:02:44.604238,Tokyo-db95,-16,41,Normal
2026-02-15 05:02:45.604238,Tokyo-db95,-18,80,Normal
2026-02-15 05:02:46.604238,Tokyo-db95,50,36,Normal
2026-02-15 05:02:47.604238,Tokyo-db95,-20,57,Normal
2026-02-15 05:02:48.604238,Tokyo-db95,46,23,Normal
2026-02-15 05:02:49.604238,Tokyo-db95,-14,33,Normal
2026-02-15 05:02:50.604238,Tokyo-db95,12,84,Normal
2026-02-15 05:02:51.604238,Tokyo-db95,22,83,Normal
2026-02-15 05:02:52.604238,Tokyo-db95,-14,66,Normal
2026-02-15 05:02:53.604238,Tokyo-db95,-14,49,Normal
2026-02-15 05:02:54.604238,Tokyo-db95,-20,46,Normal
2026-02-15 05:02:55.604238,Tokyo-db95,-5,12,Normal
2026-02-15 05:02:56.604238,Tokyo-db95,41,57,Normal
2026-02-15 05:02:57.604238,Tokyo-db95,-5,18,Normal
2026-02-15 05:02:58.604238,Tokyo-db95,3,41,Normal
2026-02-15 05:02:59.604238,Tokyo-db95,-20,68,Normal
2026-02-15 05:03:00.604238,Tokyo-db95,16,73,Normal
2026-02-15 05:03:01.604238,Tokyo-db95,-18,58,Normal
2026-02-15 05:03:02.604238,Tokyo-db95,-27,65,Normal
2026-02-15 05:03:03.604238,Tokyo-db95,-19,19,Normal
2026-02-15 05:03:04.604238,Tokyo-db95,7,42,Normal
2026-02-15 05:03:05.604238,Tokyo-db95,-14,81,Normal
2026-02-15 05:03:06.604238,Tokyo-db95,22,77,Normal
2026-02-15 05:03:07.604238,Tokyo-db95,-10,40,Normal
2026-02-15 05:03:08.604238,Tokyo-db95,8,86,Normal
2026-02-15 05:03:09.604238,Tokyo-db95,-22,66,Normal
2026-02-15 05:03:10.604238,Tokyo-db95,-24,93,Normal
2026-02-15 05:03:11.604238,Tokyo-db95,19,74,Normal
2026-02-15 05:03:12.604238,Tokyo-db95,24,47,Normal
2026-02-15 05:03:13.604238,Tokyo-db95,8,95,Normal
2026-02-15 05:03:14.604238,Tokyo-db95,-17,43,Normal
2026-02-15 05:03:15.604238,Tokyo-db95,33,80,Normal
2026-02-15 05:03:16.604238,Tokyo-db95,34,27,Normal
2026-02-15 05:03:17.604238,Tokyo-db95,42,18,Normal
2026-02-15 05:03:18.604238,Tokyo-db95,30,74,Normal
2026-02-15 05:03:19.604238,Tokyo-db95,36,0,Normal
2026-02-15 05:03:20.604238,Tokyo-db95,-6,13,Normal
2026-02-15 05:03:21.604238,Tokyo-db95,-8,38,Normal
2026-02-15 05:03:22.604238,Tokyo-db95,26,79,Normal
2026-02-15 05:03:23.604238,Tokyo-db95,15,93,Normal
2026-02-15 05:03:24.604238,Tokyo-db95,-6,32,Normal
2026-02-15 05:03:25.604238,Tokyo-db95,-29,37,Normal
2026-02-15 05:03:26.604238,Tokyo-db95,-14,13,Normal
2026-02-15 05:03:27.604238,Tokyo-db95,-21,23,Normal
2026-02-15 05:03:28.604238,Tokyo-db95,17,85,Normal
2026-02-15 05:03:29.604238,Tokyo-db95,-28,56,Normal
2026-02-15 05:03:30.604238,Tokyo-db95,16,83,Normal
2026-02-15 05:03:31.604238,Tokyo-db95,47,68,Normal
2026-02-15 05:03:32.604238,Tokyo-db95,20,85,Normal
2026-02-15 05:03:33.604238,Tokyo-db95,-19,44,Normal
2026-02-15 05:03:34.604238,Tokyo-db95,19,85,Normal
2026-02-15 05:03:35.604238,Tokyo-db95,-29,73,Normal
2026-02-15 05:03:36.604238,Tokyo-db95,7,47,Normal
2026-02-15 05:03:37.604238,Tokyo-db95,43,71,Normal
2026-02-15 05:03:38.604238,Tokyo-db95,50,17,Normal
2026-02-15 05:03:39.604238,Tokyo-db95,-16,1,Normal
2026-02-15 05:03:40.604238,Tokyo-db95,20,83,Normal
2026-02-15 05:03:41.604238,Tokyo-db95,29,59,Normal
2026-02-15 05:03:42.604238,Tokyo-db95,14,34,Normal
2026-02-15 05:03:43.604238,Tokyo-db95,14,29,Normal
2026-02-15 05:03:44.604238,Tokyo-db95,-30,9,Normal
2026-02-15 05:03:45.604238,Tokyo-db95,31,46,Normal
2026-02-15 05:03:46.604238,Tokyo-db95,49,88,Normal
2026-02-15 05:03:47.604238,Tokyo-db95,-4,38,Normal
2026-02-15 05:03:48.604238,Tokyo-db95,-23,92,Normal
2026-02-15 05:03:49.604238,Tokyo-db95,30,61,Normal
2026-02-15 05:03:50.604238,Tokyo-db95,-20,20,Normal
2026-02-15 05:03:51.604238,Tokyo-db95,-17,40,Normal
2026-02-15 05:03:52.604238,Tokyo-db95,8,21,Normal
2026-02-15 05:03:53.604238,Tokyo-db95,-14,73,Normal
2026-02-15 05:03:54.604238,Tokyo-db95,24,64,Normal
2026-02-15 05:03:55.604238,Tokyo-db95,-27,90,Normal
2026-02-15 05:03:56.604238,Tokyo-db95,-20,3,Normal
2026-02-15 05:03:57.604238,Tokyo-db95,40,24,Normal
2026-02-15 05:03:58.604238,Tokyo-db95,34,4,Normal
2026-02-15 05:03:59.604238,Tokyo-db95,-21,29,Normal
2026-02-15 05:04:00.604238,Tokyo-db95,10,3,Normal
2026-02-15 05:04:01.604238,Tokyo-db95,-29,58,Normal
2026-02-15 05:04:02.604238,Tokyo-db95,45,76,Normal
2026-02-15 05:04:03.604238,Tokyo-db95,-12,60,Normal
2026-02-15 05:04:04.604238,Tokyo-db95,-4,16,Normal
2026-02-15 05:04:05.604238,Tokyo-db95,27,6,Normal
2026-02-15 05:04:06.604238,Tokyo-db95,48,79,Normal
2026-02-15 05:04:07.604238,Tokyo-db95,18,96,Normal
2026-02-15 05:04:08.604238,Tokyo-db95,-24,77,Normal
2026-02-15 05:04:09.604238,Tokyo-db95,49,33,Normal
2026-02-15 05:04:10.604238,Tokyo-db95,-6,73,Normal
2026-02-15 05:04:11.604238,Tokyo-db95,-14,28,Normal
2026-02-15 05:04:12.604238,Tokyo-db95,-2,10,Normal
2026-02-15 05:04:13.604238,Tokyo-db95,-26,45,Normal
2026-02-15 05:04:14.604238,Tokyo-db95,34,11,Normal
2026-02-15 05:04:15.604238,Tokyo-db95,38,97,Normal
2026-02-15 05:04:16.604238,Tokyo-db95,32,23,Normal
2026-02-15 05:04:17.604238,Tokyo-db95,27,69,Normal
2026-02-15 05:04:18.604238,Tokyo-db95,-10,12,Normal
2026-02-15 05:04:19.604238,Tokyo-db95,3,55,Normal
2026-02-15 05:04:20.604238,Tokyo-db95,30,97,Normal
2026-02-15 05:04:21.604238,Tokyo-db95,-29,68,Normal
2026-02-15 05:04:22.604238,Tokyo-db95,1,100,Normal
2026-02-15 05:04:23.604238,Tokyo-db95,4,14,Normal
2026-02-15 05:04:24.604238,Tokyo-db95,28,93,Normal
