timestamp,station_id,temp,humid,condition
2026-02-14 23:51:17.519010,Berlin-ef4a,17,2,Normal
2026-02-14 23:51:18.519010,Berlin-ef4a,-1,30,Normal
2026-02-14 23:51:19.519010,Berlin-ef4a,-27,57,Normal
2026-02-14 23:51:20.519010,Berlin-ef4a,38,43,Normal
2026-02-14 23:51:21.519010,Berlin-ef4a,-9,12,Normal
2026-02-14 23:51:22.519010,Berlin-ef4a,-18,32,Normal
2026-02-14 23:51:23.519010,Berlin-ef4a,3,48,Normal
2026-02-14 23:51:24.519010,Berlin-ef4a,34,61,Normal
2026-02-14 23:51:25.519010,Berlin-ef4a,26,5,Normal
2026-02-14 23:51:26.519010,Berlin-ef4a,34,76,Normal
2026-02-14 23:51:27.519010,Berlin-ef4a,25,84,Normal
2026-02-14 23:51:28.519010,Berlin-ef4a,46,23,Normal
2026-02-14 23:51:29.519010,Berlin-ef4a,39,84,Normal
2026-02-14 23:51:30.519010,Berlin-ef4a,17,26,Normal
2026-02-14 23:51:31.519010,Berlin-ef4a,38,48,Normal
2026-02-14 23:51:32.519010,Berlin-ef4a,1,76,Normal
2026-02-14 23:51:33.519010,Berlin-ef4a,27,41,Normal
2026-02-14 23:51:34.519010,Berlin-ef4a,45,15,Normal
2026-02-14 23:51:35.519010,Berlin-ef4a,-26,38,Normal
2026-02-14 23:51:36.519010,Berlin-ef4a,-5,15,Normal
2026-02-14 23:51:37.519010,Berlin-ef4a,-15,41,Normal
2026-02-14 23:51:38.519010,Berlin-ef4a,-23,80,Normal
2026-02-14 23:51:39.519010,Berlin-ef4a,-8,73,Normal
2026-02-14 23:51:40.519010,Berlin-ef4a,49,38,Normal
2026-02-14 23:51:41.519010,Berlin-ef4a,44,93,Normal
2026-02-14 23:51:42.519010,Berlin-ef4a,16,24,Normal
2026-02-14 23:51:43.519010,Berlin-ef4a,4,5,Normal
2026-02-14 23:51:44.519010,Berlin-ef4a,-19,88,Normal
2026-02-14 23:51:45.519010,Berlin-ef4a,35,65,Normal
2026-02-14 23:51:46.519010,Berlin-ef4a,-5,31,Normal
2026-02-14 23:51:47.519010,Berlin-ef4a,-19,12,Normal
2026-02-14 23:51:48.519010,Berlin-ef4a,6,30,Normal
2026-02-14 23:51:49.519010,Berlin-ef4a,-16,30,Normal
2026-02-14 23:51:50.519010,Berlin-ef4a,-27,1,Normal
2026-02-14 23:51:51.519010,Berlin-ef4a,28,68,Normal
2026-02-14 23:51:52.519010,Berlin-ef4a,-16,18,Normal
2026-02-14 23:51:53.519010,Berlin-ef4a,-21,80,Normal
2026-02-14 23:51:54.519010,Berlin-ef4a,45,57,Normal
2026-02-14 23:51:55.519010,Berlin-ef4a,38,44,Normal
2026-02-14 23:51:56.519010,Berlin-ef4a,34,15,Normal
2026-02-14 23:51:57.519010,Berlin-ef4a,14,83,Normal
2026-02-14 23:51:58.519010,Berlin-ef4a,42,72,Normal
2026-02-14 23:51:59.519010,Berlin-ef4a,8,2,Normal
2026-02-14 23:52:00.519010,Berlin-ef4a,44,98,Normal
2026-02-14 23:52:01.519010,Berlin-ef4a,-21,30,Normal
2026-02-14 23:52:02.519010,Berlin-ef4a,-25,9,Normal
2026-02-14 23:52:03.519010,Berlin-ef4a,8,43,Normal
2026-02-14 23:52:04.519010,Berlin-ef4a,50,28,Normal
2026-02-14 23:52:05.519010,Berlin-ef4a,44,94,Normal
2026-02-14 23:52:06.519010,Berlin-ef4a,-24,96,Normal
2026-02-14 23:52:07.519010,Berlin-ef4a,-7,12,Normal
2026-02-14 23:52:08.519010,Berlin-ef4a,-2,95,Normal
2026-02-14 23:52:09.519010,Berlin-ef4a,-22,33,Normal
2026-02-14 23:52:10.519010,Berlin-ef4a,25,45,Normal
2026-02-14 23:52:11.519010,Berlin-ef4a,21,35,Normal
2026-02-14 23:52:12.519010,Berlin-ef4a,28,59,Normal
2026-02-14 23:52:13.519010,Berlin-ef4a,2,26,Normal
2026-02-14 23:52:14.519010,Berlin-ef4a,10,27,Normal
2026-02-14 23:52:15.519010,Berlin-ef4a,30,3,Normal
2026-02-14 23:52:16.519010,Berlin-ef4a,42,27,Normal
2026-02-14 23:52:17.519010,Berlin-ef4a,-22,20,Normal
2026-02-14 23:52:18.519010,Berlin-ef4a,13,89,Normal
2026-02-14 23:52:19.519010,Berlin-ef4a,1,19,Normal
2026-02-14 23:52:20.519010,Berlin-ef4a,37,49,Normal
2026-02-14 23:52:21.519010,Berlin-ef4a,14,33,Normal
2026-02-14 23:52:22.519010,Berlin-ef4a,28,31,Normal
2026-02-14 23:52:23.519010,Berlin-ef4a,32,69,Normal
2026-02-14 23:52:24.519010,Berlin-ef4a,48,79,Normal
2026-02-14 23:52:25.519010,Berlin-ef4a,-27,95,Normal
2026-02-14 23:52:26.519010,Berlin-ef4a,10,64,Normal
2026-02-14 23:52:27.519010,Berlin-ef4a,-8,87,Normal
2026-02-14 23:52:28.519010,Berlin-ef4a,-11,81,Normal
2026-02-14 23:52:29.519010,Berlin-ef4a,11,67,Normal
2026-02-14 23:52:30.519010,Berlin-ef4a,30,61,Normal
2026-02-14 23:52:31.519010,Berlin-ef4a,30,20,Normal
2026-02-14 23:52:32.519010,Berlin-ef4a,15,5,Normal
2026-02-14 23:52:33.519010,Berlin-ef4a,-8,34,Normal
2026-02-14 23:52:34.519010,Berlin-ef4a,-3,98,Normal
2026-02-14 23:52:35.519010,Berlin-ef4a,17,6,Normal
2026-02-14 23:52:36.519010,Berlin-ef4a,18,93,Normal
2026-02-14 23:52:37.519010,Berlin-ef4a,30,11,Normal
2026-02-14 23:52:38.519010,Berlin-ef4a,-30,17,Normal
2026-02-14 23:52:39.519010,Berlin-ef4a,0,71,Normal
2026-02-14 23:52:40.519010,Berlin-ef4a,24,97,Normal
2026-02-14 23:52:41.519010,Berlin-ef4a,48,42,Normal
2026-02-14 23:52:42.519010,Berlin-ef4a,-21,31,Normal
2026-02-14 23:52:43.519010,Berlin-ef4a,-29,66,Normal
2026-02-14 23:52:44.519010,Berlin-ef4a,15,61,Normal
2026-02-14 23:52:45.519010,Berlin-ef4a,-1,15,Normal
2026-02-14 23:52:46.519010,Berlin-ef4a,-11,30,Normal
2026-02-14 23:52:47.519010,Berlin-ef4a,36,95,Normal
2026-02-14 23:52:48.519010,Berlin-ef4a,-26,83,Normal
2026-02-14 23:52:49.519010,Berlin-ef4a,6,52,Normal
2026-02-14 23:52:50.519010,Berlin-ef4a,-16,60,Normal
2026-02-14 23:52:51.519010,Berlin-ef4a,19,20,Normal
2026-02-14 23:52:52.519010,Berlin-ef4a,-6,8,Normal
2026-02-14 23:52:53.519010,Berlin-ef4a,30,86,Normal
2026-02-14 23:52:54.519010,Berlin-ef4a,22,20,Normal
2026-02-14 23:52:55.519010,Berlin-ef4a,0,72,Normal
2026-02-14 23:52:56.519010,Berlin-ef4a,37,54,Normal
2026-02-14 23:52:57.519010,Berlin-ef4a,-27,79,Normal
2026-02-14 23:52:58.519010,Berlin-ef4a,-1,22,Normal
2026-02-14 23:52:59.519010,Berlin-ef4a,-26,100,Normal
2026-02-14 23:53:00.519010,Berlin-ef4a,36,96,Normal
2026-02-14 23:53:01.519010,Berlin-ef4a,-11,88,Normal
2026-02-14 23:53:02.519010,Berlin-ef4a,-26,66,Normal
2026-02-14 23:53:03.519010,Berlin-ef4a,13,78,Normal
2026-02-14 23:53:04.519010,Berlin-ef4a,-17,2,Normal
2026-02-14 23:53:05.519010,Berlin-ef4a,-15,48,Normal
2026-02-14 23:53:06.519010,Berlin-ef4a,10,57,Normal
2026-02-14 23:53:07.519010,Berlin-ef4a,18,60,Normal
2026-02-14 23:53:08.519010,Berlin-ef4a,29,19,Normal
2026-02-14 23:53:09.519010,Berlin-ef4a,31,85,Normal
2026-02-14 23:53:10.519010,Berlin-ef4a,31,60,Normal
2026-02-14 23:53:11.519010,Berlin-ef4a,-17,96,Normal
2026-02-14 23:53:12.519010,Berlin-ef4a,10,27,Normal
2026-02-14 23:53:13.519010,Berlin-ef4a,27,55,Normal
2026-02-14 23:53:14.519010,Berlin-ef4a,27,95,Normal
2026-02-14 23:53:15.519010,Berlin-ef4a,-6,97,Normal
2026-02-14 23:53:16.519010,Berlin-ef4a,21,43,Normal
2026-02-14 23:53:17.519010,Berlin-ef4a,10,46,Normal
2026-02-14 23:53:18.519010,Berlin-ef4a,34,48,Normal
2026-02-14 23:53:19.519010,Berlin-ef4a,-30,15,Normal
2026-02-14 23:53:20.519010,Berlin-ef4a,29,61,Normal
2026-02-14 23:53:21.519010,Berlin-ef4a,9,82,Normal
2026-02-14 23:53:22.519010,Berlin-ef4a,25,54,Normal
2026-02-14 23:53:23.519010,Berlin-ef4a,44,30,Normal
2026-02-14 23:53:24.519010,Berlin-ef4a,-15,7,Normal
2026-02-14 23:53:25.519010,Berlin-ef4a,-24,86,Normal
2026-02-14 23:53:26.519010,Berlin-ef4a,42,22,Normal
2026-02-14 23:53:27.519010,Berlin-ef4a,-28,40,Normal
2026-02-14 23:53:28.519010,Berlin-ef4a,-2,94,Normal
2026-02-14 23:53:29.519010,Berlin-ef4a,-11,46,Normal
2026-02-14 23:53:30.519010,Berlin-ef4a,18,99,Normal
2026-02-14 23:53:31.519010,Berlin-ef4a,32,44,Normal
2026-02-14 23:53:32.519010,Berlin-ef4a,11,3,Normal
2026-02-14 23:53:33.519010,Berlin-ef4a,29,53,Normal
2026-02-14 23:53:34.519010,Berlin-ef4a,30,100,Normal
2026-02-14 23:53:35.519010,Berlin-ef4a,26,23,Normal
2026-02-14 23:53:36.519010,Berlin-ef4a,35,12,Normal
2026-02-14 23:53:37.519010,Berlin-ef4a,4,35,Normal
2026-02-14 23:53:38.519010,Berlin-ef4a,5,39,Normal
2026-02-14 23:53:39.519010,Berlin-ef4a,19,59,Normal
2026-02-14 23:53:40.519010,Berlin-ef4a,10,55,Normal
2026-02-14 23:53:41.519010,Berlin-ef4a,-10,66,Normal
2026-02-14 23:53:42.519010,Berlin-ef4a,17,54,Normal
2026-02-14 23:53:43.519010,Berlin-ef4a,35,46,Normal
2026-02-14 23:53:44.519010,Berlin-ef4a,0,82,Normal
2026-02-14 23:53:45.519010,Berlin-ef4a,15,89,Normal
2026-02-14 23:53:46.519010,Berlin-ef4a,4,55,Normal
2026-02-14 23:53:47.519010,Berlin-ef4a,35,1,Normal
2026-02-14 23:53:48.519010,Berlin-ef4a,25,82,Normal
2026-02-14 23:53:49.519010,Berlin-ef4a,11,21,Normal
2026-02-14 23:53:50.519010,Berlin-ef4a,-15,69,Normal
2026-02-14 23:53:51.519010,Berlin-ef4a,36,17,Normal
2026-02-14 23:53:52.519010,Berlin-ef4a,42,60,Normal
2026-02-14 23:53:53.519010,Berlin-ef4a,-3,84,Normal
2026-02-14 23:53:54.519010,Berlin-ef4a,33,14,Normal
2026-02-14 23:53:55.519010,Berlin-ef4a,11,99,Normal
2026-02-14 23:53:56.519010,Berlin-ef4a,8,11,Normal
2026-02-14 23:53:57.519010,Berlin-ef4a,-11,24,Normal
2026-02-14 23:53:58.519010,Berlin-ef4a,15,9,Normal
2026-02-14 23:53:59.519010,Berlin-ef4a,-8,74,Normal
2026-02-14 23:54:00.519010,Berlin-ef4a,-21,36,Normal
2026-02-14 23:54:01.519010,Berlin-ef4a,-9,65,Normal
2026-02-14 23:54:02.519010,Berlin-ef4a,38,38,Normal
2026-02-14 23:54:03.519010,Berlin-ef4a,21,10,Normal
2026-02-14 23:54:04.519010,Berlin-ef4a,-18,26,Normal
2026-02-14 23:54:05.519010,Berlin-ef4a,-27,59,Normal
2026-02-14 23:54:06.519010,Berlin-ef4a,46,33,Normal
2026-02-14 23:54:07.519010,Berlin-ef4a,35,41,Normal
2026-02-14 23:54:08.519010,Berlin-ef4a,23,62,Normal
2026-02-14 23:54:09.519010,Berlin-ef4a,17,57,Normal
2026-02-14 23:54:10.519010,Berlin-ef4a,8,87,Normal
2026-02-14 23:54:11.519010,Berlin-ef4a,-22,8,Normal
2026-02-14 23:54:12.519010,Berlin-ef4a,40,5,Normal
2026-02-14 23:54:13.519010,Berlin-ef4a,27,44,Normal
2026-02-14 23:54:14.519010,Berlin-ef4a,50,54,Normal
2026-02-14 23:54:15.519010,Berlin-ef4a,-16,99,Normal
2026-02-14 23:54:16.519010,Berlin-ef4a,9,10,Normal
2026-02-14 23:54:17.519010,Berlin-ef4a,-23,79,Normal
2026-02-14 23:54:18.519010,Berlin-ef4a,39,40,Normal
2026-02-14 23:54:19.519010,Berlin-ef4a,29,7,Normal
2026-02-14 23:54:20.519010,Berlin-ef4a,-24,0,Normal
2026-02-14 23:54:21.519010,Berlin-ef4a,6,100,Normal
2026-02-14 23:54:22.519010,Berlin-ef4a,19,15,Normal
2026-02-14 23:54:23.519010,Berlin-ef4a,25,71,Normal
2026-02-14 23:54:24.519010,Berlin-ef4a,4,12,Normal
2026-02-14 23:54:25.519010,Berlin-ef4a,-26,59,Normal
2026-02-14 23:54:26.519010,Berlin-ef4a,-2,62,Normal
2026-02-14 23:54:27.519010,Berlin-ef4a,-25,19,Normal
2026-02-14 23:54:28.519010,Berlin-ef4a,-4,68,Normal
2026-02-14 23:54:29.519010,Berlin-ef4a,36,66,Normal
2026-02-14 23:54:30.519010,Berlin-ef4a,25,21,Normal
2026-02-14 23:54:31.519010,Berlin-ef4a,38,42,Normal
2026-02-14 23:54:32.519010,Berlin-ef4a,25,74,Normal
2026-02-14 23:54:33.519010,Berlin-ef4a,18,32,Normal
2026-02-14 23:54:34.519010,Berlin-ef4a,45,24,Normal
2026-02-14 23:54:35.519010,Berlin-ef4a,40,86,Normal
2026-02-14 23:54:36.519010,Berlin-ef4a,5,60,Normal
2026-02-14 23:54:37.519010,Berlin-ef4a,36,26,Normal
2026-02-14 23:54:38.519010,Berlin-ef4a,-14,19,Normal
2026-02-14 23:54:39.519010,Berlin-ef4a,49,82,Normal
2026-02-14 23:54:40.519010,Berlin-ef4a,49,39,Normal
2026-02-14 23:54:41.519010,Berlin-ef4a,1,68,Normal
2026-02-14 23:54:42.519010,Berlin-ef4a,-1,62,Normal
2026-02-14 23:54:43.519010,Berlin-ef4a,-29,96,Normal
2026-02-14 23:54:44.519010,Berlin-ef4a,39,29,Normal
2026-02-14 23:54:45.519010,Berlin-ef4a,-4,29,Normal
2026-02-14 23:54:46.519010,Berlin-ef4a,29,59,Normal
2026-02-14 23:54:47.519010,Berlin-ef4a,43,17,Normal
2026-02-14 23:54:48.519010,Berlin-ef4a,-21,4,Normal
2026-02-14 23:54:49.519010,Berlin-ef4a,-24,99,Normal
2026-02-14 23:54:50.519010,Berlin-ef4a,-29,29,Normal
2026-02-14 23:54:51.519010,Berlin-ef4a,41,70,Normal
2026-02-14 23:54:52.519010,Berlin-ef4a,13,42,Normal
2026-02-14 23:54:53.519010,Berlin-ef4a,14,73,Normal
2026-02-14 23:54:54.519010,Berlin-ef4a,-7,14,Normal
2026-02-14 23:54:55.519010,Berlin-ef4a,19,27,Normal
2026-02-14 23:54:56.519010,Berlin-ef4a,-14,44,Normal
2026-02-14 23:54:57.519010,Berlin-ef4a,-11,12,Normal
2026-02-14 23:54:58.519010,Berlin-ef4a,-3,15,Normal
2026-02-14 23:54:59.519010,Berlin-ef4a,-14,87,Normal
2026-02-14 23:55:00.519010,Berlin-ef4a,20,3,Normal
2026-02-14 23:55:01.519010,Berlin-ef4a,8,99,Normal
2026-02-14 23:55:02.519010,Berlin-ef4a,-18,52,Normal
2026-02-14 23:55:03.519010,Berlin-ef4a,35,40,Normal
2026-02-14 23:55:04.519010,Berlin-ef4a,-17,86,Normal
2026-02-14 23:55:05.519010,Berlin-ef4a,22,76,Normal
2026-02-14 23:55:06.519010,Berlin-ef4a,33,49,Normal
2026-02-14 23:55:07.519010,Berlin-ef4a,-4,24,Normal
2026-02-14 23:55:08.519010,Berlin-ef4a,38,36,Normal
2026-02-14 23:55:09.519010,Berlin-ef4a,-5,98,Normal
2026-02-14 23:55:10.519010,Berlin-ef4a,-25,77,Normal
2026-02-14 23:55:11.519010,Berlin-ef4a,-12,77,Normal
2026-02-14 23:55:12.519010,Berlin-ef4a,38,19,Normal
2026-02-14 23:55:13.519010,Berlin-ef4a,28,0,Normal
2026-02-14 23:55:14.519010,Berlin-ef4a,-15,14,Normal
2026-02-14 23:55:15.519010,Berlin-ef4a,37,54,Normal
2026-02-14 23:55:16.519010,Berlin-ef4a,15,7,Normal
2026-02-14 23:55:17.519010,Berlin-ef4a,30,14,Normal
2026-02-14 23:55:18.519010,Berlin-ef4a,29,6,Normal
2026-02-14 23:55:19.519010,Berlin-ef4a,35,24,Normal
2026-02-14 23:55:20.519010,Berlin-ef4a,44,97,Normal
2026-02-14 23:55:21.519010,Berlin-ef4a,-21,2,Normal
2026-02-14 23:55:22.519010,Berlin-ef4a,-29,89,Normal
2026-02-14 23:55:23.519010,Berlin-ef4a,49,83,Normal
2026-02-14 23:55:24.519010,Berlin-ef4a,-1,1,Normal
2026-02-14 23:55:25.519010,Berlin-ef4a,38,45,Normal
2026-02-14 23:55:26.519010,Berlin-ef4a,37,68,Normal
2026-02-14 23:55:27.519010,Berlin-ef4a,22,12,Normal
2026-02-14 23:55:28.519010,Berlin-ef4a,19,29,Normal
2026-02-14 23:55:29.519010,Berlin-ef4a,19,1,Normal
2026-02-14 23:55:30.519010,Berlin-ef4a,43,16,Normal
2026-02-14 23:55:31.519010,Berlin-ef4a,38,15,Normal
2026-02-14 23:55:32.519010,Berlin-ef4a,15,67,Normal
2026-02-14 23:55:33.519010,Berlin-ef4a,22,76,Normal
2026-02-14 23:55:34.519010,Berlin-ef4a,-29,18,Normal
2026-02-14 23:55:35.519010,Berlin-ef4a,5,26,Normal
2026-02-14 23:55:36.519010,Berlin-ef4a,48,6,Normal
2026-02-14 23:55:37.519010,Berlin-ef4a,1,9,Normal
2026-02-14 23:55:38.519010,Berlin-ef4a,-7,7,Normal
2026-02-14 23:55:39.519010,Berlin-ef4a,-17,65,Normal
2026-02-14 23:55:40.519010,Berlin-ef4a,37,80,Normal
2026-02-14 23:55:41.519010,Berlin-ef4a,-23,93,Normal
2026-02-14 23:55:42.519010,Berlin-ef4a,41,38,Normal
2026-02-14 23:55:43.519010,Berlin-ef4a,27,37,Normal
2026-02-14 23:55:44.519010,Berlin-ef4a,18,69,Normal
2026-02-14 23:55:45.519010,Berlin-ef4a,32,91,Normal
2026-02-14 23:55:46.519010,Berlin-ef4a,28,15,Normal
2026-02-14 23:55:47.519010,Berlin-ef4a,19,90,Normal
2026-02-14 23:55:48.519010,Berlin-ef4a,-21,9,Normal
2026-02-14 23:55:49.519010,Berlin-ef4a,50,32,Normal
2026-02-14 23:55:50.519010,Berlin-ef4a,45,1,Normal
2026-02-14 23:55:51.519010,Berlin-ef4a,-7,67,Normal
2026-02-14 23:55:52.519010,Berlin-ef4a,-11,17,Normal
2026-02-14 23:55:53.519010,Berlin-ef4a,49,39,Normal
2026-02-14 23:55:54.519010,Berlin-ef4a,4,19,Normal
2026-02-14 23:55:55.519010,Berlin-ef4a,14,74,Normal
2026-02-14 23:55:56.519010,Berlin-ef4a,45,4,Normal
2026-02-14 23:55:57.519010,Berlin-ef4a,-12,80,Normal
2026-02-14 23:55:58.519010,Berlin-ef4a,20,24,Normal
2026-02-14 23:55:59.519010,Berlin-ef4a,-11,1,Normal
2026-02-14 23:56:00.519010,Berlin-ef4a,-25,88,Normal
2026-02-14 23:56:01.519010,Berlin-ef4a,36,39,Normal
2026-02-14 23:56:02.519010,Berlin-ef4a,41,100,Normal
2026-02-14 23:56:03.519010,Berlin-ef4a,-18,34,Normal
2026-02-14 23:56:04.519010,Berlin-ef4a,30,26,Normal
2026-02-14 23:56:05.519010,Berlin-ef4a,41,98,Normal
2026-02-14 23:56:06.519010,Berlin-ef4a,8,96,Normal
2026-02-14 23:56:07.519010,Berlin-ef4a,-17,11,Normal
2026-02-14 23:56:08.519010,Berlin-ef4a,39,29,Normal
2026-02-14 23:56:09.519010,Berlin-ef4a,-16,3,Normal
2026-02-14 23:56:10.519010,Berlin-ef4a,-1,25,Normal
2026-02-14 23:56:11.519010,Berlin-ef4a,-23,69,Normal
2026-02-14 23:56:12.519010,Berlin-ef4a,-7,70,Normal
2026-02-14 23:56:13.519010,Berlin-ef4a,8,48,Normal
2026-02-14 23:56:14.519010,Berlin-ef4a,-1,30,Normal
2026-02-14 23:56:15.519010,Berlin-ef4a,28,11,Normal
2026-02-14 23:56:16.519010,Berlin-ef4a,49,58,Normal
2026-02-14 23:56:17.519010,Berlin-ef4a,-18,68,Normal
2026-02-14 23:56:18.519010,Berlin-ef4a,-15,13,Normal
2026-02-14 23:56:19.519010,Berlin-ef4a,16,44,Normal
2026-02-14 23:56:20.519010,Berlin-ef4a,-23,59,Normal
2026-02-14 23:56:21.519010,Berlin-ef4a,9,99,Normal
2026-02-14 23:56:22.519010,Berlin-ef4a,33,30,Normal
2026-02-14 23:56:23.519010,Berlin-ef4a,-10,46,Normal
2026-02-14 23:56:24.519010,Berlin-ef4a,41,4,Normal
2026-02-14 23:56:25.519010,Berlin-ef4a,47,95,Normal
2026-02-14 23:56:26.519010,Berlin-ef4a,21,16,Normal
2026-02-14 23:56:27.519010,Berlin-ef4a,14,13,Normal
2026-02-14 23:56:28.519010,Berlin-ef4a,-12,43,Normal
2026-02-14 23:56:29.519010,Berlin-ef4a,-5,19,Normal
2026-02-14 23:56:30.519010,Berlin-ef4a,-3,35,Normal
2026-02-14 23:56:31.519010,Berlin-ef4a,48,83,Normal
2026-02-14 23:56:32.519010,Berlin-ef4a,-26,87,Normal
2026-02-14 23:56:33.519010,Berlin-ef4a,27,55,Normal
2026-02-14 23:56:34.519010,Berlin-ef4a,-17,75,Normal
2026-02-14 23:56:35.519010,Berlin-ef4a,46,25,Normal
2026-02-14 23:56:36.519010,Berlin-ef4a,21,90,Normal
2026-02-14 23:56:37.519010,Berlin-ef4a,3,44,Normal
2026-02-14 23:56:38.519010,Berlin-ef4a,-25,34,Normal
2026-02-14 23:56:39.519010,Berlin-ef4a,12,71,Normal
2026-02-14 23:56:40.519010,Berlin-ef4a,-28,84,Normal
2026-02-14 23:56:41.519010,Berlin-ef4a,38,61,Normal
2026-02-14 23:56:42.519010,Berlin-ef4a,-5,73,Normal
2026-02-14 23:56:43.519010,Berlin-ef4a,24,18,Normal
2026-02-14 23:56:44.519010,Berlin-ef4a,-21,24,Normal
2026-02-14 23:56:45.519010,Berlin-ef4a,29,87,Normal
2026-02-14 23:56:46.519010,Berlin-ef4a,10,12,Normal
2026-02-14 23:56:47.519010,Berlin-ef4a,0,56,Normal
2026-02-14 23:56:48.519010,Berlin-ef4a,6,83,Normal
2026-02-14 23:56:49.519010,Berlin-ef4a,-15,7,Normal
2026-02-14 23:56:50.519010,Berlin-ef4a,-14,68,Normal
2026-02-14 23:56:51.519010,Berlin-ef4a,-16,43,Normal
2026-02-14 23:56:52.519010,Berlin-ef4a,9,88,Normal
2026-02-14 23:56:53.519010,Berlin-ef4a,-2,31,Normal
2026-02-14 23:56:54.519010,Berlin-ef4a,1,97,Normal
2026-02-14 23:56:55.519010,Berlin-ef4a,21,95,Normal
2026-02-14 23:56:56.519010,Berlin-ef4a,42,82,Normal
2026-02-14 23:56:57.519010,Berlin-ef4a,23,50,Normal
2026-02-14 23:56:58.519010,Berlin-ef4a,-16,82,Normal
2026-02-14 23:56:59.519010,Berlin-ef4a,-12,79,Normal
2026-02-14 23:57:00.519010,Berlin-ef4a,-1,67,Normal
2026-02-14 23:57:01.519010,Berlin-ef4a,26,38,Normal
2026-02-14 23:57:02.519010,Berlin-ef4a,-20,11,Normal
2026-02-14 23:57:03.519010,Berlin-ef4a,-12,50,Normal
2026-02-14 23:57:04.519010,Berlin-ef4a,23,99,Normal
2026-02-14 23:57:05.519010,Berlin-ef4a,-25,16,Normal
2026-02-14 23:57:06.519010,Berlin-ef4a,-11,32,Normal
2026-02-14 23:57:07.519010,Berlin-ef4a,-19,1,Normal
2026-02-14 23:57:08.519010,Berlin-ef4a,50,8,Normal
2026-02-14 23:57:09.519010,Berlin-ef4a,-8,65,Normal
2026-02-14 23:57:10.519010,Berlin-ef4a,17,14,Normal
2026-02-14 23:57:11.519010,Berlin-ef4a,12,74,Normal
2026-02-14 23:57:12.519010,Berlin-ef4a,-12,7,Normal
2026-02-14 23:57:13.519010,Berlin-ef4a,27,97,Normal
2026-02-14 23:57:14.519010,Berlin-ef4a,0,9,Normal
2026-02-14 23:57:15.519010,Berlin-ef4a,50,16,Normal
2026-02-14 23:57:16.519010,Berlin-ef4a,-17,71,Normal
2026-02-14 23:57:17.519010,Berlin-ef4a,18,8,Normal
2026-02-14 23:57:18.519010,Berlin-ef4a,33,11,Normal
2026-02-14 23:57:19.519010,Berlin-ef4a,-3,33,Normal
2026-02-14 23:57:20.519010,Berlin-ef4a,-21,50,Normal
2026-02-14 23:57:21.519010,Berlin-ef4a,15,45,Normal
2026-02-14 23:57:22.519010,Berlin-ef4a,47,71,Normal
2026-02-14 23:57:23.519010,Berlin-ef4a,22,97,Normal
2026-02-14 23:57:24.519010,Berlin-ef4a,47,60,Normal
2026-02-14 23:57:25.519010,Berlin-ef4a,43,22,Normal
2026-02-14 23:57:26.519010,Berlin-ef4a,-5,100,Normal
2026-02-14 23:57:27.519010,Berlin-ef4a,-2,99,Normal
2026-02-14 23:57:28.519010,Berlin-ef4a,22,69,Normal
2026-02-14 23:57:29.519010,Berlin-ef4a,-30,82,Normal
2026-02-14 23:57:30.519010,Berlin-ef4a,28,47,Normal
2026-02-14 23:57:31.519010,Berlin-ef4a,-26,100,Normal
2026-02-14 23:57:32.519010,Berlin-ef4a,21,40,Normal
2026-02-14 23:57:33.519010,Berlin-ef4a,48,16,Normal
2026-02-14 23:57:34.519010,Berlin-ef4a,1,20,Normal
2026-02-14 23:57:35.519010,Berlin-ef4a,-5,58,Normal
2026-02-14 23:57:36.519010,Berlin-ef4a,1,44,Normal
2026-02-14 23:57:37.519010,Berlin-ef4a,-22,84,Normal
2026-02-14 23:57:38.519010,Berlin-ef4a,21,48,Normal
2026-02-14 23:57:39.519010,Berlin-ef4a,-30,65,Normal
2026-02-14 23:57:40.519010,Berlin-ef4a,-11,80,Normal
2026-02-14 23:57:41.519010,Berlin-ef4a,21,90,Normal
2026-02-14 23:57:42.519010,Berlin-ef4a,47,37,Normal
2026-02-14 23:57:43.519010,Berlin-ef4a,47,40,Normal
2026-02-14 23:57:44.519010,Berlin-ef4a,12,13,Normal
2026-02-14 23:57:45.519010,Berlin-ef4a,22,71,Normal
2026-02-14 23:57:46.519010,Berlin-ef4a,-30,14,Normal
2026-02-14 23:57:47.519010,Berlin-ef4a,10,19,Normal
2026-02-14 23:57:48.519010,Berlin-ef4a,13,43,Normal
2026-02-14 23:57:49.519010,Berlin-ef4a,24,100,Normal
2026-02-14 23:57:50.519010,Berlin-ef4a,39,55,Normal
2026-02-14 23:57:51.519010,Berlin-ef4a,19,72,Normal
2026-02-14 23:57:52.519010,Berlin-ef4a,-21,73,Normal
2026-02-14 23:57:53.519010,Berlin-ef4a,18,21,Normal
2026-02-14 23:57:54.519010,Berlin-ef4a,-10,78,Normal
2026-02-14 23:57:55.519010,Berlin-ef4a,-24,36,Normal
2026-02-14 23:57:56.519010,Berlin-ef4a,-8,21,Normal
2026-02-14 23:57:57.519010,Berlin-ef4a,0,83,Normal
2026-02-14 23:57:58.519010,Berlin-ef4a,40,69,Normal
2026-02-14 23:57:59.519010,Berlin-ef4a,30,55,Normal
2026-02-14 23:58:00.519010,Berlin-ef4a,12,65,Normal
2026-02-14 23:58:01.519010,Berlin-ef4a,10,68,Normal
2026-02-14 23:58:02.519010,Berlin-ef4a,6,45,Normal
2026-02-14 23:58:03.519010,Berlin-ef4a,50,10,Normal
2026-02-14 23:58:04.519010,Berlin-ef4a,-10,41,Normal
2026-02-14 23:58:05.519010,Berlin-ef4a,-16,69,Normal
2026-02-14 23:58:06.519010,Berlin-ef4a,25,44,Normal
2026-02-14 23:58:07.519010,Berlin-ef4a,-27,20,Normal
2026-02-14 23:58:08.519010,Berlin-ef4a,45,19,Normal
2026-02-14 23:58:09.519010,Berlin-ef4a,46,93,Normal
2026-02-14 23:58:10.519010,Berlin-ef4a,29,95,Normal
2026-02-14 23:58:11.519010,Berlin-ef4a,4,39,Normal
2026-02-14 23:58:12.519010,Berlin-ef4a,2,13,Normal
2026-02-14 23:58:13.519010,Berlin-ef4a,1,25,Normal
2026-02-14 23:58:14.519010,Berlin-ef4a,-1,28,Normal
2026-02-14 23:58:15.519010,Berlin-ef4a,46,65,Normal
2026-02-14 23:58:16.519010,Berlin-ef4a,12,95,Normal
2026-02-14 23:58:17.519010,Berlin-ef4a,27,100,Normal
2026-02-14 23:58:18.519010,Berlin-ef4a,35,29,Normal
2026-02-14 23:58:19.519010,Berlin-ef4a,-15,23,Normal
2026-02-14 23:58:20.519010,Berlin-ef4a,-22,14,Normal
2026-02-14 23:58:21.519010,Berlin-ef4a,27,74,Normal
2026-02-14 23:58:22.519010,Berlin-ef4a,10,74,Normal
2026-02-14 23:58:23.519010,Berlin-ef4a,29,60,Normal
2026-02-14 23:58:24.519010,Berlin-ef4a,-3,29,Normal
2026-02-14 23:58:25.519010,Berlin-ef4a,21,85,Normal
2026-02-14 23:58:26.519010,Berlin-ef4a,13,10,Normal
2026-02-14 23:58:27.519010,Berlin-ef4a,13,4,Normal
2026-02-14 23:58:28.519010,Berlin-ef4a,-9,24,Normal
2026-02-14 23:58:29.519010,Berlin-ef4a,14,85,Normal
2026-02-14 23:58:30.519010,Berlin-ef4a,47,35,Normal
2026-02-14 23:58:31.519010,Berlin-ef4a,8,73,Normal
2026-02-14 23:58:32.519010,Berlin-ef4a,35,68,Normal
2026-02-14 23:58:33.519010,Berlin-ef4a,21,94,Normal
2026-02-14 23:58:34.519010,Berlin-ef4a,38,81,Normal
2026-02-14 23:58:35.519010,Berlin-ef4a,-28,37,Normal
2026-02-14 23:58:36.519010,Berlin-ef4a,50,41,Normal
2026-02-14 23:58:37.519010,Berlin-ef4a,-19,62,Normal
2026-02-14 23:58:38.519010,Berlin-ef4a,-4,72,Normal
2026-02-14 23:58:39.519010,Berlin-ef4a,33,94,Normal
2026-02-14 23:58:40.519010,Berlin-ef4a,3,59,Normal
2026-02-14 23:58:41.519010,Berlin-ef4a,29,100,Normal
2026-02-14 23:58:42.519010,Berlin-ef4a,25,54,Normal
2026-02-14 23:58:43.519010,Berlin-ef4a,26,34,Normal
2026-02-14 23:58:44.519010,Berlin-ef4a,34,66,Normal
2026-02-14 23:58:45.519010,Berlin-ef4a,-24,31,Normal
2026-02-14 23:58:46.519010,Berlin-ef4a,3,81,Normal
2026-02-14 23:58:47.519010,Berlin-ef4a,21,93,Normal
2026-02-14 23:58:48.519010,Berlin-ef4a,29,27,Normal
2026-02-14 23:58:49.519010,Berlin-ef4a,30,97,Normal
2026-02-14 23:58:50.519010,Berlin-ef4a,13,88,Normal
2026-02-14 23:58:51.519010,Berlin-ef4a,18,39,Normal
2026-02-14 23:58:52.519010,Berlin-ef4a,32,54,Normal
2026-02-14 23:58:53.519010,Berlin-ef4a,-2,6,Normal
2026-02-14 23:58:54.519010,Berlin-ef4a,20,52,Normal
2026-02-14 23:58:55.519010,Berlin-ef4a,3,69,Normal
2026-02-14 23:58:56.519010,Berlin-ef4a,50,92,Normal
2026-02-14 23:58:57.519010,Berlin-ef4a,44,90,Normal
2026-02-14 23:58:58.519010,Berlin-ef4a,-12,75,Normal
2026-02-14 23:58:59.519010,Berlin-ef4a,-29,50,Normal
2026-02-14 23:59:00.519010,Berlin-ef4a,45,80,Normal
2026-02-14 23:59:01.519010,Berlin-ef4a,8,74,Normal
2026-02-14 23:59:02.519010,Berlin-ef4a,-15,62,Normal
2026-02-14 23:59:03.519010,Berlin-ef4a,3,62,Normal
2026-02-14 23:59:04.519010,Berlin-ef4a,-20,91,Normal
2026-02-14 23:59:05.519010,Berlin-ef4a,-3,83,Normal
2026-02-14 23:59:06.519010,Berlin-ef4a,-27,29,Normal
2026-02-14 23:59:07.519010,Berlin-ef4a,-7,82,Normal
2026-02-14 23:59:08.519010,Berlin-ef4a,29,66,Normal
2026-02-14 23:59:09.519010,Berlin-ef4a,-29,0,Normal
2026-02-14 23:59:10.519010,Berlin-ef4a,24,98,Normal
2026-02-14 23:59:11.519010,Berlin-ef4a,-2,10,Normal
2026-02-14 23:59:12.519010,Berlin-ef4a,29,35,Normal
2026-02-14 23:59:13.519010,Berlin-ef4a,27,86,Normal
2026-02-14 23:59:14.519010,Berlin-ef4a,21,5,Normal
2026-02-14 23:59:15.519010,Berlin-ef4a,-26,6,Normal
2026-02-14 23:59:16.519010,Berlin-ef4a,0,5,Normal
2026-02-14 23:59:17.519010,Berlin-ef4a,-12,94,Normal
2026-02-14 23:59:18.519010,Berlin-ef4a,13,9,Normal
2026-02-14 23:59:19.519010,Berlin-ef4a,-4,75,Normal
2026-02-14 23:59:20.519010,Berlin-ef4a,48,45,Normal
2026-02-14 23:59:21.519010,Berlin-ef4a,40,6,Normal
2026-02-14 23:59:22.519010,Berlin-ef4a,15,65,Normal
2026-02-14 23:59:23.519010,Berlin-ef4a,29,48,Normal
2026-02-14 23:59:24.519010,Berlin-ef4a,7,5,Normal
2026-02-14 23:59:25.519010,Berlin-ef4a,5,2,Normal
2026-02-14 23:59:26.519010,Berlin-ef4a,48,60,Normal
2026-02-14 23:59:27.519010,Berlin-ef4a,-24,72,Normal
2026-02-14 23:59:28.519010,Berlin-ef4a,43,94,Normal
2026-02-14 23:59:29.519010,Berlin-ef4a,33,96,Normal
2026-02-14 23:59:30.519010,Berlin-ef4a,6,82,Normal
2026-02-14 23:59:31.519010,Berlin-ef4a,-27,38,Normal
2026-02-14 23:59:32.519010,Berlin-ef4a,29,72,Normal
2026-02-14 23:59:33.519010,Berlin-ef4a,0,51,Normal
2026-02-14 23:59:34.519010,Berlin-ef4a,-22,77,Normal
2026-02-14 23:59:35.519010,Berlin-ef4a,4,97,Normal
2026-02-14 23:59:36.519010,Berlin-ef4a,43,13,Normal
2026-02-14 23:59:37.519010,Berlin-ef4a,3,2,Normal
2026-02-14 23:59:38.519010,Berlin-ef4a,-2,22,Normal
2026-02-14 23:59:39.519010,Berlin-ef4a,35,95,Normal
2026-02-14 23:59:40.519010,Berlin-ef4a,-13,64,Normal
2026-02-14 23:59:41.519010,Berlin-ef4a,10,70,Normal
2026-02-14 23:59:42.519010,Berlin-ef4a,28,63,Normal
2026-02-14 23:59:43.519010,Berlin-ef4a,25,82,Normal
2026-02-14 23:59:44.519010,Berlin-ef4a,-25,100,Normal
2026-02-14 23:59:45.519010,Berlin-ef4a,-29,60,Normal
2026-02-14 23:59:46.519010,Berlin-ef4a,-18,30,Normal
2026-02-14 23:59:47.519010,Berlin-ef4a,-28,26,Normal
2026-02-14 23:59:48.519010,Berlin-ef4a,-22,38,Normal
2026-02-14 23:59:49.519010,Berlin-ef4a,20,41,Normal
2026-02-14 23:59:50.519010,Berlin-ef4a,-7,85,Normal
2026-02-14 23:59:51.519010,Berlin-ef4a,14,83,Normal
2026-02-14 23:59:52.519010,Berlin-ef4a,11,43,Normal
2026-02-14 23:59:53.519010,Berlin-ef4a,46,5,Normal
2026-02-14 23:59:54.519010,Berlin-ef4a,1,38,Normal
2026-02-14 23:59:55.519010,Berlin-ef4a,8,19,Normal
2026-02-14 23:59:56.519010,Berlin-ef4a,-7,88,Normal
2026-02-14 23:59:57.519010,Berlin-ef4a,32,2,Normal
2026-02-14 23:59:58.519010,Berlin-ef4a,43,87,Normal
2026-02-14 23:59:59.519010,Berlin-ef4a,27,14,Normal
2026-02-15 00:00:00.519010,Berlin-ef4a,-12,82,Normal
2026-02-15 00:00:01.519010,Berlin-ef4a,36,89,Normal
2026-02-15 00:00:02.519010,Berlin-ef4a,8,87,Normal
2026-02-15 00:00:03.519010,Berlin-ef4a,-9,80,Normal
2026-02-15 00:00:04.519010,Berlin-ef4a,6,45,Normal
2026-02-15 00:00:05.519010,Berlin-ef4a,12,77,Normal
2026-02-15 00:00:06.519010,Berlin-ef4a,24,90,Normal
2026-02-15 00:00:07.519010,Berlin-ef4a,-7,79,Normal
2026-02-15 00:00:08.519010,Berlin-ef4a,16,39,Normal
2026-02-15 00:00:09.519010,Berlin-ef4a,-13,44,Normal
2026-02-15 00:00:10.519010,Berlin-ef4a,-16,61,Normal
2026-02-15 00:00:11.519010,Berlin-ef4a,-12,34,Normal
2026-02-15 00:00:12.519010,Berlin-ef4a,18,47,Normal
2026-02-15 00:00:13.519010,Berlin-ef4a,32,67,Normal
2026-02-15 00:00:14.519010,Berlin-ef4a,15,78,Normal
2026-02-15 00:00:15.519010,Berlin-ef4a,34,16,Normal
2026-02-15 00:00:16.519010,Berlin-ef4a,33,60,Normal
2026-02-15 00:00:17.519010,Berlin-ef4a,-25,86,Normal
2026-02-15 00:00:18.519010,Berlin-ef4a,-21,46,Normal
2026-02-15 00:00:19.519010,Berlin-ef4a,-4,65,Normal
2026-02-15 00:00:20.519010,Berlin-ef4a,-16,29,Normal
2026-02-15 00:00:21.519010,Berlin-ef4a,-29,36,Normal
2026-02-15 00:00:22.519010,Berlin-ef4a,-19,80,Normal
2026-02-15 00:00:23.519010,Berlin-ef4a,48,2,Normal
2026-02-15 00:00:24.519010,Berlin-ef4a,-27,91,Normal
2026-02-15 00:00:25.519010,Berlin-ef4a,-5,35,Normal
2026-02-15 00:00:26.519010,Berlin-ef4a,18,8,Normal
2026-02-15 00:00:27.519010,Berlin-ef4a,-25,63,Normal
2026-02-15 00:00:28.519010,Berlin-ef4a,3,39,Normal
2026-02-15 00:00:29.519010,Berlin-ef4a,4,92,Normal
2026-02-15 00:00:30.519010,Berlin-ef4a,45,25,Normal
2026-02-15 00:00:31.519010,Berlin-ef4a,0,44,Normal
2026-02-15 00:00:32.519010,Berlin-ef4a,2,24,Normal
2026-02-15 00:00:33.519010,Berlin-ef4a,28,4,Normal
2026-02-15 00:00:34.519010,Berlin-ef4a,-11,86,Normal
2026-02-15 00:00:35.519010,Berlin-ef4a,39,64,Normal
2026-02-15 00:00:36.519010,Berlin-ef4a,27,0,Normal
2026-02-15 00:00:37.519010,Berlin-ef4a,-29,95,Normal
2026-02-15 00:00:38.519010,Berlin-ef4a,14,44,Normal
2026-02-15 00:00:39.519010,Berlin-ef4a,40,66,Normal
2026-02-15 00:00:40.519010,Berlin-ef4a,22,71,Normal
2026-02-15 00:00:41.519010,Berlin-ef4a,-27,23,Normal
2026-02-15 00:00:42.519010,Berlin-ef4a,12,86,Normal
2026-02-15 00:00:43.519010,Berlin-ef4a,41,95,Normal
2026-02-15 00:00:44.519010,Berlin-ef4a,-8,15,Normal
2026-02-15 00:00:45.519010,Berlin-ef4a,37,74,Normal
2026-02-15 00:00:46.519010,Berlin-ef4a,-30,22,Normal
2026-02-15 00:00:47.519010,Berlin-ef4a,4,65,Normal
2026-02-15 00:00:48.519010,Berlin-ef4a,39,0,Normal
2026-02-15 00:00:49.519010,Berlin-ef4a,49,67,Normal
2026-02-15 00:00:50.519010,Berlin-ef4a,-22,79,Normal
2026-02-15 00:00:51.519010,Berlin-ef4a,26,67,Normal
2026-02-15 00:00:52.519010,Berlin-ef4a,38,52,Normal
2026-02-15 00:00:53.519010,Berlin-ef4a,24,12,Normal
2026-02-15 00:00:54.519010,Berlin-ef4a,33,7,Normal
2026-02-15 00:00:55.519010,Berlin-ef4a,25,0,Normal
2026-02-15 00:00:56.519010,Berlin-ef4a,45,20,Normal
2026-02-15 00:00:57.519010,Berlin-ef4a,41,42,Normal
2026-02-15 00:00:58.519010,Berlin-ef4a,8,86,Normal
2026-02-15 00:00:59.519010,Berlin-ef4a,37,53,Normal
2026-02-15 00:01:00.519010,Berlin-ef4a,-4,54,Normal
2026-02-15 00:01:01.519010,Berlin-ef4a,8,24,Normal
2026-02-15 00:01:02.519010,Berlin-ef4a,-10,40,Normal
2026-02-15 00:01:03.519010,Berlin-ef4a,24,67,Normal
2026-02-15 00:01:04.519010,Berlin-ef4a,46,79,Normal
2026-02-15 00:01:05.519010,Berlin-ef4a,4,0,Normal
2026-02-15 00:01:06.519010,Berlin-ef4a,37,87,Normal
2026-02-15 00:01:07.519010,Berlin-ef4a,-17,40,Normal
2026-02-15 00:01:08.519010,Berlin-ef4a,7,67,Normal
2026-02-15 00:01:09.519010,Berlin-ef4a,-26,53,Normal
2026-02-15 00:01:10.519010,Berlin-ef4a,50,90,Normal
2026-02-15 00:01:11.519010,Berlin-ef4a,40,46,Normal
2026-02-15 00:01:12.519010,Berlin-ef4a,-20,71,Normal
2026-02-15 00:01:13.519010,Berlin-ef4a,18,51,Normal
2026-02-15 00:01:14.519010,Berlin-ef4a,24,26,Normal
2026-02-15 00:01:15.519010,Berlin-ef4a,-13,17,Normal
2026-02-15 00:01:16.519010,Berlin-ef4a,-10,65,Normal
2026-02-15 00:01:17.519010,Berlin-ef4a,-13,41,Normal
2026-02-15 00:01:18.519010,Berlin-ef4a,-17,17,Normal
2026-02-15 00:01:19.519010,Berlin-ef4a,-18,14,Normal
2026-02-15 00:01:20.519010,Berlin-ef4a,43,82,Normal
2026-02-15 00:01:21.519010,Berlin-ef4a,-7,59,Normal
2026-02-15 00:01:22.519010,Berlin-ef4a,16,77,Normal
2026-02-15 00:01:23.519010,Berlin-ef4a,5,26,Normal
2026-02-15 00:01:24.519010,Berlin-ef4a,48,37,Normal
2026-02-15 00:01:25.519010,Berlin-ef4a,-10,71,Normal
2026-02-15 00:01:26.519010,Berlin-ef4a,8,4,Normal
2026-02-15 00:01:27.519010,Berlin-ef4a,50,18,Normal
2026-02-15 00:01:28.519010,Berlin-ef4a,12,72,Normal
2026-02-15 00:01:29.519010,Berlin-ef4a,18,87,Normal
2026-02-15 00:01:30.519010,Berlin-ef4a,-29,62,Normal
2026-02-15 00:01:31.519010,Berlin-ef4a,4,54,Normal
2026-02-15 00:01:32.519010,Berlin-ef4a,29,20,Normal
2026-02-15 00:01:33.519010,Berlin-ef4a,43,48,Normal
2026-02-15 00:01:34.519010,Berlin-ef4a,26,84,Normal
2026-02-15 00:01:35.519010,Berlin-ef4a,21,79,Normal
2026-02-15 00:01:36.519010,Berlin-ef4a,30,40,Normal
2026-02-15 00:01:37.519010,Berlin-ef4a,0,52,Normal
2026-02-15 00:01:38.519010,Berlin-ef4a,47,71,Normal
2026-02-15 00:01:39.519010,Berlin-ef4a,43,60,Normal
2026-02-15 00:01:40.519010,Berlin-ef4a,32,11,Normal
2026-02-15 00:01:41.519010,Berlin-ef4a,12,93,Normal
2026-02-15 00:01:42.519010,Berlin-ef4a,24,60,Normal
2026-02-15 00:01:43.519010,Berlin-ef4a,24,24,Normal
2026-02-15 00:01:44.519010,Berlin-ef4a,-18,42,Normal
2026-02-15 00:01:45.519010,Berlin-ef4a,15,57,Normal
2026-02-15 00:01:46.519010,Berlin-ef4a,40,1,Normal
2026-02-15 00:01:47.519010,Berlin-ef4a,6,42,Normal
2026-02-15 00:01:48.519010,Berlin-ef4a,36,94,Normal
2026-02-15 00:01:49.519010,Berlin-ef4a,-16,21,Normal
2026-02-15 00:01:50.519010,Berlin-ef4a,49,95,Normal
2026-02-15 00:01:51.519010,Berlin-ef4a,-4,96,Normal
2026-02-15 00:01:52.519010,Berlin-ef4a,46,87,Normal
2026-02-15 00:01:53.519010,Berlin-ef4a,35,88,Normal
2026-02-15 00:01:54.519010,Berlin-ef4a,-12,30,Normal
2026-02-15 00:01:55.519010,Berlin-ef4a,15,38,Normal
2026-02-15 00:01:56.519010,Berlin-ef4a,6,20,Normal
2026-02-15 00:01:57.519010,Berlin-ef4a,-24,54,Normal
2026-02-15 00:01:58.519010,Berlin-ef4a,33,68,Normal
2026-02-15 00:01:59.519010,Berlin-ef4a,38,44,Normal
2026-02-15 00:02:00.519010,Berlin-ef4a,38,10,Normal
2026-02-15 00:02:01.519010,Berlin-ef4a,17,48,Normal
2026-02-15 00:02:02.519010,Berlin-ef4a,21,83,Normal
2026-02-15 00:02:03.519010,Berlin-ef4a,4,68,Normal
2026-02-15 00:02:04.519010,Berlin-ef4a,49,20,Normal
2026-02-15 00:02:05.519010,Berlin-ef4a,40,24,Normal
2026-02-15 00:02:06.519010,Berlin-ef4a,42,26,Normal
2026-02-15 00:02:07.519010,Berlin-ef4a,-9,3,Normal
2026-02-15 00:02:08.519010,Berlin-ef4a,17,79,Normal
2026-02-15 00:02:09.519010,Berlin-ef4a,4,26,Normal
2026-02-15 00:02:10.519010,Berlin-ef4a,17,76,Normal
2026-02-15 00:02:11.519010,Berlin-ef4a,31,45,Normal
2026-02-15 00:02:12.519010,Berlin-ef4a,-11,56,Normal
2026-02-15 00:02:13.519010,Berlin-ef4a,48,45,Normal
2026-02-15 00:02:14.519010,Berlin-ef4a,-7,36,Normal
2026-02-15 00:02:15.519010,Berlin-ef4a,16,87,Normal
2026-02-15 00:02:16.519010,Berlin-ef4a,45,50,Normal
2026-02-15 00:02:17.519010,Berlin-ef4a,50,65,Normal
2026-02-15 00:02:18.519010,Berlin-ef4a,29,15,Normal
2026-02-15 00:02:19.519010,Berlin-ef4a,-17,7,Normal
2026-02-15 00:02:20.519010,Berlin-ef4a,-14,20,Normal
2026-02-15 00:02:21.519010,Berlin-ef4a,-19,5,Normal
2026-02-15 00:02:22.519010,Berlin-ef4a,-18,30,Normal
2026-02-15 00:02:23.519010,Berlin-ef4a,50,31,Normal
2026-02-15 00:02:24.519010,Berlin-ef4a,-20,37,Normal
2026-02-15 00:02:25.519010,Berlin-ef4a,24,14,Normal
2026-02-15 00:02:26.519010,Berlin-ef4a,12,32,Normal
2026-02-15 00:02:27.519010,Berlin-ef4a,44,78,Normal
2026-02-15 00:02:28.519010,Berlin-ef4a,18,84,Normal
2026-02-15 00:02:29.519010,Berlin-ef4a,-27,88,Normal
2026-02-15 00:02:30.519010,Berlin-ef4a,3,12,Normal
2026-02-15 00:02:31.519010,Berlin-ef4a,41,9,Normal
2026-02-15 00:02:32.519010,Berlin-ef4a,22,52,Normal
2026-02-15 00:02:33.519010,Berlin-ef4a,7,38,Normal
2026-02-15 00:02:34.519010,Berlin-ef4a,47,60,Normal
2026-02-15 00:02:35.519010,Berlin-ef4a,15,30,Normal
2026-02-15 00:02:36.519010,Berlin-ef4a,-23,27,Normal
2026-02-15 00:02:37.519010,Berlin-ef4a,-9,17,Normal
2026-02-15 00:02:38.519010,Berlin-ef4a,21,55,Normal
2026-02-15 00:02:39.519010,Berlin-ef4a,28,51,Normal
2026-02-15 00:02:40.519010,Berlin-ef4a,20,63,Normal
2026-02-15 00:02:41.519010,Berlin-ef4a,29,58,Normal
2026-02-15 00:02:42.519010,Berlin-ef4a,-23,32,Normal
2026-02-15 00:02:43.519010,Berlin-ef4a,17,80,Normal
2026-02-15 00:02:44.519010,Berlin-ef4a,-21,88,Normal
2026-02-15 00:02:45.519010,Berlin-ef4a,33,33,Normal
2026-02-15 00:02:46.519010,Berlin-ef4a,-23,62,Normal
2026-02-15 00:02:47.519010,Berlin-ef4a,9,82,Normal
2026-02-15 00:02:48.519010,Berlin-ef4a,37,33,Normal
2026-02-15 00:02:49.519010,Berlin-ef4a,36,87,Normal
2026-02-15 00:02:50.519010,Berlin-ef4a,17,42,Normal
2026-02-15 00:02:51.519010,Berlin-ef4a,-15,87,Normal
2026-02-15 00:02:52.519010,Berlin-ef4a,33,17,Normal
2026-02-15 00:02:53.519010,Berlin-ef4a,42,95,Normal
2026-02-15 00:02:54.519010,Berlin-ef4a,-24,58,Normal
2026-02-15 00:02:55.519010,Berlin-ef4a,-15,66,Normal
2026-02-15 00:02:56.519010,Berlin-ef4a,13,11,Normal
2026-02-15 00:02:57.519010,Berlin-ef4a,43,46,Normal
2026-02-15 00:02:58.519010,Berlin-ef4a,-26,72,Normal
2026-02-15 00:02:59.519010,Berlin-ef4a,29,81,Normal
2026-02-15 00:03:00.519010,Berlin-ef4a,46,16,Normal
2026-02-15 00:03:01.519010,Berlin-ef4a,44,80,Normal
2026-02-15 00:03:02.519010,Berlin-ef4a,-14,45,Normal
2026-02-15 00:03:03.519010,Berlin-ef4a,-6,70,Normal
2026-02-15 00:03:04.519010,Berlin-ef4a,-20,87,Normal
2026-02-15 00:03:05.519010,Berlin-ef4a,-22,45,Normal
2026-02-15 00:03:06.519010,Berlin-ef4a,-18,43,Normal
2026-02-15 00:03:07.519010,Berlin-ef4a,43,4,Normal
2026-02-15 00:03:08.519010,Berlin-ef4a,39,51,Normal
2026-02-15 00:03:09.519010,Berlin-ef4a,17,97,Normal
2026-02-15 00:03:10.519010,Berlin-ef4a,-24,18,Normal
2026-02-15 00:03:11.519010,Berlin-ef4a,-21,98,Normal
2026-02-15 00:03:12.519010,Berlin-ef4a,42,68,Normal
2026-02-15 00:03:13.519010,Berlin-ef4a,43,82,Normal
2026-02-15 00:03:14.519010,Berlin-ef4a,-15,27,Normal
2026-02-15 00:03:15.519010,Berlin-ef4a,18,39,Normal
2026-02-15 00:03:16.519010,Berlin-ef4a,1,91,Normal
2026-02-15 00:03:17.519010,Berlin-ef4a,31,62,Normal
2026-02-15 00:03:18.519010,Berlin-ef4a,11,20,Normal
2026-02-15 00:03:19.519010,Berlin-ef4a,-7,67,Normal
2026-02-15 00:03:20.519010,Berlin-ef4a,-22,32,Normal
2026-02-15 00:03:21.519010,Berlin-ef4a,16,13,Normal
2026-02-15 00:03:22.519010,Berlin-ef4a,-2,0,Normal
2026-02-15 00:03:23.519010,Berlin-ef4a,-3,7,Normal
2026-02-15 00:03:24.519010,Berlin-ef4a,-13,5,Normal
2026-02-15 00:03:25.519010,Berlin-ef4a,-17,42,Normal
2026-02-15 00:03:26.519010,Berlin-ef4a,30,54,Normal
2026-02-15 00:03:27.519010,Berlin-ef4a,-11,20,Normal
2026-02-15 00:03:28.519010,Berlin-ef4a,47,0,Normal
2026-02-15 00:03:29.519010,Berlin-ef4a,-29,16,Normal
2026-02-15 00:03:30.519010,Berlin-ef4a,-22,29,Normal
2026-02-15 00:03:31.519010,Berlin-ef4a,7,36,Normal
2026-02-15 00:03:32.519010,Berlin-ef4a,17,88,Normal
2026-02-15 00:03:33.519010,Berlin-ef4a,-29,74,Normal
2026-02-15 00:03:34.519010,Berlin-ef4a,-10,18,Normal
2026-02-15 00:03:35.519010,Berlin-ef4a,-8,45,Normal
2026-02-15 00:03:36.519010,Berlin-ef4a,35,22,Normal
2026-02-15 00:03:37.519010,Berlin-ef4a,30,42,Normal
2026-02-15 00:03:38.519010,Berlin-ef4a,10,60,Normal
2026-02-15 00:03:39.519010,Berlin-ef4a,-20,88,Normal
2026-02-15 00:03:40.519010,Berlin-ef4a,25,2,Normal
2026-02-15 00:03:41.519010,Berlin-ef4a,25,82,Normal
2026-02-15 00:03:42.519010,Berlin-ef4a,-5,80,Normal
2026-02-15 00:03:43.519010,Berlin-ef4a,39,26,Normal
2026-02-15 00:03:44.519010,Berlin-ef4a,35,52,Normal
2026-02-15 00:03:45.519010,Berlin-ef4a,-10,33,Normal
2026-02-15 00:03:46.519010,Berlin-ef4a,50,12,Normal
2026-02-15 00:03:47.519010,Berlin-ef4a,3,35,Normal
2026-02-15 00:03:48.519010,Berlin-ef4a,30,73,Normal
2026-02-15 00:03:49.519010,Berlin-ef4a,-17,50,Normal
2026-02-15 00:03:50.519010,Berlin-ef4a,24,45,Normal
2026-02-15 00:03:51.519010,Berlin-ef4a,30,85,Normal
2026-02-15 00:03:52.519010,Berlin-ef4a,-14,47,Normal
2026-02-15 00:03:53.519010,Berlin-ef4a,41,43,Normal
2026-02-15 00:03:54.519010,Berlin-ef4a,19,47,Normal
2026-02-15 00:03:55.519010,Berlin-ef4a,45,28,Normal
2026-02-15 00:03:56.519010,Berlin-ef4a,27,83,Normal
2026-02-15 00:03:57.519010,Berlin-ef4a,32,50,Normal
2026-02-15 00:03:58.519010,Berlin-ef4a,50,93,Normal
2026-02-15 00:03:59.519010,Berlin-ef4a,20,68,Normal
2026-02-15 00:04:00.519010,Berlin-ef4a,39,75,Normal
2026-02-15 00:04:01.519010,Berlin-ef4a,-20,25,Normal
2026-02-15 00:04:02.519010,Berlin-ef4a,44,29,Normal
2026-02-15 00:04:03.519010,Berlin-ef4a,-4,29,Normal
2026-02-15 00:04:04.519010,Berlin-ef4a,39,58,Normal
2026-02-15 00:04:05.519010,Berlin-ef4a,-13,54,Normal
2026-02-15 00:04:06.519010,Berlin-ef4a,23,59,Normal
2026-02-15 00:04:07.519010,Berlin-ef4a,27,37,Normal
2026-02-15 00:04:08.519010,Berlin-ef4a,27,81,Normal
2026-02-15 00:04:09.519010,Berlin-ef4a,25,36,Normal
2026-02-15 00:04:10.519010,Berlin-ef4a,46,81,Normal
2026-02-15 00:04:11.519010,Berlin-ef4a,0,1,Normal
2026-02-15 00:04:12.519010,Berlin-ef4a,-3,6,Normal
2026-02-15 00:04:13.519010,Berlin-ef4a,28,47,Normal
2026-02-15 00:04:14.519010,Berlin-ef4a,50,9,Normal
2026-02-15 00:04:15.519010,Berlin-ef4a,-10,74,Normal
2026-02-15 00:04:16.519010,Berlin-ef4a,7,85,Normal
2026-02-15 00:04:17.519010,Berlin-ef4a,-14,14,Normal
2026-02-15 00:04:18.519010,Berlin-ef4a,44,9,Normal
2026-02-15 00:04:19.519010,Berlin-ef4a,36,73,Normal
2026-02-15 00:04:20.519010,Berlin-ef4a,19,85,Normal
2026-02-15 00:04:21.519010,Berlin-ef4a,11,9,Normal
2026-02-15 00:04:22.519010,Berlin-ef4a,38,100,Normal
2026-02-15 00:04:23.519010,Berlin-ef4a,19,29,Normal
2026-02-15 00:04:24.519010,Berlin-ef4a,0,48,Normal
2026-02-15 00:04:25.519010,Berlin-ef4a,31,69,Normal
2026-02-15 00:04:26.519010,Berlin-ef4a,11,68,Normal
2026-02-15 00:04:27.519010,Berlin-ef4a,-19,5,Normal
2026-02-15 00:04:28.519010,Berlin-ef4a,44,16,Normal
2026-02-15 00:04:29.519010,Berlin-ef4a,32,8,Normal
2026-02-15 00:04:30.519010,Berlin-ef4a,10,37,Normal
2026-02-15 00:04:31.519010,Berlin-ef4a,47,50,Normal
2026-02-15 00:04:32.519010,Berlin-ef4a,12,52,Normal
2026-02-15 00:04:33.519010,Berlin-ef4a,-27,65,Normal
2026-02-15 00:04:34.519010,Berlin-ef4a,7,83,Normal
2026-02-15 00:04:35.519010,Berlin-ef4a,38,67,Normal
2026-02-15 00:04:36.519010,Berlin-ef4a,-21,42,Normal
2026-02-15 00:04:37.519010,Berlin-ef4a,26,85,Normal
2026-02-15 00:04:38.519010,Berlin-ef4a,23,31,Normal
2026-02-15 00:04:39.519010,Berlin-ef4a,22,29,Normal
2026-02-15 00:04:40.519010,Berlin-ef4a,7,36,Normal
2026-02-15 00:04:41.519010,Berlin-ef4a,46,2,Normal
2026-02-15 00:04:42.519010,Berlin-ef4a,41,58,Normal
2026-02-15 00:04:43.519010,Berlin-ef4a,31,43,Normal
2026-02-15 00:04:44.519010,Berlin-ef4a,-14,54,Normal
2026-02-15 00:04:45.519010,Berlin-ef4a,-26,27,Normal
2026-02-15 00:04:46.519010,Berlin-ef4a,9,88,Normal
2026-02-15 00:04:47.519010,Berlin-ef4a,11,22,Normal
2026-02-15 00:04:48.519010,Berlin-ef4a,-27,52,Normal
2026-02-15 00:04:49.519010,Berlin-ef4a,-19,50,Normal
2026-02-15 00:04:50.519010,Berlin-ef4a,-14,46,Normal
2026-02-15 00:04:51.519010,Berlin-ef4a,37,31,Normal
2026-02-15 00:04:52.519010,Berlin-ef4a,14,52,Normal
2026-02-15 00:04:53.519010,Berlin-ef4a,15,7,Normal
2026-02-15 00:04:54.519010,Berlin-ef4a,49,53,Normal
2026-02-15 00:04:55.519010,Berlin-ef4a,-15,46,Normal
2026-02-15 00:04:56.519010,Berlin-ef4a,-12,10,Normal
2026-02-15 00:04:57.519010,Berlin-ef4a,2,17,Normal
2026-02-15 00:04:58.519010,Berlin-ef4a,30,71,Normal
2026-02-15 00:04:59.519010,Berlin-ef4a,-3,65,Normal
2026-02-15 00:05:00.519010,Berlin-ef4a,22,58,Normal
2026-02-15 00:05:01.519010,Berlin-ef4a,50,48,Normal
2026-02-15 00:05:02.519010,Berlin-ef4a,34,38,Normal
2026-02-15 00:05:03.519010,Berlin-ef4a,13,77,Normal
2026-02-15 00:05:04.519010,Berlin-ef4a,-11,11,Normal
2026-02-15 00:05:05.519010,Berlin-ef4a,-23,100,Normal
2026-02-15 00:05:06.519010,Berlin-ef4a,11,8,Normal
2026-02-15 00:05:07.519010,Berlin-ef4a,-25,86,Normal
2026-02-15 00:05:08.519010,Berlin-ef4a,-17,50,Normal
2026-02-15 00:05:09.519010,Berlin-ef4a,49,19,Normal
2026-02-15 00:05:10.519010,Berlin-ef4a,16,89,Normal
2026-02-15 00:05:11.519010,Berlin-ef4a,-7,52,Normal
2026-02-15 00:05:12.519010,Berlin-ef4a,13,60,Normal
2026-02-15 00:05:13.519010,Berlin-ef4a,32,80,Normal
2026-02-15 00:05:14.519010,Berlin-ef4a,-24,54,Normal
2026-02-15 00:05:15.519010,Berlin-ef4a,17,13,Normal
2026-02-15 00:05:16.519010,Berlin-ef4a,3,4,Normal
2026-02-15 00:05:17.519010,Berlin-ef4a,-2,80,Normal
2026-02-15 00:05:18.519010,Berlin-ef4a,5,89,Normal
2026-02-15 00:05:19.519010,Berlin-ef4a,34,68,Normal
2026-02-15 00:05:20.519010,Berlin-ef4a,40,12,Normal
2026-02-15 00:05:21.519010,Berlin-ef4a,33,34,Normal
2026-02-15 00:05:22.519010,Berlin-ef4a,36,64,Normal
2026-02-15 00:05:23.519010,Berlin-ef4a,-9,42,Normal
2026-02-15 00:05:24.519010,Berlin-ef4a,26,2,Normal
2026-02-15 00:05:25.519010,Berlin-ef4a,-26,53,Normal
2026-02-15 00:05:26.519010,Berlin-ef4a,19,25,Normal
2026-02-15 00:05:27.519010,Berlin-ef4a,23,80,Normal
2026-02-15 00:05:28.519010,Berlin-ef4a,8,97,Normal
2026-02-15 00:05:29.519010,Berlin-ef4a,49,56,Normal
2026-02-15 00:05:30.519010,Berlin-ef4a,33,99,Normal
2026-02-15 00:05:31.519010,Berlin-ef4a,18,22,Normal
2026-02-15 00:05:32.519010,Berlin-ef4a,-27,34,Normal
2026-02-15 00:05:33.519010,Berlin-ef4a,34,84,Normal
2026-02-15 00:05:34.519010,Berlin-ef4a,26,21,Normal
2026-02-15 00:05:35.519010,Berlin-ef4a,-9,53,Normal
2026-02-15 00:05:36.519010,Berlin-ef4a,49,21,Normal
2026-02-15 00:05:37.519010,Berlin-ef4a,40,44,Normal
2026-02-15 00:05:38.519010,Berlin-ef4a,3,63,Normal
2026-02-15 00:05:39.519010,Berlin-ef4a,-29,46,Normal
2026-02-15 00:05:40.519010,Berlin-ef4a,-17,36,Normal
2026-02-15 00:05:41.519010,Berlin-ef4a,22,31,Normal
2026-02-15 00:05:42.519010,Berlin-ef4a,-9,60,Normal
2026-02-15 00:05:43.519010,Berlin-ef4a,19,76,Normal
2026-02-15 00:05:44.519010,Berlin-ef4a,-20,17,Normal
2026-02-15 00:05:45.519010,Berlin-ef4a,47,50,Normal
2026-02-15 00:05:46.519010,Berlin-ef4a,11,94,Normal
2026-02-15 00:05:47.519010,Berlin-ef4a,11,67,Normal
2026-02-15 00:05:48.519010,Berlin-ef4a,-21,70,Normal
2026-02-15 00:05:49.519010,Berlin-ef4a,14,21,Normal
2026-02-15 00:05:50.519010,Berlin-ef4a,-9,22,Normal
2026-02-15 00:05:51.519010,Berlin-ef4a,42,0,Normal
2026-02-15 00:05:52.519010,Berlin-ef4a,41,34,Normal
2026-02-15 00:05:53.519010,Berlin-ef4a,48,63,Normal
2026-02-15 00:05:54.519010,Berlin-ef4a,-5,86,Normal
2026-02-15 00:05:55.519010,Berlin-ef4a,28,28,Normal
2026-02-15 00:05:56.519010,Berlin-ef4a,-29,53,Normal
2026-02-15 00:05:57.519010,Berlin-ef4a,11,36,Normal
2026-02-15 00:05:58.519010,Berlin-ef4a,-30,84,Normal
2026-02-15 00:05:59.519010,Berlin-ef4a,43,35,Normal
2026-02-15 00:06:00.519010,Berlin-ef4a,27,94,Normal
2026-02-15 00:06:01.519010,Berlin-ef4a,14,25,Normal
2026-02-15 00:06:02.519010,Berlin-ef4a,-9,4,Normal
2026-02-15 00:06:03.519010,Berlin-ef4a,-29,97,Normal
2026-02-15 00:06:04.519010,Berlin-ef4a,29,69,Normal
2026-02-15 00:06:05.519010,Berlin-ef4a,48,62,Normal
2026-02-15 00:06:06.519010,Berlin-ef4a,39,1,Normal
2026-02-15 00:06:07.519010,Berlin-ef4a,18,35,Normal
2026-02-15 00:06:08.519010,Berlin-ef4a,46,68,Normal
2026-02-15 00:06:09.519010,Berlin-ef4a,9,45,Normal
2026-02-15 00:06:10.519010,Berlin-ef4a,-28,56,Normal
2026-02-15 00:06:11.519010,Berlin-ef4a,31,24,Normal
2026-02-15 00:06:12.519010,Berlin-ef4a,40,37,Normal
2026-02-15 00:06:13.519010,Berlin-ef4a,28,42,Normal
2026-02-15 00:06:14.519010,Berlin-ef4a,11,55,Normal
2026-02-15 00:06:15.519010,Berlin-ef4a,23,84,Normal
2026-02-15 00:06:16.519010,Berlin-ef4a,-20,31,Normal
2026-02-15 00:06:17.519010,Berlin-ef4a,-20,57,Normal
2026-02-15 00:06:18.519010,Berlin-ef4a,-28,49,Normal
2026-02-15 00:06:19.519010,Berlin-ef4a,-20,54,Normal
2026-02-15 00:06:20.519010,Berlin-ef4a,4,54,Normal
2026-02-15 00:06:21.519010,Berlin-ef4a,-16,34,Normal
2026-02-15 00:06:22.519010,Berlin-ef4a,-26,92,Normal
2026-02-15 00:06:23.519010,Berlin-ef4a,-5,17,Normal
2026-02-15 00:06:24.519010,Berlin-ef4a,32,27,Normal
2026-02-15 00:06:25.519010,Berlin-ef4a,20,74,Normal
2026-02-15 00:06:26.519010,Berlin-ef4a,43,56,Normal
2026-02-15 00:06:27.519010,Berlin-ef4a,49,55,Normal
2026-02-15 00:06:28.519010,Berlin-ef4a,-27,75,Normal
2026-02-15 00:06:29.519010,Berlin-ef4a,1,24,Normal
2026-02-15 00:06:30.519010,Berlin-ef4a,-5,27,Normal
2026-02-15 00:06:31.519010,Berlin-ef4a,-9,38,Normal
2026-02-15 00:06:32.519010,Berlin-ef4a,-6,11,Normal
2026-02-15 00:06:33.519010,Berlin-ef4a,-8,28,Normal
2026-02-15 00:06:34.519010,Berlin-ef4a,4,51,Normal
2026-02-15 00:06:35.519010,Berlin-ef4a,47,24,Normal
2026-02-15 00:06:36.519010,Berlin-ef4a,24,82,Normal
2026-02-15 00:06:37.519010,Berlin-ef4a,26,57,Normal
2026-02-15 00:06:38.519010,Berlin-ef4a,0,31,Normal
2026-02-15 00:06:39.519010,Berlin-ef4a,-26,24,Normal
2026-02-15 00:06:40.519010,Berlin-ef4a,-25,69,Normal
2026-02-15 00:06:41.519010,Berlin-ef4a,18,3,Normal
2026-02-15 00:06:42.519010,Berlin-ef4a,-29,29,Normal
2026-02-15 00:06:43.519010,Berlin-ef4a,-20,38,Normal
2026-02-15 00:06:44.519010,Berlin-ef4a,-30,77,Normal
2026-02-15 00:06:45.519010,Berlin-ef4a,-24,74,Normal
2026-02-15 00:06:46.519010,Berlin-ef4a,-1,84,Normal
2026-02-15 00:06:47.519010,Berlin-ef4a,48,58,Normal
2026-02-15 00:06:48.519010,Berlin-ef4a,10,94,Normal
2026-02-15 00:06:49.519010,Berlin-ef4a,33,41,Normal
2026-02-15 00:06:50.519010,Berlin-ef4a,-3,23,Normal
2026-02-15 00:06:51.519010,Berlin-ef4a,6,28,Normal
2026-02-15 00:06:52.519010,Berlin-ef4a,7,55,Normal
2026-02-15 00:06:53.519010,Berlin-ef4a,-28,43,Normal
2026-02-15 00:06:54.519010,Berlin-ef4a,39,19,Normal
2026-02-15 00:06:55.519010,Berlin-ef4a,32,14,Normal
2026-02-15 00:06:56.519010,Berlin-ef4a,1,51,Normal
2026-02-15 00:06:57.519010,Berlin-ef4a,49,48,Normal
2026-02-15 00:06:58.519010,Berlin-ef4a,8,53,Normal
2026-02-15 00:06:59.519010,Berlin-ef4a,-12,90,Normal
2026-02-15 00:07:00.519010,Berlin-ef4a,7,0,Normal
2026-02-15 00:07:01.519010,Berlin-ef4a,13,73,Normal
2026-02-15 00:07:02.519010,Berlin-ef4a,13,63,Normal
2026-02-15 00:07:03.519010,Berlin-ef4a,7,44,Normal
2026-02-15 00:07:04.519010,Berlin-ef4a,48,10,Normal
2026-02-15 00:07:05.519010,Berlin-ef4a,-25,19,Normal
2026-02-15 00:07:06.519010,Berlin-ef4a,21,47,Normal
2026-02-15 00:07:07.519010,Berlin-ef4a,-10,52,Normal
2026-02-15 00:07:08.519010,Berlin-ef4a,-15,19,Normal
2026-02-15 00:07:09.519010,Berlin-ef4a,46,44,Normal
2026-02-15 00:07:10.519010,Berlin-ef4a,20,22,Normal
2026-02-15 00:07:11.519010,Berlin-ef4a,37,0,Normal
2026-02-15 00:07:12.519010,Berlin-ef4a,-4,8,Normal
2026-02-15 00:07:13.519010,Berlin-ef4a,39,1,Normal
2026-02-15 00:07:14.519010,Berlin-ef4a,-8,83,Normal
2026-02-15 00:07:15.519010,Berlin-ef4a,-18,77,Normal
2026-02-15 00:07:16.519010,Berlin-ef4a,30,45,Normal
2026-02-15 00:07:17.519010,Berlin-ef4a,23,70,Normal
2026-02-15 00:07:18.519010,Berlin-ef4a,1,18,Normal
2026-02-15 00:07:19.519010,Berlin-ef4a,19,63,Normal
2026-02-15 00:07:20.519010,Berlin-ef4a,-2,7,Normal
2026-02-15 00:07:21.519010,Berlin-ef4a,-23,51,Normal
2026-02-15 00:07:22.519010,Berlin-ef4a,-18,3,Normal
2026-02-15 00:07:23.519010,Berlin-ef4a,-15,68,Normal
2026-02-15 00:07:24.519010,Berlin-ef4a,38,75,Normal
2026-02-15 00:07:25.519010,Berlin-ef4a,-10,34,Normal
2026-02-15 00:07:26.519010,Berlin-ef4a,-20,81,Normal
2026-02-15 00:07:27.519010,Berlin-ef4a,44,70,Normal
2026-02-15 00:07:28.519010,Berlin-ef4a,37,7,Normal
2026-02-15 00:07:29.519010,Berlin-ef4a,-22,43,Normal
2026-02-15 00:07:30.519010,Berlin-ef4a,-11,62,Normal
2026-02-15 00:07:31.519010,Berlin-ef4a,-21,12,Normal
2026-02-15 00:07:32.519010,Berlin-ef4a,-3,60,Normal
2026-02-15 00:07:33.519010,Berlin-ef4a,-19,8,Normal
2026-02-15 00:07:34.519010,Berlin-ef4a,-2,68,Normal
2026-02-15 00:07:35.519010,Berlin-ef4a,13,59,Normal
2026-02-15 00:07:36.519010,Berlin-ef4a,42,71,Normal
2026-02-15 00:07:37.519010,Berlin-ef4a,26,42,Normal
2026-02-15 00:07:38.519010,Berlin-ef4a,46,77,Normal
2026-02-15 00:07:39.519010,Berlin-ef4a,26,99,Normal
2026-02-15 00:07:40.519010,Berlin-ef4a,-7,74,Normal
2026-02-15 00:07:41.519010,Berlin-ef4a,18,78,Normal
2026-02-15 00:07:42.519010,Berlin-ef4a,46,79,Normal
2026-02-15 00:07:43.519010,Berlin-ef4a,1,6,Normal
2026-02-15 00:07:44.519010,Berlin-ef4a,26,31,Normal
2026-02-15 00:07:45.519010,Berlin-ef4a,4,62,Normal
2026-02-15 00:07:46.519010,Berlin-ef4a,-10,59,Normal
2026-02-15 00:07:47.519010,Berlin-ef4a,-19,71,Normal
2026-02-15 00:07:48.519010,Berlin-ef4a,-1,9,Normal
2026-02-15 00:07:49.519010,Berlin-ef4a,10,4,Normal
2026-02-15 00:07:50.519010,Berlin-ef4a,18,76,Normal
2026-02-15 00:07:51.519010,Berlin-ef4a,-29,13,Normal
2026-02-15 00:07:52.519010,Berlin-ef4a,35,97,Normal
2026-02-15 00:07:53.519010,Berlin-ef4a,28,96,Normal
2026-02-15 00:07:54.519010,Berlin-ef4a,6,86,Normal
2026-02-15 00:07:55.519010,Berlin-ef4a,-8,12,Normal
2026-02-15 00:07:56.519010,Berlin-ef4a,50,44,Normal
2026-02-15 00:07:57.519010,Berlin-ef4a,48,94,Normal
2026-02-15 00:07:58.519010,Berlin-ef4a,7,84,Normal
2026-02-15 00:07:59.519010,Berlin-ef4a,19,27,Normal
2026-02-15 00:08:00.519010,Berlin-ef4a,1,95,Normal
2026-02-15 00:08:01.519010,Berlin-ef4a,16,11,Normal
2026-02-15 00:08:02.519010,Berlin-ef4a,27,10,Normal
2026-02-15 00:08:03.519010,Berlin-ef4a,-8,25,Normal
2026-02-15 00:08:04.519010,Berlin-ef4a,9,39,Normal
2026-02-15 00:08:05.519010,Berlin-ef4a,17,2,Normal
2026-02-15 00:08:06.519010,Berlin-ef4a,-14,63,Normal
2026-02-15 00:08:07.519010,Berlin-ef4a,22,35,Normal
2026-02-15 00:08:08.519010,Berlin-ef4a,46,21,Normal
2026-02-15 00:08:09.519010,Berlin-ef4a,12,81,Normal
2026-02-15 00:08:10.519010,Berlin-ef4a,40,66,Normal
2026-02-15 00:08:11.519010,Berlin-ef4a,-23,96,Normal
2026-02-15 00:08:12.519010,Berlin-ef4a,41,88,Normal
2026-02-15 00:08:13.519010,Berlin-ef4a,33,56,Normal
2026-02-15 00:08:14.519010,Berlin-ef4a,32,46,Normal
2026-02-15 00:08:15.519010,Berlin-ef4a,-1,95,Normal
2026-02-15 00:08:16.519010,Berlin-ef4a,46,34,Normal
2026-02-15 00:08:17.519010,Berlin-ef4a,-17,76,Normal
2026-02-15 00:08:18.519010,Berlin-ef4a,-29,37,Normal
2026-02-15 00:08:19.519010,Berlin-ef4a,-6,54,Normal
2026-02-15 00:08:20.519010,Berlin-ef4a,47,56,Normal
2026-02-15 00:08:21.519010,Berlin-ef4a,39,40,Normal
2026-02-15 00:08:22.519010,Berlin-ef4a,2,8,Normal
2026-02-15 00:08:23.519010,Berlin-ef4a,37,5,Normal
2026-02-15 00:08:24.519010,Berlin-ef4a,0,26,Normal
2026-02-15 00:08:25.519010,Berlin-ef4a,14,51,Normal
2026-02-15 00:08:26.519010,Berlin-ef4a,23,33,Normal
2026-02-15 00:08:27.519010,Berlin-ef4a,-5,72,Normal
2026-02-15 00:08:28.519010,Berlin-ef4a,6,32,Normal
2026-02-15 00:08:29.519010,Berlin-ef4a,-15,51,Normal
2026-02-15 00:08:30.519010,Berlin-ef4a,32,56,Normal
2026-02-15 00:08:31.519010,Berlin-ef4a,16,57,Normal
2026-02-15 00:08:32.519010,Berlin-ef4a,7,71,Normal
2026-02-15 00:08:33.519010,Berlin-ef4a,14,100,Normal
2026-02-15 00:08:34.519010,Berlin-ef4a,-22,37,Normal
2026-02-15 00:08:35.519010,Berlin-ef4a,-21,34,Normal
2026-02-15 00:08:36.519010,Berlin-ef4a,33,85,Normal
2026-02-15 00:08:37.519010,Berlin-ef4a,-9,47,Normal
2026-02-15 00:08:38.519010,Berlin-ef4a,-6,6,Normal
2026-02-15 00:08:39.519010,Berlin-ef4a,30,100,Normal
2026-02-15 00:08:40.519010,Berlin-ef4a,-12,56,Normal
2026-02-15 00:08:41.519010,Berlin-ef4a,-11,54,Normal
2026-02-15 00:08:42.519010,Berlin-ef4a,-15,37,Normal
2026-02-15 00:08:43.519010,Berlin-ef4a,19,38,Normal
2026-02-15 00:08:44.519010,Berlin-ef4a,8,24,Normal
2026-02-15 00:08:45.519010,Berlin-ef4a,13,53,Normal
2026-02-15 00:08:46.519010,Berlin-ef4a,-4,92,Normal
2026-02-15 00:08:47.519010,Berlin-ef4a,7,25,Normal
2026-02-15 00:08:48.519010,Berlin-ef4a,43,8,Normal
2026-02-15 00:08:49.519010,Berlin-ef4a,3,96,Normal
2026-02-15 00:08:50.519010,Berlin-ef4a,33,94,Normal
2026-02-15 00:08:51.519010,Berlin-ef4a,37,7,Normal
2026-02-15 00:08:52.519010,Berlin-ef4a,-17,31,Normal
2026-02-15 00:08:53.519010,Berlin-ef4a,50,99,Normal
2026-02-15 00:08:54.519010,Berlin-ef4a,14,30,Normal
2026-02-15 00:08:55.519010,Berlin-ef4a,-10,55,Normal
2026-02-15 00:08:56.519010,Berlin-ef4a,36,79,Normal
2026-02-15 00:08:57.519010,Berlin-ef4a,8,24,Normal
2026-02-15 00:08:58.519010,Berlin-ef4a,34,92,Normal
2026-02-15 00:08:59.519010,Berlin-ef4a,15,28,Normal
2026-02-15 00:09:00.519010,Berlin-ef4a,-16,95,Normal
2026-02-15 00:09:01.519010,Berlin-ef4a,-18,47,Normal
2026-02-15 00:09:02.519010,Berlin-ef4a,15,72,Normal
2026-02-15 00:09:03.519010,Berlin-ef4a,1,36,Normal
2026-02-15 00:09:04.519010,Berlin-ef4a,31,40,Normal
2026-02-15 00:09:05.519010,Berlin-ef4a,45,29,Normal
2026-02-15 00:09:06.519010,Berlin-ef4a,12,81,Normal
2026-02-15 00:09:07.519010,Berlin-ef4a,-27,67,Normal
2026-02-15 00:09:08.519010,Berlin-ef4a,-20,22,Normal
2026-02-15 00:09:09.519010,Berlin-ef4a,2,93,Normal
2026-02-15 00:09:10.519010,Berlin-ef4a,-20,85,Normal
2026-02-15 00:09:11.519010,Berlin-ef4a,-25,38,Normal
2026-02-15 00:09:12.519010,Berlin-ef4a,-28,78,Normal
2026-02-15 00:09:13.519010,Berlin-ef4a,13,76,Normal
2026-02-15 00:09:14.519010,Berlin-ef4a,13,40,Normal
2026-02-15 00:09:15.519010,Berlin-ef4a,10,72,Normal
2026-02-15 00:09:16.519010,Berlin-ef4a,45,45,Normal
2026-02-15 00:09:17.519010,Berlin-ef4a,-5,10,Normal
2026-02-15 00:09:18.519010,Berlin-ef4a,-23,46,Normal
2026-02-15 00:09:19.519010,Berlin-ef4a,-8,14,Normal
2026-02-15 00:09:20.519010,Berlin-ef4a,-5,94,Normal
2026-02-15 00:09:21.519010,Berlin-ef4a,-11,52,Normal
2026-02-15 00:09:22.519010,Berlin-ef4a,-24,34,Normal
2026-02-15 00:09:23.519010,Berlin-ef4a,3,86,Normal
2026-02-15 00:09:24.519010,Berlin-ef4a,6,0,Normal
2026-02-15 00:09:25.519010,Berlin-ef4a,31,20,Normal
2026-02-15 00:09:26.519010,Berlin-ef4a,-9,87,Normal
2026-02-15 00:09:27.519010,Berlin-ef4a,-16,34,Normal
2026-02-15 00:09:28.519010,Berlin-ef4a,-17,18,Normal
2026-02-15 00:09:29.519010,Berlin-ef4a,32,96,Normal
2026-02-15 00:09:30.519010,Berlin-ef4a,16,78,Normal
2026-02-15 00:09:31.519010,Berlin-ef4a,46,43,Normal
2026-02-15 00:09:32.519010,Berlin-ef4a,-15,6,Normal
2026-02-15 00:09:33.519010,Berlin-ef4a,-12,15,Normal
2026-02-15 00:09:34.519010,Berlin-ef4a,-24,49,Normal
2026-02-15 00:09:35.519010,Berlin-ef4a,20,36,Normal
2026-02-15 00:09:36.519010,Berlin-ef4a,-20,84,Normal
2026-02-15 00:09:37.519010,Berlin-ef4a,-8,100,Normal
2026-02-15 00:09:38.519010,Berlin-ef4a,9,21,Normal
2026-02-15 00:09:39.519010,Berlin-ef4a,-12,89,Normal
2026-02-15 00:09:40.519010,Berlin-ef4a,-11,38,Normal
2026-02-15 00:09:41.519010,Berlin-ef4a,13,78,Normal
2026-02-15 00:09:42.519010,Berlin-ef4a,-22,92,Normal
2026-02-15 00:09:43.519010,Berlin-ef4a,47,19,Normal
2026-02-15 00:09:44.519010,Berlin-ef4a,1,21,Normal
2026-02-15 00:09:45.519010,Berlin-ef4a,25,30,Normal
2026-02-15 00:09:46.519010,Berlin-ef4a,42,31,Normal
2026-02-15 00:09:47.519010,Berlin-ef4a,31,11,Normal
2026-02-15 00:09:48.519010,Berlin-ef4a,18,22,Normal
2026-02-15 00:09:49.519010,Berlin-ef4a,49,12,Normal
2026-02-15 00:09:50.519010,Berlin-ef4a,22,17,Normal
2026-02-15 00:09:51.519010,Berlin-ef4a,-8,58,Normal
2026-02-15 00:09:52.519010,Berlin-ef4a,4,8,Normal
2026-02-15 00:09:53.519010,Berlin-ef4a,-21,12,Normal
2026-02-15 00:09:54.519010,Berlin-ef4a,50,67,Normal
2026-02-15 00:09:55.519010,Berlin-ef4a,-8,2,Normal
2026-02-15 00:09:56.519010,Berlin-ef4a,24,39,Normal
2026-02-15 00:09:57.519010,Berlin-ef4a,6,89,Normal
2026-02-15 00:09:58.519010,Berlin-ef4a,19,46,Normal
2026-02-15 00:09:59.519010,Berlin-ef4a,-26,69,Normal
2026-02-15 00:10:00.519010,Berlin-ef4a,-10,91,Normal
2026-02-15 00:10:01.519010,Berlin-ef4a,-4,64,Normal
2026-02-15 00:10:02.519010,Berlin-ef4a,-19,71,Normal
2026-02-15 00:10:03.519010,Berlin-ef4a,13,30,Normal
2026-02-15 00:10:04.519010,Berlin-ef4a,1,68,Normal
2026-02-15 00:10:05.519010,Berlin-ef4a,35,7,Normal
2026-02-15 00:10:06.519010,Berlin-ef4a,7,99,Normal
2026-02-15 00:10:07.519010,Berlin-ef4a,45,78,Normal
2026-02-15 00:10:08.519010,Berlin-ef4a,33,5,Normal
2026-02-15 00:10:09.519010,Berlin-ef4a,46,62,Normal
2026-02-15 00:10:10.519010,Berlin-ef4a,46,24,Normal
2026-02-15 00:10:11.519010,Berlin-ef4a,7,74,Normal
2026-02-15 00:10:12.519010,Berlin-ef4a,11,1,Normal
2026-02-15 00:10:13.519010,Berlin-ef4a,13,10,Normal
2026-02-15 00:10:14.519010,Berlin-ef4a,23,85,Normal
2026-02-15 00:10:15.519010,Berlin-ef4a,-29,20,Normal
2026-02-15 00:10:16.519010,Berlin-ef4a,-4,94,Normal
2026-02-15 00:10:17.519010,Berlin-ef4a,32,23,Normal
2026-02-15 00:10:18.519010,Berlin-ef4a,33,56,Normal
2026-02-15 00:10:19.519010,Berlin-ef4a,-23,58,Normal
2026-02-15 00:10:20.519010,Berlin-ef4a,-9,74,Normal
2026-02-15 00:10:21.519010,Berlin-ef4a,7,72,Normal
2026-02-15 00:10:22.519010,Berlin-ef4a,0,22,Normal
2026-02-15 00:10:23.519010,Berlin-ef4a,-1,57,Normal
2026-02-15 00:10:24.519010,Berlin-ef4a,27,43,Normal
2026-02-15 00:10:25.519010,Berlin-ef4a,30,49,Normal
2026-02-15 00:10:26.519010,Berlin-ef4a,49,93,Normal
2026-02-15 00:10:27.519010,Berlin-ef4a,-22,87,Normal
2026-02-15 00:10:28.519010,Berlin-ef4a,-12,6,Normal
2026-02-15 00:10:29.519010,Berlin-ef4a,-25,33,Normal
2026-02-15 00:10:30.519010,Berlin-ef4a,-2,82,Normal
2026-02-15 00:10:31.519010,Berlin-ef4a,35,6,Normal
2026-02-15 00:10:32.519010,Berlin-ef4a,27,1,Normal
2026-02-15 00:10:33.519010,Berlin-ef4a,-4,85,Normal
2026-02-15 00:10:34.519010,Berlin-ef4a,49,48,Normal
2026-02-15 00:10:35.519010,Berlin-ef4a,17,94,Normal
2026-02-15 00:10:36.519010,Berlin-ef4a,-3,94,Normal
2026-02-15 00:10:37.519010,Berlin-ef4a,4,49,Normal
2026-02-15 00:10:38.519010,Berlin-ef4a,-21,70,Normal
2026-02-15 00:10:39.519010,Berlin-ef4a,-30,17,Normal
2026-02-15 00:10:40.519010,Berlin-ef4a,16,82,Normal
2026-02-15 00:10:41.519010,Berlin-ef4a,26,63,Normal
2026-02-15 00:10:42.519010,Berlin-ef4a,21,18,Normal
2026-02-15 00:10:43.519010,Berlin-ef4a,-27,44,Normal
2026-02-15 00:10:44.519010,Berlin-ef4a,18,50,Normal
2026-02-15 00:10:45.519010,Berlin-ef4a,-10,18,Normal
2026-02-15 00:10:46.519010,Berlin-ef4a,45,88,Normal
2026-02-15 00:10:47.519010,Berlin-ef4a,27,30,Normal
2026-02-15 00:10:48.519010,Berlin-ef4a,-3,27,Normal
2026-02-15 00:10:49.519010,Berlin-ef4a,-6,83,Normal
2026-02-15 00:10:50.519010,Berlin-ef4a,45,59,Normal
2026-02-15 00:10:51.519010,Berlin-ef4a,-14,76,Normal
2026-02-15 00:10:52.519010,Berlin-ef4a,-16,84,Normal
2026-02-15 00:10:53.519010,Berlin-ef4a,-18,16,Normal
2026-02-15 00:10:54.519010,Berlin-ef4a,-24,21,Normal
2026-02-15 00:10:55.519010,Berlin-ef4a,-30,48,Normal
2026-02-15 00:10:56.519010,Berlin-ef4a,40,55,Normal
2026-02-15 00:10:57.519010,Berlin-ef4a,44,83,Normal
2026-02-15 00:10:58.519010,Berlin-ef4a,-6,66,Normal
2026-02-15 00:10:59.519010,Berlin-ef4a,-10,18,Normal
2026-02-15 00:11:00.519010,Berlin-ef4a,17,47,Normal
2026-02-15 00:11:01.519010,Berlin-ef4a,27,6,Normal
2026-02-15 00:11:02.519010,Berlin-ef4a,-15,94,Normal
2026-02-15 00:11:03.519010,Berlin-ef4a,16,37,Normal
2026-02-15 00:11:04.519010,Berlin-ef4a,-29,27,Normal
2026-02-15 00:11:05.519010,Berlin-ef4a,25,18,Normal
2026-02-15 00:11:06.519010,Berlin-ef4a,-13,87,Normal
2026-02-15 00:11:07.519010,Berlin-ef4a,1,50,Normal
2026-02-15 00:11:08.519010,Berlin-ef4a,-15,39,Normal
2026-02-15 00:11:09.519010,Berlin-ef4a,-28,22,Normal
2026-02-15 00:11:10.519010,Berlin-ef4a,12,25,Normal
2026-02-15 00:11:11.519010,Berlin-ef4a,0,21,Normal
2026-02-15 00:11:12.519010,Berlin-ef4a,48,77,Normal
2026-02-15 00:11:13.519010,Berlin-ef4a,44,25,Normal
2026-02-15 00:11:14.519010,Berlin-ef4a,0,98,Normal
2026-02-15 00:11:15.519010,Berlin-ef4a,-14,42,Normal
2026-02-15 00:11:16.519010,Berlin-ef4a,41,89,Normal
2026-02-15 00:11:17.519010,Berlin-ef4a,46,61,Normal
2026-02-15 00:11:18.519010,Berlin-ef4a,42,70,Normal
2026-02-15 00:11:19.519010,Berlin-ef4a,23,64,Normal
2026-02-15 00:11:20.519010,Berlin-ef4a,40,57,Normal
2026-02-15 00:11:21.519010,Berlin-ef4a,33,95,Normal
2026-02-15 00:11:22.519010,Berlin-ef4a,-30,46,Normal
2026-02-15 00:11:23.519010,Berlin-ef4a,-28,71,Normal
2026-02-15 00:11:24.519010,Berlin-ef4a,-20,22,Normal
2026-02-15 00:11:25.519010,Berlin-ef4a,-20,50,Normal
2026-02-15 00:11:26.519010,Berlin-ef4a,20,79,Normal
2026-02-15 00:11:27.519010,Berlin-ef4a,-14,8,Normal
2026-02-15 00:11:28.519010,Berlin-ef4a,-21,4,Normal
2026-02-15 00:11:29.519010,Berlin-ef4a,26,84,Normal
2026-02-15 00:11:30.519010,Berlin-ef4a,39,13,Normal
2026-02-15 00:11:31.519010,Berlin-ef4a,-25,25,Normal
2026-02-15 00:11:32.519010,Berlin-ef4a,26,90,Normal
2026-02-15 00:11:33.519010,Berlin-ef4a,1,95,Normal
2026-02-15 00:11:34.519010,Berlin-ef4a,18,4,Normal
2026-02-15 00:11:35.519010,Berlin-ef4a,4,20,Normal
2026-02-15 00:11:36.519010,Berlin-ef4a,32,12,Normal
2026-02-15 00:11:37.519010,Berlin-ef4a,-21,55,Normal
2026-02-15 00:11:38.519010,Berlin-ef4a,40,11,Normal
2026-02-15 00:11:39.519010,Berlin-ef4a,50,90,Normal
2026-02-15 00:11:40.519010,Berlin-ef4a,40,81,Normal
2026-02-15 00:11:41.519010,Berlin-ef4a,-2,31,Normal
2026-02-15 00:11:42.519010,Berlin-ef4a,0,85,Normal
2026-02-15 00:11:43.519010,Berlin-ef4a,17,27,Normal
2026-02-15 00:11:44.519010,Berlin-ef4a,-7,1,Normal
2026-02-15 00:11:45.519010,Berlin-ef4a,-13,10,Normal
2026-02-15 00:11:46.519010,Berlin-ef4a,26,57,Normal
2026-02-15 00:11:47.519010,Berlin-ef4a,-6,92,Normal
2026-02-15 00:11:48.519010,Berlin-ef4a,44,89,Normal
2026-02-15 00:11:49.519010,Berlin-ef4a,43,73,Normal
2026-02-15 00:11:50.519010,Berlin-ef4a,13,5,Normal
2026-02-15 00:11:51.519010,Berlin-ef4a,-16,76,Normal
2026-02-15 00:11:52.519010,Berlin-ef4a,-5,95,Normal
2026-02-15 00:11:53.519010,Berlin-ef4a,-26,66,Normal
2026-02-15 00:11:54.519010,Berlin-ef4a,-11,95,Normal
2026-02-15 00:11:55.519010,Berlin-ef4a,9,37,Normal
2026-02-15 00:11:56.519010,Berlin-ef4a,-25,49,Normal
2026-02-15 00:11:57.519010,Berlin-ef4a,34,66,Normal
2026-02-15 00:11:58.519010,Berlin-ef4a,-4,74,Normal
2026-02-15 00:11:59.519010,Berlin-ef4a,26,84,Normal
2026-02-15 00:12:00.519010,Berlin-ef4a,31,94,Normal
2026-02-15 00:12:01.519010,Berlin-ef4a,40,53,Normal
2026-02-15 00:12:02.519010,Berlin-ef4a,-7,26,Normal
2026-02-15 00:12:03.519010,Berlin-ef4a,-19,18,Normal
2026-02-15 00:12:04.519010,Berlin-ef4a,-11,25,Normal
2026-02-15 00:12:05.519010,Berlin-ef4a,-2,22,Normal
2026-02-15 00:12:06.519010,Berlin-ef4a,6,61,Normal
2026-02-15 00:12:07.519010,Berlin-ef4a,8,69,Normal
2026-02-15 00:12:08.519010,Berlin-ef4a,34,48,Normal
2026-02-15 00:12:09.519010,Berlin-ef4a,39,50,Normal
2026-02-15 00:12:10.519010,Berlin-ef4a,2,22,Normal
2026-02-15 00:12:11.519010,Berlin-ef4a,-12,46,Normal
2026-02-15 00:12:12.519010,Berlin-ef4a,14,69,Normal
2026-02-15 00:12:13.519010,Berlin-ef4a,35,21,Normal
2026-02-15 00:12:14.519010,Berlin-ef4a,19,67,Normal
2026-02-15 00:12:15.519010,Berlin-ef4a,43,23,Normal
2026-02-15 00:12:16.519010,Berlin-ef4a,24,66,Normal
2026-02-15 00:12:17.519010,Berlin-ef4a,37,52,Normal
2026-02-15 00:12:18.519010,Berlin-ef4a,19,83,Normal
2026-02-15 00:12:19.519010,Berlin-ef4a,1,80,Normal
2026-02-15 00:12:20.519010,Berlin-ef4a,-27,18,Normal
2026-02-15 00:12:21.519010,Berlin-ef4a,19,16,Normal
2026-02-15 00:12:22.519010,Berlin-ef4a,49,45,Normal
2026-02-15 00:12:23.519010,Berlin-ef4a,0,97,Normal
2026-02-15 00:12:24.519010,Berlin-ef4a,7,23,Normal
2026-02-15 00:12:25.519010,Berlin-ef4a,28,99,Normal
2026-02-15 00:12:26.519010,Berlin-ef4a,40,40,Normal
2026-02-15 00:12:27.519010,Berlin-ef4a,-12,48,Normal
2026-02-15 00:12:28.519010,Berlin-ef4a,36,73,Normal
2026-02-15 00:12:29.519010,Berlin-ef4a,-4,95,Normal
2026-02-15 00:12:30.519010,Berlin-ef4a,-15,30,Normal
2026-02-15 00:12:31.519010,Berlin-ef4a,8,53,Normal
2026-02-15 00:12:32.519010,Berlin-ef4a,18,1,Normal
2026-02-15 00:12:33.519010,Berlin-ef4a,34,95,Normal
2026-02-15 00:12:34.519010,Berlin-ef4a,-9,9,Normal
2026-02-15 00:12:35.519010,Berlin-ef4a,18,68,Normal
2026-02-15 00:12:36.519010,Berlin-ef4a,29,27,Normal
2026-02-15 00:12:37.519010,Berlin-ef4a,14,46,Normal
2026-02-15 00:12:38.519010,Berlin-ef4a,-5,44,Normal
2026-02-15 00:12:39.519010,Berlin-ef4a,27,47,Normal
2026-02-15 00:12:40.519010,Berlin-ef4a,6,81,Normal
2026-02-15 00:12:41.519010,Berlin-ef4a,1,94,Normal
2026-02-15 00:12:42.519010,Berlin-ef4a,-2,17,Normal
2026-02-15 00:12:43.519010,Berlin-ef4a,20,59,Normal
2026-02-15 00:12:44.519010,Berlin-ef4a,26,60,Normal
2026-02-15 00:12:45.519010,Berlin-ef4a,-5,40,Normal
2026-02-15 00:12:46.519010,Berlin-ef4a,1,58,Normal
2026-02-15 00:12:47.519010,Berlin-ef4a,17,55,Normal
2026-02-15 00:12:48.519010,Berlin-ef4a,-15,31,Normal
2026-02-15 00:12:49.519010,Berlin-ef4a,-20,46,Normal
2026-02-15 00:12:50.519010,Berlin-ef4a,-3,21,Normal
2026-02-15 00:12:51.519010,Berlin-ef4a,28,33,Normal
2026-02-15 00:12:52.519010,Berlin-ef4a,38,70,Normal
2026-02-15 00:12:53.519010,Berlin-ef4a,24,4,Normal
2026-02-15 00:12:54.519010,Berlin-ef4a,4,55,Normal
2026-02-15 00:12:55.519010,Berlin-ef4a,37,26,Normal
2026-02-15 00:12:56.519010,Berlin-ef4a,24,37,Normal
2026-02-15 00:12:57.519010,Berlin-ef4a,16,15,Normal
2026-02-15 00:12:58.519010,Berlin-ef4a,-28,36,Normal
2026-02-15 00:12:59.519010,Berlin-ef4a,28,67,Normal
2026-02-15 00:13:00.519010,Berlin-ef4a,-2,39,Normal
2026-02-15 00:13:01.519010,Berlin-ef4a,38,57,Normal
2026-02-15 00:13:02.519010,Berlin-ef4a,-7,11,Normal
2026-02-15 00:13:03.519010,Berlin-ef4a,43,68,Normal
2026-02-15 00:13:04.519010,Berlin-ef4a,34,11,Normal
2026-02-15 00:13:05.519010,Berlin-ef4a,-11,86,Normal
2026-02-15 00:13:06.519010,Berlin-ef4a,-20,60,Normal
2026-02-15 00:13:07.519010,Berlin-ef4a,-27,61,Normal
2026-02-15 00:13:08.519010,Berlin-ef4a,24,31,Normal
2026-02-15 00:13:09.519010,Berlin-ef4a,15,59,Normal
2026-02-15 00:13:10.519010,Berlin-ef4a,-3,34,Normal
2026-02-15 00:13:11.519010,Berlin-ef4a,50,99,Normal
2026-02-15 00:13:12.519010,Berlin-ef4a,-9,65,Normal
2026-02-15 00:13:13.519010,Berlin-ef4a,47,81,Normal
2026-02-15 00:13:14.519010,Berlin-ef4a,-21,17,Normal
2026-02-15 00:13:15.519010,Berlin-ef4a,22,25,Normal
2026-02-15 00:13:16.519010,Berlin-ef4a,31,51,Normal
2026-02-15 00:13:17.519010,Berlin-ef4a,-25,30,Normal
2026-02-15 00:13:18.519010,Berlin-ef4a,3,86,Normal
2026-02-15 00:13:19.519010,Berlin-ef4a,27,15,Normal
2026-02-15 00:13:20.519010,Berlin-ef4a,-1,52,Normal
2026-02-15 00:13:21.519010,Berlin-ef4a,47,60,Normal
2026-02-15 00:13:22.519010,Berlin-ef4a,33,10,Normal
2026-02-15 00:13:23.519010,Berlin-ef4a,11,7,Normal
2026-02-15 00:13:24.519010,Berlin-ef4a,45,77,Normal
2026-02-15 00:13:25.519010,Berlin-ef4a,21,88,Normal
2026-02-15 00:13:26.519010,Berlin-ef4a,32,65,Normal
2026-02-15 00:13:27.519010,Berlin-ef4a,12,16,Normal
2026-02-15 00:13:28.519010,Berlin-ef4a,45,83,Normal
2026-02-15 00:13:29.519010,Berlin-ef4a,19,38,Normal
2026-02-15 00:13:30.519010,Berlin-ef4a,19,86,Normal
2026-02-15 00:13:31.519010,Berlin-ef4a,13,54,Normal
2026-02-15 00:13:32.519010,Berlin-ef4a,-10,85,Normal
2026-02-15 00:13:33.519010,Berlin-ef4a,-26,50,Normal
2026-02-15 00:13:34.519010,Berlin-ef4a,45,92,Normal
2026-02-15 00:13:35.519010,Berlin-ef4a,6,31,Normal
2026-02-15 00:13:36.519010,Berlin-ef4a,3,39,Normal
2026-02-15 00:13:37.519010,Berlin-ef4a,19,17,Normal
2026-02-15 00:13:38.519010,Berlin-ef4a,-3,10,Normal
2026-02-15 00:13:39.519010,Berlin-ef4a,-1,8,Normal
2026-02-15 00:13:40.519010,Berlin-ef4a,37,55,Normal
2026-02-15 00:13:41.519010,Berlin-ef4a,-29,37,Normal
2026-02-15 00:13:42.519010,Berlin-ef4a,-22,42,Normal
2026-02-15 00:13:43.519010,Berlin-ef4a,-25,71,Normal
2026-02-15 00:13:44.519010,Berlin-ef4a,-19,10,Normal
2026-02-15 00:13:45.519010,Berlin-ef4a,-11,82,Normal
2026-02-15 00:13:46.519010,Berlin-ef4a,23,19,Normal
2026-02-15 00:13:47.519010,Berlin-ef4a,43,51,Normal
2026-02-15 00:13:48.519010,Berlin-ef4a,-8,45,Normal
2026-02-15 00:13:49.519010,Berlin-ef4a,15,16,Normal
2026-02-15 00:13:50.519010,Berlin-ef4a,13,93,Normal
2026-02-15 00:13:51.519010,Berlin-ef4a,35,76,Normal
2026-02-15 00:13:52.519010,Berlin-ef4a,-16,9,Normal
2026-02-15 00:13:53.519010,Berlin-ef4a,34,20,Normal
2026-02-15 00:13:54.519010,Berlin-ef4a,-11,58,Normal
2026-02-15 00:13:55.519010,Berlin-ef4a,-13,7,Normal
2026-02-15 00:13:56.519010,Berlin-ef4a,-24,18,Normal
2026-02-15 00:13:57.519010,Berlin-ef4a,-22,60,Normal
2026-02-15 00:13:58.519010,Berlin-ef4a,-14,11,Normal
2026-02-15 00:13:59.519010,Berlin-ef4a,1,20,Normal
2026-02-15 00:14:00.519010,Berlin-ef4a,12,74,Normal
2026-02-15 00:14:01.519010,Berlin-ef4a,-30,87,Normal
2026-02-15 00:14:02.519010,Berlin-ef4a,33,97,Normal
2026-02-15 00:14:03.519010,Berlin-ef4a,0,97,Normal
2026-02-15 00:14:04.519010,Berlin-ef4a,49,59,Normal
2026-02-15 00:14:05.519010,Berlin-ef4a,38,51,Normal
2026-02-15 00:14:06.519010,Berlin-ef4a,-23,58,Normal
2026-02-15 00:14:07.519010,Berlin-ef4a,15,70,Normal
2026-02-15 00:14:08.519010,Berlin-ef4a,21,88,Normal
2026-02-15 00:14:09.519010,Berlin-ef4a,26,22,Normal
2026-02-15 00:14:10.519010,Berlin-ef4a,-23,61,Normal
2026-02-15 00:14:11.519010,Berlin-ef4a,39,64,Normal
2026-02-15 00:14:12.519010,Berlin-ef4a,-13,73,Normal
2026-02-15 00:14:13.519010,Berlin-ef4a,-19,64,Normal
2026-02-15 00:14:14.519010,Berlin-ef4a,-26,2,Normal
2026-02-15 00:14:15.519010,Berlin-ef4a,13,93,Normal
2026-02-15 00:14:16.519010,Berlin-ef4a,-18,80,Normal
2026-02-15 00:14:17.519010,Berlin-ef4a,49,56,Normal
2026-02-15 00:14:18.519010,Berlin-ef4a,-26,76,Normal
2026-02-15 00:14:19.519010,Berlin-ef4a,34,73,Normal
2026-02-15 00:14:20.519010,Berlin-ef4a,34,63,Normal
2026-02-15 00:14:21.519010,Berlin-ef4a,13,47,Normal
2026-02-15 00:14:22.519010,Berlin-ef4a,-15,91,Normal
2026-02-15 00:14:23.519010,Berlin-ef4a,29,2,Normal
2026-02-15 00:14:24.519010,Berlin-ef4a,25,93,Normal
2026-02-15 00:14:25.519010,Berlin-ef4a,33,57,Normal
2026-02-15 00:14:26.519010,Berlin-ef4a,29,76,Normal
2026-02-15 00:14:27.519010,Berlin-ef4a,1,78,Normal
2026-02-15 00:14:28.519010,Berlin-ef4a,-17,64,Normal
2026-02-15 00:14:29.519010,Berlin-ef4a,34,29,Normal
2026-02-15 00:14:30.519010,Berlin-ef4a,27,68,Normal
2026-02-15 00:14:31.519010,Berlin-ef4a,-9,10,Normal
2026-02-15 00:14:32.519010,Berlin-ef4a,-7,11,Normal
2026-02-15 00:14:33.519010,Berlin-ef4a,15,34,Normal
2026-02-15 00:14:34.519010,Berlin-ef4a,48,78,Normal
2026-02-15 00:14:35.519010,Berlin-ef4a,-6,2,Normal
2026-02-15 00:14:36.519010,Berlin-ef4a,28,33,Normal
2026-02-15 00:14:37.519010,Berlin-ef4a,18,76,Normal
2026-02-15 00:14:38.519010,Berlin-ef4a,12,87,Normal
2026-02-15 00:14:39.519010,Berlin-ef4a,8,35,Normal
2026-02-15 00:14:40.519010,Berlin-ef4a,-25,9,Normal
2026-02-15 00:14:41.519010,Berlin-ef4a,11,38,Normal
2026-02-15 00:14:42.519010,Berlin-ef4a,-17,7,Normal
2026-02-15 00:14:43.519010,Berlin-ef4a,-7,34,Normal
2026-02-15 00:14:44.519010,Berlin-ef4a,-20,93,Normal
2026-02-15 00:14:45.519010,Berlin-ef4a,47,78,Normal
2026-02-15 00:14:46.519010,Berlin-ef4a,-18,2,Normal
2026-02-15 00:14:47.519010,Berlin-ef4a,27,19,Normal
2026-02-15 00:14:48.519010,Berlin-ef4a,15,20,Normal
2026-02-15 00:14:49.519010,Berlin-ef4a,1,85,Normal
2026-02-15 00:14:50.519010,Berlin-ef4a,-11,54,Normal
2026-02-15 00:14:51.519010,Berlin-ef4a,40,71,Normal
2026-02-15 00:14:52.519010,Berlin-ef4a,-3,93,Normal
2026-02-15 00:14:53.519010,Berlin-ef4a,8,45,Normal
2026-02-15 00:14:54.519010,Berlin-ef4a,39,11,Normal
2026-02-15 00:14:55.519010,Berlin-ef4a,-2,48,Normal
2026-02-15 00:14:56.519010,Berlin-ef4a,-21,95,Normal
2026-02-15 00:14:57.519010,Berlin-ef4a,47,24,Normal
2026-02-15 00:14:58.519010,Berlin-ef4a,-14,52,Normal
2026-02-15 00:14:59.519010,Berlin-ef4a,-16,55,Normal
2026-02-15 00:15:00.519010,Berlin-ef4a,13,23,Normal
2026-02-15 00:15:01.519010,Berlin-ef4a,25,35,Normal
2026-02-15 00:15:02.519010,Berlin-ef4a,43,55,Normal
2026-02-15 00:15:03.519010,Berlin-ef4a,19,82,Normal
2026-02-15 00:15:04.519010,Berlin-ef4a,-8,62,Normal
2026-02-15 00:15:05.519010,Berlin-ef4a,43,91,Normal
2026-02-15 00:15:06.519010,Berlin-ef4a,6,95,Normal
2026-02-15 00:15:07.519010,Berlin-ef4a,-3,7,Normal
2026-02-15 00:15:08.519010,Berlin-ef4a,5,57,Normal
2026-02-15 00:15:09.519010,Berlin-ef4a,44,89,Normal
2026-02-15 00:15:10.519010,Berlin-ef4a,-16,84,Normal
2026-02-15 00:15:11.519010,Berlin-ef4a,29,51,Normal
2026-02-15 00:15:12.519010,Berlin-ef4a,18,17,Normal
2026-02-15 00:15:13.519010,Berlin-ef4a,41,79,Normal
2026-02-15 00:15:14.519010,Berlin-ef4a,36,73,Normal
2026-02-15 00:15:15.519010,Berlin-ef4a,29,39,Normal
2026-02-15 00:15:16.519010,Berlin-ef4a,-7,49,Normal
2026-02-15 00:15:17.519010,Berlin-ef4a,45,29,Normal
2026-02-15 00:15:18.519010,Berlin-ef4a,-8,5,Normal
2026-02-15 00:15:19.519010,Berlin-ef4a,6,23,Normal
2026-02-15 00:15:20.519010,Berlin-ef4a,-19,89,Normal
2026-02-15 00:15:21.519010,Berlin-ef4a,-10,90,Normal
2026-02-15 00:15:22.519010,Berlin-ef4a,-17,74,Normal
2026-02-15 00:15:23.519010,Berlin-ef4a,18,54,Normal
2026-02-15 00:15:24.519010,Berlin-ef4a,-7,28,Normal
2026-02-15 00:15:25.519010,Berlin-ef4a,48,45,Normal
2026-02-15 00:15:26.519010,Berlin-ef4a,48,74,Normal
2026-02-15 00:15:27.519010,Berlin-ef4a,-3,18,Normal
2026-02-15 00:15:28.519010,Berlin-ef4a,32,1,Normal
2026-02-15 00:15:29.519010,Berlin-ef4a,2,63,Normal
2026-02-15 00:15:30.519010,Berlin-ef4a,-11,56,Normal
2026-02-15 00:15:31.519010,Berlin-ef4a,45,50,Normal
2026-02-15 00:15:32.519010,Berlin-ef4a,0,91,Normal
2026-02-15 00:15:33.519010,Berlin-ef4a,-1,89,Normal
2026-02-15 00:15:34.519010,Berlin-ef4a,22,40,Normal
2026-02-15 00:15:35.519010,Berlin-ef4a,3,84,Normal
2026-02-15 00:15:36.519010,Berlin-ef4a,10,51,Normal
2026-02-15 00:15:37.519010,Berlin-ef4a,-10,83,Normal
2026-02-15 00:15:38.519010,Berlin-ef4a,-26,84,Normal
2026-02-15 00:15:39.519010,Berlin-ef4a,20,85,Normal
2026-02-15 00:15:40.519010,Berlin-ef4a,20,51,Normal
2026-02-15 00:15:41.519010,Berlin-ef4a,-3,4,Normal
2026-02-15 00:15:42.519010,Berlin-ef4a,34,41,Normal
2026-02-15 00:15:43.519010,Berlin-ef4a,35,34,Normal
2026-02-15 00:15:44.519010,Berlin-ef4a,-24,82,Normal
2026-02-15 00:15:45.519010,Berlin-ef4a,39,61,Normal
2026-02-15 00:15:46.519010,Berlin-ef4a,47,40,Normal
2026-02-15 00:15:47.519010,Berlin-ef4a,-4,5,Normal
2026-02-15 00:15:48.519010,Berlin-ef4a,-9,80,Normal
2026-02-15 00:15:49.519010,Berlin-ef4a,28,10,Normal
2026-02-15 00:15:50.519010,Berlin-ef4a,8,98,Normal
2026-02-15 00:15:51.519010,Berlin-ef4a,39,28,Normal
2026-02-15 00:15:52.519010,Berlin-ef4a,31,73,Normal
2026-02-15 00:15:53.519010,Berlin-ef4a,32,35,Normal
2026-02-15 00:15:54.519010,Berlin-ef4a,-23,77,Normal
2026-02-15 00:15:55.519010,Berlin-ef4a,-4,26,Normal
2026-02-15 00:15:56.519010,Berlin-ef4a,-7,74,Normal
2026-02-15 00:15:57.519010,Berlin-ef4a,28,46,Normal
2026-02-15 00:15:58.519010,Berlin-ef4a,7,28,Normal
2026-02-15 00:15:59.519010,Berlin-ef4a,6,54,Normal
2026-02-15 00:16:00.519010,Berlin-ef4a,-21,44,Normal
2026-02-15 00:16:01.519010,Berlin-ef4a,-24,21,Normal
2026-02-15 00:16:02.519010,Berlin-ef4a,15,22,Normal
2026-02-15 00:16:03.519010,Berlin-ef4a,33,68,Normal
2026-02-15 00:16:04.519010,Berlin-ef4a,3,23,Normal
2026-02-15 00:16:05.519010,Berlin-ef4a,-18,49,Normal
2026-02-15 00:16:06.519010,Berlin-ef4a,48,64,Normal
2026-02-15 00:16:07.519010,Berlin-ef4a,15,11,Normal
2026-02-15 00:16:08.519010,Berlin-ef4a,8,78,Normal
2026-02-15 00:16:09.519010,Berlin-ef4a,-4,27,Normal
2026-02-15 00:16:10.519010,Berlin-ef4a,32,13,Normal
2026-02-15 00:16:11.519010,Berlin-ef4a,42,24,Normal
2026-02-15 00:16:12.519010,Berlin-ef4a,-22,78,Normal
2026-02-15 00:16:13.519010,Berlin-ef4a,27,1,Normal
2026-02-15 00:16:14.519010,Berlin-ef4a,30,83,Normal
2026-02-15 00:16:15.519010,Berlin-ef4a,-8,68,Normal
2026-02-15 00:16:16.519010,Berlin-ef4a,23,86,Normal
2026-02-15 00:16:17.519010,Berlin-ef4a,-19,66,Normal
2026-02-15 00:16:18.519010,Berlin-ef4a,32,82,Normal
2026-02-15 00:16:19.519010,Berlin-ef4a,46,79,Normal
2026-02-15 00:16:20.519010,Berlin-ef4a,-28,1,Normal
2026-02-15 00:16:21.519010,Berlin-ef4a,-9,35,Normal
2026-02-15 00:16:22.519010,Berlin-ef4a,3,92,Normal
2026-02-15 00:16:23.519010,Berlin-ef4a,1,88,Normal
2026-02-15 00:16:24.519010,Berlin-ef4a,10,14,Normal
2026-02-15 00:16:25.519010,Berlin-ef4a,22,60,Normal
2026-02-15 00:16:26.519010,Berlin-ef4a,40,36,Normal
2026-02-15 00:16:27.519010,Berlin-ef4a,3,65,Normal
2026-02-15 00:16:28.519010,Berlin-ef4a,8,40,Normal
2026-02-15 00:16:29.519010,Berlin-ef4a,13,16,Normal
2026-02-15 00:16:30.519010,Berlin-ef4a,-22,30,Normal
2026-02-15 00:16:31.519010,Berlin-ef4a,43,54,Normal
2026-02-15 00:16:32.519010,Berlin-ef4a,28,1,Normal
2026-02-15 00:16:33.519010,Berlin-ef4a,10,4,Normal
2026-02-15 00:16:34.519010,Berlin-ef4a,39,90,Normal
2026-02-15 00:16:35.519010,Berlin-ef4a,42,6,Normal
2026-02-15 00:16:36.519010,Berlin-ef4a,31,7,Normal
2026-02-15 00:16:37.519010,Berlin-ef4a,26,47,Normal
2026-02-15 00:16:38.519010,Berlin-ef4a,33,74,Normal
2026-02-15 00:16:39.519010,Berlin-ef4a,45,87,Normal
2026-02-15 00:16:40.519010,Berlin-ef4a,29,89,Normal
2026-02-15 00:16:41.519010,Berlin-ef4a,33,25,Normal
2026-02-15 00:16:42.519010,Berlin-ef4a,20,20,Normal
2026-02-15 00:16:43.519010,Berlin-ef4a,27,40,Normal
2026-02-15 00:16:44.519010,Berlin-ef4a,-29,58,Normal
2026-02-15 00:16:45.519010,Berlin-ef4a,33,99,Normal
2026-02-15 00:16:46.519010,Berlin-ef4a,1,16,Normal
2026-02-15 00:16:47.519010,Berlin-ef4a,-11,49,Normal
2026-02-15 00:16:48.519010,Berlin-ef4a,13,71,Normal
2026-02-15 00:16:49.519010,Berlin-ef4a,5,83,Normal
2026-02-15 00:16:50.519010,Berlin-ef4a,27,4,Normal
2026-02-15 00:16:51.519010,Berlin-ef4a,-22,60,Normal
2026-02-15 00:16:52.519010,Berlin-ef4a,50,80,Normal
2026-02-15 00:16:53.519010,Berlin-ef4a,23,37,Normal
2026-02-15 00:16:54.519010,Berlin-ef4a,-7,59,Normal
2026-02-15 00:16:55.519010,Berlin-ef4a,-25,34,Normal
2026-02-15 00:16:56.519010,Berlin-ef4a,19,82,Normal
2026-02-15 00:16:57.519010,Berlin-ef4a,27,96,Normal
2026-02-15 00:16:58.519010,Berlin-ef4a,-21,40,Normal
2026-02-15 00:16:59.519010,Berlin-ef4a,49,2,Normal
2026-02-15 00:17:00.519010,Berlin-ef4a,-6,30,Normal
2026-02-15 00:17:01.519010,Berlin-ef4a,-21,69,Normal
2026-02-15 00:17:02.519010,Berlin-ef4a,50,19,Normal
2026-02-15 00:17:03.519010,Berlin-ef4a,28,18,Normal
2026-02-15 00:17:04.519010,Berlin-ef4a,50,38,Normal
2026-02-15 00:17:05.519010,Berlin-ef4a,6,13,Normal
2026-02-15 00:17:06.519010,Berlin-ef4a,-5,55,Normal
2026-02-15 00:17:07.519010,Berlin-ef4a,23,14,Normal
2026-02-15 00:17:08.519010,Berlin-ef4a,-24,86,Normal
2026-02-15 00:17:09.519010,Berlin-ef4a,40,8,Normal
2026-02-15 00:17:10.519010,Berlin-ef4a,12,45,Normal
2026-02-15 00:17:11.519010,Berlin-ef4a,12,75,Normal
2026-02-15 00:17:12.519010,Berlin-ef4a,36,78,Normal
2026-02-15 00:17:13.519010,Berlin-ef4a,38,79,Normal
2026-02-15 00:17:14.519010,Berlin-ef4a,-22,26,Normal
2026-02-15 00:17:15.519010,Berlin-ef4a,-4,4,Normal
2026-02-15 00:17:16.519010,Berlin-ef4a,32,9,Normal
2026-02-15 00:17:17.519010,Berlin-ef4a,19,49,Normal
2026-02-15 00:17:18.519010,Berlin-ef4a,-3,32,Normal
2026-02-15 00:17:19.519010,Berlin-ef4a,37,40,Normal
2026-02-15 00:17:20.519010,Berlin-ef4a,-22,53,Normal
2026-02-15 00:17:21.519010,Berlin-ef4a,28,83,Normal
2026-02-15 00:17:22.519010,Berlin-ef4a,-27,40,Normal
2026-02-15 00:17:23.519010,Berlin-ef4a,42,48,Normal
2026-02-15 00:17:24.519010,Berlin-ef4a,49,82,Normal
2026-02-15 00:17:25.519010,Berlin-ef4a,-17,65,Normal
2026-02-15 00:17:26.519010,Berlin-ef4a,-8,90,Normal
2026-02-15 00:17:27.519010,Berlin-ef4a,21,51,Normal
2026-02-15 00:17:28.519010,Berlin-ef4a,8,55,Normal
2026-02-15 00:17:29.519010,Berlin-ef4a,-22,80,Normal
2026-02-15 00:17:30.519010,Berlin-ef4a,-22,70,Normal
2026-02-15 00:17:31.519010,Berlin-ef4a,0,20,Normal
2026-02-15 00:17:32.519010,Berlin-ef4a,-11,58,Normal
2026-02-15 00:17:33.519010,Berlin-ef4a,5,95,Normal
2026-02-15 00:17:34.519010,Berlin-ef4a,12,25,Normal
2026-02-15 00:17:35.519010,Berlin-ef4a,21,15,Normal
2026-02-15 00:17:36.519010,Berlin-ef4a,19,75,Normal
2026-02-15 00:17:37.519010,Berlin-ef4a,33,76,Normal
2026-02-15 00:17:38.519010,Berlin-ef4a,-6,11,Normal
2026-02-15 00:17:39.519010,Berlin-ef4a,-28,21,Normal
2026-02-15 00:17:40.519010,Berlin-ef4a,-7,9,Normal
2026-02-15 00:17:41.519010,Berlin-ef4a,47,49,Normal
2026-02-15 00:17:42.519010,Berlin-ef4a,-29,97,Normal
2026-02-15 00:17:43.519010,Berlin-ef4a,43,62,Normal
2026-02-15 00:17:44.519010,Berlin-ef4a,-6,47,Normal
2026-02-15 00:17:45.519010,Berlin-ef4a,31,5,Normal
2026-02-15 00:17:46.519010,Berlin-ef4a,48,42,Normal
2026-02-15 00:17:47.519010,Berlin-ef4a,38,92,Normal
2026-02-15 00:17:48.519010,Berlin-ef4a,-14,19,Normal
2026-02-15 00:17:49.519010,Berlin-ef4a,-14,12,Normal
2026-02-15 00:17:50.519010,Berlin-ef4a,37,86,Normal
2026-02-15 00:17:51.519010,Berlin-ef4a,-3,0,Normal
2026-02-15 00:17:52.519010,Berlin-ef4a,-22,74,Normal
2026-02-15 00:17:53.519010,Berlin-ef4a,-8,7,Normal
2026-02-15 00:17:54.519010,Berlin-ef4a,20,38,Normal
2026-02-15 00:17:55.519010,Berlin-ef4a,0,18,Normal
2026-02-15 00:17:56.519010,Berlin-ef4a,-11,68,Normal
2026-02-15 00:17:57.519010,Berlin-ef4a,-19,15,Normal
2026-02-15 00:17:58.519010,Berlin-ef4a,35,32,Normal
2026-02-15 00:17:59.519010,Berlin-ef4a,10,18,Normal
2026-02-15 00:18:00.519010,Berlin-ef4a,-15,97,Normal
2026-02-15 00:18:01.519010,Berlin-ef4a,-24,57,Normal
2026-02-15 00:18:02.519010,Berlin-ef4a,15,96,Normal
2026-02-15 00:18:03.519010,Berlin-ef4a,-27,8,Normal
2026-02-15 00:18:04.519010,Berlin-ef4a,47,75,Normal
2026-02-15 00:18:05.519010,Berlin-ef4a,46,74,Normal
2026-02-15 00:18:06.519010,Berlin-ef4a,7,51,Normal
2026-02-15 00:18:07.519010,Berlin-ef4a,24,96,Normal
2026-02-15 00:18:08.519010,Berlin-ef4a,27,34,Normal
2026-02-15 00:18:09.519010,Berlin-ef4a,50,41,Normal
2026-02-15 00:18:10.519010,Berlin-ef4a,-1,83,Normal
2026-02-15 00:18:11.519010,Berlin-ef4a,-21,39,Normal
2026-02-15 00:18:12.519010,Berlin-ef4a,43,24,Normal
2026-02-15 00:18:13.519010,Berlin-ef4a,27,10,Normal
2026-02-15 00:18:14.519010,Berlin-ef4a,24,59,Normal
2026-02-15 00:18:15.519010,Berlin-ef4a,-10,35,Normal
2026-02-15 00:18:16.519010,Berlin-ef4a,5,91,Normal
2026-02-15 00:18:17.519010,Berlin-ef4a,17,89,Normal
2026-02-15 00:18:18.519010,Berlin-ef4a,46,58,Normal
2026-02-15 00:18:19.519010,Berlin-ef4a,26,54,Normal
2026-02-15 00:18:20.519010,Berlin-ef4a,48,24,Normal
2026-02-15 00:18:21.519010,Berlin-ef4a,47,59,Normal
2026-02-15 00:18:22.519010,Berlin-ef4a,8,2,Normal
2026-02-15 00:18:23.519010,Berlin-ef4a,26,5,Normal
2026-02-15 00:18:24.519010,Berlin-ef4a,15,82,Normal
2026-02-15 00:18:25.519010,Berlin-ef4a,-12,42,Normal
2026-02-15 00:18:26.519010,Berlin-ef4a,-8,62,Normal
2026-02-15 00:18:27.519010,Berlin-ef4a,-28,16,Normal
2026-02-15 00:18:28.519010,Berlin-ef4a,-28,35,Normal
2026-02-15 00:18:29.519010,Berlin-ef4a,32,82,Normal
2026-02-15 00:18:30.519010,Berlin-ef4a,-18,2,Normal
2026-02-15 00:18:31.519010,Berlin-ef4a,6,53,Normal
2026-02-15 00:18:32.519010,Berlin-ef4a,1,22,Normal
2026-02-15 00:18:33.519010,Berlin-ef4a,19,62,Normal
2026-02-15 00:18:34.519010,Berlin-ef4a,45,70,Normal
2026-02-15 00:18:35.519010,Berlin-ef4a,24,32,Normal
2026-02-15 00:18:36.519010,Berlin-ef4a,-11,92,Normal
2026-02-15 00:18:37.519010,Berlin-ef4a,45,39,Normal
2026-02-15 00:18:38.519010,Berlin-ef4a,-30,46,Normal
2026-02-15 00:18:39.519010,Berlin-ef4a,-14,69,Normal
2026-02-15 00:18:40.519010,Berlin-ef4a,36,57,Normal
2026-02-15 00:18:41.519010,Berlin-ef4a,41,18,Normal
2026-02-15 00:18:42.519010,Berlin-ef4a,-12,96,Normal
2026-02-15 00:18:43.519010,Berlin-ef4a,42,80,Normal
2026-02-15 00:18:44.519010,Berlin-ef4a,-28,66,Normal
2026-02-15 00:18:45.519010,Berlin-ef4a,3,33,Normal
2026-02-15 00:18:46.519010,Berlin-ef4a,18,86,Normal
2026-02-15 00:18:47.519010,Berlin-ef4a,-7,55,Normal
2026-02-15 00:18:48.519010,Berlin-ef4a,44,82,Normal
2026-02-15 00:18:49.519010,Berlin-ef4a,16,23,Normal
2026-02-15 00:18:50.519010,Berlin-ef4a,-28,68,Normal
2026-02-15 00:18:51.519010,Berlin-ef4a,2,21,Normal
2026-02-15 00:18:52.519010,Berlin-ef4a,-18,89,Normal
2026-02-15 00:18:53.519010,Berlin-ef4a,46,82,Normal
2026-02-15 00:18:54.519010,Berlin-ef4a,3,75,Normal
2026-02-15 00:18:55.519010,Berlin-ef4a,2,83,Normal
2026-02-15 00:18:56.519010,Berlin-ef4a,-27,46,Normal
2026-02-15 00:18:57.519010,Berlin-ef4a,-9,9,Normal
2026-02-15 00:18:58.519010,Berlin-ef4a,-18,89,Normal
2026-02-15 00:18:59.519010,Berlin-ef4a,32,71,Normal
2026-02-15 00:19:00.519010,Berlin-ef4a,-12,76,Normal
2026-02-15 00:19:01.519010,Berlin-ef4a,30,10,Normal
2026-02-15 00:19:02.519010,Berlin-ef4a,-17,66,Normal
2026-02-15 00:19:03.519010,Berlin-ef4a,-27,2,Normal
2026-02-15 00:19:04.519010,Berlin-ef4a,-17,52,Normal
2026-02-15 00:19:05.519010,Berlin-ef4a,33,97,Normal
2026-02-15 00:19:06.519010,Berlin-ef4a,24,36,Normal
2026-02-15 00:19:07.519010,Berlin-ef4a,49,32,Normal
2026-02-15 00:19:08.519010,Berlin-ef4a,23,50,Normal
2026-02-15 00:19:09.519010,Berlin-ef4a,-22,70,Normal
2026-02-15 00:19:10.519010,Berlin-ef4a,38,24,Normal
2026-02-15 00:19:11.519010,Berlin-ef4a,-3,75,Normal
2026-02-15 00:19:12.519010,Berlin-ef4a,12,56,Normal
2026-02-15 00:19:13.519010,Berlin-ef4a,-15,23,Normal
2026-02-15 00:19:14.519010,Berlin-ef4a,9,72,Normal
2026-02-15 00:19:15.519010,Berlin-ef4a,28,68,Normal
2026-02-15 00:19:16.519010,Berlin-ef4a,-15,56,Normal
2026-02-15 00:19:17.519010,Berlin-ef4a,36,85,Normal
2026-02-15 00:19:18.519010,Berlin-ef4a,11,22,Normal
2026-02-15 00:19:19.519010,Berlin-ef4a,49,33,Normal
2026-02-15 00:19:20.519010,Berlin-ef4a,15,42,Normal
2026-02-15 00:19:21.519010,Berlin-ef4a,48,92,Normal
2026-02-15 00:19:22.519010,Berlin-ef4a,8,64,Normal
2026-02-15 00:19:23.519010,Berlin-ef4a,26,10,Normal
2026-02-15 00:19:24.519010,Berlin-ef4a,0,11,Normal
2026-02-15 00:19:25.519010,Berlin-ef4a,35,42,Normal
2026-02-15 00:19:26.519010,Berlin-ef4a,-15,41,Normal
2026-02-15 00:19:27.519010,Berlin-ef4a,-30,80,Normal
2026-02-15 00:19:28.519010,Berlin-ef4a,-25,87,Normal
2026-02-15 00:19:29.519010,Berlin-ef4a,-15,7,Normal
2026-02-15 00:19:30.519010,Berlin-ef4a,1,21,Normal
2026-02-15 00:19:31.519010,Berlin-ef4a,0,82,Normal
2026-02-15 00:19:32.519010,Berlin-ef4a,42,13,Normal
2026-02-15 00:19:33.519010,Berlin-ef4a,18,27,Normal
2026-02-15 00:19:34.519010,Berlin-ef4a,-24,94,Normal
2026-02-15 00:19:35.519010,Berlin-ef4a,-26,6,Normal
2026-02-15 00:19:36.519010,Berlin-ef4a,38,61,Normal
2026-02-15 00:19:37.519010,Berlin-ef4a,44,24,Normal
2026-02-15 00:19:38.519010,Berlin-ef4a,3,74,Normal
2026-02-15 00:19:39.519010,Berlin-ef4a,24,2,Normal
2026-02-15 00:19:40.519010,Berlin-ef4a,-20,41,Normal
2026-02-15 00:19:41.519010,Berlin-ef4a,42,51,Normal
2026-02-15 00:19:42.519010,Berlin-ef4a,-25,64,Normal
2026-02-15 00:19:43.519010,Berlin-ef4a,13,58,Normal
2026-02-15 00:19:44.519010,Berlin-ef4a,-18,67,Normal
2026-02-15 00:19:45.519010,Berlin-ef4a,13,80,Normal
2026-02-15 00:19:46.519010,Berlin-ef4a,21,73,Normal
2026-02-15 00:19:47.519010,Berlin-ef4a,-13,2,Normal
2026-02-15 00:19:48.519010,Berlin-ef4a,-9,42,Normal
2026-02-15 00:19:49.519010,Berlin-ef4a,33,8,Normal
2026-02-15 00:19:50.519010,Berlin-ef4a,-19,28,Normal
2026-02-15 00:19:51.519010,Berlin-ef4a,2,41,Normal
2026-02-15 00:19:52.519010,Berlin-ef4a,26,34,Normal
2026-02-15 00:19:53.519010,Berlin-ef4a,31,87,Normal
2026-02-15 00:19:54.519010,Berlin-ef4a,47,70,Normal
2026-02-15 00:19:55.519010,Berlin-ef4a,6,83,Normal
2026-02-15 00:19:56.519010,Berlin-ef4a,30,61,Normal
2026-02-15 00:19:57.519010,Berlin-ef4a,-10,47,Normal
2026-02-15 00:19:58.519010,Berlin-ef4a,-12,21,Normal
2026-02-15 00:19:59.519010,Berlin-ef4a,40,24,Normal
2026-02-15 00:20:00.519010,Berlin-ef4a,31,8,Normal
2026-02-15 00:20:01.519010,Berlin-ef4a,3,44,Normal
2026-02-15 00:20:02.519010,Berlin-ef4a,-13,96,Normal
2026-02-15 00:20:03.519010,Berlin-ef4a,31,13,Normal
2026-02-15 00:20:04.519010,Berlin-ef4a,17,87,Normal
2026-02-15 00:20:05.519010,Berlin-ef4a,1,43,Normal
2026-02-15 00:20:06.519010,Berlin-ef4a,18,55,Normal
2026-02-15 00:20:07.519010,Berlin-ef4a,-16,60,Normal
2026-02-15 00:20:08.519010,Berlin-ef4a,-6,83,Normal
2026-02-15 00:20:09.519010,Berlin-ef4a,-8,94,Normal
2026-02-15 00:20:10.519010,Berlin-ef4a,-29,6,Normal
2026-02-15 00:20:11.519010,Berlin-ef4a,-19,70,Normal
2026-02-15 00:20:12.519010,Berlin-ef4a,-18,55,Normal
2026-02-15 00:20:13.519010,Berlin-ef4a,-26,27,Normal
2026-02-15 00:20:14.519010,Berlin-ef4a,-21,4,Normal
2026-02-15 00:20:15.519010,Berlin-ef4a,15,14,Normal
2026-02-15 00:20:16.519010,Berlin-ef4a,6,38,Normal
2026-02-15 00:20:17.519010,Berlin-ef4a,4,49,Normal
2026-02-15 00:20:18.519010,Berlin-ef4a,-26,16,Normal
2026-02-15 00:20:19.519010,Berlin-ef4a,19,90,Normal
2026-02-15 00:20:20.519010,Berlin-ef4a,6,28,Normal
2026-02-15 00:20:21.519010,Berlin-ef4a,23,50,Normal
2026-02-15 00:20:22.519010,Berlin-ef4a,-24,76,Normal
2026-02-15 00:20:23.519010,Berlin-ef4a,37,59,Normal
2026-02-15 00:20:24.519010,Berlin-ef4a,0,14,Normal
2026-02-15 00:20:25.519010,Berlin-ef4a,24,40,Normal
2026-02-15 00:20:26.519010,Berlin-ef4a,-1,68,Normal
2026-02-15 00:20:27.519010,Berlin-ef4a,-6,64,Normal
2026-02-15 00:20:28.519010,Berlin-ef4a,10,72,Normal
2026-02-15 00:20:29.519010,Berlin-ef4a,33,84,Normal
2026-02-15 00:20:30.519010,Berlin-ef4a,-1,8,Normal
2026-02-15 00:20:31.519010,Berlin-ef4a,8,97,Normal
2026-02-15 00:20:32.519010,Berlin-ef4a,20,48,Normal
2026-02-15 00:20:33.519010,Berlin-ef4a,4,95,Normal
2026-02-15 00:20:34.519010,Berlin-ef4a,12,69,Normal
2026-02-15 00:20:35.519010,Berlin-ef4a,-5,41,Normal
2026-02-15 00:20:36.519010,Berlin-ef4a,-25,9,Normal
2026-02-15 00:20:37.519010,Berlin-ef4a,27,26,Normal
2026-02-15 00:20:38.519010,Berlin-ef4a,28,76,Normal
2026-02-15 00:20:39.519010,Berlin-ef4a,46,58,Normal
2026-02-15 00:20:40.519010,Berlin-ef4a,19,30,Normal
2026-02-15 00:20:41.519010,Berlin-ef4a,-27,65,Normal
2026-02-15 00:20:42.519010,Berlin-ef4a,-21,40,Normal
2026-02-15 00:20:43.519010,Berlin-ef4a,42,91,Normal
2026-02-15 00:20:44.519010,Berlin-ef4a,16,63,Normal
2026-02-15 00:20:45.519010,Berlin-ef4a,17,55,Normal
2026-02-15 00:20:46.519010,Berlin-ef4a,27,52,Normal
2026-02-15 00:20:47.519010,Berlin-ef4a,-2,25,Normal
2026-02-15 00:20:48.519010,Berlin-ef4a,45,99,Normal
2026-02-15 00:20:49.519010,Berlin-ef4a,14,7,Normal
2026-02-15 00:20:50.519010,Berlin-ef4a,30,29,Normal
2026-02-15 00:20:51.519010,Berlin-ef4a,-18,90,Normal
2026-02-15 00:20:52.519010,Berlin-ef4a,-15,77,Normal
2026-02-15 00:20:53.519010,Berlin-ef4a,0,58,Normal
2026-02-15 00:20:54.519010,Berlin-ef4a,34,67,Normal
2026-02-15 00:20:55.519010,Berlin-ef4a,-12,66,Normal
2026-02-15 00:20:56.519010,Berlin-ef4a,28,17,Normal
2026-02-15 00:20:57.519010,Berlin-ef4a,3,90,Normal
2026-02-15 00:20:58.519010,Berlin-ef4a,-12,4,Normal
2026-02-15 00:20:59.519010,Berlin-ef4a,46,32,Normal
2026-02-15 00:21:00.519010,Berlin-ef4a,-11,75,Normal
2026-02-15 00:21:01.519010,Berlin-ef4a,-22,74,Normal
2026-02-15 00:21:02.519010,Berlin-ef4a,15,50,Normal
2026-02-15 00:21:03.519010,Berlin-ef4a,21,20,Normal
2026-02-15 00:21:04.519010,Berlin-ef4a,-4,44,Normal
2026-02-15 00:21:05.519010,Berlin-ef4a,29,58,Normal
2026-02-15 00:21:06.519010,Berlin-ef4a,27,52,Normal
2026-02-15 00:21:07.519010,Berlin-ef4a,-9,77,Normal
2026-02-15 00:21:08.519010,Berlin-ef4a,4,77,Normal
2026-02-15 00:21:09.519010,Berlin-ef4a,3,71,Normal
2026-02-15 00:21:10.519010,Berlin-ef4a,-5,65,Normal
2026-02-15 00:21:11.519010,Berlin-ef4a,-6,42,Normal
2026-02-15 00:21:12.519010,Berlin-ef4a,12,12,Normal
2026-02-15 00:21:13.519010,Berlin-ef4a,30,45,Normal
2026-02-15 00:21:14.519010,Berlin-ef4a,-17,88,Normal
2026-02-15 00:21:15.519010,Berlin-ef4a,4,25,Normal
2026-02-15 00:21:16.519010,Berlin-ef4a,-27,43,Normal
2026-02-15 00:21:17.519010,Berlin-ef4a,20,98,Normal
2026-02-15 00:21:18.519010,Berlin-ef4a,19,91,Normal
2026-02-15 00:21:19.519010,Berlin-ef4a,43,4,Normal
2026-02-15 00:21:20.519010,Berlin-ef4a,-13,20,Normal
2026-02-15 00:21:21.519010,Berlin-ef4a,6,16,Normal
2026-02-15 00:21:22.519010,Berlin-ef4a,-9,44,Normal
2026-02-15 00:21:23.519010,Berlin-ef4a,-30,30,Normal
2026-02-15 00:21:24.519010,Berlin-ef4a,36,3,Normal
2026-02-15 00:21:25.519010,Berlin-ef4a,-6,25,Normal
2026-02-15 00:21:26.519010,Berlin-ef4a,31,0,Normal
2026-02-15 00:21:27.519010,Berlin-ef4a,16,58,Normal
2026-02-15 00:21:28.519010,Berlin-ef4a,-16,50,Normal
2026-02-15 00:21:29.519010,Berlin-ef4a,0,77,Normal
2026-02-15 00:21:30.519010,Berlin-ef4a,3,99,Normal
2026-02-15 00:21:31.519010,Berlin-ef4a,17,30,Normal
2026-02-15 00:21:32.519010,Berlin-ef4a,29,46,Normal
2026-02-15 00:21:33.519010,Berlin-ef4a,18,79,Normal
2026-02-15 00:21:34.519010,Berlin-ef4a,-6,48,Normal
2026-02-15 00:21:35.519010,Berlin-ef4a,41,89,Normal
2026-02-15 00:21:36.519010,Berlin-ef4a,6,83,Normal
2026-02-15 00:21:37.519010,Berlin-ef4a,-3,21,Normal
2026-02-15 00:21:38.519010,Berlin-ef4a,45,44,Normal
2026-02-15 00:21:39.519010,Berlin-ef4a,12,60,Normal
2026-02-15 00:21:40.519010,Berlin-ef4a,9,79,Normal
2026-02-15 00:21:41.519010,Berlin-ef4a,7,87,Normal
2026-02-15 00:21:42.519010,Berlin-ef4a,28,32,Normal
2026-02-15 00:21:43.519010,Berlin-ef4a,23,94,Normal
2026-02-15 00:21:44.519010,Berlin-ef4a,8,66,Normal
2026-02-15 00:21:45.519010,Berlin-ef4a,38,64,Normal
2026-02-15 00:21:46.519010,Berlin-ef4a,47,37,Normal
2026-02-15 00:21:47.519010,Berlin-ef4a,16,42,Normal
2026-02-15 00:21:48.519010,Berlin-ef4a,14,76,Normal
2026-02-15 00:21:49.519010,Berlin-ef4a,-23,14,Normal
2026-02-15 00:21:50.519010,Berlin-ef4a,43,15,Normal
2026-02-15 00:21:51.519010,Berlin-ef4a,-6,97,Normal
2026-02-15 00:21:52.519010,Berlin-ef4a,-14,55,Normal
2026-02-15 00:21:53.519010,Berlin-ef4a,-17,0,Normal
2026-02-15 00:21:54.519010,Berlin-ef4a,-13,45,Normal
2026-02-15 00:21:55.519010,Berlin-ef4a,-12,56,Normal
2026-02-15 00:21:56.519010,Berlin-ef4a,-15,66,Normal
2026-02-15 00:21:57.519010,Berlin-ef4a,-11,39,Normal
2026-02-15 00:21:58.519010,Berlin-ef4a,28,5,Normal
2026-02-15 00:21:59.519010,Berlin-ef4a,-2,62,Normal
2026-02-15 00:22:00.519010,Berlin-ef4a,-1,62,Normal
2026-02-15 00:22:01.519010,Berlin-ef4a,-29,82,Normal
2026-02-15 00:22:02.519010,Berlin-ef4a,46,2,Normal
2026-02-15 00:22:03.519010,Berlin-ef4a,-9,62,Normal
2026-02-15 00:22:04.519010,Berlin-ef4a,32,31,Normal
2026-02-15 00:22:05.519010,Berlin-ef4a,5,55,Normal
2026-02-15 00:22:06.519010,Berlin-ef4a,-12,36,Normal
2026-02-15 00:22:07.519010,Berlin-ef4a,14,82,Normal
2026-02-15 00:22:08.519010,Berlin-ef4a,-5,17,Normal
2026-02-15 00:22:09.519010,Berlin-ef4a,-13,89,Normal
2026-02-15 00:22:10.519010,Berlin-ef4a,-12,67,Normal
2026-02-15 00:22:11.519010,Berlin-ef4a,23,72,Normal
2026-02-15 00:22:12.519010,Berlin-ef4a,21,14,Normal
2026-02-15 00:22:13.519010,Berlin-ef4a,-2,0,Normal
2026-02-15 00:22:14.519010,Berlin-ef4a,-8,39,Normal
2026-02-15 00:22:15.519010,Berlin-ef4a,45,64,Normal
2026-02-15 00:22:16.519010,Berlin-ef4a,47,89,Normal
2026-02-15 00:22:17.519010,Berlin-ef4a,-25,33,Normal
2026-02-15 00:22:18.519010,Berlin-ef4a,11,61,Normal
2026-02-15 00:22:19.519010,Berlin-ef4a,21,40,Normal
2026-02-15 00:22:20.519010,Berlin-ef4a,50,0,Normal
2026-02-15 00:22:21.519010,Berlin-ef4a,6,90,Normal
2026-02-15 00:22:22.519010,Berlin-ef4a,21,51,Normal
2026-02-15 00:22:23.519010,Berlin-ef4a,31,79,Normal
2026-02-15 00:22:24.519010,Berlin-ef4a,-7,33,Normal
2026-02-15 00:22:25.519010,Berlin-ef4a,45,81,Normal
2026-02-15 00:22:26.519010,Berlin-ef4a,13,50,Normal
2026-02-15 00:22:27.519010,Berlin-ef4a,32,35,Normal
2026-02-15 00:22:28.519010,Berlin-ef4a,45,97,Normal
2026-02-15 00:22:29.519010,Berlin-ef4a,9,67,Normal
2026-02-15 00:22:30.519010,Berlin-ef4a,-6,46,Normal
2026-02-15 00:22:31.519010,Berlin-ef4a,-1,67,Normal
2026-02-15 00:22:32.519010,Berlin-ef4a,5,1,Normal
2026-02-15 00:22:33.519010,Berlin-ef4a,30,97,Normal
2026-02-15 00:22:34.519010,Berlin-ef4a,-14,12,Normal
2026-02-15 00:22:35.519010,Berlin-ef4a,-24,17,Normal
2026-02-15 00:22:36.519010,Berlin-ef4a,-23,12,Normal
2026-02-15 00:22:37.519010,Berlin-ef4a,-5,0,Normal
2026-02-15 00:22:38.519010,Berlin-ef4a,-7,50,Normal
2026-02-15 00:22:39.519010,Berlin-ef4a,-21,21,Normal
2026-02-15 00:22:40.519010,Berlin-ef4a,-12,98,Normal
2026-02-15 00:22:41.519010,Berlin-ef4a,22,69,Normal
2026-02-15 00:22:42.519010,Berlin-ef4a,-2,99,Normal
2026-02-15 00:22:43.519010,Berlin-ef4a,-21,53,Normal
2026-02-15 00:22:44.519010,Berlin-ef4a,0,17,Normal
2026-02-15 00:22:45.519010,Berlin-ef4a,-14,8,Normal
2026-02-15 00:22:46.519010,Berlin-ef4a,46,66,Normal
2026-02-15 00:22:47.519010,Berlin-ef4a,21,12,Normal
2026-02-15 00:22:48.519010,Berlin-ef4a,14,36,Normal
2026-02-15 00:22:49.519010,Berlin-ef4a,38,7,Normal
2026-02-15 00:22:50.519010,Berlin-ef4a,-26,70,Normal
2026-02-15 00:22:51.519010,Berlin-ef4a,-5,58,Normal
2026-02-15 00:22:52.519010,Berlin-ef4a,27,11,Normal
2026-02-15 00:22:53.519010,Berlin-ef4a,40,37,Normal
2026-02-15 00:22:54.519010,Berlin-ef4a,-12,84,Normal
2026-02-15 00:22:55.519010,Berlin-ef4a,5,39,Normal
2026-02-15 00:22:56.519010,Berlin-ef4a,45,88,Normal
2026-02-15 00:22:57.519010,Berlin-ef4a,45,64,Normal
2026-02-15 00:22:58.519010,Berlin-ef4a,-28,70,Normal
2026-02-15 00:22:59.519010,Berlin-ef4a,23,48,Normal
2026-02-15 00:23:00.519010,Berlin-ef4a,48,61,Normal
2026-02-15 00:23:01.519010,Berlin-ef4a,40,33,Normal
2026-02-15 00:23:02.519010,Berlin-ef4a,0,26,Normal
2026-02-15 00:23:03.519010,Berlin-ef4a,-25,86,Normal
2026-02-15 00:23:04.519010,Berlin-ef4a,4,40,Normal
2026-02-15 00:23:05.519010,Berlin-ef4a,-13,61,Normal
2026-02-15 00:23:06.519010,Berlin-ef4a,33,92,Normal
2026-02-15 00:23:07.519010,Berlin-ef4a,45,40,Normal
2026-02-15 00:23:08.519010,Berlin-ef4a,37,29,Normal
2026-02-15 00:23:09.519010,Berlin-ef4a,6,76,Normal
2026-02-15 00:23:10.519010,Berlin-ef4a,42,5,Normal
2026-02-15 00:23:11.519010,Berlin-ef4a,37,11,Normal
2026-02-15 00:23:12.519010,Berlin-ef4a,6,7,Normal
2026-02-15 00:23:13.519010,Berlin-ef4a,-23,19,Normal
2026-02-15 00:23:14.519010,Berlin-ef4a,45,10,Normal
2026-02-15 00:23:15.519010,Berlin-ef4a,47,40,Normal
2026-02-15 00:23:16.519010,Berlin-ef4a,47,98,Normal
2026-02-15 00:23:17.519010,Berlin-ef4a,-23,23,Normal
2026-02-15 00:23:18.519010,Berlin-ef4a,48,47,Normal
2026-02-15 00:23:19.519010,Berlin-ef4a,26,32,Normal
2026-02-15 00:23:20.519010,Berlin-ef4a,-14,79,Normal
2026-02-15 00:23:21.519010,Berlin-ef4a,38,35,Normal
2026-02-15 00:23:22.519010,Berlin-ef4a,44,33,Normal
2026-02-15 00:23:23.519010,Berlin-ef4a,28,94,Normal
2026-02-15 00:23:24.519010,Berlin-ef4a,26,32,Normal
2026-02-15 00:23:25.519010,Berlin-ef4a,-29,20,Normal
2026-02-15 00:23:26.519010,Berlin-ef4a,45,38,Normal
2026-02-15 00:23:27.519010,Berlin-ef4a,43,58,Normal
2026-02-15 00:23:28.519010,Berlin-ef4a,32,7,Normal
2026-02-15 00:23:29.519010,Berlin-ef4a,8,46,Normal
2026-02-15 00:23:30.519010,Berlin-ef4a,30,68,Normal
2026-02-15 00:23:31.519010,Berlin-ef4a,30,47,Normal
2026-02-15 00:23:32.519010,Berlin-ef4a,19,27,Normal
2026-02-15 00:23:33.519010,Berlin-ef4a,-7,4,Normal
2026-02-15 00:23:34.519010,Berlin-ef4a,24,8,Normal
2026-02-15 00:23:35.519010,Berlin-ef4a,47,66,Normal
2026-02-15 00:23:36.519010,Berlin-ef4a,29,61,Normal
2026-02-15 00:23:37.519010,Berlin-ef4a,43,27,Normal
2026-02-15 00:23:38.519010,Berlin-ef4a,-7,31,Normal
2026-02-15 00:23:39.519010,Berlin-ef4a,18,28,Normal
2026-02-15 00:23:40.519010,Berlin-ef4a,-3,25,Normal
2026-02-15 00:23:41.519010,Berlin-ef4a,-16,33,Normal
2026-02-15 00:23:42.519010,Berlin-ef4a,21,60,Normal
2026-02-15 00:23:43.519010,Berlin-ef4a,34,10,Normal
2026-02-15 00:23:44.519010,Berlin-ef4a,41,75,Normal
2026-02-15 00:23:45.519010,Berlin-ef4a,-14,99,Normal
2026-02-15 00:23:46.519010,Berlin-ef4a,23,6,Normal
2026-02-15 00:23:47.519010,Berlin-ef4a,42,15,Normal
2026-02-15 00:23:48.519010,Berlin-ef4a,40,35,Normal
2026-02-15 00:23:49.519010,Berlin-ef4a,-25,100,Normal
2026-02-15 00:23:50.519010,Berlin-ef4a,-28,77,Normal
2026-02-15 00:23:51.519010,Berlin-ef4a,19,94,Normal
2026-02-15 00:23:52.519010,Berlin-ef4a,25,25,Normal
2026-02-15 00:23:53.519010,Berlin-ef4a,-29,27,Normal
2026-02-15 00:23:54.519010,Berlin-ef4a,3,80,Normal
2026-02-15 00:23:55.519010,Berlin-ef4a,26,12,Normal
2026-02-15 00:23:56.519010,Berlin-ef4a,6,95,Normal
2026-02-15 00:23:57.519010,Berlin-ef4a,17,17,Normal
2026-02-15 00:23:58.519010,Berlin-ef4a,-8,71,Normal
2026-02-15 00:23:59.519010,Berlin-ef4a,40,9,Normal
2026-02-15 00:24:00.519010,Berlin-ef4a,16,37,Normal
2026-02-15 00:24:01.519010,Berlin-ef4a,15,36,Normal
2026-02-15 00:24:02.519010,Berlin-ef4a,-11,57,Normal
2026-02-15 00:24:03.519010,Berlin-ef4a,-1,71,Normal
2026-02-15 00:24:04.519010,Berlin-ef4a,39,51,Normal
2026-02-15 00:24:05.519010,Berlin-ef4a,24,46,Normal
2026-02-15 00:24:06.519010,Berlin-ef4a,-13,50,Normal
2026-02-15 00:24:07.519010,Berlin-ef4a,2,42,Normal
2026-02-15 00:24:08.519010,Berlin-ef4a,13,20,Normal
2026-02-15 00:24:09.519010,Berlin-ef4a,2,70,Normal
2026-02-15 00:24:10.519010,Berlin-ef4a,13,84,Normal
2026-02-15 00:24:11.519010,Berlin-ef4a,-8,75,Normal
2026-02-15 00:24:12.519010,Berlin-ef4a,48,83,Normal
2026-02-15 00:24:13.519010,Berlin-ef4a,36,38,Normal
2026-02-15 00:24:14.519010,Berlin-ef4a,-21,46,Normal
2026-02-15 00:24:15.519010,Berlin-ef4a,6,9,Normal
2026-02-15 00:24:16.519010,Berlin-ef4a,-23,88,Normal
2026-02-15 00:24:17.519010,Berlin-ef4a,-3,26,Normal
2026-02-15 00:24:18.519010,Berlin-ef4a,18,64,Normal
2026-02-15 00:24:19.519010,Berlin-ef4a,-2,11,Normal
2026-02-15 00:24:20.519010,Berlin-ef4a,10,22,Normal
2026-02-15 00:24:21.519010,Berlin-ef4a,-18,3,Normal
2026-02-15 00:24:22.519010,Berlin-ef4a,24,13,Normal
2026-02-15 00:24:23.519010,Berlin-ef4a,50,36,Normal
2026-02-15 00:24:24.519010,Berlin-ef4a,24,84,Normal
2026-02-15 00:24:25.519010,Berlin-ef4a,49,70,Normal
2026-02-15 00:24:26.519010,Berlin-ef4a,-8,62,Normal
2026-02-15 00:24:27.519010,Berlin-ef4a,46,43,Normal
2026-02-15 00:24:28.519010,Berlin-ef4a,25,19,Normal
2026-02-15 00:24:29.519010,Berlin-ef4a,10,8,Normal
2026-02-15 00:24:30.519010,Berlin-ef4a,49,98,Normal
2026-02-15 00:24:31.519010,Berlin-ef4a,-8,90,Normal
2026-02-15 00:24:32.519010,Berlin-ef4a,48,10,Normal
2026-02-15 00:24:33.519010,Berlin-ef4a,19,97,Normal
2026-02-15 00:24:34.519010,Berlin-ef4a,35,26,Normal
2026-02-15 00:24:35.519010,Berlin-ef4a,-12,3,Normal
2026-02-15 00:24:36.519010,Berlin-ef4a,-26,23,Normal
