timestamp,station_id,temp,humid,condition
2026-02-15 19:25:45.277129,Berlin-5554,-23,24,Normal
2026-02-15 19:25:46.277129,Berlin-5554,1,49,Normal
2026-02-15 19:25:47.277129,Berlin-5554,-19,61,Normal
2026-02-15 19:25:48.277129,Berlin-5554,-18,58,Normal
2026-02-15 19:25:49.277129,Berlin-5554,48,25,Normal
2026-02-15 19:25:50.277129,Berlin-5554,-29,79,Normal
2026-02-15 19:25:51.277129,Berlin-5554,40,30,Normal
2026-02-15 19:25:52.277129,Berlin-5554,2,17,Normal
2026-02-15 19:25:53.277129,Berlin-5554,8,65,Normal
2026-02-15 19:25:54.277129,Berlin-5554,44,39,Normal
2026-02-15 19:25:55.277129,Berlin-5554,-14,83,Normal
2026-02-15 19:25:56.277129,Berlin-5554,3,68,Normal
2026-02-15 19:25:57.277129,Berlin-5554,19,38,Normal
2026-02-15 19:25:58.277129,Berlin-5554,15,24,Normal
2026-02-15 19:25:59.277129,Berlin-5554,44,11,Normal
2026-02-15 19:26:00.277129,Berlin-5554,41,58,Normal
2026-02-15 19:26:01.277129,Berlin-5554,22,20,Normal
2026-02-15 19:26:02.277129,Berlin-5554,-19,14,Normal
2026-02-15 19:26:03.277129,Berlin-5554,34,48,Normal
2026-02-15 19:26:04.277129,Berlin-5554,50,16,Normal
2026-02-15 19:26:05.277129,Berlin-5554,-27,86,Normal
2026-02-15 19:26:06.277129,Berlin-5554,-20,30,Normal
2026-02-15 19:26:07.277129,Berlin-5554,18,4,Normal
2026-02-15 19:26:08.277129,Berlin-5554,5,98,Normal
2026-02-15 19:26:09.277129,Berlin-5554,34,75,Normal
2026-02-15 19:26:10.277129,Berlin-5554,-4,23,Normal
2026-02-15 19:26:11.277129,Berlin-5554,30,68,Normal
2026-02-15 19:26:12.277129,Berlin-5554,-16,88,Normal
2026-02-15 19:26:13.277129,Berlin-5554,-11,31,Normal
2026-02-15 19:26:14.277129,Berlin-5554,40,22,Normal
2026-02-15 19:26:15.277129,Berlin-5554,34,51,Normal
2026-02-15 19:26:16.277129,Berlin-5554,-9,78,Normal
2026-02-15 19:26:17.277129,Berlin-5554,0,25,Normal
2026-02-15 19:26:18.277129,Berlin-5554,37,30,Normal
2026-02-15 19:26:19.277129,Berlin-5554,22,43,Normal
2026-02-15 19:26:20.277129,Berlin-5554,-25,93,Normal
2026-02-15 19:26:21.277129,Berlin-5554,42,78,Normal
2026-02-15 19:26:22.277129,Berlin-5554,37,19,Normal
2026-02-15 19:26:23.277129,Berlin-5554,20,20,Normal
2026-02-15 19:26:24.277129,Berlin-5554,-3,16,Normal
2026-02-15 19:26:25.277129,Berlin-5554,23,83,Normal
2026-02-15 19:26:26.277129,Berlin-5554,35,14,Normal
2026-02-15 19:26:27.277129,Berlin-5554,-20,56,Normal
2026-02-15 19:26:28.277129,Berlin-5554,12,96,Normal
2026-02-15 19:26:29.277129,Berlin-5554,-19,3,Normal
2026-02-15 19:26:30.277129,Berlin-5554,-24,74,Normal
2026-02-15 19:26:31.277129,Berlin-5554,30,12,Normal
2026-02-15 19:26:32.277129,Berlin-5554,-22,60,Normal
2026-02-15 19:26:33.277129,Berlin-5554,37,33,Normal
2026-02-15 19:26:34.277129,Berlin-5554,-27,4,Normal
2026-02-15 19:26:35.277129,Berlin-5554,-4,7,Normal
2026-02-15 19:26:36.277129,Berlin-5554,-15,29,Normal
2026-02-15 19:26:37.277129,Berlin-5554,3,40,Normal
2026-02-15 19:26:38.277129,Berlin-5554,17,88,Normal
2026-02-15 19:26:39.277129,Berlin-5554,-18,84,Normal
2026-02-15 19:26:40.277129,Berlin-5554,-4,47,Normal
2026-02-15 19:26:41.277129,Berlin-5554,48,94,Normal
2026-02-15 19:26:42.277129,Berlin-5554,44,39,Normal
2026-02-15 19:26:43.277129,Berlin-5554,8,25,Normal
2026-02-15 19:26:44.277129,Berlin-5554,17,49,Normal
2026-02-15 19:26:45.277129,Berlin-5554,47,90,Normal
2026-02-15 19:26:46.277129,Berlin-5554,26,50,Normal
2026-02-15 19:26:47.277129,Berlin-5554,37,52,Normal
2026-02-15 19:26:48.277129,Berlin-5554,47,57,Normal
2026-02-15 19:26:49.277129,Berlin-5554,-19,66,Normal
2026-02-15 19:26:50.277129,Berlin-5554,-22,2,Normal
2026-02-15 19:26:51.277129,Berlin-5554,29,18,Normal
2026-02-15 19:26:52.277129,Berlin-5554,45,50,Normal
2026-02-15 19:26:53.277129,Berlin-5554,13,25,Normal
2026-02-15 19:26:54.277129,Berlin-5554,-9,97,Normal
2026-02-15 19:26:55.277129,Berlin-5554,14,48,Normal
2026-02-15 19:26:56.277129,Berlin-5554,31,72,Normal
2026-02-15 19:26:57.277129,Berlin-5554,-25,1,Normal
2026-02-15 19:26:58.277129,Berlin-5554,-21,56,Normal
2026-02-15 19:26:59.277129,Berlin-5554,34,71,Normal
2026-02-15 19:27:00.277129,Berlin-5554,30,98,Normal
2026-02-15 19:27:01.277129,Berlin-5554,11,54,Normal
2026-02-15 19:27:02.277129,Berlin-5554,-28,74,Normal
2026-02-15 19:27:03.277129,Berlin-5554,-6,54,Normal
2026-02-15 19:27:04.277129,Berlin-5554,-25,21,Normal
2026-02-15 19:27:05.277129,Berlin-5554,-9,68,Normal
2026-02-15 19:27:06.277129,Berlin-5554,32,22,Normal
2026-02-15 19:27:07.277129,Berlin-5554,50,11,Normal
2026-02-15 19:27:08.277129,Berlin-5554,50,37,Normal
2026-02-15 19:27:09.277129,Berlin-5554,-19,74,Normal
2026-02-15 19:27:10.277129,Berlin-5554,-7,66,Normal
2026-02-15 19:27:11.277129,Berlin-5554,-8,2,Normal
2026-02-15 19:27:12.277129,Berlin-5554,2,89,Normal
2026-02-15 19:27:13.277129,Berlin-5554,25,38,Normal
2026-02-15 19:27:14.277129,Berlin-5554,50,2,Normal
2026-02-15 19:27:15.277129,Berlin-5554,-14,61,Normal
2026-02-15 19:27:16.277129,Berlin-5554,-22,48,Normal
2026-02-15 19:27:17.277129,Berlin-5554,13,13,Normal
2026-02-15 19:27:18.277129,Berlin-5554,8,18,Normal
2026-02-15 19:27:19.277129,Berlin-5554,-24,75,Normal
2026-02-15 19:27:20.277129,Berlin-5554,-3,65,Normal
2026-02-15 19:27:21.277129,Berlin-5554,39,51,Normal
2026-02-15 19:27:22.277129,Berlin-5554,8,15,Normal
2026-02-15 19:27:23.277129,Berlin-5554,6,7,Normal
2026-02-15 19:27:24.277129,Berlin-5554,-28,27,Normal
2026-02-15 19:27:25.277129,Berlin-5554,-4,47,Normal
2026-02-15 19:27:26.277129,Berlin-5554,-25,8,Normal
2026-02-15 19:27:27.277129,Berlin-5554,43,18,Normal
2026-02-15 19:27:28.277129,Berlin-5554,-3,65,Normal
2026-02-15 19:27:29.277129,Berlin-5554,50,54,Normal
2026-02-15 19:27:30.277129,Berlin-5554,8,31,Normal
2026-02-15 19:27:31.277129,Berlin-5554,18,68,Normal
2026-02-15 19:27:32.277129,Berlin-5554,41,82,Normal
2026-02-15 19:27:33.277129,Berlin-5554,-13,35,Normal
2026-02-15 19:27:34.277129,Berlin-5554,41,58,Normal
2026-02-15 19:27:35.277129,Berlin-5554,36,38,Normal
2026-02-15 19:27:36.277129,Berlin-5554,16,86,Normal
2026-02-15 19:27:37.277129,Berlin-5554,-19,60,Normal
2026-02-15 19:27:38.277129,Berlin-5554,16,98,Normal
2026-02-15 19:27:39.277129,Berlin-5554,26,13,Normal
2026-02-15 19:27:40.277129,Berlin-5554,19,21,Normal
2026-02-15 19:27:41.277129,Berlin-5554,40,69,Normal
2026-02-15 19:27:42.277129,Berlin-5554,8,73,Normal
2026-02-15 19:27:43.277129,Berlin-5554,-16,45,Normal
2026-02-15 19:27:44.277129,Berlin-5554,40,2,Normal
2026-02-15 19:27:45.277129,Berlin-5554,-21,25,Normal
2026-02-15 19:27:46.277129,Berlin-5554,16,48,Normal
2026-02-15 19:27:47.277129,Berlin-5554,-22,0,Normal
2026-02-15 19:27:48.277129,Berlin-5554,39,52,Normal
2026-02-15 19:27:49.277129,Berlin-5554,-18,59,Normal
2026-02-15 19:27:50.277129,Berlin-5554,23,90,Normal
2026-02-15 19:27:51.277129,Berlin-5554,42,94,Normal
2026-02-15 19:27:52.277129,Berlin-5554,-6,86,Normal
2026-02-15 19:27:53.277129,Berlin-5554,15,27,Normal
2026-02-15 19:27:54.277129,Berlin-5554,23,34,Normal
2026-02-15 19:27:55.277129,Berlin-5554,30,78,Normal
2026-02-15 19:27:56.277129,Berlin-5554,32,72,Normal
2026-02-15 19:27:57.277129,Berlin-5554,36,94,Normal
2026-02-15 19:27:58.277129,Berlin-5554,15,24,Normal
2026-02-15 19:27:59.277129,Berlin-5554,14,66,Normal
2026-02-15 19:28:00.277129,Berlin-5554,17,92,Normal
2026-02-15 19:28:01.277129,Berlin-5554,-22,77,Normal
2026-02-15 19:28:02.277129,Berlin-5554,10,36,Normal
2026-02-15 19:28:03.277129,Berlin-5554,-11,68,Normal
2026-02-15 19:28:04.277129,Berlin-5554,49,66,Normal
2026-02-15 19:28:05.277129,Berlin-5554,9,69,Normal
2026-02-15 19:28:06.277129,Berlin-5554,19,4,Normal
2026-02-15 19:28:07.277129,Berlin-5554,44,65,Normal
2026-02-15 19:28:08.277129,Berlin-5554,9,75,Normal
2026-02-15 19:28:09.277129,Berlin-5554,1,98,Normal
2026-02-15 19:28:10.277129,Berlin-5554,13,82,Normal
2026-02-15 19:28:11.277129,Berlin-5554,30,89,Normal
2026-02-15 19:28:12.277129,Berlin-5554,-23,19,Normal
2026-02-15 19:28:13.277129,Berlin-5554,2,71,Normal
2026-02-15 19:28:14.277129,Berlin-5554,43,39,Normal
2026-02-15 19:28:15.277129,Berlin-5554,-3,44,Normal
2026-02-15 19:28:16.277129,Berlin-5554,-18,45,Normal
2026-02-15 19:28:17.277129,Berlin-5554,5,13,Normal
2026-02-15 19:28:18.277129,Berlin-5554,-29,39,Normal
2026-02-15 19:28:19.277129,Berlin-5554,44,8,Normal
2026-02-15 19:28:20.277129,Berlin-5554,-7,39,Normal
2026-02-15 19:28:21.277129,Berlin-5554,16,71,Normal
2026-02-15 19:28:22.277129,Berlin-5554,33,1,Normal
2026-02-15 19:28:23.277129,Berlin-5554,33,96,Normal
2026-02-15 19:28:24.277129,Berlin-5554,-23,26,Normal
2026-02-15 19:28:25.277129,Berlin-5554,44,59,Normal
2026-02-15 19:28:26.277129,Berlin-5554,-27,53,Normal
2026-02-15 19:28:27.277129,Berlin-5554,33,84,Normal
2026-02-15 19:28:28.277129,Berlin-5554,50,55,Normal
2026-02-15 19:28:29.277129,Berlin-5554,24,90,Normal
2026-02-15 19:28:30.277129,Berlin-5554,43,80,Normal
2026-02-15 19:28:31.277129,Berlin-5554,12,86,Normal
2026-02-15 19:28:32.277129,Berlin-5554,-26,56,Normal
2026-02-15 19:28:33.277129,Berlin-5554,-3,82,Normal
2026-02-15 19:28:34.277129,Berlin-5554,23,99,Normal
2026-02-15 19:28:35.277129,Berlin-5554,34,12,Normal
2026-02-15 19:28:36.277129,Berlin-5554,15,58,Normal
2026-02-15 19:28:37.277129,Berlin-5554,-3,45,Normal
2026-02-15 19:28:38.277129,Berlin-5554,0,97,Normal
2026-02-15 19:28:39.277129,Berlin-5554,-6,31,Normal
2026-02-15 19:28:40.277129,Berlin-5554,33,82,Normal
2026-02-15 19:28:41.277129,Berlin-5554,19,64,Normal
2026-02-15 19:28:42.277129,Berlin-5554,21,10,Normal
2026-02-15 19:28:43.277129,Berlin-5554,4,22,Normal
2026-02-15 19:28:44.277129,Berlin-5554,-2,54,Normal
2026-02-15 19:28:45.277129,Berlin-5554,15,26,Normal
2026-02-15 19:28:46.277129,Berlin-5554,13,82,Normal
2026-02-15 19:28:47.277129,Berlin-5554,-29,9,Normal
2026-02-15 19:28:48.277129,Berlin-5554,-17,49,Normal
2026-02-15 19:28:49.277129,Berlin-5554,-3,70,Normal
2026-02-15 19:28:50.277129,Berlin-5554,-19,40,Normal
2026-02-15 19:28:51.277129,Berlin-5554,25,27,Normal
2026-02-15 19:28:52.277129,Berlin-5554,-26,73,Normal
2026-02-15 19:28:53.277129,Berlin-5554,33,68,Normal
2026-02-15 19:28:54.277129,Berlin-5554,39,44,Normal
2026-02-15 19:28:55.277129,Berlin-5554,50,78,Normal
2026-02-15 19:28:56.277129,Berlin-5554,-5,83,Normal
2026-02-15 19:28:57.277129,Berlin-5554,20,16,Normal
2026-02-15 19:28:58.277129,Berlin-5554,17,17,Normal
2026-02-15 19:28:59.277129,Berlin-5554,7,53,Normal
2026-02-15 19:29:00.277129,Berlin-5554,19,47,Normal
2026-02-15 19:29:01.277129,Berlin-5554,19,69,Normal
2026-02-15 19:29:02.277129,Berlin-5554,44,10,Normal
2026-02-15 19:29:03.277129,Berlin-5554,9,59,Normal
2026-02-15 19:29:04.277129,Berlin-5554,39,97,Normal
2026-02-15 19:29:05.277129,Berlin-5554,2,13,Normal
2026-02-15 19:29:06.277129,Berlin-5554,-12,78,Normal
2026-02-15 19:29:07.277129,Berlin-5554,-6,39,Normal
2026-02-15 19:29:08.277129,Berlin-5554,-20,14,Normal
2026-02-15 19:29:09.277129,Berlin-5554,30,59,Normal
2026-02-15 19:29:10.277129,Berlin-5554,11,95,Normal
2026-02-15 19:29:11.277129,Berlin-5554,-28,34,Normal
2026-02-15 19:29:12.277129,Berlin-5554,-21,91,Normal
2026-02-15 19:29:13.277129,Berlin-5554,35,23,Normal
2026-02-15 19:29:14.277129,Berlin-5554,-6,39,Normal
2026-02-15 19:29:15.277129,Berlin-5554,-26,29,Normal
2026-02-15 19:29:16.277129,Berlin-5554,28,55,Normal
2026-02-15 19:29:17.277129,Berlin-5554,-17,23,Normal
2026-02-15 19:29:18.277129,Berlin-5554,13,44,Normal
2026-02-15 19:29:19.277129,Berlin-5554,34,47,Normal
2026-02-15 19:29:20.277129,Berlin-5554,40,31,Normal
2026-02-15 19:29:21.277129,Berlin-5554,7,48,Normal
2026-02-15 19:29:22.277129,Berlin-5554,4,38,Normal
2026-02-15 19:29:23.277129,Berlin-5554,25,99,Normal
2026-02-15 19:29:24.277129,Berlin-5554,41,3,Normal
2026-02-15 19:29:25.277129,Berlin-5554,15,10,Normal
2026-02-15 19:29:26.277129,Berlin-5554,34,96,Normal
2026-02-15 19:29:27.277129,Berlin-5554,-3,88,Normal
2026-02-15 19:29:28.277129,Berlin-5554,38,0,Normal
2026-02-15 19:29:29.277129,Berlin-5554,47,28,Normal
2026-02-15 19:29:30.277129,Berlin-5554,37,53,Normal
2026-02-15 19:29:31.277129,Berlin-5554,24,36,Normal
2026-02-15 19:29:32.277129,Berlin-5554,1,89,Normal
2026-02-15 19:29:33.277129,Berlin-5554,3,95,Normal
2026-02-15 19:29:34.277129,Berlin-5554,4,58,Normal
2026-02-15 19:29:35.277129,Berlin-5554,28,76,Normal
2026-02-15 19:29:36.277129,Berlin-5554,34,11,Normal
2026-02-15 19:29:37.277129,Berlin-5554,18,46,Normal
2026-02-15 19:29:38.277129,Berlin-5554,31,64,Normal
2026-02-15 19:29:39.277129,Berlin-5554,2,94,Normal
2026-02-15 19:29:40.277129,Berlin-5554,14,51,Normal
2026-02-15 19:29:41.277129,Berlin-5554,33,62,Normal
2026-02-15 19:29:42.277129,Berlin-5554,28,16,Normal
2026-02-15 19:29:43.277129,Berlin-5554,25,68,Normal
2026-02-15 19:29:44.277129,Berlin-5554,30,17,Normal
2026-02-15 19:29:45.277129,Berlin-5554,-14,83,Normal
2026-02-15 19:29:46.277129,Berlin-5554,37,84,Normal
2026-02-15 19:29:47.277129,Berlin-5554,-28,80,Normal
2026-02-15 19:29:48.277129,Berlin-5554,16,65,Normal
2026-02-15 19:29:49.277129,Berlin-5554,-14,97,Normal
2026-02-15 19:29:50.277129,Berlin-5554,27,16,Normal
2026-02-15 19:29:51.277129,Berlin-5554,31,23,Normal
2026-02-15 19:29:52.277129,Berlin-5554,48,70,Normal
2026-02-15 19:29:53.277129,Berlin-5554,27,23,Normal
2026-02-15 19:29:54.277129,Berlin-5554,31,57,Normal
2026-02-15 19:29:55.277129,Berlin-5554,35,90,Normal
2026-02-15 19:29:56.277129,Berlin-5554,23,50,Normal
2026-02-15 19:29:57.277129,Berlin-5554,35,92,Normal
2026-02-15 19:29:58.277129,Berlin-5554,-16,79,Normal
2026-02-15 19:29:59.277129,Berlin-5554,44,70,Normal
2026-02-15 19:30:00.277129,Berlin-5554,49,67,Normal
2026-02-15 19:30:01.277129,Berlin-5554,-28,37,Normal
2026-02-15 19:30:02.277129,Berlin-5554,39,98,Normal
2026-02-15 19:30:03.277129,Berlin-5554,24,25,Normal
2026-02-15 19:30:04.277129,Berlin-5554,-3,28,Normal
2026-02-15 19:30:05.277129,Berlin-5554,32,4,Normal
2026-02-15 19:30:06.277129,Berlin-5554,-11,85,Normal
2026-02-15 19:30:07.277129,Berlin-5554,22,22,Normal
2026-02-15 19:30:08.277129,Berlin-5554,4,26,Normal
2026-02-15 19:30:09.277129,Berlin-5554,6,95,Normal
2026-02-15 19:30:10.277129,Berlin-5554,-7,10,Normal
2026-02-15 19:30:11.277129,Berlin-5554,25,95,Normal
2026-02-15 19:30:12.277129,Berlin-5554,-15,59,Normal
2026-02-15 19:30:13.277129,Berlin-5554,28,67,Normal
2026-02-15 19:30:14.277129,Berlin-5554,49,1,Normal
2026-02-15 19:30:15.277129,Berlin-5554,21,56,Normal
2026-02-15 19:30:16.277129,Berlin-5554,18,44,Normal
2026-02-15 19:30:17.277129,Berlin-5554,43,97,Normal
2026-02-15 19:30:18.277129,Berlin-5554,24,87,Normal
2026-02-15 19:30:19.277129,Berlin-5554,-9,52,Normal
2026-02-15 19:30:20.277129,Berlin-5554,18,53,Normal
2026-02-15 19:30:21.277129,Berlin-5554,26,52,Normal
2026-02-15 19:30:22.277129,Berlin-5554,2,23,Normal
2026-02-15 19:30:23.277129,Berlin-5554,-19,76,Normal
2026-02-15 19:30:24.277129,Berlin-5554,5,67,Normal
2026-02-15 19:30:25.277129,Berlin-5554,-16,71,Normal
2026-02-15 19:30:26.277129,Berlin-5554,0,84,Normal
2026-02-15 19:30:27.277129,Berlin-5554,31,39,Normal
2026-02-15 19:30:28.277129,Berlin-5554,24,33,Normal
2026-02-15 19:30:29.277129,Berlin-5554,37,47,Normal
2026-02-15 19:30:30.277129,Berlin-5554,-14,37,Normal
2026-02-15 19:30:31.277129,Berlin-5554,42,18,Normal
2026-02-15 19:30:32.277129,Berlin-5554,23,38,Normal
2026-02-15 19:30:33.277129,Berlin-5554,20,22,Normal
2026-02-15 19:30:34.277129,Berlin-5554,-13,9,Normal
2026-02-15 19:30:35.277129,Berlin-5554,-7,36,Normal
2026-02-15 19:30:36.277129,Berlin-5554,14,56,Normal
2026-02-15 19:30:37.277129,Berlin-5554,-7,84,Normal
2026-02-15 19:30:38.277129,Berlin-5554,18,35,Normal
2026-02-15 19:30:39.277129,Berlin-5554,0,59,Normal
2026-02-15 19:30:40.277129,Berlin-5554,11,18,Normal
2026-02-15 19:30:41.277129,Berlin-5554,-2,0,Normal
2026-02-15 19:30:42.277129,Berlin-5554,-10,94,Normal
2026-02-15 19:30:43.277129,Berlin-5554,22,76,Normal
2026-02-15 19:30:44.277129,Berlin-5554,33,31,Normal
2026-02-15 19:30:45.277129,Berlin-5554,19,56,Normal
2026-02-15 19:30:46.277129,Berlin-5554,-10,27,Normal
2026-02-15 19:30:47.277129,Berlin-5554,-26,45,Normal
2026-02-15 19:30:48.277129,Berlin-5554,22,38,Normal
2026-02-15 19:30:49.277129,Berlin-5554,10,5,Normal
2026-02-15 19:30:50.277129,Berlin-5554,-12,13,Normal
2026-02-15 19:30:51.277129,Berlin-5554,9,21,Normal
2026-02-15 19:30:52.277129,Berlin-5554,-18,80,Normal
2026-02-15 19:30:53.277129,Berlin-5554,10,6,Normal
2026-02-15 19:30:54.277129,Berlin-5554,50,80,Normal
2026-02-15 19:30:55.277129,Berlin-5554,20,59,Normal
2026-02-15 19:30:56.277129,Berlin-5554,30,99,Normal
2026-02-15 19:30:57.277129,Berlin-5554,17,36,Normal
2026-02-15 19:30:58.277129,Berlin-5554,36,9,Normal
2026-02-15 19:30:59.277129,Berlin-5554,45,14,Normal
2026-02-15 19:31:00.277129,Berlin-5554,14,44,Normal
2026-02-15 19:31:01.277129,Berlin-5554,17,44,Normal
2026-02-15 19:31:02.277129,Berlin-5554,31,26,Normal
2026-02-15 19:31:03.277129,Berlin-5554,43,98,Normal
2026-02-15 19:31:04.277129,Berlin-5554,-11,38,Normal
2026-02-15 19:31:05.277129,Berlin-5554,15,81,Normal
2026-02-15 19:31:06.277129,Berlin-5554,23,39,Normal
2026-02-15 19:31:07.277129,Berlin-5554,-20,85,Normal
2026-02-15 19:31:08.277129,Berlin-5554,19,36,Normal
2026-02-15 19:31:09.277129,Berlin-5554,29,77,Normal
2026-02-15 19:31:10.277129,Berlin-5554,11,10,Normal
2026-02-15 19:31:11.277129,Berlin-5554,37,11,Normal
2026-02-15 19:31:12.277129,Berlin-5554,30,56,Normal
2026-02-15 19:31:13.277129,Berlin-5554,-25,57,Normal
2026-02-15 19:31:14.277129,Berlin-5554,20,36,Normal
2026-02-15 19:31:15.277129,Berlin-5554,40,46,Normal
2026-02-15 19:31:16.277129,Berlin-5554,4,87,Normal
2026-02-15 19:31:17.277129,Berlin-5554,5,52,Normal
2026-02-15 19:31:18.277129,Berlin-5554,-21,8,Normal
2026-02-15 19:31:19.277129,Berlin-5554,-26,79,Normal
2026-02-15 19:31:20.277129,Berlin-5554,-26,25,Normal
2026-02-15 19:31:21.277129,Berlin-5554,-21,79,Normal
2026-02-15 19:31:22.277129,Berlin-5554,-7,54,Normal
2026-02-15 19:31:23.277129,Berlin-5554,26,44,Normal
2026-02-15 19:31:24.277129,Berlin-5554,1,68,Normal
2026-02-15 19:31:25.277129,Berlin-5554,33,40,Normal
2026-02-15 19:31:26.277129,Berlin-5554,-2,57,Normal
2026-02-15 19:31:27.277129,Berlin-5554,2,7,Normal
2026-02-15 19:31:28.277129,Berlin-5554,5,40,Normal
2026-02-15 19:31:29.277129,Berlin-5554,-12,41,Normal
2026-02-15 19:31:30.277129,Berlin-5554,47,14,Normal
2026-02-15 19:31:31.277129,Berlin-5554,-17,7,Normal
2026-02-15 19:31:32.277129,Berlin-5554,26,93,Normal
2026-02-15 19:31:33.277129,Berlin-5554,-19,72,Normal
2026-02-15 19:31:34.277129,Berlin-5554,3,86,Normal
2026-02-15 19:31:35.277129,Berlin-5554,-22,27,Normal
2026-02-15 19:31:36.277129,Berlin-5554,-19,38,Normal
2026-02-15 19:31:37.277129,Berlin-5554,11,64,Normal
2026-02-15 19:31:38.277129,Berlin-5554,45,82,Normal
2026-02-15 19:31:39.277129,Berlin-5554,33,82,Normal
2026-02-15 19:31:40.277129,Berlin-5554,5,32,Normal
2026-02-15 19:31:41.277129,Berlin-5554,23,77,Normal
2026-02-15 19:31:42.277129,Berlin-5554,-20,56,Normal
2026-02-15 19:31:43.277129,Berlin-5554,25,85,Normal
2026-02-15 19:31:44.277129,Berlin-5554,-11,43,Normal
2026-02-15 19:31:45.277129,Berlin-5554,-29,87,Normal
2026-02-15 19:31:46.277129,Berlin-5554,14,64,Normal
2026-02-15 19:31:47.277129,Berlin-5554,12,27,Normal
2026-02-15 19:31:48.277129,Berlin-5554,44,34,Normal
2026-02-15 19:31:49.277129,Berlin-5554,0,25,Normal
2026-02-15 19:31:50.277129,Berlin-5554,35,50,Normal
2026-02-15 19:31:51.277129,Berlin-5554,30,5,Normal
2026-02-15 19:31:52.277129,Berlin-5554,-25,2,Normal
2026-02-15 19:31:53.277129,Berlin-5554,-7,61,Normal
2026-02-15 19:31:54.277129,Berlin-5554,-28,88,Normal
2026-02-15 19:31:55.277129,Berlin-5554,4,11,Normal
2026-02-15 19:31:56.277129,Berlin-5554,26,0,Normal
2026-02-15 19:31:57.277129,Berlin-5554,-6,48,Normal
2026-02-15 19:31:58.277129,Berlin-5554,40,92,Normal
2026-02-15 19:31:59.277129,Berlin-5554,48,8,Normal
2026-02-15 19:32:00.277129,Berlin-5554,45,45,Normal
2026-02-15 19:32:01.277129,Berlin-5554,41,4,Normal
2026-02-15 19:32:02.277129,Berlin-5554,18,89,Normal
2026-02-15 19:32:03.277129,Berlin-5554,43,97,Normal
2026-02-15 19:32:04.277129,Berlin-5554,-28,49,Normal
2026-02-15 19:32:05.277129,Berlin-5554,-21,39,Normal
2026-02-15 19:32:06.277129,Berlin-5554,5,44,Normal
2026-02-15 19:32:07.277129,Berlin-5554,45,62,Normal
2026-02-15 19:32:08.277129,Berlin-5554,5,63,Normal
2026-02-15 19:32:09.277129,Berlin-5554,-20,47,Normal
2026-02-15 19:32:10.277129,Berlin-5554,5,12,Normal
2026-02-15 19:32:11.277129,Berlin-5554,40,89,Normal
2026-02-15 19:32:12.277129,Berlin-5554,29,37,Normal
2026-02-15 19:32:13.277129,Berlin-5554,-13,7,Normal
2026-02-15 19:32:14.277129,Berlin-5554,-18,65,Normal
2026-02-15 19:32:15.277129,Berlin-5554,7,18,Normal
2026-02-15 19:32:16.277129,Berlin-5554,22,86,Normal
2026-02-15 19:32:17.277129,Berlin-5554,34,42,Normal
2026-02-15 19:32:18.277129,Berlin-5554,-17,47,Normal
2026-02-15 19:32:19.277129,Berlin-5554,-28,62,Normal
2026-02-15 19:32:20.277129,Berlin-5554,9,70,Normal
2026-02-15 19:32:21.277129,Berlin-5554,-12,5,Normal
2026-02-15 19:32:22.277129,Berlin-5554,-1,48,Normal
2026-02-15 19:32:23.277129,Berlin-5554,38,83,Normal
2026-02-15 19:32:24.277129,Berlin-5554,-5,28,Normal
2026-02-15 19:32:25.277129,Berlin-5554,-24,67,Normal
2026-02-15 19:32:26.277129,Berlin-5554,-11,57,Normal
2026-02-15 19:32:27.277129,Berlin-5554,28,89,Normal
2026-02-15 19:32:28.277129,Berlin-5554,5,38,Normal
2026-02-15 19:32:29.277129,Berlin-5554,46,52,Normal
2026-02-15 19:32:30.277129,Berlin-5554,-3,26,Normal
2026-02-15 19:32:31.277129,Berlin-5554,0,63,Normal
2026-02-15 19:32:32.277129,Berlin-5554,16,96,Normal
2026-02-15 19:32:33.277129,Berlin-5554,-1,71,Normal
2026-02-15 19:32:34.277129,Berlin-5554,47,86,Normal
2026-02-15 19:32:35.277129,Berlin-5554,-1,42,Normal
2026-02-15 19:32:36.277129,Berlin-5554,-4,97,Normal
2026-02-15 19:32:37.277129,Berlin-5554,30,22,Normal
2026-02-15 19:32:38.277129,Berlin-5554,18,70,Normal
2026-02-15 19:32:39.277129,Berlin-5554,24,67,Normal
2026-02-15 19:32:40.277129,Berlin-5554,39,75,Normal
2026-02-15 19:32:41.277129,Berlin-5554,-11,93,Normal
2026-02-15 19:32:42.277129,Berlin-5554,33,97,Normal
2026-02-15 19:32:43.277129,Berlin-5554,-26,15,Normal
2026-02-15 19:32:44.277129,Berlin-5554,-2,82,Normal
2026-02-15 19:32:45.277129,Berlin-5554,24,21,Normal
2026-02-15 19:32:46.277129,Berlin-5554,-19,61,Normal
2026-02-15 19:32:47.277129,Berlin-5554,9,47,Normal
2026-02-15 19:32:48.277129,Berlin-5554,-8,50,Normal
2026-02-15 19:32:49.277129,Berlin-5554,-12,77,Normal
2026-02-15 19:32:50.277129,Berlin-5554,44,77,Normal
2026-02-15 19:32:51.277129,Berlin-5554,-12,37,Normal
2026-02-15 19:32:52.277129,Berlin-5554,-18,26,Normal
2026-02-15 19:32:53.277129,Berlin-5554,-9,15,Normal
2026-02-15 19:32:54.277129,Berlin-5554,-28,3,Normal
2026-02-15 19:32:55.277129,Berlin-5554,-4,34,Normal
2026-02-15 19:32:56.277129,Berlin-5554,-29,92,Normal
2026-02-15 19:32:57.277129,Berlin-5554,17,9,Normal
2026-02-15 19:32:58.277129,Berlin-5554,46,59,Normal
2026-02-15 19:32:59.277129,Berlin-5554,19,23,Normal
2026-02-15 19:33:00.277129,Berlin-5554,30,88,Normal
2026-02-15 19:33:01.277129,Berlin-5554,-30,97,Normal
2026-02-15 19:33:02.277129,Berlin-5554,16,45,Normal
2026-02-15 19:33:03.277129,Berlin-5554,48,71,Normal
2026-02-15 19:33:04.277129,Berlin-5554,11,93,Normal
2026-02-15 19:33:05.277129,Berlin-5554,20,3,Normal
2026-02-15 19:33:06.277129,Berlin-5554,37,33,Normal
2026-02-15 19:33:07.277129,Berlin-5554,12,46,Normal
2026-02-15 19:33:08.277129,Berlin-5554,-29,72,Normal
2026-02-15 19:33:09.277129,Berlin-5554,41,26,Normal
2026-02-15 19:33:10.277129,Berlin-5554,8,8,Normal
2026-02-15 19:33:11.277129,Berlin-5554,-1,38,Normal
2026-02-15 19:33:12.277129,Berlin-5554,20,66,Normal
2026-02-15 19:33:13.277129,Berlin-5554,-6,36,Normal
2026-02-15 19:33:14.277129,Berlin-5554,36,3,Normal
2026-02-15 19:33:15.277129,Berlin-5554,20,12,Normal
2026-02-15 19:33:16.277129,Berlin-5554,42,81,Normal
2026-02-15 19:33:17.277129,Berlin-5554,-30,54,Normal
2026-02-15 19:33:18.277129,Berlin-5554,17,10,Normal
2026-02-15 19:33:19.277129,Berlin-5554,25,39,Normal
2026-02-15 19:33:20.277129,Berlin-5554,32,34,Normal
2026-02-15 19:33:21.277129,Berlin-5554,5,37,Normal
2026-02-15 19:33:22.277129,Berlin-5554,33,94,Normal
2026-02-15 19:33:23.277129,Berlin-5554,-12,90,Normal
2026-02-15 19:33:24.277129,Berlin-5554,6,99,Normal
2026-02-15 19:33:25.277129,Berlin-5554,25,5,Normal
2026-02-15 19:33:26.277129,Berlin-5554,3,44,Normal
2026-02-15 19:33:27.277129,Berlin-5554,21,2,Normal
2026-02-15 19:33:28.277129,Berlin-5554,41,81,Normal
2026-02-15 19:33:29.277129,Berlin-5554,-17,93,Normal
2026-02-15 19:33:30.277129,Berlin-5554,-19,51,Normal
2026-02-15 19:33:31.277129,Berlin-5554,18,81,Normal
2026-02-15 19:33:32.277129,Berlin-5554,-25,79,Normal
2026-02-15 19:33:33.277129,Berlin-5554,36,49,Normal
2026-02-15 19:33:34.277129,Berlin-5554,26,70,Normal
2026-02-15 19:33:35.277129,Berlin-5554,-28,58,Normal
2026-02-15 19:33:36.277129,Berlin-5554,33,6,Normal
2026-02-15 19:33:37.277129,Berlin-5554,-10,68,Normal
2026-02-15 19:33:38.277129,Berlin-5554,-11,94,Normal
2026-02-15 19:33:39.277129,Berlin-5554,-28,71,Normal
2026-02-15 19:33:40.277129,Berlin-5554,48,49,Normal
2026-02-15 19:33:41.277129,Berlin-5554,-18,16,Normal
2026-02-15 19:33:42.277129,Berlin-5554,-15,82,Normal
2026-02-15 19:33:43.277129,Berlin-5554,38,29,Normal
2026-02-15 19:33:44.277129,Berlin-5554,34,70,Normal
2026-02-15 19:33:45.277129,Berlin-5554,34,77,Normal
2026-02-15 19:33:46.277129,Berlin-5554,37,42,Normal
2026-02-15 19:33:47.277129,Berlin-5554,50,64,Normal
2026-02-15 19:33:48.277129,Berlin-5554,1,19,Normal
2026-02-15 19:33:49.277129,Berlin-5554,-20,2,Normal
2026-02-15 19:33:50.277129,Berlin-5554,7,45,Normal
2026-02-15 19:33:51.277129,Berlin-5554,40,71,Normal
2026-02-15 19:33:52.277129,Berlin-5554,-16,55,Normal
2026-02-15 19:33:53.277129,Berlin-5554,8,35,Normal
2026-02-15 19:33:54.277129,Berlin-5554,10,37,Normal
2026-02-15 19:33:55.277129,Berlin-5554,-15,14,Normal
2026-02-15 19:33:56.277129,Berlin-5554,9,91,Normal
2026-02-15 19:33:57.277129,Berlin-5554,-25,10,Normal
2026-02-15 19:33:58.277129,Berlin-5554,41,19,Normal
2026-02-15 19:33:59.277129,Berlin-5554,47,98,Normal
2026-02-15 19:34:00.277129,Berlin-5554,30,42,Normal
2026-02-15 19:34:01.277129,Berlin-5554,41,31,Normal
2026-02-15 19:34:02.277129,Berlin-5554,31,63,Normal
2026-02-15 19:34:03.277129,Berlin-5554,-14,38,Normal
2026-02-15 19:34:04.277129,Berlin-5554,26,99,Normal
2026-02-15 19:34:05.277129,Berlin-5554,48,58,Normal
2026-02-15 19:34:06.277129,Berlin-5554,-1,35,Normal
2026-02-15 19:34:07.277129,Berlin-5554,11,97,Normal
2026-02-15 19:34:08.277129,Berlin-5554,36,63,Normal
2026-02-15 19:34:09.277129,Berlin-5554,49,8,Normal
2026-02-15 19:34:10.277129,Berlin-5554,49,82,Normal
2026-02-15 19:34:11.277129,Berlin-5554,39,30,Normal
2026-02-15 19:34:12.277129,Berlin-5554,3,92,Normal
2026-02-15 19:34:13.277129,Berlin-5554,-6,48,Normal
2026-02-15 19:34:14.277129,Berlin-5554,-23,74,Normal
2026-02-15 19:34:15.277129,Berlin-5554,-22,78,Normal
2026-02-15 19:34:16.277129,Berlin-5554,37,70,Normal
2026-02-15 19:34:17.277129,Berlin-5554,29,84,Normal
2026-02-15 19:34:18.277129,Berlin-5554,12,2,Normal
2026-02-15 19:34:19.277129,Berlin-5554,-4,30,Normal
2026-02-15 19:34:20.277129,Berlin-5554,35,37,Normal
2026-02-15 19:34:21.277129,Berlin-5554,6,57,Normal
2026-02-15 19:34:22.277129,Berlin-5554,21,92,Normal
2026-02-15 19:34:23.277129,Berlin-5554,46,2,Normal
2026-02-15 19:34:24.277129,Berlin-5554,2,40,Normal
2026-02-15 19:34:25.277129,Berlin-5554,2,48,Normal
2026-02-15 19:34:26.277129,Berlin-5554,-27,82,Normal
2026-02-15 19:34:27.277129,Berlin-5554,-24,9,Normal
2026-02-15 19:34:28.277129,Berlin-5554,43,36,Normal
2026-02-15 19:34:29.277129,Berlin-5554,16,48,Normal
2026-02-15 19:34:30.277129,Berlin-5554,39,61,Normal
2026-02-15 19:34:31.277129,Berlin-5554,-17,40,Normal
2026-02-15 19:34:32.277129,Berlin-5554,4,32,Normal
2026-02-15 19:34:33.277129,Berlin-5554,-9,43,Normal
2026-02-15 19:34:34.277129,Berlin-5554,-1,88,Normal
2026-02-15 19:34:35.277129,Berlin-5554,-9,51,Normal
2026-02-15 19:34:36.277129,Berlin-5554,2,21,Normal
2026-02-15 19:34:37.277129,Berlin-5554,-6,45,Normal
2026-02-15 19:34:38.277129,Berlin-5554,30,79,Normal
2026-02-15 19:34:39.277129,Berlin-5554,6,9,Normal
2026-02-15 19:34:40.277129,Berlin-5554,21,54,Normal
2026-02-15 19:34:41.277129,Berlin-5554,24,28,Normal
2026-02-15 19:34:42.277129,Berlin-5554,42,33,Normal
2026-02-15 19:34:43.277129,Berlin-5554,4,26,Normal
2026-02-15 19:34:44.277129,Berlin-5554,15,36,Normal
2026-02-15 19:34:45.277129,Berlin-5554,-27,14,Normal
2026-02-15 19:34:46.277129,Berlin-5554,15,60,Normal
2026-02-15 19:34:47.277129,Berlin-5554,-20,47,Normal
2026-02-15 19:34:48.277129,Berlin-5554,-30,93,Normal
2026-02-15 19:34:49.277129,Berlin-5554,-20,8,Normal
2026-02-15 19:34:50.277129,Berlin-5554,-30,51,Normal
2026-02-15 19:34:51.277129,Berlin-5554,-12,48,Normal
2026-02-15 19:34:52.277129,Berlin-5554,47,44,Normal
2026-02-15 19:34:53.277129,Berlin-5554,44,46,Normal
2026-02-15 19:34:54.277129,Berlin-5554,-2,50,Normal
2026-02-15 19:34:55.277129,Berlin-5554,20,43,Normal
2026-02-15 19:34:56.277129,Berlin-5554,45,51,Normal
2026-02-15 19:34:57.277129,Berlin-5554,42,97,Normal
2026-02-15 19:34:58.277129,Berlin-5554,1,88,Normal
2026-02-15 19:34:59.277129,Berlin-5554,4,94,Normal
2026-02-15 19:35:00.277129,Berlin-5554,30,1,Normal
2026-02-15 19:35:01.277129,Berlin-5554,24,83,Normal
2026-02-15 19:35:02.277129,Berlin-5554,37,52,Normal
2026-02-15 19:35:03.277129,Berlin-5554,-16,24,Normal
2026-02-15 19:35:04.277129,Berlin-5554,4,56,Normal
2026-02-15 19:35:05.277129,Berlin-5554,-13,27,Normal
2026-02-15 19:35:06.277129,Berlin-5554,-16,3,Normal
2026-02-15 19:35:07.277129,Berlin-5554,5,84,Normal
2026-02-15 19:35:08.277129,Berlin-5554,20,47,Normal
2026-02-15 19:35:09.277129,Berlin-5554,40,15,Normal
2026-02-15 19:35:10.277129,Berlin-5554,40,70,Normal
2026-02-15 19:35:11.277129,Berlin-5554,27,83,Normal
2026-02-15 19:35:12.277129,Berlin-5554,35,95,Normal
2026-02-15 19:35:13.277129,Berlin-5554,41,22,Normal
2026-02-15 19:35:14.277129,Berlin-5554,34,13,Normal
2026-02-15 19:35:15.277129,Berlin-5554,-16,71,Normal
2026-02-15 19:35:16.277129,Berlin-5554,39,31,Normal
2026-02-15 19:35:17.277129,Berlin-5554,8,1,Normal
2026-02-15 19:35:18.277129,Berlin-5554,-25,54,Normal
2026-02-15 19:35:19.277129,Berlin-5554,36,26,Normal
2026-02-15 19:35:20.277129,Berlin-5554,-8,33,Normal
2026-02-15 19:35:21.277129,Berlin-5554,-14,71,Normal
2026-02-15 19:35:22.277129,Berlin-5554,-1,16,Normal
2026-02-15 19:35:23.277129,Berlin-5554,43,0,Normal
2026-02-15 19:35:24.277129,Berlin-5554,-25,1,Normal
2026-02-15 19:35:25.277129,Berlin-5554,14,48,Normal
2026-02-15 19:35:26.277129,Berlin-5554,5,70,Normal
2026-02-15 19:35:27.277129,Berlin-5554,20,1,Normal
2026-02-15 19:35:28.277129,Berlin-5554,11,58,Normal
2026-02-15 19:35:29.277129,Berlin-5554,5,6,Normal
2026-02-15 19:35:30.277129,Berlin-5554,17,13,Normal
2026-02-15 19:35:31.277129,Berlin-5554,-12,92,Normal
2026-02-15 19:35:32.277129,Berlin-5554,5,96,Normal
2026-02-15 19:35:33.277129,Berlin-5554,49,14,Normal
2026-02-15 19:35:34.277129,Berlin-5554,31,64,Normal
2026-02-15 19:35:35.277129,Berlin-5554,14,79,Normal
2026-02-15 19:35:36.277129,Berlin-5554,-2,82,Normal
2026-02-15 19:35:37.277129,Berlin-5554,36,83,Normal
2026-02-15 19:35:38.277129,Berlin-5554,15,55,Normal
2026-02-15 19:35:39.277129,Berlin-5554,-16,57,Normal
2026-02-15 19:35:40.277129,Berlin-5554,44,94,Normal
2026-02-15 19:35:41.277129,Berlin-5554,44,95,Normal
2026-02-15 19:35:42.277129,Berlin-5554,47,87,Normal
2026-02-15 19:35:43.277129,Berlin-5554,49,93,Normal
2026-02-15 19:35:44.277129,Berlin-5554,30,36,Normal
2026-02-15 19:35:45.277129,Berlin-5554,5,72,Normal
2026-02-15 19:35:46.277129,Berlin-5554,15,14,Normal
2026-02-15 19:35:47.277129,Berlin-5554,-5,1,Normal
2026-02-15 19:35:48.277129,Berlin-5554,18,4,Normal
2026-02-15 19:35:49.277129,Berlin-5554,-6,30,Normal
2026-02-15 19:35:50.277129,Berlin-5554,29,87,Normal
2026-02-15 19:35:51.277129,Berlin-5554,-10,27,Normal
2026-02-15 19:35:52.277129,Berlin-5554,35,100,Normal
2026-02-15 19:35:53.277129,Berlin-5554,13,79,Normal
2026-02-15 19:35:54.277129,Berlin-5554,6,13,Normal
2026-02-15 19:35:55.277129,Berlin-5554,-7,24,Normal
2026-02-15 19:35:56.277129,Berlin-5554,30,81,Normal
2026-02-15 19:35:57.277129,Berlin-5554,22,44,Normal
2026-02-15 19:35:58.277129,Berlin-5554,-28,95,Normal
2026-02-15 19:35:59.277129,Berlin-5554,0,77,Normal
2026-02-15 19:36:00.277129,Berlin-5554,31,62,Normal
2026-02-15 19:36:01.277129,Berlin-5554,-30,41,Normal
2026-02-15 19:36:02.277129,Berlin-5554,47,49,Normal
2026-02-15 19:36:03.277129,Berlin-5554,-22,5,Normal
2026-02-15 19:36:04.277129,Berlin-5554,-16,28,Normal
2026-02-15 19:36:05.277129,Berlin-5554,18,88,Normal
2026-02-15 19:36:06.277129,Berlin-5554,-17,30,Normal
2026-02-15 19:36:07.277129,Berlin-5554,26,86,Normal
2026-02-15 19:36:08.277129,Berlin-5554,34,45,Normal
2026-02-15 19:36:09.277129,Berlin-5554,0,13,Normal
2026-02-15 19:36:10.277129,Berlin-5554,44,41,Normal
2026-02-15 19:36:11.277129,Berlin-5554,14,73,Normal
2026-02-15 19:36:12.277129,Berlin-5554,-5,100,Normal
2026-02-15 19:36:13.277129,Berlin-5554,3,5,Normal
2026-02-15 19:36:14.277129,Berlin-5554,20,78,Normal
2026-02-15 19:36:15.277129,Berlin-5554,44,74,Normal
2026-02-15 19:36:16.277129,Berlin-5554,22,63,Normal
2026-02-15 19:36:17.277129,Berlin-5554,-23,0,Normal
2026-02-15 19:36:18.277129,Berlin-5554,33,5,Normal
2026-02-15 19:36:19.277129,Berlin-5554,3,36,Normal
2026-02-15 19:36:20.277129,Berlin-5554,37,98,Normal
2026-02-15 19:36:21.277129,Berlin-5554,13,29,Normal
2026-02-15 19:36:22.277129,Berlin-5554,-24,27,Normal
2026-02-15 19:36:23.277129,Berlin-5554,43,5,Normal
2026-02-15 19:36:24.277129,Berlin-5554,10,30,Normal
2026-02-15 19:36:25.277129,Berlin-5554,7,10,Normal
2026-02-15 19:36:26.277129,Berlin-5554,47,84,Normal
2026-02-15 19:36:27.277129,Berlin-5554,28,87,Normal
2026-02-15 19:36:28.277129,Berlin-5554,13,46,Normal
2026-02-15 19:36:29.277129,Berlin-5554,0,6,Normal
2026-02-15 19:36:30.277129,Berlin-5554,31,73,Normal
2026-02-15 19:36:31.277129,Berlin-5554,15,18,Normal
2026-02-15 19:36:32.277129,Berlin-5554,-12,83,Normal
2026-02-15 19:36:33.277129,Berlin-5554,35,57,Normal
2026-02-15 19:36:34.277129,Berlin-5554,34,68,Normal
2026-02-15 19:36:35.277129,Berlin-5554,-18,20,Normal
2026-02-15 19:36:36.277129,Berlin-5554,39,95,Normal
2026-02-15 19:36:37.277129,Berlin-5554,48,97,Normal
2026-02-15 19:36:38.277129,Berlin-5554,-26,19,Normal
2026-02-15 19:36:39.277129,Berlin-5554,41,96,Normal
2026-02-15 19:36:40.277129,Berlin-5554,-23,1,Normal
2026-02-15 19:36:41.277129,Berlin-5554,12,77,Normal
2026-02-15 19:36:42.277129,Berlin-5554,22,94,Normal
2026-02-15 19:36:43.277129,Berlin-5554,-24,71,Normal
2026-02-15 19:36:44.277129,Berlin-5554,19,10,Normal
2026-02-15 19:36:45.277129,Berlin-5554,4,19,Normal
2026-02-15 19:36:46.277129,Berlin-5554,37,23,Normal
2026-02-15 19:36:47.277129,Berlin-5554,45,65,Normal
2026-02-15 19:36:48.277129,Berlin-5554,41,78,Normal
2026-02-15 19:36:49.277129,Berlin-5554,0,98,Normal
2026-02-15 19:36:50.277129,Berlin-5554,26,35,Normal
2026-02-15 19:36:51.277129,Berlin-5554,-11,88,Normal
2026-02-15 19:36:52.277129,Berlin-5554,20,78,Normal
2026-02-15 19:36:53.277129,Berlin-5554,30,2,Normal
2026-02-15 19:36:54.277129,Berlin-5554,3,74,Normal
2026-02-15 19:36:55.277129,Berlin-5554,-30,64,Normal
2026-02-15 19:36:56.277129,Berlin-5554,31,16,Normal
2026-02-15 19:36:57.277129,Berlin-5554,1,79,Normal
2026-02-15 19:36:58.277129,Berlin-5554,-4,55,Normal
2026-02-15 19:36:59.277129,Berlin-5554,-29,15,Normal
2026-02-15 19:37:00.277129,Berlin-5554,-9,81,Normal
2026-02-15 19:37:01.277129,Berlin-5554,1,9,Normal
2026-02-15 19:37:02.277129,Berlin-5554,-17,69,Normal
2026-02-15 19:37:03.277129,Berlin-5554,13,32,Normal
2026-02-15 19:37:04.277129,Berlin-5554,49,74,Normal
2026-02-15 19:37:05.277129,Berlin-5554,-15,44,Normal
2026-02-15 19:37:06.277129,Berlin-5554,-24,15,Normal
2026-02-15 19:37:07.277129,Berlin-5554,-29,24,Normal
2026-02-15 19:37:08.277129,Berlin-5554,-22,82,Normal
2026-02-15 19:37:09.277129,Berlin-5554,20,91,Normal
2026-02-15 19:37:10.277129,Berlin-5554,-28,91,Normal
2026-02-15 19:37:11.277129,Berlin-5554,-16,0,Normal
2026-02-15 19:37:12.277129,Berlin-5554,27,84,Normal
2026-02-15 19:37:13.277129,Berlin-5554,43,64,Normal
2026-02-15 19:37:14.277129,Berlin-5554,11,11,Normal
2026-02-15 19:37:15.277129,Berlin-5554,-19,31,Normal
2026-02-15 19:37:16.277129,Berlin-5554,3,61,Normal
2026-02-15 19:37:17.277129,Berlin-5554,42,79,Normal
2026-02-15 19:37:18.277129,Berlin-5554,-12,99,Normal
2026-02-15 19:37:19.277129,Berlin-5554,20,95,Normal
2026-02-15 19:37:20.277129,Berlin-5554,-30,60,Normal
2026-02-15 19:37:21.277129,Berlin-5554,16,14,Normal
2026-02-15 19:37:22.277129,Berlin-5554,30,20,Normal
2026-02-15 19:37:23.277129,Berlin-5554,-29,46,Normal
2026-02-15 19:37:24.277129,Berlin-5554,-15,85,Normal
2026-02-15 19:37:25.277129,Berlin-5554,-1,100,Normal
2026-02-15 19:37:26.277129,Berlin-5554,12,40,Normal
2026-02-15 19:37:27.277129,Berlin-5554,32,70,Normal
2026-02-15 19:37:28.277129,Berlin-5554,26,39,Normal
2026-02-15 19:37:29.277129,Berlin-5554,-1,13,Normal
2026-02-15 19:37:30.277129,Berlin-5554,46,10,Normal
2026-02-15 19:37:31.277129,Berlin-5554,-23,34,Normal
2026-02-15 19:37:32.277129,Berlin-5554,42,15,Normal
2026-02-15 19:37:33.277129,Berlin-5554,-10,97,Normal
2026-02-15 19:37:34.277129,Berlin-5554,31,20,Normal
2026-02-15 19:37:35.277129,Berlin-5554,39,3,Normal
2026-02-15 19:37:36.277129,Berlin-5554,-25,19,Normal
2026-02-15 19:37:37.277129,Berlin-5554,-27,75,Normal
2026-02-15 19:37:38.277129,Berlin-5554,10,54,Normal
2026-02-15 19:37:39.277129,Berlin-5554,-9,27,Normal
2026-02-15 19:37:40.277129,Berlin-5554,25,9,Normal
2026-02-15 19:37:41.277129,Berlin-5554,-14,54,Normal
2026-02-15 19:37:42.277129,Berlin-5554,-12,54,Normal
2026-02-15 19:37:43.277129,Berlin-5554,-19,75,Normal
2026-02-15 19:37:44.277129,Berlin-5554,16,47,Normal
2026-02-15 19:37:45.277129,Berlin-5554,-10,99,Normal
2026-02-15 19:37:46.277129,Berlin-5554,38,7,Normal
2026-02-15 19:37:47.277129,Berlin-5554,24,4,Normal
2026-02-15 19:37:48.277129,Berlin-5554,10,32,Normal
2026-02-15 19:37:49.277129,Berlin-5554,12,49,Normal
2026-02-15 19:37:50.277129,Berlin-5554,-2,28,Normal
2026-02-15 19:37:51.277129,Berlin-5554,50,57,Normal
2026-02-15 19:37:52.277129,Berlin-5554,9,66,Normal
2026-02-15 19:37:53.277129,Berlin-5554,6,39,Normal
2026-02-15 19:37:54.277129,Berlin-5554,-22,32,Normal
2026-02-15 19:37:55.277129,Berlin-5554,25,44,Normal
2026-02-15 19:37:56.277129,Berlin-5554,-27,24,Normal
2026-02-15 19:37:57.277129,Berlin-5554,-8,13,Normal
2026-02-15 19:37:58.277129,Berlin-5554,47,86,Normal
2026-02-15 19:37:59.277129,Berlin-5554,38,30,Normal
2026-02-15 19:38:00.277129,Berlin-5554,47,60,Normal
2026-02-15 19:38:01.277129,Berlin-5554,3,8,Normal
2026-02-15 19:38:02.277129,Berlin-5554,45,18,Normal
2026-02-15 19:38:03.277129,Berlin-5554,-10,56,Normal
2026-02-15 19:38:04.277129,Berlin-5554,-27,1,Normal
2026-02-15 19:38:05.277129,Berlin-5554,26,51,Normal
2026-02-15 19:38:06.277129,Berlin-5554,38,94,Normal
2026-02-15 19:38:07.277129,Berlin-5554,2,92,Normal
2026-02-15 19:38:08.277129,Berlin-5554,4,14,Normal
2026-02-15 19:38:09.277129,Berlin-5554,-9,11,Normal
2026-02-15 19:38:10.277129,Berlin-5554,-1,23,Normal
2026-02-15 19:38:11.277129,Berlin-5554,-9,1,Normal
2026-02-15 19:38:12.277129,Berlin-5554,-24,96,Normal
2026-02-15 19:38:13.277129,Berlin-5554,48,55,Normal
2026-02-15 19:38:14.277129,Berlin-5554,44,30,Normal
2026-02-15 19:38:15.277129,Berlin-5554,23,74,Normal
2026-02-15 19:38:16.277129,Berlin-5554,5,3,Normal
2026-02-15 19:38:17.277129,Berlin-5554,23,21,Normal
2026-02-15 19:38:18.277129,Berlin-5554,33,75,Normal
2026-02-15 19:38:19.277129,Berlin-5554,8,0,Normal
2026-02-15 19:38:20.277129,Berlin-5554,-13,92,Normal
2026-02-15 19:38:21.277129,Berlin-5554,1,55,Normal
2026-02-15 19:38:22.277129,Berlin-5554,-9,79,Normal
2026-02-15 19:38:23.277129,Berlin-5554,43,96,Normal
2026-02-15 19:38:24.277129,Berlin-5554,5,99,Normal
2026-02-15 19:38:25.277129,Berlin-5554,-2,9,Normal
2026-02-15 19:38:26.277129,Berlin-5554,-2,55,Normal
2026-02-15 19:38:27.277129,Berlin-5554,-11,99,Normal
2026-02-15 19:38:28.277129,Berlin-5554,-24,18,Normal
2026-02-15 19:38:29.277129,Berlin-5554,7,34,Normal
2026-02-15 19:38:30.277129,Berlin-5554,23,64,Normal
2026-02-15 19:38:31.277129,Berlin-5554,4,3,Normal
2026-02-15 19:38:32.277129,Berlin-5554,14,74,Normal
2026-02-15 19:38:33.277129,Berlin-5554,36,61,Normal
2026-02-15 19:38:34.277129,Berlin-5554,-28,70,Normal
2026-02-15 19:38:35.277129,Berlin-5554,27,14,Normal
2026-02-15 19:38:36.277129,Berlin-5554,23,27,Normal
2026-02-15 19:38:37.277129,Berlin-5554,-14,98,Normal
2026-02-15 19:38:38.277129,Berlin-5554,17,49,Normal
2026-02-15 19:38:39.277129,Berlin-5554,33,93,Normal
2026-02-15 19:38:40.277129,Berlin-5554,34,72,Normal
2026-02-15 19:38:41.277129,Berlin-5554,10,31,Normal
2026-02-15 19:38:42.277129,Berlin-5554,-9,38,Normal
2026-02-15 19:38:43.277129,Berlin-5554,28,58,Normal
2026-02-15 19:38:44.277129,Berlin-5554,6,10,Normal
2026-02-15 19:38:45.277129,Berlin-5554,9,72,Normal
2026-02-15 19:38:46.277129,Berlin-5554,27,19,Normal
2026-02-15 19:38:47.277129,Berlin-5554,-18,29,Normal
2026-02-15 19:38:48.277129,Berlin-5554,-3,21,Normal
2026-02-15 19:38:49.277129,Berlin-5554,36,40,Normal
2026-02-15 19:38:50.277129,Berlin-5554,6,62,Normal
2026-02-15 19:38:51.277129,Berlin-5554,38,94,Normal
2026-02-15 19:38:52.277129,Berlin-5554,-10,73,Normal
2026-02-15 19:38:53.277129,Berlin-5554,-28,23,Normal
2026-02-15 19:38:54.277129,Berlin-5554,38,76,Normal
2026-02-15 19:38:55.277129,Berlin-5554,50,21,Normal
2026-02-15 19:38:56.277129,Berlin-5554,17,55,Normal
2026-02-15 19:38:57.277129,Berlin-5554,-19,79,Normal
2026-02-15 19:38:58.277129,Berlin-5554,41,69,Normal
2026-02-15 19:38:59.277129,Berlin-5554,-18,80,Normal
2026-02-15 19:39:00.277129,Berlin-5554,-19,45,Normal
2026-02-15 19:39:01.277129,Berlin-5554,6,48,Normal
2026-02-15 19:39:02.277129,Berlin-5554,34,29,Normal
2026-02-15 19:39:03.277129,Berlin-5554,-27,73,Normal
2026-02-15 19:39:04.277129,Berlin-5554,1,21,Normal
2026-02-15 19:39:05.277129,Berlin-5554,46,3,Normal
2026-02-15 19:39:06.277129,Berlin-5554,47,60,Normal
2026-02-15 19:39:07.277129,Berlin-5554,34,26,Normal
2026-02-15 19:39:08.277129,Berlin-5554,-29,85,Normal
2026-02-15 19:39:09.277129,Berlin-5554,-26,17,Normal
2026-02-15 19:39:10.277129,Berlin-5554,25,29,Normal
2026-02-15 19:39:11.277129,Berlin-5554,34,52,Normal
2026-02-15 19:39:12.277129,Berlin-5554,-18,12,Normal
2026-02-15 19:39:13.277129,Berlin-5554,13,83,Normal
2026-02-15 19:39:14.277129,Berlin-5554,-15,36,Normal
2026-02-15 19:39:15.277129,Berlin-5554,5,81,Normal
2026-02-15 19:39:16.277129,Berlin-5554,6,80,Normal
2026-02-15 19:39:17.277129,Berlin-5554,48,79,Normal
2026-02-15 19:39:18.277129,Berlin-5554,23,92,Normal
2026-02-15 19:39:19.277129,Berlin-5554,38,49,Normal
2026-02-15 19:39:20.277129,Berlin-5554,-15,90,Normal
2026-02-15 19:39:21.277129,Berlin-5554,46,3,Normal
2026-02-15 19:39:22.277129,Berlin-5554,18,23,Normal
2026-02-15 19:39:23.277129,Berlin-5554,-27,66,Normal
2026-02-15 19:39:24.277129,Berlin-5554,29,82,Normal
2026-02-15 19:39:25.277129,Berlin-5554,-7,15,Normal
2026-02-15 19:39:26.277129,Berlin-5554,49,55,Normal
2026-02-15 19:39:27.277129,Berlin-5554,-24,38,Normal
2026-02-15 19:39:28.277129,Berlin-5554,50,75,Normal
2026-02-15 19:39:29.277129,Berlin-5554,34,49,Normal
2026-02-15 19:39:30.277129,Berlin-5554,-14,99,Normal
2026-02-15 19:39:31.277129,Berlin-5554,26,39,Normal
2026-02-15 19:39:32.277129,Berlin-5554,48,74,Normal
2026-02-15 19:39:33.277129,Berlin-5554,28,29,Normal
2026-02-15 19:39:34.277129,Berlin-5554,19,76,Normal
2026-02-15 19:39:35.277129,Berlin-5554,-9,100,Normal
2026-02-15 19:39:36.277129,Berlin-5554,-7,11,Normal
2026-02-15 19:39:37.277129,Berlin-5554,15,92,Normal
2026-02-15 19:39:38.277129,Berlin-5554,-3,26,Normal
2026-02-15 19:39:39.277129,Berlin-5554,26,65,Normal
2026-02-15 19:39:40.277129,Berlin-5554,46,1,Normal
2026-02-15 19:39:41.277129,Berlin-5554,-22,8,Normal
2026-02-15 19:39:42.277129,Berlin-5554,34,28,Normal
2026-02-15 19:39:43.277129,Berlin-5554,-4,4,Normal
2026-02-15 19:39:44.277129,Berlin-5554,-23,66,Normal
2026-02-15 19:39:45.277129,Berlin-5554,50,92,Normal
2026-02-15 19:39:46.277129,Berlin-5554,24,41,Normal
2026-02-15 19:39:47.277129,Berlin-5554,-27,25,Normal
2026-02-15 19:39:48.277129,Berlin-5554,8,50,Normal
2026-02-15 19:39:49.277129,Berlin-5554,4,34,Normal
2026-02-15 19:39:50.277129,Berlin-5554,36,88,Normal
2026-02-15 19:39:51.277129,Berlin-5554,-3,91,Normal
2026-02-15 19:39:52.277129,Berlin-5554,-11,53,Normal
2026-02-15 19:39:53.277129,Berlin-5554,27,99,Normal
2026-02-15 19:39:54.277129,Berlin-5554,39,59,Normal
2026-02-15 19:39:55.277129,Berlin-5554,-22,96,Normal
2026-02-15 19:39:56.277129,Berlin-5554,19,19,Normal
2026-02-15 19:39:57.277129,Berlin-5554,10,100,Normal
2026-02-15 19:39:58.277129,Berlin-5554,40,3,Normal
2026-02-15 19:39:59.277129,Berlin-5554,2,16,Normal
2026-02-15 19:40:00.277129,Berlin-5554,-24,33,Normal
2026-02-15 19:40:01.277129,Berlin-5554,9,33,Normal
2026-02-15 19:40:02.277129,Berlin-5554,-3,75,Normal
2026-02-15 19:40:03.277129,Berlin-5554,46,31,Normal
2026-02-15 19:40:04.277129,Berlin-5554,2,82,Normal
2026-02-15 19:40:05.277129,Berlin-5554,-24,68,Normal
2026-02-15 19:40:06.277129,Berlin-5554,15,58,Normal
2026-02-15 19:40:07.277129,Berlin-5554,-1,19,Normal
2026-02-15 19:40:08.277129,Berlin-5554,-24,16,Normal
2026-02-15 19:40:09.277129,Berlin-5554,-9,86,Normal
2026-02-15 19:40:10.277129,Berlin-5554,5,44,Normal
2026-02-15 19:40:11.277129,Berlin-5554,47,36,Normal
2026-02-15 19:40:12.277129,Berlin-5554,-21,75,Normal
2026-02-15 19:40:13.277129,Berlin-5554,-29,51,Normal
2026-02-15 19:40:14.277129,Berlin-5554,9,41,Normal
2026-02-15 19:40:15.277129,Berlin-5554,45,53,Normal
2026-02-15 19:40:16.277129,Berlin-5554,8,50,Normal
2026-02-15 19:40:17.277129,Berlin-5554,-9,82,Normal
2026-02-15 19:40:18.277129,Berlin-5554,14,56,Normal
2026-02-15 19:40:19.277129,Berlin-5554,8,10,Normal
2026-02-15 19:40:20.277129,Berlin-5554,40,96,Normal
2026-02-15 19:40:21.277129,Berlin-5554,-8,42,Normal
2026-02-15 19:40:22.277129,Berlin-5554,41,0,Normal
2026-02-15 19:40:23.277129,Berlin-5554,-21,60,Normal
2026-02-15 19:40:24.277129,Berlin-5554,6,44,Normal
2026-02-15 19:40:25.277129,Berlin-5554,12,48,Normal
2026-02-15 19:40:26.277129,Berlin-5554,26,17,Normal
2026-02-15 19:40:27.277129,Berlin-5554,21,57,Normal
2026-02-15 19:40:28.277129,Berlin-5554,8,33,Normal
2026-02-15 19:40:29.277129,Berlin-5554,49,47,Normal
2026-02-15 19:40:30.277129,Berlin-5554,38,10,Normal
2026-02-15 19:40:31.277129,Berlin-5554,14,51,Normal
2026-02-15 19:40:32.277129,Berlin-5554,-13,29,Normal
2026-02-15 19:40:33.277129,Berlin-5554,27,52,Normal
2026-02-15 19:40:34.277129,Berlin-5554,29,29,Normal
2026-02-15 19:40:35.277129,Berlin-5554,11,6,Normal
2026-02-15 19:40:36.277129,Berlin-5554,2,54,Normal
2026-02-15 19:40:37.277129,Berlin-5554,-24,86,Normal
2026-02-15 19:40:38.277129,Berlin-5554,31,58,Normal
2026-02-15 19:40:39.277129,Berlin-5554,47,0,Normal
2026-02-15 19:40:40.277129,Berlin-5554,-20,31,Normal
2026-02-15 19:40:41.277129,Berlin-5554,-24,18,Normal
2026-02-15 19:40:42.277129,Berlin-5554,45,96,Normal
2026-02-15 19:40:43.277129,Berlin-5554,9,35,Normal
2026-02-15 19:40:44.277129,Berlin-5554,10,27,Normal
2026-02-15 19:40:45.277129,Berlin-5554,38,98,Normal
2026-02-15 19:40:46.277129,Berlin-5554,23,40,Normal
2026-02-15 19:40:47.277129,Berlin-5554,50,10,Normal
2026-02-15 19:40:48.277129,Berlin-5554,-3,9,Normal
2026-02-15 19:40:49.277129,Berlin-5554,46,90,Normal
2026-02-15 19:40:50.277129,Berlin-5554,40,0,Normal
2026-02-15 19:40:51.277129,Berlin-5554,-19,76,Normal
2026-02-15 19:40:52.277129,Berlin-5554,28,75,Normal
2026-02-15 19:40:53.277129,Berlin-5554,48,14,Normal
2026-02-15 19:40:54.277129,Berlin-5554,26,91,Normal
2026-02-15 19:40:55.277129,Berlin-5554,44,59,Normal
2026-02-15 19:40:56.277129,Berlin-5554,43,51,Normal
2026-02-15 19:40:57.277129,Berlin-5554,15,48,Normal
2026-02-15 19:40:58.277129,Berlin-5554,33,18,Normal
2026-02-15 19:40:59.277129,Berlin-5554,-6,26,Normal
2026-02-15 19:41:00.277129,Berlin-5554,50,16,Normal
2026-02-15 19:41:01.277129,Berlin-5554,8,81,Normal
2026-02-15 19:41:02.277129,Berlin-5554,35,0,Normal
2026-02-15 19:41:03.277129,Berlin-5554,49,87,Normal
2026-02-15 19:41:04.277129,Berlin-5554,-16,65,Normal
2026-02-15 19:41:05.277129,Berlin-5554,14,67,Normal
2026-02-15 19:41:06.277129,Berlin-5554,27,88,Normal
2026-02-15 19:41:07.277129,Berlin-5554,42,65,Normal
2026-02-15 19:41:08.277129,Berlin-5554,10,71,Normal
2026-02-15 19:41:09.277129,Berlin-5554,31,84,Normal
2026-02-15 19:41:10.277129,Berlin-5554,8,54,Normal
2026-02-15 19:41:11.277129,Berlin-5554,26,70,Normal
2026-02-15 19:41:12.277129,Berlin-5554,-4,88,Normal
2026-02-15 19:41:13.277129,Berlin-5554,7,19,Normal
2026-02-15 19:41:14.277129,Berlin-5554,-14,11,Normal
2026-02-15 19:41:15.277129,Berlin-5554,7,17,Normal
2026-02-15 19:41:16.277129,Berlin-5554,17,47,Normal
2026-02-15 19:41:17.277129,Berlin-5554,-15,14,Normal
2026-02-15 19:41:18.277129,Berlin-5554,-21,38,Normal
2026-02-15 19:41:19.277129,Berlin-5554,-10,3,Normal
2026-02-15 19:41:20.277129,Berlin-5554,32,83,Normal
2026-02-15 19:41:21.277129,Berlin-5554,23,42,Normal
2026-02-15 19:41:22.277129,Berlin-5554,-20,90,Normal
2026-02-15 19:41:23.277129,Berlin-5554,38,74,Normal
2026-02-15 19:41:24.277129,Berlin-5554,24,90,Normal
2026-02-15 19:41:25.277129,Berlin-5554,-5,78,Normal
2026-02-15 19:41:26.277129,Berlin-5554,1,73,Normal
2026-02-15 19:41:27.277129,Berlin-5554,-12,69,Normal
2026-02-15 19:41:28.277129,Berlin-5554,-14,39,Normal
2026-02-15 19:41:29.277129,Berlin-5554,14,63,Normal
2026-02-15 19:41:30.277129,Berlin-5554,6,39,Normal
2026-02-15 19:41:31.277129,Berlin-5554,-9,76,Normal
2026-02-15 19:41:32.277129,Berlin-5554,-22,84,Normal
2026-02-15 19:41:33.277129,Berlin-5554,43,86,Normal
2026-02-15 19:41:34.277129,Berlin-5554,9,29,Normal
2026-02-15 19:41:35.277129,Berlin-5554,28,97,Normal
2026-02-15 19:41:36.277129,Berlin-5554,31,86,Normal
2026-02-15 19:41:37.277129,Berlin-5554,5,0,Normal
2026-02-15 19:41:38.277129,Berlin-5554,-25,57,Normal
2026-02-15 19:41:39.277129,Berlin-5554,30,87,Normal
2026-02-15 19:41:40.277129,Berlin-5554,-18,53,Normal
2026-02-15 19:41:41.277129,Berlin-5554,36,50,Normal
2026-02-15 19:41:42.277129,Berlin-5554,41,54,Normal
2026-02-15 19:41:43.277129,Berlin-5554,29,94,Normal
2026-02-15 19:41:44.277129,Berlin-5554,-24,26,Normal
2026-02-15 19:41:45.277129,Berlin-5554,9,70,Normal
2026-02-15 19:41:46.277129,Berlin-5554,35,34,Normal
2026-02-15 19:41:47.277129,Berlin-5554,11,89,Normal
2026-02-15 19:41:48.277129,Berlin-5554,-4,63,Normal
2026-02-15 19:41:49.277129,Berlin-5554,4,21,Normal
2026-02-15 19:41:50.277129,Berlin-5554,49,29,Normal
2026-02-15 19:41:51.277129,Berlin-5554,50,68,Normal
2026-02-15 19:41:52.277129,Berlin-5554,44,20,Normal
2026-02-15 19:41:53.277129,Berlin-5554,13,12,Normal
2026-02-15 19:41:54.277129,Berlin-5554,6,90,Normal
2026-02-15 19:41:55.277129,Berlin-5554,-17,30,Normal
2026-02-15 19:41:56.277129,Berlin-5554,30,72,Normal
2026-02-15 19:41:57.277129,Berlin-5554,27,21,Normal
2026-02-15 19:41:58.277129,Berlin-5554,-11,69,Normal
2026-02-15 19:41:59.277129,Berlin-5554,-10,38,Normal
2026-02-15 19:42:00.277129,Berlin-5554,42,85,Normal
2026-02-15 19:42:01.277129,Berlin-5554,22,91,Normal
2026-02-15 19:42:02.277129,Berlin-5554,-25,95,Normal
2026-02-15 19:42:03.277129,Berlin-5554,32,1,Normal
2026-02-15 19:42:04.277129,Berlin-5554,24,28,Normal
2026-02-15 19:42:05.277129,Berlin-5554,4,64,Normal
2026-02-15 19:42:06.277129,Berlin-5554,48,3,Normal
2026-02-15 19:42:07.277129,Berlin-5554,-24,44,Normal
2026-02-15 19:42:08.277129,Berlin-5554,-9,61,Normal
2026-02-15 19:42:09.277129,Berlin-5554,28,48,Normal
2026-02-15 19:42:10.277129,Berlin-5554,49,60,Normal
2026-02-15 19:42:11.277129,Berlin-5554,-19,61,Normal
2026-02-15 19:42:12.277129,Berlin-5554,-3,26,Normal
2026-02-15 19:42:13.277129,Berlin-5554,-3,38,Normal
2026-02-15 19:42:14.277129,Berlin-5554,11,82,Normal
2026-02-15 19:42:15.277129,Berlin-5554,-30,93,Normal
2026-02-15 19:42:16.277129,Berlin-5554,6,100,Normal
2026-02-15 19:42:17.277129,Berlin-5554,-5,94,Normal
2026-02-15 19:42:18.277129,Berlin-5554,35,42,Normal
2026-02-15 19:42:19.277129,Berlin-5554,26,48,Normal
2026-02-15 19:42:20.277129,Berlin-5554,47,11,Normal
2026-02-15 19:42:21.277129,Berlin-5554,28,44,Normal
2026-02-15 19:42:22.277129,Berlin-5554,45,52,Normal
2026-02-15 19:42:23.277129,Berlin-5554,-6,53,Normal
2026-02-15 19:42:24.277129,Berlin-5554,38,95,Normal
2026-02-15 19:42:25.277129,Berlin-5554,31,29,Normal
2026-02-15 19:42:26.277129,Berlin-5554,37,77,Normal
2026-02-15 19:42:27.277129,Berlin-5554,-6,35,Normal
2026-02-15 19:42:28.277129,Berlin-5554,11,26,Normal
2026-02-15 19:42:29.277129,Berlin-5554,25,82,Normal
2026-02-15 19:42:30.277129,Berlin-5554,14,100,Normal
2026-02-15 19:42:31.277129,Berlin-5554,2,97,Normal
2026-02-15 19:42:32.277129,Berlin-5554,32,74,Normal
2026-02-15 19:42:33.277129,Berlin-5554,-6,46,Normal
2026-02-15 19:42:34.277129,Berlin-5554,12,67,Normal
2026-02-15 19:42:35.277129,Berlin-5554,-5,99,Normal
2026-02-15 19:42:36.277129,Berlin-5554,12,59,Normal
2026-02-15 19:42:37.277129,Berlin-5554,0,24,Normal
2026-02-15 19:42:38.277129,Berlin-5554,-17,88,Normal
2026-02-15 19:42:39.277129,Berlin-5554,-13,69,Normal
2026-02-15 19:42:40.277129,Berlin-5554,-15,7,Normal
2026-02-15 19:42:41.277129,Berlin-5554,-4,91,Normal
2026-02-15 19:42:42.277129,Berlin-5554,-11,54,Normal
2026-02-15 19:42:43.277129,Berlin-5554,-18,30,Normal
2026-02-15 19:42:44.277129,Berlin-5554,2,82,Normal
2026-02-15 19:42:45.277129,Berlin-5554,15,77,Normal
2026-02-15 19:42:46.277129,Berlin-5554,22,80,Normal
2026-02-15 19:42:47.277129,Berlin-5554,8,72,Normal
2026-02-15 19:42:48.277129,Berlin-5554,4,9,Normal
2026-02-15 19:42:49.277129,Berlin-5554,-29,51,Normal
2026-02-15 19:42:50.277129,Berlin-5554,-23,37,Normal
2026-02-15 19:42:51.277129,Berlin-5554,-11,27,Normal
2026-02-15 19:42:52.277129,Berlin-5554,-26,63,Normal
2026-02-15 19:42:53.277129,Berlin-5554,19,34,Normal
2026-02-15 19:42:54.277129,Berlin-5554,-16,71,Normal
2026-02-15 19:42:55.277129,Berlin-5554,27,68,Normal
2026-02-15 19:42:56.277129,Berlin-5554,16,57,Normal
2026-02-15 19:42:57.277129,Berlin-5554,-14,70,Normal
2026-02-15 19:42:58.277129,Berlin-5554,30,35,Normal
2026-02-15 19:42:59.277129,Berlin-5554,0,26,Normal
2026-02-15 19:43:00.277129,Berlin-5554,-1,61,Normal
2026-02-15 19:43:01.277129,Berlin-5554,-20,50,Normal
2026-02-15 19:43:02.277129,Berlin-5554,-23,97,Normal
2026-02-15 19:43:03.277129,Berlin-5554,39,29,Normal
2026-02-15 19:43:04.277129,Berlin-5554,19,69,Normal
2026-02-15 19:43:05.277129,Berlin-5554,34,55,Normal
2026-02-15 19:43:06.277129,Berlin-5554,48,52,Normal
2026-02-15 19:43:07.277129,Berlin-5554,-13,55,Normal
2026-02-15 19:43:08.277129,Berlin-5554,40,19,Normal
2026-02-15 19:43:09.277129,Berlin-5554,15,42,Normal
2026-02-15 19:43:10.277129,Berlin-5554,31,58,Normal
2026-02-15 19:43:11.277129,Berlin-5554,-23,32,Normal
2026-02-15 19:43:12.277129,Berlin-5554,-18,69,Normal
2026-02-15 19:43:13.277129,Berlin-5554,37,69,Normal
2026-02-15 19:43:14.277129,Berlin-5554,43,18,Normal
2026-02-15 19:43:15.277129,Berlin-5554,38,44,Normal
2026-02-15 19:43:16.277129,Berlin-5554,-5,82,Normal
2026-02-15 19:43:17.277129,Berlin-5554,29,59,Normal
2026-02-15 19:43:18.277129,Berlin-5554,-26,20,Normal
2026-02-15 19:43:19.277129,Berlin-5554,-5,29,Normal
2026-02-15 19:43:20.277129,Berlin-5554,25,67,Normal
2026-02-15 19:43:21.277129,Berlin-5554,29,11,Normal
2026-02-15 19:43:22.277129,Berlin-5554,-23,85,Normal
2026-02-15 19:43:23.277129,Berlin-5554,26,35,Normal
2026-02-15 19:43:24.277129,Berlin-5554,22,68,Normal
2026-02-15 19:43:25.277129,Berlin-5554,25,32,Normal
2026-02-15 19:43:26.277129,Berlin-5554,10,26,Normal
2026-02-15 19:43:27.277129,Berlin-5554,49,39,Normal
2026-02-15 19:43:28.277129,Berlin-5554,45,96,Normal
2026-02-15 19:43:29.277129,Berlin-5554,49,30,Normal
2026-02-15 19:43:30.277129,Berlin-5554,-18,94,Normal
2026-02-15 19:43:31.277129,Berlin-5554,42,0,Normal
2026-02-15 19:43:32.277129,Berlin-5554,26,51,Normal
2026-02-15 19:43:33.277129,Berlin-5554,21,64,Normal
2026-02-15 19:43:34.277129,Berlin-5554,18,4,Normal
2026-02-15 19:43:35.277129,Berlin-5554,16,38,Normal
2026-02-15 19:43:36.277129,Berlin-5554,-19,5,Normal
2026-02-15 19:43:37.277129,Berlin-5554,37,22,Normal
2026-02-15 19:43:38.277129,Berlin-5554,1,29,Normal
2026-02-15 19:43:39.277129,Berlin-5554,-18,95,Normal
2026-02-15 19:43:40.277129,Berlin-5554,-25,96,Normal
2026-02-15 19:43:41.277129,Berlin-5554,-20,31,Normal
2026-02-15 19:43:42.277129,Berlin-5554,-2,97,Normal
2026-02-15 19:43:43.277129,Berlin-5554,50,16,Normal
2026-02-15 19:43:44.277129,Berlin-5554,-4,99,Normal
2026-02-15 19:43:45.277129,Berlin-5554,8,33,Normal
2026-02-15 19:43:46.277129,Berlin-5554,19,15,Normal
2026-02-15 19:43:47.277129,Berlin-5554,24,93,Normal
2026-02-15 19:43:48.277129,Berlin-5554,-9,63,Normal
2026-02-15 19:43:49.277129,Berlin-5554,23,79,Normal
2026-02-15 19:43:50.277129,Berlin-5554,4,14,Normal
2026-02-15 19:43:51.277129,Berlin-5554,50,66,Normal
2026-02-15 19:43:52.277129,Berlin-5554,-9,32,Normal
2026-02-15 19:43:53.277129,Berlin-5554,16,66,Normal
2026-02-15 19:43:54.277129,Berlin-5554,-5,93,Normal
2026-02-15 19:43:55.277129,Berlin-5554,32,43,Normal
2026-02-15 19:43:56.277129,Berlin-5554,4,62,Normal
2026-02-15 19:43:57.277129,Berlin-5554,-29,62,Normal
2026-02-15 19:43:58.277129,Berlin-5554,24,57,Normal
2026-02-15 19:43:59.277129,Berlin-5554,7,23,Normal
2026-02-15 19:44:00.277129,Berlin-5554,48,52,Normal
2026-02-15 19:44:01.277129,Berlin-5554,46,90,Normal
2026-02-15 19:44:02.277129,Berlin-5554,-15,81,Normal
2026-02-15 19:44:03.277129,Berlin-5554,1,17,Normal
2026-02-15 19:44:04.277129,Berlin-5554,-13,64,Normal
2026-02-15 19:44:05.277129,Berlin-5554,0,23,Normal
2026-02-15 19:44:06.277129,Berlin-5554,-13,68,Normal
2026-02-15 19:44:07.277129,Berlin-5554,45,33,Normal
2026-02-15 19:44:08.277129,Berlin-5554,15,70,Normal
2026-02-15 19:44:09.277129,Berlin-5554,6,31,Normal
2026-02-15 19:44:10.277129,Berlin-5554,-4,30,Normal
2026-02-15 19:44:11.277129,Berlin-5554,-4,41,Normal
2026-02-15 19:44:12.277129,Berlin-5554,-6,3,Normal
2026-02-15 19:44:13.277129,Berlin-5554,12,11,Normal
2026-02-15 19:44:14.277129,Berlin-5554,-14,4,Normal
2026-02-15 19:44:15.277129,Berlin-5554,-29,80,Normal
2026-02-15 19:44:16.277129,Berlin-5554,33,87,Normal
2026-02-15 19:44:17.277129,Berlin-5554,-15,82,Normal
2026-02-15 19:44:18.277129,Berlin-5554,-30,90,Normal
2026-02-15 19:44:19.277129,Berlin-5554,-29,54,Normal
2026-02-15 19:44:20.277129,Berlin-5554,9,1,Normal
2026-02-15 19:44:21.277129,Berlin-5554,12,28,Normal
2026-02-15 19:44:22.277129,Berlin-5554,-29,5,Normal
2026-02-15 19:44:23.277129,Berlin-5554,21,40,Normal
2026-02-15 19:44:24.277129,Berlin-5554,15,85,Normal
2026-02-15 19:44:25.277129,Berlin-5554,26,14,Normal
2026-02-15 19:44:26.277129,Berlin-5554,29,69,Normal
2026-02-15 19:44:27.277129,Berlin-5554,-15,8,Normal
2026-02-15 19:44:28.277129,Berlin-5554,-18,12,Normal
2026-02-15 19:44:29.277129,Berlin-5554,50,34,Normal
2026-02-15 19:44:30.277129,Berlin-5554,23,57,Normal
2026-02-15 19:44:31.277129,Berlin-5554,-21,40,Normal
2026-02-15 19:44:32.277129,Berlin-5554,2,54,Normal
2026-02-15 19:44:33.277129,Berlin-5554,-19,47,Normal
2026-02-15 19:44:34.277129,Berlin-5554,-18,83,Normal
2026-02-15 19:44:35.277129,Berlin-5554,-6,27,Normal
2026-02-15 19:44:36.277129,Berlin-5554,17,74,Normal
2026-02-15 19:44:37.277129,Berlin-5554,2,69,Normal
2026-02-15 19:44:38.277129,Berlin-5554,19,11,Normal
2026-02-15 19:44:39.277129,Berlin-5554,40,63,Normal
2026-02-15 19:44:40.277129,Berlin-5554,-17,32,Normal
2026-02-15 19:44:41.277129,Berlin-5554,-16,97,Normal
2026-02-15 19:44:42.277129,Berlin-5554,48,24,Normal
2026-02-15 19:44:43.277129,Berlin-5554,34,74,Normal
2026-02-15 19:44:44.277129,Berlin-5554,11,87,Normal
2026-02-15 19:44:45.277129,Berlin-5554,10,100,Normal
2026-02-15 19:44:46.277129,Berlin-5554,21,22,Normal
2026-02-15 19:44:47.277129,Berlin-5554,10,57,Normal
2026-02-15 19:44:48.277129,Berlin-5554,-25,72,Normal
2026-02-15 19:44:49.277129,Berlin-5554,40,6,Normal
2026-02-15 19:44:50.277129,Berlin-5554,26,85,Normal
2026-02-15 19:44:51.277129,Berlin-5554,18,35,Normal
2026-02-15 19:44:52.277129,Berlin-5554,13,24,Normal
2026-02-15 19:44:53.277129,Berlin-5554,36,7,Normal
2026-02-15 19:44:54.277129,Berlin-5554,49,60,Normal
2026-02-15 19:44:55.277129,Berlin-5554,49,2,Normal
2026-02-15 19:44:56.277129,Berlin-5554,46,54,Normal
2026-02-15 19:44:57.277129,Berlin-5554,41,31,Normal
2026-02-15 19:44:58.277129,Berlin-5554,-26,2,Normal
2026-02-15 19:44:59.277129,Berlin-5554,-25,8,Normal
2026-02-15 19:45:00.277129,Berlin-5554,-18,100,Normal
2026-02-15 19:45:01.277129,Berlin-5554,-16,86,Normal
2026-02-15 19:45:02.277129,Berlin-5554,-22,90,Normal
2026-02-15 19:45:03.277129,Berlin-5554,10,9,Normal
2026-02-15 19:45:04.277129,Berlin-5554,5,43,Normal
2026-02-15 19:45:05.277129,Berlin-5554,23,10,Normal
2026-02-15 19:45:06.277129,Berlin-5554,16,56,Normal
2026-02-15 19:45:07.277129,Berlin-5554,33,3,Normal
2026-02-15 19:45:08.277129,Berlin-5554,8,13,Normal
2026-02-15 19:45:09.277129,Berlin-5554,-6,38,Normal
2026-02-15 19:45:10.277129,Berlin-5554,-12,49,Normal
2026-02-15 19:45:11.277129,Berlin-5554,34,98,Normal
2026-02-15 19:45:12.277129,Berlin-5554,-13,53,Normal
2026-02-15 19:45:13.277129,Berlin-5554,-19,65,Normal
2026-02-15 19:45:14.277129,Berlin-5554,-6,88,Normal
2026-02-15 19:45:15.277129,Berlin-5554,5,82,Normal
2026-02-15 19:45:16.277129,Berlin-5554,-2,56,Normal
2026-02-15 19:45:17.277129,Berlin-5554,18,8,Normal
2026-02-15 19:45:18.277129,Berlin-5554,-19,70,Normal
2026-02-15 19:45:19.277129,Berlin-5554,-26,79,Normal
2026-02-15 19:45:20.277129,Berlin-5554,9,65,Normal
2026-02-15 19:45:21.277129,Berlin-5554,27,100,Normal
2026-02-15 19:45:22.277129,Berlin-5554,-14,3,Normal
2026-02-15 19:45:23.277129,Berlin-5554,13,79,Normal
2026-02-15 19:45:24.277129,Berlin-5554,-20,6,Normal
2026-02-15 19:45:25.277129,Berlin-5554,11,8,Normal
2026-02-15 19:45:26.277129,Berlin-5554,-25,91,Normal
2026-02-15 19:45:27.277129,Berlin-5554,16,77,Normal
2026-02-15 19:45:28.277129,Berlin-5554,-4,75,Normal
2026-02-15 19:45:29.277129,Berlin-5554,-16,25,Normal
2026-02-15 19:45:30.277129,Berlin-5554,13,4,Normal
2026-02-15 19:45:31.277129,Berlin-5554,34,14,Normal
2026-02-15 19:45:32.277129,Berlin-5554,50,86,Normal
2026-02-15 19:45:33.277129,Berlin-5554,-29,54,Normal
2026-02-15 19:45:34.277129,Berlin-5554,8,67,Normal
2026-02-15 19:45:35.277129,Berlin-5554,5,58,Normal
2026-02-15 19:45:36.277129,Berlin-5554,15,17,Normal
2026-02-15 19:45:37.277129,Berlin-5554,-27,15,Normal
2026-02-15 19:45:38.277129,Berlin-5554,48,54,Normal
2026-02-15 19:45:39.277129,Berlin-5554,-24,49,Normal
2026-02-15 19:45:40.277129,Berlin-5554,11,53,Normal
2026-02-15 19:45:41.277129,Berlin-5554,44,55,Normal
2026-02-15 19:45:42.277129,Berlin-5554,-8,92,Normal
2026-02-15 19:45:43.277129,Berlin-5554,7,3,Normal
2026-02-15 19:45:44.277129,Berlin-5554,1,66,Normal
2026-02-15 19:45:45.277129,Berlin-5554,45,24,Normal
2026-02-15 19:45:46.277129,Berlin-5554,-10,99,Normal
2026-02-15 19:45:47.277129,Berlin-5554,-20,35,Normal
2026-02-15 19:45:48.277129,Berlin-5554,-25,81,Normal
2026-02-15 19:45:49.277129,Berlin-5554,50,77,Normal
2026-02-15 19:45:50.277129,Berlin-5554,-25,43,Normal
2026-02-15 19:45:51.277129,Berlin-5554,33,26,Normal
2026-02-15 19:45:52.277129,Berlin-5554,6,75,Normal
2026-02-15 19:45:53.277129,Berlin-5554,-17,6,Normal
2026-02-15 19:45:54.277129,Berlin-5554,15,27,Normal
2026-02-15 19:45:55.277129,Berlin-5554,-22,32,Normal
2026-02-15 19:45:56.277129,Berlin-5554,9,81,Normal
2026-02-15 19:45:57.277129,Berlin-5554,26,56,Normal
2026-02-15 19:45:58.277129,Berlin-5554,15,68,Normal
2026-02-15 19:45:59.277129,Berlin-5554,-15,40,Normal
2026-02-15 19:46:00.277129,Berlin-5554,44,11,Normal
2026-02-15 19:46:01.277129,Berlin-5554,15,95,Normal
2026-02-15 19:46:02.277129,Berlin-5554,0,17,Normal
2026-02-15 19:46:03.277129,Berlin-5554,30,75,Normal
2026-02-15 19:46:04.277129,Berlin-5554,10,22,Normal
2026-02-15 19:46:05.277129,Berlin-5554,-29,12,Normal
2026-02-15 19:46:06.277129,Berlin-5554,-6,69,Normal
2026-02-15 19:46:07.277129,Berlin-5554,28,41,Normal
2026-02-15 19:46:08.277129,Berlin-5554,-22,16,Normal
2026-02-15 19:46:09.277129,Berlin-5554,26,99,Normal
2026-02-15 19:46:10.277129,Berlin-5554,-11,63,Normal
2026-02-15 19:46:11.277129,Berlin-5554,42,81,Normal
2026-02-15 19:46:12.277129,Berlin-5554,46,21,Normal
2026-02-15 19:46:13.277129,Berlin-5554,-17,11,Normal
2026-02-15 19:46:14.277129,Berlin-5554,42,56,Normal
2026-02-15 19:46:15.277129,Berlin-5554,-19,34,Normal
2026-02-15 19:46:16.277129,Berlin-5554,39,69,Normal
2026-02-15 19:46:17.277129,Berlin-5554,28,17,Normal
2026-02-15 19:46:18.277129,Berlin-5554,-1,46,Normal
2026-02-15 19:46:19.277129,Berlin-5554,6,57,Normal
2026-02-15 19:46:20.277129,Berlin-5554,-24,17,Normal
2026-02-15 19:46:21.277129,Berlin-5554,-13,74,Normal
2026-02-15 19:46:22.277129,Berlin-5554,38,69,Normal
2026-02-15 19:46:23.277129,Berlin-5554,-28,85,Normal
2026-02-15 19:46:24.277129,Berlin-5554,-4,14,Normal
2026-02-15 19:46:25.277129,Berlin-5554,17,20,Normal
2026-02-15 19:46:26.277129,Berlin-5554,24,30,Normal
2026-02-15 19:46:27.277129,Berlin-5554,49,80,Normal
2026-02-15 19:46:28.277129,Berlin-5554,24,12,Normal
2026-02-15 19:46:29.277129,Berlin-5554,-18,15,Normal
2026-02-15 19:46:30.277129,Berlin-5554,-6,86,Normal
2026-02-15 19:46:31.277129,Berlin-5554,-6,7,Normal
2026-02-15 19:46:32.277129,Berlin-5554,-26,10,Normal
2026-02-15 19:46:33.277129,Berlin-5554,42,74,Normal
2026-02-15 19:46:34.277129,Berlin-5554,16,38,Normal
2026-02-15 19:46:35.277129,Berlin-5554,-1,0,Normal
2026-02-15 19:46:36.277129,Berlin-5554,42,73,Normal
2026-02-15 19:46:37.277129,Berlin-5554,39,95,Normal
2026-02-15 19:46:38.277129,Berlin-5554,-6,43,Normal
2026-02-15 19:46:39.277129,Berlin-5554,-20,81,Normal
2026-02-15 19:46:40.277129,Berlin-5554,-8,14,Normal
2026-02-15 19:46:41.277129,Berlin-5554,23,89,Normal
2026-02-15 19:46:42.277129,Berlin-5554,35,45,Normal
2026-02-15 19:46:43.277129,Berlin-5554,40,28,Normal
2026-02-15 19:46:44.277129,Berlin-5554,1,82,Normal
2026-02-15 19:46:45.277129,Berlin-5554,35,24,Normal
2026-02-15 19:46:46.277129,Berlin-5554,-5,22,Normal
2026-02-15 19:46:47.277129,Berlin-5554,-9,85,Normal
2026-02-15 19:46:48.277129,Berlin-5554,-20,95,Normal
2026-02-15 19:46:49.277129,Berlin-5554,-6,66,Normal
2026-02-15 19:46:50.277129,Berlin-5554,7,12,Normal
2026-02-15 19:46:51.277129,Berlin-5554,37,76,Normal
2026-02-15 19:46:52.277129,Berlin-5554,40,69,Normal
2026-02-15 19:46:53.277129,Berlin-5554,36,3,Normal
2026-02-15 19:46:54.277129,Berlin-5554,19,0,Normal
2026-02-15 19:46:55.277129,Berlin-5554,29,57,Normal
2026-02-15 19:46:56.277129,Berlin-5554,-16,65,Normal
2026-02-15 19:46:57.277129,Berlin-5554,-5,1,Normal
2026-02-15 19:46:58.277129,Berlin-5554,-22,53,Normal
2026-02-15 19:46:59.277129,Berlin-5554,34,48,Normal
2026-02-15 19:47:00.277129,Berlin-5554,15,34,Normal
2026-02-15 19:47:01.277129,Berlin-5554,-13,21,Normal
2026-02-15 19:47:02.277129,Berlin-5554,15,78,Normal
2026-02-15 19:47:03.277129,Berlin-5554,44,100,Normal
2026-02-15 19:47:04.277129,Berlin-5554,-2,91,Normal
2026-02-15 19:47:05.277129,Berlin-5554,-23,25,Normal
2026-02-15 19:47:06.277129,Berlin-5554,-29,54,Normal
2026-02-15 19:47:07.277129,Berlin-5554,26,83,Normal
2026-02-15 19:47:08.277129,Berlin-5554,40,93,Normal
2026-02-15 19:47:09.277129,Berlin-5554,27,91,Normal
2026-02-15 19:47:10.277129,Berlin-5554,12,60,Normal
2026-02-15 19:47:11.277129,Berlin-5554,2,4,Normal
2026-02-15 19:47:12.277129,Berlin-5554,20,88,Normal
2026-02-15 19:47:13.277129,Berlin-5554,15,99,Normal
2026-02-15 19:47:14.277129,Berlin-5554,12,80,Normal
2026-02-15 19:47:15.277129,Berlin-5554,9,29,Normal
2026-02-15 19:47:16.277129,Berlin-5554,-20,90,Normal
2026-02-15 19:47:17.277129,Berlin-5554,2,96,Normal
2026-02-15 19:47:18.277129,Berlin-5554,35,91,Normal
2026-02-15 19:47:19.277129,Berlin-5554,26,61,Normal
2026-02-15 19:47:20.277129,Berlin-5554,48,7,Normal
2026-02-15 19:47:21.277129,Berlin-5554,9,88,Normal
2026-02-15 19:47:22.277129,Berlin-5554,19,16,Normal
2026-02-15 19:47:23.277129,Berlin-5554,-1,95,Normal
2026-02-15 19:47:24.277129,Berlin-5554,-14,49,Normal
2026-02-15 19:47:25.277129,Berlin-5554,5,55,Normal
2026-02-15 19:47:26.277129,Berlin-5554,-22,7,Normal
2026-02-15 19:47:27.277129,Berlin-5554,9,27,Normal
2026-02-15 19:47:28.277129,Berlin-5554,-19,23,Normal
2026-02-15 19:47:29.277129,Berlin-5554,23,55,Normal
2026-02-15 19:47:30.277129,Berlin-5554,30,100,Normal
2026-02-15 19:47:31.277129,Berlin-5554,21,56,Normal
2026-02-15 19:47:32.277129,Berlin-5554,19,25,Normal
2026-02-15 19:47:33.277129,Berlin-5554,-7,21,Normal
2026-02-15 19:47:34.277129,Berlin-5554,-30,95,Normal
2026-02-15 19:47:35.277129,Berlin-5554,12,93,Normal
2026-02-15 19:47:36.277129,Berlin-5554,18,47,Normal
2026-02-15 19:47:37.277129,Berlin-5554,17,33,Normal
2026-02-15 19:47:38.277129,Berlin-5554,4,39,Normal
2026-02-15 19:47:39.277129,Berlin-5554,32,29,Normal
2026-02-15 19:47:40.277129,Berlin-5554,17,54,Normal
2026-02-15 19:47:41.277129,Berlin-5554,17,55,Normal
2026-02-15 19:47:42.277129,Berlin-5554,42,6,Normal
2026-02-15 19:47:43.277129,Berlin-5554,-25,75,Normal
2026-02-15 19:47:44.277129,Berlin-5554,-14,80,Normal
2026-02-15 19:47:45.277129,Berlin-5554,5,2,Normal
2026-02-15 19:47:46.277129,Berlin-5554,37,68,Normal
2026-02-15 19:47:47.277129,Berlin-5554,-5,24,Normal
2026-02-15 19:47:48.277129,Berlin-5554,-3,84,Normal
2026-02-15 19:47:49.277129,Berlin-5554,-15,2,Normal
2026-02-15 19:47:50.277129,Berlin-5554,37,62,Normal
2026-02-15 19:47:51.277129,Berlin-5554,1,75,Normal
2026-02-15 19:47:52.277129,Berlin-5554,1,21,Normal
2026-02-15 19:47:53.277129,Berlin-5554,-19,44,Normal
2026-02-15 19:47:54.277129,Berlin-5554,-17,88,Normal
2026-02-15 19:47:55.277129,Berlin-5554,-10,11,Normal
2026-02-15 19:47:56.277129,Berlin-5554,14,67,Normal
2026-02-15 19:47:57.277129,Berlin-5554,-28,51,Normal
2026-02-15 19:47:58.277129,Berlin-5554,11,72,Normal
2026-02-15 19:47:59.277129,Berlin-5554,38,69,Normal
2026-02-15 19:48:00.277129,Berlin-5554,23,0,Normal
2026-02-15 19:48:01.277129,Berlin-5554,9,69,Normal
2026-02-15 19:48:02.277129,Berlin-5554,-22,29,Normal
2026-02-15 19:48:03.277129,Berlin-5554,50,99,Normal
2026-02-15 19:48:04.277129,Berlin-5554,-16,29,Normal
2026-02-15 19:48:05.277129,Berlin-5554,-25,36,Normal
2026-02-15 19:48:06.277129,Berlin-5554,1,99,Normal
2026-02-15 19:48:07.277129,Berlin-5554,40,54,Normal
2026-02-15 19:48:08.277129,Berlin-5554,13,49,Normal
2026-02-15 19:48:09.277129,Berlin-5554,-28,57,Normal
2026-02-15 19:48:10.277129,Berlin-5554,-9,85,Normal
2026-02-15 19:48:11.277129,Berlin-5554,34,86,Normal
2026-02-15 19:48:12.277129,Berlin-5554,13,84,Normal
2026-02-15 19:48:13.277129,Berlin-5554,-1,19,Normal
2026-02-15 19:48:14.277129,Berlin-5554,-18,47,Normal
2026-02-15 19:48:15.277129,Berlin-5554,-4,43,Normal
2026-02-15 19:48:16.277129,Berlin-5554,-7,47,Normal
2026-02-15 19:48:17.277129,Berlin-5554,-4,35,Normal
2026-02-15 19:48:18.277129,Berlin-5554,24,44,Normal
2026-02-15 19:48:19.277129,Berlin-5554,-11,95,Normal
2026-02-15 19:48:20.277129,Berlin-5554,8,99,Normal
2026-02-15 19:48:21.277129,Berlin-5554,-12,96,Normal
2026-02-15 19:48:22.277129,Berlin-5554,3,38,Normal
2026-02-15 19:48:23.277129,Berlin-5554,34,77,Normal
2026-02-15 19:48:24.277129,Berlin-5554,-4,93,Normal
2026-02-15 19:48:25.277129,Berlin-5554,41,87,Normal
2026-02-15 19:48:26.277129,Berlin-5554,40,26,Normal
2026-02-15 19:48:27.277129,Berlin-5554,-11,10,Normal
2026-02-15 19:48:28.277129,Berlin-5554,16,56,Normal
2026-02-15 19:48:29.277129,Berlin-5554,11,1,Normal
2026-02-15 19:48:30.277129,Berlin-5554,17,27,Normal
2026-02-15 19:48:31.277129,Berlin-5554,30,38,Normal
2026-02-15 19:48:32.277129,Berlin-5554,8,76,Normal
2026-02-15 19:48:33.277129,Berlin-5554,11,15,Normal
2026-02-15 19:48:34.277129,Berlin-5554,-11,35,Normal
2026-02-15 19:48:35.277129,Berlin-5554,30,74,Normal
2026-02-15 19:48:36.277129,Berlin-5554,16,13,Normal
2026-02-15 19:48:37.277129,Berlin-5554,-20,8,Normal
2026-02-15 19:48:38.277129,Berlin-5554,-28,77,Normal
2026-02-15 19:48:39.277129,Berlin-5554,-11,3,Normal
2026-02-15 19:48:40.277129,Berlin-5554,-23,15,Normal
2026-02-15 19:48:41.277129,Berlin-5554,20,41,Normal
2026-02-15 19:48:42.277129,Berlin-5554,19,58,Normal
2026-02-15 19:48:43.277129,Berlin-5554,38,37,Normal
2026-02-15 19:48:44.277129,Berlin-5554,-28,56,Normal
2026-02-15 19:48:45.277129,Berlin-5554,15,57,Normal
2026-02-15 19:48:46.277129,Berlin-5554,7,68,Normal
2026-02-15 19:48:47.277129,Berlin-5554,-2,17,Normal
2026-02-15 19:48:48.277129,Berlin-5554,-19,46,Normal
2026-02-15 19:48:49.277129,Berlin-5554,-25,78,Normal
2026-02-15 19:48:50.277129,Berlin-5554,41,88,Normal
2026-02-15 19:48:51.277129,Berlin-5554,50,51,Normal
2026-02-15 19:48:52.277129,Berlin-5554,38,63,Normal
2026-02-15 19:48:53.277129,Berlin-5554,-13,16,Normal
2026-02-15 19:48:54.277129,Berlin-5554,35,75,Normal
2026-02-15 19:48:55.277129,Berlin-5554,37,96,Normal
2026-02-15 19:48:56.277129,Berlin-5554,49,30,Normal
2026-02-15 19:48:57.277129,Berlin-5554,25,38,Normal
2026-02-15 19:48:58.277129,Berlin-5554,-1,21,Normal
2026-02-15 19:48:59.277129,Berlin-5554,7,19,Normal
2026-02-15 19:49:00.277129,Berlin-5554,43,100,Normal
2026-02-15 19:49:01.277129,Berlin-5554,-7,18,Normal
2026-02-15 19:49:02.277129,Berlin-5554,-27,92,Normal
2026-02-15 19:49:03.277129,Berlin-5554,-15,87,Normal
2026-02-15 19:49:04.277129,Berlin-5554,11,2,Normal
2026-02-15 19:49:05.277129,Berlin-5554,-29,91,Normal
2026-02-15 19:49:06.277129,Berlin-5554,19,1,Normal
2026-02-15 19:49:07.277129,Berlin-5554,-27,94,Normal
2026-02-15 19:49:08.277129,Berlin-5554,4,44,Normal
2026-02-15 19:49:09.277129,Berlin-5554,15,73,Normal
2026-02-15 19:49:10.277129,Berlin-5554,-19,34,Normal
2026-02-15 19:49:11.277129,Berlin-5554,-5,18,Normal
2026-02-15 19:49:12.277129,Berlin-5554,41,45,Normal
2026-02-15 19:49:13.277129,Berlin-5554,13,14,Normal
2026-02-15 19:49:14.277129,Berlin-5554,-22,37,Normal
2026-02-15 19:49:15.277129,Berlin-5554,48,11,Normal
2026-02-15 19:49:16.277129,Berlin-5554,15,1,Normal
2026-02-15 19:49:17.277129,Berlin-5554,-16,75,Normal
2026-02-15 19:49:18.277129,Berlin-5554,-1,20,Normal
2026-02-15 19:49:19.277129,Berlin-5554,-7,87,Normal
2026-02-15 19:49:20.277129,Berlin-5554,41,6,Normal
2026-02-15 19:49:21.277129,Berlin-5554,-2,62,Normal
2026-02-15 19:49:22.277129,Berlin-5554,-26,98,Normal
2026-02-15 19:49:23.277129,Berlin-5554,1,55,Normal
2026-02-15 19:49:24.277129,Berlin-5554,19,55,Normal
2026-02-15 19:49:25.277129,Berlin-5554,-13,35,Normal
2026-02-15 19:49:26.277129,Berlin-5554,32,93,Normal
2026-02-15 19:49:27.277129,Berlin-5554,14,26,Normal
2026-02-15 19:49:28.277129,Berlin-5554,-13,18,Normal
2026-02-15 19:49:29.277129,Berlin-5554,-2,93,Normal
2026-02-15 19:49:30.277129,Berlin-5554,22,8,Normal
2026-02-15 19:49:31.277129,Berlin-5554,26,48,Normal
2026-02-15 19:49:32.277129,Berlin-5554,36,4,Normal
2026-02-15 19:49:33.277129,Berlin-5554,-11,88,Normal
2026-02-15 19:49:34.277129,Berlin-5554,3,63,Normal
2026-02-15 19:49:35.277129,Berlin-5554,48,45,Normal
2026-02-15 19:49:36.277129,Berlin-5554,35,30,Normal
2026-02-15 19:49:37.277129,Berlin-5554,27,4,Normal
2026-02-15 19:49:38.277129,Berlin-5554,14,14,Normal
2026-02-15 19:49:39.277129,Berlin-5554,28,88,Normal
2026-02-15 19:49:40.277129,Berlin-5554,25,81,Normal
2026-02-15 19:49:41.277129,Berlin-5554,18,40,Normal
2026-02-15 19:49:42.277129,Berlin-5554,-11,98,Normal
2026-02-15 19:49:43.277129,Berlin-5554,-9,99,Normal
2026-02-15 19:49:44.277129,Berlin-5554,0,22,Normal
2026-02-15 19:49:45.277129,Berlin-5554,2,91,Normal
2026-02-15 19:49:46.277129,Berlin-5554,35,77,Normal
2026-02-15 19:49:47.277129,Berlin-5554,16,50,Normal
2026-02-15 19:49:48.277129,Berlin-5554,8,41,Normal
2026-02-15 19:49:49.277129,Berlin-5554,8,30,Normal
2026-02-15 19:49:50.277129,Berlin-5554,30,100,Normal
2026-02-15 19:49:51.277129,Berlin-5554,-28,62,Normal
2026-02-15 19:49:52.277129,Berlin-5554,23,88,Normal
2026-02-15 19:49:53.277129,Berlin-5554,42,44,Normal
2026-02-15 19:49:54.277129,Berlin-5554,-24,26,Normal
2026-02-15 19:49:55.277129,Berlin-5554,4,24,Normal
2026-02-15 19:49:56.277129,Berlin-5554,-28,15,Normal
2026-02-15 19:49:57.277129,Berlin-5554,30,6,Normal
2026-02-15 19:49:58.277129,Berlin-5554,-12,26,Normal
2026-02-15 19:49:59.277129,Berlin-5554,40,44,Normal
2026-02-15 19:50:00.277129,Berlin-5554,-16,53,Normal
2026-02-15 19:50:01.277129,Berlin-5554,-11,15,Normal
2026-02-15 19:50:02.277129,Berlin-5554,-22,33,Normal
2026-02-15 19:50:03.277129,Berlin-5554,-8,20,Normal
2026-02-15 19:50:04.277129,Berlin-5554,43,42,Normal
2026-02-15 19:50:05.277129,Berlin-5554,-22,4,Normal
2026-02-15 19:50:06.277129,Berlin-5554,15,45,Normal
2026-02-15 19:50:07.277129,Berlin-5554,28,55,Normal
2026-02-15 19:50:08.277129,Berlin-5554,23,10,Normal
2026-02-15 19:50:09.277129,Berlin-5554,45,20,Normal
2026-02-15 19:50:10.277129,Berlin-5554,46,53,Normal
2026-02-15 19:50:11.277129,Berlin-5554,20,74,Normal
2026-02-15 19:50:12.277129,Berlin-5554,-6,18,Normal
2026-02-15 19:50:13.277129,Berlin-5554,39,41,Normal
2026-02-15 19:50:14.277129,Berlin-5554,34,82,Normal
2026-02-15 19:50:15.277129,Berlin-5554,1,55,Normal
2026-02-15 19:50:16.277129,Berlin-5554,9,40,Normal
2026-02-15 19:50:17.277129,Berlin-5554,44,86,Normal
2026-02-15 19:50:18.277129,Berlin-5554,-11,89,Normal
2026-02-15 19:50:19.277129,Berlin-5554,39,74,Normal
2026-02-15 19:50:20.277129,Berlin-5554,14,77,Normal
2026-02-15 19:50:21.277129,Berlin-5554,32,15,Normal
2026-02-15 19:50:22.277129,Berlin-5554,14,43,Normal
2026-02-15 19:50:23.277129,Berlin-5554,12,19,Normal
2026-02-15 19:50:24.277129,Berlin-5554,7,43,Normal
2026-02-15 19:50:25.277129,Berlin-5554,24,81,Normal
2026-02-15 19:50:26.277129,Berlin-5554,39,77,Normal
2026-02-15 19:50:27.277129,Berlin-5554,8,100,Normal
2026-02-15 19:50:28.277129,Berlin-5554,3,5,Normal
2026-02-15 19:50:29.277129,Berlin-5554,2,38,Normal
2026-02-15 19:50:30.277129,Berlin-5554,-14,33,Normal
2026-02-15 19:50:31.277129,Berlin-5554,-11,45,Normal
2026-02-15 19:50:32.277129,Berlin-5554,-6,6,Normal
2026-02-15 19:50:33.277129,Berlin-5554,30,67,Normal
2026-02-15 19:50:34.277129,Berlin-5554,6,90,Normal
2026-02-15 19:50:35.277129,Berlin-5554,1,33,Normal
2026-02-15 19:50:36.277129,Berlin-5554,27,31,Normal
2026-02-15 19:50:37.277129,Berlin-5554,20,51,Normal
2026-02-15 19:50:38.277129,Berlin-5554,44,55,Normal
2026-02-15 19:50:39.277129,Berlin-5554,-1,59,Normal
2026-02-15 19:50:40.277129,Berlin-5554,14,24,Normal
2026-02-15 19:50:41.277129,Berlin-5554,-4,17,Normal
2026-02-15 19:50:42.277129,Berlin-5554,-4,8,Normal
2026-02-15 19:50:43.277129,Berlin-5554,-15,41,Normal
2026-02-15 19:50:44.277129,Berlin-5554,37,89,Normal
2026-02-15 19:50:45.277129,Berlin-5554,34,32,Normal
2026-02-15 19:50:46.277129,Berlin-5554,22,97,Normal
2026-02-15 19:50:47.277129,Berlin-5554,30,21,Normal
2026-02-15 19:50:48.277129,Berlin-5554,-12,5,Normal
2026-02-15 19:50:49.277129,Berlin-5554,44,27,Normal
2026-02-15 19:50:50.277129,Berlin-5554,-11,32,Normal
2026-02-15 19:50:51.277129,Berlin-5554,50,22,Normal
2026-02-15 19:50:52.277129,Berlin-5554,40,75,Normal
2026-02-15 19:50:53.277129,Berlin-5554,-22,66,Normal
2026-02-15 19:50:54.277129,Berlin-5554,22,20,Normal
2026-02-15 19:50:55.277129,Berlin-5554,0,81,Normal
2026-02-15 19:50:56.277129,Berlin-5554,31,66,Normal
2026-02-15 19:50:57.277129,Berlin-5554,43,58,Normal
2026-02-15 19:50:58.277129,Berlin-5554,30,17,Normal
2026-02-15 19:50:59.277129,Berlin-5554,-4,83,Normal
2026-02-15 19:51:00.277129,Berlin-5554,11,11,Normal
2026-02-15 19:51:01.277129,Berlin-5554,50,55,Normal
2026-02-15 19:51:02.277129,Berlin-5554,-21,98,Normal
2026-02-15 19:51:03.277129,Berlin-5554,8,21,Normal
2026-02-15 19:51:04.277129,Berlin-5554,-6,51,Normal
2026-02-15 19:51:05.277129,Berlin-5554,16,67,Normal
2026-02-15 19:51:06.277129,Berlin-5554,0,66,Normal
2026-02-15 19:51:07.277129,Berlin-5554,-24,57,Normal
2026-02-15 19:51:08.277129,Berlin-5554,26,54,Normal
2026-02-15 19:51:09.277129,Berlin-5554,49,90,Normal
2026-02-15 19:51:10.277129,Berlin-5554,0,49,Normal
2026-02-15 19:51:11.277129,Berlin-5554,-2,72,Normal
2026-02-15 19:51:12.277129,Berlin-5554,-21,35,Normal
2026-02-15 19:51:13.277129,Berlin-5554,17,57,Normal
2026-02-15 19:51:14.277129,Berlin-5554,6,37,Normal
2026-02-15 19:51:15.277129,Berlin-5554,1,83,Normal
2026-02-15 19:51:16.277129,Berlin-5554,-15,53,Normal
2026-02-15 19:51:17.277129,Berlin-5554,3,55,Normal
2026-02-15 19:51:18.277129,Berlin-5554,10,77,Normal
2026-02-15 19:51:19.277129,Berlin-5554,22,51,Normal
2026-02-15 19:51:20.277129,Berlin-5554,-28,60,Normal
2026-02-15 19:51:21.277129,Berlin-5554,19,61,Normal
2026-02-15 19:51:22.277129,Berlin-5554,43,89,Normal
2026-02-15 19:51:23.277129,Berlin-5554,19,13,Normal
2026-02-15 19:51:24.277129,Berlin-5554,11,22,Normal
2026-02-15 19:51:25.277129,Berlin-5554,-17,66,Normal
2026-02-15 19:51:26.277129,Berlin-5554,12,59,Normal
2026-02-15 19:51:27.277129,Berlin-5554,39,55,Normal
2026-02-15 19:51:28.277129,Berlin-5554,-30,48,Normal
2026-02-15 19:51:29.277129,Berlin-5554,38,52,Normal
2026-02-15 19:51:30.277129,Berlin-5554,42,13,Normal
2026-02-15 19:51:31.277129,Berlin-5554,24,42,Normal
2026-02-15 19:51:32.277129,Berlin-5554,-6,79,Normal
2026-02-15 19:51:33.277129,Berlin-5554,22,92,Normal
2026-02-15 19:51:34.277129,Berlin-5554,-8,26,Normal
2026-02-15 19:51:35.277129,Berlin-5554,38,16,Normal
2026-02-15 19:51:36.277129,Berlin-5554,42,16,Normal
2026-02-15 19:51:37.277129,Berlin-5554,6,3,Normal
2026-02-15 19:51:38.277129,Berlin-5554,10,27,Normal
2026-02-15 19:51:39.277129,Berlin-5554,39,29,Normal
2026-02-15 19:51:40.277129,Berlin-5554,-24,5,Normal
2026-02-15 19:51:41.277129,Berlin-5554,20,66,Normal
2026-02-15 19:51:42.277129,Berlin-5554,15,43,Normal
2026-02-15 19:51:43.277129,Berlin-5554,49,51,Normal
2026-02-15 19:51:44.277129,Berlin-5554,-8,99,Normal
2026-02-15 19:51:45.277129,Berlin-5554,32,80,Normal
2026-02-15 19:51:46.277129,Berlin-5554,37,97,Normal
2026-02-15 19:51:47.277129,Berlin-5554,36,89,Normal
2026-02-15 19:51:48.277129,Berlin-5554,-2,3,Normal
2026-02-15 19:51:49.277129,Berlin-5554,27,51,Normal
2026-02-15 19:51:50.277129,Berlin-5554,34,48,Normal
2026-02-15 19:51:51.277129,Berlin-5554,-27,62,Normal
2026-02-15 19:51:52.277129,Berlin-5554,37,91,Normal
2026-02-15 19:51:53.277129,Berlin-5554,-5,53,Normal
2026-02-15 19:51:54.277129,Berlin-5554,4,41,Normal
2026-02-15 19:51:55.277129,Berlin-5554,24,72,Normal
2026-02-15 19:51:56.277129,Berlin-5554,-26,58,Normal
2026-02-15 19:51:57.277129,Berlin-5554,-11,82,Normal
2026-02-15 19:51:58.277129,Berlin-5554,-14,60,Normal
2026-02-15 19:51:59.277129,Berlin-5554,27,64,Normal
2026-02-15 19:52:00.277129,Berlin-5554,44,33,Normal
2026-02-15 19:52:01.277129,Berlin-5554,12,2,Normal
2026-02-15 19:52:02.277129,Berlin-5554,12,92,Normal
2026-02-15 19:52:03.277129,Berlin-5554,41,24,Normal
2026-02-15 19:52:04.277129,Berlin-5554,-18,79,Normal
2026-02-15 19:52:05.277129,Berlin-5554,26,78,Normal
2026-02-15 19:52:06.277129,Berlin-5554,-1,3,Normal
2026-02-15 19:52:07.277129,Berlin-5554,-6,98,Normal
2026-02-15 19:52:08.277129,Berlin-5554,-30,98,Normal
2026-02-15 19:52:09.277129,Berlin-5554,19,29,Normal
2026-02-15 19:52:10.277129,Berlin-5554,17,88,Normal
2026-02-15 19:52:11.277129,Berlin-5554,44,20,Normal
2026-02-15 19:52:12.277129,Berlin-5554,21,88,Normal
2026-02-15 19:52:13.277129,Berlin-5554,44,17,Normal
2026-02-15 19:52:14.277129,Berlin-5554,-26,100,Normal
2026-02-15 19:52:15.277129,Berlin-5554,26,36,Normal
2026-02-15 19:52:16.277129,Berlin-5554,21,92,Normal
2026-02-15 19:52:17.277129,Berlin-5554,-3,57,Normal
2026-02-15 19:52:18.277129,Berlin-5554,-12,14,Normal
2026-02-15 19:52:19.277129,Berlin-5554,45,21,Normal
2026-02-15 19:52:20.277129,Berlin-5554,26,8,Normal
2026-02-15 19:52:21.277129,Berlin-5554,29,59,Normal
2026-02-15 19:52:22.277129,Berlin-5554,-17,35,Normal
2026-02-15 19:52:23.277129,Berlin-5554,0,41,Normal
2026-02-15 19:52:24.277129,Berlin-5554,-3,25,Normal
2026-02-15 19:52:25.277129,Berlin-5554,34,67,Normal
2026-02-15 19:52:26.277129,Berlin-5554,4,83,Normal
2026-02-15 19:52:27.277129,Berlin-5554,-6,6,Normal
2026-02-15 19:52:28.277129,Berlin-5554,27,34,Normal
2026-02-15 19:52:29.277129,Berlin-5554,30,65,Normal
2026-02-15 19:52:30.277129,Berlin-5554,-14,88,Normal
2026-02-15 19:52:31.277129,Berlin-5554,-22,90,Normal
2026-02-15 19:52:32.277129,Berlin-5554,26,96,Normal
2026-02-15 19:52:33.277129,Berlin-5554,-14,72,Normal
2026-02-15 19:52:34.277129,Berlin-5554,22,81,Normal
2026-02-15 19:52:35.277129,Berlin-5554,-8,86,Normal
2026-02-15 19:52:36.277129,Berlin-5554,49,44,Normal
2026-02-15 19:52:37.277129,Berlin-5554,-30,32,Normal
2026-02-15 19:52:38.277129,Berlin-5554,-19,76,Normal
2026-02-15 19:52:39.277129,Berlin-5554,38,59,Normal
2026-02-15 19:52:40.277129,Berlin-5554,-6,64,Normal
2026-02-15 19:52:41.277129,Berlin-5554,-20,12,Normal
2026-02-15 19:52:42.277129,Berlin-5554,47,56,Normal
2026-02-15 19:52:43.277129,Berlin-5554,-9,4,Normal
2026-02-15 19:52:44.277129,Berlin-5554,21,81,Normal
2026-02-15 19:52:45.277129,Berlin-5554,33,69,Normal
2026-02-15 19:52:46.277129,Berlin-5554,-19,51,Normal
2026-02-15 19:52:47.277129,Berlin-5554,-6,48,Normal
2026-02-15 19:52:48.277129,Berlin-5554,-27,34,Normal
2026-02-15 19:52:49.277129,Berlin-5554,9,82,Normal
2026-02-15 19:52:50.277129,Berlin-5554,8,17,Normal
2026-02-15 19:52:51.277129,Berlin-5554,-9,74,Normal
2026-02-15 19:52:52.277129,Berlin-5554,-21,33,Normal
2026-02-15 19:52:53.277129,Berlin-5554,-21,77,Normal
2026-02-15 19:52:54.277129,Berlin-5554,39,88,Normal
2026-02-15 19:52:55.277129,Berlin-5554,36,84,Normal
2026-02-15 19:52:56.277129,Berlin-5554,-24,42,Normal
2026-02-15 19:52:57.277129,Berlin-5554,34,43,Normal
2026-02-15 19:52:58.277129,Berlin-5554,8,61,Normal
2026-02-15 19:52:59.277129,Berlin-5554,41,96,Normal
2026-02-15 19:53:00.277129,Berlin-5554,33,99,Normal
2026-02-15 19:53:01.277129,Berlin-5554,25,23,Normal
2026-02-15 19:53:02.277129,Berlin-5554,50,85,Normal
2026-02-15 19:53:03.277129,Berlin-5554,-15,59,Normal
2026-02-15 19:53:04.277129,Berlin-5554,-4,28,Normal
2026-02-15 19:53:05.277129,Berlin-5554,11,17,Normal
2026-02-15 19:53:06.277129,Berlin-5554,47,93,Normal
2026-02-15 19:53:07.277129,Berlin-5554,-6,19,Normal
2026-02-15 19:53:08.277129,Berlin-5554,22,90,Normal
2026-02-15 19:53:09.277129,Berlin-5554,40,17,Normal
2026-02-15 19:53:10.277129,Berlin-5554,-30,18,Normal
2026-02-15 19:53:11.277129,Berlin-5554,4,14,Normal
2026-02-15 19:53:12.277129,Berlin-5554,50,82,Normal
2026-02-15 19:53:13.277129,Berlin-5554,-12,91,Normal
2026-02-15 19:53:14.277129,Berlin-5554,9,87,Normal
2026-02-15 19:53:15.277129,Berlin-5554,-16,36,Normal
2026-02-15 19:53:16.277129,Berlin-5554,-11,64,Normal
2026-02-15 19:53:17.277129,Berlin-5554,48,72,Normal
2026-02-15 19:53:18.277129,Berlin-5554,-22,38,Normal
2026-02-15 19:53:19.277129,Berlin-5554,-22,64,Normal
2026-02-15 19:53:20.277129,Berlin-5554,16,42,Normal
2026-02-15 19:53:21.277129,Berlin-5554,40,26,Normal
2026-02-15 19:53:22.277129,Berlin-5554,-16,67,Normal
2026-02-15 19:53:23.277129,Berlin-5554,-3,77,Normal
2026-02-15 19:53:24.277129,Berlin-5554,26,67,Normal
2026-02-15 19:53:25.277129,Berlin-5554,-10,25,Normal
2026-02-15 19:53:26.277129,Berlin-5554,12,13,Normal
2026-02-15 19:53:27.277129,Berlin-5554,3,89,Normal
2026-02-15 19:53:28.277129,Berlin-5554,-28,42,Normal
2026-02-15 19:53:29.277129,Berlin-5554,-16,52,Normal
2026-02-15 19:53:30.277129,Berlin-5554,47,61,Normal
2026-02-15 19:53:31.277129,Berlin-5554,43,15,Normal
2026-02-15 19:53:32.277129,Berlin-5554,-8,32,Normal
2026-02-15 19:53:33.277129,Berlin-5554,39,59,Normal
2026-02-15 19:53:34.277129,Berlin-5554,50,65,Normal
2026-02-15 19:53:35.277129,Berlin-5554,-9,92,Normal
2026-02-15 19:53:36.277129,Berlin-5554,9,70,Normal
2026-02-15 19:53:37.277129,Berlin-5554,-29,29,Normal
2026-02-15 19:53:38.277129,Berlin-5554,10,55,Normal
2026-02-15 19:53:39.277129,Berlin-5554,-20,74,Normal
2026-02-15 19:53:40.277129,Berlin-5554,12,24,Normal
2026-02-15 19:53:41.277129,Berlin-5554,-2,73,Normal
2026-02-15 19:53:42.277129,Berlin-5554,0,91,Normal
2026-02-15 19:53:43.277129,Berlin-5554,6,94,Normal
2026-02-15 19:53:44.277129,Berlin-5554,4,59,Normal
2026-02-15 19:53:45.277129,Berlin-5554,7,89,Normal
2026-02-15 19:53:46.277129,Berlin-5554,47,91,Normal
2026-02-15 19:53:47.277129,Berlin-5554,40,71,Normal
2026-02-15 19:53:48.277129,Berlin-5554,-25,40,Normal
2026-02-15 19:53:49.277129,Berlin-5554,-4,97,Normal
2026-02-15 19:53:50.277129,Berlin-5554,39,17,Normal
2026-02-15 19:53:51.277129,Berlin-5554,11,18,Normal
2026-02-15 19:53:52.277129,Berlin-5554,-18,15,Normal
2026-02-15 19:53:53.277129,Berlin-5554,16,77,Normal
2026-02-15 19:53:54.277129,Berlin-5554,-7,89,Normal
2026-02-15 19:53:55.277129,Berlin-5554,47,48,Normal
2026-02-15 19:53:56.277129,Berlin-5554,17,98,Normal
2026-02-15 19:53:57.277129,Berlin-5554,-24,51,Normal
2026-02-15 19:53:58.277129,Berlin-5554,-17,37,Normal
2026-02-15 19:53:59.277129,Berlin-5554,21,20,Normal
2026-02-15 19:54:00.277129,Berlin-5554,8,39,Normal
2026-02-15 19:54:01.277129,Berlin-5554,-26,96,Normal
2026-02-15 19:54:02.277129,Berlin-5554,5,86,Normal
2026-02-15 19:54:03.277129,Berlin-5554,4,45,Normal
2026-02-15 19:54:04.277129,Berlin-5554,-25,77,Normal
2026-02-15 19:54:05.277129,Berlin-5554,40,45,Normal
2026-02-15 19:54:06.277129,Berlin-5554,45,81,Normal
2026-02-15 19:54:07.277129,Berlin-5554,-2,76,Normal
2026-02-15 19:54:08.277129,Berlin-5554,44,38,Normal
2026-02-15 19:54:09.277129,Berlin-5554,0,8,Normal
2026-02-15 19:54:10.277129,Berlin-5554,16,33,Normal
2026-02-15 19:54:11.277129,Berlin-5554,48,20,Normal
2026-02-15 19:54:12.277129,Berlin-5554,-22,97,Normal
2026-02-15 19:54:13.277129,Berlin-5554,12,60,Normal
2026-02-15 19:54:14.277129,Berlin-5554,45,100,Normal
2026-02-15 19:54:15.277129,Berlin-5554,49,55,Normal
2026-02-15 19:54:16.277129,Berlin-5554,43,65,Normal
2026-02-15 19:54:17.277129,Berlin-5554,46,19,Normal
2026-02-15 19:54:18.277129,Berlin-5554,4,80,Normal
2026-02-15 19:54:19.277129,Berlin-5554,35,80,Normal
2026-02-15 19:54:20.277129,Berlin-5554,17,24,Normal
2026-02-15 19:54:21.277129,Berlin-5554,36,21,Normal
2026-02-15 19:54:22.277129,Berlin-5554,-10,9,Normal
2026-02-15 19:54:23.277129,Berlin-5554,11,22,Normal
2026-02-15 19:54:24.277129,Berlin-5554,31,97,Normal
2026-02-15 19:54:25.277129,Berlin-5554,-14,10,Normal
2026-02-15 19:54:26.277129,Berlin-5554,41,41,Normal
2026-02-15 19:54:27.277129,Berlin-5554,14,15,Normal
2026-02-15 19:54:28.277129,Berlin-5554,45,25,Normal
2026-02-15 19:54:29.277129,Berlin-5554,1,32,Normal
2026-02-15 19:54:30.277129,Berlin-5554,7,23,Normal
2026-02-15 19:54:31.277129,Berlin-5554,-26,6,Normal
2026-02-15 19:54:32.277129,Berlin-5554,50,24,Normal
2026-02-15 19:54:33.277129,Berlin-5554,41,83,Normal
2026-02-15 19:54:34.277129,Berlin-5554,44,60,Normal
2026-02-15 19:54:35.277129,Berlin-5554,6,71,Normal
2026-02-15 19:54:36.277129,Berlin-5554,48,66,Normal
2026-02-15 19:54:37.277129,Berlin-5554,-19,28,Normal
2026-02-15 19:54:38.277129,Berlin-5554,41,67,Normal
2026-02-15 19:54:39.277129,Berlin-5554,50,9,Normal
2026-02-15 19:54:40.277129,Berlin-5554,6,85,Normal
2026-02-15 19:54:41.277129,Berlin-5554,-24,33,Normal
2026-02-15 19:54:42.277129,Berlin-5554,-16,76,Normal
2026-02-15 19:54:43.277129,Berlin-5554,17,41,Normal
2026-02-15 19:54:44.277129,Berlin-5554,-7,93,Normal
2026-02-15 19:54:45.277129,Berlin-5554,46,88,Normal
2026-02-15 19:54:46.277129,Berlin-5554,-30,21,Normal
2026-02-15 19:54:47.277129,Berlin-5554,-26,13,Normal
2026-02-15 19:54:48.277129,Berlin-5554,11,98,Normal
2026-02-15 19:54:49.277129,Berlin-5554,-12,56,Normal
2026-02-15 19:54:50.277129,Berlin-5554,7,33,Normal
2026-02-15 19:54:51.277129,Berlin-5554,14,3,Normal
2026-02-15 19:54:52.277129,Berlin-5554,12,25,Normal
2026-02-15 19:54:53.277129,Berlin-5554,-18,83,Normal
2026-02-15 19:54:54.277129,Berlin-5554,19,25,Normal
2026-02-15 19:54:55.277129,Berlin-5554,46,41,Normal
2026-02-15 19:54:56.277129,Berlin-5554,-1,58,Normal
2026-02-15 19:54:57.277129,Berlin-5554,45,19,Normal
2026-02-15 19:54:58.277129,Berlin-5554,44,51,Normal
2026-02-15 19:54:59.277129,Berlin-5554,39,89,Normal
2026-02-15 19:55:00.277129,Berlin-5554,-12,52,Normal
2026-02-15 19:55:01.277129,Berlin-5554,22,29,Normal
2026-02-15 19:55:02.277129,Berlin-5554,-7,78,Normal
2026-02-15 19:55:03.277129,Berlin-5554,16,99,Normal
2026-02-15 19:55:04.277129,Berlin-5554,-14,40,Normal
2026-02-15 19:55:05.277129,Berlin-5554,-29,76,Normal
2026-02-15 19:55:06.277129,Berlin-5554,-30,50,Normal
2026-02-15 19:55:07.277129,Berlin-5554,43,53,Normal
2026-02-15 19:55:08.277129,Berlin-5554,-21,2,Normal
2026-02-15 19:55:09.277129,Berlin-5554,-14,17,Normal
2026-02-15 19:55:10.277129,Berlin-5554,-13,76,Normal
2026-02-15 19:55:11.277129,Berlin-5554,-16,47,Normal
2026-02-15 19:55:12.277129,Berlin-5554,-28,76,Normal
2026-02-15 19:55:13.277129,Berlin-5554,16,38,Normal
2026-02-15 19:55:14.277129,Berlin-5554,35,82,Normal
2026-02-15 19:55:15.277129,Berlin-5554,11,82,Normal
2026-02-15 19:55:16.277129,Berlin-5554,-24,13,Normal
2026-02-15 19:55:17.277129,Berlin-5554,18,50,Normal
2026-02-15 19:55:18.277129,Berlin-5554,-7,82,Normal
2026-02-15 19:55:19.277129,Berlin-5554,-15,24,Normal
2026-02-15 19:55:20.277129,Berlin-5554,-5,78,Normal
2026-02-15 19:55:21.277129,Berlin-5554,29,11,Normal
2026-02-15 19:55:22.277129,Berlin-5554,-5,31,Normal
2026-02-15 19:55:23.277129,Berlin-5554,-18,31,Normal
2026-02-15 19:55:24.277129,Berlin-5554,-19,84,Normal
2026-02-15 19:55:25.277129,Berlin-5554,-10,90,Normal
2026-02-15 19:55:26.277129,Berlin-5554,-14,23,Normal
2026-02-15 19:55:27.277129,Berlin-5554,19,62,Normal
2026-02-15 19:55:28.277129,Berlin-5554,3,37,Normal
2026-02-15 19:55:29.277129,Berlin-5554,-28,29,Normal
2026-02-15 19:55:30.277129,Berlin-5554,35,11,Normal
2026-02-15 19:55:31.277129,Berlin-5554,-17,58,Normal
2026-02-15 19:55:32.277129,Berlin-5554,4,94,Normal
2026-02-15 19:55:33.277129,Berlin-5554,20,80,Normal
2026-02-15 19:55:34.277129,Berlin-5554,46,4,Normal
2026-02-15 19:55:35.277129,Berlin-5554,-10,54,Normal
2026-02-15 19:55:36.277129,Berlin-5554,46,67,Normal
2026-02-15 19:55:37.277129,Berlin-5554,32,69,Normal
2026-02-15 19:55:38.277129,Berlin-5554,-27,67,Normal
2026-02-15 19:55:39.277129,Berlin-5554,45,93,Normal
2026-02-15 19:55:40.277129,Berlin-5554,44,76,Normal
2026-02-15 19:55:41.277129,Berlin-5554,-14,40,Normal
2026-02-15 19:55:42.277129,Berlin-5554,-27,14,Normal
2026-02-15 19:55:43.277129,Berlin-5554,44,90,Normal
2026-02-15 19:55:44.277129,Berlin-5554,42,65,Normal
2026-02-15 19:55:45.277129,Berlin-5554,16,92,Normal
2026-02-15 19:55:46.277129,Berlin-5554,27,49,Normal
2026-02-15 19:55:47.277129,Berlin-5554,45,70,Normal
2026-02-15 19:55:48.277129,Berlin-5554,-20,38,Normal
2026-02-15 19:55:49.277129,Berlin-5554,-20,14,Normal
2026-02-15 19:55:50.277129,Berlin-5554,-3,64,Normal
2026-02-15 19:55:51.277129,Berlin-5554,49,5,Normal
2026-02-15 19:55:52.277129,Berlin-5554,-25,88,Normal
2026-02-15 19:55:53.277129,Berlin-5554,18,84,Normal
2026-02-15 19:55:54.277129,Berlin-5554,-29,34,Normal
2026-02-15 19:55:55.277129,Berlin-5554,49,57,Normal
2026-02-15 19:55:56.277129,Berlin-5554,47,4,Normal
2026-02-15 19:55:57.277129,Berlin-5554,14,27,Normal
2026-02-15 19:55:58.277129,Berlin-5554,0,9,Normal
2026-02-15 19:55:59.277129,Berlin-5554,15,19,Normal
2026-02-15 19:56:00.277129,Berlin-5554,-22,47,Normal
2026-02-15 19:56:01.277129,Berlin-5554,38,71,Normal
2026-02-15 19:56:02.277129,Berlin-5554,-14,0,Normal
2026-02-15 19:56:03.277129,Berlin-5554,37,85,Normal
2026-02-15 19:56:04.277129,Berlin-5554,-25,26,Normal
2026-02-15 19:56:05.277129,Berlin-5554,-22,0,Normal
2026-02-15 19:56:06.277129,Berlin-5554,5,6,Normal
2026-02-15 19:56:07.277129,Berlin-5554,43,53,Normal
2026-02-15 19:56:08.277129,Berlin-5554,16,95,Normal
2026-02-15 19:56:09.277129,Berlin-5554,-2,87,Normal
2026-02-15 19:56:10.277129,Berlin-5554,20,99,Normal
2026-02-15 19:56:11.277129,Berlin-5554,10,81,Normal
2026-02-15 19:56:12.277129,Berlin-5554,-19,77,Normal
2026-02-15 19:56:13.277129,Berlin-5554,50,28,Normal
2026-02-15 19:56:14.277129,Berlin-5554,36,19,Normal
2026-02-15 19:56:15.277129,Berlin-5554,-4,14,Normal
2026-02-15 19:56:16.277129,Berlin-5554,-14,30,Normal
2026-02-15 19:56:17.277129,Berlin-5554,11,47,Normal
2026-02-15 19:56:18.277129,Berlin-5554,-12,99,Normal
2026-02-15 19:56:19.277129,Berlin-5554,-1,77,Normal
2026-02-15 19:56:20.277129,Berlin-5554,-21,37,Normal
2026-02-15 19:56:21.277129,Berlin-5554,18,69,Normal
2026-02-15 19:56:22.277129,Berlin-5554,43,40,Normal
2026-02-15 19:56:23.277129,Berlin-5554,-23,20,Normal
2026-02-15 19:56:24.277129,Berlin-5554,4,6,Normal
2026-02-15 19:56:25.277129,Berlin-5554,30,58,Normal
2026-02-15 19:56:26.277129,Berlin-5554,47,5,Normal
2026-02-15 19:56:27.277129,Berlin-5554,43,75,Normal
2026-02-15 19:56:28.277129,Berlin-5554,13,96,Normal
2026-02-15 19:56:29.277129,Berlin-5554,-18,46,Normal
2026-02-15 19:56:30.277129,Berlin-5554,22,82,Normal
2026-02-15 19:56:31.277129,Berlin-5554,-20,64,Normal
2026-02-15 19:56:32.277129,Berlin-5554,49,15,Normal
2026-02-15 19:56:33.277129,Berlin-5554,22,90,Normal
2026-02-15 19:56:34.277129,Berlin-5554,15,29,Normal
2026-02-15 19:56:35.277129,Berlin-5554,-2,98,Normal
2026-02-15 19:56:36.277129,Berlin-5554,33,76,Normal
2026-02-15 19:56:37.277129,Berlin-5554,0,70,Normal
2026-02-15 19:56:38.277129,Berlin-5554,34,86,Normal
2026-02-15 19:56:39.277129,Berlin-5554,32,99,Normal
2026-02-15 19:56:40.277129,Berlin-5554,33,68,Normal
2026-02-15 19:56:41.277129,Berlin-5554,26,51,Normal
2026-02-15 19:56:42.277129,Berlin-5554,-24,70,Normal
2026-02-15 19:56:43.277129,Berlin-5554,16,25,Normal
2026-02-15 19:56:44.277129,Berlin-5554,-13,86,Normal
2026-02-15 19:56:45.277129,Berlin-5554,47,64,Normal
2026-02-15 19:56:46.277129,Berlin-5554,-13,15,Normal
2026-02-15 19:56:47.277129,Berlin-5554,29,42,Normal
2026-02-15 19:56:48.277129,Berlin-5554,20,36,Normal
2026-02-15 19:56:49.277129,Berlin-5554,-16,96,Normal
2026-02-15 19:56:50.277129,Berlin-5554,47,66,Normal
2026-02-15 19:56:51.277129,Berlin-5554,43,77,Normal
2026-02-15 19:56:52.277129,Berlin-5554,50,57,Normal
2026-02-15 19:56:53.277129,Berlin-5554,33,92,Normal
2026-02-15 19:56:54.277129,Berlin-5554,9,59,Normal
2026-02-15 19:56:55.277129,Berlin-5554,42,6,Normal
2026-02-15 19:56:56.277129,Berlin-5554,32,42,Normal
2026-02-15 19:56:57.277129,Berlin-5554,-8,85,Normal
2026-02-15 19:56:58.277129,Berlin-5554,-8,100,Normal
2026-02-15 19:56:59.277129,Berlin-5554,34,90,Normal
2026-02-15 19:57:00.277129,Berlin-5554,-3,74,Normal
2026-02-15 19:57:01.277129,Berlin-5554,46,87,Normal
2026-02-15 19:57:02.277129,Berlin-5554,29,82,Normal
2026-02-15 19:57:03.277129,Berlin-5554,-18,97,Normal
2026-02-15 19:57:04.277129,Berlin-5554,23,13,Normal
2026-02-15 19:57:05.277129,Berlin-5554,24,15,Normal
2026-02-15 19:57:06.277129,Berlin-5554,15,21,Normal
2026-02-15 19:57:07.277129,Berlin-5554,46,54,Normal
2026-02-15 19:57:08.277129,Berlin-5554,16,10,Normal
2026-02-15 19:57:09.277129,Berlin-5554,40,74,Normal
2026-02-15 19:57:10.277129,Berlin-5554,22,17,Normal
2026-02-15 19:57:11.277129,Berlin-5554,-17,78,Normal
2026-02-15 19:57:12.277129,Berlin-5554,33,95,Normal
2026-02-15 19:57:13.277129,Berlin-5554,24,47,Normal
2026-02-15 19:57:14.277129,Berlin-5554,48,40,Normal
2026-02-15 19:57:15.277129,Berlin-5554,42,49,Normal
2026-02-15 19:57:16.277129,Berlin-5554,12,8,Normal
2026-02-15 19:57:17.277129,Berlin-5554,7,38,Normal
2026-02-15 19:57:18.277129,Berlin-5554,3,59,Normal
2026-02-15 19:57:19.277129,Berlin-5554,-13,1,Normal
2026-02-15 19:57:20.277129,Berlin-5554,-3,15,Normal
2026-02-15 19:57:21.277129,Berlin-5554,30,24,Normal
2026-02-15 19:57:22.277129,Berlin-5554,-12,70,Normal
2026-02-15 19:57:23.277129,Berlin-5554,-7,25,Normal
2026-02-15 19:57:24.277129,Berlin-5554,-10,77,Normal
2026-02-15 19:57:25.277129,Berlin-5554,22,27,Normal
2026-02-15 19:57:26.277129,Berlin-5554,50,1,Normal
2026-02-15 19:57:27.277129,Berlin-5554,5,50,Normal
2026-02-15 19:57:28.277129,Berlin-5554,49,34,Normal
2026-02-15 19:57:29.277129,Berlin-5554,16,52,Normal
2026-02-15 19:57:30.277129,Berlin-5554,-1,88,Normal
2026-02-15 19:57:31.277129,Berlin-5554,16,39,Normal
2026-02-15 19:57:32.277129,Berlin-5554,-28,96,Normal
2026-02-15 19:57:33.277129,Berlin-5554,-20,5,Normal
2026-02-15 19:57:34.277129,Berlin-5554,30,100,Normal
2026-02-15 19:57:35.277129,Berlin-5554,-5,41,Normal
2026-02-15 19:57:36.277129,Berlin-5554,6,50,Normal
2026-02-15 19:57:37.277129,Berlin-5554,46,90,Normal
2026-02-15 19:57:38.277129,Berlin-5554,50,79,Normal
2026-02-15 19:57:39.277129,Berlin-5554,-18,5,Normal
2026-02-15 19:57:40.277129,Berlin-5554,19,91,Normal
2026-02-15 19:57:41.277129,Berlin-5554,2,66,Normal
2026-02-15 19:57:42.277129,Berlin-5554,29,28,Normal
2026-02-15 19:57:43.277129,Berlin-5554,35,8,Normal
2026-02-15 19:57:44.277129,Berlin-5554,-8,29,Normal
2026-02-15 19:57:45.277129,Berlin-5554,-8,26,Normal
2026-02-15 19:57:46.277129,Berlin-5554,-10,96,Normal
2026-02-15 19:57:47.277129,Berlin-5554,49,5,Normal
2026-02-15 19:57:48.277129,Berlin-5554,46,100,Normal
2026-02-15 19:57:49.277129,Berlin-5554,9,65,Normal
2026-02-15 19:57:50.277129,Berlin-5554,-18,94,Normal
2026-02-15 19:57:51.277129,Berlin-5554,7,93,Normal
2026-02-15 19:57:52.277129,Berlin-5554,-4,67,Normal
2026-02-15 19:57:53.277129,Berlin-5554,26,4,Normal
2026-02-15 19:57:54.277129,Berlin-5554,12,48,Normal
2026-02-15 19:57:55.277129,Berlin-5554,-25,8,Normal
2026-02-15 19:57:56.277129,Berlin-5554,-11,3,Normal
2026-02-15 19:57:57.277129,Berlin-5554,21,40,Normal
2026-02-15 19:57:58.277129,Berlin-5554,-3,69,Normal
2026-02-15 19:57:59.277129,Berlin-5554,1,60,Normal
2026-02-15 19:58:00.277129,Berlin-5554,15,54,Normal
2026-02-15 19:58:01.277129,Berlin-5554,-25,12,Normal
2026-02-15 19:58:02.277129,Berlin-5554,39,69,Normal
2026-02-15 19:58:03.277129,Berlin-5554,0,67,Normal
2026-02-15 19:58:04.277129,Berlin-5554,32,40,Normal
2026-02-15 19:58:05.277129,Berlin-5554,27,88,Normal
2026-02-15 19:58:06.277129,Berlin-5554,13,81,Normal
2026-02-15 19:58:07.277129,Berlin-5554,7,100,Normal
2026-02-15 19:58:08.277129,Berlin-5554,12,59,Normal
2026-02-15 19:58:09.277129,Berlin-5554,38,41,Normal
2026-02-15 19:58:10.277129,Berlin-5554,-27,29,Normal
2026-02-15 19:58:11.277129,Berlin-5554,-29,22,Normal
2026-02-15 19:58:12.277129,Berlin-5554,-1,13,Normal
2026-02-15 19:58:13.277129,Berlin-5554,-15,14,Normal
2026-02-15 19:58:14.277129,Berlin-5554,-4,63,Normal
2026-02-15 19:58:15.277129,Berlin-5554,-26,52,Normal
2026-02-15 19:58:16.277129,Berlin-5554,-11,23,Normal
2026-02-15 19:58:17.277129,Berlin-5554,8,100,Normal
2026-02-15 19:58:18.277129,Berlin-5554,22,30,Normal
2026-02-15 19:58:19.277129,Berlin-5554,14,96,Normal
2026-02-15 19:58:20.277129,Berlin-5554,36,38,Normal
2026-02-15 19:58:21.277129,Berlin-5554,14,85,Normal
2026-02-15 19:58:22.277129,Berlin-5554,-22,36,Normal
2026-02-15 19:58:23.277129,Berlin-5554,-17,28,Normal
2026-02-15 19:58:24.277129,Berlin-5554,-20,78,Normal
2026-02-15 19:58:25.277129,Berlin-5554,15,57,Normal
2026-02-15 19:58:26.277129,Berlin-5554,3,29,Normal
2026-02-15 19:58:27.277129,Berlin-5554,-17,26,Normal
2026-02-15 19:58:28.277129,Berlin-5554,27,41,Normal
2026-02-15 19:58:29.277129,Berlin-5554,-10,0,Normal
2026-02-15 19:58:30.277129,Berlin-5554,44,7,Normal
2026-02-15 19:58:31.277129,Berlin-5554,9,72,Normal
2026-02-15 19:58:32.277129,Berlin-5554,33,26,Normal
2026-02-15 19:58:33.277129,Berlin-5554,25,17,Normal
2026-02-15 19:58:34.277129,Berlin-5554,16,46,Normal
2026-02-15 19:58:35.277129,Berlin-5554,-30,19,Normal
2026-02-15 19:58:36.277129,Berlin-5554,-28,82,Normal
2026-02-15 19:58:37.277129,Berlin-5554,-1,60,Normal
2026-02-15 19:58:38.277129,Berlin-5554,-10,64,Normal
2026-02-15 19:58:39.277129,Berlin-5554,6,90,Normal
2026-02-15 19:58:40.277129,Berlin-5554,-23,39,Normal
2026-02-15 19:58:41.277129,Berlin-5554,6,55,Normal
2026-02-15 19:58:42.277129,Berlin-5554,37,97,Normal
2026-02-15 19:58:43.277129,Berlin-5554,44,65,Normal
2026-02-15 19:58:44.277129,Berlin-5554,15,97,Normal
2026-02-15 19:58:45.277129,Berlin-5554,35,32,Normal
2026-02-15 19:58:46.277129,Berlin-5554,-3,79,Normal
2026-02-15 19:58:47.277129,Berlin-5554,6,97,Normal
2026-02-15 19:58:48.277129,Berlin-5554,22,54,Normal
2026-02-15 19:58:49.277129,Berlin-5554,34,42,Normal
2026-02-15 19:58:50.277129,Berlin-5554,8,84,Normal
2026-02-15 19:58:51.277129,Berlin-5554,23,33,Normal
2026-02-15 19:58:52.277129,Berlin-5554,1,7,Normal
2026-02-15 19:58:53.277129,Berlin-5554,5,25,Normal
2026-02-15 19:58:54.277129,Berlin-5554,-29,58,Normal
2026-02-15 19:58:55.277129,Berlin-5554,-14,5,Normal
2026-02-15 19:58:56.277129,Berlin-5554,-28,42,Normal
2026-02-15 19:58:57.277129,Berlin-5554,26,73,Normal
2026-02-15 19:58:58.277129,Berlin-5554,-20,55,Normal
2026-02-15 19:58:59.277129,Berlin-5554,-26,81,Normal
2026-02-15 19:59:00.277129,Berlin-5554,9,77,Normal
2026-02-15 19:59:01.277129,Berlin-5554,42,47,Normal
2026-02-15 19:59:02.277129,Berlin-5554,-18,86,Normal
2026-02-15 19:59:03.277129,Berlin-5554,28,94,Normal
2026-02-15 19:59:04.277129,Berlin-5554,21,93,Normal
