timestamp,station_id,temp,humid,condition
2026-02-08 15:38:19.978405,Dubai-fde9,34,60,Normal
2026-02-08 15:38:20.978405,Dubai-fde9,31,95,Normal
2026-02-08 15:38:21.978405,Dubai-fde9,-13,65,Normal
2026-02-08 15:38:22.978405,Dubai-fde9,23,66,Normal
2026-02-08 15:38:23.978405,Dubai-fde9,7,64,Normal
2026-02-08 15:38:24.978405,Dubai-fde9,-9,49,Normal
2026-02-08 15:38:25.978405,Dubai-fde9,6,51,Normal
2026-02-08 15:38:26.978405,Dubai-fde9,-16,47,Normal
2026-02-08 15:38:27.978405,Dubai-fde9,50,70,Normal
2026-02-08 15:38:28.978405,Dubai-fde9,1,80,Normal
2026-02-08 15:38:29.978405,Dubai-fde9,-7,59,Normal
2026-02-08 15:38:30.978405,Dubai-fde9,17,61,Normal
2026-02-08 15:38:31.978405,Dubai-fde9,-4,0,Normal
2026-02-08 15:38:32.978405,Dubai-fde9,23,100,Normal
2026-02-08 15:38:33.978405,Dubai-fde9,35,39,Normal
2026-02-08 15:38:34.978405,Dubai-fde9,17,40,Normal
2026-02-08 15:38:35.978405,Dubai-fde9,-17,84,Normal
2026-02-08 15:38:36.978405,Dubai-fde9,1,20,Normal
2026-02-08 15:38:37.978405,Dubai-fde9,42,15,Normal
2026-02-08 15:38:38.978405,Dubai-fde9,0,54,Normal
2026-02-08 15:38:39.978405,Dubai-fde9,26,21,Normal
2026-02-08 15:38:40.978405,Dubai-fde9,9,67,Normal
2026-02-08 15:38:41.978405,Dubai-fde9,31,24,Normal
2026-02-08 15:38:42.978405,Dubai-fde9,42,12,Normal
2026-02-08 15:38:43.978405,Dubai-fde9,25,34,Normal
2026-02-08 15:38:44.978405,Dubai-fde9,19,32,Normal
2026-02-08 15:38:45.978405,Dubai-fde9,11,83,Normal
2026-02-08 15:38:46.978405,Dubai-fde9,-13,72,Normal
2026-02-08 15:38:47.978405,Dubai-fde9,-17,40,Normal
2026-02-08 15:38:48.978405,Dubai-fde9,-28,31,Normal
2026-02-08 15:38:49.978405,Dubai-fde9,7,98,Normal
2026-02-08 15:38:50.978405,Dubai-fde9,13,26,Normal
2026-02-08 15:38:51.978405,Dubai-fde9,-28,0,Normal
2026-02-08 15:38:52.978405,Dubai-fde9,0,47,Normal
2026-02-08 15:38:53.978405,Dubai-fde9,-29,41,Normal
2026-02-08 15:38:54.978405,Dubai-fde9,23,93,Normal
2026-02-08 15:38:55.978405,Dubai-fde9,18,97,Normal
2026-02-08 15:38:56.978405,Dubai-fde9,-11,53,Normal
2026-02-08 15:38:57.978405,Dubai-fde9,-16,6,Normal
2026-02-08 15:38:58.978405,Dubai-fde9,10,72,Normal
2026-02-08 15:38:59.978405,Dubai-fde9,26,90,Normal
2026-02-08 15:39:00.978405,Dubai-fde9,-25,2,Normal
2026-02-08 15:39:01.978405,Dubai-fde9,31,75,Normal
2026-02-08 15:39:02.978405,Dubai-fde9,-14,5,Normal
2026-02-08 15:39:03.978405,Dubai-fde9,20,74,Normal
2026-02-08 15:39:04.978405,Dubai-fde9,23,70,Normal
2026-02-08 15:39:05.978405,Dubai-fde9,34,95,Normal
2026-02-08 15:39:06.978405,Dubai-fde9,3,40,Normal
2026-02-08 15:39:07.978405,Dubai-fde9,41,85,Normal
2026-02-08 15:39:08.978405,Dubai-fde9,4,29,Normal
2026-02-08 15:39:09.978405,Dubai-fde9,11,72,Normal
2026-02-08 15:39:10.978405,Dubai-fde9,21,52,Normal
2026-02-08 15:39:11.978405,Dubai-fde9,-2,72,Normal
2026-02-08 15:39:12.978405,Dubai-fde9,-30,91,Normal
2026-02-08 15:39:13.978405,Dubai-fde9,34,32,Normal
2026-02-08 15:39:14.978405,Dubai-fde9,10,65,Normal
2026-02-08 15:39:15.978405,Dubai-fde9,-15,44,Normal
2026-02-08 15:39:16.978405,Dubai-fde9,-14,55,Normal
2026-02-08 15:39:17.978405,Dubai-fde9,-15,74,Normal
2026-02-08 15:39:18.978405,Dubai-fde9,19,31,Normal
2026-02-08 15:39:19.978405,Dubai-fde9,33,14,Normal
2026-02-08 15:39:20.978405,Dubai-fde9,-24,83,Normal
2026-02-08 15:39:21.978405,Dubai-fde9,-15,27,Normal
2026-02-08 15:39:22.978405,Dubai-fde9,22,75,Normal
2026-02-08 15:39:23.978405,Dubai-fde9,31,36,Normal
2026-02-08 15:39:24.978405,Dubai-fde9,-24,95,Normal
2026-02-08 15:39:25.978405,Dubai-fde9,40,16,Normal
2026-02-08 15:39:26.978405,Dubai-fde9,32,56,Normal
2026-02-08 15:39:27.978405,Dubai-fde9,35,59,Normal
2026-02-08 15:39:28.978405,Dubai-fde9,-2,38,Normal
2026-02-08 15:39:29.978405,Dubai-fde9,-21,1,Normal
2026-02-08 15:39:30.978405,Dubai-fde9,-12,5,Normal
2026-02-08 15:39:31.978405,Dubai-fde9,40,93,Normal
2026-02-08 15:39:32.978405,Dubai-fde9,-26,2,Normal
2026-02-08 15:39:33.978405,Dubai-fde9,-21,46,Normal
2026-02-08 15:39:34.978405,Dubai-fde9,-27,97,Normal
2026-02-08 15:39:35.978405,Dubai-fde9,-16,89,Normal
2026-02-08 15:39:36.978405,Dubai-fde9,39,5,Normal
2026-02-08 15:39:37.978405,Dubai-fde9,-27,94,Normal
2026-02-08 15:39:38.978405,Dubai-fde9,-4,99,Normal
2026-02-08 15:39:39.978405,Dubai-fde9,-10,57,Normal
2026-02-08 15:39:40.978405,Dubai-fde9,32,59,Normal
2026-02-08 15:39:41.978405,Dubai-fde9,-18,27,Normal
2026-02-08 15:39:42.978405,Dubai-fde9,5,51,Normal
2026-02-08 15:39:43.978405,Dubai-fde9,5,22,Normal
2026-02-08 15:39:44.978405,Dubai-fde9,32,56,Normal
2026-02-08 15:39:45.978405,Dubai-fde9,38,62,Normal
2026-02-08 15:39:46.978405,Dubai-fde9,4,6,Normal
2026-02-08 15:39:47.978405,Dubai-fde9,-12,100,Normal
2026-02-08 15:39:48.978405,Dubai-fde9,15,31,Normal
2026-02-08 15:39:49.978405,Dubai-fde9,41,72,Normal
2026-02-08 15:39:50.978405,Dubai-fde9,14,91,Normal
2026-02-08 15:39:51.978405,Dubai-fde9,2,63,Normal
2026-02-08 15:39:52.978405,Dubai-fde9,-18,28,Normal
2026-02-08 15:39:53.978405,Dubai-fde9,-7,12,Normal
2026-02-08 15:39:54.978405,Dubai-fde9,-2,67,Normal
2026-02-08 15:39:55.978405,Dubai-fde9,44,12,Normal
2026-02-08 15:39:56.978405,Dubai-fde9,14,37,Normal
2026-02-08 15:39:57.978405,Dubai-fde9,-28,31,Normal
2026-02-08 15:39:58.978405,Dubai-fde9,-28,43,Normal
2026-02-08 15:39:59.978405,Dubai-fde9,6,58,Normal
2026-02-08 15:40:00.978405,Dubai-fde9,9,44,Normal
2026-02-08 15:40:01.978405,Dubai-fde9,-25,39,Normal
2026-02-08 15:40:02.978405,Dubai-fde9,3,35,Normal
2026-02-08 15:40:03.978405,Dubai-fde9,33,31,Normal
2026-02-08 15:40:04.978405,Dubai-fde9,26,26,Normal
2026-02-08 15:40:05.978405,Dubai-fde9,28,83,Normal
2026-02-08 15:40:06.978405,Dubai-fde9,-4,79,Normal
2026-02-08 15:40:07.978405,Dubai-fde9,23,63,Normal
2026-02-08 15:40:08.978405,Dubai-fde9,-11,83,Normal
2026-02-08 15:40:09.978405,Dubai-fde9,0,42,Normal
2026-02-08 15:40:10.978405,Dubai-fde9,19,21,Normal
2026-02-08 15:40:11.978405,Dubai-fde9,22,76,Normal
2026-02-08 15:40:12.978405,Dubai-fde9,-2,5,Normal
2026-02-08 15:40:13.978405,Dubai-fde9,33,32,Normal
2026-02-08 15:40:14.978405,Dubai-fde9,21,23,Normal
2026-02-08 15:40:15.978405,Dubai-fde9,-30,27,Normal
2026-02-08 15:40:16.978405,Dubai-fde9,25,71,Normal
2026-02-08 15:40:17.978405,Dubai-fde9,50,25,Normal
2026-02-08 15:40:18.978405,Dubai-fde9,-9,52,Normal
2026-02-08 15:40:19.978405,Dubai-fde9,38,91,Normal
2026-02-08 15:40:20.978405,Dubai-fde9,7,87,Normal
2026-02-08 15:40:21.978405,Dubai-fde9,27,55,Normal
2026-02-08 15:40:22.978405,Dubai-fde9,-2,95,Normal
2026-02-08 15:40:23.978405,Dubai-fde9,27,5,Normal
2026-02-08 15:40:24.978405,Dubai-fde9,-1,48,Normal
2026-02-08 15:40:25.978405,Dubai-fde9,46,47,Normal
2026-02-08 15:40:26.978405,Dubai-fde9,26,49,Normal
2026-02-08 15:40:27.978405,Dubai-fde9,-27,50,Normal
2026-02-08 15:40:28.978405,Dubai-fde9,14,95,Normal
2026-02-08 15:40:29.978405,Dubai-fde9,-20,31,Normal
2026-02-08 15:40:30.978405,Dubai-fde9,34,37,Normal
2026-02-08 15:40:31.978405,Dubai-fde9,-30,76,Normal
2026-02-08 15:40:32.978405,Dubai-fde9,36,19,Normal
2026-02-08 15:40:33.978405,Dubai-fde9,-21,5,Normal
2026-02-08 15:40:34.978405,Dubai-fde9,2,21,Normal
2026-02-08 15:40:35.978405,Dubai-fde9,-18,27,Normal
2026-02-08 15:40:36.978405,Dubai-fde9,23,55,Normal
2026-02-08 15:40:37.978405,Dubai-fde9,-29,73,Normal
2026-02-08 15:40:38.978405,Dubai-fde9,28,74,Normal
2026-02-08 15:40:39.978405,Dubai-fde9,-6,65,Normal
2026-02-08 15:40:40.978405,Dubai-fde9,11,7,Normal
2026-02-08 15:40:41.978405,Dubai-fde9,42,40,Normal
2026-02-08 15:40:42.978405,Dubai-fde9,-4,47,Normal
2026-02-08 15:40:43.978405,Dubai-fde9,43,11,Normal
2026-02-08 15:40:44.978405,Dubai-fde9,3,65,Normal
2026-02-08 15:40:45.978405,Dubai-fde9,35,97,Normal
2026-02-08 15:40:46.978405,Dubai-fde9,42,52,Normal
2026-02-08 15:40:47.978405,Dubai-fde9,-19,44,Normal
2026-02-08 15:40:48.978405,Dubai-fde9,-28,44,Normal
2026-02-08 15:40:49.978405,Dubai-fde9,15,83,Normal
2026-02-08 15:40:50.978405,Dubai-fde9,27,26,Normal
2026-02-08 15:40:51.978405,Dubai-fde9,44,36,Normal
2026-02-08 15:40:52.978405,Dubai-fde9,44,34,Normal
2026-02-08 15:40:53.978405,Dubai-fde9,50,31,Normal
2026-02-08 15:40:54.978405,Dubai-fde9,-27,65,Normal
2026-02-08 15:40:55.978405,Dubai-fde9,24,45,Normal
2026-02-08 15:40:56.978405,Dubai-fde9,12,96,Normal
2026-02-08 15:40:57.978405,Dubai-fde9,4,40,Normal
2026-02-08 15:40:58.978405,Dubai-fde9,-2,49,Normal
2026-02-08 15:40:59.978405,Dubai-fde9,-28,82,Normal
2026-02-08 15:41:00.978405,Dubai-fde9,-4,18,Normal
2026-02-08 15:41:01.978405,Dubai-fde9,8,71,Normal
2026-02-08 15:41:02.978405,Dubai-fde9,16,16,Normal
2026-02-08 15:41:03.978405,Dubai-fde9,14,13,Normal
2026-02-08 15:41:04.978405,Dubai-fde9,0,100,Normal
2026-02-08 15:41:05.978405,Dubai-fde9,38,61,Normal
2026-02-08 15:41:06.978405,Dubai-fde9,37,13,Normal
2026-02-08 15:41:07.978405,Dubai-fde9,-12,24,Normal
2026-02-08 15:41:08.978405,Dubai-fde9,-27,93,Normal
2026-02-08 15:41:09.978405,Dubai-fde9,-2,46,Normal
2026-02-08 15:41:10.978405,Dubai-fde9,-27,16,Normal
2026-02-08 15:41:11.978405,Dubai-fde9,-27,2,Normal
2026-02-08 15:41:12.978405,Dubai-fde9,-19,67,Normal
2026-02-08 15:41:13.978405,Dubai-fde9,-18,95,Normal
2026-02-08 15:41:14.978405,Dubai-fde9,40,61,Normal
2026-02-08 15:41:15.978405,Dubai-fde9,-12,85,Normal
2026-02-08 15:41:16.978405,Dubai-fde9,27,54,Normal
2026-02-08 15:41:17.978405,Dubai-fde9,-5,92,Normal
2026-02-08 15:41:18.978405,Dubai-fde9,22,54,Normal
2026-02-08 15:41:19.978405,Dubai-fde9,-1,46,Normal
2026-02-08 15:41:20.978405,Dubai-fde9,-24,29,Normal
2026-02-08 15:41:21.978405,Dubai-fde9,35,27,Normal
2026-02-08 15:41:22.978405,Dubai-fde9,-4,40,Normal
2026-02-08 15:41:23.978405,Dubai-fde9,33,94,Normal
2026-02-08 15:41:24.978405,Dubai-fde9,7,86,Normal
2026-02-08 15:41:25.978405,Dubai-fde9,26,40,Normal
2026-02-08 15:41:26.978405,Dubai-fde9,49,21,Normal
2026-02-08 15:41:27.978405,Dubai-fde9,41,40,Normal
2026-02-08 15:41:28.978405,Dubai-fde9,8,87,Normal
2026-02-08 15:41:29.978405,Dubai-fde9,49,63,Normal
2026-02-08 15:41:30.978405,Dubai-fde9,-26,48,Normal
2026-02-08 15:41:31.978405,Dubai-fde9,42,91,Normal
2026-02-08 15:41:32.978405,Dubai-fde9,21,16,Normal
2026-02-08 15:41:33.978405,Dubai-fde9,4,25,Normal
2026-02-08 15:41:34.978405,Dubai-fde9,30,75,Normal
2026-02-08 15:41:35.978405,Dubai-fde9,20,7,Normal
2026-02-08 15:41:36.978405,Dubai-fde9,29,86,Normal
2026-02-08 15:41:37.978405,Dubai-fde9,40,53,Normal
2026-02-08 15:41:38.978405,Dubai-fde9,21,51,Normal
2026-02-08 15:41:39.978405,Dubai-fde9,-13,26,Normal
2026-02-08 15:41:40.978405,Dubai-fde9,15,1,Normal
2026-02-08 15:41:41.978405,Dubai-fde9,46,80,Normal
2026-02-08 15:41:42.978405,Dubai-fde9,-10,91,Normal
2026-02-08 15:41:43.978405,Dubai-fde9,37,11,Normal
2026-02-08 15:41:44.978405,Dubai-fde9,48,86,Normal
2026-02-08 15:41:45.978405,Dubai-fde9,29,88,Normal
2026-02-08 15:41:46.978405,Dubai-fde9,9,85,Normal
2026-02-08 15:41:47.978405,Dubai-fde9,14,22,Normal
2026-02-08 15:41:48.978405,Dubai-fde9,5,59,Normal
2026-02-08 15:41:49.978405,Dubai-fde9,11,14,Normal
2026-02-08 15:41:50.978405,Dubai-fde9,-19,11,Normal
2026-02-08 15:41:51.978405,Dubai-fde9,-20,84,Normal
2026-02-08 15:41:52.978405,Dubai-fde9,40,39,Normal
2026-02-08 15:41:53.978405,Dubai-fde9,-23,69,Normal
2026-02-08 15:41:54.978405,Dubai-fde9,-11,59,Normal
2026-02-08 15:41:55.978405,Dubai-fde9,40,8,Normal
2026-02-08 15:41:56.978405,Dubai-fde9,15,7,Normal
2026-02-08 15:41:57.978405,Dubai-fde9,39,74,Normal
2026-02-08 15:41:58.978405,Dubai-fde9,26,99,Normal
2026-02-08 15:41:59.978405,Dubai-fde9,-19,59,Normal
2026-02-08 15:42:00.978405,Dubai-fde9,-22,10,Normal
2026-02-08 15:42:01.978405,Dubai-fde9,-28,98,Normal
2026-02-08 15:42:02.978405,Dubai-fde9,44,64,Normal
2026-02-08 15:42:03.978405,Dubai-fde9,37,8,Normal
2026-02-08 15:42:04.978405,Dubai-fde9,26,72,Normal
2026-02-08 15:42:05.978405,Dubai-fde9,20,58,Normal
2026-02-08 15:42:06.978405,Dubai-fde9,-17,46,Normal
2026-02-08 15:42:07.978405,Dubai-fde9,-8,84,Normal
2026-02-08 15:42:08.978405,Dubai-fde9,12,87,Normal
2026-02-08 15:42:09.978405,Dubai-fde9,-4,31,Normal
2026-02-08 15:42:10.978405,Dubai-fde9,29,72,Normal
2026-02-08 15:42:11.978405,Dubai-fde9,28,85,Normal
2026-02-08 15:42:12.978405,Dubai-fde9,-20,95,Normal
2026-02-08 15:42:13.978405,Dubai-fde9,-12,24,Normal
2026-02-08 15:42:14.978405,Dubai-fde9,26,87,Normal
2026-02-08 15:42:15.978405,Dubai-fde9,0,97,Normal
2026-02-08 15:42:16.978405,Dubai-fde9,9,2,Normal
2026-02-08 15:42:17.978405,Dubai-fde9,37,31,Normal
2026-02-08 15:42:18.978405,Dubai-fde9,39,56,Normal
2026-02-08 15:42:19.978405,Dubai-fde9,39,68,Normal
2026-02-08 15:42:20.978405,Dubai-fde9,-24,61,Normal
2026-02-08 15:42:21.978405,Dubai-fde9,-8,46,Normal
2026-02-08 15:42:22.978405,Dubai-fde9,27,88,Normal
2026-02-08 15:42:23.978405,Dubai-fde9,44,60,Normal
2026-02-08 15:42:24.978405,Dubai-fde9,39,71,Normal
2026-02-08 15:42:25.978405,Dubai-fde9,40,64,Normal
2026-02-08 15:42:26.978405,Dubai-fde9,-17,93,Normal
2026-02-08 15:42:27.978405,Dubai-fde9,-5,1,Normal
2026-02-08 15:42:28.978405,Dubai-fde9,7,92,Normal
2026-02-08 15:42:29.978405,Dubai-fde9,-14,95,Normal
2026-02-08 15:42:30.978405,Dubai-fde9,-19,4,Normal
2026-02-08 15:42:31.978405,Dubai-fde9,9,15,Normal
2026-02-08 15:42:32.978405,Dubai-fde9,40,69,Normal
2026-02-08 15:42:33.978405,Dubai-fde9,-23,5,Normal
2026-02-08 15:42:34.978405,Dubai-fde9,48,58,Normal
2026-02-08 15:42:35.978405,Dubai-fde9,9,39,Normal
2026-02-08 15:42:36.978405,Dubai-fde9,43,23,Normal
2026-02-08 15:42:37.978405,Dubai-fde9,-15,53,Normal
2026-02-08 15:42:38.978405,Dubai-fde9,29,86,Normal
2026-02-08 15:42:39.978405,Dubai-fde9,15,96,Normal
2026-02-08 15:42:40.978405,Dubai-fde9,-27,45,Normal
2026-02-08 15:42:41.978405,Dubai-fde9,27,68,Normal
2026-02-08 15:42:42.978405,Dubai-fde9,-25,92,Normal
2026-02-08 15:42:43.978405,Dubai-fde9,-5,16,Normal
2026-02-08 15:42:44.978405,Dubai-fde9,11,44,Normal
2026-02-08 15:42:45.978405,Dubai-fde9,36,56,Normal
2026-02-08 15:42:46.978405,Dubai-fde9,0,54,Normal
2026-02-08 15:42:47.978405,Dubai-fde9,-28,82,Normal
2026-02-08 15:42:48.978405,Dubai-fde9,-16,80,Normal
2026-02-08 15:42:49.978405,Dubai-fde9,48,71,Normal
2026-02-08 15:42:50.978405,Dubai-fde9,-9,71,Normal
2026-02-08 15:42:51.978405,Dubai-fde9,0,12,Normal
2026-02-08 15:42:52.978405,Dubai-fde9,8,7,Normal
2026-02-08 15:42:53.978405,Dubai-fde9,40,89,Normal
2026-02-08 15:42:54.978405,Dubai-fde9,45,16,Normal
2026-02-08 15:42:55.978405,Dubai-fde9,20,72,Normal
2026-02-08 15:42:56.978405,Dubai-fde9,12,61,Normal
2026-02-08 15:42:57.978405,Dubai-fde9,41,47,Normal
2026-02-08 15:42:58.978405,Dubai-fde9,25,83,Normal
2026-02-08 15:42:59.978405,Dubai-fde9,-27,75,Normal
2026-02-08 15:43:00.978405,Dubai-fde9,-23,0,Normal
2026-02-08 15:43:01.978405,Dubai-fde9,-19,32,Normal
2026-02-08 15:43:02.978405,Dubai-fde9,30,76,Normal
2026-02-08 15:43:03.978405,Dubai-fde9,39,21,Normal
2026-02-08 15:43:04.978405,Dubai-fde9,7,85,Normal
2026-02-08 15:43:05.978405,Dubai-fde9,11,9,Normal
2026-02-08 15:43:06.978405,Dubai-fde9,46,40,Normal
2026-02-08 15:43:07.978405,Dubai-fde9,-7,13,Normal
2026-02-08 15:43:08.978405,Dubai-fde9,-10,21,Normal
2026-02-08 15:43:09.978405,Dubai-fde9,-23,6,Normal
2026-02-08 15:43:10.978405,Dubai-fde9,26,94,Normal
2026-02-08 15:43:11.978405,Dubai-fde9,-20,50,Normal
2026-02-08 15:43:12.978405,Dubai-fde9,-30,13,Normal
2026-02-08 15:43:13.978405,Dubai-fde9,-14,20,Normal
2026-02-08 15:43:14.978405,Dubai-fde9,40,74,Normal
2026-02-08 15:43:15.978405,Dubai-fde9,13,68,Normal
2026-02-08 15:43:16.978405,Dubai-fde9,48,1,Normal
2026-02-08 15:43:17.978405,Dubai-fde9,-14,63,Normal
2026-02-08 15:43:18.978405,Dubai-fde9,-25,92,Normal
2026-02-08 15:43:19.978405,Dubai-fde9,24,26,Normal
2026-02-08 15:43:20.978405,Dubai-fde9,26,30,Normal
2026-02-08 15:43:21.978405,Dubai-fde9,36,90,Normal
2026-02-08 15:43:22.978405,Dubai-fde9,-23,2,Normal
2026-02-08 15:43:23.978405,Dubai-fde9,-2,70,Normal
2026-02-08 15:43:24.978405,Dubai-fde9,-22,48,Normal
2026-02-08 15:43:25.978405,Dubai-fde9,11,39,Normal
2026-02-08 15:43:26.978405,Dubai-fde9,32,38,Normal
2026-02-08 15:43:27.978405,Dubai-fde9,38,48,Normal
2026-02-08 15:43:28.978405,Dubai-fde9,-23,49,Normal
2026-02-08 15:43:29.978405,Dubai-fde9,26,43,Normal
2026-02-08 15:43:30.978405,Dubai-fde9,-8,27,Normal
2026-02-08 15:43:31.978405,Dubai-fde9,25,19,Normal
2026-02-08 15:43:32.978405,Dubai-fde9,19,100,Normal
2026-02-08 15:43:33.978405,Dubai-fde9,44,23,Normal
2026-02-08 15:43:34.978405,Dubai-fde9,2,69,Normal
2026-02-08 15:43:35.978405,Dubai-fde9,6,89,Normal
2026-02-08 15:43:36.978405,Dubai-fde9,21,48,Normal
2026-02-08 15:43:37.978405,Dubai-fde9,41,29,Normal
2026-02-08 15:43:38.978405,Dubai-fde9,34,74,Normal
2026-02-08 15:43:39.978405,Dubai-fde9,-10,10,Normal
2026-02-08 15:43:40.978405,Dubai-fde9,43,54,Normal
2026-02-08 15:43:41.978405,Dubai-fde9,46,3,Normal
2026-02-08 15:43:42.978405,Dubai-fde9,-30,93,Normal
2026-02-08 15:43:43.978405,Dubai-fde9,49,1,Normal
2026-02-08 15:43:44.978405,Dubai-fde9,33,11,Normal
2026-02-08 15:43:45.978405,Dubai-fde9,5,71,Normal
2026-02-08 15:43:46.978405,Dubai-fde9,-24,27,Normal
2026-02-08 15:43:47.978405,Dubai-fde9,6,97,Normal
2026-02-08 15:43:48.978405,Dubai-fde9,2,73,Normal
2026-02-08 15:43:49.978405,Dubai-fde9,33,84,Normal
2026-02-08 15:43:50.978405,Dubai-fde9,43,96,Normal
2026-02-08 15:43:51.978405,Dubai-fde9,-3,15,Normal
2026-02-08 15:43:52.978405,Dubai-fde9,-6,8,Normal
2026-02-08 15:43:53.978405,Dubai-fde9,10,51,Normal
2026-02-08 15:43:54.978405,Dubai-fde9,-27,57,Normal
2026-02-08 15:43:55.978405,Dubai-fde9,-4,60,Normal
2026-02-08 15:43:56.978405,Dubai-fde9,-15,33,Normal
2026-02-08 15:43:57.978405,Dubai-fde9,-12,43,Normal
2026-02-08 15:43:58.978405,Dubai-fde9,-22,35,Normal
2026-02-08 15:43:59.978405,Dubai-fde9,13,98,Normal
2026-02-08 15:44:00.978405,Dubai-fde9,-23,57,Normal
2026-02-08 15:44:01.978405,Dubai-fde9,-15,73,Normal
2026-02-08 15:44:02.978405,Dubai-fde9,18,47,Normal
2026-02-08 15:44:03.978405,Dubai-fde9,-27,21,Normal
2026-02-08 15:44:04.978405,Dubai-fde9,-6,8,Normal
2026-02-08 15:44:05.978405,Dubai-fde9,43,17,Normal
2026-02-08 15:44:06.978405,Dubai-fde9,-11,46,Normal
2026-02-08 15:44:07.978405,Dubai-fde9,23,42,Normal
2026-02-08 15:44:08.978405,Dubai-fde9,18,79,Normal
2026-02-08 15:44:09.978405,Dubai-fde9,39,84,Normal
2026-02-08 15:44:10.978405,Dubai-fde9,-2,56,Normal
2026-02-08 15:44:11.978405,Dubai-fde9,8,70,Normal
2026-02-08 15:44:12.978405,Dubai-fde9,5,2,Normal
2026-02-08 15:44:13.978405,Dubai-fde9,18,12,Normal
2026-02-08 15:44:14.978405,Dubai-fde9,32,65,Normal
2026-02-08 15:44:15.978405,Dubai-fde9,11,71,Normal
2026-02-08 15:44:16.978405,Dubai-fde9,46,5,Normal
2026-02-08 15:44:17.978405,Dubai-fde9,31,75,Normal
2026-02-08 15:44:18.978405,Dubai-fde9,7,14,Normal
2026-02-08 15:44:19.978405,Dubai-fde9,-13,33,Normal
2026-02-08 15:44:20.978405,Dubai-fde9,50,41,Normal
2026-02-08 15:44:21.978405,Dubai-fde9,9,37,Normal
2026-02-08 15:44:22.978405,Dubai-fde9,6,99,Normal
2026-02-08 15:44:23.978405,Dubai-fde9,47,31,Normal
2026-02-08 15:44:24.978405,Dubai-fde9,-20,39,Normal
2026-02-08 15:44:25.978405,Dubai-fde9,25,66,Normal
2026-02-08 15:44:26.978405,Dubai-fde9,40,47,Normal
2026-02-08 15:44:27.978405,Dubai-fde9,-11,82,Normal
2026-02-08 15:44:28.978405,Dubai-fde9,-23,58,Normal
2026-02-08 15:44:29.978405,Dubai-fde9,28,84,Normal
2026-02-08 15:44:30.978405,Dubai-fde9,26,51,Normal
2026-02-08 15:44:31.978405,Dubai-fde9,32,34,Normal
2026-02-08 15:44:32.978405,Dubai-fde9,37,57,Normal
2026-02-08 15:44:33.978405,Dubai-fde9,28,19,Normal
2026-02-08 15:44:34.978405,Dubai-fde9,32,73,Normal
2026-02-08 15:44:35.978405,Dubai-fde9,18,45,Normal
2026-02-08 15:44:36.978405,Dubai-fde9,1,56,Normal
2026-02-08 15:44:37.978405,Dubai-fde9,-30,75,Normal
2026-02-08 15:44:38.978405,Dubai-fde9,45,71,Normal
2026-02-08 15:44:39.978405,Dubai-fde9,27,92,Normal
2026-02-08 15:44:40.978405,Dubai-fde9,-21,76,Normal
2026-02-08 15:44:41.978405,Dubai-fde9,-29,92,Normal
2026-02-08 15:44:42.978405,Dubai-fde9,23,94,Normal
2026-02-08 15:44:43.978405,Dubai-fde9,-27,26,Normal
2026-02-08 15:44:44.978405,Dubai-fde9,23,56,Normal
2026-02-08 15:44:45.978405,Dubai-fde9,4,90,Normal
2026-02-08 15:44:46.978405,Dubai-fde9,17,73,Normal
2026-02-08 15:44:47.978405,Dubai-fde9,-13,18,Normal
2026-02-08 15:44:48.978405,Dubai-fde9,43,17,Normal
2026-02-08 15:44:49.978405,Dubai-fde9,-19,29,Normal
2026-02-08 15:44:50.978405,Dubai-fde9,-25,40,Normal
2026-02-08 15:44:51.978405,Dubai-fde9,-25,60,Normal
2026-02-08 15:44:52.978405,Dubai-fde9,-24,39,Normal
2026-02-08 15:44:53.978405,Dubai-fde9,26,49,Normal
2026-02-08 15:44:54.978405,Dubai-fde9,27,27,Normal
2026-02-08 15:44:55.978405,Dubai-fde9,38,92,Normal
2026-02-08 15:44:56.978405,Dubai-fde9,-27,10,Normal
2026-02-08 15:44:57.978405,Dubai-fde9,-26,0,Normal
2026-02-08 15:44:58.978405,Dubai-fde9,4,7,Normal
2026-02-08 15:44:59.978405,Dubai-fde9,10,10,Normal
2026-02-08 15:45:00.978405,Dubai-fde9,11,60,Normal
2026-02-08 15:45:01.978405,Dubai-fde9,44,39,Normal
2026-02-08 15:45:02.978405,Dubai-fde9,-18,71,Normal
2026-02-08 15:45:03.978405,Dubai-fde9,-19,62,Normal
2026-02-08 15:45:04.978405,Dubai-fde9,-30,34,Normal
2026-02-08 15:45:05.978405,Dubai-fde9,41,15,Normal
2026-02-08 15:45:06.978405,Dubai-fde9,46,88,Normal
2026-02-08 15:45:07.978405,Dubai-fde9,38,56,Normal
2026-02-08 15:45:08.978405,Dubai-fde9,19,77,Normal
2026-02-08 15:45:09.978405,Dubai-fde9,48,45,Normal
2026-02-08 15:45:10.978405,Dubai-fde9,29,99,Normal
2026-02-08 15:45:11.978405,Dubai-fde9,11,51,Normal
2026-02-08 15:45:12.978405,Dubai-fde9,14,87,Normal
2026-02-08 15:45:13.978405,Dubai-fde9,11,34,Normal
2026-02-08 15:45:14.978405,Dubai-fde9,32,98,Normal
2026-02-08 15:45:15.978405,Dubai-fde9,-3,91,Normal
2026-02-08 15:45:16.978405,Dubai-fde9,15,52,Normal
2026-02-08 15:45:17.978405,Dubai-fde9,1,46,Normal
2026-02-08 15:45:18.978405,Dubai-fde9,-13,51,Normal
2026-02-08 15:45:19.978405,Dubai-fde9,-24,10,Normal
2026-02-08 15:45:20.978405,Dubai-fde9,46,16,Normal
2026-02-08 15:45:21.978405,Dubai-fde9,35,100,Normal
2026-02-08 15:45:22.978405,Dubai-fde9,29,55,Normal
2026-02-08 15:45:23.978405,Dubai-fde9,8,69,Normal
2026-02-08 15:45:24.978405,Dubai-fde9,14,48,Normal
2026-02-08 15:45:25.978405,Dubai-fde9,31,89,Normal
2026-02-08 15:45:26.978405,Dubai-fde9,48,67,Normal
2026-02-08 15:45:27.978405,Dubai-fde9,41,64,Normal
2026-02-08 15:45:28.978405,Dubai-fde9,-28,7,Normal
2026-02-08 15:45:29.978405,Dubai-fde9,-27,89,Normal
2026-02-08 15:45:30.978405,Dubai-fde9,41,55,Normal
2026-02-08 15:45:31.978405,Dubai-fde9,11,27,Normal
2026-02-08 15:45:32.978405,Dubai-fde9,22,13,Normal
2026-02-08 15:45:33.978405,Dubai-fde9,44,41,Normal
2026-02-08 15:45:34.978405,Dubai-fde9,27,74,Normal
2026-02-08 15:45:35.978405,Dubai-fde9,8,79,Normal
2026-02-08 15:45:36.978405,Dubai-fde9,-16,5,Normal
2026-02-08 15:45:37.978405,Dubai-fde9,46,37,Normal
2026-02-08 15:45:38.978405,Dubai-fde9,2,97,Normal
2026-02-08 15:45:39.978405,Dubai-fde9,20,38,Normal
2026-02-08 15:45:40.978405,Dubai-fde9,1,35,Normal
2026-02-08 15:45:41.978405,Dubai-fde9,17,81,Normal
2026-02-08 15:45:42.978405,Dubai-fde9,-13,4,Normal
2026-02-08 15:45:43.978405,Dubai-fde9,-8,8,Normal
2026-02-08 15:45:44.978405,Dubai-fde9,4,32,Normal
2026-02-08 15:45:45.978405,Dubai-fde9,49,71,Normal
2026-02-08 15:45:46.978405,Dubai-fde9,5,44,Normal
2026-02-08 15:45:47.978405,Dubai-fde9,-22,27,Normal
2026-02-08 15:45:48.978405,Dubai-fde9,43,78,Normal
2026-02-08 15:45:49.978405,Dubai-fde9,23,17,Normal
2026-02-08 15:45:50.978405,Dubai-fde9,44,15,Normal
2026-02-08 15:45:51.978405,Dubai-fde9,35,79,Normal
2026-02-08 15:45:52.978405,Dubai-fde9,-27,60,Normal
2026-02-08 15:45:53.978405,Dubai-fde9,39,23,Normal
2026-02-08 15:45:54.978405,Dubai-fde9,30,75,Normal
2026-02-08 15:45:55.978405,Dubai-fde9,-5,91,Normal
2026-02-08 15:45:56.978405,Dubai-fde9,31,75,Normal
2026-02-08 15:45:57.978405,Dubai-fde9,7,93,Normal
2026-02-08 15:45:58.978405,Dubai-fde9,-10,1,Normal
2026-02-08 15:45:59.978405,Dubai-fde9,-22,42,Normal
2026-02-08 15:46:00.978405,Dubai-fde9,47,73,Normal
2026-02-08 15:46:01.978405,Dubai-fde9,4,59,Normal
2026-02-08 15:46:02.978405,Dubai-fde9,49,20,Normal
2026-02-08 15:46:03.978405,Dubai-fde9,-14,2,Normal
2026-02-08 15:46:04.978405,Dubai-fde9,-16,99,Normal
2026-02-08 15:46:05.978405,Dubai-fde9,-9,77,Normal
2026-02-08 15:46:06.978405,Dubai-fde9,25,16,Normal
2026-02-08 15:46:07.978405,Dubai-fde9,-2,0,Normal
2026-02-08 15:46:08.978405,Dubai-fde9,-23,70,Normal
2026-02-08 15:46:09.978405,Dubai-fde9,33,98,Normal
2026-02-08 15:46:10.978405,Dubai-fde9,45,16,Normal
2026-02-08 15:46:11.978405,Dubai-fde9,-12,67,Normal
2026-02-08 15:46:12.978405,Dubai-fde9,47,13,Normal
2026-02-08 15:46:13.978405,Dubai-fde9,50,56,Normal
2026-02-08 15:46:14.978405,Dubai-fde9,-13,20,Normal
2026-02-08 15:46:15.978405,Dubai-fde9,47,18,Normal
2026-02-08 15:46:16.978405,Dubai-fde9,41,4,Normal
2026-02-08 15:46:17.978405,Dubai-fde9,-21,63,Normal
2026-02-08 15:46:18.978405,Dubai-fde9,29,82,Normal
2026-02-08 15:46:19.978405,Dubai-fde9,-25,99,Normal
2026-02-08 15:46:20.978405,Dubai-fde9,37,58,Normal
2026-02-08 15:46:21.978405,Dubai-fde9,33,99,Normal
2026-02-08 15:46:22.978405,Dubai-fde9,-17,40,Normal
2026-02-08 15:46:23.978405,Dubai-fde9,-16,38,Normal
2026-02-08 15:46:24.978405,Dubai-fde9,28,35,Normal
2026-02-08 15:46:25.978405,Dubai-fde9,13,58,Normal
2026-02-08 15:46:26.978405,Dubai-fde9,31,13,Normal
2026-02-08 15:46:27.978405,Dubai-fde9,34,80,Normal
2026-02-08 15:46:28.978405,Dubai-fde9,-24,28,Normal
2026-02-08 15:46:29.978405,Dubai-fde9,48,50,Normal
2026-02-08 15:46:30.978405,Dubai-fde9,-12,26,Normal
2026-02-08 15:46:31.978405,Dubai-fde9,49,26,Normal
2026-02-08 15:46:32.978405,Dubai-fde9,18,3,Normal
2026-02-08 15:46:33.978405,Dubai-fde9,28,72,Normal
2026-02-08 15:46:34.978405,Dubai-fde9,1,8,Normal
2026-02-08 15:46:35.978405,Dubai-fde9,-10,29,Normal
2026-02-08 15:46:36.978405,Dubai-fde9,39,11,Normal
2026-02-08 15:46:37.978405,Dubai-fde9,29,96,Normal
2026-02-08 15:46:38.978405,Dubai-fde9,3,23,Normal
2026-02-08 15:46:39.978405,Dubai-fde9,-16,99,Normal
2026-02-08 15:46:40.978405,Dubai-fde9,0,80,Normal
2026-02-08 15:46:41.978405,Dubai-fde9,36,31,Normal
2026-02-08 15:46:42.978405,Dubai-fde9,-30,79,Normal
2026-02-08 15:46:43.978405,Dubai-fde9,3,53,Normal
2026-02-08 15:46:44.978405,Dubai-fde9,48,50,Normal
2026-02-08 15:46:45.978405,Dubai-fde9,42,58,Normal
2026-02-08 15:46:46.978405,Dubai-fde9,10,85,Normal
2026-02-08 15:46:47.978405,Dubai-fde9,1,45,Normal
2026-02-08 15:46:48.978405,Dubai-fde9,-5,94,Normal
2026-02-08 15:46:49.978405,Dubai-fde9,-30,72,Normal
2026-02-08 15:46:50.978405,Dubai-fde9,9,26,Normal
2026-02-08 15:46:51.978405,Dubai-fde9,15,32,Normal
2026-02-08 15:46:52.978405,Dubai-fde9,-2,55,Normal
2026-02-08 15:46:53.978405,Dubai-fde9,-1,1,Normal
2026-02-08 15:46:54.978405,Dubai-fde9,33,88,Normal
2026-02-08 15:46:55.978405,Dubai-fde9,5,49,Normal
2026-02-08 15:46:56.978405,Dubai-fde9,30,82,Normal
2026-02-08 15:46:57.978405,Dubai-fde9,-27,42,Normal
2026-02-08 15:46:58.978405,Dubai-fde9,49,1,Normal
2026-02-08 15:46:59.978405,Dubai-fde9,-7,38,Normal
2026-02-08 15:47:00.978405,Dubai-fde9,-10,34,Normal
2026-02-08 15:47:01.978405,Dubai-fde9,23,72,Normal
2026-02-08 15:47:02.978405,Dubai-fde9,38,45,Normal
2026-02-08 15:47:03.978405,Dubai-fde9,1,2,Normal
2026-02-08 15:47:04.978405,Dubai-fde9,35,97,Normal
2026-02-08 15:47:05.978405,Dubai-fde9,19,84,Normal
2026-02-08 15:47:06.978405,Dubai-fde9,39,93,Normal
2026-02-08 15:47:07.978405,Dubai-fde9,33,99,Normal
2026-02-08 15:47:08.978405,Dubai-fde9,42,50,Normal
2026-02-08 15:47:09.978405,Dubai-fde9,39,2,Normal
2026-02-08 15:47:10.978405,Dubai-fde9,37,60,Normal
2026-02-08 15:47:11.978405,Dubai-fde9,-5,70,Normal
2026-02-08 15:47:12.978405,Dubai-fde9,-8,19,Normal
2026-02-08 15:47:13.978405,Dubai-fde9,1,43,Normal
2026-02-08 15:47:14.978405,Dubai-fde9,35,65,Normal
2026-02-08 15:47:15.978405,Dubai-fde9,20,72,Normal
2026-02-08 15:47:16.978405,Dubai-fde9,12,88,Normal
2026-02-08 15:47:17.978405,Dubai-fde9,-16,58,Normal
2026-02-08 15:47:18.978405,Dubai-fde9,-5,54,Normal
2026-02-08 15:47:19.978405,Dubai-fde9,-7,7,Normal
2026-02-08 15:47:20.978405,Dubai-fde9,2,31,Normal
2026-02-08 15:47:21.978405,Dubai-fde9,-8,39,Normal
2026-02-08 15:47:22.978405,Dubai-fde9,16,28,Normal
2026-02-08 15:47:23.978405,Dubai-fde9,16,99,Normal
2026-02-08 15:47:24.978405,Dubai-fde9,39,31,Normal
2026-02-08 15:47:25.978405,Dubai-fde9,15,93,Normal
2026-02-08 15:47:26.978405,Dubai-fde9,30,15,Normal
2026-02-08 15:47:27.978405,Dubai-fde9,18,42,Normal
2026-02-08 15:47:28.978405,Dubai-fde9,-18,28,Normal
2026-02-08 15:47:29.978405,Dubai-fde9,27,62,Normal
2026-02-08 15:47:30.978405,Dubai-fde9,22,29,Normal
2026-02-08 15:47:31.978405,Dubai-fde9,-8,14,Normal
2026-02-08 15:47:32.978405,Dubai-fde9,50,93,Normal
2026-02-08 15:47:33.978405,Dubai-fde9,15,3,Normal
2026-02-08 15:47:34.978405,Dubai-fde9,-30,73,Normal
2026-02-08 15:47:35.978405,Dubai-fde9,2,2,Normal
2026-02-08 15:47:36.978405,Dubai-fde9,-1,95,Normal
2026-02-08 15:47:37.978405,Dubai-fde9,9,8,Normal
2026-02-08 15:47:38.978405,Dubai-fde9,46,8,Normal
2026-02-08 15:47:39.978405,Dubai-fde9,-27,8,Normal
2026-02-08 15:47:40.978405,Dubai-fde9,-1,46,Normal
2026-02-08 15:47:41.978405,Dubai-fde9,19,7,Normal
2026-02-08 15:47:42.978405,Dubai-fde9,8,21,Normal
2026-02-08 15:47:43.978405,Dubai-fde9,1,47,Normal
2026-02-08 15:47:44.978405,Dubai-fde9,-30,87,Normal
2026-02-08 15:47:45.978405,Dubai-fde9,43,15,Normal
2026-02-08 15:47:46.978405,Dubai-fde9,15,4,Normal
2026-02-08 15:47:47.978405,Dubai-fde9,39,79,Normal
2026-02-08 15:47:48.978405,Dubai-fde9,-14,9,Normal
2026-02-08 15:47:49.978405,Dubai-fde9,15,11,Normal
2026-02-08 15:47:50.978405,Dubai-fde9,7,21,Normal
2026-02-08 15:47:51.978405,Dubai-fde9,1,21,Normal
2026-02-08 15:47:52.978405,Dubai-fde9,-11,79,Normal
2026-02-08 15:47:53.978405,Dubai-fde9,21,7,Normal
2026-02-08 15:47:54.978405,Dubai-fde9,33,1,Normal
2026-02-08 15:47:55.978405,Dubai-fde9,-22,49,Normal
2026-02-08 15:47:56.978405,Dubai-fde9,-10,48,Normal
2026-02-08 15:47:57.978405,Dubai-fde9,-23,56,Normal
2026-02-08 15:47:58.978405,Dubai-fde9,37,99,Normal
2026-02-08 15:47:59.978405,Dubai-fde9,38,46,Normal
2026-02-08 15:48:00.978405,Dubai-fde9,47,70,Normal
2026-02-08 15:48:01.978405,Dubai-fde9,47,24,Normal
2026-02-08 15:48:02.978405,Dubai-fde9,-14,91,Normal
2026-02-08 15:48:03.978405,Dubai-fde9,-11,32,Normal
2026-02-08 15:48:04.978405,Dubai-fde9,8,24,Normal
2026-02-08 15:48:05.978405,Dubai-fde9,-26,50,Normal
2026-02-08 15:48:06.978405,Dubai-fde9,48,1,Normal
2026-02-08 15:48:07.978405,Dubai-fde9,20,40,Normal
2026-02-08 15:48:08.978405,Dubai-fde9,-6,41,Normal
2026-02-08 15:48:09.978405,Dubai-fde9,-17,51,Normal
2026-02-08 15:48:10.978405,Dubai-fde9,-10,95,Normal
2026-02-08 15:48:11.978405,Dubai-fde9,-21,29,Normal
2026-02-08 15:48:12.978405,Dubai-fde9,-28,52,Normal
2026-02-08 15:48:13.978405,Dubai-fde9,-22,29,Normal
2026-02-08 15:48:14.978405,Dubai-fde9,23,46,Normal
2026-02-08 15:48:15.978405,Dubai-fde9,11,53,Normal
2026-02-08 15:48:16.978405,Dubai-fde9,-13,84,Normal
2026-02-08 15:48:17.978405,Dubai-fde9,24,44,Normal
2026-02-08 15:48:18.978405,Dubai-fde9,-16,9,Normal
2026-02-08 15:48:19.978405,Dubai-fde9,-16,96,Normal
2026-02-08 15:48:20.978405,Dubai-fde9,50,67,Normal
2026-02-08 15:48:21.978405,Dubai-fde9,-22,48,Normal
2026-02-08 15:48:22.978405,Dubai-fde9,-6,19,Normal
2026-02-08 15:48:23.978405,Dubai-fde9,-24,65,Normal
2026-02-08 15:48:24.978405,Dubai-fde9,20,88,Normal
2026-02-08 15:48:25.978405,Dubai-fde9,-27,71,Normal
2026-02-08 15:48:26.978405,Dubai-fde9,-1,91,Normal
2026-02-08 15:48:27.978405,Dubai-fde9,-1,1,Normal
2026-02-08 15:48:28.978405,Dubai-fde9,5,19,Normal
2026-02-08 15:48:29.978405,Dubai-fde9,12,43,Normal
2026-02-08 15:48:30.978405,Dubai-fde9,16,28,Normal
2026-02-08 15:48:31.978405,Dubai-fde9,5,79,Normal
2026-02-08 15:48:32.978405,Dubai-fde9,39,87,Normal
2026-02-08 15:48:33.978405,Dubai-fde9,47,35,Normal
2026-02-08 15:48:34.978405,Dubai-fde9,-21,77,Normal
2026-02-08 15:48:35.978405,Dubai-fde9,24,60,Normal
2026-02-08 15:48:36.978405,Dubai-fde9,13,89,Normal
2026-02-08 15:48:37.978405,Dubai-fde9,-20,51,Normal
2026-02-08 15:48:38.978405,Dubai-fde9,48,19,Normal
2026-02-08 15:48:39.978405,Dubai-fde9,-19,51,Normal
2026-02-08 15:48:40.978405,Dubai-fde9,-20,95,Normal
2026-02-08 15:48:41.978405,Dubai-fde9,47,58,Normal
2026-02-08 15:48:42.978405,Dubai-fde9,2,74,Normal
2026-02-08 15:48:43.978405,Dubai-fde9,-7,52,Normal
2026-02-08 15:48:44.978405,Dubai-fde9,25,61,Normal
2026-02-08 15:48:45.978405,Dubai-fde9,41,87,Normal
2026-02-08 15:48:46.978405,Dubai-fde9,19,71,Normal
2026-02-08 15:48:47.978405,Dubai-fde9,11,90,Normal
2026-02-08 15:48:48.978405,Dubai-fde9,13,60,Normal
2026-02-08 15:48:49.978405,Dubai-fde9,-3,73,Normal
2026-02-08 15:48:50.978405,Dubai-fde9,41,68,Normal
2026-02-08 15:48:51.978405,Dubai-fde9,39,9,Normal
2026-02-08 15:48:52.978405,Dubai-fde9,39,58,Normal
2026-02-08 15:48:53.978405,Dubai-fde9,-5,58,Normal
2026-02-08 15:48:54.978405,Dubai-fde9,40,96,Normal
2026-02-08 15:48:55.978405,Dubai-fde9,5,48,Normal
2026-02-08 15:48:56.978405,Dubai-fde9,49,48,Normal
2026-02-08 15:48:57.978405,Dubai-fde9,-24,53,Normal
2026-02-08 15:48:58.978405,Dubai-fde9,24,80,Normal
2026-02-08 15:48:59.978405,Dubai-fde9,-22,3,Normal
2026-02-08 15:49:00.978405,Dubai-fde9,45,30,Normal
2026-02-08 15:49:01.978405,Dubai-fde9,18,72,Normal
2026-02-08 15:49:02.978405,Dubai-fde9,31,55,Normal
2026-02-08 15:49:03.978405,Dubai-fde9,15,17,Normal
2026-02-08 15:49:04.978405,Dubai-fde9,36,72,Normal
2026-02-08 15:49:05.978405,Dubai-fde9,44,89,Normal
2026-02-08 15:49:06.978405,Dubai-fde9,19,67,Normal
2026-02-08 15:49:07.978405,Dubai-fde9,-17,62,Normal
2026-02-08 15:49:08.978405,Dubai-fde9,-21,25,Normal
2026-02-08 15:49:09.978405,Dubai-fde9,0,60,Normal
2026-02-08 15:49:10.978405,Dubai-fde9,12,35,Normal
2026-02-08 15:49:11.978405,Dubai-fde9,-18,89,Normal
2026-02-08 15:49:12.978405,Dubai-fde9,24,11,Normal
2026-02-08 15:49:13.978405,Dubai-fde9,4,60,Normal
2026-02-08 15:49:14.978405,Dubai-fde9,23,37,Normal
2026-02-08 15:49:15.978405,Dubai-fde9,-5,28,Normal
2026-02-08 15:49:16.978405,Dubai-fde9,28,75,Normal
2026-02-08 15:49:17.978405,Dubai-fde9,35,62,Normal
2026-02-08 15:49:18.978405,Dubai-fde9,19,88,Normal
2026-02-08 15:49:19.978405,Dubai-fde9,34,24,Normal
2026-02-08 15:49:20.978405,Dubai-fde9,-10,13,Normal
2026-02-08 15:49:21.978405,Dubai-fde9,-1,25,Normal
2026-02-08 15:49:22.978405,Dubai-fde9,18,40,Normal
2026-02-08 15:49:23.978405,Dubai-fde9,30,43,Normal
2026-02-08 15:49:24.978405,Dubai-fde9,40,23,Normal
2026-02-08 15:49:25.978405,Dubai-fde9,24,41,Normal
2026-02-08 15:49:26.978405,Dubai-fde9,-25,26,Normal
2026-02-08 15:49:27.978405,Dubai-fde9,-4,43,Normal
2026-02-08 15:49:28.978405,Dubai-fde9,8,85,Normal
2026-02-08 15:49:29.978405,Dubai-fde9,-29,7,Normal
2026-02-08 15:49:30.978405,Dubai-fde9,31,0,Normal
2026-02-08 15:49:31.978405,Dubai-fde9,44,26,Normal
2026-02-08 15:49:32.978405,Dubai-fde9,-16,90,Normal
2026-02-08 15:49:33.978405,Dubai-fde9,34,52,Normal
2026-02-08 15:49:34.978405,Dubai-fde9,-28,4,Normal
2026-02-08 15:49:35.978405,Dubai-fde9,40,50,Normal
2026-02-08 15:49:36.978405,Dubai-fde9,-12,92,Normal
2026-02-08 15:49:37.978405,Dubai-fde9,35,9,Normal
2026-02-08 15:49:38.978405,Dubai-fde9,3,67,Normal
2026-02-08 15:49:39.978405,Dubai-fde9,5,82,Normal
2026-02-08 15:49:40.978405,Dubai-fde9,46,26,Normal
2026-02-08 15:49:41.978405,Dubai-fde9,-7,63,Normal
2026-02-08 15:49:42.978405,Dubai-fde9,-15,94,Normal
2026-02-08 15:49:43.978405,Dubai-fde9,1,73,Normal
2026-02-08 15:49:44.978405,Dubai-fde9,18,22,Normal
2026-02-08 15:49:45.978405,Dubai-fde9,50,72,Normal
2026-02-08 15:49:46.978405,Dubai-fde9,47,73,Normal
2026-02-08 15:49:47.978405,Dubai-fde9,-16,33,Normal
2026-02-08 15:49:48.978405,Dubai-fde9,7,8,Normal
2026-02-08 15:49:49.978405,Dubai-fde9,-19,38,Normal
2026-02-08 15:49:50.978405,Dubai-fde9,-18,95,Normal
2026-02-08 15:49:51.978405,Dubai-fde9,-1,32,Normal
2026-02-08 15:49:52.978405,Dubai-fde9,40,30,Normal
2026-02-08 15:49:53.978405,Dubai-fde9,-12,7,Normal
2026-02-08 15:49:54.978405,Dubai-fde9,10,45,Normal
2026-02-08 15:49:55.978405,Dubai-fde9,-3,31,Normal
2026-02-08 15:49:56.978405,Dubai-fde9,31,13,Normal
2026-02-08 15:49:57.978405,Dubai-fde9,-9,27,Normal
2026-02-08 15:49:58.978405,Dubai-fde9,-9,17,Normal
2026-02-08 15:49:59.978405,Dubai-fde9,23,83,Normal
2026-02-08 15:50:00.978405,Dubai-fde9,-16,97,Normal
2026-02-08 15:50:01.978405,Dubai-fde9,45,54,Normal
2026-02-08 15:50:02.978405,Dubai-fde9,1,48,Normal
2026-02-08 15:50:03.978405,Dubai-fde9,-14,69,Normal
2026-02-08 15:50:04.978405,Dubai-fde9,13,66,Normal
2026-02-08 15:50:05.978405,Dubai-fde9,-28,97,Normal
2026-02-08 15:50:06.978405,Dubai-fde9,-1,50,Normal
2026-02-08 15:50:07.978405,Dubai-fde9,33,72,Normal
2026-02-08 15:50:08.978405,Dubai-fde9,6,45,Normal
2026-02-08 15:50:09.978405,Dubai-fde9,16,6,Normal
2026-02-08 15:50:10.978405,Dubai-fde9,50,45,Normal
2026-02-08 15:50:11.978405,Dubai-fde9,29,57,Normal
2026-02-08 15:50:12.978405,Dubai-fde9,49,45,Normal
2026-02-08 15:50:13.978405,Dubai-fde9,45,33,Normal
2026-02-08 15:50:14.978405,Dubai-fde9,24,70,Normal
2026-02-08 15:50:15.978405,Dubai-fde9,46,93,Normal
2026-02-08 15:50:16.978405,Dubai-fde9,33,36,Normal
2026-02-08 15:50:17.978405,Dubai-fde9,30,24,Normal
2026-02-08 15:50:18.978405,Dubai-fde9,-24,71,Normal
2026-02-08 15:50:19.978405,Dubai-fde9,49,37,Normal
2026-02-08 15:50:20.978405,Dubai-fde9,6,56,Normal
2026-02-08 15:50:21.978405,Dubai-fde9,-5,59,Normal
2026-02-08 15:50:22.978405,Dubai-fde9,42,18,Normal
2026-02-08 15:50:23.978405,Dubai-fde9,21,45,Normal
2026-02-08 15:50:24.978405,Dubai-fde9,-27,27,Normal
2026-02-08 15:50:25.978405,Dubai-fde9,50,94,Normal
2026-02-08 15:50:26.978405,Dubai-fde9,34,54,Normal
2026-02-08 15:50:27.978405,Dubai-fde9,-8,35,Normal
2026-02-08 15:50:28.978405,Dubai-fde9,-1,92,Normal
2026-02-08 15:50:29.978405,Dubai-fde9,5,60,Normal
2026-02-08 15:50:30.978405,Dubai-fde9,40,42,Normal
2026-02-08 15:50:31.978405,Dubai-fde9,27,92,Normal
2026-02-08 15:50:32.978405,Dubai-fde9,4,54,Normal
2026-02-08 15:50:33.978405,Dubai-fde9,-5,12,Normal
2026-02-08 15:50:34.978405,Dubai-fde9,45,69,Normal
2026-02-08 15:50:35.978405,Dubai-fde9,6,35,Normal
2026-02-08 15:50:36.978405,Dubai-fde9,20,20,Normal
2026-02-08 15:50:37.978405,Dubai-fde9,-17,32,Normal
2026-02-08 15:50:38.978405,Dubai-fde9,10,59,Normal
2026-02-08 15:50:39.978405,Dubai-fde9,37,1,Normal
2026-02-08 15:50:40.978405,Dubai-fde9,44,6,Normal
2026-02-08 15:50:41.978405,Dubai-fde9,-3,89,Normal
2026-02-08 15:50:42.978405,Dubai-fde9,23,11,Normal
2026-02-08 15:50:43.978405,Dubai-fde9,4,10,Normal
2026-02-08 15:50:44.978405,Dubai-fde9,2,92,Normal
2026-02-08 15:50:45.978405,Dubai-fde9,-17,55,Normal
2026-02-08 15:50:46.978405,Dubai-fde9,9,1,Normal
2026-02-08 15:50:47.978405,Dubai-fde9,-2,27,Normal
2026-02-08 15:50:48.978405,Dubai-fde9,40,82,Normal
2026-02-08 15:50:49.978405,Dubai-fde9,44,77,Normal
2026-02-08 15:50:50.978405,Dubai-fde9,32,78,Normal
2026-02-08 15:50:51.978405,Dubai-fde9,22,97,Normal
2026-02-08 15:50:52.978405,Dubai-fde9,38,45,Normal
2026-02-08 15:50:53.978405,Dubai-fde9,2,8,Normal
2026-02-08 15:50:54.978405,Dubai-fde9,34,99,Normal
2026-02-08 15:50:55.978405,Dubai-fde9,31,23,Normal
2026-02-08 15:50:56.978405,Dubai-fde9,33,21,Normal
2026-02-08 15:50:57.978405,Dubai-fde9,10,67,Normal
2026-02-08 15:50:58.978405,Dubai-fde9,-17,99,Normal
2026-02-08 15:50:59.978405,Dubai-fde9,-23,81,Normal
2026-02-08 15:51:00.978405,Dubai-fde9,36,86,Normal
2026-02-08 15:51:01.978405,Dubai-fde9,4,44,Normal
2026-02-08 15:51:02.978405,Dubai-fde9,-21,53,Normal
2026-02-08 15:51:03.978405,Dubai-fde9,10,71,Normal
2026-02-08 15:51:04.978405,Dubai-fde9,30,36,Normal
2026-02-08 15:51:05.978405,Dubai-fde9,29,29,Normal
2026-02-08 15:51:06.978405,Dubai-fde9,-20,19,Normal
2026-02-08 15:51:07.978405,Dubai-fde9,40,60,Normal
2026-02-08 15:51:08.978405,Dubai-fde9,-2,92,Normal
2026-02-08 15:51:09.978405,Dubai-fde9,28,38,Normal
2026-02-08 15:51:10.978405,Dubai-fde9,31,28,Normal
2026-02-08 15:51:11.978405,Dubai-fde9,-3,81,Normal
2026-02-08 15:51:12.978405,Dubai-fde9,29,84,Normal
2026-02-08 15:51:13.978405,Dubai-fde9,-5,36,Normal
2026-02-08 15:51:14.978405,Dubai-fde9,22,20,Normal
2026-02-08 15:51:15.978405,Dubai-fde9,50,94,Normal
2026-02-08 15:51:16.978405,Dubai-fde9,-24,27,Normal
2026-02-08 15:51:17.978405,Dubai-fde9,2,16,Normal
2026-02-08 15:51:18.978405,Dubai-fde9,4,23,Normal
2026-02-08 15:51:19.978405,Dubai-fde9,5,81,Normal
2026-02-08 15:51:20.978405,Dubai-fde9,25,67,Normal
2026-02-08 15:51:21.978405,Dubai-fde9,-2,43,Normal
2026-02-08 15:51:22.978405,Dubai-fde9,38,90,Normal
2026-02-08 15:51:23.978405,Dubai-fde9,34,26,Normal
2026-02-08 15:51:24.978405,Dubai-fde9,18,58,Normal
2026-02-08 15:51:25.978405,Dubai-fde9,7,21,Normal
2026-02-08 15:51:26.978405,Dubai-fde9,41,71,Normal
2026-02-08 15:51:27.978405,Dubai-fde9,32,86,Normal
2026-02-08 15:51:28.978405,Dubai-fde9,21,71,Normal
2026-02-08 15:51:29.978405,Dubai-fde9,-9,28,Normal
2026-02-08 15:51:30.978405,Dubai-fde9,33,6,Normal
2026-02-08 15:51:31.978405,Dubai-fde9,-24,0,Normal
2026-02-08 15:51:32.978405,Dubai-fde9,4,5,Normal
2026-02-08 15:51:33.978405,Dubai-fde9,-20,55,Normal
2026-02-08 15:51:34.978405,Dubai-fde9,21,58,Normal
2026-02-08 15:51:35.978405,Dubai-fde9,39,77,Normal
2026-02-08 15:51:36.978405,Dubai-fde9,3,12,Normal
2026-02-08 15:51:37.978405,Dubai-fde9,38,55,Normal
2026-02-08 15:51:38.978405,Dubai-fde9,6,84,Normal
2026-02-08 15:51:39.978405,Dubai-fde9,-1,27,Normal
2026-02-08 15:51:40.978405,Dubai-fde9,31,14,Normal
2026-02-08 15:51:41.978405,Dubai-fde9,-30,57,Normal
2026-02-08 15:51:42.978405,Dubai-fde9,-25,31,Normal
2026-02-08 15:51:43.978405,Dubai-fde9,-13,54,Normal
2026-02-08 15:51:44.978405,Dubai-fde9,-11,39,Normal
2026-02-08 15:51:45.978405,Dubai-fde9,-20,78,Normal
2026-02-08 15:51:46.978405,Dubai-fde9,-8,38,Normal
2026-02-08 15:51:47.978405,Dubai-fde9,-17,81,Normal
2026-02-08 15:51:48.978405,Dubai-fde9,38,51,Normal
2026-02-08 15:51:49.978405,Dubai-fde9,25,12,Normal
2026-02-08 15:51:50.978405,Dubai-fde9,22,69,Normal
2026-02-08 15:51:51.978405,Dubai-fde9,24,72,Normal
2026-02-08 15:51:52.978405,Dubai-fde9,34,100,Normal
2026-02-08 15:51:53.978405,Dubai-fde9,-23,32,Normal
2026-02-08 15:51:54.978405,Dubai-fde9,26,8,Normal
2026-02-08 15:51:55.978405,Dubai-fde9,-1,45,Normal
2026-02-08 15:51:56.978405,Dubai-fde9,-6,95,Normal
2026-02-08 15:51:57.978405,Dubai-fde9,-27,1,Normal
2026-02-08 15:51:58.978405,Dubai-fde9,8,1,Normal
2026-02-08 15:51:59.978405,Dubai-fde9,-11,63,Normal
2026-02-08 15:52:00.978405,Dubai-fde9,6,1,Normal
2026-02-08 15:52:01.978405,Dubai-fde9,37,95,Normal
2026-02-08 15:52:02.978405,Dubai-fde9,49,59,Normal
2026-02-08 15:52:03.978405,Dubai-fde9,40,20,Normal
2026-02-08 15:52:04.978405,Dubai-fde9,50,50,Normal
2026-02-08 15:52:05.978405,Dubai-fde9,48,32,Normal
2026-02-08 15:52:06.978405,Dubai-fde9,27,33,Normal
2026-02-08 15:52:07.978405,Dubai-fde9,-1,30,Normal
2026-02-08 15:52:08.978405,Dubai-fde9,7,7,Normal
2026-02-08 15:52:09.978405,Dubai-fde9,1,46,Normal
2026-02-08 15:52:10.978405,Dubai-fde9,-6,90,Normal
2026-02-08 15:52:11.978405,Dubai-fde9,33,57,Normal
2026-02-08 15:52:12.978405,Dubai-fde9,2,74,Normal
2026-02-08 15:52:13.978405,Dubai-fde9,30,79,Normal
2026-02-08 15:52:14.978405,Dubai-fde9,4,47,Normal
2026-02-08 15:52:15.978405,Dubai-fde9,-19,3,Normal
2026-02-08 15:52:16.978405,Dubai-fde9,3,91,Normal
2026-02-08 15:52:17.978405,Dubai-fde9,-17,64,Normal
2026-02-08 15:52:18.978405,Dubai-fde9,4,71,Normal
2026-02-08 15:52:19.978405,Dubai-fde9,-23,55,Normal
2026-02-08 15:52:20.978405,Dubai-fde9,32,55,Normal
2026-02-08 15:52:21.978405,Dubai-fde9,29,70,Normal
2026-02-08 15:52:22.978405,Dubai-fde9,26,20,Normal
2026-02-08 15:52:23.978405,Dubai-fde9,28,6,Normal
2026-02-08 15:52:24.978405,Dubai-fde9,-1,9,Normal
2026-02-08 15:52:25.978405,Dubai-fde9,41,61,Normal
2026-02-08 15:52:26.978405,Dubai-fde9,23,48,Normal
2026-02-08 15:52:27.978405,Dubai-fde9,-3,32,Normal
2026-02-08 15:52:28.978405,Dubai-fde9,34,94,Normal
2026-02-08 15:52:29.978405,Dubai-fde9,26,33,Normal
2026-02-08 15:52:30.978405,Dubai-fde9,24,89,Normal
2026-02-08 15:52:31.978405,Dubai-fde9,2,79,Normal
2026-02-08 15:52:32.978405,Dubai-fde9,44,11,Normal
2026-02-08 15:52:33.978405,Dubai-fde9,-1,54,Normal
2026-02-08 15:52:34.978405,Dubai-fde9,13,61,Normal
2026-02-08 15:52:35.978405,Dubai-fde9,-26,57,Normal
2026-02-08 15:52:36.978405,Dubai-fde9,39,46,Normal
2026-02-08 15:52:37.978405,Dubai-fde9,2,78,Normal
2026-02-08 15:52:38.978405,Dubai-fde9,36,4,Normal
2026-02-08 15:52:39.978405,Dubai-fde9,30,89,Normal
2026-02-08 15:52:40.978405,Dubai-fde9,35,92,Normal
2026-02-08 15:52:41.978405,Dubai-fde9,-11,43,Normal
2026-02-08 15:52:42.978405,Dubai-fde9,25,60,Normal
2026-02-08 15:52:43.978405,Dubai-fde9,23,19,Normal
2026-02-08 15:52:44.978405,Dubai-fde9,-12,22,Normal
2026-02-08 15:52:45.978405,Dubai-fde9,32,94,Normal
2026-02-08 15:52:46.978405,Dubai-fde9,1,8,Normal
2026-02-08 15:52:47.978405,Dubai-fde9,-1,11,Normal
2026-02-08 15:52:48.978405,Dubai-fde9,-9,100,Normal
2026-02-08 15:52:49.978405,Dubai-fde9,46,76,Normal
2026-02-08 15:52:50.978405,Dubai-fde9,16,51,Normal
2026-02-08 15:52:51.978405,Dubai-fde9,0,91,Normal
2026-02-08 15:52:52.978405,Dubai-fde9,-18,83,Normal
2026-02-08 15:52:53.978405,Dubai-fde9,-20,31,Normal
2026-02-08 15:52:54.978405,Dubai-fde9,-1,12,Normal
2026-02-08 15:52:55.978405,Dubai-fde9,41,84,Normal
2026-02-08 15:52:56.978405,Dubai-fde9,38,97,Normal
2026-02-08 15:52:57.978405,Dubai-fde9,-6,19,Normal
2026-02-08 15:52:58.978405,Dubai-fde9,41,66,Normal
2026-02-08 15:52:59.978405,Dubai-fde9,25,43,Normal
2026-02-08 15:53:00.978405,Dubai-fde9,-28,60,Normal
2026-02-08 15:53:01.978405,Dubai-fde9,23,45,Normal
2026-02-08 15:53:02.978405,Dubai-fde9,-27,90,Normal
2026-02-08 15:53:03.978405,Dubai-fde9,17,87,Normal
2026-02-08 15:53:04.978405,Dubai-fde9,22,49,Normal
2026-02-08 15:53:05.978405,Dubai-fde9,13,62,Normal
2026-02-08 15:53:06.978405,Dubai-fde9,-5,63,Normal
2026-02-08 15:53:07.978405,Dubai-fde9,2,15,Normal
2026-02-08 15:53:08.978405,Dubai-fde9,17,66,Normal
2026-02-08 15:53:09.978405,Dubai-fde9,-2,55,Normal
2026-02-08 15:53:10.978405,Dubai-fde9,11,9,Normal
2026-02-08 15:53:11.978405,Dubai-fde9,45,4,Normal
2026-02-08 15:53:12.978405,Dubai-fde9,26,79,Normal
2026-02-08 15:53:13.978405,Dubai-fde9,-5,27,Normal
2026-02-08 15:53:14.978405,Dubai-fde9,-9,64,Normal
2026-02-08 15:53:15.978405,Dubai-fde9,-10,88,Normal
2026-02-08 15:53:16.978405,Dubai-fde9,-24,20,Normal
2026-02-08 15:53:17.978405,Dubai-fde9,43,30,Normal
2026-02-08 15:53:18.978405,Dubai-fde9,-13,86,Normal
2026-02-08 15:53:19.978405,Dubai-fde9,28,33,Normal
2026-02-08 15:53:20.978405,Dubai-fde9,43,99,Normal
2026-02-08 15:53:21.978405,Dubai-fde9,18,98,Normal
2026-02-08 15:53:22.978405,Dubai-fde9,38,69,Normal
2026-02-08 15:53:23.978405,Dubai-fde9,50,86,Normal
2026-02-08 15:53:24.978405,Dubai-fde9,18,63,Normal
2026-02-08 15:53:25.978405,Dubai-fde9,-2,91,Normal
2026-02-08 15:53:26.978405,Dubai-fde9,20,54,Normal
2026-02-08 15:53:27.978405,Dubai-fde9,32,80,Normal
2026-02-08 15:53:28.978405,Dubai-fde9,-4,5,Normal
2026-02-08 15:53:29.978405,Dubai-fde9,33,48,Normal
2026-02-08 15:53:30.978405,Dubai-fde9,-27,41,Normal
2026-02-08 15:53:31.978405,Dubai-fde9,-26,5,Normal
2026-02-08 15:53:32.978405,Dubai-fde9,31,43,Normal
2026-02-08 15:53:33.978405,Dubai-fde9,17,65,Normal
2026-02-08 15:53:34.978405,Dubai-fde9,-1,39,Normal
2026-02-08 15:53:35.978405,Dubai-fde9,-25,65,Normal
2026-02-08 15:53:36.978405,Dubai-fde9,36,93,Normal
2026-02-08 15:53:37.978405,Dubai-fde9,50,0,Normal
2026-02-08 15:53:38.978405,Dubai-fde9,9,96,Normal
2026-02-08 15:53:39.978405,Dubai-fde9,22,100,Normal
2026-02-08 15:53:40.978405,Dubai-fde9,20,10,Normal
2026-02-08 15:53:41.978405,Dubai-fde9,-27,4,Normal
2026-02-08 15:53:42.978405,Dubai-fde9,-12,82,Normal
2026-02-08 15:53:43.978405,Dubai-fde9,-24,21,Normal
2026-02-08 15:53:44.978405,Dubai-fde9,28,17,Normal
2026-02-08 15:53:45.978405,Dubai-fde9,-21,79,Normal
2026-02-08 15:53:46.978405,Dubai-fde9,27,41,Normal
2026-02-08 15:53:47.978405,Dubai-fde9,-17,19,Normal
2026-02-08 15:53:48.978405,Dubai-fde9,19,29,Normal
2026-02-08 15:53:49.978405,Dubai-fde9,-13,65,Normal
2026-02-08 15:53:50.978405,Dubai-fde9,-27,90,Normal
2026-02-08 15:53:51.978405,Dubai-fde9,-12,23,Normal
2026-02-08 15:53:52.978405,Dubai-fde9,23,89,Normal
2026-02-08 15:53:53.978405,Dubai-fde9,-10,89,Normal
2026-02-08 15:53:54.978405,Dubai-fde9,15,98,Normal
2026-02-08 15:53:55.978405,Dubai-fde9,20,34,Normal
2026-02-08 15:53:56.978405,Dubai-fde9,-20,30,Normal
2026-02-08 15:53:57.978405,Dubai-fde9,43,4,Normal
2026-02-08 15:53:58.978405,Dubai-fde9,37,89,Normal
2026-02-08 15:53:59.978405,Dubai-fde9,-29,84,Normal
2026-02-08 15:54:00.978405,Dubai-fde9,49,78,Normal
2026-02-08 15:54:01.978405,Dubai-fde9,-1,3,Normal
2026-02-08 15:54:02.978405,Dubai-fde9,18,11,Normal
2026-02-08 15:54:03.978405,Dubai-fde9,-20,64,Normal
2026-02-08 15:54:04.978405,Dubai-fde9,29,57,Normal
2026-02-08 15:54:05.978405,Dubai-fde9,3,41,Normal
2026-02-08 15:54:06.978405,Dubai-fde9,20,45,Normal
2026-02-08 15:54:07.978405,Dubai-fde9,-20,86,Normal
2026-02-08 15:54:08.978405,Dubai-fde9,36,84,Normal
2026-02-08 15:54:09.978405,Dubai-fde9,42,15,Normal
2026-02-08 15:54:10.978405,Dubai-fde9,-6,71,Normal
2026-02-08 15:54:11.978405,Dubai-fde9,25,61,Normal
2026-02-08 15:54:12.978405,Dubai-fde9,-9,24,Normal
2026-02-08 15:54:13.978405,Dubai-fde9,49,27,Normal
2026-02-08 15:54:14.978405,Dubai-fde9,12,43,Normal
2026-02-08 15:54:15.978405,Dubai-fde9,-4,75,Normal
2026-02-08 15:54:16.978405,Dubai-fde9,36,89,Normal
2026-02-08 15:54:17.978405,Dubai-fde9,24,95,Normal
2026-02-08 15:54:18.978405,Dubai-fde9,25,64,Normal
2026-02-08 15:54:19.978405,Dubai-fde9,25,24,Normal
2026-02-08 15:54:20.978405,Dubai-fde9,6,54,Normal
2026-02-08 15:54:21.978405,Dubai-fde9,13,18,Normal
2026-02-08 15:54:22.978405,Dubai-fde9,-8,20,Normal
2026-02-08 15:54:23.978405,Dubai-fde9,45,100,Normal
2026-02-08 15:54:24.978405,Dubai-fde9,34,87,Normal
2026-02-08 15:54:25.978405,Dubai-fde9,2,54,Normal
2026-02-08 15:54:26.978405,Dubai-fde9,7,90,Normal
2026-02-08 15:54:27.978405,Dubai-fde9,15,52,Normal
2026-02-08 15:54:28.978405,Dubai-fde9,-29,66,Normal
2026-02-08 15:54:29.978405,Dubai-fde9,16,87,Normal
2026-02-08 15:54:30.978405,Dubai-fde9,50,5,Normal
2026-02-08 15:54:31.978405,Dubai-fde9,-28,4,Normal
2026-02-08 15:54:32.978405,Dubai-fde9,-2,68,Normal
2026-02-08 15:54:33.978405,Dubai-fde9,-29,47,Normal
2026-02-08 15:54:34.978405,Dubai-fde9,43,64,Normal
2026-02-08 15:54:35.978405,Dubai-fde9,48,63,Normal
2026-02-08 15:54:36.978405,Dubai-fde9,47,60,Normal
2026-02-08 15:54:37.978405,Dubai-fde9,32,5,Normal
2026-02-08 15:54:38.978405,Dubai-fde9,-10,21,Normal
2026-02-08 15:54:39.978405,Dubai-fde9,36,89,Normal
2026-02-08 15:54:40.978405,Dubai-fde9,-7,16,Normal
2026-02-08 15:54:41.978405,Dubai-fde9,18,88,Normal
2026-02-08 15:54:42.978405,Dubai-fde9,20,9,Normal
2026-02-08 15:54:43.978405,Dubai-fde9,50,6,Normal
2026-02-08 15:54:44.978405,Dubai-fde9,6,78,Normal
2026-02-08 15:54:45.978405,Dubai-fde9,8,51,Normal
2026-02-08 15:54:46.978405,Dubai-fde9,35,28,Normal
2026-02-08 15:54:47.978405,Dubai-fde9,38,39,Normal
2026-02-08 15:54:48.978405,Dubai-fde9,4,7,Normal
2026-02-08 15:54:49.978405,Dubai-fde9,-25,35,Normal
2026-02-08 15:54:50.978405,Dubai-fde9,14,93,Normal
2026-02-08 15:54:51.978405,Dubai-fde9,47,25,Normal
2026-02-08 15:54:52.978405,Dubai-fde9,2,34,Normal
2026-02-08 15:54:53.978405,Dubai-fde9,-9,97,Normal
2026-02-08 15:54:54.978405,Dubai-fde9,41,39,Normal
2026-02-08 15:54:55.978405,Dubai-fde9,4,66,Normal
2026-02-08 15:54:56.978405,Dubai-fde9,39,81,Normal
2026-02-08 15:54:57.978405,Dubai-fde9,-9,86,Normal
2026-02-08 15:54:58.978405,Dubai-fde9,-11,12,Normal
2026-02-08 15:54:59.978405,Dubai-fde9,16,40,Normal
2026-02-08 15:55:00.978405,Dubai-fde9,24,14,Normal
2026-02-08 15:55:01.978405,Dubai-fde9,45,7,Normal
2026-02-08 15:55:02.978405,Dubai-fde9,9,95,Normal
2026-02-08 15:55:03.978405,Dubai-fde9,16,60,Normal
2026-02-08 15:55:04.978405,Dubai-fde9,-26,2,Normal
2026-02-08 15:55:05.978405,Dubai-fde9,16,23,Normal
2026-02-08 15:55:06.978405,Dubai-fde9,18,45,Normal
2026-02-08 15:55:07.978405,Dubai-fde9,-8,77,Normal
2026-02-08 15:55:08.978405,Dubai-fde9,36,73,Normal
2026-02-08 15:55:09.978405,Dubai-fde9,-15,71,Normal
2026-02-08 15:55:10.978405,Dubai-fde9,24,27,Normal
2026-02-08 15:55:11.978405,Dubai-fde9,-23,71,Normal
2026-02-08 15:55:12.978405,Dubai-fde9,3,82,Normal
2026-02-08 15:55:13.978405,Dubai-fde9,19,40,Normal
2026-02-08 15:55:14.978405,Dubai-fde9,-11,11,Normal
2026-02-08 15:55:15.978405,Dubai-fde9,50,66,Normal
2026-02-08 15:55:16.978405,Dubai-fde9,44,28,Normal
2026-02-08 15:55:17.978405,Dubai-fde9,31,16,Normal
2026-02-08 15:55:18.978405,Dubai-fde9,44,39,Normal
2026-02-08 15:55:19.978405,Dubai-fde9,22,42,Normal
2026-02-08 15:55:20.978405,Dubai-fde9,-5,91,Normal
2026-02-08 15:55:21.978405,Dubai-fde9,-21,58,Normal
2026-02-08 15:55:22.978405,Dubai-fde9,29,29,Normal
2026-02-08 15:55:23.978405,Dubai-fde9,21,40,Normal
2026-02-08 15:55:24.978405,Dubai-fde9,4,22,Normal
2026-02-08 15:55:25.978405,Dubai-fde9,21,35,Normal
2026-02-08 15:55:26.978405,Dubai-fde9,-15,98,Normal
2026-02-08 15:55:27.978405,Dubai-fde9,1,11,Normal
2026-02-08 15:55:28.978405,Dubai-fde9,40,36,Normal
2026-02-08 15:55:29.978405,Dubai-fde9,-13,76,Normal
2026-02-08 15:55:30.978405,Dubai-fde9,38,38,Normal
2026-02-08 15:55:31.978405,Dubai-fde9,-21,83,Normal
2026-02-08 15:55:32.978405,Dubai-fde9,20,43,Normal
2026-02-08 15:55:33.978405,Dubai-fde9,-4,92,Normal
2026-02-08 15:55:34.978405,Dubai-fde9,45,92,Normal
2026-02-08 15:55:35.978405,Dubai-fde9,0,6,Normal
2026-02-08 15:55:36.978405,Dubai-fde9,29,53,Normal
2026-02-08 15:55:37.978405,Dubai-fde9,-9,5,Normal
2026-02-08 15:55:38.978405,Dubai-fde9,39,31,Normal
2026-02-08 15:55:39.978405,Dubai-fde9,-27,89,Normal
2026-02-08 15:55:40.978405,Dubai-fde9,23,9,Normal
2026-02-08 15:55:41.978405,Dubai-fde9,7,75,Normal
2026-02-08 15:55:42.978405,Dubai-fde9,-12,98,Normal
2026-02-08 15:55:43.978405,Dubai-fde9,36,34,Normal
2026-02-08 15:55:44.978405,Dubai-fde9,-11,11,Normal
2026-02-08 15:55:45.978405,Dubai-fde9,28,72,Normal
2026-02-08 15:55:46.978405,Dubai-fde9,2,65,Normal
2026-02-08 15:55:47.978405,Dubai-fde9,0,99,Normal
2026-02-08 15:55:48.978405,Dubai-fde9,16,21,Normal
2026-02-08 15:55:49.978405,Dubai-fde9,43,40,Normal
2026-02-08 15:55:50.978405,Dubai-fde9,-15,88,Normal
2026-02-08 15:55:51.978405,Dubai-fde9,1,15,Normal
2026-02-08 15:55:52.978405,Dubai-fde9,-30,98,Normal
2026-02-08 15:55:53.978405,Dubai-fde9,17,60,Normal
2026-02-08 15:55:54.978405,Dubai-fde9,-24,15,Normal
2026-02-08 15:55:55.978405,Dubai-fde9,33,40,Normal
2026-02-08 15:55:56.978405,Dubai-fde9,-10,11,Normal
2026-02-08 15:55:57.978405,Dubai-fde9,30,90,Normal
2026-02-08 15:55:58.978405,Dubai-fde9,-23,63,Normal
2026-02-08 15:55:59.978405,Dubai-fde9,13,73,Normal
2026-02-08 15:56:00.978405,Dubai-fde9,33,81,Normal
2026-02-08 15:56:01.978405,Dubai-fde9,17,88,Normal
2026-02-08 15:56:02.978405,Dubai-fde9,35,31,Normal
2026-02-08 15:56:03.978405,Dubai-fde9,42,43,Normal
2026-02-08 15:56:04.978405,Dubai-fde9,9,90,Normal
2026-02-08 15:56:05.978405,Dubai-fde9,32,30,Normal
2026-02-08 15:56:06.978405,Dubai-fde9,29,32,Normal
2026-02-08 15:56:07.978405,Dubai-fde9,-25,53,Normal
2026-02-08 15:56:08.978405,Dubai-fde9,25,44,Normal
2026-02-08 15:56:09.978405,Dubai-fde9,-1,63,Normal
2026-02-08 15:56:10.978405,Dubai-fde9,17,6,Normal
2026-02-08 15:56:11.978405,Dubai-fde9,-22,57,Normal
2026-02-08 15:56:12.978405,Dubai-fde9,33,4,Normal
2026-02-08 15:56:13.978405,Dubai-fde9,24,0,Normal
2026-02-08 15:56:14.978405,Dubai-fde9,29,20,Normal
2026-02-08 15:56:15.978405,Dubai-fde9,-3,76,Normal
2026-02-08 15:56:16.978405,Dubai-fde9,23,78,Normal
2026-02-08 15:56:17.978405,Dubai-fde9,-2,1,Normal
2026-02-08 15:56:18.978405,Dubai-fde9,-8,84,Normal
2026-02-08 15:56:19.978405,Dubai-fde9,19,97,Normal
2026-02-08 15:56:20.978405,Dubai-fde9,-5,84,Normal
2026-02-08 15:56:21.978405,Dubai-fde9,-22,99,Normal
2026-02-08 15:56:22.978405,Dubai-fde9,49,44,Normal
2026-02-08 15:56:23.978405,Dubai-fde9,-16,41,Normal
2026-02-08 15:56:24.978405,Dubai-fde9,-16,13,Normal
2026-02-08 15:56:25.978405,Dubai-fde9,0,4,Normal
2026-02-08 15:56:26.978405,Dubai-fde9,-26,75,Normal
2026-02-08 15:56:27.978405,Dubai-fde9,41,39,Normal
2026-02-08 15:56:28.978405,Dubai-fde9,0,25,Normal
2026-02-08 15:56:29.978405,Dubai-fde9,21,94,Normal
2026-02-08 15:56:30.978405,Dubai-fde9,35,81,Normal
2026-02-08 15:56:31.978405,Dubai-fde9,-28,79,Normal
2026-02-08 15:56:32.978405,Dubai-fde9,-22,100,Normal
2026-02-08 15:56:33.978405,Dubai-fde9,-3,90,Normal
2026-02-08 15:56:34.978405,Dubai-fde9,18,35,Normal
2026-02-08 15:56:35.978405,Dubai-fde9,5,94,Normal
2026-02-08 15:56:36.978405,Dubai-fde9,39,65,Normal
2026-02-08 15:56:37.978405,Dubai-fde9,-11,39,Normal
2026-02-08 15:56:38.978405,Dubai-fde9,22,4,Normal
2026-02-08 15:56:39.978405,Dubai-fde9,-27,47,Normal
2026-02-08 15:56:40.978405,Dubai-fde9,10,13,Normal
2026-02-08 15:56:41.978405,Dubai-fde9,-21,65,Normal
2026-02-08 15:56:42.978405,Dubai-fde9,11,13,Normal
2026-02-08 15:56:43.978405,Dubai-fde9,-24,85,Normal
2026-02-08 15:56:44.978405,Dubai-fde9,2,17,Normal
2026-02-08 15:56:45.978405,Dubai-fde9,-27,30,Normal
2026-02-08 15:56:46.978405,Dubai-fde9,-27,90,Normal
2026-02-08 15:56:47.978405,Dubai-fde9,-12,79,Normal
2026-02-08 15:56:48.978405,Dubai-fde9,33,58,Normal
2026-02-08 15:56:49.978405,Dubai-fde9,-23,99,Normal
2026-02-08 15:56:50.978405,Dubai-fde9,42,59,Normal
2026-02-08 15:56:51.978405,Dubai-fde9,19,30,Normal
2026-02-08 15:56:52.978405,Dubai-fde9,44,85,Normal
2026-02-08 15:56:53.978405,Dubai-fde9,-18,38,Normal
2026-02-08 15:56:54.978405,Dubai-fde9,22,71,Normal
2026-02-08 15:56:55.978405,Dubai-fde9,42,65,Normal
2026-02-08 15:56:56.978405,Dubai-fde9,6,26,Normal
2026-02-08 15:56:57.978405,Dubai-fde9,13,63,Normal
2026-02-08 15:56:58.978405,Dubai-fde9,34,16,Normal
2026-02-08 15:56:59.978405,Dubai-fde9,48,90,Normal
2026-02-08 15:57:00.978405,Dubai-fde9,-8,40,Normal
2026-02-08 15:57:01.978405,Dubai-fde9,4,65,Normal
2026-02-08 15:57:02.978405,Dubai-fde9,35,32,Normal
2026-02-08 15:57:03.978405,Dubai-fde9,-10,0,Normal
2026-02-08 15:57:04.978405,Dubai-fde9,0,100,Normal
2026-02-08 15:57:05.978405,Dubai-fde9,-14,25,Normal
2026-02-08 15:57:06.978405,Dubai-fde9,-3,1,Normal
2026-02-08 15:57:07.978405,Dubai-fde9,-5,16,Normal
2026-02-08 15:57:08.978405,Dubai-fde9,1,65,Normal
2026-02-08 15:57:09.978405,Dubai-fde9,5,57,Normal
2026-02-08 15:57:10.978405,Dubai-fde9,49,28,Normal
2026-02-08 15:57:11.978405,Dubai-fde9,24,98,Normal
2026-02-08 15:57:12.978405,Dubai-fde9,-8,19,Normal
2026-02-08 15:57:13.978405,Dubai-fde9,10,38,Normal
2026-02-08 15:57:14.978405,Dubai-fde9,19,22,Normal
2026-02-08 15:57:15.978405,Dubai-fde9,9,98,Normal
2026-02-08 15:57:16.978405,Dubai-fde9,-19,62,Normal
2026-02-08 15:57:17.978405,Dubai-fde9,14,24,Normal
2026-02-08 15:57:18.978405,Dubai-fde9,-18,9,Normal
2026-02-08 15:57:19.978405,Dubai-fde9,-20,87,Normal
2026-02-08 15:57:20.978405,Dubai-fde9,-28,38,Normal
2026-02-08 15:57:21.978405,Dubai-fde9,13,95,Normal
2026-02-08 15:57:22.978405,Dubai-fde9,48,54,Normal
2026-02-08 15:57:23.978405,Dubai-fde9,18,11,Normal
2026-02-08 15:57:24.978405,Dubai-fde9,-8,88,Normal
2026-02-08 15:57:25.978405,Dubai-fde9,28,49,Normal
2026-02-08 15:57:26.978405,Dubai-fde9,-14,88,Normal
2026-02-08 15:57:27.978405,Dubai-fde9,40,14,Normal
2026-02-08 15:57:28.978405,Dubai-fde9,32,41,Normal
2026-02-08 15:57:29.978405,Dubai-fde9,28,59,Normal
2026-02-08 15:57:30.978405,Dubai-fde9,-19,34,Normal
2026-02-08 15:57:31.978405,Dubai-fde9,-26,58,Normal
2026-02-08 15:57:32.978405,Dubai-fde9,-16,73,Normal
2026-02-08 15:57:33.978405,Dubai-fde9,15,49,Normal
2026-02-08 15:57:34.978405,Dubai-fde9,37,31,Normal
2026-02-08 15:57:35.978405,Dubai-fde9,6,40,Normal
2026-02-08 15:57:36.978405,Dubai-fde9,-5,100,Normal
2026-02-08 15:57:37.978405,Dubai-fde9,22,11,Normal
2026-02-08 15:57:38.978405,Dubai-fde9,23,6,Normal
2026-02-08 15:57:39.978405,Dubai-fde9,-24,38,Normal
2026-02-08 15:57:40.978405,Dubai-fde9,18,75,Normal
2026-02-08 15:57:41.978405,Dubai-fde9,47,1,Normal
2026-02-08 15:57:42.978405,Dubai-fde9,42,23,Normal
2026-02-08 15:57:43.978405,Dubai-fde9,28,28,Normal
2026-02-08 15:57:44.978405,Dubai-fde9,33,29,Normal
2026-02-08 15:57:45.978405,Dubai-fde9,42,79,Normal
2026-02-08 15:57:46.978405,Dubai-fde9,27,69,Normal
2026-02-08 15:57:47.978405,Dubai-fde9,46,53,Normal
2026-02-08 15:57:48.978405,Dubai-fde9,20,38,Normal
2026-02-08 15:57:49.978405,Dubai-fde9,40,33,Normal
2026-02-08 15:57:50.978405,Dubai-fde9,38,63,Normal
2026-02-08 15:57:51.978405,Dubai-fde9,50,30,Normal
2026-02-08 15:57:52.978405,Dubai-fde9,-6,2,Normal
2026-02-08 15:57:53.978405,Dubai-fde9,19,82,Normal
2026-02-08 15:57:54.978405,Dubai-fde9,47,21,Normal
2026-02-08 15:57:55.978405,Dubai-fde9,39,0,Normal
2026-02-08 15:57:56.978405,Dubai-fde9,-9,72,Normal
2026-02-08 15:57:57.978405,Dubai-fde9,-29,100,Normal
2026-02-08 15:57:58.978405,Dubai-fde9,13,1,Normal
2026-02-08 15:57:59.978405,Dubai-fde9,20,29,Normal
2026-02-08 15:58:00.978405,Dubai-fde9,-6,0,Normal
2026-02-08 15:58:01.978405,Dubai-fde9,16,45,Normal
2026-02-08 15:58:02.978405,Dubai-fde9,33,28,Normal
2026-02-08 15:58:03.978405,Dubai-fde9,48,80,Normal
2026-02-08 15:58:04.978405,Dubai-fde9,45,35,Normal
2026-02-08 15:58:05.978405,Dubai-fde9,24,30,Normal
2026-02-08 15:58:06.978405,Dubai-fde9,10,51,Normal
2026-02-08 15:58:07.978405,Dubai-fde9,-30,39,Normal
2026-02-08 15:58:08.978405,Dubai-fde9,9,89,Normal
2026-02-08 15:58:09.978405,Dubai-fde9,11,52,Normal
2026-02-08 15:58:10.978405,Dubai-fde9,-12,60,Normal
2026-02-08 15:58:11.978405,Dubai-fde9,34,82,Normal
2026-02-08 15:58:12.978405,Dubai-fde9,-28,2,Normal
2026-02-08 15:58:13.978405,Dubai-fde9,14,19,Normal
2026-02-08 15:58:14.978405,Dubai-fde9,34,5,Normal
2026-02-08 15:58:15.978405,Dubai-fde9,-1,89,Normal
2026-02-08 15:58:16.978405,Dubai-fde9,26,62,Normal
2026-02-08 15:58:17.978405,Dubai-fde9,-28,62,Normal
2026-02-08 15:58:18.978405,Dubai-fde9,37,75,Normal
2026-02-08 15:58:19.978405,Dubai-fde9,38,18,Normal
2026-02-08 15:58:20.978405,Dubai-fde9,31,67,Normal
2026-02-08 15:58:21.978405,Dubai-fde9,50,13,Normal
2026-02-08 15:58:22.978405,Dubai-fde9,23,37,Normal
2026-02-08 15:58:23.978405,Dubai-fde9,-24,14,Normal
2026-02-08 15:58:24.978405,Dubai-fde9,4,12,Normal
2026-02-08 15:58:25.978405,Dubai-fde9,46,71,Normal
2026-02-08 15:58:26.978405,Dubai-fde9,11,16,Normal
2026-02-08 15:58:27.978405,Dubai-fde9,-21,21,Normal
2026-02-08 15:58:28.978405,Dubai-fde9,9,48,Normal
2026-02-08 15:58:29.978405,Dubai-fde9,-28,8,Normal
2026-02-08 15:58:30.978405,Dubai-fde9,27,10,Normal
2026-02-08 15:58:31.978405,Dubai-fde9,48,69,Normal
2026-02-08 15:58:32.978405,Dubai-fde9,21,86,Normal
2026-02-08 15:58:33.978405,Dubai-fde9,-9,66,Normal
2026-02-08 15:58:34.978405,Dubai-fde9,49,5,Normal
2026-02-08 15:58:35.978405,Dubai-fde9,-25,82,Normal
2026-02-08 15:58:36.978405,Dubai-fde9,41,79,Normal
2026-02-08 15:58:37.978405,Dubai-fde9,-11,23,Normal
2026-02-08 15:58:38.978405,Dubai-fde9,21,0,Normal
2026-02-08 15:58:39.978405,Dubai-fde9,-2,25,Normal
2026-02-08 15:58:40.978405,Dubai-fde9,5,86,Normal
2026-02-08 15:58:41.978405,Dubai-fde9,-24,92,Normal
2026-02-08 15:58:42.978405,Dubai-fde9,-4,93,Normal
2026-02-08 15:58:43.978405,Dubai-fde9,40,35,Normal
2026-02-08 15:58:44.978405,Dubai-fde9,1,4,Normal
2026-02-08 15:58:45.978405,Dubai-fde9,-28,88,Normal
2026-02-08 15:58:46.978405,Dubai-fde9,-18,24,Normal
2026-02-08 15:58:47.978405,Dubai-fde9,-11,1,Normal
2026-02-08 15:58:48.978405,Dubai-fde9,24,27,Normal
2026-02-08 15:58:49.978405,Dubai-fde9,39,59,Normal
2026-02-08 15:58:50.978405,Dubai-fde9,23,49,Normal
2026-02-08 15:58:51.978405,Dubai-fde9,-13,1,Normal
2026-02-08 15:58:52.978405,Dubai-fde9,11,100,Normal
2026-02-08 15:58:53.978405,Dubai-fde9,24,26,Normal
2026-02-08 15:58:54.978405,Dubai-fde9,28,79,Normal
2026-02-08 15:58:55.978405,Dubai-fde9,-25,5,Normal
2026-02-08 15:58:56.978405,Dubai-fde9,22,11,Normal
2026-02-08 15:58:57.978405,Dubai-fde9,3,96,Normal
2026-02-08 15:58:58.978405,Dubai-fde9,42,100,Normal
2026-02-08 15:58:59.978405,Dubai-fde9,32,6,Normal
2026-02-08 15:59:00.978405,Dubai-fde9,-21,27,Normal
2026-02-08 15:59:01.978405,Dubai-fde9,-30,100,Normal
2026-02-08 15:59:02.978405,Dubai-fde9,5,34,Normal
2026-02-08 15:59:03.978405,Dubai-fde9,-1,3,Normal
2026-02-08 15:59:04.978405,Dubai-fde9,36,67,Normal
2026-02-08 15:59:05.978405,Dubai-fde9,-12,87,Normal
2026-02-08 15:59:06.978405,Dubai-fde9,47,99,Normal
2026-02-08 15:59:07.978405,Dubai-fde9,24,71,Normal
2026-02-08 15:59:08.978405,Dubai-fde9,-23,74,Normal
2026-02-08 15:59:09.978405,Dubai-fde9,23,25,Normal
2026-02-08 15:59:10.978405,Dubai-fde9,15,78,Normal
2026-02-08 15:59:11.978405,Dubai-fde9,20,46,Normal
2026-02-08 15:59:12.978405,Dubai-fde9,-8,71,Normal
2026-02-08 15:59:13.978405,Dubai-fde9,45,53,Normal
2026-02-08 15:59:14.978405,Dubai-fde9,18,77,Normal
2026-02-08 15:59:15.978405,Dubai-fde9,2,41,Normal
2026-02-08 15:59:16.978405,Dubai-fde9,45,56,Normal
2026-02-08 15:59:17.978405,Dubai-fde9,26,95,Normal
2026-02-08 15:59:18.978405,Dubai-fde9,4,40,Normal
2026-02-08 15:59:19.978405,Dubai-fde9,-2,17,Normal
2026-02-08 15:59:20.978405,Dubai-fde9,-20,36,Normal
2026-02-08 15:59:21.978405,Dubai-fde9,1,54,Normal
2026-02-08 15:59:22.978405,Dubai-fde9,-11,35,Normal
2026-02-08 15:59:23.978405,Dubai-fde9,38,32,Normal
2026-02-08 15:59:24.978405,Dubai-fde9,39,54,Normal
2026-02-08 15:59:25.978405,Dubai-fde9,-19,13,Normal
2026-02-08 15:59:26.978405,Dubai-fde9,36,37,Normal
2026-02-08 15:59:27.978405,Dubai-fde9,33,100,Normal
2026-02-08 15:59:28.978405,Dubai-fde9,-17,1,Normal
2026-02-08 15:59:29.978405,Dubai-fde9,36,9,Normal
2026-02-08 15:59:30.978405,Dubai-fde9,49,75,Normal
2026-02-08 15:59:31.978405,Dubai-fde9,-12,28,Normal
2026-02-08 15:59:32.978405,Dubai-fde9,-20,63,Normal
2026-02-08 15:59:33.978405,Dubai-fde9,50,94,Normal
2026-02-08 15:59:34.978405,Dubai-fde9,18,32,Normal
2026-02-08 15:59:35.978405,Dubai-fde9,7,68,Normal
2026-02-08 15:59:36.978405,Dubai-fde9,-20,41,Normal
2026-02-08 15:59:37.978405,Dubai-fde9,6,40,Normal
2026-02-08 15:59:38.978405,Dubai-fde9,-3,27,Normal
2026-02-08 15:59:39.978405,Dubai-fde9,33,5,Normal
2026-02-08 15:59:40.978405,Dubai-fde9,-16,33,Normal
2026-02-08 15:59:41.978405,Dubai-fde9,23,56,Normal
2026-02-08 15:59:42.978405,Dubai-fde9,-10,4,Normal
2026-02-08 15:59:43.978405,Dubai-fde9,-10,90,Normal
2026-02-08 15:59:44.978405,Dubai-fde9,49,63,Normal
2026-02-08 15:59:45.978405,Dubai-fde9,27,21,Normal
2026-02-08 15:59:46.978405,Dubai-fde9,11,85,Normal
2026-02-08 15:59:47.978405,Dubai-fde9,1,63,Normal
2026-02-08 15:59:48.978405,Dubai-fde9,30,87,Normal
2026-02-08 15:59:49.978405,Dubai-fde9,-16,11,Normal
2026-02-08 15:59:50.978405,Dubai-fde9,22,87,Normal
2026-02-08 15:59:51.978405,Dubai-fde9,-3,75,Normal
2026-02-08 15:59:52.978405,Dubai-fde9,42,84,Normal
2026-02-08 15:59:53.978405,Dubai-fde9,34,1,Normal
2026-02-08 15:59:54.978405,Dubai-fde9,-13,8,Normal
2026-02-08 15:59:55.978405,Dubai-fde9,-2,10,Normal
2026-02-08 15:59:56.978405,Dubai-fde9,-20,74,Normal
2026-02-08 15:59:57.978405,Dubai-fde9,26,70,Normal
2026-02-08 15:59:58.978405,Dubai-fde9,4,79,Normal
2026-02-08 15:59:59.978405,Dubai-fde9,45,73,Normal
2026-02-08 16:00:00.978405,Dubai-fde9,22,94,Normal
2026-02-08 16:00:01.978405,Dubai-fde9,-8,54,Normal
2026-02-08 16:00:02.978405,Dubai-fde9,-1,53,Normal
2026-02-08 16:00:03.978405,Dubai-fde9,48,76,Normal
2026-02-08 16:00:04.978405,Dubai-fde9,-1,69,Normal
2026-02-08 16:00:05.978405,Dubai-fde9,-18,72,Normal
2026-02-08 16:00:06.978405,Dubai-fde9,48,99,Normal
2026-02-08 16:00:07.978405,Dubai-fde9,0,11,Normal
2026-02-08 16:00:08.978405,Dubai-fde9,6,56,Normal
2026-02-08 16:00:09.978405,Dubai-fde9,14,88,Normal
2026-02-08 16:00:10.978405,Dubai-fde9,5,12,Normal
2026-02-08 16:00:11.978405,Dubai-fde9,-2,67,Normal
2026-02-08 16:00:12.978405,Dubai-fde9,22,85,Normal
2026-02-08 16:00:13.978405,Dubai-fde9,-23,37,Normal
2026-02-08 16:00:14.978405,Dubai-fde9,32,47,Normal
2026-02-08 16:00:15.978405,Dubai-fde9,39,3,Normal
2026-02-08 16:00:16.978405,Dubai-fde9,43,66,Normal
2026-02-08 16:00:17.978405,Dubai-fde9,47,45,Normal
2026-02-08 16:00:18.978405,Dubai-fde9,0,29,Normal
2026-02-08 16:00:19.978405,Dubai-fde9,23,23,Normal
2026-02-08 16:00:20.978405,Dubai-fde9,17,87,Normal
2026-02-08 16:00:21.978405,Dubai-fde9,-13,39,Normal
2026-02-08 16:00:22.978405,Dubai-fde9,45,31,Normal
2026-02-08 16:00:23.978405,Dubai-fde9,15,16,Normal
2026-02-08 16:00:24.978405,Dubai-fde9,-11,79,Normal
2026-02-08 16:00:25.978405,Dubai-fde9,-2,86,Normal
2026-02-08 16:00:26.978405,Dubai-fde9,48,46,Normal
2026-02-08 16:00:27.978405,Dubai-fde9,14,81,Normal
2026-02-08 16:00:28.978405,Dubai-fde9,44,40,Normal
2026-02-08 16:00:29.978405,Dubai-fde9,-1,70,Normal
2026-02-08 16:00:30.978405,Dubai-fde9,38,7,Normal
2026-02-08 16:00:31.978405,Dubai-fde9,-12,55,Normal
2026-02-08 16:00:32.978405,Dubai-fde9,-3,93,Normal
2026-02-08 16:00:33.978405,Dubai-fde9,15,36,Normal
2026-02-08 16:00:34.978405,Dubai-fde9,5,89,Normal
2026-02-08 16:00:35.978405,Dubai-fde9,22,41,Normal
2026-02-08 16:00:36.978405,Dubai-fde9,-20,33,Normal
2026-02-08 16:00:37.978405,Dubai-fde9,36,51,Normal
2026-02-08 16:00:38.978405,Dubai-fde9,-27,49,Normal
2026-02-08 16:00:39.978405,Dubai-fde9,-27,89,Normal
2026-02-08 16:00:40.978405,Dubai-fde9,0,62,Normal
2026-02-08 16:00:41.978405,Dubai-fde9,8,16,Normal
2026-02-08 16:00:42.978405,Dubai-fde9,36,0,Normal
2026-02-08 16:00:43.978405,Dubai-fde9,19,30,Normal
2026-02-08 16:00:44.978405,Dubai-fde9,-24,77,Normal
2026-02-08 16:00:45.978405,Dubai-fde9,-1,62,Normal
2026-02-08 16:00:46.978405,Dubai-fde9,11,93,Normal
2026-02-08 16:00:47.978405,Dubai-fde9,0,28,Normal
2026-02-08 16:00:48.978405,Dubai-fde9,19,79,Normal
2026-02-08 16:00:49.978405,Dubai-fde9,10,75,Normal
2026-02-08 16:00:50.978405,Dubai-fde9,-10,97,Normal
2026-02-08 16:00:51.978405,Dubai-fde9,-28,33,Normal
2026-02-08 16:00:52.978405,Dubai-fde9,-22,55,Normal
2026-02-08 16:00:53.978405,Dubai-fde9,-29,85,Normal
2026-02-08 16:00:54.978405,Dubai-fde9,-11,19,Normal
2026-02-08 16:00:55.978405,Dubai-fde9,2,80,Normal
2026-02-08 16:00:56.978405,Dubai-fde9,7,59,Normal
2026-02-08 16:00:57.978405,Dubai-fde9,-27,85,Normal
2026-02-08 16:00:58.978405,Dubai-fde9,17,18,Normal
2026-02-08 16:00:59.978405,Dubai-fde9,20,71,Normal
2026-02-08 16:01:00.978405,Dubai-fde9,24,41,Normal
2026-02-08 16:01:01.978405,Dubai-fde9,46,49,Normal
2026-02-08 16:01:02.978405,Dubai-fde9,45,11,Normal
2026-02-08 16:01:03.978405,Dubai-fde9,-5,53,Normal
2026-02-08 16:01:04.978405,Dubai-fde9,49,38,Normal
2026-02-08 16:01:05.978405,Dubai-fde9,-27,88,Normal
2026-02-08 16:01:06.978405,Dubai-fde9,-4,14,Normal
2026-02-08 16:01:07.978405,Dubai-fde9,16,87,Normal
2026-02-08 16:01:08.978405,Dubai-fde9,48,98,Normal
2026-02-08 16:01:09.978405,Dubai-fde9,4,4,Normal
2026-02-08 16:01:10.978405,Dubai-fde9,-11,97,Normal
2026-02-08 16:01:11.978405,Dubai-fde9,3,10,Normal
2026-02-08 16:01:12.978405,Dubai-fde9,-23,13,Normal
2026-02-08 16:01:13.978405,Dubai-fde9,-20,21,Normal
2026-02-08 16:01:14.978405,Dubai-fde9,19,38,Normal
2026-02-08 16:01:15.978405,Dubai-fde9,-8,97,Normal
2026-02-08 16:01:16.978405,Dubai-fde9,9,12,Normal
2026-02-08 16:01:17.978405,Dubai-fde9,36,31,Normal
2026-02-08 16:01:18.978405,Dubai-fde9,16,8,Normal
2026-02-08 16:01:19.978405,Dubai-fde9,-18,50,Normal
2026-02-08 16:01:20.978405,Dubai-fde9,28,65,Normal
2026-02-08 16:01:21.978405,Dubai-fde9,-22,79,Normal
2026-02-08 16:01:22.978405,Dubai-fde9,10,71,Normal
2026-02-08 16:01:23.978405,Dubai-fde9,15,18,Normal
2026-02-08 16:01:24.978405,Dubai-fde9,-6,7,Normal
2026-02-08 16:01:25.978405,Dubai-fde9,-1,62,Normal
2026-02-08 16:01:26.978405,Dubai-fde9,2,34,Normal
2026-02-08 16:01:27.978405,Dubai-fde9,39,6,Normal
2026-02-08 16:01:28.978405,Dubai-fde9,47,23,Normal
2026-02-08 16:01:29.978405,Dubai-fde9,47,2,Normal
2026-02-08 16:01:30.978405,Dubai-fde9,-27,40,Normal
2026-02-08 16:01:31.978405,Dubai-fde9,5,99,Normal
2026-02-08 16:01:32.978405,Dubai-fde9,-4,26,Normal
2026-02-08 16:01:33.978405,Dubai-fde9,22,14,Normal
2026-02-08 16:01:34.978405,Dubai-fde9,-7,64,Normal
2026-02-08 16:01:35.978405,Dubai-fde9,48,86,Normal
2026-02-08 16:01:36.978405,Dubai-fde9,20,83,Normal
2026-02-08 16:01:37.978405,Dubai-fde9,47,52,Normal
2026-02-08 16:01:38.978405,Dubai-fde9,11,53,Normal
2026-02-08 16:01:39.978405,Dubai-fde9,44,84,Normal
2026-02-08 16:01:40.978405,Dubai-fde9,14,89,Normal
2026-02-08 16:01:41.978405,Dubai-fde9,48,82,Normal
2026-02-08 16:01:42.978405,Dubai-fde9,45,56,Normal
2026-02-08 16:01:43.978405,Dubai-fde9,0,89,Normal
2026-02-08 16:01:44.978405,Dubai-fde9,36,77,Normal
2026-02-08 16:01:45.978405,Dubai-fde9,28,2,Normal
2026-02-08 16:01:46.978405,Dubai-fde9,25,37,Normal
2026-02-08 16:01:47.978405,Dubai-fde9,1,57,Normal
2026-02-08 16:01:48.978405,Dubai-fde9,48,18,Normal
2026-02-08 16:01:49.978405,Dubai-fde9,38,36,Normal
2026-02-08 16:01:50.978405,Dubai-fde9,18,33,Normal
2026-02-08 16:01:51.978405,Dubai-fde9,44,28,Normal
2026-02-08 16:01:52.978405,Dubai-fde9,28,24,Normal
2026-02-08 16:01:53.978405,Dubai-fde9,7,48,Normal
2026-02-08 16:01:54.978405,Dubai-fde9,45,20,Normal
2026-02-08 16:01:55.978405,Dubai-fde9,6,51,Normal
2026-02-08 16:01:56.978405,Dubai-fde9,10,78,Normal
2026-02-08 16:01:57.978405,Dubai-fde9,27,48,Normal
2026-02-08 16:01:58.978405,Dubai-fde9,7,56,Normal
2026-02-08 16:01:59.978405,Dubai-fde9,-9,3,Normal
2026-02-08 16:02:00.978405,Dubai-fde9,-11,41,Normal
2026-02-08 16:02:01.978405,Dubai-fde9,4,14,Normal
2026-02-08 16:02:02.978405,Dubai-fde9,28,6,Normal
2026-02-08 16:02:03.978405,Dubai-fde9,-24,91,Normal
2026-02-08 16:02:04.978405,Dubai-fde9,10,27,Normal
2026-02-08 16:02:05.978405,Dubai-fde9,26,25,Normal
2026-02-08 16:02:06.978405,Dubai-fde9,49,63,Normal
2026-02-08 16:02:07.978405,Dubai-fde9,36,16,Normal
2026-02-08 16:02:08.978405,Dubai-fde9,-21,60,Normal
2026-02-08 16:02:09.978405,Dubai-fde9,-18,29,Normal
2026-02-08 16:02:10.978405,Dubai-fde9,33,10,Normal
2026-02-08 16:02:11.978405,Dubai-fde9,2,34,Normal
2026-02-08 16:02:12.978405,Dubai-fde9,35,56,Normal
2026-02-08 16:02:13.978405,Dubai-fde9,-13,48,Normal
2026-02-08 16:02:14.978405,Dubai-fde9,34,43,Normal
2026-02-08 16:02:15.978405,Dubai-fde9,34,73,Normal
2026-02-08 16:02:16.978405,Dubai-fde9,6,67,Normal
2026-02-08 16:02:17.978405,Dubai-fde9,-27,84,Normal
2026-02-08 16:02:18.978405,Dubai-fde9,32,28,Normal
2026-02-08 16:02:19.978405,Dubai-fde9,18,50,Normal
2026-02-08 16:02:20.978405,Dubai-fde9,36,6,Normal
2026-02-08 16:02:21.978405,Dubai-fde9,19,64,Normal
2026-02-08 16:02:22.978405,Dubai-fde9,23,60,Normal
2026-02-08 16:02:23.978405,Dubai-fde9,39,61,Normal
2026-02-08 16:02:24.978405,Dubai-fde9,-20,67,Normal
2026-02-08 16:02:25.978405,Dubai-fde9,-9,70,Normal
2026-02-08 16:02:26.978405,Dubai-fde9,32,66,Normal
2026-02-08 16:02:27.978405,Dubai-fde9,-20,6,Normal
2026-02-08 16:02:28.978405,Dubai-fde9,32,52,Normal
2026-02-08 16:02:29.978405,Dubai-fde9,-13,87,Normal
2026-02-08 16:02:30.978405,Dubai-fde9,32,43,Normal
2026-02-08 16:02:31.978405,Dubai-fde9,47,35,Normal
2026-02-08 16:02:32.978405,Dubai-fde9,47,16,Normal
2026-02-08 16:02:33.978405,Dubai-fde9,21,3,Normal
2026-02-08 16:02:34.978405,Dubai-fde9,8,78,Normal
2026-02-08 16:02:35.978405,Dubai-fde9,33,80,Normal
2026-02-08 16:02:36.978405,Dubai-fde9,-21,33,Normal
2026-02-08 16:02:37.978405,Dubai-fde9,-12,71,Normal
2026-02-08 16:02:38.978405,Dubai-fde9,33,87,Normal
2026-02-08 16:02:39.978405,Dubai-fde9,22,58,Normal
2026-02-08 16:02:40.978405,Dubai-fde9,33,72,Normal
2026-02-08 16:02:41.978405,Dubai-fde9,35,87,Normal
2026-02-08 16:02:42.978405,Dubai-fde9,-4,57,Normal
2026-02-08 16:02:43.978405,Dubai-fde9,42,9,Normal
2026-02-08 16:02:44.978405,Dubai-fde9,-30,15,Normal
2026-02-08 16:02:45.978405,Dubai-fde9,-29,13,Normal
2026-02-08 16:02:46.978405,Dubai-fde9,-10,95,Normal
2026-02-08 16:02:47.978405,Dubai-fde9,-2,91,Normal
2026-02-08 16:02:48.978405,Dubai-fde9,-15,92,Normal
2026-02-08 16:02:49.978405,Dubai-fde9,46,42,Normal
2026-02-08 16:02:50.978405,Dubai-fde9,-17,12,Normal
2026-02-08 16:02:51.978405,Dubai-fde9,28,80,Normal
2026-02-08 16:02:52.978405,Dubai-fde9,-23,8,Normal
2026-02-08 16:02:53.978405,Dubai-fde9,-12,92,Normal
2026-02-08 16:02:54.978405,Dubai-fde9,-1,63,Normal
2026-02-08 16:02:55.978405,Dubai-fde9,-16,58,Normal
2026-02-08 16:02:56.978405,Dubai-fde9,33,15,Normal
2026-02-08 16:02:57.978405,Dubai-fde9,-8,50,Normal
2026-02-08 16:02:58.978405,Dubai-fde9,-16,38,Normal
2026-02-08 16:02:59.978405,Dubai-fde9,-10,3,Normal
2026-02-08 16:03:00.978405,Dubai-fde9,-15,25,Normal
2026-02-08 16:03:01.978405,Dubai-fde9,-6,76,Normal
2026-02-08 16:03:02.978405,Dubai-fde9,-22,38,Normal
2026-02-08 16:03:03.978405,Dubai-fde9,45,69,Normal
2026-02-08 16:03:04.978405,Dubai-fde9,-27,23,Normal
2026-02-08 16:03:05.978405,Dubai-fde9,-9,99,Normal
2026-02-08 16:03:06.978405,Dubai-fde9,-22,77,Normal
2026-02-08 16:03:07.978405,Dubai-fde9,49,44,Normal
2026-02-08 16:03:08.978405,Dubai-fde9,-20,48,Normal
2026-02-08 16:03:09.978405,Dubai-fde9,23,9,Normal
2026-02-08 16:03:10.978405,Dubai-fde9,-5,84,Normal
2026-02-08 16:03:11.978405,Dubai-fde9,26,63,Normal
2026-02-08 16:03:12.978405,Dubai-fde9,27,57,Normal
2026-02-08 16:03:13.978405,Dubai-fde9,33,66,Normal
2026-02-08 16:03:14.978405,Dubai-fde9,50,84,Normal
2026-02-08 16:03:15.978405,Dubai-fde9,27,76,Normal
2026-02-08 16:03:16.978405,Dubai-fde9,42,37,Normal
2026-02-08 16:03:17.978405,Dubai-fde9,28,85,Normal
2026-02-08 16:03:18.978405,Dubai-fde9,35,88,Normal
2026-02-08 16:03:19.978405,Dubai-fde9,49,29,Normal
2026-02-08 16:03:20.978405,Dubai-fde9,-16,10,Normal
2026-02-08 16:03:21.978405,Dubai-fde9,13,62,Normal
2026-02-08 16:03:22.978405,Dubai-fde9,16,11,Normal
2026-02-08 16:03:23.978405,Dubai-fde9,-26,85,Normal
2026-02-08 16:03:24.978405,Dubai-fde9,24,64,Normal
2026-02-08 16:03:25.978405,Dubai-fde9,3,62,Normal
2026-02-08 16:03:26.978405,Dubai-fde9,-11,36,Normal
2026-02-08 16:03:27.978405,Dubai-fde9,-16,96,Normal
2026-02-08 16:03:28.978405,Dubai-fde9,15,4,Normal
2026-02-08 16:03:29.978405,Dubai-fde9,0,38,Normal
2026-02-08 16:03:30.978405,Dubai-fde9,-28,47,Normal
2026-02-08 16:03:31.978405,Dubai-fde9,-21,72,Normal
2026-02-08 16:03:32.978405,Dubai-fde9,-26,76,Normal
2026-02-08 16:03:33.978405,Dubai-fde9,-18,70,Normal
2026-02-08 16:03:34.978405,Dubai-fde9,46,55,Normal
2026-02-08 16:03:35.978405,Dubai-fde9,18,26,Normal
2026-02-08 16:03:36.978405,Dubai-fde9,41,15,Normal
2026-02-08 16:03:37.978405,Dubai-fde9,-17,99,Normal
2026-02-08 16:03:38.978405,Dubai-fde9,11,30,Normal
2026-02-08 16:03:39.978405,Dubai-fde9,49,70,Normal
2026-02-08 16:03:40.978405,Dubai-fde9,38,81,Normal
2026-02-08 16:03:41.978405,Dubai-fde9,35,17,Normal
2026-02-08 16:03:42.978405,Dubai-fde9,45,84,Normal
2026-02-08 16:03:43.978405,Dubai-fde9,-30,37,Normal
2026-02-08 16:03:44.978405,Dubai-fde9,-11,42,Normal
2026-02-08 16:03:45.978405,Dubai-fde9,-14,97,Normal
2026-02-08 16:03:46.978405,Dubai-fde9,14,58,Normal
2026-02-08 16:03:47.978405,Dubai-fde9,-6,31,Normal
2026-02-08 16:03:48.978405,Dubai-fde9,5,18,Normal
2026-02-08 16:03:49.978405,Dubai-fde9,21,79,Normal
2026-02-08 16:03:50.978405,Dubai-fde9,0,76,Normal
2026-02-08 16:03:51.978405,Dubai-fde9,25,85,Normal
2026-02-08 16:03:52.978405,Dubai-fde9,2,1,Normal
2026-02-08 16:03:53.978405,Dubai-fde9,30,43,Normal
2026-02-08 16:03:54.978405,Dubai-fde9,14,65,Normal
2026-02-08 16:03:55.978405,Dubai-fde9,-2,70,Normal
2026-02-08 16:03:56.978405,Dubai-fde9,43,15,Normal
2026-02-08 16:03:57.978405,Dubai-fde9,35,24,Normal
2026-02-08 16:03:58.978405,Dubai-fde9,-7,56,Normal
2026-02-08 16:03:59.978405,Dubai-fde9,-7,60,Normal
2026-02-08 16:04:00.978405,Dubai-fde9,-14,54,Normal
2026-02-08 16:04:01.978405,Dubai-fde9,-15,38,Normal
2026-02-08 16:04:02.978405,Dubai-fde9,30,7,Normal
2026-02-08 16:04:03.978405,Dubai-fde9,-23,82,Normal
2026-02-08 16:04:04.978405,Dubai-fde9,8,9,Normal
2026-02-08 16:04:05.978405,Dubai-fde9,4,51,Normal
2026-02-08 16:04:06.978405,Dubai-fde9,24,8,Normal
2026-02-08 16:04:07.978405,Dubai-fde9,46,25,Normal
2026-02-08 16:04:08.978405,Dubai-fde9,-14,19,Normal
2026-02-08 16:04:09.978405,Dubai-fde9,6,52,Normal
2026-02-08 16:04:10.978405,Dubai-fde9,18,5,Normal
2026-02-08 16:04:11.978405,Dubai-fde9,-19,80,Normal
2026-02-08 16:04:12.978405,Dubai-fde9,-28,64,Normal
2026-02-08 16:04:13.978405,Dubai-fde9,-15,3,Normal
2026-02-08 16:04:14.978405,Dubai-fde9,49,0,Normal
2026-02-08 16:04:15.978405,Dubai-fde9,3,94,Normal
2026-02-08 16:04:16.978405,Dubai-fde9,26,99,Normal
2026-02-08 16:04:17.978405,Dubai-fde9,24,78,Normal
2026-02-08 16:04:18.978405,Dubai-fde9,-25,33,Normal
2026-02-08 16:04:19.978405,Dubai-fde9,20,66,Normal
2026-02-08 16:04:20.978405,Dubai-fde9,11,97,Normal
2026-02-08 16:04:21.978405,Dubai-fde9,36,11,Normal
2026-02-08 16:04:22.978405,Dubai-fde9,6,22,Normal
2026-02-08 16:04:23.978405,Dubai-fde9,18,42,Normal
2026-02-08 16:04:24.978405,Dubai-fde9,-30,99,Normal
2026-02-08 16:04:25.978405,Dubai-fde9,-19,97,Normal
2026-02-08 16:04:26.978405,Dubai-fde9,47,84,Normal
2026-02-08 16:04:27.978405,Dubai-fde9,30,41,Normal
2026-02-08 16:04:28.978405,Dubai-fde9,-3,15,Normal
2026-02-08 16:04:29.978405,Dubai-fde9,-7,57,Normal
2026-02-08 16:04:30.978405,Dubai-fde9,-9,83,Normal
2026-02-08 16:04:31.978405,Dubai-fde9,4,46,Normal
2026-02-08 16:04:32.978405,Dubai-fde9,-25,12,Normal
2026-02-08 16:04:33.978405,Dubai-fde9,50,74,Normal
2026-02-08 16:04:34.978405,Dubai-fde9,3,89,Normal
2026-02-08 16:04:35.978405,Dubai-fde9,16,48,Normal
2026-02-08 16:04:36.978405,Dubai-fde9,-28,30,Normal
2026-02-08 16:04:37.978405,Dubai-fde9,-8,46,Normal
2026-02-08 16:04:38.978405,Dubai-fde9,4,7,Normal
2026-02-08 16:04:39.978405,Dubai-fde9,20,92,Normal
2026-02-08 16:04:40.978405,Dubai-fde9,10,14,Normal
2026-02-08 16:04:41.978405,Dubai-fde9,6,28,Normal
2026-02-08 16:04:42.978405,Dubai-fde9,25,29,Normal
2026-02-08 16:04:43.978405,Dubai-fde9,19,64,Normal
2026-02-08 16:04:44.978405,Dubai-fde9,48,46,Normal
2026-02-08 16:04:45.978405,Dubai-fde9,14,58,Normal
2026-02-08 16:04:46.978405,Dubai-fde9,-5,0,Normal
2026-02-08 16:04:47.978405,Dubai-fde9,-29,22,Normal
2026-02-08 16:04:48.978405,Dubai-fde9,-5,69,Normal
2026-02-08 16:04:49.978405,Dubai-fde9,-16,81,Normal
2026-02-08 16:04:50.978405,Dubai-fde9,34,79,Normal
2026-02-08 16:04:51.978405,Dubai-fde9,15,97,Normal
2026-02-08 16:04:52.978405,Dubai-fde9,3,38,Normal
2026-02-08 16:04:53.978405,Dubai-fde9,48,58,Normal
2026-02-08 16:04:54.978405,Dubai-fde9,48,71,Normal
2026-02-08 16:04:55.978405,Dubai-fde9,44,12,Normal
2026-02-08 16:04:56.978405,Dubai-fde9,-5,87,Normal
2026-02-08 16:04:57.978405,Dubai-fde9,43,71,Normal
2026-02-08 16:04:58.978405,Dubai-fde9,4,37,Normal
2026-02-08 16:04:59.978405,Dubai-fde9,31,73,Normal
2026-02-08 16:05:00.978405,Dubai-fde9,-13,20,Normal
2026-02-08 16:05:01.978405,Dubai-fde9,-12,46,Normal
2026-02-08 16:05:02.978405,Dubai-fde9,17,60,Normal
2026-02-08 16:05:03.978405,Dubai-fde9,-15,48,Normal
2026-02-08 16:05:04.978405,Dubai-fde9,48,82,Normal
2026-02-08 16:05:05.978405,Dubai-fde9,-14,83,Normal
2026-02-08 16:05:06.978405,Dubai-fde9,35,73,Normal
2026-02-08 16:05:07.978405,Dubai-fde9,6,92,Normal
2026-02-08 16:05:08.978405,Dubai-fde9,40,53,Normal
2026-02-08 16:05:09.978405,Dubai-fde9,42,55,Normal
2026-02-08 16:05:10.978405,Dubai-fde9,49,5,Normal
2026-02-08 16:05:11.978405,Dubai-fde9,-9,44,Normal
2026-02-08 16:05:12.978405,Dubai-fde9,-25,7,Normal
2026-02-08 16:05:13.978405,Dubai-fde9,15,64,Normal
2026-02-08 16:05:14.978405,Dubai-fde9,44,52,Normal
2026-02-08 16:05:15.978405,Dubai-fde9,40,92,Normal
2026-02-08 16:05:16.978405,Dubai-fde9,18,56,Normal
2026-02-08 16:05:17.978405,Dubai-fde9,21,30,Normal
2026-02-08 16:05:18.978405,Dubai-fde9,9,30,Normal
2026-02-08 16:05:19.978405,Dubai-fde9,-17,98,Normal
2026-02-08 16:05:20.978405,Dubai-fde9,23,44,Normal
2026-02-08 16:05:21.978405,Dubai-fde9,17,99,Normal
2026-02-08 16:05:22.978405,Dubai-fde9,-2,97,Normal
2026-02-08 16:05:23.978405,Dubai-fde9,26,63,Normal
2026-02-08 16:05:24.978405,Dubai-fde9,-7,55,Normal
2026-02-08 16:05:25.978405,Dubai-fde9,29,21,Normal
2026-02-08 16:05:26.978405,Dubai-fde9,19,100,Normal
2026-02-08 16:05:27.978405,Dubai-fde9,-20,89,Normal
2026-02-08 16:05:28.978405,Dubai-fde9,22,50,Normal
2026-02-08 16:05:29.978405,Dubai-fde9,-12,95,Normal
2026-02-08 16:05:30.978405,Dubai-fde9,20,26,Normal
2026-02-08 16:05:31.978405,Dubai-fde9,-10,13,Normal
2026-02-08 16:05:32.978405,Dubai-fde9,35,21,Normal
2026-02-08 16:05:33.978405,Dubai-fde9,-22,31,Normal
2026-02-08 16:05:34.978405,Dubai-fde9,-11,69,Normal
2026-02-08 16:05:35.978405,Dubai-fde9,-14,51,Normal
2026-02-08 16:05:36.978405,Dubai-fde9,35,61,Normal
2026-02-08 16:05:37.978405,Dubai-fde9,2,73,Normal
2026-02-08 16:05:38.978405,Dubai-fde9,46,55,Normal
2026-02-08 16:05:39.978405,Dubai-fde9,-6,79,Normal
2026-02-08 16:05:40.978405,Dubai-fde9,-7,20,Normal
2026-02-08 16:05:41.978405,Dubai-fde9,-2,69,Normal
2026-02-08 16:05:42.978405,Dubai-fde9,18,64,Normal
2026-02-08 16:05:43.978405,Dubai-fde9,-21,77,Normal
2026-02-08 16:05:44.978405,Dubai-fde9,3,52,Normal
2026-02-08 16:05:45.978405,Dubai-fde9,23,52,Normal
2026-02-08 16:05:46.978405,Dubai-fde9,16,76,Normal
2026-02-08 16:05:47.978405,Dubai-fde9,33,24,Normal
2026-02-08 16:05:48.978405,Dubai-fde9,-21,56,Normal
2026-02-08 16:05:49.978405,Dubai-fde9,15,98,Normal
2026-02-08 16:05:50.978405,Dubai-fde9,-14,47,Normal
2026-02-08 16:05:51.978405,Dubai-fde9,-23,80,Normal
2026-02-08 16:05:52.978405,Dubai-fde9,-15,6,Normal
2026-02-08 16:05:53.978405,Dubai-fde9,3,41,Normal
2026-02-08 16:05:54.978405,Dubai-fde9,32,89,Normal
2026-02-08 16:05:55.978405,Dubai-fde9,-6,76,Normal
2026-02-08 16:05:56.978405,Dubai-fde9,0,21,Normal
2026-02-08 16:05:57.978405,Dubai-fde9,-26,43,Normal
2026-02-08 16:05:58.978405,Dubai-fde9,-30,25,Normal
2026-02-08 16:05:59.978405,Dubai-fde9,27,83,Normal
2026-02-08 16:06:00.978405,Dubai-fde9,-30,3,Normal
2026-02-08 16:06:01.978405,Dubai-fde9,-10,98,Normal
2026-02-08 16:06:02.978405,Dubai-fde9,38,46,Normal
2026-02-08 16:06:03.978405,Dubai-fde9,35,82,Normal
2026-02-08 16:06:04.978405,Dubai-fde9,-28,92,Normal
2026-02-08 16:06:05.978405,Dubai-fde9,-12,99,Normal
2026-02-08 16:06:06.978405,Dubai-fde9,37,78,Normal
2026-02-08 16:06:07.978405,Dubai-fde9,-19,21,Normal
2026-02-08 16:06:08.978405,Dubai-fde9,-18,36,Normal
2026-02-08 16:06:09.978405,Dubai-fde9,18,88,Normal
2026-02-08 16:06:10.978405,Dubai-fde9,-14,1,Normal
2026-02-08 16:06:11.978405,Dubai-fde9,37,31,Normal
2026-02-08 16:06:12.978405,Dubai-fde9,16,27,Normal
2026-02-08 16:06:13.978405,Dubai-fde9,-29,60,Normal
2026-02-08 16:06:14.978405,Dubai-fde9,-15,88,Normal
2026-02-08 16:06:15.978405,Dubai-fde9,-8,36,Normal
2026-02-08 16:06:16.978405,Dubai-fde9,19,29,Normal
2026-02-08 16:06:17.978405,Dubai-fde9,-23,99,Normal
2026-02-08 16:06:18.978405,Dubai-fde9,-30,49,Normal
2026-02-08 16:06:19.978405,Dubai-fde9,38,71,Normal
2026-02-08 16:06:20.978405,Dubai-fde9,42,63,Normal
2026-02-08 16:06:21.978405,Dubai-fde9,-3,57,Normal
2026-02-08 16:06:22.978405,Dubai-fde9,3,75,Normal
2026-02-08 16:06:23.978405,Dubai-fde9,30,53,Normal
2026-02-08 16:06:24.978405,Dubai-fde9,2,97,Normal
2026-02-08 16:06:25.978405,Dubai-fde9,-21,46,Normal
2026-02-08 16:06:26.978405,Dubai-fde9,48,59,Normal
2026-02-08 16:06:27.978405,Dubai-fde9,46,21,Normal
2026-02-08 16:06:28.978405,Dubai-fde9,-8,29,Normal
2026-02-08 16:06:29.978405,Dubai-fde9,-25,9,Normal
2026-02-08 16:06:30.978405,Dubai-fde9,17,78,Normal
2026-02-08 16:06:31.978405,Dubai-fde9,-19,82,Normal
2026-02-08 16:06:32.978405,Dubai-fde9,4,10,Normal
2026-02-08 16:06:33.978405,Dubai-fde9,50,92,Normal
2026-02-08 16:06:34.978405,Dubai-fde9,19,14,Normal
2026-02-08 16:06:35.978405,Dubai-fde9,0,17,Normal
2026-02-08 16:06:36.978405,Dubai-fde9,-10,79,Normal
2026-02-08 16:06:37.978405,Dubai-fde9,-24,78,Normal
2026-02-08 16:06:38.978405,Dubai-fde9,-12,40,Normal
2026-02-08 16:06:39.978405,Dubai-fde9,-16,85,Normal
2026-02-08 16:06:40.978405,Dubai-fde9,-5,46,Normal
2026-02-08 16:06:41.978405,Dubai-fde9,-20,51,Normal
2026-02-08 16:06:42.978405,Dubai-fde9,-8,43,Normal
2026-02-08 16:06:43.978405,Dubai-fde9,-1,15,Normal
2026-02-08 16:06:44.978405,Dubai-fde9,-24,8,Normal
2026-02-08 16:06:45.978405,Dubai-fde9,-1,14,Normal
2026-02-08 16:06:46.978405,Dubai-fde9,2,72,Normal
2026-02-08 16:06:47.978405,Dubai-fde9,-30,10,Normal
2026-02-08 16:06:48.978405,Dubai-fde9,40,71,Normal
2026-02-08 16:06:49.978405,Dubai-fde9,48,56,Normal
2026-02-08 16:06:50.978405,Dubai-fde9,26,10,Normal
2026-02-08 16:06:51.978405,Dubai-fde9,-6,78,Normal
2026-02-08 16:06:52.978405,Dubai-fde9,-8,49,Normal
2026-02-08 16:06:53.978405,Dubai-fde9,-22,20,Normal
2026-02-08 16:06:54.978405,Dubai-fde9,36,63,Normal
2026-02-08 16:06:55.978405,Dubai-fde9,-16,79,Normal
2026-02-08 16:06:56.978405,Dubai-fde9,13,78,Normal
2026-02-08 16:06:57.978405,Dubai-fde9,-16,99,Normal
2026-02-08 16:06:58.978405,Dubai-fde9,26,54,Normal
2026-02-08 16:06:59.978405,Dubai-fde9,7,25,Normal
2026-02-08 16:07:00.978405,Dubai-fde9,26,60,Normal
2026-02-08 16:07:01.978405,Dubai-fde9,13,31,Normal
2026-02-08 16:07:02.978405,Dubai-fde9,20,90,Normal
2026-02-08 16:07:03.978405,Dubai-fde9,35,50,Normal
2026-02-08 16:07:04.978405,Dubai-fde9,-10,18,Normal
2026-02-08 16:07:05.978405,Dubai-fde9,20,42,Normal
2026-02-08 16:07:06.978405,Dubai-fde9,38,69,Normal
2026-02-08 16:07:07.978405,Dubai-fde9,46,51,Normal
2026-02-08 16:07:08.978405,Dubai-fde9,9,83,Normal
2026-02-08 16:07:09.978405,Dubai-fde9,26,24,Normal
2026-02-08 16:07:10.978405,Dubai-fde9,-9,30,Normal
2026-02-08 16:07:11.978405,Dubai-fde9,49,78,Normal
2026-02-08 16:07:12.978405,Dubai-fde9,30,17,Normal
2026-02-08 16:07:13.978405,Dubai-fde9,4,91,Normal
2026-02-08 16:07:14.978405,Dubai-fde9,20,83,Normal
2026-02-08 16:07:15.978405,Dubai-fde9,12,8,Normal
2026-02-08 16:07:16.978405,Dubai-fde9,24,95,Normal
2026-02-08 16:07:17.978405,Dubai-fde9,22,92,Normal
2026-02-08 16:07:18.978405,Dubai-fde9,-20,24,Normal
2026-02-08 16:07:19.978405,Dubai-fde9,46,62,Normal
2026-02-08 16:07:20.978405,Dubai-fde9,20,24,Normal
2026-02-08 16:07:21.978405,Dubai-fde9,-27,72,Normal
2026-02-08 16:07:22.978405,Dubai-fde9,50,96,Normal
2026-02-08 16:07:23.978405,Dubai-fde9,42,46,Normal
2026-02-08 16:07:24.978405,Dubai-fde9,48,16,Normal
2026-02-08 16:07:25.978405,Dubai-fde9,-4,86,Normal
2026-02-08 16:07:26.978405,Dubai-fde9,-15,48,Normal
2026-02-08 16:07:27.978405,Dubai-fde9,-18,78,Normal
2026-02-08 16:07:28.978405,Dubai-fde9,26,40,Normal
2026-02-08 16:07:29.978405,Dubai-fde9,-22,76,Normal
2026-02-08 16:07:30.978405,Dubai-fde9,40,9,Normal
2026-02-08 16:07:31.978405,Dubai-fde9,-4,58,Normal
2026-02-08 16:07:32.978405,Dubai-fde9,28,60,Normal
2026-02-08 16:07:33.978405,Dubai-fde9,36,67,Normal
2026-02-08 16:07:34.978405,Dubai-fde9,39,26,Normal
2026-02-08 16:07:35.978405,Dubai-fde9,-5,24,Normal
2026-02-08 16:07:36.978405,Dubai-fde9,1,94,Normal
2026-02-08 16:07:37.978405,Dubai-fde9,38,97,Normal
2026-02-08 16:07:38.978405,Dubai-fde9,30,2,Normal
2026-02-08 16:07:39.978405,Dubai-fde9,40,65,Normal
2026-02-08 16:07:40.978405,Dubai-fde9,14,98,Normal
2026-02-08 16:07:41.978405,Dubai-fde9,-2,80,Normal
2026-02-08 16:07:42.978405,Dubai-fde9,15,86,Normal
2026-02-08 16:07:43.978405,Dubai-fde9,33,7,Normal
2026-02-08 16:07:44.978405,Dubai-fde9,15,80,Normal
2026-02-08 16:07:45.978405,Dubai-fde9,46,0,Normal
2026-02-08 16:07:46.978405,Dubai-fde9,36,41,Normal
2026-02-08 16:07:47.978405,Dubai-fde9,-16,90,Normal
2026-02-08 16:07:48.978405,Dubai-fde9,44,2,Normal
2026-02-08 16:07:49.978405,Dubai-fde9,4,39,Normal
2026-02-08 16:07:50.978405,Dubai-fde9,-27,26,Normal
2026-02-08 16:07:51.978405,Dubai-fde9,-27,75,Normal
2026-02-08 16:07:52.978405,Dubai-fde9,-12,96,Normal
2026-02-08 16:07:53.978405,Dubai-fde9,19,19,Normal
2026-02-08 16:07:54.978405,Dubai-fde9,16,95,Normal
2026-02-08 16:07:55.978405,Dubai-fde9,27,32,Normal
2026-02-08 16:07:56.978405,Dubai-fde9,29,19,Normal
2026-02-08 16:07:57.978405,Dubai-fde9,46,78,Normal
2026-02-08 16:07:58.978405,Dubai-fde9,-28,83,Normal
2026-02-08 16:07:59.978405,Dubai-fde9,16,76,Normal
2026-02-08 16:08:00.978405,Dubai-fde9,32,32,Normal
2026-02-08 16:08:01.978405,Dubai-fde9,16,59,Normal
2026-02-08 16:08:02.978405,Dubai-fde9,12,2,Normal
2026-02-08 16:08:03.978405,Dubai-fde9,38,78,Normal
2026-02-08 16:08:04.978405,Dubai-fde9,44,93,Normal
2026-02-08 16:08:05.978405,Dubai-fde9,46,65,Normal
2026-02-08 16:08:06.978405,Dubai-fde9,-29,97,Normal
2026-02-08 16:08:07.978405,Dubai-fde9,46,79,Normal
2026-02-08 16:08:08.978405,Dubai-fde9,19,84,Normal
2026-02-08 16:08:09.978405,Dubai-fde9,32,97,Normal
2026-02-08 16:08:10.978405,Dubai-fde9,-13,67,Normal
2026-02-08 16:08:11.978405,Dubai-fde9,45,44,Normal
2026-02-08 16:08:12.978405,Dubai-fde9,-14,75,Normal
2026-02-08 16:08:13.978405,Dubai-fde9,-17,8,Normal
2026-02-08 16:08:14.978405,Dubai-fde9,15,48,Normal
2026-02-08 16:08:15.978405,Dubai-fde9,37,36,Normal
2026-02-08 16:08:16.978405,Dubai-fde9,24,83,Normal
2026-02-08 16:08:17.978405,Dubai-fde9,4,2,Normal
2026-02-08 16:08:18.978405,Dubai-fde9,-11,61,Normal
2026-02-08 16:08:19.978405,Dubai-fde9,-28,49,Normal
2026-02-08 16:08:20.978405,Dubai-fde9,25,22,Normal
2026-02-08 16:08:21.978405,Dubai-fde9,43,43,Normal
2026-02-08 16:08:22.978405,Dubai-fde9,16,92,Normal
2026-02-08 16:08:23.978405,Dubai-fde9,15,41,Normal
2026-02-08 16:08:24.978405,Dubai-fde9,32,37,Normal
2026-02-08 16:08:25.978405,Dubai-fde9,9,96,Normal
2026-02-08 16:08:26.978405,Dubai-fde9,1,74,Normal
2026-02-08 16:08:27.978405,Dubai-fde9,-20,59,Normal
2026-02-08 16:08:28.978405,Dubai-fde9,22,70,Normal
2026-02-08 16:08:29.978405,Dubai-fde9,45,81,Normal
2026-02-08 16:08:30.978405,Dubai-fde9,8,36,Normal
2026-02-08 16:08:31.978405,Dubai-fde9,-17,6,Normal
2026-02-08 16:08:32.978405,Dubai-fde9,2,77,Normal
2026-02-08 16:08:33.978405,Dubai-fde9,44,58,Normal
2026-02-08 16:08:34.978405,Dubai-fde9,26,21,Normal
2026-02-08 16:08:35.978405,Dubai-fde9,1,37,Normal
2026-02-08 16:08:36.978405,Dubai-fde9,12,38,Normal
2026-02-08 16:08:37.978405,Dubai-fde9,28,84,Normal
2026-02-08 16:08:38.978405,Dubai-fde9,20,96,Normal
2026-02-08 16:08:39.978405,Dubai-fde9,22,49,Normal
2026-02-08 16:08:40.978405,Dubai-fde9,5,70,Normal
2026-02-08 16:08:41.978405,Dubai-fde9,38,89,Normal
2026-02-08 16:08:42.978405,Dubai-fde9,-30,51,Normal
2026-02-08 16:08:43.978405,Dubai-fde9,11,54,Normal
2026-02-08 16:08:44.978405,Dubai-fde9,29,40,Normal
2026-02-08 16:08:45.978405,Dubai-fde9,13,40,Normal
2026-02-08 16:08:46.978405,Dubai-fde9,26,56,Normal
2026-02-08 16:08:47.978405,Dubai-fde9,12,82,Normal
2026-02-08 16:08:48.978405,Dubai-fde9,13,54,Normal
2026-02-08 16:08:49.978405,Dubai-fde9,-12,52,Normal
2026-02-08 16:08:50.978405,Dubai-fde9,-5,59,Normal
2026-02-08 16:08:51.978405,Dubai-fde9,8,80,Normal
2026-02-08 16:08:52.978405,Dubai-fde9,-28,51,Normal
2026-02-08 16:08:53.978405,Dubai-fde9,14,70,Normal
2026-02-08 16:08:54.978405,Dubai-fde9,10,45,Normal
2026-02-08 16:08:55.978405,Dubai-fde9,1,25,Normal
2026-02-08 16:08:56.978405,Dubai-fde9,19,56,Normal
2026-02-08 16:08:57.978405,Dubai-fde9,-10,83,Normal
2026-02-08 16:08:58.978405,Dubai-fde9,30,90,Normal
2026-02-08 16:08:59.978405,Dubai-fde9,-1,6,Normal
2026-02-08 16:09:00.978405,Dubai-fde9,19,5,Normal
2026-02-08 16:09:01.978405,Dubai-fde9,10,50,Normal
2026-02-08 16:09:02.978405,Dubai-fde9,37,92,Normal
2026-02-08 16:09:03.978405,Dubai-fde9,-8,6,Normal
2026-02-08 16:09:04.978405,Dubai-fde9,28,36,Normal
2026-02-08 16:09:05.978405,Dubai-fde9,28,56,Normal
2026-02-08 16:09:06.978405,Dubai-fde9,-24,89,Normal
2026-02-08 16:09:07.978405,Dubai-fde9,38,42,Normal
2026-02-08 16:09:08.978405,Dubai-fde9,11,37,Normal
2026-02-08 16:09:09.978405,Dubai-fde9,22,21,Normal
2026-02-08 16:09:10.978405,Dubai-fde9,32,51,Normal
2026-02-08 16:09:11.978405,Dubai-fde9,-16,3,Normal
2026-02-08 16:09:12.978405,Dubai-fde9,-20,3,Normal
2026-02-08 16:09:13.978405,Dubai-fde9,27,44,Normal
2026-02-08 16:09:14.978405,Dubai-fde9,48,45,Normal
2026-02-08 16:09:15.978405,Dubai-fde9,29,57,Normal
2026-02-08 16:09:16.978405,Dubai-fde9,13,56,Normal
2026-02-08 16:09:17.978405,Dubai-fde9,33,86,Normal
2026-02-08 16:09:18.978405,Dubai-fde9,1,84,Normal
2026-02-08 16:09:19.978405,Dubai-fde9,-10,60,Normal
2026-02-08 16:09:20.978405,Dubai-fde9,34,98,Normal
2026-02-08 16:09:21.978405,Dubai-fde9,-26,60,Normal
2026-02-08 16:09:22.978405,Dubai-fde9,30,35,Normal
2026-02-08 16:09:23.978405,Dubai-fde9,33,36,Normal
2026-02-08 16:09:24.978405,Dubai-fde9,19,27,Normal
2026-02-08 16:09:25.978405,Dubai-fde9,32,36,Normal
2026-02-08 16:09:26.978405,Dubai-fde9,-27,57,Normal
2026-02-08 16:09:27.978405,Dubai-fde9,47,87,Normal
2026-02-08 16:09:28.978405,Dubai-fde9,-28,27,Normal
2026-02-08 16:09:29.978405,Dubai-fde9,-10,5,Normal
2026-02-08 16:09:30.978405,Dubai-fde9,-9,27,Normal
2026-02-08 16:09:31.978405,Dubai-fde9,17,84,Normal
2026-02-08 16:09:32.978405,Dubai-fde9,12,81,Normal
2026-02-08 16:09:33.978405,Dubai-fde9,-27,18,Normal
2026-02-08 16:09:34.978405,Dubai-fde9,-17,95,Normal
2026-02-08 16:09:35.978405,Dubai-fde9,-11,67,Normal
2026-02-08 16:09:36.978405,Dubai-fde9,25,82,Normal
2026-02-08 16:09:37.978405,Dubai-fde9,13,43,Normal
2026-02-08 16:09:38.978405,Dubai-fde9,11,90,Normal
2026-02-08 16:09:39.978405,Dubai-fde9,7,6,Normal
2026-02-08 16:09:40.978405,Dubai-fde9,25,6,Normal
2026-02-08 16:09:41.978405,Dubai-fde9,33,64,Normal
2026-02-08 16:09:42.978405,Dubai-fde9,17,79,Normal
2026-02-08 16:09:43.978405,Dubai-fde9,16,40,Normal
2026-02-08 16:09:44.978405,Dubai-fde9,-12,32,Normal
2026-02-08 16:09:45.978405,Dubai-fde9,4,75,Normal
2026-02-08 16:09:46.978405,Dubai-fde9,7,94,Normal
2026-02-08 16:09:47.978405,Dubai-fde9,3,45,Normal
2026-02-08 16:09:48.978405,Dubai-fde9,40,32,Normal
2026-02-08 16:09:49.978405,Dubai-fde9,11,10,Normal
2026-02-08 16:09:50.978405,Dubai-fde9,41,5,Normal
2026-02-08 16:09:51.978405,Dubai-fde9,-30,28,Normal
2026-02-08 16:09:52.978405,Dubai-fde9,17,100,Normal
2026-02-08 16:09:53.978405,Dubai-fde9,34,2,Normal
2026-02-08 16:09:54.978405,Dubai-fde9,-11,25,Normal
2026-02-08 16:09:55.978405,Dubai-fde9,3,41,Normal
2026-02-08 16:09:56.978405,Dubai-fde9,20,100,Normal
2026-02-08 16:09:57.978405,Dubai-fde9,5,29,Normal
2026-02-08 16:09:58.978405,Dubai-fde9,-24,74,Normal
2026-02-08 16:09:59.978405,Dubai-fde9,30,85,Normal
2026-02-08 16:10:00.978405,Dubai-fde9,11,5,Normal
2026-02-08 16:10:01.978405,Dubai-fde9,-6,76,Normal
2026-02-08 16:10:02.978405,Dubai-fde9,29,26,Normal
2026-02-08 16:10:03.978405,Dubai-fde9,-23,63,Normal
2026-02-08 16:10:04.978405,Dubai-fde9,-3,73,Normal
2026-02-08 16:10:05.978405,Dubai-fde9,-24,40,Normal
2026-02-08 16:10:06.978405,Dubai-fde9,-6,33,Normal
2026-02-08 16:10:07.978405,Dubai-fde9,-6,100,Normal
2026-02-08 16:10:08.978405,Dubai-fde9,32,67,Normal
2026-02-08 16:10:09.978405,Dubai-fde9,1,24,Normal
2026-02-08 16:10:10.978405,Dubai-fde9,-26,86,Normal
2026-02-08 16:10:11.978405,Dubai-fde9,-3,42,Normal
2026-02-08 16:10:12.978405,Dubai-fde9,7,99,Normal
2026-02-08 16:10:13.978405,Dubai-fde9,-30,83,Normal
2026-02-08 16:10:14.978405,Dubai-fde9,38,73,Normal
2026-02-08 16:10:15.978405,Dubai-fde9,20,1,Normal
2026-02-08 16:10:16.978405,Dubai-fde9,-2,52,Normal
2026-02-08 16:10:17.978405,Dubai-fde9,-26,16,Normal
2026-02-08 16:10:18.978405,Dubai-fde9,-4,15,Normal
2026-02-08 16:10:19.978405,Dubai-fde9,-22,81,Normal
2026-02-08 16:10:20.978405,Dubai-fde9,21,80,Normal
2026-02-08 16:10:21.978405,Dubai-fde9,29,17,Normal
2026-02-08 16:10:22.978405,Dubai-fde9,25,68,Normal
2026-02-08 16:10:23.978405,Dubai-fde9,8,57,Normal
2026-02-08 16:10:24.978405,Dubai-fde9,30,24,Normal
2026-02-08 16:10:25.978405,Dubai-fde9,-9,82,Normal
2026-02-08 16:10:26.978405,Dubai-fde9,33,85,Normal
2026-02-08 16:10:27.978405,Dubai-fde9,-17,48,Normal
2026-02-08 16:10:28.978405,Dubai-fde9,-6,86,Normal
2026-02-08 16:10:29.978405,Dubai-fde9,-17,22,Normal
2026-02-08 16:10:30.978405,Dubai-fde9,-12,37,Normal
2026-02-08 16:10:31.978405,Dubai-fde9,12,65,Normal
2026-02-08 16:10:32.978405,Dubai-fde9,36,14,Normal
2026-02-08 16:10:33.978405,Dubai-fde9,25,20,Normal
2026-02-08 16:10:34.978405,Dubai-fde9,-16,58,Normal
2026-02-08 16:10:35.978405,Dubai-fde9,7,89,Normal
2026-02-08 16:10:36.978405,Dubai-fde9,38,91,Normal
2026-02-08 16:10:37.978405,Dubai-fde9,-9,48,Normal
2026-02-08 16:10:38.978405,Dubai-fde9,-8,98,Normal
2026-02-08 16:10:39.978405,Dubai-fde9,17,9,Normal
2026-02-08 16:10:40.978405,Dubai-fde9,19,4,Normal
2026-02-08 16:10:41.978405,Dubai-fde9,-1,96,Normal
2026-02-08 16:10:42.978405,Dubai-fde9,35,43,Normal
2026-02-08 16:10:43.978405,Dubai-fde9,-6,99,Normal
2026-02-08 16:10:44.978405,Dubai-fde9,-4,52,Normal
2026-02-08 16:10:45.978405,Dubai-fde9,38,49,Normal
2026-02-08 16:10:46.978405,Dubai-fde9,31,5,Normal
2026-02-08 16:10:47.978405,Dubai-fde9,24,51,Normal
2026-02-08 16:10:48.978405,Dubai-fde9,-4,45,Normal
2026-02-08 16:10:49.978405,Dubai-fde9,40,89,Normal
2026-02-08 16:10:50.978405,Dubai-fde9,37,14,Normal
2026-02-08 16:10:51.978405,Dubai-fde9,-16,63,Normal
2026-02-08 16:10:52.978405,Dubai-fde9,11,38,Normal
2026-02-08 16:10:53.978405,Dubai-fde9,8,64,Normal
2026-02-08 16:10:54.978405,Dubai-fde9,13,76,Normal
2026-02-08 16:10:55.978405,Dubai-fde9,17,38,Normal
2026-02-08 16:10:56.978405,Dubai-fde9,30,23,Normal
2026-02-08 16:10:57.978405,Dubai-fde9,1,8,Normal
2026-02-08 16:10:58.978405,Dubai-fde9,8,1,Normal
2026-02-08 16:10:59.978405,Dubai-fde9,-16,0,Normal
2026-02-08 16:11:00.978405,Dubai-fde9,-28,60,Normal
2026-02-08 16:11:01.978405,Dubai-fde9,8,16,Normal
2026-02-08 16:11:02.978405,Dubai-fde9,38,41,Normal
2026-02-08 16:11:03.978405,Dubai-fde9,9,31,Normal
2026-02-08 16:11:04.978405,Dubai-fde9,40,38,Normal
2026-02-08 16:11:05.978405,Dubai-fde9,8,96,Normal
2026-02-08 16:11:06.978405,Dubai-fde9,-26,27,Normal
2026-02-08 16:11:07.978405,Dubai-fde9,2,47,Normal
2026-02-08 16:11:08.978405,Dubai-fde9,6,94,Normal
2026-02-08 16:11:09.978405,Dubai-fde9,14,73,Normal
2026-02-08 16:11:10.978405,Dubai-fde9,8,44,Normal
2026-02-08 16:11:11.978405,Dubai-fde9,1,57,Normal
2026-02-08 16:11:12.978405,Dubai-fde9,5,49,Normal
2026-02-08 16:11:13.978405,Dubai-fde9,-1,34,Normal
2026-02-08 16:11:14.978405,Dubai-fde9,49,39,Normal
2026-02-08 16:11:15.978405,Dubai-fde9,-28,58,Normal
2026-02-08 16:11:16.978405,Dubai-fde9,9,17,Normal
2026-02-08 16:11:17.978405,Dubai-fde9,-1,28,Normal
2026-02-08 16:11:18.978405,Dubai-fde9,25,93,Normal
2026-02-08 16:11:19.978405,Dubai-fde9,-8,68,Normal
2026-02-08 16:11:20.978405,Dubai-fde9,41,56,Normal
2026-02-08 16:11:21.978405,Dubai-fde9,37,85,Normal
2026-02-08 16:11:22.978405,Dubai-fde9,21,9,Normal
2026-02-08 16:11:23.978405,Dubai-fde9,5,96,Normal
2026-02-08 16:11:24.978405,Dubai-fde9,-13,0,Normal
2026-02-08 16:11:25.978405,Dubai-fde9,-7,78,Normal
2026-02-08 16:11:26.978405,Dubai-fde9,8,81,Normal
2026-02-08 16:11:27.978405,Dubai-fde9,40,85,Normal
2026-02-08 16:11:28.978405,Dubai-fde9,2,97,Normal
2026-02-08 16:11:29.978405,Dubai-fde9,42,68,Normal
2026-02-08 16:11:30.978405,Dubai-fde9,15,4,Normal
2026-02-08 16:11:31.978405,Dubai-fde9,-14,96,Normal
2026-02-08 16:11:32.978405,Dubai-fde9,0,91,Normal
2026-02-08 16:11:33.978405,Dubai-fde9,13,16,Normal
2026-02-08 16:11:34.978405,Dubai-fde9,-19,69,Normal
2026-02-08 16:11:35.978405,Dubai-fde9,0,29,Normal
2026-02-08 16:11:36.978405,Dubai-fde9,39,61,Normal
2026-02-08 16:11:37.978405,Dubai-fde9,-23,52,Normal
2026-02-08 16:11:38.978405,Dubai-fde9,49,7,Normal
