timestamp,station_id,temp,humid,condition
2026-02-08 10:39:01.198294,Toronto-9e14,-15,75,Normal
2026-02-08 10:39:02.198294,Toronto-9e14,31,47,Normal
2026-02-08 10:39:03.198294,Toronto-9e14,-21,33,Normal
2026-02-08 10:39:04.198294,Toronto-9e14,-20,73,Normal
2026-02-08 10:39:05.198294,Toronto-9e14,-13,38,Normal
2026-02-08 10:39:06.198294,Toronto-9e14,47,30,Normal
2026-02-08 10:39:07.198294,Toronto-9e14,39,13,Normal
2026-02-08 10:39:08.198294,Toronto-9e14,18,95,Normal
2026-02-08 10:39:09.198294,Toronto-9e14,-20,55,Normal
2026-02-08 10:39:10.198294,Toronto-9e14,47,5,Normal
2026-02-08 10:39:11.198294,Toronto-9e14,-14,48,Normal
2026-02-08 10:39:12.198294,Toronto-9e14,35,100,Normal
2026-02-08 10:39:13.198294,Toronto-9e14,-23,11,Normal
2026-02-08 10:39:14.198294,Toronto-9e14,-30,45,Normal
2026-02-08 10:39:15.198294,Toronto-9e14,-1,77,Normal
2026-02-08 10:39:16.198294,Toronto-9e14,-19,50,Normal
2026-02-08 10:39:17.198294,Toronto-9e14,37,46,Normal
2026-02-08 10:39:18.198294,Toronto-9e14,44,61,Normal
2026-02-08 10:39:19.198294,Toronto-9e14,-10,83,Normal
2026-02-08 10:39:20.198294,Toronto-9e14,13,36,Normal
2026-02-08 10:39:21.198294,Toronto-9e14,18,59,Normal
2026-02-08 10:39:22.198294,Toronto-9e14,-26,63,Normal
2026-02-08 10:39:23.198294,Toronto-9e14,-24,75,Normal
2026-02-08 10:39:24.198294,Toronto-9e14,-20,78,Normal
2026-02-08 10:39:25.198294,Toronto-9e14,-17,28,Normal
2026-02-08 10:39:26.198294,Toronto-9e14,-4,32,Normal
2026-02-08 10:39:27.198294,Toronto-9e14,36,27,Normal
2026-02-08 10:39:28.198294,Toronto-9e14,-4,76,Normal
2026-02-08 10:39:29.198294,Toronto-9e14,35,81,Normal
2026-02-08 10:39:30.198294,Toronto-9e14,-23,55,Normal
2026-02-08 10:39:31.198294,Toronto-9e14,37,68,Normal
2026-02-08 10:39:32.198294,Toronto-9e14,38,69,Normal
2026-02-08 10:39:33.198294,Toronto-9e14,-1,97,Normal
2026-02-08 10:39:34.198294,Toronto-9e14,33,23,Normal
2026-02-08 10:39:35.198294,Toronto-9e14,-20,1,Normal
2026-02-08 10:39:36.198294,Toronto-9e14,17,16,Normal
2026-02-08 10:39:37.198294,Toronto-9e14,-25,24,Normal
2026-02-08 10:39:38.198294,Toronto-9e14,30,79,Normal
2026-02-08 10:39:39.198294,Toronto-9e14,-26,82,Normal
2026-02-08 10:39:40.198294,Toronto-9e14,-19,23,Normal
2026-02-08 10:39:41.198294,Toronto-9e14,22,46,Normal
2026-02-08 10:39:42.198294,Toronto-9e14,14,20,Normal
2026-02-08 10:39:43.198294,Toronto-9e14,-13,10,Normal
2026-02-08 10:39:44.198294,Toronto-9e14,-5,77,Normal
2026-02-08 10:39:45.198294,Toronto-9e14,17,20,Normal
2026-02-08 10:39:46.198294,Toronto-9e14,12,99,Normal
2026-02-08 10:39:47.198294,Toronto-9e14,-6,43,Normal
2026-02-08 10:39:48.198294,Toronto-9e14,39,63,Normal
2026-02-08 10:39:49.198294,Toronto-9e14,-24,74,Normal
2026-02-08 10:39:50.198294,Toronto-9e14,5,68,Normal
2026-02-08 10:39:51.198294,Toronto-9e14,-26,47,Normal
2026-02-08 10:39:52.198294,Toronto-9e14,16,58,Normal
2026-02-08 10:39:53.198294,Toronto-9e14,28,30,Normal
2026-02-08 10:39:54.198294,Toronto-9e14,5,14,Normal
2026-02-08 10:39:55.198294,Toronto-9e14,47,31,Normal
2026-02-08 10:39:56.198294,Toronto-9e14,-29,62,Normal
2026-02-08 10:39:57.198294,Toronto-9e14,-5,32,Normal
2026-02-08 10:39:58.198294,Toronto-9e14,2,16,Normal
2026-02-08 10:39:59.198294,Toronto-9e14,40,15,Normal
2026-02-08 10:40:00.198294,Toronto-9e14,-1,65,Normal
2026-02-08 10:40:01.198294,Toronto-9e14,2,71,Normal
2026-02-08 10:40:02.198294,Toronto-9e14,5,76,Normal
2026-02-08 10:40:03.198294,Toronto-9e14,42,6,Normal
2026-02-08 10:40:04.198294,Toronto-9e14,-17,23,Normal
2026-02-08 10:40:05.198294,Toronto-9e14,-24,51,Normal
2026-02-08 10:40:06.198294,Toronto-9e14,12,74,Normal
2026-02-08 10:40:07.198294,Toronto-9e14,3,46,Normal
2026-02-08 10:40:08.198294,Toronto-9e14,16,3,Normal
2026-02-08 10:40:09.198294,Toronto-9e14,19,75,Normal
2026-02-08 10:40:10.198294,Toronto-9e14,-7,15,Normal
2026-02-08 10:40:11.198294,Toronto-9e14,1,58,Normal
2026-02-08 10:40:12.198294,Toronto-9e14,13,22,Normal
2026-02-08 10:40:13.198294,Toronto-9e14,-10,34,Normal
2026-02-08 10:40:14.198294,Toronto-9e14,-19,11,Normal
2026-02-08 10:40:15.198294,Toronto-9e14,23,77,Normal
2026-02-08 10:40:16.198294,Toronto-9e14,-14,43,Normal
2026-02-08 10:40:17.198294,Toronto-9e14,45,55,Normal
2026-02-08 10:40:18.198294,Toronto-9e14,3,79,Normal
2026-02-08 10:40:19.198294,Toronto-9e14,23,84,Normal
2026-02-08 10:40:20.198294,Toronto-9e14,-6,7,Normal
2026-02-08 10:40:21.198294,Toronto-9e14,6,42,Normal
2026-02-08 10:40:22.198294,Toronto-9e14,-17,79,Normal
2026-02-08 10:40:23.198294,Toronto-9e14,49,76,Normal
2026-02-08 10:40:24.198294,Toronto-9e14,36,100,Normal
2026-02-08 10:40:25.198294,Toronto-9e14,-25,28,Normal
2026-02-08 10:40:26.198294,Toronto-9e14,28,72,Normal
2026-02-08 10:40:27.198294,Toronto-9e14,-11,29,Normal
2026-02-08 10:40:28.198294,Toronto-9e14,50,80,Normal
2026-02-08 10:40:29.198294,Toronto-9e14,-16,51,Normal
2026-02-08 10:40:30.198294,Toronto-9e14,44,100,Normal
2026-02-08 10:40:31.198294,Toronto-9e14,33,88,Normal
2026-02-08 10:40:32.198294,Toronto-9e14,34,69,Normal
2026-02-08 10:40:33.198294,Toronto-9e14,49,11,Normal
2026-02-08 10:40:34.198294,Toronto-9e14,-4,74,Normal
2026-02-08 10:40:35.198294,Toronto-9e14,-25,48,Normal
2026-02-08 10:40:36.198294,Toronto-9e14,27,19,Normal
2026-02-08 10:40:37.198294,Toronto-9e14,-29,6,Normal
2026-02-08 10:40:38.198294,Toronto-9e14,15,35,Normal
2026-02-08 10:40:39.198294,Toronto-9e14,30,86,Normal
2026-02-08 10:40:40.198294,Toronto-9e14,5,29,Normal
2026-02-08 10:40:41.198294,Toronto-9e14,15,19,Normal
2026-02-08 10:40:42.198294,Toronto-9e14,-5,93,Normal
2026-02-08 10:40:43.198294,Toronto-9e14,24,62,Normal
2026-02-08 10:40:44.198294,Toronto-9e14,37,99,Normal
2026-02-08 10:40:45.198294,Toronto-9e14,-7,31,Normal
2026-02-08 10:40:46.198294,Toronto-9e14,38,58,Normal
2026-02-08 10:40:47.198294,Toronto-9e14,32,13,Normal
2026-02-08 10:40:48.198294,Toronto-9e14,-5,47,Normal
2026-02-08 10:40:49.198294,Toronto-9e14,-16,9,Normal
2026-02-08 10:40:50.198294,Toronto-9e14,50,46,Normal
2026-02-08 10:40:51.198294,Toronto-9e14,13,96,Normal
2026-02-08 10:40:52.198294,Toronto-9e14,26,96,Normal
2026-02-08 10:40:53.198294,Toronto-9e14,8,18,Normal
2026-02-08 10:40:54.198294,Toronto-9e14,35,80,Normal
2026-02-08 10:40:55.198294,Toronto-9e14,34,46,Normal
2026-02-08 10:40:56.198294,Toronto-9e14,-28,33,Normal
2026-02-08 10:40:57.198294,Toronto-9e14,33,82,Normal
2026-02-08 10:40:58.198294,Toronto-9e14,46,35,Normal
2026-02-08 10:40:59.198294,Toronto-9e14,22,69,Normal
2026-02-08 10:41:00.198294,Toronto-9e14,15,5,Normal
2026-02-08 10:41:01.198294,Toronto-9e14,36,35,Normal
2026-02-08 10:41:02.198294,Toronto-9e14,10,9,Normal
2026-02-08 10:41:03.198294,Toronto-9e14,11,42,Normal
2026-02-08 10:41:04.198294,Toronto-9e14,-4,16,Normal
2026-02-08 10:41:05.198294,Toronto-9e14,30,83,Normal
2026-02-08 10:41:06.198294,Toronto-9e14,-8,44,Normal
2026-02-08 10:41:07.198294,Toronto-9e14,-30,35,Normal
2026-02-08 10:41:08.198294,Toronto-9e14,10,40,Normal
2026-02-08 10:41:09.198294,Toronto-9e14,3,75,Normal
2026-02-08 10:41:10.198294,Toronto-9e14,22,71,Normal
2026-02-08 10:41:11.198294,Toronto-9e14,6,85,Normal
2026-02-08 10:41:12.198294,Toronto-9e14,23,85,Normal
2026-02-08 10:41:13.198294,Toronto-9e14,-22,28,Normal
2026-02-08 10:41:14.198294,Toronto-9e14,-15,57,Normal
2026-02-08 10:41:15.198294,Toronto-9e14,-2,44,Normal
2026-02-08 10:41:16.198294,Toronto-9e14,12,19,Normal
2026-02-08 10:41:17.198294,Toronto-9e14,21,14,Normal
2026-02-08 10:41:18.198294,Toronto-9e14,45,99,Normal
2026-02-08 10:41:19.198294,Toronto-9e14,9,83,Normal
2026-02-08 10:41:20.198294,Toronto-9e14,47,98,Normal
2026-02-08 10:41:21.198294,Toronto-9e14,47,13,Normal
2026-02-08 10:41:22.198294,Toronto-9e14,-12,86,Normal
2026-02-08 10:41:23.198294,Toronto-9e14,-25,58,Normal
2026-02-08 10:41:24.198294,Toronto-9e14,0,14,Normal
2026-02-08 10:41:25.198294,Toronto-9e14,14,66,Normal
2026-02-08 10:41:26.198294,Toronto-9e14,15,94,Normal
2026-02-08 10:41:27.198294,Toronto-9e14,-15,84,Normal
2026-02-08 10:41:28.198294,Toronto-9e14,28,31,Normal
2026-02-08 10:41:29.198294,Toronto-9e14,-23,1,Normal
2026-02-08 10:41:30.198294,Toronto-9e14,31,22,Normal
2026-02-08 10:41:31.198294,Toronto-9e14,17,84,Normal
2026-02-08 10:41:32.198294,Toronto-9e14,10,4,Normal
2026-02-08 10:41:33.198294,Toronto-9e14,41,80,Normal
2026-02-08 10:41:34.198294,Toronto-9e14,-2,1,Normal
2026-02-08 10:41:35.198294,Toronto-9e14,35,47,Normal
2026-02-08 10:41:36.198294,Toronto-9e14,42,74,Normal
2026-02-08 10:41:37.198294,Toronto-9e14,18,84,Normal
2026-02-08 10:41:38.198294,Toronto-9e14,45,59,Normal
2026-02-08 10:41:39.198294,Toronto-9e14,-5,97,Normal
2026-02-08 10:41:40.198294,Toronto-9e14,43,20,Normal
2026-02-08 10:41:41.198294,Toronto-9e14,35,71,Normal
2026-02-08 10:41:42.198294,Toronto-9e14,28,72,Normal
2026-02-08 10:41:43.198294,Toronto-9e14,-11,26,Normal
2026-02-08 10:41:44.198294,Toronto-9e14,38,4,Normal
2026-02-08 10:41:45.198294,Toronto-9e14,12,67,Normal
2026-02-08 10:41:46.198294,Toronto-9e14,3,68,Normal
2026-02-08 10:41:47.198294,Toronto-9e14,15,62,Normal
2026-02-08 10:41:48.198294,Toronto-9e14,45,29,Normal
2026-02-08 10:41:49.198294,Toronto-9e14,10,83,Normal
2026-02-08 10:41:50.198294,Toronto-9e14,-8,21,Normal
2026-02-08 10:41:51.198294,Toronto-9e14,20,50,Normal
2026-02-08 10:41:52.198294,Toronto-9e14,25,75,Normal
2026-02-08 10:41:53.198294,Toronto-9e14,-26,64,Normal
2026-02-08 10:41:54.198294,Toronto-9e14,-20,100,Normal
2026-02-08 10:41:55.198294,Toronto-9e14,-19,60,Normal
2026-02-08 10:41:56.198294,Toronto-9e14,37,84,Normal
2026-02-08 10:41:57.198294,Toronto-9e14,32,66,Normal
2026-02-08 10:41:58.198294,Toronto-9e14,24,97,Normal
2026-02-08 10:41:59.198294,Toronto-9e14,3,43,Normal
2026-02-08 10:42:00.198294,Toronto-9e14,-18,65,Normal
2026-02-08 10:42:01.198294,Toronto-9e14,17,57,Normal
2026-02-08 10:42:02.198294,Toronto-9e14,-11,64,Normal
2026-02-08 10:42:03.198294,Toronto-9e14,9,46,Normal
2026-02-08 10:42:04.198294,Toronto-9e14,1,8,Normal
2026-02-08 10:42:05.198294,Toronto-9e14,-30,47,Normal
2026-02-08 10:42:06.198294,Toronto-9e14,-18,50,Normal
2026-02-08 10:42:07.198294,Toronto-9e14,36,8,Normal
2026-02-08 10:42:08.198294,Toronto-9e14,-20,94,Normal
2026-02-08 10:42:09.198294,Toronto-9e14,46,80,Normal
2026-02-08 10:42:10.198294,Toronto-9e14,43,67,Normal
2026-02-08 10:42:11.198294,Toronto-9e14,15,22,Normal
2026-02-08 10:42:12.198294,Toronto-9e14,36,67,Normal
2026-02-08 10:42:13.198294,Toronto-9e14,-19,58,Normal
2026-02-08 10:42:14.198294,Toronto-9e14,31,92,Normal
2026-02-08 10:42:15.198294,Toronto-9e14,-10,81,Normal
2026-02-08 10:42:16.198294,Toronto-9e14,-23,99,Normal
2026-02-08 10:42:17.198294,Toronto-9e14,33,57,Normal
2026-02-08 10:42:18.198294,Toronto-9e14,45,38,Normal
2026-02-08 10:42:19.198294,Toronto-9e14,-26,64,Normal
2026-02-08 10:42:20.198294,Toronto-9e14,-25,42,Normal
2026-02-08 10:42:21.198294,Toronto-9e14,-10,17,Normal
2026-02-08 10:42:22.198294,Toronto-9e14,-7,13,Normal
2026-02-08 10:42:23.198294,Toronto-9e14,14,76,Normal
2026-02-08 10:42:24.198294,Toronto-9e14,-10,42,Normal
2026-02-08 10:42:25.198294,Toronto-9e14,26,62,Normal
2026-02-08 10:42:26.198294,Toronto-9e14,-19,45,Normal
2026-02-08 10:42:27.198294,Toronto-9e14,35,97,Normal
2026-02-08 10:42:28.198294,Toronto-9e14,35,9,Normal
2026-02-08 10:42:29.198294,Toronto-9e14,-29,42,Normal
2026-02-08 10:42:30.198294,Toronto-9e14,-17,63,Normal
2026-02-08 10:42:31.198294,Toronto-9e14,37,86,Normal
2026-02-08 10:42:32.198294,Toronto-9e14,44,26,Normal
2026-02-08 10:42:33.198294,Toronto-9e14,-6,18,Normal
2026-02-08 10:42:34.198294,Toronto-9e14,8,1,Normal
2026-02-08 10:42:35.198294,Toronto-9e14,-27,21,Normal
2026-02-08 10:42:36.198294,Toronto-9e14,-5,47,Normal
2026-02-08 10:42:37.198294,Toronto-9e14,-7,92,Normal
2026-02-08 10:42:38.198294,Toronto-9e14,33,89,Normal
2026-02-08 10:42:39.198294,Toronto-9e14,-29,67,Normal
2026-02-08 10:42:40.198294,Toronto-9e14,25,8,Normal
2026-02-08 10:42:41.198294,Toronto-9e14,41,28,Normal
2026-02-08 10:42:42.198294,Toronto-9e14,-7,14,Normal
2026-02-08 10:42:43.198294,Toronto-9e14,2,95,Normal
2026-02-08 10:42:44.198294,Toronto-9e14,36,69,Normal
2026-02-08 10:42:45.198294,Toronto-9e14,-19,86,Normal
2026-02-08 10:42:46.198294,Toronto-9e14,-9,87,Normal
2026-02-08 10:42:47.198294,Toronto-9e14,-7,37,Normal
2026-02-08 10:42:48.198294,Toronto-9e14,-9,56,Normal
2026-02-08 10:42:49.198294,Toronto-9e14,39,66,Normal
2026-02-08 10:42:50.198294,Toronto-9e14,-29,56,Normal
2026-02-08 10:42:51.198294,Toronto-9e14,46,15,Normal
2026-02-08 10:42:52.198294,Toronto-9e14,8,7,Normal
2026-02-08 10:42:53.198294,Toronto-9e14,46,27,Normal
2026-02-08 10:42:54.198294,Toronto-9e14,26,42,Normal
2026-02-08 10:42:55.198294,Toronto-9e14,-19,83,Normal
2026-02-08 10:42:56.198294,Toronto-9e14,-16,84,Normal
2026-02-08 10:42:57.198294,Toronto-9e14,41,37,Normal
2026-02-08 10:42:58.198294,Toronto-9e14,-18,45,Normal
2026-02-08 10:42:59.198294,Toronto-9e14,-15,100,Normal
2026-02-08 10:43:00.198294,Toronto-9e14,27,69,Normal
2026-02-08 10:43:01.198294,Toronto-9e14,-1,16,Normal
2026-02-08 10:43:02.198294,Toronto-9e14,8,25,Normal
2026-02-08 10:43:03.198294,Toronto-9e14,7,57,Normal
2026-02-08 10:43:04.198294,Toronto-9e14,18,61,Normal
2026-02-08 10:43:05.198294,Toronto-9e14,17,60,Normal
2026-02-08 10:43:06.198294,Toronto-9e14,16,55,Normal
2026-02-08 10:43:07.198294,Toronto-9e14,22,19,Normal
2026-02-08 10:43:08.198294,Toronto-9e14,24,45,Normal
2026-02-08 10:43:09.198294,Toronto-9e14,-12,46,Normal
2026-02-08 10:43:10.198294,Toronto-9e14,-12,14,Normal
2026-02-08 10:43:11.198294,Toronto-9e14,-29,26,Normal
2026-02-08 10:43:12.198294,Toronto-9e14,-18,29,Normal
2026-02-08 10:43:13.198294,Toronto-9e14,15,17,Normal
2026-02-08 10:43:14.198294,Toronto-9e14,-15,27,Normal
2026-02-08 10:43:15.198294,Toronto-9e14,-22,60,Normal
2026-02-08 10:43:16.198294,Toronto-9e14,20,47,Normal
2026-02-08 10:43:17.198294,Toronto-9e14,-11,33,Normal
2026-02-08 10:43:18.198294,Toronto-9e14,49,47,Normal
2026-02-08 10:43:19.198294,Toronto-9e14,40,5,Normal
2026-02-08 10:43:20.198294,Toronto-9e14,32,67,Normal
2026-02-08 10:43:21.198294,Toronto-9e14,32,15,Normal
2026-02-08 10:43:22.198294,Toronto-9e14,-5,82,Normal
2026-02-08 10:43:23.198294,Toronto-9e14,22,41,Normal
2026-02-08 10:43:24.198294,Toronto-9e14,14,55,Normal
2026-02-08 10:43:25.198294,Toronto-9e14,-4,54,Normal
2026-02-08 10:43:26.198294,Toronto-9e14,39,34,Normal
2026-02-08 10:43:27.198294,Toronto-9e14,12,71,Normal
2026-02-08 10:43:28.198294,Toronto-9e14,-19,54,Normal
2026-02-08 10:43:29.198294,Toronto-9e14,22,62,Normal
2026-02-08 10:43:30.198294,Toronto-9e14,35,52,Normal
2026-02-08 10:43:31.198294,Toronto-9e14,-27,72,Normal
2026-02-08 10:43:32.198294,Toronto-9e14,26,41,Normal
2026-02-08 10:43:33.198294,Toronto-9e14,3,46,Normal
2026-02-08 10:43:34.198294,Toronto-9e14,13,75,Normal
2026-02-08 10:43:35.198294,Toronto-9e14,-9,50,Normal
2026-02-08 10:43:36.198294,Toronto-9e14,-25,2,Normal
2026-02-08 10:43:37.198294,Toronto-9e14,-6,57,Normal
2026-02-08 10:43:38.198294,Toronto-9e14,14,50,Normal
2026-02-08 10:43:39.198294,Toronto-9e14,34,38,Normal
2026-02-08 10:43:40.198294,Toronto-9e14,-17,99,Normal
2026-02-08 10:43:41.198294,Toronto-9e14,4,94,Normal
2026-02-08 10:43:42.198294,Toronto-9e14,-2,100,Normal
2026-02-08 10:43:43.198294,Toronto-9e14,48,90,Normal
2026-02-08 10:43:44.198294,Toronto-9e14,-7,68,Normal
2026-02-08 10:43:45.198294,Toronto-9e14,20,79,Normal
2026-02-08 10:43:46.198294,Toronto-9e14,-27,96,Normal
2026-02-08 10:43:47.198294,Toronto-9e14,-27,4,Normal
2026-02-08 10:43:48.198294,Toronto-9e14,18,71,Normal
2026-02-08 10:43:49.198294,Toronto-9e14,-9,69,Normal
2026-02-08 10:43:50.198294,Toronto-9e14,-1,66,Normal
2026-02-08 10:43:51.198294,Toronto-9e14,47,68,Normal
2026-02-08 10:43:52.198294,Toronto-9e14,-5,50,Normal
2026-02-08 10:43:53.198294,Toronto-9e14,48,71,Normal
2026-02-08 10:43:54.198294,Toronto-9e14,-11,96,Normal
2026-02-08 10:43:55.198294,Toronto-9e14,17,60,Normal
2026-02-08 10:43:56.198294,Toronto-9e14,48,31,Normal
2026-02-08 10:43:57.198294,Toronto-9e14,-18,90,Normal
2026-02-08 10:43:58.198294,Toronto-9e14,36,44,Normal
2026-02-08 10:43:59.198294,Toronto-9e14,35,74,Normal
2026-02-08 10:44:00.198294,Toronto-9e14,37,70,Normal
2026-02-08 10:44:01.198294,Toronto-9e14,27,67,Normal
2026-02-08 10:44:02.198294,Toronto-9e14,-10,71,Normal
2026-02-08 10:44:03.198294,Toronto-9e14,6,75,Normal
2026-02-08 10:44:04.198294,Toronto-9e14,26,18,Normal
2026-02-08 10:44:05.198294,Toronto-9e14,32,88,Normal
2026-02-08 10:44:06.198294,Toronto-9e14,-10,90,Normal
2026-02-08 10:44:07.198294,Toronto-9e14,5,25,Normal
2026-02-08 10:44:08.198294,Toronto-9e14,-2,11,Normal
2026-02-08 10:44:09.198294,Toronto-9e14,8,50,Normal
2026-02-08 10:44:10.198294,Toronto-9e14,-3,61,Normal
2026-02-08 10:44:11.198294,Toronto-9e14,17,85,Normal
2026-02-08 10:44:12.198294,Toronto-9e14,22,48,Normal
2026-02-08 10:44:13.198294,Toronto-9e14,8,64,Normal
2026-02-08 10:44:14.198294,Toronto-9e14,-12,1,Normal
2026-02-08 10:44:15.198294,Toronto-9e14,13,17,Normal
2026-02-08 10:44:16.198294,Toronto-9e14,6,9,Normal
2026-02-08 10:44:17.198294,Toronto-9e14,-19,90,Normal
2026-02-08 10:44:18.198294,Toronto-9e14,40,21,Normal
2026-02-08 10:44:19.198294,Toronto-9e14,-24,46,Normal
2026-02-08 10:44:20.198294,Toronto-9e14,37,27,Normal
2026-02-08 10:44:21.198294,Toronto-9e14,29,71,Normal
2026-02-08 10:44:22.198294,Toronto-9e14,40,92,Normal
2026-02-08 10:44:23.198294,Toronto-9e14,31,26,Normal
2026-02-08 10:44:24.198294,Toronto-9e14,22,83,Normal
2026-02-08 10:44:25.198294,Toronto-9e14,-18,95,Normal
2026-02-08 10:44:26.198294,Toronto-9e14,7,4,Normal
2026-02-08 10:44:27.198294,Toronto-9e14,22,24,Normal
2026-02-08 10:44:28.198294,Toronto-9e14,28,55,Normal
2026-02-08 10:44:29.198294,Toronto-9e14,47,31,Normal
2026-02-08 10:44:30.198294,Toronto-9e14,-4,6,Normal
2026-02-08 10:44:31.198294,Toronto-9e14,11,94,Normal
2026-02-08 10:44:32.198294,Toronto-9e14,12,37,Normal
2026-02-08 10:44:33.198294,Toronto-9e14,11,39,Normal
2026-02-08 10:44:34.198294,Toronto-9e14,27,38,Normal
2026-02-08 10:44:35.198294,Toronto-9e14,0,31,Normal
2026-02-08 10:44:36.198294,Toronto-9e14,8,60,Normal
2026-02-08 10:44:37.198294,Toronto-9e14,41,3,Normal
2026-02-08 10:44:38.198294,Toronto-9e14,45,36,Normal
2026-02-08 10:44:39.198294,Toronto-9e14,36,71,Normal
2026-02-08 10:44:40.198294,Toronto-9e14,-10,72,Normal
2026-02-08 10:44:41.198294,Toronto-9e14,3,35,Normal
2026-02-08 10:44:42.198294,Toronto-9e14,48,81,Normal
2026-02-08 10:44:43.198294,Toronto-9e14,26,89,Normal
2026-02-08 10:44:44.198294,Toronto-9e14,23,45,Normal
2026-02-08 10:44:45.198294,Toronto-9e14,21,48,Normal
2026-02-08 10:44:46.198294,Toronto-9e14,-1,43,Normal
2026-02-08 10:44:47.198294,Toronto-9e14,2,38,Normal
2026-02-08 10:44:48.198294,Toronto-9e14,3,8,Normal
2026-02-08 10:44:49.198294,Toronto-9e14,7,79,Normal
2026-02-08 10:44:50.198294,Toronto-9e14,31,34,Normal
2026-02-08 10:44:51.198294,Toronto-9e14,45,69,Normal
2026-02-08 10:44:52.198294,Toronto-9e14,31,73,Normal
2026-02-08 10:44:53.198294,Toronto-9e14,47,86,Normal
2026-02-08 10:44:54.198294,Toronto-9e14,11,32,Normal
2026-02-08 10:44:55.198294,Toronto-9e14,-18,51,Normal
2026-02-08 10:44:56.198294,Toronto-9e14,-9,6,Normal
2026-02-08 10:44:57.198294,Toronto-9e14,20,5,Normal
2026-02-08 10:44:58.198294,Toronto-9e14,17,68,Normal
2026-02-08 10:44:59.198294,Toronto-9e14,-13,69,Normal
2026-02-08 10:45:00.198294,Toronto-9e14,11,17,Normal
2026-02-08 10:45:01.198294,Toronto-9e14,33,88,Normal
2026-02-08 10:45:02.198294,Toronto-9e14,36,12,Normal
2026-02-08 10:45:03.198294,Toronto-9e14,17,51,Normal
2026-02-08 10:45:04.198294,Toronto-9e14,-1,16,Normal
2026-02-08 10:45:05.198294,Toronto-9e14,15,73,Normal
2026-02-08 10:45:06.198294,Toronto-9e14,-24,10,Normal
2026-02-08 10:45:07.198294,Toronto-9e14,1,88,Normal
2026-02-08 10:45:08.198294,Toronto-9e14,40,56,Normal
2026-02-08 10:45:09.198294,Toronto-9e14,47,33,Normal
2026-02-08 10:45:10.198294,Toronto-9e14,49,15,Normal
2026-02-08 10:45:11.198294,Toronto-9e14,-6,16,Normal
2026-02-08 10:45:12.198294,Toronto-9e14,34,79,Normal
2026-02-08 10:45:13.198294,Toronto-9e14,-18,100,Normal
2026-02-08 10:45:14.198294,Toronto-9e14,-15,80,Normal
2026-02-08 10:45:15.198294,Toronto-9e14,44,49,Normal
2026-02-08 10:45:16.198294,Toronto-9e14,0,56,Normal
2026-02-08 10:45:17.198294,Toronto-9e14,-14,36,Normal
2026-02-08 10:45:18.198294,Toronto-9e14,28,64,Normal
2026-02-08 10:45:19.198294,Toronto-9e14,25,17,Normal
2026-02-08 10:45:20.198294,Toronto-9e14,41,57,Normal
2026-02-08 10:45:21.198294,Toronto-9e14,-3,77,Normal
2026-02-08 10:45:22.198294,Toronto-9e14,-16,79,Normal
2026-02-08 10:45:23.198294,Toronto-9e14,22,91,Normal
2026-02-08 10:45:24.198294,Toronto-9e14,30,2,Normal
2026-02-08 10:45:25.198294,Toronto-9e14,-4,25,Normal
2026-02-08 10:45:26.198294,Toronto-9e14,19,20,Normal
2026-02-08 10:45:27.198294,Toronto-9e14,-3,97,Normal
2026-02-08 10:45:28.198294,Toronto-9e14,-4,25,Normal
2026-02-08 10:45:29.198294,Toronto-9e14,46,78,Normal
2026-02-08 10:45:30.198294,Toronto-9e14,42,51,Normal
2026-02-08 10:45:31.198294,Toronto-9e14,8,53,Normal
2026-02-08 10:45:32.198294,Toronto-9e14,48,72,Normal
2026-02-08 10:45:33.198294,Toronto-9e14,7,47,Normal
2026-02-08 10:45:34.198294,Toronto-9e14,34,62,Normal
2026-02-08 10:45:35.198294,Toronto-9e14,-4,41,Normal
2026-02-08 10:45:36.198294,Toronto-9e14,-9,56,Normal
2026-02-08 10:45:37.198294,Toronto-9e14,0,54,Normal
2026-02-08 10:45:38.198294,Toronto-9e14,-11,86,Normal
2026-02-08 10:45:39.198294,Toronto-9e14,44,9,Normal
2026-02-08 10:45:40.198294,Toronto-9e14,-10,72,Normal
2026-02-08 10:45:41.198294,Toronto-9e14,-22,99,Normal
2026-02-08 10:45:42.198294,Toronto-9e14,41,10,Normal
2026-02-08 10:45:43.198294,Toronto-9e14,23,43,Normal
2026-02-08 10:45:44.198294,Toronto-9e14,12,89,Normal
2026-02-08 10:45:45.198294,Toronto-9e14,38,7,Normal
2026-02-08 10:45:46.198294,Toronto-9e14,9,61,Normal
2026-02-08 10:45:47.198294,Toronto-9e14,5,41,Normal
2026-02-08 10:45:48.198294,Toronto-9e14,-25,8,Normal
2026-02-08 10:45:49.198294,Toronto-9e14,24,92,Normal
2026-02-08 10:45:50.198294,Toronto-9e14,-25,73,Normal
2026-02-08 10:45:51.198294,Toronto-9e14,35,33,Normal
2026-02-08 10:45:52.198294,Toronto-9e14,-29,70,Normal
2026-02-08 10:45:53.198294,Toronto-9e14,39,66,Normal
2026-02-08 10:45:54.198294,Toronto-9e14,40,69,Normal
2026-02-08 10:45:55.198294,Toronto-9e14,20,19,Normal
2026-02-08 10:45:56.198294,Toronto-9e14,-8,36,Normal
2026-02-08 10:45:57.198294,Toronto-9e14,39,16,Normal
2026-02-08 10:45:58.198294,Toronto-9e14,44,70,Normal
2026-02-08 10:45:59.198294,Toronto-9e14,14,36,Normal
2026-02-08 10:46:00.198294,Toronto-9e14,-6,72,Normal
2026-02-08 10:46:01.198294,Toronto-9e14,-21,66,Normal
2026-02-08 10:46:02.198294,Toronto-9e14,-13,10,Normal
2026-02-08 10:46:03.198294,Toronto-9e14,32,52,Normal
2026-02-08 10:46:04.198294,Toronto-9e14,-9,87,Normal
2026-02-08 10:46:05.198294,Toronto-9e14,12,11,Normal
2026-02-08 10:46:06.198294,Toronto-9e14,30,36,Normal
2026-02-08 10:46:07.198294,Toronto-9e14,-7,80,Normal
2026-02-08 10:46:08.198294,Toronto-9e14,-13,44,Normal
2026-02-08 10:46:09.198294,Toronto-9e14,50,79,Normal
2026-02-08 10:46:10.198294,Toronto-9e14,40,16,Normal
2026-02-08 10:46:11.198294,Toronto-9e14,38,43,Normal
2026-02-08 10:46:12.198294,Toronto-9e14,20,96,Normal
2026-02-08 10:46:13.198294,Toronto-9e14,22,71,Normal
2026-02-08 10:46:14.198294,Toronto-9e14,20,23,Normal
2026-02-08 10:46:15.198294,Toronto-9e14,-18,40,Normal
2026-02-08 10:46:16.198294,Toronto-9e14,-4,70,Normal
2026-02-08 10:46:17.198294,Toronto-9e14,-7,5,Normal
2026-02-08 10:46:18.198294,Toronto-9e14,45,98,Normal
2026-02-08 10:46:19.198294,Toronto-9e14,16,24,Normal
2026-02-08 10:46:20.198294,Toronto-9e14,9,31,Normal
2026-02-08 10:46:21.198294,Toronto-9e14,23,18,Normal
2026-02-08 10:46:22.198294,Toronto-9e14,16,46,Normal
2026-02-08 10:46:23.198294,Toronto-9e14,15,37,Normal
2026-02-08 10:46:24.198294,Toronto-9e14,12,89,Normal
2026-02-08 10:46:25.198294,Toronto-9e14,28,53,Normal
2026-02-08 10:46:26.198294,Toronto-9e14,10,44,Normal
2026-02-08 10:46:27.198294,Toronto-9e14,9,1,Normal
2026-02-08 10:46:28.198294,Toronto-9e14,-10,40,Normal
2026-02-08 10:46:29.198294,Toronto-9e14,-4,20,Normal
2026-02-08 10:46:30.198294,Toronto-9e14,16,54,Normal
2026-02-08 10:46:31.198294,Toronto-9e14,33,98,Normal
2026-02-08 10:46:32.198294,Toronto-9e14,21,53,Normal
2026-02-08 10:46:33.198294,Toronto-9e14,39,6,Normal
2026-02-08 10:46:34.198294,Toronto-9e14,33,32,Normal
2026-02-08 10:46:35.198294,Toronto-9e14,43,96,Normal
2026-02-08 10:46:36.198294,Toronto-9e14,9,0,Normal
2026-02-08 10:46:37.198294,Toronto-9e14,-13,88,Normal
2026-02-08 10:46:38.198294,Toronto-9e14,38,66,Normal
2026-02-08 10:46:39.198294,Toronto-9e14,-1,64,Normal
2026-02-08 10:46:40.198294,Toronto-9e14,29,4,Normal
2026-02-08 10:46:41.198294,Toronto-9e14,47,40,Normal
2026-02-08 10:46:42.198294,Toronto-9e14,10,4,Normal
2026-02-08 10:46:43.198294,Toronto-9e14,36,79,Normal
2026-02-08 10:46:44.198294,Toronto-9e14,46,12,Normal
2026-02-08 10:46:45.198294,Toronto-9e14,32,16,Normal
2026-02-08 10:46:46.198294,Toronto-9e14,42,97,Normal
2026-02-08 10:46:47.198294,Toronto-9e14,-7,60,Normal
2026-02-08 10:46:48.198294,Toronto-9e14,39,64,Normal
2026-02-08 10:46:49.198294,Toronto-9e14,37,3,Normal
2026-02-08 10:46:50.198294,Toronto-9e14,0,93,Normal
2026-02-08 10:46:51.198294,Toronto-9e14,48,6,Normal
2026-02-08 10:46:52.198294,Toronto-9e14,-27,88,Normal
2026-02-08 10:46:53.198294,Toronto-9e14,-4,2,Normal
2026-02-08 10:46:54.198294,Toronto-9e14,15,2,Normal
2026-02-08 10:46:55.198294,Toronto-9e14,30,38,Normal
2026-02-08 10:46:56.198294,Toronto-9e14,37,14,Normal
2026-02-08 10:46:57.198294,Toronto-9e14,22,66,Normal
2026-02-08 10:46:58.198294,Toronto-9e14,18,47,Normal
2026-02-08 10:46:59.198294,Toronto-9e14,-20,92,Normal
2026-02-08 10:47:00.198294,Toronto-9e14,-20,74,Normal
2026-02-08 10:47:01.198294,Toronto-9e14,-19,77,Normal
2026-02-08 10:47:02.198294,Toronto-9e14,-4,6,Normal
2026-02-08 10:47:03.198294,Toronto-9e14,37,1,Normal
2026-02-08 10:47:04.198294,Toronto-9e14,0,98,Normal
2026-02-08 10:47:05.198294,Toronto-9e14,-22,16,Normal
2026-02-08 10:47:06.198294,Toronto-9e14,-7,32,Normal
2026-02-08 10:47:07.198294,Toronto-9e14,-10,81,Normal
2026-02-08 10:47:08.198294,Toronto-9e14,17,81,Normal
2026-02-08 10:47:09.198294,Toronto-9e14,-18,5,Normal
2026-02-08 10:47:10.198294,Toronto-9e14,-23,39,Normal
2026-02-08 10:47:11.198294,Toronto-9e14,17,55,Normal
2026-02-08 10:47:12.198294,Toronto-9e14,-11,17,Normal
2026-02-08 10:47:13.198294,Toronto-9e14,-11,31,Normal
2026-02-08 10:47:14.198294,Toronto-9e14,-10,91,Normal
2026-02-08 10:47:15.198294,Toronto-9e14,26,47,Normal
2026-02-08 10:47:16.198294,Toronto-9e14,16,78,Normal
2026-02-08 10:47:17.198294,Toronto-9e14,5,30,Normal
2026-02-08 10:47:18.198294,Toronto-9e14,1,64,Normal
2026-02-08 10:47:19.198294,Toronto-9e14,32,88,Normal
2026-02-08 10:47:20.198294,Toronto-9e14,35,13,Normal
2026-02-08 10:47:21.198294,Toronto-9e14,-2,88,Normal
2026-02-08 10:47:22.198294,Toronto-9e14,21,34,Normal
2026-02-08 10:47:23.198294,Toronto-9e14,12,5,Normal
2026-02-08 10:47:24.198294,Toronto-9e14,15,67,Normal
2026-02-08 10:47:25.198294,Toronto-9e14,-3,92,Normal
2026-02-08 10:47:26.198294,Toronto-9e14,19,14,Normal
2026-02-08 10:47:27.198294,Toronto-9e14,-20,28,Normal
2026-02-08 10:47:28.198294,Toronto-9e14,47,56,Normal
2026-02-08 10:47:29.198294,Toronto-9e14,-1,11,Normal
2026-02-08 10:47:30.198294,Toronto-9e14,49,89,Normal
2026-02-08 10:47:31.198294,Toronto-9e14,2,84,Normal
2026-02-08 10:47:32.198294,Toronto-9e14,48,78,Normal
2026-02-08 10:47:33.198294,Toronto-9e14,39,21,Normal
2026-02-08 10:47:34.198294,Toronto-9e14,-29,37,Normal
2026-02-08 10:47:35.198294,Toronto-9e14,19,26,Normal
2026-02-08 10:47:36.198294,Toronto-9e14,25,57,Normal
2026-02-08 10:47:37.198294,Toronto-9e14,-1,82,Normal
2026-02-08 10:47:38.198294,Toronto-9e14,38,70,Normal
2026-02-08 10:47:39.198294,Toronto-9e14,37,12,Normal
2026-02-08 10:47:40.198294,Toronto-9e14,-7,85,Normal
2026-02-08 10:47:41.198294,Toronto-9e14,4,88,Normal
2026-02-08 10:47:42.198294,Toronto-9e14,36,43,Normal
2026-02-08 10:47:43.198294,Toronto-9e14,34,7,Normal
2026-02-08 10:47:44.198294,Toronto-9e14,48,73,Normal
2026-02-08 10:47:45.198294,Toronto-9e14,19,87,Normal
2026-02-08 10:47:46.198294,Toronto-9e14,-8,81,Normal
2026-02-08 10:47:47.198294,Toronto-9e14,15,35,Normal
2026-02-08 10:47:48.198294,Toronto-9e14,9,73,Normal
2026-02-08 10:47:49.198294,Toronto-9e14,47,45,Normal
2026-02-08 10:47:50.198294,Toronto-9e14,48,25,Normal
2026-02-08 10:47:51.198294,Toronto-9e14,18,19,Normal
2026-02-08 10:47:52.198294,Toronto-9e14,1,5,Normal
2026-02-08 10:47:53.198294,Toronto-9e14,48,3,Normal
2026-02-08 10:47:54.198294,Toronto-9e14,35,52,Normal
2026-02-08 10:47:55.198294,Toronto-9e14,-25,96,Normal
2026-02-08 10:47:56.198294,Toronto-9e14,11,78,Normal
2026-02-08 10:47:57.198294,Toronto-9e14,-4,16,Normal
2026-02-08 10:47:58.198294,Toronto-9e14,-26,30,Normal
2026-02-08 10:47:59.198294,Toronto-9e14,43,30,Normal
2026-02-08 10:48:00.198294,Toronto-9e14,5,42,Normal
2026-02-08 10:48:01.198294,Toronto-9e14,39,15,Normal
2026-02-08 10:48:02.198294,Toronto-9e14,-9,77,Normal
2026-02-08 10:48:03.198294,Toronto-9e14,10,0,Normal
2026-02-08 10:48:04.198294,Toronto-9e14,5,91,Normal
2026-02-08 10:48:05.198294,Toronto-9e14,-13,28,Normal
2026-02-08 10:48:06.198294,Toronto-9e14,4,15,Normal
2026-02-08 10:48:07.198294,Toronto-9e14,-15,87,Normal
2026-02-08 10:48:08.198294,Toronto-9e14,23,30,Normal
2026-02-08 10:48:09.198294,Toronto-9e14,-12,37,Normal
2026-02-08 10:48:10.198294,Toronto-9e14,-24,67,Normal
2026-02-08 10:48:11.198294,Toronto-9e14,27,46,Normal
2026-02-08 10:48:12.198294,Toronto-9e14,29,17,Normal
2026-02-08 10:48:13.198294,Toronto-9e14,46,61,Normal
2026-02-08 10:48:14.198294,Toronto-9e14,21,63,Normal
2026-02-08 10:48:15.198294,Toronto-9e14,-5,40,Normal
2026-02-08 10:48:16.198294,Toronto-9e14,-10,35,Normal
2026-02-08 10:48:17.198294,Toronto-9e14,-3,99,Normal
2026-02-08 10:48:18.198294,Toronto-9e14,35,18,Normal
2026-02-08 10:48:19.198294,Toronto-9e14,48,34,Normal
2026-02-08 10:48:20.198294,Toronto-9e14,-28,44,Normal
2026-02-08 10:48:21.198294,Toronto-9e14,27,33,Normal
2026-02-08 10:48:22.198294,Toronto-9e14,-13,7,Normal
2026-02-08 10:48:23.198294,Toronto-9e14,-14,22,Normal
2026-02-08 10:48:24.198294,Toronto-9e14,-24,70,Normal
2026-02-08 10:48:25.198294,Toronto-9e14,17,1,Normal
2026-02-08 10:48:26.198294,Toronto-9e14,32,0,Normal
2026-02-08 10:48:27.198294,Toronto-9e14,-5,78,Normal
2026-02-08 10:48:28.198294,Toronto-9e14,-22,17,Normal
2026-02-08 10:48:29.198294,Toronto-9e14,1,53,Normal
2026-02-08 10:48:30.198294,Toronto-9e14,-27,90,Normal
2026-02-08 10:48:31.198294,Toronto-9e14,29,8,Normal
2026-02-08 10:48:32.198294,Toronto-9e14,-5,88,Normal
2026-02-08 10:48:33.198294,Toronto-9e14,-15,6,Normal
2026-02-08 10:48:34.198294,Toronto-9e14,13,88,Normal
2026-02-08 10:48:35.198294,Toronto-9e14,16,67,Normal
2026-02-08 10:48:36.198294,Toronto-9e14,26,63,Normal
2026-02-08 10:48:37.198294,Toronto-9e14,38,99,Normal
2026-02-08 10:48:38.198294,Toronto-9e14,50,38,Normal
2026-02-08 10:48:39.198294,Toronto-9e14,-8,57,Normal
2026-02-08 10:48:40.198294,Toronto-9e14,28,44,Normal
2026-02-08 10:48:41.198294,Toronto-9e14,44,20,Normal
2026-02-08 10:48:42.198294,Toronto-9e14,28,8,Normal
2026-02-08 10:48:43.198294,Toronto-9e14,20,99,Normal
2026-02-08 10:48:44.198294,Toronto-9e14,12,48,Normal
2026-02-08 10:48:45.198294,Toronto-9e14,2,83,Normal
2026-02-08 10:48:46.198294,Toronto-9e14,3,10,Normal
2026-02-08 10:48:47.198294,Toronto-9e14,-24,48,Normal
2026-02-08 10:48:48.198294,Toronto-9e14,50,76,Normal
2026-02-08 10:48:49.198294,Toronto-9e14,8,12,Normal
2026-02-08 10:48:50.198294,Toronto-9e14,41,9,Normal
2026-02-08 10:48:51.198294,Toronto-9e14,30,55,Normal
2026-02-08 10:48:52.198294,Toronto-9e14,14,81,Normal
2026-02-08 10:48:53.198294,Toronto-9e14,-20,69,Normal
2026-02-08 10:48:54.198294,Toronto-9e14,4,44,Normal
2026-02-08 10:48:55.198294,Toronto-9e14,-5,11,Normal
2026-02-08 10:48:56.198294,Toronto-9e14,8,38,Normal
2026-02-08 10:48:57.198294,Toronto-9e14,45,42,Normal
2026-02-08 10:48:58.198294,Toronto-9e14,24,81,Normal
2026-02-08 10:48:59.198294,Toronto-9e14,13,97,Normal
2026-02-08 10:49:00.198294,Toronto-9e14,12,19,Normal
2026-02-08 10:49:01.198294,Toronto-9e14,5,55,Normal
2026-02-08 10:49:02.198294,Toronto-9e14,-28,22,Normal
2026-02-08 10:49:03.198294,Toronto-9e14,46,38,Normal
2026-02-08 10:49:04.198294,Toronto-9e14,-4,61,Normal
2026-02-08 10:49:05.198294,Toronto-9e14,-29,85,Normal
2026-02-08 10:49:06.198294,Toronto-9e14,-11,32,Normal
2026-02-08 10:49:07.198294,Toronto-9e14,16,28,Normal
2026-02-08 10:49:08.198294,Toronto-9e14,-20,5,Normal
2026-02-08 10:49:09.198294,Toronto-9e14,48,36,Normal
2026-02-08 10:49:10.198294,Toronto-9e14,-20,71,Normal
2026-02-08 10:49:11.198294,Toronto-9e14,19,56,Normal
2026-02-08 10:49:12.198294,Toronto-9e14,-22,3,Normal
2026-02-08 10:49:13.198294,Toronto-9e14,1,69,Normal
2026-02-08 10:49:14.198294,Toronto-9e14,-12,76,Normal
2026-02-08 10:49:15.198294,Toronto-9e14,18,27,Normal
2026-02-08 10:49:16.198294,Toronto-9e14,47,84,Normal
2026-02-08 10:49:17.198294,Toronto-9e14,20,32,Normal
2026-02-08 10:49:18.198294,Toronto-9e14,45,61,Normal
2026-02-08 10:49:19.198294,Toronto-9e14,23,16,Normal
2026-02-08 10:49:20.198294,Toronto-9e14,-18,45,Normal
2026-02-08 10:49:21.198294,Toronto-9e14,-9,37,Normal
2026-02-08 10:49:22.198294,Toronto-9e14,29,100,Normal
2026-02-08 10:49:23.198294,Toronto-9e14,41,96,Normal
2026-02-08 10:49:24.198294,Toronto-9e14,-9,79,Normal
2026-02-08 10:49:25.198294,Toronto-9e14,-22,38,Normal
2026-02-08 10:49:26.198294,Toronto-9e14,35,90,Normal
2026-02-08 10:49:27.198294,Toronto-9e14,9,13,Normal
2026-02-08 10:49:28.198294,Toronto-9e14,-11,60,Normal
2026-02-08 10:49:29.198294,Toronto-9e14,16,64,Normal
2026-02-08 10:49:30.198294,Toronto-9e14,16,48,Normal
2026-02-08 10:49:31.198294,Toronto-9e14,26,89,Normal
2026-02-08 10:49:32.198294,Toronto-9e14,24,57,Normal
2026-02-08 10:49:33.198294,Toronto-9e14,6,35,Normal
2026-02-08 10:49:34.198294,Toronto-9e14,-4,14,Normal
2026-02-08 10:49:35.198294,Toronto-9e14,10,46,Normal
2026-02-08 10:49:36.198294,Toronto-9e14,-3,74,Normal
2026-02-08 10:49:37.198294,Toronto-9e14,37,74,Normal
2026-02-08 10:49:38.198294,Toronto-9e14,29,14,Normal
2026-02-08 10:49:39.198294,Toronto-9e14,-1,21,Normal
2026-02-08 10:49:40.198294,Toronto-9e14,13,65,Normal
2026-02-08 10:49:41.198294,Toronto-9e14,6,8,Normal
2026-02-08 10:49:42.198294,Toronto-9e14,37,79,Normal
2026-02-08 10:49:43.198294,Toronto-9e14,-20,63,Normal
2026-02-08 10:49:44.198294,Toronto-9e14,20,92,Normal
2026-02-08 10:49:45.198294,Toronto-9e14,34,43,Normal
2026-02-08 10:49:46.198294,Toronto-9e14,-23,42,Normal
2026-02-08 10:49:47.198294,Toronto-9e14,18,90,Normal
2026-02-08 10:49:48.198294,Toronto-9e14,-21,91,Normal
2026-02-08 10:49:49.198294,Toronto-9e14,24,82,Normal
2026-02-08 10:49:50.198294,Toronto-9e14,-29,11,Normal
2026-02-08 10:49:51.198294,Toronto-9e14,-18,88,Normal
2026-02-08 10:49:52.198294,Toronto-9e14,20,51,Normal
2026-02-08 10:49:53.198294,Toronto-9e14,1,87,Normal
2026-02-08 10:49:54.198294,Toronto-9e14,42,32,Normal
2026-02-08 10:49:55.198294,Toronto-9e14,-22,22,Normal
2026-02-08 10:49:56.198294,Toronto-9e14,-28,79,Normal
2026-02-08 10:49:57.198294,Toronto-9e14,34,66,Normal
2026-02-08 10:49:58.198294,Toronto-9e14,41,28,Normal
2026-02-08 10:49:59.198294,Toronto-9e14,12,57,Normal
2026-02-08 10:50:00.198294,Toronto-9e14,-14,95,Normal
2026-02-08 10:50:01.198294,Toronto-9e14,26,54,Normal
2026-02-08 10:50:02.198294,Toronto-9e14,20,23,Normal
2026-02-08 10:50:03.198294,Toronto-9e14,15,89,Normal
2026-02-08 10:50:04.198294,Toronto-9e14,2,16,Normal
2026-02-08 10:50:05.198294,Toronto-9e14,-30,73,Normal
2026-02-08 10:50:06.198294,Toronto-9e14,41,56,Normal
2026-02-08 10:50:07.198294,Toronto-9e14,41,67,Normal
2026-02-08 10:50:08.198294,Toronto-9e14,-7,43,Normal
2026-02-08 10:50:09.198294,Toronto-9e14,33,20,Normal
2026-02-08 10:50:10.198294,Toronto-9e14,-14,66,Normal
2026-02-08 10:50:11.198294,Toronto-9e14,50,66,Normal
2026-02-08 10:50:12.198294,Toronto-9e14,-19,32,Normal
2026-02-08 10:50:13.198294,Toronto-9e14,-18,28,Normal
2026-02-08 10:50:14.198294,Toronto-9e14,36,50,Normal
2026-02-08 10:50:15.198294,Toronto-9e14,-12,49,Normal
2026-02-08 10:50:16.198294,Toronto-9e14,-18,31,Normal
2026-02-08 10:50:17.198294,Toronto-9e14,40,52,Normal
2026-02-08 10:50:18.198294,Toronto-9e14,18,84,Normal
2026-02-08 10:50:19.198294,Toronto-9e14,-6,26,Normal
2026-02-08 10:50:20.198294,Toronto-9e14,4,17,Normal
2026-02-08 10:50:21.198294,Toronto-9e14,20,64,Normal
2026-02-08 10:50:22.198294,Toronto-9e14,18,83,Normal
2026-02-08 10:50:23.198294,Toronto-9e14,-12,50,Normal
2026-02-08 10:50:24.198294,Toronto-9e14,50,62,Normal
2026-02-08 10:50:25.198294,Toronto-9e14,4,36,Normal
2026-02-08 10:50:26.198294,Toronto-9e14,42,2,Normal
2026-02-08 10:50:27.198294,Toronto-9e14,-23,12,Normal
2026-02-08 10:50:28.198294,Toronto-9e14,21,94,Normal
2026-02-08 10:50:29.198294,Toronto-9e14,48,91,Normal
2026-02-08 10:50:30.198294,Toronto-9e14,44,77,Normal
2026-02-08 10:50:31.198294,Toronto-9e14,-4,48,Normal
2026-02-08 10:50:32.198294,Toronto-9e14,-22,70,Normal
2026-02-08 10:50:33.198294,Toronto-9e14,-18,54,Normal
2026-02-08 10:50:34.198294,Toronto-9e14,-9,51,Normal
2026-02-08 10:50:35.198294,Toronto-9e14,-12,64,Normal
2026-02-08 10:50:36.198294,Toronto-9e14,-4,73,Normal
2026-02-08 10:50:37.198294,Toronto-9e14,-17,12,Normal
2026-02-08 10:50:38.198294,Toronto-9e14,20,20,Normal
2026-02-08 10:50:39.198294,Toronto-9e14,-5,55,Normal
2026-02-08 10:50:40.198294,Toronto-9e14,-28,16,Normal
2026-02-08 10:50:41.198294,Toronto-9e14,8,11,Normal
2026-02-08 10:50:42.198294,Toronto-9e14,11,22,Normal
2026-02-08 10:50:43.198294,Toronto-9e14,40,20,Normal
2026-02-08 10:50:44.198294,Toronto-9e14,34,86,Normal
2026-02-08 10:50:45.198294,Toronto-9e14,-11,39,Normal
2026-02-08 10:50:46.198294,Toronto-9e14,34,42,Normal
2026-02-08 10:50:47.198294,Toronto-9e14,-5,25,Normal
2026-02-08 10:50:48.198294,Toronto-9e14,-27,45,Normal
2026-02-08 10:50:49.198294,Toronto-9e14,-7,63,Normal
2026-02-08 10:50:50.198294,Toronto-9e14,3,42,Normal
2026-02-08 10:50:51.198294,Toronto-9e14,8,92,Normal
2026-02-08 10:50:52.198294,Toronto-9e14,13,86,Normal
2026-02-08 10:50:53.198294,Toronto-9e14,4,21,Normal
2026-02-08 10:50:54.198294,Toronto-9e14,-15,71,Normal
2026-02-08 10:50:55.198294,Toronto-9e14,3,92,Normal
2026-02-08 10:50:56.198294,Toronto-9e14,-15,26,Normal
2026-02-08 10:50:57.198294,Toronto-9e14,29,62,Normal
2026-02-08 10:50:58.198294,Toronto-9e14,49,64,Normal
2026-02-08 10:50:59.198294,Toronto-9e14,45,95,Normal
2026-02-08 10:51:00.198294,Toronto-9e14,-12,20,Normal
2026-02-08 10:51:01.198294,Toronto-9e14,-6,98,Normal
2026-02-08 10:51:02.198294,Toronto-9e14,33,46,Normal
2026-02-08 10:51:03.198294,Toronto-9e14,12,18,Normal
2026-02-08 10:51:04.198294,Toronto-9e14,20,66,Normal
2026-02-08 10:51:05.198294,Toronto-9e14,-17,65,Normal
2026-02-08 10:51:06.198294,Toronto-9e14,31,72,Normal
2026-02-08 10:51:07.198294,Toronto-9e14,-25,9,Normal
2026-02-08 10:51:08.198294,Toronto-9e14,40,31,Normal
2026-02-08 10:51:09.198294,Toronto-9e14,-24,15,Normal
2026-02-08 10:51:10.198294,Toronto-9e14,36,84,Normal
2026-02-08 10:51:11.198294,Toronto-9e14,39,59,Normal
2026-02-08 10:51:12.198294,Toronto-9e14,-8,55,Normal
2026-02-08 10:51:13.198294,Toronto-9e14,20,55,Normal
2026-02-08 10:51:14.198294,Toronto-9e14,11,62,Normal
2026-02-08 10:51:15.198294,Toronto-9e14,-30,29,Normal
2026-02-08 10:51:16.198294,Toronto-9e14,9,81,Normal
2026-02-08 10:51:17.198294,Toronto-9e14,15,16,Normal
2026-02-08 10:51:18.198294,Toronto-9e14,-28,18,Normal
2026-02-08 10:51:19.198294,Toronto-9e14,41,98,Normal
2026-02-08 10:51:20.198294,Toronto-9e14,20,69,Normal
2026-02-08 10:51:21.198294,Toronto-9e14,-23,56,Normal
2026-02-08 10:51:22.198294,Toronto-9e14,-12,55,Normal
2026-02-08 10:51:23.198294,Toronto-9e14,-28,21,Normal
2026-02-08 10:51:24.198294,Toronto-9e14,-20,65,Normal
2026-02-08 10:51:25.198294,Toronto-9e14,-22,33,Normal
2026-02-08 10:51:26.198294,Toronto-9e14,41,36,Normal
2026-02-08 10:51:27.198294,Toronto-9e14,-18,21,Normal
2026-02-08 10:51:28.198294,Toronto-9e14,-1,14,Normal
2026-02-08 10:51:29.198294,Toronto-9e14,46,68,Normal
2026-02-08 10:51:30.198294,Toronto-9e14,-19,38,Normal
2026-02-08 10:51:31.198294,Toronto-9e14,3,13,Normal
2026-02-08 10:51:32.198294,Toronto-9e14,13,47,Normal
2026-02-08 10:51:33.198294,Toronto-9e14,24,94,Normal
2026-02-08 10:51:34.198294,Toronto-9e14,-30,36,Normal
2026-02-08 10:51:35.198294,Toronto-9e14,-10,24,Normal
2026-02-08 10:51:36.198294,Toronto-9e14,-13,50,Normal
2026-02-08 10:51:37.198294,Toronto-9e14,-3,61,Normal
2026-02-08 10:51:38.198294,Toronto-9e14,50,76,Normal
2026-02-08 10:51:39.198294,Toronto-9e14,-3,39,Normal
2026-02-08 10:51:40.198294,Toronto-9e14,-23,26,Normal
2026-02-08 10:51:41.198294,Toronto-9e14,30,10,Normal
2026-02-08 10:51:42.198294,Toronto-9e14,42,66,Normal
2026-02-08 10:51:43.198294,Toronto-9e14,38,29,Normal
2026-02-08 10:51:44.198294,Toronto-9e14,33,74,Normal
2026-02-08 10:51:45.198294,Toronto-9e14,28,65,Normal
2026-02-08 10:51:46.198294,Toronto-9e14,48,64,Normal
2026-02-08 10:51:47.198294,Toronto-9e14,31,39,Normal
2026-02-08 10:51:48.198294,Toronto-9e14,24,95,Normal
2026-02-08 10:51:49.198294,Toronto-9e14,-15,58,Normal
2026-02-08 10:51:50.198294,Toronto-9e14,12,16,Normal
2026-02-08 10:51:51.198294,Toronto-9e14,20,94,Normal
2026-02-08 10:51:52.198294,Toronto-9e14,-7,31,Normal
2026-02-08 10:51:53.198294,Toronto-9e14,49,36,Normal
2026-02-08 10:51:54.198294,Toronto-9e14,-19,9,Normal
2026-02-08 10:51:55.198294,Toronto-9e14,-21,98,Normal
2026-02-08 10:51:56.198294,Toronto-9e14,9,36,Normal
2026-02-08 10:51:57.198294,Toronto-9e14,45,28,Normal
2026-02-08 10:51:58.198294,Toronto-9e14,33,63,Normal
2026-02-08 10:51:59.198294,Toronto-9e14,4,3,Normal
2026-02-08 10:52:00.198294,Toronto-9e14,-2,75,Normal
2026-02-08 10:52:01.198294,Toronto-9e14,-9,97,Normal
2026-02-08 10:52:02.198294,Toronto-9e14,30,98,Normal
2026-02-08 10:52:03.198294,Toronto-9e14,-20,86,Normal
2026-02-08 10:52:04.198294,Toronto-9e14,0,63,Normal
2026-02-08 10:52:05.198294,Toronto-9e14,-25,49,Normal
2026-02-08 10:52:06.198294,Toronto-9e14,-19,14,Normal
2026-02-08 10:52:07.198294,Toronto-9e14,-27,86,Normal
2026-02-08 10:52:08.198294,Toronto-9e14,-11,26,Normal
2026-02-08 10:52:09.198294,Toronto-9e14,40,99,Normal
2026-02-08 10:52:10.198294,Toronto-9e14,27,88,Normal
2026-02-08 10:52:11.198294,Toronto-9e14,15,16,Normal
2026-02-08 10:52:12.198294,Toronto-9e14,17,17,Normal
2026-02-08 10:52:13.198294,Toronto-9e14,9,68,Normal
2026-02-08 10:52:14.198294,Toronto-9e14,-30,29,Normal
2026-02-08 10:52:15.198294,Toronto-9e14,3,35,Normal
2026-02-08 10:52:16.198294,Toronto-9e14,34,87,Normal
2026-02-08 10:52:17.198294,Toronto-9e14,6,36,Normal
2026-02-08 10:52:18.198294,Toronto-9e14,7,18,Normal
2026-02-08 10:52:19.198294,Toronto-9e14,11,57,Normal
2026-02-08 10:52:20.198294,Toronto-9e14,7,98,Normal
2026-02-08 10:52:21.198294,Toronto-9e14,9,23,Normal
2026-02-08 10:52:22.198294,Toronto-9e14,4,33,Normal
2026-02-08 10:52:23.198294,Toronto-9e14,47,13,Normal
2026-02-08 10:52:24.198294,Toronto-9e14,16,51,Normal
2026-02-08 10:52:25.198294,Toronto-9e14,-18,35,Normal
2026-02-08 10:52:26.198294,Toronto-9e14,9,56,Normal
2026-02-08 10:52:27.198294,Toronto-9e14,-30,84,Normal
2026-02-08 10:52:28.198294,Toronto-9e14,50,35,Normal
2026-02-08 10:52:29.198294,Toronto-9e14,-15,90,Normal
2026-02-08 10:52:30.198294,Toronto-9e14,19,30,Normal
2026-02-08 10:52:31.198294,Toronto-9e14,-4,92,Normal
2026-02-08 10:52:32.198294,Toronto-9e14,-10,93,Normal
2026-02-08 10:52:33.198294,Toronto-9e14,-26,1,Normal
2026-02-08 10:52:34.198294,Toronto-9e14,6,19,Normal
2026-02-08 10:52:35.198294,Toronto-9e14,18,80,Normal
2026-02-08 10:52:36.198294,Toronto-9e14,-21,51,Normal
2026-02-08 10:52:37.198294,Toronto-9e14,-16,83,Normal
2026-02-08 10:52:38.198294,Toronto-9e14,-7,95,Normal
2026-02-08 10:52:39.198294,Toronto-9e14,-26,48,Normal
2026-02-08 10:52:40.198294,Toronto-9e14,43,53,Normal
2026-02-08 10:52:41.198294,Toronto-9e14,-13,68,Normal
2026-02-08 10:52:42.198294,Toronto-9e14,28,30,Normal
2026-02-08 10:52:43.198294,Toronto-9e14,4,53,Normal
2026-02-08 10:52:44.198294,Toronto-9e14,35,61,Normal
2026-02-08 10:52:45.198294,Toronto-9e14,2,95,Normal
2026-02-08 10:52:46.198294,Toronto-9e14,7,43,Normal
2026-02-08 10:52:47.198294,Toronto-9e14,23,15,Normal
2026-02-08 10:52:48.198294,Toronto-9e14,28,57,Normal
2026-02-08 10:52:49.198294,Toronto-9e14,16,78,Normal
2026-02-08 10:52:50.198294,Toronto-9e14,1,44,Normal
2026-02-08 10:52:51.198294,Toronto-9e14,7,47,Normal
2026-02-08 10:52:52.198294,Toronto-9e14,-15,78,Normal
2026-02-08 10:52:53.198294,Toronto-9e14,26,27,Normal
2026-02-08 10:52:54.198294,Toronto-9e14,-20,73,Normal
2026-02-08 10:52:55.198294,Toronto-9e14,10,93,Normal
2026-02-08 10:52:56.198294,Toronto-9e14,-1,52,Normal
2026-02-08 10:52:57.198294,Toronto-9e14,-13,96,Normal
2026-02-08 10:52:58.198294,Toronto-9e14,7,90,Normal
2026-02-08 10:52:59.198294,Toronto-9e14,-14,4,Normal
2026-02-08 10:53:00.198294,Toronto-9e14,50,78,Normal
2026-02-08 10:53:01.198294,Toronto-9e14,23,69,Normal
2026-02-08 10:53:02.198294,Toronto-9e14,47,93,Normal
2026-02-08 10:53:03.198294,Toronto-9e14,31,16,Normal
2026-02-08 10:53:04.198294,Toronto-9e14,8,71,Normal
2026-02-08 10:53:05.198294,Toronto-9e14,17,76,Normal
2026-02-08 10:53:06.198294,Toronto-9e14,-23,23,Normal
2026-02-08 10:53:07.198294,Toronto-9e14,23,31,Normal
2026-02-08 10:53:08.198294,Toronto-9e14,3,32,Normal
2026-02-08 10:53:09.198294,Toronto-9e14,50,20,Normal
2026-02-08 10:53:10.198294,Toronto-9e14,-28,69,Normal
2026-02-08 10:53:11.198294,Toronto-9e14,25,89,Normal
2026-02-08 10:53:12.198294,Toronto-9e14,3,84,Normal
2026-02-08 10:53:13.198294,Toronto-9e14,26,82,Normal
2026-02-08 10:53:14.198294,Toronto-9e14,-24,76,Normal
2026-02-08 10:53:15.198294,Toronto-9e14,-9,36,Normal
2026-02-08 10:53:16.198294,Toronto-9e14,4,68,Normal
2026-02-08 10:53:17.198294,Toronto-9e14,45,18,Normal
2026-02-08 10:53:18.198294,Toronto-9e14,-14,28,Normal
2026-02-08 10:53:19.198294,Toronto-9e14,-1,38,Normal
2026-02-08 10:53:20.198294,Toronto-9e14,49,88,Normal
2026-02-08 10:53:21.198294,Toronto-9e14,-19,38,Normal
2026-02-08 10:53:22.198294,Toronto-9e14,-26,47,Normal
2026-02-08 10:53:23.198294,Toronto-9e14,48,93,Normal
2026-02-08 10:53:24.198294,Toronto-9e14,45,38,Normal
2026-02-08 10:53:25.198294,Toronto-9e14,-12,99,Normal
2026-02-08 10:53:26.198294,Toronto-9e14,17,10,Normal
2026-02-08 10:53:27.198294,Toronto-9e14,21,6,Normal
2026-02-08 10:53:28.198294,Toronto-9e14,-28,46,Normal
2026-02-08 10:53:29.198294,Toronto-9e14,36,85,Normal
2026-02-08 10:53:30.198294,Toronto-9e14,24,29,Normal
2026-02-08 10:53:31.198294,Toronto-9e14,-6,36,Normal
2026-02-08 10:53:32.198294,Toronto-9e14,20,19,Normal
2026-02-08 10:53:33.198294,Toronto-9e14,27,30,Normal
2026-02-08 10:53:34.198294,Toronto-9e14,27,80,Normal
2026-02-08 10:53:35.198294,Toronto-9e14,-17,18,Normal
2026-02-08 10:53:36.198294,Toronto-9e14,36,6,Normal
2026-02-08 10:53:37.198294,Toronto-9e14,6,89,Normal
2026-02-08 10:53:38.198294,Toronto-9e14,25,83,Normal
2026-02-08 10:53:39.198294,Toronto-9e14,3,76,Normal
2026-02-08 10:53:40.198294,Toronto-9e14,-22,9,Normal
2026-02-08 10:53:41.198294,Toronto-9e14,-29,24,Normal
2026-02-08 10:53:42.198294,Toronto-9e14,-15,55,Normal
2026-02-08 10:53:43.198294,Toronto-9e14,-26,33,Normal
2026-02-08 10:53:44.198294,Toronto-9e14,43,16,Normal
2026-02-08 10:53:45.198294,Toronto-9e14,-1,46,Normal
2026-02-08 10:53:46.198294,Toronto-9e14,41,61,Normal
2026-02-08 10:53:47.198294,Toronto-9e14,21,100,Normal
2026-02-08 10:53:48.198294,Toronto-9e14,-13,62,Normal
2026-02-08 10:53:49.198294,Toronto-9e14,9,41,Normal
2026-02-08 10:53:50.198294,Toronto-9e14,11,50,Normal
2026-02-08 10:53:51.198294,Toronto-9e14,-4,74,Normal
2026-02-08 10:53:52.198294,Toronto-9e14,0,33,Normal
2026-02-08 10:53:53.198294,Toronto-9e14,-20,1,Normal
2026-02-08 10:53:54.198294,Toronto-9e14,28,11,Normal
2026-02-08 10:53:55.198294,Toronto-9e14,41,5,Normal
2026-02-08 10:53:56.198294,Toronto-9e14,-9,85,Normal
2026-02-08 10:53:57.198294,Toronto-9e14,21,33,Normal
2026-02-08 10:53:58.198294,Toronto-9e14,-16,72,Normal
2026-02-08 10:53:59.198294,Toronto-9e14,8,3,Normal
2026-02-08 10:54:00.198294,Toronto-9e14,18,46,Normal
2026-02-08 10:54:01.198294,Toronto-9e14,7,52,Normal
2026-02-08 10:54:02.198294,Toronto-9e14,23,85,Normal
2026-02-08 10:54:03.198294,Toronto-9e14,-20,64,Normal
2026-02-08 10:54:04.198294,Toronto-9e14,-11,36,Normal
2026-02-08 10:54:05.198294,Toronto-9e14,-4,50,Normal
2026-02-08 10:54:06.198294,Toronto-9e14,12,59,Normal
2026-02-08 10:54:07.198294,Toronto-9e14,1,68,Normal
2026-02-08 10:54:08.198294,Toronto-9e14,17,81,Normal
2026-02-08 10:54:09.198294,Toronto-9e14,21,8,Normal
2026-02-08 10:54:10.198294,Toronto-9e14,-5,55,Normal
2026-02-08 10:54:11.198294,Toronto-9e14,-5,98,Normal
2026-02-08 10:54:12.198294,Toronto-9e14,48,58,Normal
2026-02-08 10:54:13.198294,Toronto-9e14,-16,96,Normal
2026-02-08 10:54:14.198294,Toronto-9e14,-29,66,Normal
2026-02-08 10:54:15.198294,Toronto-9e14,-11,46,Normal
2026-02-08 10:54:16.198294,Toronto-9e14,17,94,Normal
2026-02-08 10:54:17.198294,Toronto-9e14,32,3,Normal
2026-02-08 10:54:18.198294,Toronto-9e14,44,91,Normal
2026-02-08 10:54:19.198294,Toronto-9e14,5,46,Normal
2026-02-08 10:54:20.198294,Toronto-9e14,-7,48,Normal
2026-02-08 10:54:21.198294,Toronto-9e14,40,84,Normal
2026-02-08 10:54:22.198294,Toronto-9e14,12,49,Normal
2026-02-08 10:54:23.198294,Toronto-9e14,26,83,Normal
2026-02-08 10:54:24.198294,Toronto-9e14,-25,26,Normal
2026-02-08 10:54:25.198294,Toronto-9e14,37,32,Normal
2026-02-08 10:54:26.198294,Toronto-9e14,-9,23,Normal
2026-02-08 10:54:27.198294,Toronto-9e14,31,71,Normal
2026-02-08 10:54:28.198294,Toronto-9e14,41,99,Normal
2026-02-08 10:54:29.198294,Toronto-9e14,-3,42,Normal
2026-02-08 10:54:30.198294,Toronto-9e14,-15,68,Normal
2026-02-08 10:54:31.198294,Toronto-9e14,24,22,Normal
2026-02-08 10:54:32.198294,Toronto-9e14,29,77,Normal
2026-02-08 10:54:33.198294,Toronto-9e14,31,11,Normal
2026-02-08 10:54:34.198294,Toronto-9e14,-28,37,Normal
2026-02-08 10:54:35.198294,Toronto-9e14,43,72,Normal
2026-02-08 10:54:36.198294,Toronto-9e14,-7,18,Normal
2026-02-08 10:54:37.198294,Toronto-9e14,31,80,Normal
2026-02-08 10:54:38.198294,Toronto-9e14,22,28,Normal
2026-02-08 10:54:39.198294,Toronto-9e14,-17,32,Normal
2026-02-08 10:54:40.198294,Toronto-9e14,45,96,Normal
2026-02-08 10:54:41.198294,Toronto-9e14,21,14,Normal
2026-02-08 10:54:42.198294,Toronto-9e14,10,72,Normal
2026-02-08 10:54:43.198294,Toronto-9e14,9,21,Normal
2026-02-08 10:54:44.198294,Toronto-9e14,12,25,Normal
2026-02-08 10:54:45.198294,Toronto-9e14,-27,93,Normal
2026-02-08 10:54:46.198294,Toronto-9e14,15,60,Normal
2026-02-08 10:54:47.198294,Toronto-9e14,33,56,Normal
2026-02-08 10:54:48.198294,Toronto-9e14,42,40,Normal
2026-02-08 10:54:49.198294,Toronto-9e14,50,26,Normal
2026-02-08 10:54:50.198294,Toronto-9e14,-21,56,Normal
2026-02-08 10:54:51.198294,Toronto-9e14,5,92,Normal
2026-02-08 10:54:52.198294,Toronto-9e14,3,80,Normal
2026-02-08 10:54:53.198294,Toronto-9e14,43,83,Normal
2026-02-08 10:54:54.198294,Toronto-9e14,22,21,Normal
2026-02-08 10:54:55.198294,Toronto-9e14,-13,76,Normal
2026-02-08 10:54:56.198294,Toronto-9e14,-18,56,Normal
2026-02-08 10:54:57.198294,Toronto-9e14,12,30,Normal
2026-02-08 10:54:58.198294,Toronto-9e14,-24,22,Normal
2026-02-08 10:54:59.198294,Toronto-9e14,-16,17,Normal
2026-02-08 10:55:00.198294,Toronto-9e14,36,29,Normal
2026-02-08 10:55:01.198294,Toronto-9e14,46,51,Normal
2026-02-08 10:55:02.198294,Toronto-9e14,26,80,Normal
2026-02-08 10:55:03.198294,Toronto-9e14,-25,24,Normal
2026-02-08 10:55:04.198294,Toronto-9e14,3,49,Normal
2026-02-08 10:55:05.198294,Toronto-9e14,-7,48,Normal
2026-02-08 10:55:06.198294,Toronto-9e14,-24,14,Normal
2026-02-08 10:55:07.198294,Toronto-9e14,21,17,Normal
2026-02-08 10:55:08.198294,Toronto-9e14,17,22,Normal
2026-02-08 10:55:09.198294,Toronto-9e14,4,55,Normal
2026-02-08 10:55:10.198294,Toronto-9e14,33,20,Normal
2026-02-08 10:55:11.198294,Toronto-9e14,14,77,Normal
2026-02-08 10:55:12.198294,Toronto-9e14,21,76,Normal
2026-02-08 10:55:13.198294,Toronto-9e14,-14,73,Normal
2026-02-08 10:55:14.198294,Toronto-9e14,-16,66,Normal
2026-02-08 10:55:15.198294,Toronto-9e14,-5,88,Normal
2026-02-08 10:55:16.198294,Toronto-9e14,2,49,Normal
2026-02-08 10:55:17.198294,Toronto-9e14,49,72,Normal
2026-02-08 10:55:18.198294,Toronto-9e14,28,4,Normal
2026-02-08 10:55:19.198294,Toronto-9e14,-5,75,Normal
2026-02-08 10:55:20.198294,Toronto-9e14,42,41,Normal
2026-02-08 10:55:21.198294,Toronto-9e14,4,31,Normal
2026-02-08 10:55:22.198294,Toronto-9e14,-30,67,Normal
2026-02-08 10:55:23.198294,Toronto-9e14,-9,2,Normal
2026-02-08 10:55:24.198294,Toronto-9e14,-18,18,Normal
2026-02-08 10:55:25.198294,Toronto-9e14,6,30,Normal
2026-02-08 10:55:26.198294,Toronto-9e14,-11,5,Normal
2026-02-08 10:55:27.198294,Toronto-9e14,21,97,Normal
2026-02-08 10:55:28.198294,Toronto-9e14,37,40,Normal
2026-02-08 10:55:29.198294,Toronto-9e14,20,67,Normal
2026-02-08 10:55:30.198294,Toronto-9e14,-7,1,Normal
2026-02-08 10:55:31.198294,Toronto-9e14,18,67,Normal
2026-02-08 10:55:32.198294,Toronto-9e14,-1,27,Normal
2026-02-08 10:55:33.198294,Toronto-9e14,23,73,Normal
2026-02-08 10:55:34.198294,Toronto-9e14,-29,4,Normal
2026-02-08 10:55:35.198294,Toronto-9e14,-12,22,Normal
2026-02-08 10:55:36.198294,Toronto-9e14,-25,26,Normal
2026-02-08 10:55:37.198294,Toronto-9e14,2,37,Normal
2026-02-08 10:55:38.198294,Toronto-9e14,6,27,Normal
2026-02-08 10:55:39.198294,Toronto-9e14,-19,31,Normal
2026-02-08 10:55:40.198294,Toronto-9e14,-15,78,Normal
2026-02-08 10:55:41.198294,Toronto-9e14,11,47,Normal
2026-02-08 10:55:42.198294,Toronto-9e14,39,99,Normal
2026-02-08 10:55:43.198294,Toronto-9e14,-16,2,Normal
2026-02-08 10:55:44.198294,Toronto-9e14,-13,3,Normal
2026-02-08 10:55:45.198294,Toronto-9e14,24,70,Normal
2026-02-08 10:55:46.198294,Toronto-9e14,13,9,Normal
2026-02-08 10:55:47.198294,Toronto-9e14,-1,9,Normal
2026-02-08 10:55:48.198294,Toronto-9e14,-10,32,Normal
2026-02-08 10:55:49.198294,Toronto-9e14,50,88,Normal
2026-02-08 10:55:50.198294,Toronto-9e14,8,84,Normal
2026-02-08 10:55:51.198294,Toronto-9e14,6,41,Normal
2026-02-08 10:55:52.198294,Toronto-9e14,-12,97,Normal
2026-02-08 10:55:53.198294,Toronto-9e14,-29,77,Normal
2026-02-08 10:55:54.198294,Toronto-9e14,-17,11,Normal
2026-02-08 10:55:55.198294,Toronto-9e14,39,12,Normal
2026-02-08 10:55:56.198294,Toronto-9e14,28,3,Normal
2026-02-08 10:55:57.198294,Toronto-9e14,18,94,Normal
2026-02-08 10:55:58.198294,Toronto-9e14,-21,66,Normal
2026-02-08 10:55:59.198294,Toronto-9e14,33,79,Normal
2026-02-08 10:56:00.198294,Toronto-9e14,-27,75,Normal
2026-02-08 10:56:01.198294,Toronto-9e14,-16,32,Normal
2026-02-08 10:56:02.198294,Toronto-9e14,-24,8,Normal
2026-02-08 10:56:03.198294,Toronto-9e14,-24,8,Normal
2026-02-08 10:56:04.198294,Toronto-9e14,23,68,Normal
2026-02-08 10:56:05.198294,Toronto-9e14,41,95,Normal
2026-02-08 10:56:06.198294,Toronto-9e14,44,47,Normal
2026-02-08 10:56:07.198294,Toronto-9e14,45,28,Normal
2026-02-08 10:56:08.198294,Toronto-9e14,0,12,Normal
2026-02-08 10:56:09.198294,Toronto-9e14,48,2,Normal
2026-02-08 10:56:10.198294,Toronto-9e14,33,40,Normal
2026-02-08 10:56:11.198294,Toronto-9e14,13,12,Normal
2026-02-08 10:56:12.198294,Toronto-9e14,42,90,Normal
2026-02-08 10:56:13.198294,Toronto-9e14,4,33,Normal
2026-02-08 10:56:14.198294,Toronto-9e14,43,54,Normal
2026-02-08 10:56:15.198294,Toronto-9e14,8,44,Normal
2026-02-08 10:56:16.198294,Toronto-9e14,49,52,Normal
2026-02-08 10:56:17.198294,Toronto-9e14,34,94,Normal
2026-02-08 10:56:18.198294,Toronto-9e14,2,12,Normal
2026-02-08 10:56:19.198294,Toronto-9e14,13,86,Normal
2026-02-08 10:56:20.198294,Toronto-9e14,9,23,Normal
2026-02-08 10:56:21.198294,Toronto-9e14,-10,28,Normal
2026-02-08 10:56:22.198294,Toronto-9e14,23,64,Normal
2026-02-08 10:56:23.198294,Toronto-9e14,7,16,Normal
2026-02-08 10:56:24.198294,Toronto-9e14,-15,27,Normal
2026-02-08 10:56:25.198294,Toronto-9e14,30,40,Normal
2026-02-08 10:56:26.198294,Toronto-9e14,41,20,Normal
2026-02-08 10:56:27.198294,Toronto-9e14,45,0,Normal
2026-02-08 10:56:28.198294,Toronto-9e14,-24,95,Normal
2026-02-08 10:56:29.198294,Toronto-9e14,45,7,Normal
2026-02-08 10:56:30.198294,Toronto-9e14,-16,99,Normal
2026-02-08 10:56:31.198294,Toronto-9e14,14,6,Normal
2026-02-08 10:56:32.198294,Toronto-9e14,16,91,Normal
2026-02-08 10:56:33.198294,Toronto-9e14,11,91,Normal
2026-02-08 10:56:34.198294,Toronto-9e14,-18,94,Normal
2026-02-08 10:56:35.198294,Toronto-9e14,22,56,Normal
2026-02-08 10:56:36.198294,Toronto-9e14,8,8,Normal
2026-02-08 10:56:37.198294,Toronto-9e14,10,57,Normal
2026-02-08 10:56:38.198294,Toronto-9e14,0,19,Normal
2026-02-08 10:56:39.198294,Toronto-9e14,30,59,Normal
2026-02-08 10:56:40.198294,Toronto-9e14,25,14,Normal
2026-02-08 10:56:41.198294,Toronto-9e14,4,56,Normal
2026-02-08 10:56:42.198294,Toronto-9e14,14,17,Normal
2026-02-08 10:56:43.198294,Toronto-9e14,9,3,Normal
2026-02-08 10:56:44.198294,Toronto-9e14,-24,85,Normal
2026-02-08 10:56:45.198294,Toronto-9e14,8,74,Normal
2026-02-08 10:56:46.198294,Toronto-9e14,36,56,Normal
2026-02-08 10:56:47.198294,Toronto-9e14,17,18,Normal
2026-02-08 10:56:48.198294,Toronto-9e14,-17,40,Normal
2026-02-08 10:56:49.198294,Toronto-9e14,17,26,Normal
2026-02-08 10:56:50.198294,Toronto-9e14,30,47,Normal
2026-02-08 10:56:51.198294,Toronto-9e14,5,86,Normal
2026-02-08 10:56:52.198294,Toronto-9e14,-27,8,Normal
2026-02-08 10:56:53.198294,Toronto-9e14,34,21,Normal
2026-02-08 10:56:54.198294,Toronto-9e14,12,98,Normal
2026-02-08 10:56:55.198294,Toronto-9e14,34,5,Normal
2026-02-08 10:56:56.198294,Toronto-9e14,24,83,Normal
2026-02-08 10:56:57.198294,Toronto-9e14,48,58,Normal
2026-02-08 10:56:58.198294,Toronto-9e14,-26,92,Normal
2026-02-08 10:56:59.198294,Toronto-9e14,27,67,Normal
2026-02-08 10:57:00.198294,Toronto-9e14,35,66,Normal
2026-02-08 10:57:01.198294,Toronto-9e14,26,72,Normal
2026-02-08 10:57:02.198294,Toronto-9e14,-5,63,Normal
2026-02-08 10:57:03.198294,Toronto-9e14,21,93,Normal
2026-02-08 10:57:04.198294,Toronto-9e14,-29,88,Normal
2026-02-08 10:57:05.198294,Toronto-9e14,-9,92,Normal
2026-02-08 10:57:06.198294,Toronto-9e14,-28,94,Normal
2026-02-08 10:57:07.198294,Toronto-9e14,34,17,Normal
2026-02-08 10:57:08.198294,Toronto-9e14,43,18,Normal
2026-02-08 10:57:09.198294,Toronto-9e14,-5,22,Normal
2026-02-08 10:57:10.198294,Toronto-9e14,-8,79,Normal
2026-02-08 10:57:11.198294,Toronto-9e14,44,52,Normal
2026-02-08 10:57:12.198294,Toronto-9e14,42,76,Normal
2026-02-08 10:57:13.198294,Toronto-9e14,40,18,Normal
2026-02-08 10:57:14.198294,Toronto-9e14,29,55,Normal
2026-02-08 10:57:15.198294,Toronto-9e14,14,99,Normal
2026-02-08 10:57:16.198294,Toronto-9e14,37,50,Normal
2026-02-08 10:57:17.198294,Toronto-9e14,21,42,Normal
2026-02-08 10:57:18.198294,Toronto-9e14,-27,92,Normal
2026-02-08 10:57:19.198294,Toronto-9e14,5,66,Normal
2026-02-08 10:57:20.198294,Toronto-9e14,-29,24,Normal
2026-02-08 10:57:21.198294,Toronto-9e14,-15,13,Normal
2026-02-08 10:57:22.198294,Toronto-9e14,26,1,Normal
2026-02-08 10:57:23.198294,Toronto-9e14,-23,29,Normal
2026-02-08 10:57:24.198294,Toronto-9e14,9,75,Normal
2026-02-08 10:57:25.198294,Toronto-9e14,12,14,Normal
2026-02-08 10:57:26.198294,Toronto-9e14,27,54,Normal
2026-02-08 10:57:27.198294,Toronto-9e14,-15,70,Normal
2026-02-08 10:57:28.198294,Toronto-9e14,25,0,Normal
2026-02-08 10:57:29.198294,Toronto-9e14,25,90,Normal
2026-02-08 10:57:30.198294,Toronto-9e14,-22,25,Normal
2026-02-08 10:57:31.198294,Toronto-9e14,25,41,Normal
2026-02-08 10:57:32.198294,Toronto-9e14,13,6,Normal
2026-02-08 10:57:33.198294,Toronto-9e14,3,86,Normal
2026-02-08 10:57:34.198294,Toronto-9e14,24,18,Normal
2026-02-08 10:57:35.198294,Toronto-9e14,38,9,Normal
2026-02-08 10:57:36.198294,Toronto-9e14,40,32,Normal
2026-02-08 10:57:37.198294,Toronto-9e14,18,97,Normal
2026-02-08 10:57:38.198294,Toronto-9e14,28,18,Normal
2026-02-08 10:57:39.198294,Toronto-9e14,33,15,Normal
2026-02-08 10:57:40.198294,Toronto-9e14,-19,98,Normal
2026-02-08 10:57:41.198294,Toronto-9e14,29,32,Normal
2026-02-08 10:57:42.198294,Toronto-9e14,-28,75,Normal
2026-02-08 10:57:43.198294,Toronto-9e14,16,5,Normal
2026-02-08 10:57:44.198294,Toronto-9e14,42,94,Normal
2026-02-08 10:57:45.198294,Toronto-9e14,38,49,Normal
2026-02-08 10:57:46.198294,Toronto-9e14,25,37,Normal
2026-02-08 10:57:47.198294,Toronto-9e14,-20,36,Normal
2026-02-08 10:57:48.198294,Toronto-9e14,10,28,Normal
2026-02-08 10:57:49.198294,Toronto-9e14,23,38,Normal
2026-02-08 10:57:50.198294,Toronto-9e14,24,59,Normal
2026-02-08 10:57:51.198294,Toronto-9e14,-9,91,Normal
2026-02-08 10:57:52.198294,Toronto-9e14,-26,59,Normal
2026-02-08 10:57:53.198294,Toronto-9e14,7,63,Normal
2026-02-08 10:57:54.198294,Toronto-9e14,-17,90,Normal
2026-02-08 10:57:55.198294,Toronto-9e14,11,96,Normal
2026-02-08 10:57:56.198294,Toronto-9e14,-11,38,Normal
2026-02-08 10:57:57.198294,Toronto-9e14,-27,95,Normal
2026-02-08 10:57:58.198294,Toronto-9e14,-8,17,Normal
2026-02-08 10:57:59.198294,Toronto-9e14,-9,23,Normal
2026-02-08 10:58:00.198294,Toronto-9e14,-24,78,Normal
2026-02-08 10:58:01.198294,Toronto-9e14,-16,42,Normal
2026-02-08 10:58:02.198294,Toronto-9e14,-7,3,Normal
2026-02-08 10:58:03.198294,Toronto-9e14,-2,6,Normal
2026-02-08 10:58:04.198294,Toronto-9e14,-14,35,Normal
2026-02-08 10:58:05.198294,Toronto-9e14,-17,20,Normal
2026-02-08 10:58:06.198294,Toronto-9e14,-8,51,Normal
2026-02-08 10:58:07.198294,Toronto-9e14,11,17,Normal
2026-02-08 10:58:08.198294,Toronto-9e14,23,41,Normal
2026-02-08 10:58:09.198294,Toronto-9e14,-16,90,Normal
2026-02-08 10:58:10.198294,Toronto-9e14,26,84,Normal
2026-02-08 10:58:11.198294,Toronto-9e14,5,57,Normal
2026-02-08 10:58:12.198294,Toronto-9e14,21,43,Normal
2026-02-08 10:58:13.198294,Toronto-9e14,-6,95,Normal
2026-02-08 10:58:14.198294,Toronto-9e14,-27,57,Normal
2026-02-08 10:58:15.198294,Toronto-9e14,6,54,Normal
2026-02-08 10:58:16.198294,Toronto-9e14,-23,99,Normal
2026-02-08 10:58:17.198294,Toronto-9e14,42,46,Normal
2026-02-08 10:58:18.198294,Toronto-9e14,0,96,Normal
2026-02-08 10:58:19.198294,Toronto-9e14,41,35,Normal
2026-02-08 10:58:20.198294,Toronto-9e14,8,14,Normal
2026-02-08 10:58:21.198294,Toronto-9e14,31,81,Normal
2026-02-08 10:58:22.198294,Toronto-9e14,16,70,Normal
2026-02-08 10:58:23.198294,Toronto-9e14,-20,89,Normal
2026-02-08 10:58:24.198294,Toronto-9e14,1,18,Normal
2026-02-08 10:58:25.198294,Toronto-9e14,-21,29,Normal
2026-02-08 10:58:26.198294,Toronto-9e14,11,95,Normal
2026-02-08 10:58:27.198294,Toronto-9e14,5,93,Normal
2026-02-08 10:58:28.198294,Toronto-9e14,23,34,Normal
2026-02-08 10:58:29.198294,Toronto-9e14,-18,53,Normal
2026-02-08 10:58:30.198294,Toronto-9e14,-2,2,Normal
2026-02-08 10:58:31.198294,Toronto-9e14,30,51,Normal
2026-02-08 10:58:32.198294,Toronto-9e14,-11,81,Normal
2026-02-08 10:58:33.198294,Toronto-9e14,41,9,Normal
2026-02-08 10:58:34.198294,Toronto-9e14,49,32,Normal
2026-02-08 10:58:35.198294,Toronto-9e14,-2,34,Normal
2026-02-08 10:58:36.198294,Toronto-9e14,50,57,Normal
2026-02-08 10:58:37.198294,Toronto-9e14,-24,5,Normal
2026-02-08 10:58:38.198294,Toronto-9e14,-14,40,Normal
2026-02-08 10:58:39.198294,Toronto-9e14,-22,0,Normal
2026-02-08 10:58:40.198294,Toronto-9e14,6,70,Normal
2026-02-08 10:58:41.198294,Toronto-9e14,-9,87,Normal
2026-02-08 10:58:42.198294,Toronto-9e14,27,45,Normal
2026-02-08 10:58:43.198294,Toronto-9e14,21,21,Normal
2026-02-08 10:58:44.198294,Toronto-9e14,-14,39,Normal
2026-02-08 10:58:45.198294,Toronto-9e14,-28,67,Normal
2026-02-08 10:58:46.198294,Toronto-9e14,42,59,Normal
2026-02-08 10:58:47.198294,Toronto-9e14,-3,80,Normal
2026-02-08 10:58:48.198294,Toronto-9e14,-8,84,Normal
2026-02-08 10:58:49.198294,Toronto-9e14,40,100,Normal
2026-02-08 10:58:50.198294,Toronto-9e14,2,32,Normal
2026-02-08 10:58:51.198294,Toronto-9e14,44,33,Normal
2026-02-08 10:58:52.198294,Toronto-9e14,38,23,Normal
2026-02-08 10:58:53.198294,Toronto-9e14,-18,64,Normal
2026-02-08 10:58:54.198294,Toronto-9e14,4,40,Normal
2026-02-08 10:58:55.198294,Toronto-9e14,-10,97,Normal
2026-02-08 10:58:56.198294,Toronto-9e14,17,58,Normal
2026-02-08 10:58:57.198294,Toronto-9e14,-10,79,Normal
2026-02-08 10:58:58.198294,Toronto-9e14,11,16,Normal
2026-02-08 10:58:59.198294,Toronto-9e14,-18,58,Normal
2026-02-08 10:59:00.198294,Toronto-9e14,-11,18,Normal
2026-02-08 10:59:01.198294,Toronto-9e14,19,28,Normal
2026-02-08 10:59:02.198294,Toronto-9e14,23,16,Normal
2026-02-08 10:59:03.198294,Toronto-9e14,-26,66,Normal
2026-02-08 10:59:04.198294,Toronto-9e14,-17,86,Normal
2026-02-08 10:59:05.198294,Toronto-9e14,-4,39,Normal
2026-02-08 10:59:06.198294,Toronto-9e14,23,70,Normal
2026-02-08 10:59:07.198294,Toronto-9e14,44,33,Normal
2026-02-08 10:59:08.198294,Toronto-9e14,5,94,Normal
2026-02-08 10:59:09.198294,Toronto-9e14,43,38,Normal
2026-02-08 10:59:10.198294,Toronto-9e14,37,77,Normal
2026-02-08 10:59:11.198294,Toronto-9e14,-15,32,Normal
2026-02-08 10:59:12.198294,Toronto-9e14,9,88,Normal
2026-02-08 10:59:13.198294,Toronto-9e14,17,99,Normal
2026-02-08 10:59:14.198294,Toronto-9e14,28,59,Normal
2026-02-08 10:59:15.198294,Toronto-9e14,15,90,Normal
2026-02-08 10:59:16.198294,Toronto-9e14,-6,9,Normal
2026-02-08 10:59:17.198294,Toronto-9e14,15,60,Normal
2026-02-08 10:59:18.198294,Toronto-9e14,-19,96,Normal
2026-02-08 10:59:19.198294,Toronto-9e14,46,47,Normal
2026-02-08 10:59:20.198294,Toronto-9e14,32,13,Normal
2026-02-08 10:59:21.198294,Toronto-9e14,-30,54,Normal
2026-02-08 10:59:22.198294,Toronto-9e14,-30,62,Normal
2026-02-08 10:59:23.198294,Toronto-9e14,39,97,Normal
2026-02-08 10:59:24.198294,Toronto-9e14,31,67,Normal
2026-02-08 10:59:25.198294,Toronto-9e14,33,59,Normal
2026-02-08 10:59:26.198294,Toronto-9e14,-2,10,Normal
2026-02-08 10:59:27.198294,Toronto-9e14,-9,16,Normal
2026-02-08 10:59:28.198294,Toronto-9e14,29,40,Normal
2026-02-08 10:59:29.198294,Toronto-9e14,-3,50,Normal
2026-02-08 10:59:30.198294,Toronto-9e14,3,48,Normal
2026-02-08 10:59:31.198294,Toronto-9e14,-5,71,Normal
2026-02-08 10:59:32.198294,Toronto-9e14,31,100,Normal
2026-02-08 10:59:33.198294,Toronto-9e14,-2,18,Normal
2026-02-08 10:59:34.198294,Toronto-9e14,-10,77,Normal
2026-02-08 10:59:35.198294,Toronto-9e14,40,66,Normal
2026-02-08 10:59:36.198294,Toronto-9e14,7,89,Normal
2026-02-08 10:59:37.198294,Toronto-9e14,-25,38,Normal
2026-02-08 10:59:38.198294,Toronto-9e14,39,42,Normal
2026-02-08 10:59:39.198294,Toronto-9e14,28,90,Normal
2026-02-08 10:59:40.198294,Toronto-9e14,39,18,Normal
2026-02-08 10:59:41.198294,Toronto-9e14,42,60,Normal
2026-02-08 10:59:42.198294,Toronto-9e14,-25,3,Normal
2026-02-08 10:59:43.198294,Toronto-9e14,7,38,Normal
2026-02-08 10:59:44.198294,Toronto-9e14,26,97,Normal
2026-02-08 10:59:45.198294,Toronto-9e14,-9,13,Normal
2026-02-08 10:59:46.198294,Toronto-9e14,27,86,Normal
2026-02-08 10:59:47.198294,Toronto-9e14,14,79,Normal
2026-02-08 10:59:48.198294,Toronto-9e14,45,47,Normal
2026-02-08 10:59:49.198294,Toronto-9e14,-18,82,Normal
2026-02-08 10:59:50.198294,Toronto-9e14,-30,92,Normal
2026-02-08 10:59:51.198294,Toronto-9e14,-18,6,Normal
2026-02-08 10:59:52.198294,Toronto-9e14,33,21,Normal
2026-02-08 10:59:53.198294,Toronto-9e14,28,67,Normal
2026-02-08 10:59:54.198294,Toronto-9e14,41,1,Normal
2026-02-08 10:59:55.198294,Toronto-9e14,41,82,Normal
2026-02-08 10:59:56.198294,Toronto-9e14,49,89,Normal
2026-02-08 10:59:57.198294,Toronto-9e14,29,99,Normal
2026-02-08 10:59:58.198294,Toronto-9e14,5,87,Normal
2026-02-08 10:59:59.198294,Toronto-9e14,47,36,Normal
2026-02-08 11:00:00.198294,Toronto-9e14,50,10,Normal
2026-02-08 11:00:01.198294,Toronto-9e14,-18,46,Normal
2026-02-08 11:00:02.198294,Toronto-9e14,22,92,Normal
2026-02-08 11:00:03.198294,Toronto-9e14,31,69,Normal
2026-02-08 11:00:04.198294,Toronto-9e14,4,55,Normal
2026-02-08 11:00:05.198294,Toronto-9e14,45,91,Normal
2026-02-08 11:00:06.198294,Toronto-9e14,-30,15,Normal
2026-02-08 11:00:07.198294,Toronto-9e14,19,34,Normal
2026-02-08 11:00:08.198294,Toronto-9e14,11,56,Normal
2026-02-08 11:00:09.198294,Toronto-9e14,18,60,Normal
2026-02-08 11:00:10.198294,Toronto-9e14,40,94,Normal
2026-02-08 11:00:11.198294,Toronto-9e14,-9,52,Normal
2026-02-08 11:00:12.198294,Toronto-9e14,-6,20,Normal
2026-02-08 11:00:13.198294,Toronto-9e14,-7,71,Normal
2026-02-08 11:00:14.198294,Toronto-9e14,-23,80,Normal
2026-02-08 11:00:15.198294,Toronto-9e14,-1,61,Normal
2026-02-08 11:00:16.198294,Toronto-9e14,-21,31,Normal
2026-02-08 11:00:17.198294,Toronto-9e14,-7,91,Normal
2026-02-08 11:00:18.198294,Toronto-9e14,33,97,Normal
2026-02-08 11:00:19.198294,Toronto-9e14,11,8,Normal
2026-02-08 11:00:20.198294,Toronto-9e14,1,80,Normal
2026-02-08 11:00:21.198294,Toronto-9e14,43,21,Normal
2026-02-08 11:00:22.198294,Toronto-9e14,31,23,Normal
2026-02-08 11:00:23.198294,Toronto-9e14,1,18,Normal
2026-02-08 11:00:24.198294,Toronto-9e14,26,92,Normal
2026-02-08 11:00:25.198294,Toronto-9e14,7,84,Normal
2026-02-08 11:00:26.198294,Toronto-9e14,-18,85,Normal
2026-02-08 11:00:27.198294,Toronto-9e14,-2,46,Normal
2026-02-08 11:00:28.198294,Toronto-9e14,-7,17,Normal
2026-02-08 11:00:29.198294,Toronto-9e14,18,85,Normal
2026-02-08 11:00:30.198294,Toronto-9e14,-29,19,Normal
2026-02-08 11:00:31.198294,Toronto-9e14,15,44,Normal
2026-02-08 11:00:32.198294,Toronto-9e14,40,2,Normal
2026-02-08 11:00:33.198294,Toronto-9e14,35,57,Normal
2026-02-08 11:00:34.198294,Toronto-9e14,31,70,Normal
2026-02-08 11:00:35.198294,Toronto-9e14,-12,18,Normal
2026-02-08 11:00:36.198294,Toronto-9e14,-14,90,Normal
2026-02-08 11:00:37.198294,Toronto-9e14,32,98,Normal
2026-02-08 11:00:38.198294,Toronto-9e14,32,98,Normal
2026-02-08 11:00:39.198294,Toronto-9e14,47,32,Normal
2026-02-08 11:00:40.198294,Toronto-9e14,33,84,Normal
2026-02-08 11:00:41.198294,Toronto-9e14,-22,51,Normal
2026-02-08 11:00:42.198294,Toronto-9e14,-14,0,Normal
2026-02-08 11:00:43.198294,Toronto-9e14,29,38,Normal
2026-02-08 11:00:44.198294,Toronto-9e14,33,7,Normal
2026-02-08 11:00:45.198294,Toronto-9e14,-17,13,Normal
2026-02-08 11:00:46.198294,Toronto-9e14,-22,50,Normal
2026-02-08 11:00:47.198294,Toronto-9e14,-9,80,Normal
2026-02-08 11:00:48.198294,Toronto-9e14,1,26,Normal
2026-02-08 11:00:49.198294,Toronto-9e14,31,41,Normal
2026-02-08 11:00:50.198294,Toronto-9e14,50,45,Normal
2026-02-08 11:00:51.198294,Toronto-9e14,28,63,Normal
2026-02-08 11:00:52.198294,Toronto-9e14,-16,41,Normal
2026-02-08 11:00:53.198294,Toronto-9e14,-18,8,Normal
2026-02-08 11:00:54.198294,Toronto-9e14,-4,62,Normal
2026-02-08 11:00:55.198294,Toronto-9e14,35,50,Normal
2026-02-08 11:00:56.198294,Toronto-9e14,-7,71,Normal
2026-02-08 11:00:57.198294,Toronto-9e14,-2,70,Normal
2026-02-08 11:00:58.198294,Toronto-9e14,48,2,Normal
2026-02-08 11:00:59.198294,Toronto-9e14,-1,43,Normal
2026-02-08 11:01:00.198294,Toronto-9e14,-17,73,Normal
2026-02-08 11:01:01.198294,Toronto-9e14,28,23,Normal
2026-02-08 11:01:02.198294,Toronto-9e14,13,8,Normal
2026-02-08 11:01:03.198294,Toronto-9e14,-21,62,Normal
2026-02-08 11:01:04.198294,Toronto-9e14,6,1,Normal
2026-02-08 11:01:05.198294,Toronto-9e14,20,67,Normal
2026-02-08 11:01:06.198294,Toronto-9e14,-11,12,Normal
2026-02-08 11:01:07.198294,Toronto-9e14,-1,36,Normal
2026-02-08 11:01:08.198294,Toronto-9e14,16,42,Normal
2026-02-08 11:01:09.198294,Toronto-9e14,-24,54,Normal
2026-02-08 11:01:10.198294,Toronto-9e14,15,97,Normal
2026-02-08 11:01:11.198294,Toronto-9e14,48,85,Normal
2026-02-08 11:01:12.198294,Toronto-9e14,-14,39,Normal
2026-02-08 11:01:13.198294,Toronto-9e14,38,4,Normal
2026-02-08 11:01:14.198294,Toronto-9e14,-21,69,Normal
2026-02-08 11:01:15.198294,Toronto-9e14,-9,37,Normal
2026-02-08 11:01:16.198294,Toronto-9e14,-4,36,Normal
2026-02-08 11:01:17.198294,Toronto-9e14,42,45,Normal
2026-02-08 11:01:18.198294,Toronto-9e14,46,22,Normal
2026-02-08 11:01:19.198294,Toronto-9e14,-19,28,Normal
2026-02-08 11:01:20.198294,Toronto-9e14,-11,78,Normal
2026-02-08 11:01:21.198294,Toronto-9e14,13,59,Normal
2026-02-08 11:01:22.198294,Toronto-9e14,49,28,Normal
2026-02-08 11:01:23.198294,Toronto-9e14,-29,31,Normal
2026-02-08 11:01:24.198294,Toronto-9e14,23,64,Normal
2026-02-08 11:01:25.198294,Toronto-9e14,38,84,Normal
2026-02-08 11:01:26.198294,Toronto-9e14,-27,38,Normal
2026-02-08 11:01:27.198294,Toronto-9e14,-16,92,Normal
2026-02-08 11:01:28.198294,Toronto-9e14,9,91,Normal
2026-02-08 11:01:29.198294,Toronto-9e14,20,100,Normal
2026-02-08 11:01:30.198294,Toronto-9e14,-29,48,Normal
2026-02-08 11:01:31.198294,Toronto-9e14,-30,57,Normal
2026-02-08 11:01:32.198294,Toronto-9e14,7,13,Normal
2026-02-08 11:01:33.198294,Toronto-9e14,13,23,Normal
2026-02-08 11:01:34.198294,Toronto-9e14,49,12,Normal
2026-02-08 11:01:35.198294,Toronto-9e14,-6,12,Normal
2026-02-08 11:01:36.198294,Toronto-9e14,-21,53,Normal
2026-02-08 11:01:37.198294,Toronto-9e14,4,40,Normal
2026-02-08 11:01:38.198294,Toronto-9e14,43,38,Normal
2026-02-08 11:01:39.198294,Toronto-9e14,-22,21,Normal
2026-02-08 11:01:40.198294,Toronto-9e14,5,54,Normal
2026-02-08 11:01:41.198294,Toronto-9e14,24,60,Normal
2026-02-08 11:01:42.198294,Toronto-9e14,3,82,Normal
2026-02-08 11:01:43.198294,Toronto-9e14,-29,30,Normal
2026-02-08 11:01:44.198294,Toronto-9e14,-9,98,Normal
2026-02-08 11:01:45.198294,Toronto-9e14,33,3,Normal
2026-02-08 11:01:46.198294,Toronto-9e14,18,19,Normal
2026-02-08 11:01:47.198294,Toronto-9e14,43,0,Normal
2026-02-08 11:01:48.198294,Toronto-9e14,33,34,Normal
2026-02-08 11:01:49.198294,Toronto-9e14,-20,53,Normal
2026-02-08 11:01:50.198294,Toronto-9e14,5,51,Normal
2026-02-08 11:01:51.198294,Toronto-9e14,-27,83,Normal
2026-02-08 11:01:52.198294,Toronto-9e14,14,41,Normal
2026-02-08 11:01:53.198294,Toronto-9e14,2,5,Normal
2026-02-08 11:01:54.198294,Toronto-9e14,18,68,Normal
2026-02-08 11:01:55.198294,Toronto-9e14,4,69,Normal
2026-02-08 11:01:56.198294,Toronto-9e14,35,69,Normal
2026-02-08 11:01:57.198294,Toronto-9e14,-10,0,Normal
2026-02-08 11:01:58.198294,Toronto-9e14,12,40,Normal
2026-02-08 11:01:59.198294,Toronto-9e14,-16,80,Normal
2026-02-08 11:02:00.198294,Toronto-9e14,15,72,Normal
2026-02-08 11:02:01.198294,Toronto-9e14,-8,0,Normal
2026-02-08 11:02:02.198294,Toronto-9e14,47,7,Normal
2026-02-08 11:02:03.198294,Toronto-9e14,16,10,Normal
2026-02-08 11:02:04.198294,Toronto-9e14,42,72,Normal
2026-02-08 11:02:05.198294,Toronto-9e14,45,63,Normal
2026-02-08 11:02:06.198294,Toronto-9e14,9,73,Normal
2026-02-08 11:02:07.198294,Toronto-9e14,29,60,Normal
2026-02-08 11:02:08.198294,Toronto-9e14,6,83,Normal
2026-02-08 11:02:09.198294,Toronto-9e14,26,39,Normal
2026-02-08 11:02:10.198294,Toronto-9e14,-3,34,Normal
2026-02-08 11:02:11.198294,Toronto-9e14,-25,53,Normal
2026-02-08 11:02:12.198294,Toronto-9e14,10,79,Normal
2026-02-08 11:02:13.198294,Toronto-9e14,-9,33,Normal
2026-02-08 11:02:14.198294,Toronto-9e14,-3,61,Normal
2026-02-08 11:02:15.198294,Toronto-9e14,-14,12,Normal
2026-02-08 11:02:16.198294,Toronto-9e14,36,3,Normal
2026-02-08 11:02:17.198294,Toronto-9e14,40,71,Normal
2026-02-08 11:02:18.198294,Toronto-9e14,46,19,Normal
2026-02-08 11:02:19.198294,Toronto-9e14,-13,16,Normal
2026-02-08 11:02:20.198294,Toronto-9e14,13,23,Normal
2026-02-08 11:02:21.198294,Toronto-9e14,48,43,Normal
2026-02-08 11:02:22.198294,Toronto-9e14,24,62,Normal
2026-02-08 11:02:23.198294,Toronto-9e14,-10,19,Normal
2026-02-08 11:02:24.198294,Toronto-9e14,14,31,Normal
2026-02-08 11:02:25.198294,Toronto-9e14,30,69,Normal
2026-02-08 11:02:26.198294,Toronto-9e14,-22,51,Normal
2026-02-08 11:02:27.198294,Toronto-9e14,-24,90,Normal
2026-02-08 11:02:28.198294,Toronto-9e14,46,34,Normal
2026-02-08 11:02:29.198294,Toronto-9e14,42,63,Normal
2026-02-08 11:02:30.198294,Toronto-9e14,16,56,Normal
2026-02-08 11:02:31.198294,Toronto-9e14,-19,0,Normal
2026-02-08 11:02:32.198294,Toronto-9e14,-20,58,Normal
2026-02-08 11:02:33.198294,Toronto-9e14,47,52,Normal
2026-02-08 11:02:34.198294,Toronto-9e14,-29,12,Normal
2026-02-08 11:02:35.198294,Toronto-9e14,28,95,Normal
2026-02-08 11:02:36.198294,Toronto-9e14,7,33,Normal
2026-02-08 11:02:37.198294,Toronto-9e14,35,26,Normal
2026-02-08 11:02:38.198294,Toronto-9e14,-25,18,Normal
2026-02-08 11:02:39.198294,Toronto-9e14,26,94,Normal
2026-02-08 11:02:40.198294,Toronto-9e14,-18,8,Normal
2026-02-08 11:02:41.198294,Toronto-9e14,49,18,Normal
2026-02-08 11:02:42.198294,Toronto-9e14,-1,77,Normal
2026-02-08 11:02:43.198294,Toronto-9e14,-18,52,Normal
2026-02-08 11:02:44.198294,Toronto-9e14,-23,25,Normal
2026-02-08 11:02:45.198294,Toronto-9e14,27,74,Normal
2026-02-08 11:02:46.198294,Toronto-9e14,-15,0,Normal
2026-02-08 11:02:47.198294,Toronto-9e14,-21,61,Normal
2026-02-08 11:02:48.198294,Toronto-9e14,36,82,Normal
2026-02-08 11:02:49.198294,Toronto-9e14,22,4,Normal
2026-02-08 11:02:50.198294,Toronto-9e14,32,32,Normal
2026-02-08 11:02:51.198294,Toronto-9e14,8,39,Normal
2026-02-08 11:02:52.198294,Toronto-9e14,-7,19,Normal
2026-02-08 11:02:53.198294,Toronto-9e14,-6,60,Normal
2026-02-08 11:02:54.198294,Toronto-9e14,22,9,Normal
2026-02-08 11:02:55.198294,Toronto-9e14,2,67,Normal
2026-02-08 11:02:56.198294,Toronto-9e14,7,56,Normal
2026-02-08 11:02:57.198294,Toronto-9e14,-4,45,Normal
2026-02-08 11:02:58.198294,Toronto-9e14,39,66,Normal
2026-02-08 11:02:59.198294,Toronto-9e14,-24,73,Normal
2026-02-08 11:03:00.198294,Toronto-9e14,-4,98,Normal
2026-02-08 11:03:01.198294,Toronto-9e14,33,45,Normal
2026-02-08 11:03:02.198294,Toronto-9e14,-29,34,Normal
2026-02-08 11:03:03.198294,Toronto-9e14,19,47,Normal
2026-02-08 11:03:04.198294,Toronto-9e14,-19,35,Normal
2026-02-08 11:03:05.198294,Toronto-9e14,20,46,Normal
2026-02-08 11:03:06.198294,Toronto-9e14,-6,32,Normal
2026-02-08 11:03:07.198294,Toronto-9e14,46,58,Normal
2026-02-08 11:03:08.198294,Toronto-9e14,-30,25,Normal
2026-02-08 11:03:09.198294,Toronto-9e14,44,89,Normal
2026-02-08 11:03:10.198294,Toronto-9e14,5,43,Normal
2026-02-08 11:03:11.198294,Toronto-9e14,14,6,Normal
2026-02-08 11:03:12.198294,Toronto-9e14,19,30,Normal
2026-02-08 11:03:13.198294,Toronto-9e14,48,57,Normal
2026-02-08 11:03:14.198294,Toronto-9e14,-18,59,Normal
2026-02-08 11:03:15.198294,Toronto-9e14,38,89,Normal
2026-02-08 11:03:16.198294,Toronto-9e14,20,57,Normal
2026-02-08 11:03:17.198294,Toronto-9e14,-3,13,Normal
2026-02-08 11:03:18.198294,Toronto-9e14,47,74,Normal
2026-02-08 11:03:19.198294,Toronto-9e14,-27,2,Normal
2026-02-08 11:03:20.198294,Toronto-9e14,-3,67,Normal
2026-02-08 11:03:21.198294,Toronto-9e14,43,23,Normal
2026-02-08 11:03:22.198294,Toronto-9e14,10,99,Normal
2026-02-08 11:03:23.198294,Toronto-9e14,37,83,Normal
2026-02-08 11:03:24.198294,Toronto-9e14,34,24,Normal
2026-02-08 11:03:25.198294,Toronto-9e14,-16,97,Normal
2026-02-08 11:03:26.198294,Toronto-9e14,-2,33,Normal
2026-02-08 11:03:27.198294,Toronto-9e14,20,67,Normal
2026-02-08 11:03:28.198294,Toronto-9e14,48,89,Normal
2026-02-08 11:03:29.198294,Toronto-9e14,5,90,Normal
2026-02-08 11:03:30.198294,Toronto-9e14,23,36,Normal
2026-02-08 11:03:31.198294,Toronto-9e14,-17,94,Normal
2026-02-08 11:03:32.198294,Toronto-9e14,21,62,Normal
2026-02-08 11:03:33.198294,Toronto-9e14,-22,50,Normal
2026-02-08 11:03:34.198294,Toronto-9e14,-23,27,Normal
2026-02-08 11:03:35.198294,Toronto-9e14,-9,67,Normal
2026-02-08 11:03:36.198294,Toronto-9e14,50,5,Normal
2026-02-08 11:03:37.198294,Toronto-9e14,39,94,Normal
2026-02-08 11:03:38.198294,Toronto-9e14,-1,49,Normal
2026-02-08 11:03:39.198294,Toronto-9e14,30,66,Normal
2026-02-08 11:03:40.198294,Toronto-9e14,38,49,Normal
2026-02-08 11:03:41.198294,Toronto-9e14,-6,68,Normal
2026-02-08 11:03:42.198294,Toronto-9e14,43,96,Normal
2026-02-08 11:03:43.198294,Toronto-9e14,-28,99,Normal
2026-02-08 11:03:44.198294,Toronto-9e14,20,99,Normal
2026-02-08 11:03:45.198294,Toronto-9e14,1,35,Normal
2026-02-08 11:03:46.198294,Toronto-9e14,43,25,Normal
2026-02-08 11:03:47.198294,Toronto-9e14,10,70,Normal
2026-02-08 11:03:48.198294,Toronto-9e14,-13,37,Normal
2026-02-08 11:03:49.198294,Toronto-9e14,29,94,Normal
2026-02-08 11:03:50.198294,Toronto-9e14,3,34,Normal
2026-02-08 11:03:51.198294,Toronto-9e14,-16,25,Normal
2026-02-08 11:03:52.198294,Toronto-9e14,1,27,Normal
2026-02-08 11:03:53.198294,Toronto-9e14,1,54,Normal
2026-02-08 11:03:54.198294,Toronto-9e14,50,96,Normal
2026-02-08 11:03:55.198294,Toronto-9e14,48,96,Normal
2026-02-08 11:03:56.198294,Toronto-9e14,45,71,Normal
2026-02-08 11:03:57.198294,Toronto-9e14,-5,2,Normal
2026-02-08 11:03:58.198294,Toronto-9e14,-20,33,Normal
2026-02-08 11:03:59.198294,Toronto-9e14,4,24,Normal
2026-02-08 11:04:00.198294,Toronto-9e14,43,78,Normal
2026-02-08 11:04:01.198294,Toronto-9e14,31,52,Normal
2026-02-08 11:04:02.198294,Toronto-9e14,40,97,Normal
2026-02-08 11:04:03.198294,Toronto-9e14,-12,36,Normal
2026-02-08 11:04:04.198294,Toronto-9e14,20,17,Normal
2026-02-08 11:04:05.198294,Toronto-9e14,33,30,Normal
2026-02-08 11:04:06.198294,Toronto-9e14,-28,4,Normal
2026-02-08 11:04:07.198294,Toronto-9e14,7,46,Normal
2026-02-08 11:04:08.198294,Toronto-9e14,19,17,Normal
2026-02-08 11:04:09.198294,Toronto-9e14,10,56,Normal
2026-02-08 11:04:10.198294,Toronto-9e14,15,64,Normal
2026-02-08 11:04:11.198294,Toronto-9e14,38,72,Normal
2026-02-08 11:04:12.198294,Toronto-9e14,30,2,Normal
2026-02-08 11:04:13.198294,Toronto-9e14,37,79,Normal
2026-02-08 11:04:14.198294,Toronto-9e14,-12,69,Normal
2026-02-08 11:04:15.198294,Toronto-9e14,20,3,Normal
2026-02-08 11:04:16.198294,Toronto-9e14,20,97,Normal
2026-02-08 11:04:17.198294,Toronto-9e14,-26,39,Normal
2026-02-08 11:04:18.198294,Toronto-9e14,27,12,Normal
2026-02-08 11:04:19.198294,Toronto-9e14,-9,58,Normal
2026-02-08 11:04:20.198294,Toronto-9e14,-1,79,Normal
2026-02-08 11:04:21.198294,Toronto-9e14,20,8,Normal
2026-02-08 11:04:22.198294,Toronto-9e14,50,99,Normal
2026-02-08 11:04:23.198294,Toronto-9e14,8,29,Normal
2026-02-08 11:04:24.198294,Toronto-9e14,30,50,Normal
2026-02-08 11:04:25.198294,Toronto-9e14,19,90,Normal
2026-02-08 11:04:26.198294,Toronto-9e14,33,56,Normal
2026-02-08 11:04:27.198294,Toronto-9e14,24,40,Normal
2026-02-08 11:04:28.198294,Toronto-9e14,23,24,Normal
2026-02-08 11:04:29.198294,Toronto-9e14,15,60,Normal
2026-02-08 11:04:30.198294,Toronto-9e14,38,15,Normal
2026-02-08 11:04:31.198294,Toronto-9e14,26,68,Normal
2026-02-08 11:04:32.198294,Toronto-9e14,18,49,Normal
2026-02-08 11:04:33.198294,Toronto-9e14,16,87,Normal
2026-02-08 11:04:34.198294,Toronto-9e14,-15,69,Normal
2026-02-08 11:04:35.198294,Toronto-9e14,35,85,Normal
2026-02-08 11:04:36.198294,Toronto-9e14,12,91,Normal
2026-02-08 11:04:37.198294,Toronto-9e14,-19,62,Normal
2026-02-08 11:04:38.198294,Toronto-9e14,19,72,Normal
2026-02-08 11:04:39.198294,Toronto-9e14,36,43,Normal
2026-02-08 11:04:40.198294,Toronto-9e14,22,69,Normal
2026-02-08 11:04:41.198294,Toronto-9e14,-11,29,Normal
2026-02-08 11:04:42.198294,Toronto-9e14,35,0,Normal
2026-02-08 11:04:43.198294,Toronto-9e14,24,82,Normal
2026-02-08 11:04:44.198294,Toronto-9e14,40,27,Normal
2026-02-08 11:04:45.198294,Toronto-9e14,-28,95,Normal
2026-02-08 11:04:46.198294,Toronto-9e14,19,49,Normal
2026-02-08 11:04:47.198294,Toronto-9e14,-27,14,Normal
2026-02-08 11:04:48.198294,Toronto-9e14,6,80,Normal
2026-02-08 11:04:49.198294,Toronto-9e14,29,17,Normal
2026-02-08 11:04:50.198294,Toronto-9e14,-27,13,Normal
2026-02-08 11:04:51.198294,Toronto-9e14,-28,92,Normal
2026-02-08 11:04:52.198294,Toronto-9e14,24,68,Normal
2026-02-08 11:04:53.198294,Toronto-9e14,8,42,Normal
2026-02-08 11:04:54.198294,Toronto-9e14,44,80,Normal
2026-02-08 11:04:55.198294,Toronto-9e14,46,62,Normal
2026-02-08 11:04:56.198294,Toronto-9e14,15,74,Normal
2026-02-08 11:04:57.198294,Toronto-9e14,12,47,Normal
2026-02-08 11:04:58.198294,Toronto-9e14,-8,81,Normal
2026-02-08 11:04:59.198294,Toronto-9e14,8,46,Normal
2026-02-08 11:05:00.198294,Toronto-9e14,44,94,Normal
2026-02-08 11:05:01.198294,Toronto-9e14,-28,5,Normal
2026-02-08 11:05:02.198294,Toronto-9e14,36,83,Normal
2026-02-08 11:05:03.198294,Toronto-9e14,27,56,Normal
2026-02-08 11:05:04.198294,Toronto-9e14,16,15,Normal
2026-02-08 11:05:05.198294,Toronto-9e14,-23,69,Normal
2026-02-08 11:05:06.198294,Toronto-9e14,23,87,Normal
2026-02-08 11:05:07.198294,Toronto-9e14,18,99,Normal
2026-02-08 11:05:08.198294,Toronto-9e14,-28,17,Normal
2026-02-08 11:05:09.198294,Toronto-9e14,32,64,Normal
2026-02-08 11:05:10.198294,Toronto-9e14,20,27,Normal
2026-02-08 11:05:11.198294,Toronto-9e14,9,18,Normal
2026-02-08 11:05:12.198294,Toronto-9e14,0,60,Normal
2026-02-08 11:05:13.198294,Toronto-9e14,-2,50,Normal
2026-02-08 11:05:14.198294,Toronto-9e14,24,66,Normal
2026-02-08 11:05:15.198294,Toronto-9e14,50,27,Normal
2026-02-08 11:05:16.198294,Toronto-9e14,19,9,Normal
2026-02-08 11:05:17.198294,Toronto-9e14,27,12,Normal
2026-02-08 11:05:18.198294,Toronto-9e14,50,54,Normal
2026-02-08 11:05:19.198294,Toronto-9e14,33,74,Normal
2026-02-08 11:05:20.198294,Toronto-9e14,0,55,Normal
2026-02-08 11:05:21.198294,Toronto-9e14,-23,95,Normal
2026-02-08 11:05:22.198294,Toronto-9e14,-5,47,Normal
2026-02-08 11:05:23.198294,Toronto-9e14,39,85,Normal
2026-02-08 11:05:24.198294,Toronto-9e14,45,62,Normal
2026-02-08 11:05:25.198294,Toronto-9e14,27,52,Normal
2026-02-08 11:05:26.198294,Toronto-9e14,-9,73,Normal
2026-02-08 11:05:27.198294,Toronto-9e14,33,96,Normal
2026-02-08 11:05:28.198294,Toronto-9e14,-13,38,Normal
2026-02-08 11:05:29.198294,Toronto-9e14,13,87,Normal
2026-02-08 11:05:30.198294,Toronto-9e14,21,15,Normal
2026-02-08 11:05:31.198294,Toronto-9e14,44,27,Normal
2026-02-08 11:05:32.198294,Toronto-9e14,-14,73,Normal
2026-02-08 11:05:33.198294,Toronto-9e14,-19,92,Normal
2026-02-08 11:05:34.198294,Toronto-9e14,-28,71,Normal
2026-02-08 11:05:35.198294,Toronto-9e14,1,92,Normal
2026-02-08 11:05:36.198294,Toronto-9e14,37,47,Normal
2026-02-08 11:05:37.198294,Toronto-9e14,22,18,Normal
2026-02-08 11:05:38.198294,Toronto-9e14,12,3,Normal
2026-02-08 11:05:39.198294,Toronto-9e14,1,21,Normal
2026-02-08 11:05:40.198294,Toronto-9e14,-16,15,Normal
2026-02-08 11:05:41.198294,Toronto-9e14,5,50,Normal
2026-02-08 11:05:42.198294,Toronto-9e14,33,1,Normal
2026-02-08 11:05:43.198294,Toronto-9e14,-23,19,Normal
2026-02-08 11:05:44.198294,Toronto-9e14,6,11,Normal
2026-02-08 11:05:45.198294,Toronto-9e14,-19,39,Normal
2026-02-08 11:05:46.198294,Toronto-9e14,-10,77,Normal
2026-02-08 11:05:47.198294,Toronto-9e14,48,50,Normal
2026-02-08 11:05:48.198294,Toronto-9e14,14,66,Normal
2026-02-08 11:05:49.198294,Toronto-9e14,0,58,Normal
2026-02-08 11:05:50.198294,Toronto-9e14,19,49,Normal
2026-02-08 11:05:51.198294,Toronto-9e14,27,11,Normal
2026-02-08 11:05:52.198294,Toronto-9e14,1,64,Normal
2026-02-08 11:05:53.198294,Toronto-9e14,-30,37,Normal
2026-02-08 11:05:54.198294,Toronto-9e14,-15,13,Normal
2026-02-08 11:05:55.198294,Toronto-9e14,-2,5,Normal
2026-02-08 11:05:56.198294,Toronto-9e14,-16,43,Normal
2026-02-08 11:05:57.198294,Toronto-9e14,-4,32,Normal
2026-02-08 11:05:58.198294,Toronto-9e14,-3,2,Normal
2026-02-08 11:05:59.198294,Toronto-9e14,15,26,Normal
2026-02-08 11:06:00.198294,Toronto-9e14,21,17,Normal
2026-02-08 11:06:01.198294,Toronto-9e14,12,65,Normal
2026-02-08 11:06:02.198294,Toronto-9e14,23,88,Normal
2026-02-08 11:06:03.198294,Toronto-9e14,22,88,Normal
2026-02-08 11:06:04.198294,Toronto-9e14,-29,83,Normal
2026-02-08 11:06:05.198294,Toronto-9e14,-3,91,Normal
2026-02-08 11:06:06.198294,Toronto-9e14,33,58,Normal
2026-02-08 11:06:07.198294,Toronto-9e14,25,41,Normal
2026-02-08 11:06:08.198294,Toronto-9e14,23,83,Normal
2026-02-08 11:06:09.198294,Toronto-9e14,49,7,Normal
2026-02-08 11:06:10.198294,Toronto-9e14,23,13,Normal
2026-02-08 11:06:11.198294,Toronto-9e14,12,64,Normal
2026-02-08 11:06:12.198294,Toronto-9e14,21,80,Normal
2026-02-08 11:06:13.198294,Toronto-9e14,-6,48,Normal
2026-02-08 11:06:14.198294,Toronto-9e14,7,91,Normal
2026-02-08 11:06:15.198294,Toronto-9e14,41,22,Normal
2026-02-08 11:06:16.198294,Toronto-9e14,2,72,Normal
2026-02-08 11:06:17.198294,Toronto-9e14,15,16,Normal
2026-02-08 11:06:18.198294,Toronto-9e14,34,92,Normal
2026-02-08 11:06:19.198294,Toronto-9e14,-13,15,Normal
2026-02-08 11:06:20.198294,Toronto-9e14,31,35,Normal
2026-02-08 11:06:21.198294,Toronto-9e14,-6,44,Normal
2026-02-08 11:06:22.198294,Toronto-9e14,22,39,Normal
2026-02-08 11:06:23.198294,Toronto-9e14,-16,46,Normal
2026-02-08 11:06:24.198294,Toronto-9e14,35,17,Normal
2026-02-08 11:06:25.198294,Toronto-9e14,-13,91,Normal
2026-02-08 11:06:26.198294,Toronto-9e14,50,96,Normal
2026-02-08 11:06:27.198294,Toronto-9e14,21,56,Normal
2026-02-08 11:06:28.198294,Toronto-9e14,24,22,Normal
2026-02-08 11:06:29.198294,Toronto-9e14,10,82,Normal
2026-02-08 11:06:30.198294,Toronto-9e14,7,69,Normal
2026-02-08 11:06:31.198294,Toronto-9e14,32,3,Normal
2026-02-08 11:06:32.198294,Toronto-9e14,-8,92,Normal
2026-02-08 11:06:33.198294,Toronto-9e14,11,84,Normal
2026-02-08 11:06:34.198294,Toronto-9e14,8,52,Normal
2026-02-08 11:06:35.198294,Toronto-9e14,37,62,Normal
2026-02-08 11:06:36.198294,Toronto-9e14,19,78,Normal
2026-02-08 11:06:37.198294,Toronto-9e14,10,2,Normal
2026-02-08 11:06:38.198294,Toronto-9e14,43,15,Normal
2026-02-08 11:06:39.198294,Toronto-9e14,18,89,Normal
2026-02-08 11:06:40.198294,Toronto-9e14,22,82,Normal
2026-02-08 11:06:41.198294,Toronto-9e14,46,33,Normal
2026-02-08 11:06:42.198294,Toronto-9e14,29,90,Normal
2026-02-08 11:06:43.198294,Toronto-9e14,36,63,Normal
2026-02-08 11:06:44.198294,Toronto-9e14,44,45,Normal
2026-02-08 11:06:45.198294,Toronto-9e14,40,51,Normal
2026-02-08 11:06:46.198294,Toronto-9e14,32,53,Normal
2026-02-08 11:06:47.198294,Toronto-9e14,46,10,Normal
2026-02-08 11:06:48.198294,Toronto-9e14,41,47,Normal
2026-02-08 11:06:49.198294,Toronto-9e14,-2,57,Normal
2026-02-08 11:06:50.198294,Toronto-9e14,10,57,Normal
2026-02-08 11:06:51.198294,Toronto-9e14,1,81,Normal
2026-02-08 11:06:52.198294,Toronto-9e14,6,0,Normal
2026-02-08 11:06:53.198294,Toronto-9e14,1,100,Normal
2026-02-08 11:06:54.198294,Toronto-9e14,-11,100,Normal
2026-02-08 11:06:55.198294,Toronto-9e14,1,7,Normal
2026-02-08 11:06:56.198294,Toronto-9e14,35,24,Normal
2026-02-08 11:06:57.198294,Toronto-9e14,15,90,Normal
2026-02-08 11:06:58.198294,Toronto-9e14,-17,59,Normal
2026-02-08 11:06:59.198294,Toronto-9e14,5,43,Normal
2026-02-08 11:07:00.198294,Toronto-9e14,-14,29,Normal
2026-02-08 11:07:01.198294,Toronto-9e14,-6,75,Normal
2026-02-08 11:07:02.198294,Toronto-9e14,-23,95,Normal
2026-02-08 11:07:03.198294,Toronto-9e14,-26,85,Normal
2026-02-08 11:07:04.198294,Toronto-9e14,-13,89,Normal
2026-02-08 11:07:05.198294,Toronto-9e14,-2,13,Normal
2026-02-08 11:07:06.198294,Toronto-9e14,18,17,Normal
2026-02-08 11:07:07.198294,Toronto-9e14,-30,25,Normal
2026-02-08 11:07:08.198294,Toronto-9e14,31,67,Normal
2026-02-08 11:07:09.198294,Toronto-9e14,-25,24,Normal
2026-02-08 11:07:10.198294,Toronto-9e14,49,60,Normal
2026-02-08 11:07:11.198294,Toronto-9e14,-6,27,Normal
2026-02-08 11:07:12.198294,Toronto-9e14,-4,30,Normal
2026-02-08 11:07:13.198294,Toronto-9e14,-16,85,Normal
2026-02-08 11:07:14.198294,Toronto-9e14,-17,41,Normal
2026-02-08 11:07:15.198294,Toronto-9e14,34,44,Normal
2026-02-08 11:07:16.198294,Toronto-9e14,45,83,Normal
2026-02-08 11:07:17.198294,Toronto-9e14,50,73,Normal
2026-02-08 11:07:18.198294,Toronto-9e14,34,39,Normal
2026-02-08 11:07:19.198294,Toronto-9e14,48,45,Normal
2026-02-08 11:07:20.198294,Toronto-9e14,-24,78,Normal
2026-02-08 11:07:21.198294,Toronto-9e14,-18,70,Normal
2026-02-08 11:07:22.198294,Toronto-9e14,-22,71,Normal
2026-02-08 11:07:23.198294,Toronto-9e14,36,92,Normal
2026-02-08 11:07:24.198294,Toronto-9e14,37,82,Normal
2026-02-08 11:07:25.198294,Toronto-9e14,-2,38,Normal
2026-02-08 11:07:26.198294,Toronto-9e14,15,43,Normal
2026-02-08 11:07:27.198294,Toronto-9e14,18,39,Normal
2026-02-08 11:07:28.198294,Toronto-9e14,-10,40,Normal
2026-02-08 11:07:29.198294,Toronto-9e14,-2,89,Normal
2026-02-08 11:07:30.198294,Toronto-9e14,46,61,Normal
2026-02-08 11:07:31.198294,Toronto-9e14,-29,68,Normal
2026-02-08 11:07:32.198294,Toronto-9e14,18,99,Normal
2026-02-08 11:07:33.198294,Toronto-9e14,44,53,Normal
2026-02-08 11:07:34.198294,Toronto-9e14,-15,80,Normal
2026-02-08 11:07:35.198294,Toronto-9e14,-19,86,Normal
2026-02-08 11:07:36.198294,Toronto-9e14,21,80,Normal
2026-02-08 11:07:37.198294,Toronto-9e14,44,28,Normal
2026-02-08 11:07:38.198294,Toronto-9e14,3,62,Normal
2026-02-08 11:07:39.198294,Toronto-9e14,17,48,Normal
2026-02-08 11:07:40.198294,Toronto-9e14,-10,76,Normal
2026-02-08 11:07:41.198294,Toronto-9e14,4,98,Normal
2026-02-08 11:07:42.198294,Toronto-9e14,39,88,Normal
2026-02-08 11:07:43.198294,Toronto-9e14,42,71,Normal
2026-02-08 11:07:44.198294,Toronto-9e14,3,2,Normal
2026-02-08 11:07:45.198294,Toronto-9e14,-13,26,Normal
2026-02-08 11:07:46.198294,Toronto-9e14,-1,55,Normal
2026-02-08 11:07:47.198294,Toronto-9e14,-3,32,Normal
2026-02-08 11:07:48.198294,Toronto-9e14,-22,57,Normal
2026-02-08 11:07:49.198294,Toronto-9e14,44,59,Normal
2026-02-08 11:07:50.198294,Toronto-9e14,23,41,Normal
2026-02-08 11:07:51.198294,Toronto-9e14,-27,62,Normal
2026-02-08 11:07:52.198294,Toronto-9e14,41,90,Normal
2026-02-08 11:07:53.198294,Toronto-9e14,45,66,Normal
2026-02-08 11:07:54.198294,Toronto-9e14,3,32,Normal
2026-02-08 11:07:55.198294,Toronto-9e14,-5,37,Normal
2026-02-08 11:07:56.198294,Toronto-9e14,35,19,Normal
2026-02-08 11:07:57.198294,Toronto-9e14,16,47,Normal
2026-02-08 11:07:58.198294,Toronto-9e14,38,79,Normal
2026-02-08 11:07:59.198294,Toronto-9e14,-7,53,Normal
2026-02-08 11:08:00.198294,Toronto-9e14,2,41,Normal
2026-02-08 11:08:01.198294,Toronto-9e14,-1,38,Normal
2026-02-08 11:08:02.198294,Toronto-9e14,45,38,Normal
2026-02-08 11:08:03.198294,Toronto-9e14,-5,55,Normal
2026-02-08 11:08:04.198294,Toronto-9e14,-24,53,Normal
2026-02-08 11:08:05.198294,Toronto-9e14,38,85,Normal
2026-02-08 11:08:06.198294,Toronto-9e14,28,74,Normal
2026-02-08 11:08:07.198294,Toronto-9e14,-9,83,Normal
2026-02-08 11:08:08.198294,Toronto-9e14,28,74,Normal
2026-02-08 11:08:09.198294,Toronto-9e14,44,57,Normal
2026-02-08 11:08:10.198294,Toronto-9e14,-24,72,Normal
2026-02-08 11:08:11.198294,Toronto-9e14,-16,35,Normal
2026-02-08 11:08:12.198294,Toronto-9e14,16,18,Normal
2026-02-08 11:08:13.198294,Toronto-9e14,18,84,Normal
2026-02-08 11:08:14.198294,Toronto-9e14,-18,49,Normal
2026-02-08 11:08:15.198294,Toronto-9e14,-12,20,Normal
2026-02-08 11:08:16.198294,Toronto-9e14,-5,85,Normal
2026-02-08 11:08:17.198294,Toronto-9e14,19,42,Normal
2026-02-08 11:08:18.198294,Toronto-9e14,-23,18,Normal
2026-02-08 11:08:19.198294,Toronto-9e14,32,11,Normal
2026-02-08 11:08:20.198294,Toronto-9e14,39,44,Normal
2026-02-08 11:08:21.198294,Toronto-9e14,36,37,Normal
2026-02-08 11:08:22.198294,Toronto-9e14,-18,51,Normal
2026-02-08 11:08:23.198294,Toronto-9e14,-11,71,Normal
2026-02-08 11:08:24.198294,Toronto-9e14,-14,72,Normal
2026-02-08 11:08:25.198294,Toronto-9e14,14,94,Normal
2026-02-08 11:08:26.198294,Toronto-9e14,10,28,Normal
2026-02-08 11:08:27.198294,Toronto-9e14,33,34,Normal
2026-02-08 11:08:28.198294,Toronto-9e14,-25,88,Normal
2026-02-08 11:08:29.198294,Toronto-9e14,-5,18,Normal
2026-02-08 11:08:30.198294,Toronto-9e14,-12,33,Normal
2026-02-08 11:08:31.198294,Toronto-9e14,26,20,Normal
2026-02-08 11:08:32.198294,Toronto-9e14,8,71,Normal
2026-02-08 11:08:33.198294,Toronto-9e14,-13,58,Normal
2026-02-08 11:08:34.198294,Toronto-9e14,-29,25,Normal
2026-02-08 11:08:35.198294,Toronto-9e14,19,84,Normal
2026-02-08 11:08:36.198294,Toronto-9e14,-27,71,Normal
2026-02-08 11:08:37.198294,Toronto-9e14,-16,55,Normal
2026-02-08 11:08:38.198294,Toronto-9e14,37,100,Normal
2026-02-08 11:08:39.198294,Toronto-9e14,36,54,Normal
2026-02-08 11:08:40.198294,Toronto-9e14,-26,13,Normal
2026-02-08 11:08:41.198294,Toronto-9e14,-2,64,Normal
2026-02-08 11:08:42.198294,Toronto-9e14,9,63,Normal
2026-02-08 11:08:43.198294,Toronto-9e14,-4,57,Normal
2026-02-08 11:08:44.198294,Toronto-9e14,-18,89,Normal
2026-02-08 11:08:45.198294,Toronto-9e14,47,32,Normal
2026-02-08 11:08:46.198294,Toronto-9e14,29,84,Normal
2026-02-08 11:08:47.198294,Toronto-9e14,3,0,Normal
2026-02-08 11:08:48.198294,Toronto-9e14,47,76,Normal
2026-02-08 11:08:49.198294,Toronto-9e14,15,76,Normal
2026-02-08 11:08:50.198294,Toronto-9e14,9,19,Normal
2026-02-08 11:08:51.198294,Toronto-9e14,47,71,Normal
2026-02-08 11:08:52.198294,Toronto-9e14,-14,0,Normal
2026-02-08 11:08:53.198294,Toronto-9e14,-17,67,Normal
2026-02-08 11:08:54.198294,Toronto-9e14,19,5,Normal
2026-02-08 11:08:55.198294,Toronto-9e14,-24,57,Normal
2026-02-08 11:08:56.198294,Toronto-9e14,27,21,Normal
2026-02-08 11:08:57.198294,Toronto-9e14,-2,94,Normal
2026-02-08 11:08:58.198294,Toronto-9e14,36,71,Normal
2026-02-08 11:08:59.198294,Toronto-9e14,-1,52,Normal
2026-02-08 11:09:00.198294,Toronto-9e14,-2,49,Normal
2026-02-08 11:09:01.198294,Toronto-9e14,26,37,Normal
2026-02-08 11:09:02.198294,Toronto-9e14,-22,37,Normal
2026-02-08 11:09:03.198294,Toronto-9e14,-25,40,Normal
2026-02-08 11:09:04.198294,Toronto-9e14,40,37,Normal
2026-02-08 11:09:05.198294,Toronto-9e14,20,67,Normal
2026-02-08 11:09:06.198294,Toronto-9e14,15,71,Normal
2026-02-08 11:09:07.198294,Toronto-9e14,33,31,Normal
2026-02-08 11:09:08.198294,Toronto-9e14,34,54,Normal
2026-02-08 11:09:09.198294,Toronto-9e14,8,9,Normal
2026-02-08 11:09:10.198294,Toronto-9e14,-6,30,Normal
2026-02-08 11:09:11.198294,Toronto-9e14,-9,67,Normal
2026-02-08 11:09:12.198294,Toronto-9e14,35,2,Normal
2026-02-08 11:09:13.198294,Toronto-9e14,-17,59,Normal
2026-02-08 11:09:14.198294,Toronto-9e14,-24,18,Normal
2026-02-08 11:09:15.198294,Toronto-9e14,16,7,Normal
2026-02-08 11:09:16.198294,Toronto-9e14,-18,51,Normal
2026-02-08 11:09:17.198294,Toronto-9e14,16,13,Normal
2026-02-08 11:09:18.198294,Toronto-9e14,-29,100,Normal
2026-02-08 11:09:19.198294,Toronto-9e14,47,79,Normal
2026-02-08 11:09:20.198294,Toronto-9e14,1,44,Normal
2026-02-08 11:09:21.198294,Toronto-9e14,-28,13,Normal
2026-02-08 11:09:22.198294,Toronto-9e14,37,48,Normal
2026-02-08 11:09:23.198294,Toronto-9e14,-23,9,Normal
2026-02-08 11:09:24.198294,Toronto-9e14,-27,45,Normal
2026-02-08 11:09:25.198294,Toronto-9e14,13,35,Normal
2026-02-08 11:09:26.198294,Toronto-9e14,29,54,Normal
2026-02-08 11:09:27.198294,Toronto-9e14,-1,94,Normal
2026-02-08 11:09:28.198294,Toronto-9e14,-2,13,Normal
2026-02-08 11:09:29.198294,Toronto-9e14,40,64,Normal
2026-02-08 11:09:30.198294,Toronto-9e14,30,19,Normal
2026-02-08 11:09:31.198294,Toronto-9e14,29,14,Normal
2026-02-08 11:09:32.198294,Toronto-9e14,-12,79,Normal
2026-02-08 11:09:33.198294,Toronto-9e14,12,70,Normal
2026-02-08 11:09:34.198294,Toronto-9e14,-19,75,Normal
2026-02-08 11:09:35.198294,Toronto-9e14,36,8,Normal
2026-02-08 11:09:36.198294,Toronto-9e14,44,93,Normal
2026-02-08 11:09:37.198294,Toronto-9e14,15,18,Normal
2026-02-08 11:09:38.198294,Toronto-9e14,26,57,Normal
2026-02-08 11:09:39.198294,Toronto-9e14,43,98,Normal
2026-02-08 11:09:40.198294,Toronto-9e14,18,2,Normal
2026-02-08 11:09:41.198294,Toronto-9e14,6,34,Normal
2026-02-08 11:09:42.198294,Toronto-9e14,1,62,Normal
2026-02-08 11:09:43.198294,Toronto-9e14,-30,97,Normal
2026-02-08 11:09:44.198294,Toronto-9e14,16,36,Normal
2026-02-08 11:09:45.198294,Toronto-9e14,43,89,Normal
2026-02-08 11:09:46.198294,Toronto-9e14,8,38,Normal
2026-02-08 11:09:47.198294,Toronto-9e14,23,32,Normal
2026-02-08 11:09:48.198294,Toronto-9e14,31,35,Normal
2026-02-08 11:09:49.198294,Toronto-9e14,14,74,Normal
2026-02-08 11:09:50.198294,Toronto-9e14,8,13,Normal
2026-02-08 11:09:51.198294,Toronto-9e14,-2,49,Normal
2026-02-08 11:09:52.198294,Toronto-9e14,-6,79,Normal
2026-02-08 11:09:53.198294,Toronto-9e14,14,47,Normal
2026-02-08 11:09:54.198294,Toronto-9e14,33,43,Normal
2026-02-08 11:09:55.198294,Toronto-9e14,-27,28,Normal
2026-02-08 11:09:56.198294,Toronto-9e14,30,20,Normal
2026-02-08 11:09:57.198294,Toronto-9e14,20,38,Normal
2026-02-08 11:09:58.198294,Toronto-9e14,-9,85,Normal
2026-02-08 11:09:59.198294,Toronto-9e14,31,27,Normal
2026-02-08 11:10:00.198294,Toronto-9e14,-9,40,Normal
2026-02-08 11:10:01.198294,Toronto-9e14,24,46,Normal
2026-02-08 11:10:02.198294,Toronto-9e14,3,61,Normal
2026-02-08 11:10:03.198294,Toronto-9e14,9,64,Normal
2026-02-08 11:10:04.198294,Toronto-9e14,-28,13,Normal
2026-02-08 11:10:05.198294,Toronto-9e14,-11,35,Normal
2026-02-08 11:10:06.198294,Toronto-9e14,50,97,Normal
2026-02-08 11:10:07.198294,Toronto-9e14,6,78,Normal
2026-02-08 11:10:08.198294,Toronto-9e14,-3,97,Normal
2026-02-08 11:10:09.198294,Toronto-9e14,36,63,Normal
2026-02-08 11:10:10.198294,Toronto-9e14,28,75,Normal
2026-02-08 11:10:11.198294,Toronto-9e14,-23,1,Normal
2026-02-08 11:10:12.198294,Toronto-9e14,28,63,Normal
2026-02-08 11:10:13.198294,Toronto-9e14,-20,77,Normal
2026-02-08 11:10:14.198294,Toronto-9e14,47,93,Normal
2026-02-08 11:10:15.198294,Toronto-9e14,33,77,Normal
2026-02-08 11:10:16.198294,Toronto-9e14,-22,41,Normal
2026-02-08 11:10:17.198294,Toronto-9e14,21,77,Normal
2026-02-08 11:10:18.198294,Toronto-9e14,-30,56,Normal
2026-02-08 11:10:19.198294,Toronto-9e14,46,5,Normal
2026-02-08 11:10:20.198294,Toronto-9e14,41,65,Normal
2026-02-08 11:10:21.198294,Toronto-9e14,-4,28,Normal
2026-02-08 11:10:22.198294,Toronto-9e14,-14,70,Normal
2026-02-08 11:10:23.198294,Toronto-9e14,-4,88,Normal
2026-02-08 11:10:24.198294,Toronto-9e14,-6,12,Normal
2026-02-08 11:10:25.198294,Toronto-9e14,40,4,Normal
2026-02-08 11:10:26.198294,Toronto-9e14,-20,93,Normal
2026-02-08 11:10:27.198294,Toronto-9e14,25,30,Normal
2026-02-08 11:10:28.198294,Toronto-9e14,-12,3,Normal
2026-02-08 11:10:29.198294,Toronto-9e14,-18,57,Normal
2026-02-08 11:10:30.198294,Toronto-9e14,-23,60,Normal
2026-02-08 11:10:31.198294,Toronto-9e14,-26,60,Normal
2026-02-08 11:10:32.198294,Toronto-9e14,-14,42,Normal
2026-02-08 11:10:33.198294,Toronto-9e14,-15,65,Normal
2026-02-08 11:10:34.198294,Toronto-9e14,33,60,Normal
2026-02-08 11:10:35.198294,Toronto-9e14,41,33,Normal
2026-02-08 11:10:36.198294,Toronto-9e14,36,68,Normal
2026-02-08 11:10:37.198294,Toronto-9e14,4,41,Normal
2026-02-08 11:10:38.198294,Toronto-9e14,-8,9,Normal
2026-02-08 11:10:39.198294,Toronto-9e14,-11,85,Normal
2026-02-08 11:10:40.198294,Toronto-9e14,9,49,Normal
2026-02-08 11:10:41.198294,Toronto-9e14,-26,77,Normal
2026-02-08 11:10:42.198294,Toronto-9e14,30,35,Normal
2026-02-08 11:10:43.198294,Toronto-9e14,14,23,Normal
2026-02-08 11:10:44.198294,Toronto-9e14,18,36,Normal
2026-02-08 11:10:45.198294,Toronto-9e14,20,94,Normal
2026-02-08 11:10:46.198294,Toronto-9e14,-21,60,Normal
2026-02-08 11:10:47.198294,Toronto-9e14,-1,83,Normal
2026-02-08 11:10:48.198294,Toronto-9e14,-29,28,Normal
2026-02-08 11:10:49.198294,Toronto-9e14,-9,83,Normal
2026-02-08 11:10:50.198294,Toronto-9e14,-28,20,Normal
2026-02-08 11:10:51.198294,Toronto-9e14,-13,53,Normal
2026-02-08 11:10:52.198294,Toronto-9e14,-15,60,Normal
2026-02-08 11:10:53.198294,Toronto-9e14,6,89,Normal
2026-02-08 11:10:54.198294,Toronto-9e14,33,12,Normal
2026-02-08 11:10:55.198294,Toronto-9e14,-19,47,Normal
2026-02-08 11:10:56.198294,Toronto-9e14,-9,78,Normal
2026-02-08 11:10:57.198294,Toronto-9e14,-17,35,Normal
2026-02-08 11:10:58.198294,Toronto-9e14,-14,84,Normal
2026-02-08 11:10:59.198294,Toronto-9e14,5,63,Normal
2026-02-08 11:11:00.198294,Toronto-9e14,4,20,Normal
2026-02-08 11:11:01.198294,Toronto-9e14,-10,14,Normal
2026-02-08 11:11:02.198294,Toronto-9e14,34,61,Normal
2026-02-08 11:11:03.198294,Toronto-9e14,-29,21,Normal
2026-02-08 11:11:04.198294,Toronto-9e14,42,99,Normal
2026-02-08 11:11:05.198294,Toronto-9e14,10,0,Normal
2026-02-08 11:11:06.198294,Toronto-9e14,9,87,Normal
2026-02-08 11:11:07.198294,Toronto-9e14,40,83,Normal
2026-02-08 11:11:08.198294,Toronto-9e14,-22,79,Normal
2026-02-08 11:11:09.198294,Toronto-9e14,35,84,Normal
2026-02-08 11:11:10.198294,Toronto-9e14,45,12,Normal
2026-02-08 11:11:11.198294,Toronto-9e14,38,70,Normal
2026-02-08 11:11:12.198294,Toronto-9e14,8,73,Normal
2026-02-08 11:11:13.198294,Toronto-9e14,1,77,Normal
2026-02-08 11:11:14.198294,Toronto-9e14,-13,69,Normal
2026-02-08 11:11:15.198294,Toronto-9e14,-28,37,Normal
2026-02-08 11:11:16.198294,Toronto-9e14,-8,100,Normal
2026-02-08 11:11:17.198294,Toronto-9e14,31,95,Normal
2026-02-08 11:11:18.198294,Toronto-9e14,4,88,Normal
2026-02-08 11:11:19.198294,Toronto-9e14,-13,14,Normal
2026-02-08 11:11:20.198294,Toronto-9e14,16,42,Normal
2026-02-08 11:11:21.198294,Toronto-9e14,35,83,Normal
2026-02-08 11:11:22.198294,Toronto-9e14,2,80,Normal
2026-02-08 11:11:23.198294,Toronto-9e14,-4,85,Normal
2026-02-08 11:11:24.198294,Toronto-9e14,-27,2,Normal
2026-02-08 11:11:25.198294,Toronto-9e14,-3,16,Normal
2026-02-08 11:11:26.198294,Toronto-9e14,17,87,Normal
2026-02-08 11:11:27.198294,Toronto-9e14,-29,58,Normal
2026-02-08 11:11:28.198294,Toronto-9e14,3,97,Normal
2026-02-08 11:11:29.198294,Toronto-9e14,35,49,Normal
2026-02-08 11:11:30.198294,Toronto-9e14,36,5,Normal
2026-02-08 11:11:31.198294,Toronto-9e14,45,1,Normal
2026-02-08 11:11:32.198294,Toronto-9e14,7,58,Normal
2026-02-08 11:11:33.198294,Toronto-9e14,-1,66,Normal
2026-02-08 11:11:34.198294,Toronto-9e14,-13,81,Normal
2026-02-08 11:11:35.198294,Toronto-9e14,34,66,Normal
2026-02-08 11:11:36.198294,Toronto-9e14,-22,53,Normal
2026-02-08 11:11:37.198294,Toronto-9e14,6,58,Normal
2026-02-08 11:11:38.198294,Toronto-9e14,34,29,Normal
2026-02-08 11:11:39.198294,Toronto-9e14,-21,22,Normal
2026-02-08 11:11:40.198294,Toronto-9e14,6,64,Normal
2026-02-08 11:11:41.198294,Toronto-9e14,-23,10,Normal
2026-02-08 11:11:42.198294,Toronto-9e14,24,31,Normal
2026-02-08 11:11:43.198294,Toronto-9e14,-27,98,Normal
2026-02-08 11:11:44.198294,Toronto-9e14,22,12,Normal
2026-02-08 11:11:45.198294,Toronto-9e14,13,66,Normal
2026-02-08 11:11:46.198294,Toronto-9e14,22,46,Normal
2026-02-08 11:11:47.198294,Toronto-9e14,48,76,Normal
2026-02-08 11:11:48.198294,Toronto-9e14,26,73,Normal
2026-02-08 11:11:49.198294,Toronto-9e14,25,87,Normal
2026-02-08 11:11:50.198294,Toronto-9e14,11,53,Normal
2026-02-08 11:11:51.198294,Toronto-9e14,2,57,Normal
2026-02-08 11:11:52.198294,Toronto-9e14,50,97,Normal
2026-02-08 11:11:53.198294,Toronto-9e14,28,90,Normal
2026-02-08 11:11:54.198294,Toronto-9e14,-19,5,Normal
2026-02-08 11:11:55.198294,Toronto-9e14,31,88,Normal
2026-02-08 11:11:56.198294,Toronto-9e14,-28,95,Normal
2026-02-08 11:11:57.198294,Toronto-9e14,-4,30,Normal
2026-02-08 11:11:58.198294,Toronto-9e14,11,37,Normal
2026-02-08 11:11:59.198294,Toronto-9e14,-18,2,Normal
2026-02-08 11:12:00.198294,Toronto-9e14,7,68,Normal
2026-02-08 11:12:01.198294,Toronto-9e14,-16,50,Normal
2026-02-08 11:12:02.198294,Toronto-9e14,9,68,Normal
2026-02-08 11:12:03.198294,Toronto-9e14,21,8,Normal
2026-02-08 11:12:04.198294,Toronto-9e14,1,51,Normal
2026-02-08 11:12:05.198294,Toronto-9e14,18,52,Normal
2026-02-08 11:12:06.198294,Toronto-9e14,-26,60,Normal
2026-02-08 11:12:07.198294,Toronto-9e14,-22,97,Normal
2026-02-08 11:12:08.198294,Toronto-9e14,31,80,Normal
2026-02-08 11:12:09.198294,Toronto-9e14,-22,54,Normal
2026-02-08 11:12:10.198294,Toronto-9e14,29,83,Normal
2026-02-08 11:12:11.198294,Toronto-9e14,-1,50,Normal
2026-02-08 11:12:12.198294,Toronto-9e14,16,91,Normal
2026-02-08 11:12:13.198294,Toronto-9e14,47,11,Normal
2026-02-08 11:12:14.198294,Toronto-9e14,-8,29,Normal
2026-02-08 11:12:15.198294,Toronto-9e14,14,11,Normal
2026-02-08 11:12:16.198294,Toronto-9e14,15,31,Normal
2026-02-08 11:12:17.198294,Toronto-9e14,15,79,Normal
2026-02-08 11:12:18.198294,Toronto-9e14,40,51,Normal
2026-02-08 11:12:19.198294,Toronto-9e14,9,19,Normal
2026-02-08 11:12:20.198294,Toronto-9e14,-1,27,Normal
