timestamp,station_id,temp,humid,condition
2026-02-10 00:07:38.562191,Berlin-d37d,39,50,Normal
2026-02-10 00:07:39.562191,Berlin-d37d,0,74,Normal
2026-02-10 00:07:40.562191,Berlin-d37d,11,64,Normal
2026-02-10 00:07:41.562191,Berlin-d37d,-13,92,Normal
2026-02-10 00:07:42.562191,Berlin-d37d,25,30,Normal
2026-02-10 00:07:43.562191,Berlin-d37d,24,47,Normal
2026-02-10 00:07:44.562191,Berlin-d37d,3,44,Normal
2026-02-10 00:07:45.562191,Berlin-d37d,41,77,Normal
2026-02-10 00:07:46.562191,Berlin-d37d,-26,70,Normal
2026-02-10 00:07:47.562191,Berlin-d37d,13,28,Normal
2026-02-10 00:07:48.562191,Berlin-d37d,46,63,Normal
2026-02-10 00:07:49.562191,Berlin-d37d,-16,9,Normal
2026-02-10 00:07:50.562191,Berlin-d37d,-22,69,Normal
2026-02-10 00:07:51.562191,Berlin-d37d,40,77,Normal
2026-02-10 00:07:52.562191,Berlin-d37d,34,31,Normal
2026-02-10 00:07:53.562191,Berlin-d37d,13,25,Normal
2026-02-10 00:07:54.562191,Berlin-d37d,35,46,Normal
2026-02-10 00:07:55.562191,Berlin-d37d,-6,95,Normal
2026-02-10 00:07:56.562191,Berlin-d37d,-24,72,Normal
2026-02-10 00:07:57.562191,Berlin-d37d,-19,36,Normal
2026-02-10 00:07:58.562191,Berlin-d37d,11,40,Normal
2026-02-10 00:07:59.562191,Berlin-d37d,10,40,Normal
2026-02-10 00:08:00.562191,Berlin-d37d,42,7,Normal
2026-02-10 00:08:01.562191,Berlin-d37d,-16,81,Normal
2026-02-10 00:08:02.562191,Berlin-d37d,5,27,Normal
2026-02-10 00:08:03.562191,Berlin-d37d,-22,3,Normal
2026-02-10 00:08:04.562191,Berlin-d37d,-18,96,Normal
2026-02-10 00:08:05.562191,Berlin-d37d,-30,51,Normal
2026-02-10 00:08:06.562191,Berlin-d37d,-1,56,Normal
2026-02-10 00:08:07.562191,Berlin-d37d,-22,77,Normal
2026-02-10 00:08:08.562191,Berlin-d37d,2,1,Normal
2026-02-10 00:08:09.562191,Berlin-d37d,22,66,Normal
2026-02-10 00:08:10.562191,Berlin-d37d,-12,41,Normal
2026-02-10 00:08:11.562191,Berlin-d37d,-5,22,Normal
2026-02-10 00:08:12.562191,Berlin-d37d,34,73,Normal
2026-02-10 00:08:13.562191,Berlin-d37d,5,7,Normal
2026-02-10 00:08:14.562191,Berlin-d37d,10,22,Normal
2026-02-10 00:08:15.562191,Berlin-d37d,19,38,Normal
2026-02-10 00:08:16.562191,Berlin-d37d,9,66,Normal
2026-02-10 00:08:17.562191,Berlin-d37d,29,65,Normal
2026-02-10 00:08:18.562191,Berlin-d37d,-14,7,Normal
2026-02-10 00:08:19.562191,Berlin-d37d,39,96,Normal
2026-02-10 00:08:20.562191,Berlin-d37d,-24,50,Normal
2026-02-10 00:08:21.562191,Berlin-d37d,-13,82,Normal
2026-02-10 00:08:22.562191,Berlin-d37d,16,62,Normal
2026-02-10 00:08:23.562191,Berlin-d37d,3,71,Normal
2026-02-10 00:08:24.562191,Berlin-d37d,50,66,Normal
2026-02-10 00:08:25.562191,Berlin-d37d,-3,14,Normal
2026-02-10 00:08:26.562191,Berlin-d37d,-22,1,Normal
2026-02-10 00:08:27.562191,Berlin-d37d,-8,67,Normal
2026-02-10 00:08:28.562191,Berlin-d37d,6,10,Normal
2026-02-10 00:08:29.562191,Berlin-d37d,0,70,Normal
2026-02-10 00:08:30.562191,Berlin-d37d,-19,30,Normal
2026-02-10 00:08:31.562191,Berlin-d37d,19,94,Normal
2026-02-10 00:08:32.562191,Berlin-d37d,-13,68,Normal
2026-02-10 00:08:33.562191,Berlin-d37d,48,58,Normal
2026-02-10 00:08:34.562191,Berlin-d37d,48,87,Normal
2026-02-10 00:08:35.562191,Berlin-d37d,42,94,Normal
2026-02-10 00:08:36.562191,Berlin-d37d,29,27,Normal
2026-02-10 00:08:37.562191,Berlin-d37d,0,53,Normal
2026-02-10 00:08:38.562191,Berlin-d37d,-13,34,Normal
2026-02-10 00:08:39.562191,Berlin-d37d,10,100,Normal
2026-02-10 00:08:40.562191,Berlin-d37d,-13,58,Normal
2026-02-10 00:08:41.562191,Berlin-d37d,-30,36,Normal
2026-02-10 00:08:42.562191,Berlin-d37d,-18,29,Normal
2026-02-10 00:08:43.562191,Berlin-d37d,28,31,Normal
2026-02-10 00:08:44.562191,Berlin-d37d,17,50,Normal
2026-02-10 00:08:45.562191,Berlin-d37d,-27,4,Normal
2026-02-10 00:08:46.562191,Berlin-d37d,-17,5,Normal
2026-02-10 00:08:47.562191,Berlin-d37d,-3,33,Normal
2026-02-10 00:08:48.562191,Berlin-d37d,-12,10,Normal
2026-02-10 00:08:49.562191,Berlin-d37d,21,41,Normal
2026-02-10 00:08:50.562191,Berlin-d37d,47,52,Normal
2026-02-10 00:08:51.562191,Berlin-d37d,2,97,Normal
2026-02-10 00:08:52.562191,Berlin-d37d,-10,83,Normal
2026-02-10 00:08:53.562191,Berlin-d37d,32,59,Normal
2026-02-10 00:08:54.562191,Berlin-d37d,-16,3,Normal
2026-02-10 00:08:55.562191,Berlin-d37d,-25,48,Normal
2026-02-10 00:08:56.562191,Berlin-d37d,23,84,Normal
2026-02-10 00:08:57.562191,Berlin-d37d,10,30,Normal
2026-02-10 00:08:58.562191,Berlin-d37d,49,67,Normal
2026-02-10 00:08:59.562191,Berlin-d37d,48,43,Normal
2026-02-10 00:09:00.562191,Berlin-d37d,-24,69,Normal
2026-02-10 00:09:01.562191,Berlin-d37d,39,88,Normal
2026-02-10 00:09:02.562191,Berlin-d37d,-6,57,Normal
2026-02-10 00:09:03.562191,Berlin-d37d,1,56,Normal
2026-02-10 00:09:04.562191,Berlin-d37d,25,16,Normal
2026-02-10 00:09:05.562191,Berlin-d37d,47,46,Normal
2026-02-10 00:09:06.562191,Berlin-d37d,20,78,Normal
2026-02-10 00:09:07.562191,Berlin-d37d,33,8,Normal
2026-02-10 00:09:08.562191,Berlin-d37d,-4,10,Normal
2026-02-10 00:09:09.562191,Berlin-d37d,15,76,Normal
2026-02-10 00:09:10.562191,Berlin-d37d,-27,46,Normal
2026-02-10 00:09:11.562191,Berlin-d37d,39,68,Normal
2026-02-10 00:09:12.562191,Berlin-d37d,-19,34,Normal
2026-02-10 00:09:13.562191,Berlin-d37d,46,39,Normal
2026-02-10 00:09:14.562191,Berlin-d37d,43,8,Normal
2026-02-10 00:09:15.562191,Berlin-d37d,-19,7,Normal
2026-02-10 00:09:16.562191,Berlin-d37d,16,68,Normal
2026-02-10 00:09:17.562191,Berlin-d37d,49,26,Normal
2026-02-10 00:09:18.562191,Berlin-d37d,-8,41,Normal
2026-02-10 00:09:19.562191,Berlin-d37d,11,69,Normal
2026-02-10 00:09:20.562191,Berlin-d37d,9,79,Normal
2026-02-10 00:09:21.562191,Berlin-d37d,-5,60,Normal
2026-02-10 00:09:22.562191,Berlin-d37d,-30,39,Normal
2026-02-10 00:09:23.562191,Berlin-d37d,-6,29,Normal
2026-02-10 00:09:24.562191,Berlin-d37d,-13,16,Normal
2026-02-10 00:09:25.562191,Berlin-d37d,-24,9,Normal
2026-02-10 00:09:26.562191,Berlin-d37d,-16,24,Normal
2026-02-10 00:09:27.562191,Berlin-d37d,21,54,Normal
2026-02-10 00:09:28.562191,Berlin-d37d,14,37,Normal
2026-02-10 00:09:29.562191,Berlin-d37d,16,97,Normal
2026-02-10 00:09:30.562191,Berlin-d37d,-25,44,Normal
2026-02-10 00:09:31.562191,Berlin-d37d,-25,48,Normal
2026-02-10 00:09:32.562191,Berlin-d37d,-4,31,Normal
2026-02-10 00:09:33.562191,Berlin-d37d,18,21,Normal
2026-02-10 00:09:34.562191,Berlin-d37d,-16,90,Normal
2026-02-10 00:09:35.562191,Berlin-d37d,-24,8,Normal
2026-02-10 00:09:36.562191,Berlin-d37d,3,2,Normal
2026-02-10 00:09:37.562191,Berlin-d37d,-29,79,Normal
2026-02-10 00:09:38.562191,Berlin-d37d,-7,56,Normal
2026-02-10 00:09:39.562191,Berlin-d37d,33,10,Normal
2026-02-10 00:09:40.562191,Berlin-d37d,8,57,Normal
2026-02-10 00:09:41.562191,Berlin-d37d,42,44,Normal
2026-02-10 00:09:42.562191,Berlin-d37d,23,7,Normal
2026-02-10 00:09:43.562191,Berlin-d37d,12,85,Normal
2026-02-10 00:09:44.562191,Berlin-d37d,15,11,Normal
2026-02-10 00:09:45.562191,Berlin-d37d,14,31,Normal
2026-02-10 00:09:46.562191,Berlin-d37d,17,87,Normal
2026-02-10 00:09:47.562191,Berlin-d37d,-1,33,Normal
2026-02-10 00:09:48.562191,Berlin-d37d,-5,9,Normal
2026-02-10 00:09:49.562191,Berlin-d37d,15,88,Normal
2026-02-10 00:09:50.562191,Berlin-d37d,48,6,Normal
2026-02-10 00:09:51.562191,Berlin-d37d,21,17,Normal
2026-02-10 00:09:52.562191,Berlin-d37d,-22,48,Normal
2026-02-10 00:09:53.562191,Berlin-d37d,10,21,Normal
2026-02-10 00:09:54.562191,Berlin-d37d,-1,37,Normal
2026-02-10 00:09:55.562191,Berlin-d37d,-18,69,Normal
2026-02-10 00:09:56.562191,Berlin-d37d,50,48,Normal
2026-02-10 00:09:57.562191,Berlin-d37d,2,56,Normal
2026-02-10 00:09:58.562191,Berlin-d37d,28,48,Normal
2026-02-10 00:09:59.562191,Berlin-d37d,50,95,Normal
2026-02-10 00:10:00.562191,Berlin-d37d,-8,55,Normal
2026-02-10 00:10:01.562191,Berlin-d37d,49,96,Normal
2026-02-10 00:10:02.562191,Berlin-d37d,-19,74,Normal
2026-02-10 00:10:03.562191,Berlin-d37d,-5,61,Normal
2026-02-10 00:10:04.562191,Berlin-d37d,0,8,Normal
2026-02-10 00:10:05.562191,Berlin-d37d,31,21,Normal
2026-02-10 00:10:06.562191,Berlin-d37d,50,61,Normal
2026-02-10 00:10:07.562191,Berlin-d37d,31,17,Normal
2026-02-10 00:10:08.562191,Berlin-d37d,34,36,Normal
2026-02-10 00:10:09.562191,Berlin-d37d,43,39,Normal
2026-02-10 00:10:10.562191,Berlin-d37d,-9,3,Normal
2026-02-10 00:10:11.562191,Berlin-d37d,48,8,Normal
2026-02-10 00:10:12.562191,Berlin-d37d,-23,96,Normal
2026-02-10 00:10:13.562191,Berlin-d37d,14,84,Normal
2026-02-10 00:10:14.562191,Berlin-d37d,-24,59,Normal
2026-02-10 00:10:15.562191,Berlin-d37d,-7,70,Normal
2026-02-10 00:10:16.562191,Berlin-d37d,47,14,Normal
2026-02-10 00:10:17.562191,Berlin-d37d,1,83,Normal
2026-02-10 00:10:18.562191,Berlin-d37d,37,93,Normal
2026-02-10 00:10:19.562191,Berlin-d37d,-29,89,Normal
2026-02-10 00:10:20.562191,Berlin-d37d,38,82,Normal
2026-02-10 00:10:21.562191,Berlin-d37d,12,6,Normal
2026-02-10 00:10:22.562191,Berlin-d37d,35,8,Normal
2026-02-10 00:10:23.562191,Berlin-d37d,18,16,Normal
2026-02-10 00:10:24.562191,Berlin-d37d,-1,53,Normal
2026-02-10 00:10:25.562191,Berlin-d37d,21,18,Normal
2026-02-10 00:10:26.562191,Berlin-d37d,30,17,Normal
2026-02-10 00:10:27.562191,Berlin-d37d,37,43,Normal
2026-02-10 00:10:28.562191,Berlin-d37d,-3,92,Normal
2026-02-10 00:10:29.562191,Berlin-d37d,-5,68,Normal
2026-02-10 00:10:30.562191,Berlin-d37d,18,62,Normal
2026-02-10 00:10:31.562191,Berlin-d37d,46,43,Normal
2026-02-10 00:10:32.562191,Berlin-d37d,28,71,Normal
2026-02-10 00:10:33.562191,Berlin-d37d,-25,27,Normal
2026-02-10 00:10:34.562191,Berlin-d37d,-29,80,Normal
2026-02-10 00:10:35.562191,Berlin-d37d,1,47,Normal
2026-02-10 00:10:36.562191,Berlin-d37d,29,56,Normal
2026-02-10 00:10:37.562191,Berlin-d37d,-10,77,Normal
2026-02-10 00:10:38.562191,Berlin-d37d,48,69,Normal
2026-02-10 00:10:39.562191,Berlin-d37d,5,100,Normal
2026-02-10 00:10:40.562191,Berlin-d37d,0,65,Normal
2026-02-10 00:10:41.562191,Berlin-d37d,-29,65,Normal
2026-02-10 00:10:42.562191,Berlin-d37d,17,82,Normal
2026-02-10 00:10:43.562191,Berlin-d37d,26,29,Normal
2026-02-10 00:10:44.562191,Berlin-d37d,50,36,Normal
2026-02-10 00:10:45.562191,Berlin-d37d,37,30,Normal
2026-02-10 00:10:46.562191,Berlin-d37d,19,78,Normal
2026-02-10 00:10:47.562191,Berlin-d37d,28,29,Normal
2026-02-10 00:10:48.562191,Berlin-d37d,13,89,Normal
2026-02-10 00:10:49.562191,Berlin-d37d,14,75,Normal
2026-02-10 00:10:50.562191,Berlin-d37d,-6,95,Normal
2026-02-10 00:10:51.562191,Berlin-d37d,-8,95,Normal
2026-02-10 00:10:52.562191,Berlin-d37d,10,32,Normal
2026-02-10 00:10:53.562191,Berlin-d37d,18,14,Normal
2026-02-10 00:10:54.562191,Berlin-d37d,-24,62,Normal
2026-02-10 00:10:55.562191,Berlin-d37d,-8,47,Normal
2026-02-10 00:10:56.562191,Berlin-d37d,8,17,Normal
2026-02-10 00:10:57.562191,Berlin-d37d,45,11,Normal
2026-02-10 00:10:58.562191,Berlin-d37d,7,6,Normal
2026-02-10 00:10:59.562191,Berlin-d37d,12,99,Normal
2026-02-10 00:11:00.562191,Berlin-d37d,-6,15,Normal
2026-02-10 00:11:01.562191,Berlin-d37d,37,31,Normal
2026-02-10 00:11:02.562191,Berlin-d37d,-10,28,Normal
2026-02-10 00:11:03.562191,Berlin-d37d,-8,31,Normal
2026-02-10 00:11:04.562191,Berlin-d37d,-6,81,Normal
2026-02-10 00:11:05.562191,Berlin-d37d,3,45,Normal
2026-02-10 00:11:06.562191,Berlin-d37d,12,86,Normal
2026-02-10 00:11:07.562191,Berlin-d37d,-17,13,Normal
2026-02-10 00:11:08.562191,Berlin-d37d,-19,86,Normal
2026-02-10 00:11:09.562191,Berlin-d37d,40,81,Normal
2026-02-10 00:11:10.562191,Berlin-d37d,-5,11,Normal
2026-02-10 00:11:11.562191,Berlin-d37d,7,18,Normal
2026-02-10 00:11:12.562191,Berlin-d37d,29,49,Normal
2026-02-10 00:11:13.562191,Berlin-d37d,1,61,Normal
2026-02-10 00:11:14.562191,Berlin-d37d,-29,38,Normal
2026-02-10 00:11:15.562191,Berlin-d37d,19,1,Normal
2026-02-10 00:11:16.562191,Berlin-d37d,30,6,Normal
2026-02-10 00:11:17.562191,Berlin-d37d,25,75,Normal
2026-02-10 00:11:18.562191,Berlin-d37d,7,44,Normal
2026-02-10 00:11:19.562191,Berlin-d37d,31,40,Normal
2026-02-10 00:11:20.562191,Berlin-d37d,1,53,Normal
2026-02-10 00:11:21.562191,Berlin-d37d,-15,50,Normal
2026-02-10 00:11:22.562191,Berlin-d37d,11,28,Normal
2026-02-10 00:11:23.562191,Berlin-d37d,46,5,Normal
2026-02-10 00:11:24.562191,Berlin-d37d,-22,54,Normal
2026-02-10 00:11:25.562191,Berlin-d37d,-24,97,Normal
2026-02-10 00:11:26.562191,Berlin-d37d,-23,19,Normal
2026-02-10 00:11:27.562191,Berlin-d37d,17,59,Normal
2026-02-10 00:11:28.562191,Berlin-d37d,43,19,Normal
2026-02-10 00:11:29.562191,Berlin-d37d,-21,72,Normal
2026-02-10 00:11:30.562191,Berlin-d37d,36,3,Normal
2026-02-10 00:11:31.562191,Berlin-d37d,34,12,Normal
2026-02-10 00:11:32.562191,Berlin-d37d,-6,3,Normal
2026-02-10 00:11:33.562191,Berlin-d37d,12,19,Normal
2026-02-10 00:11:34.562191,Berlin-d37d,36,60,Normal
2026-02-10 00:11:35.562191,Berlin-d37d,41,94,Normal
2026-02-10 00:11:36.562191,Berlin-d37d,9,9,Normal
2026-02-10 00:11:37.562191,Berlin-d37d,-19,45,Normal
2026-02-10 00:11:38.562191,Berlin-d37d,13,66,Normal
2026-02-10 00:11:39.562191,Berlin-d37d,-25,14,Normal
2026-02-10 00:11:40.562191,Berlin-d37d,-24,98,Normal
2026-02-10 00:11:41.562191,Berlin-d37d,-24,19,Normal
2026-02-10 00:11:42.562191,Berlin-d37d,-3,98,Normal
2026-02-10 00:11:43.562191,Berlin-d37d,43,33,Normal
2026-02-10 00:11:44.562191,Berlin-d37d,18,76,Normal
2026-02-10 00:11:45.562191,Berlin-d37d,-12,55,Normal
2026-02-10 00:11:46.562191,Berlin-d37d,-23,43,Normal
2026-02-10 00:11:47.562191,Berlin-d37d,7,4,Normal
2026-02-10 00:11:48.562191,Berlin-d37d,16,67,Normal
2026-02-10 00:11:49.562191,Berlin-d37d,-24,36,Normal
2026-02-10 00:11:50.562191,Berlin-d37d,50,9,Normal
2026-02-10 00:11:51.562191,Berlin-d37d,-9,8,Normal
2026-02-10 00:11:52.562191,Berlin-d37d,0,10,Normal
2026-02-10 00:11:53.562191,Berlin-d37d,-2,3,Normal
2026-02-10 00:11:54.562191,Berlin-d37d,38,32,Normal
2026-02-10 00:11:55.562191,Berlin-d37d,-12,26,Normal
2026-02-10 00:11:56.562191,Berlin-d37d,-23,17,Normal
2026-02-10 00:11:57.562191,Berlin-d37d,49,59,Normal
2026-02-10 00:11:58.562191,Berlin-d37d,41,5,Normal
2026-02-10 00:11:59.562191,Berlin-d37d,-26,13,Normal
2026-02-10 00:12:00.562191,Berlin-d37d,5,40,Normal
2026-02-10 00:12:01.562191,Berlin-d37d,6,27,Normal
2026-02-10 00:12:02.562191,Berlin-d37d,-22,63,Normal
2026-02-10 00:12:03.562191,Berlin-d37d,16,49,Normal
2026-02-10 00:12:04.562191,Berlin-d37d,7,77,Normal
2026-02-10 00:12:05.562191,Berlin-d37d,46,68,Normal
2026-02-10 00:12:06.562191,Berlin-d37d,41,67,Normal
2026-02-10 00:12:07.562191,Berlin-d37d,2,31,Normal
2026-02-10 00:12:08.562191,Berlin-d37d,0,90,Normal
2026-02-10 00:12:09.562191,Berlin-d37d,-22,40,Normal
2026-02-10 00:12:10.562191,Berlin-d37d,19,14,Normal
2026-02-10 00:12:11.562191,Berlin-d37d,10,16,Normal
2026-02-10 00:12:12.562191,Berlin-d37d,9,35,Normal
2026-02-10 00:12:13.562191,Berlin-d37d,14,64,Normal
2026-02-10 00:12:14.562191,Berlin-d37d,48,36,Normal
2026-02-10 00:12:15.562191,Berlin-d37d,-10,86,Normal
2026-02-10 00:12:16.562191,Berlin-d37d,-5,10,Normal
2026-02-10 00:12:17.562191,Berlin-d37d,-29,82,Normal
2026-02-10 00:12:18.562191,Berlin-d37d,23,35,Normal
2026-02-10 00:12:19.562191,Berlin-d37d,18,38,Normal
2026-02-10 00:12:20.562191,Berlin-d37d,9,65,Normal
2026-02-10 00:12:21.562191,Berlin-d37d,-16,89,Normal
2026-02-10 00:12:22.562191,Berlin-d37d,-14,70,Normal
2026-02-10 00:12:23.562191,Berlin-d37d,24,67,Normal
2026-02-10 00:12:24.562191,Berlin-d37d,33,38,Normal
2026-02-10 00:12:25.562191,Berlin-d37d,26,21,Normal
2026-02-10 00:12:26.562191,Berlin-d37d,5,99,Normal
2026-02-10 00:12:27.562191,Berlin-d37d,14,1,Normal
2026-02-10 00:12:28.562191,Berlin-d37d,-14,81,Normal
2026-02-10 00:12:29.562191,Berlin-d37d,-22,19,Normal
2026-02-10 00:12:30.562191,Berlin-d37d,-1,36,Normal
2026-02-10 00:12:31.562191,Berlin-d37d,45,90,Normal
2026-02-10 00:12:32.562191,Berlin-d37d,27,2,Normal
2026-02-10 00:12:33.562191,Berlin-d37d,2,48,Normal
2026-02-10 00:12:34.562191,Berlin-d37d,42,52,Normal
2026-02-10 00:12:35.562191,Berlin-d37d,19,82,Normal
2026-02-10 00:12:36.562191,Berlin-d37d,-10,75,Normal
2026-02-10 00:12:37.562191,Berlin-d37d,-29,50,Normal
2026-02-10 00:12:38.562191,Berlin-d37d,-27,51,Normal
2026-02-10 00:12:39.562191,Berlin-d37d,-3,34,Normal
2026-02-10 00:12:40.562191,Berlin-d37d,-24,46,Normal
2026-02-10 00:12:41.562191,Berlin-d37d,14,43,Normal
2026-02-10 00:12:42.562191,Berlin-d37d,-21,55,Normal
2026-02-10 00:12:43.562191,Berlin-d37d,11,56,Normal
2026-02-10 00:12:44.562191,Berlin-d37d,35,48,Normal
2026-02-10 00:12:45.562191,Berlin-d37d,-27,42,Normal
2026-02-10 00:12:46.562191,Berlin-d37d,40,32,Normal
2026-02-10 00:12:47.562191,Berlin-d37d,-22,54,Normal
2026-02-10 00:12:48.562191,Berlin-d37d,9,28,Normal
2026-02-10 00:12:49.562191,Berlin-d37d,10,45,Normal
2026-02-10 00:12:50.562191,Berlin-d37d,25,32,Normal
2026-02-10 00:12:51.562191,Berlin-d37d,-2,37,Normal
2026-02-10 00:12:52.562191,Berlin-d37d,38,75,Normal
2026-02-10 00:12:53.562191,Berlin-d37d,21,65,Normal
2026-02-10 00:12:54.562191,Berlin-d37d,-19,96,Normal
2026-02-10 00:12:55.562191,Berlin-d37d,11,80,Normal
2026-02-10 00:12:56.562191,Berlin-d37d,14,24,Normal
2026-02-10 00:12:57.562191,Berlin-d37d,-4,25,Normal
2026-02-10 00:12:58.562191,Berlin-d37d,12,59,Normal
2026-02-10 00:12:59.562191,Berlin-d37d,19,11,Normal
2026-02-10 00:13:00.562191,Berlin-d37d,5,60,Normal
2026-02-10 00:13:01.562191,Berlin-d37d,-15,22,Normal
2026-02-10 00:13:02.562191,Berlin-d37d,15,93,Normal
2026-02-10 00:13:03.562191,Berlin-d37d,-22,91,Normal
2026-02-10 00:13:04.562191,Berlin-d37d,-26,32,Normal
2026-02-10 00:13:05.562191,Berlin-d37d,22,99,Normal
2026-02-10 00:13:06.562191,Berlin-d37d,-23,73,Normal
2026-02-10 00:13:07.562191,Berlin-d37d,42,46,Normal
2026-02-10 00:13:08.562191,Berlin-d37d,38,91,Normal
2026-02-10 00:13:09.562191,Berlin-d37d,36,4,Normal
2026-02-10 00:13:10.562191,Berlin-d37d,22,62,Normal
2026-02-10 00:13:11.562191,Berlin-d37d,9,4,Normal
2026-02-10 00:13:12.562191,Berlin-d37d,13,49,Normal
2026-02-10 00:13:13.562191,Berlin-d37d,41,40,Normal
2026-02-10 00:13:14.562191,Berlin-d37d,-18,50,Normal
2026-02-10 00:13:15.562191,Berlin-d37d,34,31,Normal
2026-02-10 00:13:16.562191,Berlin-d37d,-1,55,Normal
2026-02-10 00:13:17.562191,Berlin-d37d,-6,57,Normal
2026-02-10 00:13:18.562191,Berlin-d37d,9,61,Normal
2026-02-10 00:13:19.562191,Berlin-d37d,25,24,Normal
2026-02-10 00:13:20.562191,Berlin-d37d,22,85,Normal
2026-02-10 00:13:21.562191,Berlin-d37d,20,48,Normal
2026-02-10 00:13:22.562191,Berlin-d37d,-6,80,Normal
2026-02-10 00:13:23.562191,Berlin-d37d,-10,18,Normal
2026-02-10 00:13:24.562191,Berlin-d37d,36,90,Normal
2026-02-10 00:13:25.562191,Berlin-d37d,-11,8,Normal
2026-02-10 00:13:26.562191,Berlin-d37d,-14,10,Normal
2026-02-10 00:13:27.562191,Berlin-d37d,-14,56,Normal
2026-02-10 00:13:28.562191,Berlin-d37d,-27,91,Normal
2026-02-10 00:13:29.562191,Berlin-d37d,41,25,Normal
2026-02-10 00:13:30.562191,Berlin-d37d,22,82,Normal
2026-02-10 00:13:31.562191,Berlin-d37d,7,44,Normal
2026-02-10 00:13:32.562191,Berlin-d37d,45,27,Normal
2026-02-10 00:13:33.562191,Berlin-d37d,49,67,Normal
2026-02-10 00:13:34.562191,Berlin-d37d,29,95,Normal
2026-02-10 00:13:35.562191,Berlin-d37d,-23,20,Normal
2026-02-10 00:13:36.562191,Berlin-d37d,6,58,Normal
2026-02-10 00:13:37.562191,Berlin-d37d,36,91,Normal
2026-02-10 00:13:38.562191,Berlin-d37d,36,48,Normal
2026-02-10 00:13:39.562191,Berlin-d37d,-10,91,Normal
2026-02-10 00:13:40.562191,Berlin-d37d,27,39,Normal
2026-02-10 00:13:41.562191,Berlin-d37d,45,61,Normal
2026-02-10 00:13:42.562191,Berlin-d37d,3,36,Normal
2026-02-10 00:13:43.562191,Berlin-d37d,47,89,Normal
2026-02-10 00:13:44.562191,Berlin-d37d,-2,84,Normal
2026-02-10 00:13:45.562191,Berlin-d37d,-15,95,Normal
2026-02-10 00:13:46.562191,Berlin-d37d,15,23,Normal
2026-02-10 00:13:47.562191,Berlin-d37d,12,0,Normal
2026-02-10 00:13:48.562191,Berlin-d37d,8,1,Normal
2026-02-10 00:13:49.562191,Berlin-d37d,-15,7,Normal
2026-02-10 00:13:50.562191,Berlin-d37d,38,10,Normal
2026-02-10 00:13:51.562191,Berlin-d37d,20,12,Normal
2026-02-10 00:13:52.562191,Berlin-d37d,24,90,Normal
2026-02-10 00:13:53.562191,Berlin-d37d,-15,5,Normal
2026-02-10 00:13:54.562191,Berlin-d37d,-2,62,Normal
2026-02-10 00:13:55.562191,Berlin-d37d,15,71,Normal
2026-02-10 00:13:56.562191,Berlin-d37d,48,11,Normal
2026-02-10 00:13:57.562191,Berlin-d37d,41,4,Normal
2026-02-10 00:13:58.562191,Berlin-d37d,19,17,Normal
2026-02-10 00:13:59.562191,Berlin-d37d,7,51,Normal
2026-02-10 00:14:00.562191,Berlin-d37d,39,50,Normal
2026-02-10 00:14:01.562191,Berlin-d37d,-8,51,Normal
2026-02-10 00:14:02.562191,Berlin-d37d,6,47,Normal
2026-02-10 00:14:03.562191,Berlin-d37d,5,45,Normal
2026-02-10 00:14:04.562191,Berlin-d37d,27,18,Normal
2026-02-10 00:14:05.562191,Berlin-d37d,21,63,Normal
2026-02-10 00:14:06.562191,Berlin-d37d,8,40,Normal
2026-02-10 00:14:07.562191,Berlin-d37d,31,98,Normal
2026-02-10 00:14:08.562191,Berlin-d37d,7,57,Normal
2026-02-10 00:14:09.562191,Berlin-d37d,22,75,Normal
2026-02-10 00:14:10.562191,Berlin-d37d,43,56,Normal
2026-02-10 00:14:11.562191,Berlin-d37d,32,13,Normal
2026-02-10 00:14:12.562191,Berlin-d37d,33,40,Normal
2026-02-10 00:14:13.562191,Berlin-d37d,38,57,Normal
2026-02-10 00:14:14.562191,Berlin-d37d,32,0,Normal
2026-02-10 00:14:15.562191,Berlin-d37d,-15,45,Normal
2026-02-10 00:14:16.562191,Berlin-d37d,17,30,Normal
2026-02-10 00:14:17.562191,Berlin-d37d,26,49,Normal
2026-02-10 00:14:18.562191,Berlin-d37d,-21,9,Normal
2026-02-10 00:14:19.562191,Berlin-d37d,-21,46,Normal
2026-02-10 00:14:20.562191,Berlin-d37d,34,84,Normal
2026-02-10 00:14:21.562191,Berlin-d37d,-3,30,Normal
2026-02-10 00:14:22.562191,Berlin-d37d,29,96,Normal
2026-02-10 00:14:23.562191,Berlin-d37d,-21,85,Normal
2026-02-10 00:14:24.562191,Berlin-d37d,3,4,Normal
2026-02-10 00:14:25.562191,Berlin-d37d,29,41,Normal
2026-02-10 00:14:26.562191,Berlin-d37d,46,20,Normal
2026-02-10 00:14:27.562191,Berlin-d37d,7,17,Normal
2026-02-10 00:14:28.562191,Berlin-d37d,48,23,Normal
2026-02-10 00:14:29.562191,Berlin-d37d,34,46,Normal
2026-02-10 00:14:30.562191,Berlin-d37d,-3,68,Normal
2026-02-10 00:14:31.562191,Berlin-d37d,17,77,Normal
2026-02-10 00:14:32.562191,Berlin-d37d,1,82,Normal
2026-02-10 00:14:33.562191,Berlin-d37d,-3,92,Normal
2026-02-10 00:14:34.562191,Berlin-d37d,-30,3,Normal
2026-02-10 00:14:35.562191,Berlin-d37d,37,99,Normal
2026-02-10 00:14:36.562191,Berlin-d37d,43,90,Normal
2026-02-10 00:14:37.562191,Berlin-d37d,-15,32,Normal
2026-02-10 00:14:38.562191,Berlin-d37d,37,14,Normal
2026-02-10 00:14:39.562191,Berlin-d37d,21,47,Normal
2026-02-10 00:14:40.562191,Berlin-d37d,-3,54,Normal
2026-02-10 00:14:41.562191,Berlin-d37d,-15,9,Normal
2026-02-10 00:14:42.562191,Berlin-d37d,46,55,Normal
2026-02-10 00:14:43.562191,Berlin-d37d,26,91,Normal
2026-02-10 00:14:44.562191,Berlin-d37d,-8,15,Normal
2026-02-10 00:14:45.562191,Berlin-d37d,-13,78,Normal
2026-02-10 00:14:46.562191,Berlin-d37d,24,86,Normal
2026-02-10 00:14:47.562191,Berlin-d37d,43,0,Normal
2026-02-10 00:14:48.562191,Berlin-d37d,33,76,Normal
2026-02-10 00:14:49.562191,Berlin-d37d,35,59,Normal
2026-02-10 00:14:50.562191,Berlin-d37d,-28,2,Normal
2026-02-10 00:14:51.562191,Berlin-d37d,36,4,Normal
2026-02-10 00:14:52.562191,Berlin-d37d,-8,96,Normal
2026-02-10 00:14:53.562191,Berlin-d37d,-16,43,Normal
2026-02-10 00:14:54.562191,Berlin-d37d,41,51,Normal
2026-02-10 00:14:55.562191,Berlin-d37d,9,95,Normal
2026-02-10 00:14:56.562191,Berlin-d37d,15,25,Normal
2026-02-10 00:14:57.562191,Berlin-d37d,31,100,Normal
2026-02-10 00:14:58.562191,Berlin-d37d,20,89,Normal
2026-02-10 00:14:59.562191,Berlin-d37d,36,83,Normal
2026-02-10 00:15:00.562191,Berlin-d37d,7,17,Normal
2026-02-10 00:15:01.562191,Berlin-d37d,-2,13,Normal
2026-02-10 00:15:02.562191,Berlin-d37d,10,6,Normal
2026-02-10 00:15:03.562191,Berlin-d37d,24,27,Normal
2026-02-10 00:15:04.562191,Berlin-d37d,29,71,Normal
2026-02-10 00:15:05.562191,Berlin-d37d,2,52,Normal
2026-02-10 00:15:06.562191,Berlin-d37d,14,26,Normal
2026-02-10 00:15:07.562191,Berlin-d37d,2,28,Normal
2026-02-10 00:15:08.562191,Berlin-d37d,9,57,Normal
2026-02-10 00:15:09.562191,Berlin-d37d,22,95,Normal
2026-02-10 00:15:10.562191,Berlin-d37d,-11,100,Normal
2026-02-10 00:15:11.562191,Berlin-d37d,-22,96,Normal
2026-02-10 00:15:12.562191,Berlin-d37d,-9,71,Normal
2026-02-10 00:15:13.562191,Berlin-d37d,27,3,Normal
2026-02-10 00:15:14.562191,Berlin-d37d,42,0,Normal
2026-02-10 00:15:15.562191,Berlin-d37d,3,85,Normal
2026-02-10 00:15:16.562191,Berlin-d37d,40,11,Normal
2026-02-10 00:15:17.562191,Berlin-d37d,15,87,Normal
2026-02-10 00:15:18.562191,Berlin-d37d,14,51,Normal
2026-02-10 00:15:19.562191,Berlin-d37d,-28,2,Normal
2026-02-10 00:15:20.562191,Berlin-d37d,11,44,Normal
2026-02-10 00:15:21.562191,Berlin-d37d,-8,36,Normal
2026-02-10 00:15:22.562191,Berlin-d37d,44,9,Normal
2026-02-10 00:15:23.562191,Berlin-d37d,35,35,Normal
2026-02-10 00:15:24.562191,Berlin-d37d,-22,47,Normal
2026-02-10 00:15:25.562191,Berlin-d37d,5,77,Normal
2026-02-10 00:15:26.562191,Berlin-d37d,42,21,Normal
2026-02-10 00:15:27.562191,Berlin-d37d,11,23,Normal
2026-02-10 00:15:28.562191,Berlin-d37d,20,70,Normal
2026-02-10 00:15:29.562191,Berlin-d37d,-27,81,Normal
2026-02-10 00:15:30.562191,Berlin-d37d,-20,53,Normal
2026-02-10 00:15:31.562191,Berlin-d37d,10,28,Normal
2026-02-10 00:15:32.562191,Berlin-d37d,39,9,Normal
2026-02-10 00:15:33.562191,Berlin-d37d,43,63,Normal
2026-02-10 00:15:34.562191,Berlin-d37d,30,10,Normal
2026-02-10 00:15:35.562191,Berlin-d37d,12,3,Normal
2026-02-10 00:15:36.562191,Berlin-d37d,18,94,Normal
2026-02-10 00:15:37.562191,Berlin-d37d,0,24,Normal
2026-02-10 00:15:38.562191,Berlin-d37d,2,86,Normal
2026-02-10 00:15:39.562191,Berlin-d37d,3,85,Normal
2026-02-10 00:15:40.562191,Berlin-d37d,6,29,Normal
2026-02-10 00:15:41.562191,Berlin-d37d,6,58,Normal
2026-02-10 00:15:42.562191,Berlin-d37d,-2,13,Normal
2026-02-10 00:15:43.562191,Berlin-d37d,-7,2,Normal
2026-02-10 00:15:44.562191,Berlin-d37d,-21,83,Normal
2026-02-10 00:15:45.562191,Berlin-d37d,50,68,Normal
2026-02-10 00:15:46.562191,Berlin-d37d,-25,63,Normal
2026-02-10 00:15:47.562191,Berlin-d37d,39,84,Normal
2026-02-10 00:15:48.562191,Berlin-d37d,37,46,Normal
2026-02-10 00:15:49.562191,Berlin-d37d,18,9,Normal
2026-02-10 00:15:50.562191,Berlin-d37d,-27,67,Normal
2026-02-10 00:15:51.562191,Berlin-d37d,23,50,Normal
2026-02-10 00:15:52.562191,Berlin-d37d,-18,20,Normal
2026-02-10 00:15:53.562191,Berlin-d37d,20,46,Normal
2026-02-10 00:15:54.562191,Berlin-d37d,5,51,Normal
2026-02-10 00:15:55.562191,Berlin-d37d,9,6,Normal
2026-02-10 00:15:56.562191,Berlin-d37d,-25,53,Normal
2026-02-10 00:15:57.562191,Berlin-d37d,31,90,Normal
2026-02-10 00:15:58.562191,Berlin-d37d,43,26,Normal
2026-02-10 00:15:59.562191,Berlin-d37d,49,16,Normal
2026-02-10 00:16:00.562191,Berlin-d37d,17,45,Normal
2026-02-10 00:16:01.562191,Berlin-d37d,-23,72,Normal
2026-02-10 00:16:02.562191,Berlin-d37d,-16,59,Normal
2026-02-10 00:16:03.562191,Berlin-d37d,-6,43,Normal
2026-02-10 00:16:04.562191,Berlin-d37d,2,5,Normal
2026-02-10 00:16:05.562191,Berlin-d37d,7,6,Normal
2026-02-10 00:16:06.562191,Berlin-d37d,48,33,Normal
2026-02-10 00:16:07.562191,Berlin-d37d,35,5,Normal
2026-02-10 00:16:08.562191,Berlin-d37d,22,58,Normal
2026-02-10 00:16:09.562191,Berlin-d37d,18,79,Normal
2026-02-10 00:16:10.562191,Berlin-d37d,41,52,Normal
2026-02-10 00:16:11.562191,Berlin-d37d,41,12,Normal
2026-02-10 00:16:12.562191,Berlin-d37d,16,42,Normal
2026-02-10 00:16:13.562191,Berlin-d37d,-24,94,Normal
2026-02-10 00:16:14.562191,Berlin-d37d,14,78,Normal
2026-02-10 00:16:15.562191,Berlin-d37d,9,26,Normal
2026-02-10 00:16:16.562191,Berlin-d37d,-27,69,Normal
2026-02-10 00:16:17.562191,Berlin-d37d,40,70,Normal
2026-02-10 00:16:18.562191,Berlin-d37d,-7,35,Normal
2026-02-10 00:16:19.562191,Berlin-d37d,-15,78,Normal
2026-02-10 00:16:20.562191,Berlin-d37d,35,3,Normal
2026-02-10 00:16:21.562191,Berlin-d37d,-3,78,Normal
2026-02-10 00:16:22.562191,Berlin-d37d,46,61,Normal
2026-02-10 00:16:23.562191,Berlin-d37d,7,100,Normal
2026-02-10 00:16:24.562191,Berlin-d37d,-22,89,Normal
2026-02-10 00:16:25.562191,Berlin-d37d,-14,30,Normal
2026-02-10 00:16:26.562191,Berlin-d37d,33,18,Normal
2026-02-10 00:16:27.562191,Berlin-d37d,44,19,Normal
2026-02-10 00:16:28.562191,Berlin-d37d,41,18,Normal
2026-02-10 00:16:29.562191,Berlin-d37d,13,79,Normal
2026-02-10 00:16:30.562191,Berlin-d37d,-5,64,Normal
2026-02-10 00:16:31.562191,Berlin-d37d,-14,27,Normal
2026-02-10 00:16:32.562191,Berlin-d37d,2,84,Normal
2026-02-10 00:16:33.562191,Berlin-d37d,-24,4,Normal
2026-02-10 00:16:34.562191,Berlin-d37d,42,53,Normal
2026-02-10 00:16:35.562191,Berlin-d37d,-19,12,Normal
2026-02-10 00:16:36.562191,Berlin-d37d,-24,2,Normal
2026-02-10 00:16:37.562191,Berlin-d37d,-27,12,Normal
2026-02-10 00:16:38.562191,Berlin-d37d,-7,3,Normal
2026-02-10 00:16:39.562191,Berlin-d37d,29,41,Normal
2026-02-10 00:16:40.562191,Berlin-d37d,43,16,Normal
2026-02-10 00:16:41.562191,Berlin-d37d,7,16,Normal
2026-02-10 00:16:42.562191,Berlin-d37d,1,12,Normal
2026-02-10 00:16:43.562191,Berlin-d37d,-20,30,Normal
2026-02-10 00:16:44.562191,Berlin-d37d,-19,49,Normal
2026-02-10 00:16:45.562191,Berlin-d37d,45,100,Normal
2026-02-10 00:16:46.562191,Berlin-d37d,-25,95,Normal
2026-02-10 00:16:47.562191,Berlin-d37d,-28,71,Normal
2026-02-10 00:16:48.562191,Berlin-d37d,45,25,Normal
2026-02-10 00:16:49.562191,Berlin-d37d,32,14,Normal
2026-02-10 00:16:50.562191,Berlin-d37d,43,64,Normal
2026-02-10 00:16:51.562191,Berlin-d37d,9,45,Normal
2026-02-10 00:16:52.562191,Berlin-d37d,-11,4,Normal
2026-02-10 00:16:53.562191,Berlin-d37d,44,29,Normal
2026-02-10 00:16:54.562191,Berlin-d37d,3,61,Normal
2026-02-10 00:16:55.562191,Berlin-d37d,21,38,Normal
2026-02-10 00:16:56.562191,Berlin-d37d,21,7,Normal
2026-02-10 00:16:57.562191,Berlin-d37d,32,32,Normal
2026-02-10 00:16:58.562191,Berlin-d37d,21,60,Normal
2026-02-10 00:16:59.562191,Berlin-d37d,7,40,Normal
2026-02-10 00:17:00.562191,Berlin-d37d,45,23,Normal
2026-02-10 00:17:01.562191,Berlin-d37d,-27,71,Normal
2026-02-10 00:17:02.562191,Berlin-d37d,36,78,Normal
2026-02-10 00:17:03.562191,Berlin-d37d,50,76,Normal
2026-02-10 00:17:04.562191,Berlin-d37d,-19,57,Normal
2026-02-10 00:17:05.562191,Berlin-d37d,7,94,Normal
2026-02-10 00:17:06.562191,Berlin-d37d,17,17,Normal
2026-02-10 00:17:07.562191,Berlin-d37d,31,14,Normal
2026-02-10 00:17:08.562191,Berlin-d37d,19,43,Normal
2026-02-10 00:17:09.562191,Berlin-d37d,28,4,Normal
2026-02-10 00:17:10.562191,Berlin-d37d,-25,60,Normal
2026-02-10 00:17:11.562191,Berlin-d37d,41,90,Normal
2026-02-10 00:17:12.562191,Berlin-d37d,12,10,Normal
2026-02-10 00:17:13.562191,Berlin-d37d,37,70,Normal
2026-02-10 00:17:14.562191,Berlin-d37d,48,40,Normal
2026-02-10 00:17:15.562191,Berlin-d37d,49,10,Normal
2026-02-10 00:17:16.562191,Berlin-d37d,34,18,Normal
2026-02-10 00:17:17.562191,Berlin-d37d,13,100,Normal
2026-02-10 00:17:18.562191,Berlin-d37d,-1,21,Normal
2026-02-10 00:17:19.562191,Berlin-d37d,36,91,Normal
2026-02-10 00:17:20.562191,Berlin-d37d,2,10,Normal
2026-02-10 00:17:21.562191,Berlin-d37d,-22,88,Normal
2026-02-10 00:17:22.562191,Berlin-d37d,50,1,Normal
2026-02-10 00:17:23.562191,Berlin-d37d,-7,55,Normal
2026-02-10 00:17:24.562191,Berlin-d37d,43,72,Normal
2026-02-10 00:17:25.562191,Berlin-d37d,-8,97,Normal
2026-02-10 00:17:26.562191,Berlin-d37d,14,77,Normal
2026-02-10 00:17:27.562191,Berlin-d37d,15,100,Normal
2026-02-10 00:17:28.562191,Berlin-d37d,11,98,Normal
2026-02-10 00:17:29.562191,Berlin-d37d,-12,39,Normal
2026-02-10 00:17:30.562191,Berlin-d37d,-12,52,Normal
2026-02-10 00:17:31.562191,Berlin-d37d,31,97,Normal
2026-02-10 00:17:32.562191,Berlin-d37d,46,52,Normal
2026-02-10 00:17:33.562191,Berlin-d37d,-9,37,Normal
2026-02-10 00:17:34.562191,Berlin-d37d,15,73,Normal
2026-02-10 00:17:35.562191,Berlin-d37d,17,78,Normal
2026-02-10 00:17:36.562191,Berlin-d37d,-1,15,Normal
2026-02-10 00:17:37.562191,Berlin-d37d,-6,67,Normal
2026-02-10 00:17:38.562191,Berlin-d37d,26,91,Normal
2026-02-10 00:17:39.562191,Berlin-d37d,22,63,Normal
2026-02-10 00:17:40.562191,Berlin-d37d,-6,57,Normal
2026-02-10 00:17:41.562191,Berlin-d37d,49,25,Normal
2026-02-10 00:17:42.562191,Berlin-d37d,42,9,Normal
2026-02-10 00:17:43.562191,Berlin-d37d,10,0,Normal
2026-02-10 00:17:44.562191,Berlin-d37d,-3,59,Normal
2026-02-10 00:17:45.562191,Berlin-d37d,46,63,Normal
2026-02-10 00:17:46.562191,Berlin-d37d,-15,21,Normal
2026-02-10 00:17:47.562191,Berlin-d37d,-2,88,Normal
2026-02-10 00:17:48.562191,Berlin-d37d,34,24,Normal
2026-02-10 00:17:49.562191,Berlin-d37d,32,10,Normal
2026-02-10 00:17:50.562191,Berlin-d37d,-13,54,Normal
2026-02-10 00:17:51.562191,Berlin-d37d,49,53,Normal
2026-02-10 00:17:52.562191,Berlin-d37d,40,17,Normal
2026-02-10 00:17:53.562191,Berlin-d37d,18,27,Normal
2026-02-10 00:17:54.562191,Berlin-d37d,37,36,Normal
2026-02-10 00:17:55.562191,Berlin-d37d,-7,8,Normal
2026-02-10 00:17:56.562191,Berlin-d37d,-21,37,Normal
2026-02-10 00:17:57.562191,Berlin-d37d,12,44,Normal
2026-02-10 00:17:58.562191,Berlin-d37d,3,41,Normal
2026-02-10 00:17:59.562191,Berlin-d37d,28,5,Normal
2026-02-10 00:18:00.562191,Berlin-d37d,-30,61,Normal
2026-02-10 00:18:01.562191,Berlin-d37d,-6,56,Normal
2026-02-10 00:18:02.562191,Berlin-d37d,33,94,Normal
2026-02-10 00:18:03.562191,Berlin-d37d,-9,8,Normal
2026-02-10 00:18:04.562191,Berlin-d37d,20,97,Normal
2026-02-10 00:18:05.562191,Berlin-d37d,7,2,Normal
2026-02-10 00:18:06.562191,Berlin-d37d,-3,83,Normal
2026-02-10 00:18:07.562191,Berlin-d37d,34,96,Normal
2026-02-10 00:18:08.562191,Berlin-d37d,-2,99,Normal
2026-02-10 00:18:09.562191,Berlin-d37d,29,76,Normal
2026-02-10 00:18:10.562191,Berlin-d37d,1,1,Normal
2026-02-10 00:18:11.562191,Berlin-d37d,-13,65,Normal
2026-02-10 00:18:12.562191,Berlin-d37d,25,99,Normal
2026-02-10 00:18:13.562191,Berlin-d37d,-26,32,Normal
2026-02-10 00:18:14.562191,Berlin-d37d,31,30,Normal
2026-02-10 00:18:15.562191,Berlin-d37d,1,79,Normal
2026-02-10 00:18:16.562191,Berlin-d37d,-16,40,Normal
2026-02-10 00:18:17.562191,Berlin-d37d,-13,74,Normal
2026-02-10 00:18:18.562191,Berlin-d37d,-26,23,Normal
2026-02-10 00:18:19.562191,Berlin-d37d,45,8,Normal
2026-02-10 00:18:20.562191,Berlin-d37d,-28,48,Normal
2026-02-10 00:18:21.562191,Berlin-d37d,47,46,Normal
2026-02-10 00:18:22.562191,Berlin-d37d,-11,16,Normal
2026-02-10 00:18:23.562191,Berlin-d37d,31,23,Normal
2026-02-10 00:18:24.562191,Berlin-d37d,14,83,Normal
2026-02-10 00:18:25.562191,Berlin-d37d,-29,49,Normal
2026-02-10 00:18:26.562191,Berlin-d37d,-14,47,Normal
2026-02-10 00:18:27.562191,Berlin-d37d,43,27,Normal
2026-02-10 00:18:28.562191,Berlin-d37d,10,45,Normal
2026-02-10 00:18:29.562191,Berlin-d37d,38,83,Normal
2026-02-10 00:18:30.562191,Berlin-d37d,7,87,Normal
2026-02-10 00:18:31.562191,Berlin-d37d,39,53,Normal
2026-02-10 00:18:32.562191,Berlin-d37d,29,34,Normal
2026-02-10 00:18:33.562191,Berlin-d37d,-14,0,Normal
2026-02-10 00:18:34.562191,Berlin-d37d,7,82,Normal
2026-02-10 00:18:35.562191,Berlin-d37d,30,25,Normal
2026-02-10 00:18:36.562191,Berlin-d37d,-1,68,Normal
2026-02-10 00:18:37.562191,Berlin-d37d,50,99,Normal
2026-02-10 00:18:38.562191,Berlin-d37d,19,30,Normal
2026-02-10 00:18:39.562191,Berlin-d37d,24,34,Normal
2026-02-10 00:18:40.562191,Berlin-d37d,-2,9,Normal
2026-02-10 00:18:41.562191,Berlin-d37d,-14,19,Normal
2026-02-10 00:18:42.562191,Berlin-d37d,11,2,Normal
2026-02-10 00:18:43.562191,Berlin-d37d,10,23,Normal
2026-02-10 00:18:44.562191,Berlin-d37d,20,97,Normal
2026-02-10 00:18:45.562191,Berlin-d37d,46,40,Normal
2026-02-10 00:18:46.562191,Berlin-d37d,30,34,Normal
2026-02-10 00:18:47.562191,Berlin-d37d,15,89,Normal
2026-02-10 00:18:48.562191,Berlin-d37d,15,30,Normal
2026-02-10 00:18:49.562191,Berlin-d37d,30,87,Normal
2026-02-10 00:18:50.562191,Berlin-d37d,34,96,Normal
2026-02-10 00:18:51.562191,Berlin-d37d,-25,15,Normal
2026-02-10 00:18:52.562191,Berlin-d37d,-25,73,Normal
2026-02-10 00:18:53.562191,Berlin-d37d,10,13,Normal
2026-02-10 00:18:54.562191,Berlin-d37d,-19,64,Normal
2026-02-10 00:18:55.562191,Berlin-d37d,33,18,Normal
2026-02-10 00:18:56.562191,Berlin-d37d,11,48,Normal
2026-02-10 00:18:57.562191,Berlin-d37d,-16,84,Normal
2026-02-10 00:18:58.562191,Berlin-d37d,-30,62,Normal
2026-02-10 00:18:59.562191,Berlin-d37d,37,48,Normal
2026-02-10 00:19:00.562191,Berlin-d37d,32,34,Normal
2026-02-10 00:19:01.562191,Berlin-d37d,29,100,Normal
2026-02-10 00:19:02.562191,Berlin-d37d,41,53,Normal
2026-02-10 00:19:03.562191,Berlin-d37d,27,61,Normal
2026-02-10 00:19:04.562191,Berlin-d37d,31,6,Normal
2026-02-10 00:19:05.562191,Berlin-d37d,-10,66,Normal
2026-02-10 00:19:06.562191,Berlin-d37d,-23,100,Normal
2026-02-10 00:19:07.562191,Berlin-d37d,29,86,Normal
2026-02-10 00:19:08.562191,Berlin-d37d,32,83,Normal
2026-02-10 00:19:09.562191,Berlin-d37d,48,0,Normal
2026-02-10 00:19:10.562191,Berlin-d37d,41,8,Normal
2026-02-10 00:19:11.562191,Berlin-d37d,22,95,Normal
2026-02-10 00:19:12.562191,Berlin-d37d,11,38,Normal
2026-02-10 00:19:13.562191,Berlin-d37d,-25,42,Normal
2026-02-10 00:19:14.562191,Berlin-d37d,-16,65,Normal
2026-02-10 00:19:15.562191,Berlin-d37d,0,50,Normal
2026-02-10 00:19:16.562191,Berlin-d37d,-17,19,Normal
2026-02-10 00:19:17.562191,Berlin-d37d,20,58,Normal
2026-02-10 00:19:18.562191,Berlin-d37d,-5,28,Normal
2026-02-10 00:19:19.562191,Berlin-d37d,-14,0,Normal
2026-02-10 00:19:20.562191,Berlin-d37d,-24,27,Normal
2026-02-10 00:19:21.562191,Berlin-d37d,49,78,Normal
2026-02-10 00:19:22.562191,Berlin-d37d,6,70,Normal
2026-02-10 00:19:23.562191,Berlin-d37d,-3,66,Normal
2026-02-10 00:19:24.562191,Berlin-d37d,-2,9,Normal
2026-02-10 00:19:25.562191,Berlin-d37d,-30,53,Normal
2026-02-10 00:19:26.562191,Berlin-d37d,-19,94,Normal
2026-02-10 00:19:27.562191,Berlin-d37d,5,57,Normal
2026-02-10 00:19:28.562191,Berlin-d37d,48,83,Normal
2026-02-10 00:19:29.562191,Berlin-d37d,5,0,Normal
2026-02-10 00:19:30.562191,Berlin-d37d,-23,39,Normal
2026-02-10 00:19:31.562191,Berlin-d37d,45,71,Normal
2026-02-10 00:19:32.562191,Berlin-d37d,22,0,Normal
2026-02-10 00:19:33.562191,Berlin-d37d,10,11,Normal
2026-02-10 00:19:34.562191,Berlin-d37d,-13,85,Normal
2026-02-10 00:19:35.562191,Berlin-d37d,4,92,Normal
2026-02-10 00:19:36.562191,Berlin-d37d,-19,100,Normal
2026-02-10 00:19:37.562191,Berlin-d37d,28,76,Normal
2026-02-10 00:19:38.562191,Berlin-d37d,-25,84,Normal
2026-02-10 00:19:39.562191,Berlin-d37d,40,60,Normal
2026-02-10 00:19:40.562191,Berlin-d37d,-24,59,Normal
2026-02-10 00:19:41.562191,Berlin-d37d,-9,21,Normal
2026-02-10 00:19:42.562191,Berlin-d37d,-22,57,Normal
2026-02-10 00:19:43.562191,Berlin-d37d,-21,10,Normal
2026-02-10 00:19:44.562191,Berlin-d37d,44,62,Normal
2026-02-10 00:19:45.562191,Berlin-d37d,-25,20,Normal
2026-02-10 00:19:46.562191,Berlin-d37d,10,20,Normal
2026-02-10 00:19:47.562191,Berlin-d37d,11,49,Normal
2026-02-10 00:19:48.562191,Berlin-d37d,16,3,Normal
2026-02-10 00:19:49.562191,Berlin-d37d,-7,95,Normal
2026-02-10 00:19:50.562191,Berlin-d37d,25,70,Normal
2026-02-10 00:19:51.562191,Berlin-d37d,-4,3,Normal
2026-02-10 00:19:52.562191,Berlin-d37d,-12,58,Normal
2026-02-10 00:19:53.562191,Berlin-d37d,17,24,Normal
2026-02-10 00:19:54.562191,Berlin-d37d,44,60,Normal
2026-02-10 00:19:55.562191,Berlin-d37d,24,56,Normal
2026-02-10 00:19:56.562191,Berlin-d37d,29,64,Normal
2026-02-10 00:19:57.562191,Berlin-d37d,46,11,Normal
2026-02-10 00:19:58.562191,Berlin-d37d,-27,85,Normal
2026-02-10 00:19:59.562191,Berlin-d37d,-1,71,Normal
2026-02-10 00:20:00.562191,Berlin-d37d,-10,2,Normal
2026-02-10 00:20:01.562191,Berlin-d37d,38,27,Normal
2026-02-10 00:20:02.562191,Berlin-d37d,-20,72,Normal
2026-02-10 00:20:03.562191,Berlin-d37d,9,1,Normal
2026-02-10 00:20:04.562191,Berlin-d37d,13,69,Normal
2026-02-10 00:20:05.562191,Berlin-d37d,36,63,Normal
2026-02-10 00:20:06.562191,Berlin-d37d,18,84,Normal
2026-02-10 00:20:07.562191,Berlin-d37d,-16,22,Normal
2026-02-10 00:20:08.562191,Berlin-d37d,-8,35,Normal
2026-02-10 00:20:09.562191,Berlin-d37d,5,50,Normal
2026-02-10 00:20:10.562191,Berlin-d37d,47,9,Normal
2026-02-10 00:20:11.562191,Berlin-d37d,14,58,Normal
2026-02-10 00:20:12.562191,Berlin-d37d,-1,52,Normal
2026-02-10 00:20:13.562191,Berlin-d37d,39,26,Normal
2026-02-10 00:20:14.562191,Berlin-d37d,9,29,Normal
2026-02-10 00:20:15.562191,Berlin-d37d,-6,17,Normal
2026-02-10 00:20:16.562191,Berlin-d37d,32,59,Normal
2026-02-10 00:20:17.562191,Berlin-d37d,-19,19,Normal
2026-02-10 00:20:18.562191,Berlin-d37d,-1,29,Normal
2026-02-10 00:20:19.562191,Berlin-d37d,22,15,Normal
2026-02-10 00:20:20.562191,Berlin-d37d,49,81,Normal
2026-02-10 00:20:21.562191,Berlin-d37d,37,78,Normal
2026-02-10 00:20:22.562191,Berlin-d37d,-10,84,Normal
2026-02-10 00:20:23.562191,Berlin-d37d,-5,76,Normal
2026-02-10 00:20:24.562191,Berlin-d37d,-19,16,Normal
2026-02-10 00:20:25.562191,Berlin-d37d,37,72,Normal
2026-02-10 00:20:26.562191,Berlin-d37d,43,81,Normal
2026-02-10 00:20:27.562191,Berlin-d37d,-9,54,Normal
2026-02-10 00:20:28.562191,Berlin-d37d,32,30,Normal
2026-02-10 00:20:29.562191,Berlin-d37d,44,23,Normal
2026-02-10 00:20:30.562191,Berlin-d37d,-5,13,Normal
2026-02-10 00:20:31.562191,Berlin-d37d,24,43,Normal
2026-02-10 00:20:32.562191,Berlin-d37d,43,65,Normal
2026-02-10 00:20:33.562191,Berlin-d37d,-29,73,Normal
2026-02-10 00:20:34.562191,Berlin-d37d,-27,85,Normal
2026-02-10 00:20:35.562191,Berlin-d37d,7,11,Normal
2026-02-10 00:20:36.562191,Berlin-d37d,8,81,Normal
2026-02-10 00:20:37.562191,Berlin-d37d,-10,9,Normal
2026-02-10 00:20:38.562191,Berlin-d37d,2,35,Normal
2026-02-10 00:20:39.562191,Berlin-d37d,35,52,Normal
2026-02-10 00:20:40.562191,Berlin-d37d,-14,17,Normal
2026-02-10 00:20:41.562191,Berlin-d37d,27,89,Normal
2026-02-10 00:20:42.562191,Berlin-d37d,-6,11,Normal
2026-02-10 00:20:43.562191,Berlin-d37d,45,17,Normal
2026-02-10 00:20:44.562191,Berlin-d37d,8,5,Normal
2026-02-10 00:20:45.562191,Berlin-d37d,6,59,Normal
2026-02-10 00:20:46.562191,Berlin-d37d,-9,68,Normal
2026-02-10 00:20:47.562191,Berlin-d37d,-18,100,Normal
2026-02-10 00:20:48.562191,Berlin-d37d,-30,16,Normal
2026-02-10 00:20:49.562191,Berlin-d37d,25,56,Normal
2026-02-10 00:20:50.562191,Berlin-d37d,47,77,Normal
2026-02-10 00:20:51.562191,Berlin-d37d,9,97,Normal
2026-02-10 00:20:52.562191,Berlin-d37d,-4,8,Normal
2026-02-10 00:20:53.562191,Berlin-d37d,-16,86,Normal
2026-02-10 00:20:54.562191,Berlin-d37d,-17,13,Normal
2026-02-10 00:20:55.562191,Berlin-d37d,27,83,Normal
2026-02-10 00:20:56.562191,Berlin-d37d,34,9,Normal
2026-02-10 00:20:57.562191,Berlin-d37d,45,67,Normal
2026-02-10 00:20:58.562191,Berlin-d37d,20,11,Normal
2026-02-10 00:20:59.562191,Berlin-d37d,6,3,Normal
2026-02-10 00:21:00.562191,Berlin-d37d,-9,82,Normal
2026-02-10 00:21:01.562191,Berlin-d37d,25,76,Normal
2026-02-10 00:21:02.562191,Berlin-d37d,13,69,Normal
2026-02-10 00:21:03.562191,Berlin-d37d,-30,98,Normal
2026-02-10 00:21:04.562191,Berlin-d37d,-14,13,Normal
2026-02-10 00:21:05.562191,Berlin-d37d,14,4,Normal
2026-02-10 00:21:06.562191,Berlin-d37d,25,42,Normal
2026-02-10 00:21:07.562191,Berlin-d37d,17,16,Normal
2026-02-10 00:21:08.562191,Berlin-d37d,14,92,Normal
2026-02-10 00:21:09.562191,Berlin-d37d,39,0,Normal
2026-02-10 00:21:10.562191,Berlin-d37d,-7,49,Normal
2026-02-10 00:21:11.562191,Berlin-d37d,2,28,Normal
2026-02-10 00:21:12.562191,Berlin-d37d,-18,97,Normal
2026-02-10 00:21:13.562191,Berlin-d37d,32,89,Normal
2026-02-10 00:21:14.562191,Berlin-d37d,21,70,Normal
2026-02-10 00:21:15.562191,Berlin-d37d,12,53,Normal
2026-02-10 00:21:16.562191,Berlin-d37d,2,84,Normal
2026-02-10 00:21:17.562191,Berlin-d37d,18,62,Normal
2026-02-10 00:21:18.562191,Berlin-d37d,41,9,Normal
2026-02-10 00:21:19.562191,Berlin-d37d,-1,40,Normal
2026-02-10 00:21:20.562191,Berlin-d37d,21,1,Normal
2026-02-10 00:21:21.562191,Berlin-d37d,50,86,Normal
2026-02-10 00:21:22.562191,Berlin-d37d,-13,99,Normal
2026-02-10 00:21:23.562191,Berlin-d37d,18,2,Normal
2026-02-10 00:21:24.562191,Berlin-d37d,-1,79,Normal
2026-02-10 00:21:25.562191,Berlin-d37d,-9,83,Normal
2026-02-10 00:21:26.562191,Berlin-d37d,33,54,Normal
2026-02-10 00:21:27.562191,Berlin-d37d,27,61,Normal
2026-02-10 00:21:28.562191,Berlin-d37d,6,41,Normal
2026-02-10 00:21:29.562191,Berlin-d37d,30,47,Normal
2026-02-10 00:21:30.562191,Berlin-d37d,-27,92,Normal
2026-02-10 00:21:31.562191,Berlin-d37d,34,88,Normal
2026-02-10 00:21:32.562191,Berlin-d37d,-6,70,Normal
2026-02-10 00:21:33.562191,Berlin-d37d,27,49,Normal
2026-02-10 00:21:34.562191,Berlin-d37d,45,71,Normal
2026-02-10 00:21:35.562191,Berlin-d37d,8,29,Normal
2026-02-10 00:21:36.562191,Berlin-d37d,15,1,Normal
2026-02-10 00:21:37.562191,Berlin-d37d,50,32,Normal
2026-02-10 00:21:38.562191,Berlin-d37d,-12,88,Normal
2026-02-10 00:21:39.562191,Berlin-d37d,18,60,Normal
2026-02-10 00:21:40.562191,Berlin-d37d,46,62,Normal
2026-02-10 00:21:41.562191,Berlin-d37d,1,30,Normal
2026-02-10 00:21:42.562191,Berlin-d37d,40,75,Normal
2026-02-10 00:21:43.562191,Berlin-d37d,12,29,Normal
2026-02-10 00:21:44.562191,Berlin-d37d,6,49,Normal
2026-02-10 00:21:45.562191,Berlin-d37d,14,21,Normal
2026-02-10 00:21:46.562191,Berlin-d37d,-22,15,Normal
2026-02-10 00:21:47.562191,Berlin-d37d,20,38,Normal
2026-02-10 00:21:48.562191,Berlin-d37d,20,18,Normal
2026-02-10 00:21:49.562191,Berlin-d37d,-26,85,Normal
2026-02-10 00:21:50.562191,Berlin-d37d,-21,94,Normal
2026-02-10 00:21:51.562191,Berlin-d37d,47,16,Normal
2026-02-10 00:21:52.562191,Berlin-d37d,-19,1,Normal
2026-02-10 00:21:53.562191,Berlin-d37d,46,5,Normal
2026-02-10 00:21:54.562191,Berlin-d37d,-14,100,Normal
2026-02-10 00:21:55.562191,Berlin-d37d,-3,87,Normal
2026-02-10 00:21:56.562191,Berlin-d37d,14,86,Normal
2026-02-10 00:21:57.562191,Berlin-d37d,-7,7,Normal
2026-02-10 00:21:58.562191,Berlin-d37d,6,71,Normal
2026-02-10 00:21:59.562191,Berlin-d37d,5,46,Normal
2026-02-10 00:22:00.562191,Berlin-d37d,-10,16,Normal
2026-02-10 00:22:01.562191,Berlin-d37d,46,54,Normal
2026-02-10 00:22:02.562191,Berlin-d37d,4,80,Normal
2026-02-10 00:22:03.562191,Berlin-d37d,33,18,Normal
2026-02-10 00:22:04.562191,Berlin-d37d,-29,45,Normal
2026-02-10 00:22:05.562191,Berlin-d37d,40,16,Normal
2026-02-10 00:22:06.562191,Berlin-d37d,40,41,Normal
2026-02-10 00:22:07.562191,Berlin-d37d,22,8,Normal
2026-02-10 00:22:08.562191,Berlin-d37d,26,40,Normal
2026-02-10 00:22:09.562191,Berlin-d37d,-28,84,Normal
2026-02-10 00:22:10.562191,Berlin-d37d,-10,25,Normal
2026-02-10 00:22:11.562191,Berlin-d37d,-12,14,Normal
2026-02-10 00:22:12.562191,Berlin-d37d,-13,27,Normal
2026-02-10 00:22:13.562191,Berlin-d37d,11,56,Normal
2026-02-10 00:22:14.562191,Berlin-d37d,17,57,Normal
2026-02-10 00:22:15.562191,Berlin-d37d,-15,97,Normal
2026-02-10 00:22:16.562191,Berlin-d37d,4,63,Normal
2026-02-10 00:22:17.562191,Berlin-d37d,4,36,Normal
2026-02-10 00:22:18.562191,Berlin-d37d,5,59,Normal
2026-02-10 00:22:19.562191,Berlin-d37d,-28,99,Normal
2026-02-10 00:22:20.562191,Berlin-d37d,50,18,Normal
2026-02-10 00:22:21.562191,Berlin-d37d,17,65,Normal
2026-02-10 00:22:22.562191,Berlin-d37d,32,99,Normal
2026-02-10 00:22:23.562191,Berlin-d37d,11,63,Normal
2026-02-10 00:22:24.562191,Berlin-d37d,-20,81,Normal
2026-02-10 00:22:25.562191,Berlin-d37d,17,90,Normal
2026-02-10 00:22:26.562191,Berlin-d37d,6,67,Normal
2026-02-10 00:22:27.562191,Berlin-d37d,-22,58,Normal
2026-02-10 00:22:28.562191,Berlin-d37d,29,4,Normal
2026-02-10 00:22:29.562191,Berlin-d37d,-22,98,Normal
2026-02-10 00:22:30.562191,Berlin-d37d,-19,66,Normal
2026-02-10 00:22:31.562191,Berlin-d37d,28,56,Normal
2026-02-10 00:22:32.562191,Berlin-d37d,10,35,Normal
2026-02-10 00:22:33.562191,Berlin-d37d,-23,18,Normal
2026-02-10 00:22:34.562191,Berlin-d37d,35,24,Normal
2026-02-10 00:22:35.562191,Berlin-d37d,14,85,Normal
2026-02-10 00:22:36.562191,Berlin-d37d,8,27,Normal
2026-02-10 00:22:37.562191,Berlin-d37d,-3,54,Normal
2026-02-10 00:22:38.562191,Berlin-d37d,23,91,Normal
2026-02-10 00:22:39.562191,Berlin-d37d,40,82,Normal
2026-02-10 00:22:40.562191,Berlin-d37d,-24,100,Normal
2026-02-10 00:22:41.562191,Berlin-d37d,31,14,Normal
2026-02-10 00:22:42.562191,Berlin-d37d,43,26,Normal
2026-02-10 00:22:43.562191,Berlin-d37d,-10,79,Normal
2026-02-10 00:22:44.562191,Berlin-d37d,25,33,Normal
2026-02-10 00:22:45.562191,Berlin-d37d,45,21,Normal
2026-02-10 00:22:46.562191,Berlin-d37d,48,12,Normal
2026-02-10 00:22:47.562191,Berlin-d37d,-29,45,Normal
2026-02-10 00:22:48.562191,Berlin-d37d,3,48,Normal
2026-02-10 00:22:49.562191,Berlin-d37d,31,87,Normal
2026-02-10 00:22:50.562191,Berlin-d37d,43,100,Normal
2026-02-10 00:22:51.562191,Berlin-d37d,48,47,Normal
2026-02-10 00:22:52.562191,Berlin-d37d,-6,57,Normal
2026-02-10 00:22:53.562191,Berlin-d37d,13,29,Normal
2026-02-10 00:22:54.562191,Berlin-d37d,-30,8,Normal
2026-02-10 00:22:55.562191,Berlin-d37d,1,1,Normal
2026-02-10 00:22:56.562191,Berlin-d37d,-18,76,Normal
2026-02-10 00:22:57.562191,Berlin-d37d,44,88,Normal
2026-02-10 00:22:58.562191,Berlin-d37d,20,97,Normal
2026-02-10 00:22:59.562191,Berlin-d37d,2,95,Normal
2026-02-10 00:23:00.562191,Berlin-d37d,19,63,Normal
2026-02-10 00:23:01.562191,Berlin-d37d,34,13,Normal
2026-02-10 00:23:02.562191,Berlin-d37d,28,10,Normal
2026-02-10 00:23:03.562191,Berlin-d37d,22,55,Normal
2026-02-10 00:23:04.562191,Berlin-d37d,-14,38,Normal
2026-02-10 00:23:05.562191,Berlin-d37d,-14,54,Normal
2026-02-10 00:23:06.562191,Berlin-d37d,-9,54,Normal
2026-02-10 00:23:07.562191,Berlin-d37d,2,27,Normal
2026-02-10 00:23:08.562191,Berlin-d37d,-24,18,Normal
2026-02-10 00:23:09.562191,Berlin-d37d,34,57,Normal
2026-02-10 00:23:10.562191,Berlin-d37d,22,31,Normal
2026-02-10 00:23:11.562191,Berlin-d37d,-1,53,Normal
2026-02-10 00:23:12.562191,Berlin-d37d,42,36,Normal
2026-02-10 00:23:13.562191,Berlin-d37d,28,5,Normal
2026-02-10 00:23:14.562191,Berlin-d37d,-6,5,Normal
2026-02-10 00:23:15.562191,Berlin-d37d,29,92,Normal
2026-02-10 00:23:16.562191,Berlin-d37d,4,16,Normal
2026-02-10 00:23:17.562191,Berlin-d37d,37,63,Normal
2026-02-10 00:23:18.562191,Berlin-d37d,-14,18,Normal
2026-02-10 00:23:19.562191,Berlin-d37d,-24,28,Normal
2026-02-10 00:23:20.562191,Berlin-d37d,33,10,Normal
2026-02-10 00:23:21.562191,Berlin-d37d,31,37,Normal
2026-02-10 00:23:22.562191,Berlin-d37d,-8,39,Normal
2026-02-10 00:23:23.562191,Berlin-d37d,-28,83,Normal
2026-02-10 00:23:24.562191,Berlin-d37d,44,54,Normal
2026-02-10 00:23:25.562191,Berlin-d37d,32,20,Normal
2026-02-10 00:23:26.562191,Berlin-d37d,-9,75,Normal
2026-02-10 00:23:27.562191,Berlin-d37d,18,40,Normal
2026-02-10 00:23:28.562191,Berlin-d37d,-20,98,Normal
2026-02-10 00:23:29.562191,Berlin-d37d,-9,82,Normal
2026-02-10 00:23:30.562191,Berlin-d37d,-12,66,Normal
2026-02-10 00:23:31.562191,Berlin-d37d,0,74,Normal
2026-02-10 00:23:32.562191,Berlin-d37d,7,67,Normal
2026-02-10 00:23:33.562191,Berlin-d37d,36,9,Normal
2026-02-10 00:23:34.562191,Berlin-d37d,4,18,Normal
2026-02-10 00:23:35.562191,Berlin-d37d,16,87,Normal
2026-02-10 00:23:36.562191,Berlin-d37d,-1,88,Normal
2026-02-10 00:23:37.562191,Berlin-d37d,23,8,Normal
2026-02-10 00:23:38.562191,Berlin-d37d,-26,86,Normal
2026-02-10 00:23:39.562191,Berlin-d37d,-26,97,Normal
2026-02-10 00:23:40.562191,Berlin-d37d,-30,27,Normal
2026-02-10 00:23:41.562191,Berlin-d37d,9,20,Normal
2026-02-10 00:23:42.562191,Berlin-d37d,22,71,Normal
2026-02-10 00:23:43.562191,Berlin-d37d,19,34,Normal
2026-02-10 00:23:44.562191,Berlin-d37d,31,40,Normal
2026-02-10 00:23:45.562191,Berlin-d37d,-27,13,Normal
2026-02-10 00:23:46.562191,Berlin-d37d,-9,92,Normal
2026-02-10 00:23:47.562191,Berlin-d37d,30,60,Normal
2026-02-10 00:23:48.562191,Berlin-d37d,49,25,Normal
2026-02-10 00:23:49.562191,Berlin-d37d,22,58,Normal
2026-02-10 00:23:50.562191,Berlin-d37d,-14,41,Normal
2026-02-10 00:23:51.562191,Berlin-d37d,35,15,Normal
2026-02-10 00:23:52.562191,Berlin-d37d,31,16,Normal
2026-02-10 00:23:53.562191,Berlin-d37d,30,52,Normal
2026-02-10 00:23:54.562191,Berlin-d37d,47,76,Normal
2026-02-10 00:23:55.562191,Berlin-d37d,38,49,Normal
2026-02-10 00:23:56.562191,Berlin-d37d,-24,5,Normal
2026-02-10 00:23:57.562191,Berlin-d37d,11,54,Normal
2026-02-10 00:23:58.562191,Berlin-d37d,39,0,Normal
2026-02-10 00:23:59.562191,Berlin-d37d,32,52,Normal
2026-02-10 00:24:00.562191,Berlin-d37d,46,61,Normal
2026-02-10 00:24:01.562191,Berlin-d37d,12,93,Normal
2026-02-10 00:24:02.562191,Berlin-d37d,-15,51,Normal
2026-02-10 00:24:03.562191,Berlin-d37d,44,20,Normal
2026-02-10 00:24:04.562191,Berlin-d37d,-15,31,Normal
2026-02-10 00:24:05.562191,Berlin-d37d,31,84,Normal
2026-02-10 00:24:06.562191,Berlin-d37d,39,61,Normal
2026-02-10 00:24:07.562191,Berlin-d37d,42,30,Normal
2026-02-10 00:24:08.562191,Berlin-d37d,32,44,Normal
2026-02-10 00:24:09.562191,Berlin-d37d,10,22,Normal
2026-02-10 00:24:10.562191,Berlin-d37d,43,90,Normal
2026-02-10 00:24:11.562191,Berlin-d37d,-25,75,Normal
2026-02-10 00:24:12.562191,Berlin-d37d,-18,64,Normal
2026-02-10 00:24:13.562191,Berlin-d37d,39,47,Normal
2026-02-10 00:24:14.562191,Berlin-d37d,-15,2,Normal
2026-02-10 00:24:15.562191,Berlin-d37d,-3,58,Normal
2026-02-10 00:24:16.562191,Berlin-d37d,-25,90,Normal
2026-02-10 00:24:17.562191,Berlin-d37d,29,15,Normal
2026-02-10 00:24:18.562191,Berlin-d37d,-24,30,Normal
2026-02-10 00:24:19.562191,Berlin-d37d,11,83,Normal
2026-02-10 00:24:20.562191,Berlin-d37d,5,61,Normal
2026-02-10 00:24:21.562191,Berlin-d37d,29,84,Normal
2026-02-10 00:24:22.562191,Berlin-d37d,-3,40,Normal
2026-02-10 00:24:23.562191,Berlin-d37d,14,70,Normal
2026-02-10 00:24:24.562191,Berlin-d37d,18,68,Normal
2026-02-10 00:24:25.562191,Berlin-d37d,-2,21,Normal
2026-02-10 00:24:26.562191,Berlin-d37d,-16,11,Normal
2026-02-10 00:24:27.562191,Berlin-d37d,28,42,Normal
2026-02-10 00:24:28.562191,Berlin-d37d,-16,77,Normal
2026-02-10 00:24:29.562191,Berlin-d37d,-3,36,Normal
2026-02-10 00:24:30.562191,Berlin-d37d,-13,44,Normal
2026-02-10 00:24:31.562191,Berlin-d37d,35,92,Normal
2026-02-10 00:24:32.562191,Berlin-d37d,44,18,Normal
2026-02-10 00:24:33.562191,Berlin-d37d,9,4,Normal
2026-02-10 00:24:34.562191,Berlin-d37d,27,75,Normal
2026-02-10 00:24:35.562191,Berlin-d37d,35,100,Normal
2026-02-10 00:24:36.562191,Berlin-d37d,37,77,Normal
2026-02-10 00:24:37.562191,Berlin-d37d,-1,47,Normal
2026-02-10 00:24:38.562191,Berlin-d37d,8,81,Normal
2026-02-10 00:24:39.562191,Berlin-d37d,33,47,Normal
2026-02-10 00:24:40.562191,Berlin-d37d,46,14,Normal
2026-02-10 00:24:41.562191,Berlin-d37d,-16,17,Normal
2026-02-10 00:24:42.562191,Berlin-d37d,-3,34,Normal
2026-02-10 00:24:43.562191,Berlin-d37d,-16,4,Normal
2026-02-10 00:24:44.562191,Berlin-d37d,-6,73,Normal
2026-02-10 00:24:45.562191,Berlin-d37d,37,15,Normal
2026-02-10 00:24:46.562191,Berlin-d37d,28,46,Normal
2026-02-10 00:24:47.562191,Berlin-d37d,-30,7,Normal
2026-02-10 00:24:48.562191,Berlin-d37d,39,96,Normal
2026-02-10 00:24:49.562191,Berlin-d37d,1,26,Normal
2026-02-10 00:24:50.562191,Berlin-d37d,25,86,Normal
2026-02-10 00:24:51.562191,Berlin-d37d,-13,56,Normal
2026-02-10 00:24:52.562191,Berlin-d37d,27,26,Normal
2026-02-10 00:24:53.562191,Berlin-d37d,20,58,Normal
2026-02-10 00:24:54.562191,Berlin-d37d,1,49,Normal
2026-02-10 00:24:55.562191,Berlin-d37d,-8,0,Normal
2026-02-10 00:24:56.562191,Berlin-d37d,4,20,Normal
2026-02-10 00:24:57.562191,Berlin-d37d,15,35,Normal
2026-02-10 00:24:58.562191,Berlin-d37d,33,14,Normal
2026-02-10 00:24:59.562191,Berlin-d37d,-18,60,Normal
2026-02-10 00:25:00.562191,Berlin-d37d,14,80,Normal
2026-02-10 00:25:01.562191,Berlin-d37d,38,49,Normal
2026-02-10 00:25:02.562191,Berlin-d37d,9,63,Normal
2026-02-10 00:25:03.562191,Berlin-d37d,1,57,Normal
2026-02-10 00:25:04.562191,Berlin-d37d,-25,63,Normal
2026-02-10 00:25:05.562191,Berlin-d37d,-17,83,Normal
2026-02-10 00:25:06.562191,Berlin-d37d,39,97,Normal
2026-02-10 00:25:07.562191,Berlin-d37d,12,4,Normal
2026-02-10 00:25:08.562191,Berlin-d37d,-19,10,Normal
2026-02-10 00:25:09.562191,Berlin-d37d,42,84,Normal
2026-02-10 00:25:10.562191,Berlin-d37d,-4,5,Normal
2026-02-10 00:25:11.562191,Berlin-d37d,44,84,Normal
2026-02-10 00:25:12.562191,Berlin-d37d,11,30,Normal
2026-02-10 00:25:13.562191,Berlin-d37d,16,10,Normal
2026-02-10 00:25:14.562191,Berlin-d37d,22,54,Normal
2026-02-10 00:25:15.562191,Berlin-d37d,18,75,Normal
2026-02-10 00:25:16.562191,Berlin-d37d,-21,18,Normal
2026-02-10 00:25:17.562191,Berlin-d37d,50,61,Normal
2026-02-10 00:25:18.562191,Berlin-d37d,-22,46,Normal
2026-02-10 00:25:19.562191,Berlin-d37d,-11,50,Normal
2026-02-10 00:25:20.562191,Berlin-d37d,-10,89,Normal
2026-02-10 00:25:21.562191,Berlin-d37d,30,74,Normal
2026-02-10 00:25:22.562191,Berlin-d37d,9,62,Normal
2026-02-10 00:25:23.562191,Berlin-d37d,-27,33,Normal
2026-02-10 00:25:24.562191,Berlin-d37d,5,100,Normal
2026-02-10 00:25:25.562191,Berlin-d37d,24,58,Normal
2026-02-10 00:25:26.562191,Berlin-d37d,12,2,Normal
2026-02-10 00:25:27.562191,Berlin-d37d,46,75,Normal
2026-02-10 00:25:28.562191,Berlin-d37d,-18,25,Normal
2026-02-10 00:25:29.562191,Berlin-d37d,-2,12,Normal
2026-02-10 00:25:30.562191,Berlin-d37d,-21,70,Normal
2026-02-10 00:25:31.562191,Berlin-d37d,9,1,Normal
2026-02-10 00:25:32.562191,Berlin-d37d,21,42,Normal
2026-02-10 00:25:33.562191,Berlin-d37d,-22,50,Normal
2026-02-10 00:25:34.562191,Berlin-d37d,42,70,Normal
2026-02-10 00:25:35.562191,Berlin-d37d,-3,47,Normal
2026-02-10 00:25:36.562191,Berlin-d37d,47,33,Normal
2026-02-10 00:25:37.562191,Berlin-d37d,23,30,Normal
2026-02-10 00:25:38.562191,Berlin-d37d,-17,75,Normal
2026-02-10 00:25:39.562191,Berlin-d37d,33,39,Normal
2026-02-10 00:25:40.562191,Berlin-d37d,25,49,Normal
2026-02-10 00:25:41.562191,Berlin-d37d,44,47,Normal
2026-02-10 00:25:42.562191,Berlin-d37d,36,54,Normal
2026-02-10 00:25:43.562191,Berlin-d37d,20,40,Normal
2026-02-10 00:25:44.562191,Berlin-d37d,-7,24,Normal
2026-02-10 00:25:45.562191,Berlin-d37d,4,59,Normal
2026-02-10 00:25:46.562191,Berlin-d37d,-8,57,Normal
2026-02-10 00:25:47.562191,Berlin-d37d,36,21,Normal
2026-02-10 00:25:48.562191,Berlin-d37d,-3,82,Normal
2026-02-10 00:25:49.562191,Berlin-d37d,9,75,Normal
2026-02-10 00:25:50.562191,Berlin-d37d,8,43,Normal
2026-02-10 00:25:51.562191,Berlin-d37d,5,65,Normal
2026-02-10 00:25:52.562191,Berlin-d37d,-29,18,Normal
2026-02-10 00:25:53.562191,Berlin-d37d,34,89,Normal
2026-02-10 00:25:54.562191,Berlin-d37d,1,45,Normal
2026-02-10 00:25:55.562191,Berlin-d37d,3,18,Normal
2026-02-10 00:25:56.562191,Berlin-d37d,41,53,Normal
2026-02-10 00:25:57.562191,Berlin-d37d,41,74,Normal
2026-02-10 00:25:58.562191,Berlin-d37d,-26,23,Normal
2026-02-10 00:25:59.562191,Berlin-d37d,41,71,Normal
2026-02-10 00:26:00.562191,Berlin-d37d,37,19,Normal
2026-02-10 00:26:01.562191,Berlin-d37d,39,0,Normal
2026-02-10 00:26:02.562191,Berlin-d37d,-1,26,Normal
2026-02-10 00:26:03.562191,Berlin-d37d,29,5,Normal
2026-02-10 00:26:04.562191,Berlin-d37d,-5,25,Normal
2026-02-10 00:26:05.562191,Berlin-d37d,33,28,Normal
2026-02-10 00:26:06.562191,Berlin-d37d,27,4,Normal
2026-02-10 00:26:07.562191,Berlin-d37d,25,34,Normal
2026-02-10 00:26:08.562191,Berlin-d37d,-25,61,Normal
2026-02-10 00:26:09.562191,Berlin-d37d,-2,66,Normal
2026-02-10 00:26:10.562191,Berlin-d37d,-24,49,Normal
2026-02-10 00:26:11.562191,Berlin-d37d,-30,42,Normal
2026-02-10 00:26:12.562191,Berlin-d37d,-3,50,Normal
2026-02-10 00:26:13.562191,Berlin-d37d,18,64,Normal
2026-02-10 00:26:14.562191,Berlin-d37d,4,22,Normal
2026-02-10 00:26:15.562191,Berlin-d37d,45,84,Normal
2026-02-10 00:26:16.562191,Berlin-d37d,-10,56,Normal
2026-02-10 00:26:17.562191,Berlin-d37d,37,52,Normal
2026-02-10 00:26:18.562191,Berlin-d37d,-13,34,Normal
2026-02-10 00:26:19.562191,Berlin-d37d,14,33,Normal
2026-02-10 00:26:20.562191,Berlin-d37d,6,100,Normal
2026-02-10 00:26:21.562191,Berlin-d37d,-19,13,Normal
2026-02-10 00:26:22.562191,Berlin-d37d,43,86,Normal
2026-02-10 00:26:23.562191,Berlin-d37d,-28,1,Normal
2026-02-10 00:26:24.562191,Berlin-d37d,-10,100,Normal
2026-02-10 00:26:25.562191,Berlin-d37d,-15,60,Normal
2026-02-10 00:26:26.562191,Berlin-d37d,50,65,Normal
2026-02-10 00:26:27.562191,Berlin-d37d,28,44,Normal
2026-02-10 00:26:28.562191,Berlin-d37d,42,0,Normal
2026-02-10 00:26:29.562191,Berlin-d37d,22,26,Normal
2026-02-10 00:26:30.562191,Berlin-d37d,-23,86,Normal
2026-02-10 00:26:31.562191,Berlin-d37d,7,78,Normal
2026-02-10 00:26:32.562191,Berlin-d37d,43,4,Normal
2026-02-10 00:26:33.562191,Berlin-d37d,36,70,Normal
2026-02-10 00:26:34.562191,Berlin-d37d,17,16,Normal
2026-02-10 00:26:35.562191,Berlin-d37d,15,24,Normal
2026-02-10 00:26:36.562191,Berlin-d37d,17,30,Normal
2026-02-10 00:26:37.562191,Berlin-d37d,30,79,Normal
2026-02-10 00:26:38.562191,Berlin-d37d,45,11,Normal
2026-02-10 00:26:39.562191,Berlin-d37d,-2,22,Normal
2026-02-10 00:26:40.562191,Berlin-d37d,-1,27,Normal
2026-02-10 00:26:41.562191,Berlin-d37d,39,12,Normal
2026-02-10 00:26:42.562191,Berlin-d37d,8,10,Normal
2026-02-10 00:26:43.562191,Berlin-d37d,20,49,Normal
2026-02-10 00:26:44.562191,Berlin-d37d,-22,42,Normal
2026-02-10 00:26:45.562191,Berlin-d37d,-20,67,Normal
2026-02-10 00:26:46.562191,Berlin-d37d,49,84,Normal
2026-02-10 00:26:47.562191,Berlin-d37d,24,41,Normal
2026-02-10 00:26:48.562191,Berlin-d37d,26,91,Normal
2026-02-10 00:26:49.562191,Berlin-d37d,1,27,Normal
2026-02-10 00:26:50.562191,Berlin-d37d,48,43,Normal
2026-02-10 00:26:51.562191,Berlin-d37d,35,5,Normal
2026-02-10 00:26:52.562191,Berlin-d37d,38,76,Normal
2026-02-10 00:26:53.562191,Berlin-d37d,15,36,Normal
2026-02-10 00:26:54.562191,Berlin-d37d,-10,60,Normal
2026-02-10 00:26:55.562191,Berlin-d37d,-18,97,Normal
2026-02-10 00:26:56.562191,Berlin-d37d,19,9,Normal
2026-02-10 00:26:57.562191,Berlin-d37d,39,13,Normal
2026-02-10 00:26:58.562191,Berlin-d37d,-5,52,Normal
2026-02-10 00:26:59.562191,Berlin-d37d,41,20,Normal
2026-02-10 00:27:00.562191,Berlin-d37d,-11,29,Normal
2026-02-10 00:27:01.562191,Berlin-d37d,18,62,Normal
2026-02-10 00:27:02.562191,Berlin-d37d,40,91,Normal
2026-02-10 00:27:03.562191,Berlin-d37d,50,100,Normal
2026-02-10 00:27:04.562191,Berlin-d37d,13,36,Normal
2026-02-10 00:27:05.562191,Berlin-d37d,40,45,Normal
2026-02-10 00:27:06.562191,Berlin-d37d,50,95,Normal
2026-02-10 00:27:07.562191,Berlin-d37d,28,31,Normal
2026-02-10 00:27:08.562191,Berlin-d37d,21,31,Normal
2026-02-10 00:27:09.562191,Berlin-d37d,-10,72,Normal
2026-02-10 00:27:10.562191,Berlin-d37d,36,48,Normal
2026-02-10 00:27:11.562191,Berlin-d37d,36,63,Normal
2026-02-10 00:27:12.562191,Berlin-d37d,3,42,Normal
2026-02-10 00:27:13.562191,Berlin-d37d,5,69,Normal
2026-02-10 00:27:14.562191,Berlin-d37d,24,94,Normal
2026-02-10 00:27:15.562191,Berlin-d37d,1,70,Normal
2026-02-10 00:27:16.562191,Berlin-d37d,7,2,Normal
2026-02-10 00:27:17.562191,Berlin-d37d,33,85,Normal
2026-02-10 00:27:18.562191,Berlin-d37d,-1,46,Normal
2026-02-10 00:27:19.562191,Berlin-d37d,-21,86,Normal
2026-02-10 00:27:20.562191,Berlin-d37d,-20,37,Normal
2026-02-10 00:27:21.562191,Berlin-d37d,48,10,Normal
2026-02-10 00:27:22.562191,Berlin-d37d,9,88,Normal
2026-02-10 00:27:23.562191,Berlin-d37d,-1,66,Normal
2026-02-10 00:27:24.562191,Berlin-d37d,-7,70,Normal
2026-02-10 00:27:25.562191,Berlin-d37d,-11,73,Normal
2026-02-10 00:27:26.562191,Berlin-d37d,-7,76,Normal
2026-02-10 00:27:27.562191,Berlin-d37d,50,72,Normal
2026-02-10 00:27:28.562191,Berlin-d37d,36,25,Normal
2026-02-10 00:27:29.562191,Berlin-d37d,24,23,Normal
2026-02-10 00:27:30.562191,Berlin-d37d,-19,90,Normal
2026-02-10 00:27:31.562191,Berlin-d37d,-27,73,Normal
2026-02-10 00:27:32.562191,Berlin-d37d,47,69,Normal
2026-02-10 00:27:33.562191,Berlin-d37d,-13,2,Normal
2026-02-10 00:27:34.562191,Berlin-d37d,48,90,Normal
2026-02-10 00:27:35.562191,Berlin-d37d,-16,12,Normal
2026-02-10 00:27:36.562191,Berlin-d37d,18,81,Normal
2026-02-10 00:27:37.562191,Berlin-d37d,-18,30,Normal
2026-02-10 00:27:38.562191,Berlin-d37d,15,1,Normal
2026-02-10 00:27:39.562191,Berlin-d37d,38,53,Normal
2026-02-10 00:27:40.562191,Berlin-d37d,23,56,Normal
2026-02-10 00:27:41.562191,Berlin-d37d,6,35,Normal
2026-02-10 00:27:42.562191,Berlin-d37d,40,80,Normal
2026-02-10 00:27:43.562191,Berlin-d37d,-5,5,Normal
2026-02-10 00:27:44.562191,Berlin-d37d,-7,98,Normal
2026-02-10 00:27:45.562191,Berlin-d37d,15,60,Normal
2026-02-10 00:27:46.562191,Berlin-d37d,-18,47,Normal
2026-02-10 00:27:47.562191,Berlin-d37d,5,50,Normal
2026-02-10 00:27:48.562191,Berlin-d37d,-16,32,Normal
2026-02-10 00:27:49.562191,Berlin-d37d,5,98,Normal
2026-02-10 00:27:50.562191,Berlin-d37d,8,78,Normal
2026-02-10 00:27:51.562191,Berlin-d37d,48,98,Normal
2026-02-10 00:27:52.562191,Berlin-d37d,29,83,Normal
2026-02-10 00:27:53.562191,Berlin-d37d,4,13,Normal
2026-02-10 00:27:54.562191,Berlin-d37d,-16,64,Normal
2026-02-10 00:27:55.562191,Berlin-d37d,20,49,Normal
2026-02-10 00:27:56.562191,Berlin-d37d,-13,16,Normal
2026-02-10 00:27:57.562191,Berlin-d37d,27,18,Normal
2026-02-10 00:27:58.562191,Berlin-d37d,38,64,Normal
2026-02-10 00:27:59.562191,Berlin-d37d,13,66,Normal
2026-02-10 00:28:00.562191,Berlin-d37d,27,61,Normal
2026-02-10 00:28:01.562191,Berlin-d37d,39,43,Normal
2026-02-10 00:28:02.562191,Berlin-d37d,-19,71,Normal
2026-02-10 00:28:03.562191,Berlin-d37d,-28,30,Normal
2026-02-10 00:28:04.562191,Berlin-d37d,33,54,Normal
2026-02-10 00:28:05.562191,Berlin-d37d,7,66,Normal
2026-02-10 00:28:06.562191,Berlin-d37d,28,75,Normal
2026-02-10 00:28:07.562191,Berlin-d37d,43,90,Normal
2026-02-10 00:28:08.562191,Berlin-d37d,34,19,Normal
2026-02-10 00:28:09.562191,Berlin-d37d,15,81,Normal
2026-02-10 00:28:10.562191,Berlin-d37d,-13,87,Normal
2026-02-10 00:28:11.562191,Berlin-d37d,40,24,Normal
2026-02-10 00:28:12.562191,Berlin-d37d,5,69,Normal
2026-02-10 00:28:13.562191,Berlin-d37d,-13,44,Normal
2026-02-10 00:28:14.562191,Berlin-d37d,-13,43,Normal
2026-02-10 00:28:15.562191,Berlin-d37d,32,100,Normal
2026-02-10 00:28:16.562191,Berlin-d37d,-10,27,Normal
2026-02-10 00:28:17.562191,Berlin-d37d,34,35,Normal
2026-02-10 00:28:18.562191,Berlin-d37d,5,74,Normal
2026-02-10 00:28:19.562191,Berlin-d37d,22,63,Normal
2026-02-10 00:28:20.562191,Berlin-d37d,-22,75,Normal
2026-02-10 00:28:21.562191,Berlin-d37d,34,32,Normal
2026-02-10 00:28:22.562191,Berlin-d37d,-21,95,Normal
2026-02-10 00:28:23.562191,Berlin-d37d,25,12,Normal
2026-02-10 00:28:24.562191,Berlin-d37d,20,36,Normal
2026-02-10 00:28:25.562191,Berlin-d37d,45,72,Normal
2026-02-10 00:28:26.562191,Berlin-d37d,-29,60,Normal
2026-02-10 00:28:27.562191,Berlin-d37d,10,74,Normal
2026-02-10 00:28:28.562191,Berlin-d37d,-29,87,Normal
2026-02-10 00:28:29.562191,Berlin-d37d,1,87,Normal
2026-02-10 00:28:30.562191,Berlin-d37d,24,82,Normal
2026-02-10 00:28:31.562191,Berlin-d37d,29,73,Normal
2026-02-10 00:28:32.562191,Berlin-d37d,11,16,Normal
2026-02-10 00:28:33.562191,Berlin-d37d,-11,7,Normal
2026-02-10 00:28:34.562191,Berlin-d37d,39,88,Normal
2026-02-10 00:28:35.562191,Berlin-d37d,8,5,Normal
2026-02-10 00:28:36.562191,Berlin-d37d,-27,29,Normal
2026-02-10 00:28:37.562191,Berlin-d37d,-29,34,Normal
2026-02-10 00:28:38.562191,Berlin-d37d,-11,99,Normal
2026-02-10 00:28:39.562191,Berlin-d37d,42,16,Normal
2026-02-10 00:28:40.562191,Berlin-d37d,-16,47,Normal
2026-02-10 00:28:41.562191,Berlin-d37d,18,85,Normal
2026-02-10 00:28:42.562191,Berlin-d37d,19,33,Normal
2026-02-10 00:28:43.562191,Berlin-d37d,30,26,Normal
2026-02-10 00:28:44.562191,Berlin-d37d,-17,1,Normal
2026-02-10 00:28:45.562191,Berlin-d37d,38,99,Normal
2026-02-10 00:28:46.562191,Berlin-d37d,-16,36,Normal
2026-02-10 00:28:47.562191,Berlin-d37d,32,16,Normal
2026-02-10 00:28:48.562191,Berlin-d37d,29,79,Normal
2026-02-10 00:28:49.562191,Berlin-d37d,8,15,Normal
2026-02-10 00:28:50.562191,Berlin-d37d,24,26,Normal
2026-02-10 00:28:51.562191,Berlin-d37d,4,37,Normal
2026-02-10 00:28:52.562191,Berlin-d37d,48,59,Normal
2026-02-10 00:28:53.562191,Berlin-d37d,3,69,Normal
2026-02-10 00:28:54.562191,Berlin-d37d,0,96,Normal
2026-02-10 00:28:55.562191,Berlin-d37d,-28,55,Normal
2026-02-10 00:28:56.562191,Berlin-d37d,33,41,Normal
2026-02-10 00:28:57.562191,Berlin-d37d,29,88,Normal
2026-02-10 00:28:58.562191,Berlin-d37d,50,21,Normal
2026-02-10 00:28:59.562191,Berlin-d37d,47,12,Normal
2026-02-10 00:29:00.562191,Berlin-d37d,-13,81,Normal
2026-02-10 00:29:01.562191,Berlin-d37d,20,24,Normal
2026-02-10 00:29:02.562191,Berlin-d37d,-27,26,Normal
2026-02-10 00:29:03.562191,Berlin-d37d,30,45,Normal
2026-02-10 00:29:04.562191,Berlin-d37d,4,73,Normal
2026-02-10 00:29:05.562191,Berlin-d37d,-5,22,Normal
2026-02-10 00:29:06.562191,Berlin-d37d,-24,22,Normal
2026-02-10 00:29:07.562191,Berlin-d37d,39,7,Normal
2026-02-10 00:29:08.562191,Berlin-d37d,44,10,Normal
2026-02-10 00:29:09.562191,Berlin-d37d,-18,30,Normal
2026-02-10 00:29:10.562191,Berlin-d37d,50,44,Normal
2026-02-10 00:29:11.562191,Berlin-d37d,15,80,Normal
2026-02-10 00:29:12.562191,Berlin-d37d,29,48,Normal
2026-02-10 00:29:13.562191,Berlin-d37d,-24,65,Normal
2026-02-10 00:29:14.562191,Berlin-d37d,-19,33,Normal
2026-02-10 00:29:15.562191,Berlin-d37d,46,15,Normal
2026-02-10 00:29:16.562191,Berlin-d37d,-5,40,Normal
2026-02-10 00:29:17.562191,Berlin-d37d,26,100,Normal
2026-02-10 00:29:18.562191,Berlin-d37d,41,10,Normal
2026-02-10 00:29:19.562191,Berlin-d37d,4,58,Normal
2026-02-10 00:29:20.562191,Berlin-d37d,18,57,Normal
2026-02-10 00:29:21.562191,Berlin-d37d,-14,96,Normal
2026-02-10 00:29:22.562191,Berlin-d37d,39,7,Normal
2026-02-10 00:29:23.562191,Berlin-d37d,-2,88,Normal
2026-02-10 00:29:24.562191,Berlin-d37d,17,45,Normal
2026-02-10 00:29:25.562191,Berlin-d37d,50,28,Normal
2026-02-10 00:29:26.562191,Berlin-d37d,-11,63,Normal
2026-02-10 00:29:27.562191,Berlin-d37d,-8,21,Normal
2026-02-10 00:29:28.562191,Berlin-d37d,-6,81,Normal
2026-02-10 00:29:29.562191,Berlin-d37d,23,37,Normal
2026-02-10 00:29:30.562191,Berlin-d37d,-15,75,Normal
2026-02-10 00:29:31.562191,Berlin-d37d,7,48,Normal
2026-02-10 00:29:32.562191,Berlin-d37d,-13,9,Normal
2026-02-10 00:29:33.562191,Berlin-d37d,-23,5,Normal
2026-02-10 00:29:34.562191,Berlin-d37d,-23,87,Normal
2026-02-10 00:29:35.562191,Berlin-d37d,2,19,Normal
2026-02-10 00:29:36.562191,Berlin-d37d,40,70,Normal
2026-02-10 00:29:37.562191,Berlin-d37d,-24,17,Normal
2026-02-10 00:29:38.562191,Berlin-d37d,12,76,Normal
2026-02-10 00:29:39.562191,Berlin-d37d,43,55,Normal
2026-02-10 00:29:40.562191,Berlin-d37d,-4,70,Normal
2026-02-10 00:29:41.562191,Berlin-d37d,-4,59,Normal
2026-02-10 00:29:42.562191,Berlin-d37d,29,67,Normal
2026-02-10 00:29:43.562191,Berlin-d37d,-17,20,Normal
2026-02-10 00:29:44.562191,Berlin-d37d,35,50,Normal
2026-02-10 00:29:45.562191,Berlin-d37d,28,51,Normal
2026-02-10 00:29:46.562191,Berlin-d37d,-19,97,Normal
2026-02-10 00:29:47.562191,Berlin-d37d,-6,5,Normal
2026-02-10 00:29:48.562191,Berlin-d37d,1,65,Normal
2026-02-10 00:29:49.562191,Berlin-d37d,20,70,Normal
2026-02-10 00:29:50.562191,Berlin-d37d,9,53,Normal
2026-02-10 00:29:51.562191,Berlin-d37d,29,96,Normal
2026-02-10 00:29:52.562191,Berlin-d37d,9,83,Normal
2026-02-10 00:29:53.562191,Berlin-d37d,-26,4,Normal
2026-02-10 00:29:54.562191,Berlin-d37d,24,2,Normal
2026-02-10 00:29:55.562191,Berlin-d37d,-28,85,Normal
2026-02-10 00:29:56.562191,Berlin-d37d,-22,67,Normal
2026-02-10 00:29:57.562191,Berlin-d37d,11,6,Normal
2026-02-10 00:29:58.562191,Berlin-d37d,-22,34,Normal
2026-02-10 00:29:59.562191,Berlin-d37d,-18,58,Normal
2026-02-10 00:30:00.562191,Berlin-d37d,-25,80,Normal
2026-02-10 00:30:01.562191,Berlin-d37d,-17,90,Normal
2026-02-10 00:30:02.562191,Berlin-d37d,21,95,Normal
2026-02-10 00:30:03.562191,Berlin-d37d,5,43,Normal
2026-02-10 00:30:04.562191,Berlin-d37d,-2,51,Normal
2026-02-10 00:30:05.562191,Berlin-d37d,44,55,Normal
2026-02-10 00:30:06.562191,Berlin-d37d,-24,25,Normal
2026-02-10 00:30:07.562191,Berlin-d37d,44,12,Normal
2026-02-10 00:30:08.562191,Berlin-d37d,-11,38,Normal
2026-02-10 00:30:09.562191,Berlin-d37d,-2,76,Normal
2026-02-10 00:30:10.562191,Berlin-d37d,35,100,Normal
2026-02-10 00:30:11.562191,Berlin-d37d,-29,58,Normal
2026-02-10 00:30:12.562191,Berlin-d37d,34,94,Normal
2026-02-10 00:30:13.562191,Berlin-d37d,22,38,Normal
2026-02-10 00:30:14.562191,Berlin-d37d,3,71,Normal
2026-02-10 00:30:15.562191,Berlin-d37d,33,73,Normal
2026-02-10 00:30:16.562191,Berlin-d37d,12,20,Normal
2026-02-10 00:30:17.562191,Berlin-d37d,-29,5,Normal
2026-02-10 00:30:18.562191,Berlin-d37d,15,26,Normal
2026-02-10 00:30:19.562191,Berlin-d37d,42,24,Normal
2026-02-10 00:30:20.562191,Berlin-d37d,3,3,Normal
2026-02-10 00:30:21.562191,Berlin-d37d,-18,7,Normal
2026-02-10 00:30:22.562191,Berlin-d37d,46,81,Normal
2026-02-10 00:30:23.562191,Berlin-d37d,34,3,Normal
2026-02-10 00:30:24.562191,Berlin-d37d,-19,13,Normal
2026-02-10 00:30:25.562191,Berlin-d37d,-30,56,Normal
2026-02-10 00:30:26.562191,Berlin-d37d,19,34,Normal
2026-02-10 00:30:27.562191,Berlin-d37d,-13,64,Normal
2026-02-10 00:30:28.562191,Berlin-d37d,-4,21,Normal
2026-02-10 00:30:29.562191,Berlin-d37d,48,25,Normal
2026-02-10 00:30:30.562191,Berlin-d37d,43,74,Normal
2026-02-10 00:30:31.562191,Berlin-d37d,49,100,Normal
2026-02-10 00:30:32.562191,Berlin-d37d,-20,96,Normal
2026-02-10 00:30:33.562191,Berlin-d37d,37,35,Normal
2026-02-10 00:30:34.562191,Berlin-d37d,36,49,Normal
2026-02-10 00:30:35.562191,Berlin-d37d,4,47,Normal
2026-02-10 00:30:36.562191,Berlin-d37d,37,23,Normal
2026-02-10 00:30:37.562191,Berlin-d37d,-7,93,Normal
2026-02-10 00:30:38.562191,Berlin-d37d,38,48,Normal
2026-02-10 00:30:39.562191,Berlin-d37d,33,0,Normal
2026-02-10 00:30:40.562191,Berlin-d37d,16,90,Normal
2026-02-10 00:30:41.562191,Berlin-d37d,-24,54,Normal
2026-02-10 00:30:42.562191,Berlin-d37d,39,72,Normal
2026-02-10 00:30:43.562191,Berlin-d37d,22,60,Normal
2026-02-10 00:30:44.562191,Berlin-d37d,38,29,Normal
2026-02-10 00:30:45.562191,Berlin-d37d,23,80,Normal
2026-02-10 00:30:46.562191,Berlin-d37d,44,33,Normal
2026-02-10 00:30:47.562191,Berlin-d37d,16,85,Normal
2026-02-10 00:30:48.562191,Berlin-d37d,-1,34,Normal
2026-02-10 00:30:49.562191,Berlin-d37d,26,6,Normal
2026-02-10 00:30:50.562191,Berlin-d37d,5,33,Normal
2026-02-10 00:30:51.562191,Berlin-d37d,-27,4,Normal
2026-02-10 00:30:52.562191,Berlin-d37d,49,100,Normal
2026-02-10 00:30:53.562191,Berlin-d37d,-26,25,Normal
2026-02-10 00:30:54.562191,Berlin-d37d,-14,99,Normal
2026-02-10 00:30:55.562191,Berlin-d37d,-3,42,Normal
2026-02-10 00:30:56.562191,Berlin-d37d,2,99,Normal
2026-02-10 00:30:57.562191,Berlin-d37d,49,29,Normal
2026-02-10 00:30:58.562191,Berlin-d37d,23,89,Normal
2026-02-10 00:30:59.562191,Berlin-d37d,-1,15,Normal
2026-02-10 00:31:00.562191,Berlin-d37d,-20,75,Normal
2026-02-10 00:31:01.562191,Berlin-d37d,-9,27,Normal
2026-02-10 00:31:02.562191,Berlin-d37d,11,97,Normal
2026-02-10 00:31:03.562191,Berlin-d37d,43,66,Normal
2026-02-10 00:31:04.562191,Berlin-d37d,36,36,Normal
2026-02-10 00:31:05.562191,Berlin-d37d,3,93,Normal
2026-02-10 00:31:06.562191,Berlin-d37d,7,48,Normal
2026-02-10 00:31:07.562191,Berlin-d37d,12,4,Normal
2026-02-10 00:31:08.562191,Berlin-d37d,-7,73,Normal
2026-02-10 00:31:09.562191,Berlin-d37d,-18,37,Normal
2026-02-10 00:31:10.562191,Berlin-d37d,-25,35,Normal
2026-02-10 00:31:11.562191,Berlin-d37d,-26,68,Normal
2026-02-10 00:31:12.562191,Berlin-d37d,25,11,Normal
2026-02-10 00:31:13.562191,Berlin-d37d,41,73,Normal
2026-02-10 00:31:14.562191,Berlin-d37d,-14,88,Normal
2026-02-10 00:31:15.562191,Berlin-d37d,38,68,Normal
2026-02-10 00:31:16.562191,Berlin-d37d,12,88,Normal
2026-02-10 00:31:17.562191,Berlin-d37d,26,21,Normal
2026-02-10 00:31:18.562191,Berlin-d37d,-23,49,Normal
2026-02-10 00:31:19.562191,Berlin-d37d,41,43,Normal
2026-02-10 00:31:20.562191,Berlin-d37d,-25,17,Normal
2026-02-10 00:31:21.562191,Berlin-d37d,12,95,Normal
2026-02-10 00:31:22.562191,Berlin-d37d,21,4,Normal
2026-02-10 00:31:23.562191,Berlin-d37d,10,21,Normal
2026-02-10 00:31:24.562191,Berlin-d37d,-26,62,Normal
2026-02-10 00:31:25.562191,Berlin-d37d,-11,14,Normal
2026-02-10 00:31:26.562191,Berlin-d37d,11,23,Normal
2026-02-10 00:31:27.562191,Berlin-d37d,31,77,Normal
2026-02-10 00:31:28.562191,Berlin-d37d,-5,15,Normal
2026-02-10 00:31:29.562191,Berlin-d37d,30,71,Normal
2026-02-10 00:31:30.562191,Berlin-d37d,31,81,Normal
2026-02-10 00:31:31.562191,Berlin-d37d,26,29,Normal
2026-02-10 00:31:32.562191,Berlin-d37d,26,60,Normal
2026-02-10 00:31:33.562191,Berlin-d37d,4,27,Normal
2026-02-10 00:31:34.562191,Berlin-d37d,-29,48,Normal
2026-02-10 00:31:35.562191,Berlin-d37d,41,59,Normal
2026-02-10 00:31:36.562191,Berlin-d37d,8,47,Normal
2026-02-10 00:31:37.562191,Berlin-d37d,1,63,Normal
2026-02-10 00:31:38.562191,Berlin-d37d,24,46,Normal
2026-02-10 00:31:39.562191,Berlin-d37d,-19,41,Normal
2026-02-10 00:31:40.562191,Berlin-d37d,44,29,Normal
2026-02-10 00:31:41.562191,Berlin-d37d,8,57,Normal
2026-02-10 00:31:42.562191,Berlin-d37d,18,40,Normal
2026-02-10 00:31:43.562191,Berlin-d37d,41,42,Normal
2026-02-10 00:31:44.562191,Berlin-d37d,-20,43,Normal
2026-02-10 00:31:45.562191,Berlin-d37d,-26,74,Normal
2026-02-10 00:31:46.562191,Berlin-d37d,30,88,Normal
2026-02-10 00:31:47.562191,Berlin-d37d,19,81,Normal
2026-02-10 00:31:48.562191,Berlin-d37d,50,30,Normal
2026-02-10 00:31:49.562191,Berlin-d37d,-19,52,Normal
2026-02-10 00:31:50.562191,Berlin-d37d,-17,98,Normal
2026-02-10 00:31:51.562191,Berlin-d37d,43,21,Normal
2026-02-10 00:31:52.562191,Berlin-d37d,24,92,Normal
2026-02-10 00:31:53.562191,Berlin-d37d,46,27,Normal
2026-02-10 00:31:54.562191,Berlin-d37d,-24,50,Normal
2026-02-10 00:31:55.562191,Berlin-d37d,-3,86,Normal
2026-02-10 00:31:56.562191,Berlin-d37d,-21,22,Normal
2026-02-10 00:31:57.562191,Berlin-d37d,14,95,Normal
2026-02-10 00:31:58.562191,Berlin-d37d,44,32,Normal
2026-02-10 00:31:59.562191,Berlin-d37d,-30,2,Normal
2026-02-10 00:32:00.562191,Berlin-d37d,-26,24,Normal
2026-02-10 00:32:01.562191,Berlin-d37d,-23,53,Normal
2026-02-10 00:32:02.562191,Berlin-d37d,-21,83,Normal
2026-02-10 00:32:03.562191,Berlin-d37d,-17,65,Normal
2026-02-10 00:32:04.562191,Berlin-d37d,-29,62,Normal
2026-02-10 00:32:05.562191,Berlin-d37d,6,23,Normal
2026-02-10 00:32:06.562191,Berlin-d37d,45,15,Normal
2026-02-10 00:32:07.562191,Berlin-d37d,-18,74,Normal
2026-02-10 00:32:08.562191,Berlin-d37d,33,17,Normal
2026-02-10 00:32:09.562191,Berlin-d37d,19,93,Normal
2026-02-10 00:32:10.562191,Berlin-d37d,35,72,Normal
2026-02-10 00:32:11.562191,Berlin-d37d,48,79,Normal
2026-02-10 00:32:12.562191,Berlin-d37d,13,97,Normal
2026-02-10 00:32:13.562191,Berlin-d37d,40,23,Normal
2026-02-10 00:32:14.562191,Berlin-d37d,-6,88,Normal
2026-02-10 00:32:15.562191,Berlin-d37d,-22,52,Normal
2026-02-10 00:32:16.562191,Berlin-d37d,20,22,Normal
2026-02-10 00:32:17.562191,Berlin-d37d,35,43,Normal
2026-02-10 00:32:18.562191,Berlin-d37d,44,34,Normal
2026-02-10 00:32:19.562191,Berlin-d37d,48,14,Normal
2026-02-10 00:32:20.562191,Berlin-d37d,-3,41,Normal
2026-02-10 00:32:21.562191,Berlin-d37d,-8,75,Normal
2026-02-10 00:32:22.562191,Berlin-d37d,32,54,Normal
2026-02-10 00:32:23.562191,Berlin-d37d,44,36,Normal
2026-02-10 00:32:24.562191,Berlin-d37d,31,50,Normal
2026-02-10 00:32:25.562191,Berlin-d37d,-27,69,Normal
2026-02-10 00:32:26.562191,Berlin-d37d,-13,70,Normal
2026-02-10 00:32:27.562191,Berlin-d37d,-11,97,Normal
2026-02-10 00:32:28.562191,Berlin-d37d,24,3,Normal
2026-02-10 00:32:29.562191,Berlin-d37d,20,53,Normal
2026-02-10 00:32:30.562191,Berlin-d37d,25,55,Normal
2026-02-10 00:32:31.562191,Berlin-d37d,-15,58,Normal
2026-02-10 00:32:32.562191,Berlin-d37d,-25,93,Normal
2026-02-10 00:32:33.562191,Berlin-d37d,0,68,Normal
2026-02-10 00:32:34.562191,Berlin-d37d,-29,8,Normal
2026-02-10 00:32:35.562191,Berlin-d37d,19,70,Normal
2026-02-10 00:32:36.562191,Berlin-d37d,-27,60,Normal
2026-02-10 00:32:37.562191,Berlin-d37d,2,44,Normal
2026-02-10 00:32:38.562191,Berlin-d37d,-18,38,Normal
2026-02-10 00:32:39.562191,Berlin-d37d,43,45,Normal
2026-02-10 00:32:40.562191,Berlin-d37d,37,10,Normal
2026-02-10 00:32:41.562191,Berlin-d37d,-3,38,Normal
2026-02-10 00:32:42.562191,Berlin-d37d,14,2,Normal
2026-02-10 00:32:43.562191,Berlin-d37d,-1,68,Normal
2026-02-10 00:32:44.562191,Berlin-d37d,1,79,Normal
2026-02-10 00:32:45.562191,Berlin-d37d,16,24,Normal
2026-02-10 00:32:46.562191,Berlin-d37d,29,79,Normal
2026-02-10 00:32:47.562191,Berlin-d37d,40,98,Normal
2026-02-10 00:32:48.562191,Berlin-d37d,11,72,Normal
2026-02-10 00:32:49.562191,Berlin-d37d,16,63,Normal
2026-02-10 00:32:50.562191,Berlin-d37d,33,52,Normal
2026-02-10 00:32:51.562191,Berlin-d37d,-24,23,Normal
2026-02-10 00:32:52.562191,Berlin-d37d,25,1,Normal
2026-02-10 00:32:53.562191,Berlin-d37d,34,41,Normal
2026-02-10 00:32:54.562191,Berlin-d37d,-20,49,Normal
2026-02-10 00:32:55.562191,Berlin-d37d,19,24,Normal
2026-02-10 00:32:56.562191,Berlin-d37d,3,9,Normal
2026-02-10 00:32:57.562191,Berlin-d37d,13,14,Normal
2026-02-10 00:32:58.562191,Berlin-d37d,48,69,Normal
2026-02-10 00:32:59.562191,Berlin-d37d,36,52,Normal
2026-02-10 00:33:00.562191,Berlin-d37d,38,40,Normal
2026-02-10 00:33:01.562191,Berlin-d37d,-19,88,Normal
2026-02-10 00:33:02.562191,Berlin-d37d,40,45,Normal
2026-02-10 00:33:03.562191,Berlin-d37d,-23,62,Normal
2026-02-10 00:33:04.562191,Berlin-d37d,-29,45,Normal
2026-02-10 00:33:05.562191,Berlin-d37d,48,1,Normal
2026-02-10 00:33:06.562191,Berlin-d37d,4,27,Normal
2026-02-10 00:33:07.562191,Berlin-d37d,20,12,Normal
2026-02-10 00:33:08.562191,Berlin-d37d,-17,63,Normal
2026-02-10 00:33:09.562191,Berlin-d37d,19,66,Normal
2026-02-10 00:33:10.562191,Berlin-d37d,-16,95,Normal
2026-02-10 00:33:11.562191,Berlin-d37d,26,4,Normal
2026-02-10 00:33:12.562191,Berlin-d37d,-18,7,Normal
2026-02-10 00:33:13.562191,Berlin-d37d,-3,93,Normal
2026-02-10 00:33:14.562191,Berlin-d37d,-18,23,Normal
2026-02-10 00:33:15.562191,Berlin-d37d,14,55,Normal
2026-02-10 00:33:16.562191,Berlin-d37d,11,44,Normal
2026-02-10 00:33:17.562191,Berlin-d37d,-28,28,Normal
2026-02-10 00:33:18.562191,Berlin-d37d,-11,19,Normal
2026-02-10 00:33:19.562191,Berlin-d37d,9,99,Normal
2026-02-10 00:33:20.562191,Berlin-d37d,-19,6,Normal
2026-02-10 00:33:21.562191,Berlin-d37d,5,56,Normal
2026-02-10 00:33:22.562191,Berlin-d37d,-29,45,Normal
2026-02-10 00:33:23.562191,Berlin-d37d,19,70,Normal
2026-02-10 00:33:24.562191,Berlin-d37d,1,31,Normal
2026-02-10 00:33:25.562191,Berlin-d37d,20,11,Normal
2026-02-10 00:33:26.562191,Berlin-d37d,-18,85,Normal
2026-02-10 00:33:27.562191,Berlin-d37d,47,23,Normal
2026-02-10 00:33:28.562191,Berlin-d37d,-12,49,Normal
2026-02-10 00:33:29.562191,Berlin-d37d,-26,36,Normal
2026-02-10 00:33:30.562191,Berlin-d37d,-12,38,Normal
2026-02-10 00:33:31.562191,Berlin-d37d,-11,9,Normal
2026-02-10 00:33:32.562191,Berlin-d37d,-23,21,Normal
2026-02-10 00:33:33.562191,Berlin-d37d,14,51,Normal
2026-02-10 00:33:34.562191,Berlin-d37d,10,36,Normal
2026-02-10 00:33:35.562191,Berlin-d37d,-8,100,Normal
2026-02-10 00:33:36.562191,Berlin-d37d,-3,54,Normal
2026-02-10 00:33:37.562191,Berlin-d37d,13,60,Normal
2026-02-10 00:33:38.562191,Berlin-d37d,0,32,Normal
2026-02-10 00:33:39.562191,Berlin-d37d,-22,99,Normal
2026-02-10 00:33:40.562191,Berlin-d37d,22,67,Normal
2026-02-10 00:33:41.562191,Berlin-d37d,25,73,Normal
2026-02-10 00:33:42.562191,Berlin-d37d,47,34,Normal
2026-02-10 00:33:43.562191,Berlin-d37d,30,7,Normal
2026-02-10 00:33:44.562191,Berlin-d37d,14,78,Normal
2026-02-10 00:33:45.562191,Berlin-d37d,-4,87,Normal
2026-02-10 00:33:46.562191,Berlin-d37d,-26,8,Normal
2026-02-10 00:33:47.562191,Berlin-d37d,12,30,Normal
2026-02-10 00:33:48.562191,Berlin-d37d,43,25,Normal
2026-02-10 00:33:49.562191,Berlin-d37d,-23,27,Normal
2026-02-10 00:33:50.562191,Berlin-d37d,47,19,Normal
2026-02-10 00:33:51.562191,Berlin-d37d,-24,43,Normal
2026-02-10 00:33:52.562191,Berlin-d37d,-7,30,Normal
2026-02-10 00:33:53.562191,Berlin-d37d,50,25,Normal
2026-02-10 00:33:54.562191,Berlin-d37d,-28,9,Normal
2026-02-10 00:33:55.562191,Berlin-d37d,25,51,Normal
2026-02-10 00:33:56.562191,Berlin-d37d,-5,4,Normal
2026-02-10 00:33:57.562191,Berlin-d37d,12,67,Normal
2026-02-10 00:33:58.562191,Berlin-d37d,-15,30,Normal
2026-02-10 00:33:59.562191,Berlin-d37d,31,93,Normal
2026-02-10 00:34:00.562191,Berlin-d37d,-18,4,Normal
2026-02-10 00:34:01.562191,Berlin-d37d,5,93,Normal
2026-02-10 00:34:02.562191,Berlin-d37d,33,73,Normal
2026-02-10 00:34:03.562191,Berlin-d37d,-19,2,Normal
2026-02-10 00:34:04.562191,Berlin-d37d,21,4,Normal
2026-02-10 00:34:05.562191,Berlin-d37d,-23,52,Normal
2026-02-10 00:34:06.562191,Berlin-d37d,49,81,Normal
2026-02-10 00:34:07.562191,Berlin-d37d,-12,98,Normal
2026-02-10 00:34:08.562191,Berlin-d37d,29,33,Normal
2026-02-10 00:34:09.562191,Berlin-d37d,9,18,Normal
2026-02-10 00:34:10.562191,Berlin-d37d,8,9,Normal
2026-02-10 00:34:11.562191,Berlin-d37d,25,40,Normal
2026-02-10 00:34:12.562191,Berlin-d37d,12,60,Normal
2026-02-10 00:34:13.562191,Berlin-d37d,6,100,Normal
2026-02-10 00:34:14.562191,Berlin-d37d,2,86,Normal
2026-02-10 00:34:15.562191,Berlin-d37d,-2,84,Normal
2026-02-10 00:34:16.562191,Berlin-d37d,20,15,Normal
2026-02-10 00:34:17.562191,Berlin-d37d,47,22,Normal
2026-02-10 00:34:18.562191,Berlin-d37d,10,62,Normal
2026-02-10 00:34:19.562191,Berlin-d37d,26,10,Normal
2026-02-10 00:34:20.562191,Berlin-d37d,50,78,Normal
2026-02-10 00:34:21.562191,Berlin-d37d,11,68,Normal
2026-02-10 00:34:22.562191,Berlin-d37d,19,39,Normal
2026-02-10 00:34:23.562191,Berlin-d37d,-30,88,Normal
2026-02-10 00:34:24.562191,Berlin-d37d,18,56,Normal
2026-02-10 00:34:25.562191,Berlin-d37d,4,39,Normal
2026-02-10 00:34:26.562191,Berlin-d37d,-4,94,Normal
2026-02-10 00:34:27.562191,Berlin-d37d,34,9,Normal
2026-02-10 00:34:28.562191,Berlin-d37d,-3,2,Normal
2026-02-10 00:34:29.562191,Berlin-d37d,-1,65,Normal
2026-02-10 00:34:30.562191,Berlin-d37d,16,86,Normal
2026-02-10 00:34:31.562191,Berlin-d37d,39,0,Normal
2026-02-10 00:34:32.562191,Berlin-d37d,26,6,Normal
2026-02-10 00:34:33.562191,Berlin-d37d,5,7,Normal
2026-02-10 00:34:34.562191,Berlin-d37d,7,37,Normal
2026-02-10 00:34:35.562191,Berlin-d37d,-11,81,Normal
2026-02-10 00:34:36.562191,Berlin-d37d,-21,4,Normal
2026-02-10 00:34:37.562191,Berlin-d37d,0,74,Normal
2026-02-10 00:34:38.562191,Berlin-d37d,15,80,Normal
2026-02-10 00:34:39.562191,Berlin-d37d,19,61,Normal
2026-02-10 00:34:40.562191,Berlin-d37d,37,49,Normal
2026-02-10 00:34:41.562191,Berlin-d37d,-19,40,Normal
2026-02-10 00:34:42.562191,Berlin-d37d,3,80,Normal
2026-02-10 00:34:43.562191,Berlin-d37d,37,23,Normal
2026-02-10 00:34:44.562191,Berlin-d37d,40,55,Normal
2026-02-10 00:34:45.562191,Berlin-d37d,48,87,Normal
2026-02-10 00:34:46.562191,Berlin-d37d,40,91,Normal
2026-02-10 00:34:47.562191,Berlin-d37d,-14,45,Normal
2026-02-10 00:34:48.562191,Berlin-d37d,47,37,Normal
2026-02-10 00:34:49.562191,Berlin-d37d,24,54,Normal
2026-02-10 00:34:50.562191,Berlin-d37d,50,95,Normal
2026-02-10 00:34:51.562191,Berlin-d37d,43,44,Normal
2026-02-10 00:34:52.562191,Berlin-d37d,22,15,Normal
2026-02-10 00:34:53.562191,Berlin-d37d,-13,13,Normal
2026-02-10 00:34:54.562191,Berlin-d37d,18,83,Normal
2026-02-10 00:34:55.562191,Berlin-d37d,-7,87,Normal
2026-02-10 00:34:56.562191,Berlin-d37d,5,62,Normal
2026-02-10 00:34:57.562191,Berlin-d37d,-28,31,Normal
2026-02-10 00:34:58.562191,Berlin-d37d,-15,95,Normal
2026-02-10 00:34:59.562191,Berlin-d37d,4,57,Normal
2026-02-10 00:35:00.562191,Berlin-d37d,-20,71,Normal
2026-02-10 00:35:01.562191,Berlin-d37d,25,29,Normal
2026-02-10 00:35:02.562191,Berlin-d37d,7,42,Normal
2026-02-10 00:35:03.562191,Berlin-d37d,22,93,Normal
2026-02-10 00:35:04.562191,Berlin-d37d,-19,13,Normal
2026-02-10 00:35:05.562191,Berlin-d37d,17,75,Normal
2026-02-10 00:35:06.562191,Berlin-d37d,32,60,Normal
2026-02-10 00:35:07.562191,Berlin-d37d,-12,27,Normal
2026-02-10 00:35:08.562191,Berlin-d37d,26,63,Normal
2026-02-10 00:35:09.562191,Berlin-d37d,-25,62,Normal
2026-02-10 00:35:10.562191,Berlin-d37d,-13,69,Normal
2026-02-10 00:35:11.562191,Berlin-d37d,3,6,Normal
2026-02-10 00:35:12.562191,Berlin-d37d,41,24,Normal
2026-02-10 00:35:13.562191,Berlin-d37d,1,55,Normal
2026-02-10 00:35:14.562191,Berlin-d37d,20,30,Normal
2026-02-10 00:35:15.562191,Berlin-d37d,-24,81,Normal
2026-02-10 00:35:16.562191,Berlin-d37d,5,83,Normal
2026-02-10 00:35:17.562191,Berlin-d37d,-25,20,Normal
2026-02-10 00:35:18.562191,Berlin-d37d,-28,81,Normal
2026-02-10 00:35:19.562191,Berlin-d37d,-9,51,Normal
2026-02-10 00:35:20.562191,Berlin-d37d,29,20,Normal
2026-02-10 00:35:21.562191,Berlin-d37d,38,42,Normal
2026-02-10 00:35:22.562191,Berlin-d37d,21,34,Normal
2026-02-10 00:35:23.562191,Berlin-d37d,16,41,Normal
2026-02-10 00:35:24.562191,Berlin-d37d,30,9,Normal
2026-02-10 00:35:25.562191,Berlin-d37d,39,93,Normal
2026-02-10 00:35:26.562191,Berlin-d37d,-5,53,Normal
2026-02-10 00:35:27.562191,Berlin-d37d,10,52,Normal
2026-02-10 00:35:28.562191,Berlin-d37d,-21,34,Normal
2026-02-10 00:35:29.562191,Berlin-d37d,-26,53,Normal
2026-02-10 00:35:30.562191,Berlin-d37d,7,69,Normal
2026-02-10 00:35:31.562191,Berlin-d37d,-8,72,Normal
2026-02-10 00:35:32.562191,Berlin-d37d,29,70,Normal
2026-02-10 00:35:33.562191,Berlin-d37d,-2,29,Normal
2026-02-10 00:35:34.562191,Berlin-d37d,-14,82,Normal
2026-02-10 00:35:35.562191,Berlin-d37d,-12,51,Normal
2026-02-10 00:35:36.562191,Berlin-d37d,26,49,Normal
2026-02-10 00:35:37.562191,Berlin-d37d,-26,59,Normal
2026-02-10 00:35:38.562191,Berlin-d37d,-2,91,Normal
2026-02-10 00:35:39.562191,Berlin-d37d,44,17,Normal
2026-02-10 00:35:40.562191,Berlin-d37d,49,28,Normal
2026-02-10 00:35:41.562191,Berlin-d37d,26,40,Normal
2026-02-10 00:35:42.562191,Berlin-d37d,1,58,Normal
2026-02-10 00:35:43.562191,Berlin-d37d,13,38,Normal
2026-02-10 00:35:44.562191,Berlin-d37d,-25,1,Normal
2026-02-10 00:35:45.562191,Berlin-d37d,42,76,Normal
2026-02-10 00:35:46.562191,Berlin-d37d,-11,3,Normal
2026-02-10 00:35:47.562191,Berlin-d37d,17,22,Normal
2026-02-10 00:35:48.562191,Berlin-d37d,27,43,Normal
2026-02-10 00:35:49.562191,Berlin-d37d,-7,60,Normal
2026-02-10 00:35:50.562191,Berlin-d37d,33,86,Normal
2026-02-10 00:35:51.562191,Berlin-d37d,8,97,Normal
2026-02-10 00:35:52.562191,Berlin-d37d,-7,60,Normal
2026-02-10 00:35:53.562191,Berlin-d37d,14,37,Normal
2026-02-10 00:35:54.562191,Berlin-d37d,-22,41,Normal
2026-02-10 00:35:55.562191,Berlin-d37d,25,19,Normal
2026-02-10 00:35:56.562191,Berlin-d37d,22,78,Normal
2026-02-10 00:35:57.562191,Berlin-d37d,-3,99,Normal
2026-02-10 00:35:58.562191,Berlin-d37d,-22,53,Normal
2026-02-10 00:35:59.562191,Berlin-d37d,18,26,Normal
2026-02-10 00:36:00.562191,Berlin-d37d,46,59,Normal
2026-02-10 00:36:01.562191,Berlin-d37d,22,98,Normal
2026-02-10 00:36:02.562191,Berlin-d37d,44,15,Normal
2026-02-10 00:36:03.562191,Berlin-d37d,5,57,Normal
2026-02-10 00:36:04.562191,Berlin-d37d,-17,68,Normal
2026-02-10 00:36:05.562191,Berlin-d37d,24,37,Normal
2026-02-10 00:36:06.562191,Berlin-d37d,32,22,Normal
2026-02-10 00:36:07.562191,Berlin-d37d,5,72,Normal
2026-02-10 00:36:08.562191,Berlin-d37d,-22,14,Normal
2026-02-10 00:36:09.562191,Berlin-d37d,-27,54,Normal
2026-02-10 00:36:10.562191,Berlin-d37d,41,21,Normal
2026-02-10 00:36:11.562191,Berlin-d37d,34,67,Normal
2026-02-10 00:36:12.562191,Berlin-d37d,27,17,Normal
2026-02-10 00:36:13.562191,Berlin-d37d,27,66,Normal
2026-02-10 00:36:14.562191,Berlin-d37d,30,57,Normal
2026-02-10 00:36:15.562191,Berlin-d37d,47,28,Normal
2026-02-10 00:36:16.562191,Berlin-d37d,46,50,Normal
2026-02-10 00:36:17.562191,Berlin-d37d,-15,81,Normal
2026-02-10 00:36:18.562191,Berlin-d37d,30,36,Normal
2026-02-10 00:36:19.562191,Berlin-d37d,31,4,Normal
2026-02-10 00:36:20.562191,Berlin-d37d,36,24,Normal
2026-02-10 00:36:21.562191,Berlin-d37d,-28,23,Normal
2026-02-10 00:36:22.562191,Berlin-d37d,7,18,Normal
2026-02-10 00:36:23.562191,Berlin-d37d,1,72,Normal
2026-02-10 00:36:24.562191,Berlin-d37d,47,69,Normal
2026-02-10 00:36:25.562191,Berlin-d37d,0,64,Normal
2026-02-10 00:36:26.562191,Berlin-d37d,-14,8,Normal
2026-02-10 00:36:27.562191,Berlin-d37d,40,53,Normal
2026-02-10 00:36:28.562191,Berlin-d37d,10,66,Normal
2026-02-10 00:36:29.562191,Berlin-d37d,-18,12,Normal
2026-02-10 00:36:30.562191,Berlin-d37d,-29,5,Normal
2026-02-10 00:36:31.562191,Berlin-d37d,14,16,Normal
2026-02-10 00:36:32.562191,Berlin-d37d,4,98,Normal
2026-02-10 00:36:33.562191,Berlin-d37d,-24,75,Normal
2026-02-10 00:36:34.562191,Berlin-d37d,-5,48,Normal
2026-02-10 00:36:35.562191,Berlin-d37d,33,10,Normal
2026-02-10 00:36:36.562191,Berlin-d37d,-10,36,Normal
2026-02-10 00:36:37.562191,Berlin-d37d,-12,74,Normal
2026-02-10 00:36:38.562191,Berlin-d37d,45,18,Normal
2026-02-10 00:36:39.562191,Berlin-d37d,-21,19,Normal
2026-02-10 00:36:40.562191,Berlin-d37d,-12,68,Normal
2026-02-10 00:36:41.562191,Berlin-d37d,-22,61,Normal
2026-02-10 00:36:42.562191,Berlin-d37d,-10,75,Normal
2026-02-10 00:36:43.562191,Berlin-d37d,-26,27,Normal
2026-02-10 00:36:44.562191,Berlin-d37d,-1,87,Normal
2026-02-10 00:36:45.562191,Berlin-d37d,47,77,Normal
2026-02-10 00:36:46.562191,Berlin-d37d,12,34,Normal
2026-02-10 00:36:47.562191,Berlin-d37d,-4,30,Normal
2026-02-10 00:36:48.562191,Berlin-d37d,40,67,Normal
2026-02-10 00:36:49.562191,Berlin-d37d,20,21,Normal
2026-02-10 00:36:50.562191,Berlin-d37d,14,15,Normal
2026-02-10 00:36:51.562191,Berlin-d37d,39,5,Normal
2026-02-10 00:36:52.562191,Berlin-d37d,22,83,Normal
2026-02-10 00:36:53.562191,Berlin-d37d,24,36,Normal
2026-02-10 00:36:54.562191,Berlin-d37d,46,7,Normal
2026-02-10 00:36:55.562191,Berlin-d37d,29,75,Normal
2026-02-10 00:36:56.562191,Berlin-d37d,-12,39,Normal
2026-02-10 00:36:57.562191,Berlin-d37d,1,35,Normal
2026-02-10 00:36:58.562191,Berlin-d37d,-4,94,Normal
2026-02-10 00:36:59.562191,Berlin-d37d,6,55,Normal
2026-02-10 00:37:00.562191,Berlin-d37d,31,12,Normal
2026-02-10 00:37:01.562191,Berlin-d37d,-17,73,Normal
2026-02-10 00:37:02.562191,Berlin-d37d,36,79,Normal
2026-02-10 00:37:03.562191,Berlin-d37d,-9,92,Normal
2026-02-10 00:37:04.562191,Berlin-d37d,16,17,Normal
2026-02-10 00:37:05.562191,Berlin-d37d,-7,14,Normal
2026-02-10 00:37:06.562191,Berlin-d37d,31,87,Normal
2026-02-10 00:37:07.562191,Berlin-d37d,8,71,Normal
2026-02-10 00:37:08.562191,Berlin-d37d,-15,19,Normal
2026-02-10 00:37:09.562191,Berlin-d37d,-23,26,Normal
2026-02-10 00:37:10.562191,Berlin-d37d,-1,19,Normal
2026-02-10 00:37:11.562191,Berlin-d37d,-4,55,Normal
2026-02-10 00:37:12.562191,Berlin-d37d,10,41,Normal
2026-02-10 00:37:13.562191,Berlin-d37d,-27,26,Normal
2026-02-10 00:37:14.562191,Berlin-d37d,-7,62,Normal
2026-02-10 00:37:15.562191,Berlin-d37d,2,85,Normal
2026-02-10 00:37:16.562191,Berlin-d37d,25,51,Normal
2026-02-10 00:37:17.562191,Berlin-d37d,-13,65,Normal
2026-02-10 00:37:18.562191,Berlin-d37d,39,9,Normal
2026-02-10 00:37:19.562191,Berlin-d37d,16,100,Normal
2026-02-10 00:37:20.562191,Berlin-d37d,26,7,Normal
2026-02-10 00:37:21.562191,Berlin-d37d,23,50,Normal
2026-02-10 00:37:22.562191,Berlin-d37d,-19,76,Normal
2026-02-10 00:37:23.562191,Berlin-d37d,31,61,Normal
2026-02-10 00:37:24.562191,Berlin-d37d,-22,8,Normal
2026-02-10 00:37:25.562191,Berlin-d37d,26,7,Normal
2026-02-10 00:37:26.562191,Berlin-d37d,-9,91,Normal
2026-02-10 00:37:27.562191,Berlin-d37d,-21,92,Normal
2026-02-10 00:37:28.562191,Berlin-d37d,15,84,Normal
2026-02-10 00:37:29.562191,Berlin-d37d,38,15,Normal
2026-02-10 00:37:30.562191,Berlin-d37d,23,7,Normal
2026-02-10 00:37:31.562191,Berlin-d37d,30,96,Normal
2026-02-10 00:37:32.562191,Berlin-d37d,16,14,Normal
2026-02-10 00:37:33.562191,Berlin-d37d,16,55,Normal
2026-02-10 00:37:34.562191,Berlin-d37d,10,1,Normal
2026-02-10 00:37:35.562191,Berlin-d37d,-3,97,Normal
2026-02-10 00:37:36.562191,Berlin-d37d,26,73,Normal
2026-02-10 00:37:37.562191,Berlin-d37d,-15,21,Normal
2026-02-10 00:37:38.562191,Berlin-d37d,-6,31,Normal
2026-02-10 00:37:39.562191,Berlin-d37d,39,73,Normal
2026-02-10 00:37:40.562191,Berlin-d37d,22,17,Normal
2026-02-10 00:37:41.562191,Berlin-d37d,-3,0,Normal
2026-02-10 00:37:42.562191,Berlin-d37d,-7,78,Normal
2026-02-10 00:37:43.562191,Berlin-d37d,2,36,Normal
2026-02-10 00:37:44.562191,Berlin-d37d,-1,59,Normal
2026-02-10 00:37:45.562191,Berlin-d37d,39,43,Normal
2026-02-10 00:37:46.562191,Berlin-d37d,21,87,Normal
2026-02-10 00:37:47.562191,Berlin-d37d,4,41,Normal
2026-02-10 00:37:48.562191,Berlin-d37d,37,52,Normal
2026-02-10 00:37:49.562191,Berlin-d37d,30,37,Normal
2026-02-10 00:37:50.562191,Berlin-d37d,24,44,Normal
2026-02-10 00:37:51.562191,Berlin-d37d,-7,79,Normal
2026-02-10 00:37:52.562191,Berlin-d37d,17,16,Normal
2026-02-10 00:37:53.562191,Berlin-d37d,3,68,Normal
2026-02-10 00:37:54.562191,Berlin-d37d,41,66,Normal
2026-02-10 00:37:55.562191,Berlin-d37d,34,45,Normal
2026-02-10 00:37:56.562191,Berlin-d37d,10,39,Normal
2026-02-10 00:37:57.562191,Berlin-d37d,-15,18,Normal
2026-02-10 00:37:58.562191,Berlin-d37d,19,71,Normal
2026-02-10 00:37:59.562191,Berlin-d37d,3,38,Normal
2026-02-10 00:38:00.562191,Berlin-d37d,15,59,Normal
2026-02-10 00:38:01.562191,Berlin-d37d,2,55,Normal
2026-02-10 00:38:02.562191,Berlin-d37d,20,86,Normal
2026-02-10 00:38:03.562191,Berlin-d37d,-10,40,Normal
2026-02-10 00:38:04.562191,Berlin-d37d,-27,47,Normal
2026-02-10 00:38:05.562191,Berlin-d37d,9,88,Normal
2026-02-10 00:38:06.562191,Berlin-d37d,32,74,Normal
2026-02-10 00:38:07.562191,Berlin-d37d,-20,31,Normal
2026-02-10 00:38:08.562191,Berlin-d37d,40,25,Normal
2026-02-10 00:38:09.562191,Berlin-d37d,4,98,Normal
2026-02-10 00:38:10.562191,Berlin-d37d,34,8,Normal
2026-02-10 00:38:11.562191,Berlin-d37d,-11,34,Normal
2026-02-10 00:38:12.562191,Berlin-d37d,-16,72,Normal
2026-02-10 00:38:13.562191,Berlin-d37d,44,72,Normal
2026-02-10 00:38:14.562191,Berlin-d37d,22,59,Normal
2026-02-10 00:38:15.562191,Berlin-d37d,9,84,Normal
2026-02-10 00:38:16.562191,Berlin-d37d,0,55,Normal
2026-02-10 00:38:17.562191,Berlin-d37d,18,93,Normal
2026-02-10 00:38:18.562191,Berlin-d37d,8,95,Normal
2026-02-10 00:38:19.562191,Berlin-d37d,25,25,Normal
2026-02-10 00:38:20.562191,Berlin-d37d,12,82,Normal
2026-02-10 00:38:21.562191,Berlin-d37d,31,40,Normal
2026-02-10 00:38:22.562191,Berlin-d37d,-13,41,Normal
2026-02-10 00:38:23.562191,Berlin-d37d,31,56,Normal
2026-02-10 00:38:24.562191,Berlin-d37d,42,24,Normal
2026-02-10 00:38:25.562191,Berlin-d37d,28,31,Normal
2026-02-10 00:38:26.562191,Berlin-d37d,-23,75,Normal
2026-02-10 00:38:27.562191,Berlin-d37d,42,13,Normal
2026-02-10 00:38:28.562191,Berlin-d37d,5,95,Normal
2026-02-10 00:38:29.562191,Berlin-d37d,40,43,Normal
2026-02-10 00:38:30.562191,Berlin-d37d,1,86,Normal
2026-02-10 00:38:31.562191,Berlin-d37d,7,0,Normal
2026-02-10 00:38:32.562191,Berlin-d37d,-7,24,Normal
2026-02-10 00:38:33.562191,Berlin-d37d,24,44,Normal
2026-02-10 00:38:34.562191,Berlin-d37d,14,29,Normal
2026-02-10 00:38:35.562191,Berlin-d37d,-10,18,Normal
2026-02-10 00:38:36.562191,Berlin-d37d,31,62,Normal
2026-02-10 00:38:37.562191,Berlin-d37d,29,61,Normal
2026-02-10 00:38:38.562191,Berlin-d37d,40,35,Normal
2026-02-10 00:38:39.562191,Berlin-d37d,-16,48,Normal
2026-02-10 00:38:40.562191,Berlin-d37d,-3,1,Normal
2026-02-10 00:38:41.562191,Berlin-d37d,29,52,Normal
2026-02-10 00:38:42.562191,Berlin-d37d,49,45,Normal
2026-02-10 00:38:43.562191,Berlin-d37d,27,85,Normal
2026-02-10 00:38:44.562191,Berlin-d37d,45,80,Normal
2026-02-10 00:38:45.562191,Berlin-d37d,49,8,Normal
2026-02-10 00:38:46.562191,Berlin-d37d,27,65,Normal
2026-02-10 00:38:47.562191,Berlin-d37d,29,74,Normal
2026-02-10 00:38:48.562191,Berlin-d37d,-10,69,Normal
2026-02-10 00:38:49.562191,Berlin-d37d,20,47,Normal
2026-02-10 00:38:50.562191,Berlin-d37d,21,51,Normal
2026-02-10 00:38:51.562191,Berlin-d37d,41,90,Normal
2026-02-10 00:38:52.562191,Berlin-d37d,24,96,Normal
2026-02-10 00:38:53.562191,Berlin-d37d,20,52,Normal
2026-02-10 00:38:54.562191,Berlin-d37d,1,85,Normal
2026-02-10 00:38:55.562191,Berlin-d37d,-22,61,Normal
2026-02-10 00:38:56.562191,Berlin-d37d,-10,51,Normal
2026-02-10 00:38:57.562191,Berlin-d37d,48,43,Normal
2026-02-10 00:38:58.562191,Berlin-d37d,-4,61,Normal
2026-02-10 00:38:59.562191,Berlin-d37d,-12,75,Normal
2026-02-10 00:39:00.562191,Berlin-d37d,-2,25,Normal
2026-02-10 00:39:01.562191,Berlin-d37d,-7,95,Normal
2026-02-10 00:39:02.562191,Berlin-d37d,31,10,Normal
2026-02-10 00:39:03.562191,Berlin-d37d,-1,74,Normal
2026-02-10 00:39:04.562191,Berlin-d37d,44,12,Normal
2026-02-10 00:39:05.562191,Berlin-d37d,48,58,Normal
2026-02-10 00:39:06.562191,Berlin-d37d,-28,2,Normal
2026-02-10 00:39:07.562191,Berlin-d37d,10,64,Normal
2026-02-10 00:39:08.562191,Berlin-d37d,-15,93,Normal
2026-02-10 00:39:09.562191,Berlin-d37d,47,80,Normal
2026-02-10 00:39:10.562191,Berlin-d37d,14,27,Normal
2026-02-10 00:39:11.562191,Berlin-d37d,6,36,Normal
2026-02-10 00:39:12.562191,Berlin-d37d,16,25,Normal
2026-02-10 00:39:13.562191,Berlin-d37d,-28,39,Normal
2026-02-10 00:39:14.562191,Berlin-d37d,48,60,Normal
2026-02-10 00:39:15.562191,Berlin-d37d,14,5,Normal
2026-02-10 00:39:16.562191,Berlin-d37d,2,92,Normal
2026-02-10 00:39:17.562191,Berlin-d37d,-8,17,Normal
2026-02-10 00:39:18.562191,Berlin-d37d,6,96,Normal
2026-02-10 00:39:19.562191,Berlin-d37d,33,95,Normal
2026-02-10 00:39:20.562191,Berlin-d37d,-16,85,Normal
2026-02-10 00:39:21.562191,Berlin-d37d,49,44,Normal
2026-02-10 00:39:22.562191,Berlin-d37d,-29,71,Normal
2026-02-10 00:39:23.562191,Berlin-d37d,26,54,Normal
2026-02-10 00:39:24.562191,Berlin-d37d,-8,80,Normal
2026-02-10 00:39:25.562191,Berlin-d37d,8,67,Normal
2026-02-10 00:39:26.562191,Berlin-d37d,-26,52,Normal
2026-02-10 00:39:27.562191,Berlin-d37d,43,89,Normal
2026-02-10 00:39:28.562191,Berlin-d37d,30,72,Normal
2026-02-10 00:39:29.562191,Berlin-d37d,-17,49,Normal
2026-02-10 00:39:30.562191,Berlin-d37d,-5,21,Normal
2026-02-10 00:39:31.562191,Berlin-d37d,1,60,Normal
2026-02-10 00:39:32.562191,Berlin-d37d,48,73,Normal
2026-02-10 00:39:33.562191,Berlin-d37d,28,80,Normal
2026-02-10 00:39:34.562191,Berlin-d37d,17,73,Normal
2026-02-10 00:39:35.562191,Berlin-d37d,11,45,Normal
2026-02-10 00:39:36.562191,Berlin-d37d,-9,10,Normal
2026-02-10 00:39:37.562191,Berlin-d37d,-7,95,Normal
2026-02-10 00:39:38.562191,Berlin-d37d,26,59,Normal
2026-02-10 00:39:39.562191,Berlin-d37d,39,9,Normal
2026-02-10 00:39:40.562191,Berlin-d37d,45,4,Normal
2026-02-10 00:39:41.562191,Berlin-d37d,45,30,Normal
2026-02-10 00:39:42.562191,Berlin-d37d,5,18,Normal
2026-02-10 00:39:43.562191,Berlin-d37d,33,89,Normal
2026-02-10 00:39:44.562191,Berlin-d37d,17,43,Normal
2026-02-10 00:39:45.562191,Berlin-d37d,-11,90,Normal
2026-02-10 00:39:46.562191,Berlin-d37d,-13,80,Normal
2026-02-10 00:39:47.562191,Berlin-d37d,39,14,Normal
2026-02-10 00:39:48.562191,Berlin-d37d,44,6,Normal
2026-02-10 00:39:49.562191,Berlin-d37d,-11,95,Normal
2026-02-10 00:39:50.562191,Berlin-d37d,44,10,Normal
2026-02-10 00:39:51.562191,Berlin-d37d,43,56,Normal
2026-02-10 00:39:52.562191,Berlin-d37d,-28,35,Normal
2026-02-10 00:39:53.562191,Berlin-d37d,48,52,Normal
2026-02-10 00:39:54.562191,Berlin-d37d,12,100,Normal
2026-02-10 00:39:55.562191,Berlin-d37d,-27,100,Normal
2026-02-10 00:39:56.562191,Berlin-d37d,4,38,Normal
2026-02-10 00:39:57.562191,Berlin-d37d,17,47,Normal
2026-02-10 00:39:58.562191,Berlin-d37d,12,94,Normal
2026-02-10 00:39:59.562191,Berlin-d37d,48,53,Normal
2026-02-10 00:40:00.562191,Berlin-d37d,-12,53,Normal
2026-02-10 00:40:01.562191,Berlin-d37d,39,22,Normal
2026-02-10 00:40:02.562191,Berlin-d37d,-13,61,Normal
2026-02-10 00:40:03.562191,Berlin-d37d,-5,66,Normal
2026-02-10 00:40:04.562191,Berlin-d37d,-15,68,Normal
2026-02-10 00:40:05.562191,Berlin-d37d,-24,16,Normal
2026-02-10 00:40:06.562191,Berlin-d37d,19,1,Normal
2026-02-10 00:40:07.562191,Berlin-d37d,43,24,Normal
2026-02-10 00:40:08.562191,Berlin-d37d,-5,61,Normal
2026-02-10 00:40:09.562191,Berlin-d37d,28,64,Normal
2026-02-10 00:40:10.562191,Berlin-d37d,8,44,Normal
2026-02-10 00:40:11.562191,Berlin-d37d,30,84,Normal
2026-02-10 00:40:12.562191,Berlin-d37d,-19,91,Normal
2026-02-10 00:40:13.562191,Berlin-d37d,11,0,Normal
2026-02-10 00:40:14.562191,Berlin-d37d,40,16,Normal
2026-02-10 00:40:15.562191,Berlin-d37d,-18,75,Normal
2026-02-10 00:40:16.562191,Berlin-d37d,43,37,Normal
2026-02-10 00:40:17.562191,Berlin-d37d,15,53,Normal
2026-02-10 00:40:18.562191,Berlin-d37d,-20,59,Normal
2026-02-10 00:40:19.562191,Berlin-d37d,20,0,Normal
2026-02-10 00:40:20.562191,Berlin-d37d,33,94,Normal
2026-02-10 00:40:21.562191,Berlin-d37d,-23,4,Normal
2026-02-10 00:40:22.562191,Berlin-d37d,48,5,Normal
2026-02-10 00:40:23.562191,Berlin-d37d,13,40,Normal
2026-02-10 00:40:24.562191,Berlin-d37d,47,94,Normal
2026-02-10 00:40:25.562191,Berlin-d37d,-27,84,Normal
2026-02-10 00:40:26.562191,Berlin-d37d,-13,14,Normal
2026-02-10 00:40:27.562191,Berlin-d37d,32,87,Normal
2026-02-10 00:40:28.562191,Berlin-d37d,-9,24,Normal
2026-02-10 00:40:29.562191,Berlin-d37d,16,94,Normal
2026-02-10 00:40:30.562191,Berlin-d37d,-7,92,Normal
2026-02-10 00:40:31.562191,Berlin-d37d,13,10,Normal
2026-02-10 00:40:32.562191,Berlin-d37d,-8,46,Normal
2026-02-10 00:40:33.562191,Berlin-d37d,-14,9,Normal
2026-02-10 00:40:34.562191,Berlin-d37d,-15,99,Normal
2026-02-10 00:40:35.562191,Berlin-d37d,-17,24,Normal
2026-02-10 00:40:36.562191,Berlin-d37d,-23,87,Normal
2026-02-10 00:40:37.562191,Berlin-d37d,45,52,Normal
2026-02-10 00:40:38.562191,Berlin-d37d,38,16,Normal
2026-02-10 00:40:39.562191,Berlin-d37d,27,13,Normal
2026-02-10 00:40:40.562191,Berlin-d37d,-22,65,Normal
2026-02-10 00:40:41.562191,Berlin-d37d,43,27,Normal
2026-02-10 00:40:42.562191,Berlin-d37d,15,12,Normal
2026-02-10 00:40:43.562191,Berlin-d37d,41,71,Normal
2026-02-10 00:40:44.562191,Berlin-d37d,29,55,Normal
2026-02-10 00:40:45.562191,Berlin-d37d,-3,69,Normal
2026-02-10 00:40:46.562191,Berlin-d37d,31,78,Normal
2026-02-10 00:40:47.562191,Berlin-d37d,-21,43,Normal
2026-02-10 00:40:48.562191,Berlin-d37d,20,100,Normal
2026-02-10 00:40:49.562191,Berlin-d37d,-24,79,Normal
2026-02-10 00:40:50.562191,Berlin-d37d,32,59,Normal
2026-02-10 00:40:51.562191,Berlin-d37d,13,25,Normal
2026-02-10 00:40:52.562191,Berlin-d37d,-7,34,Normal
2026-02-10 00:40:53.562191,Berlin-d37d,40,98,Normal
2026-02-10 00:40:54.562191,Berlin-d37d,23,99,Normal
2026-02-10 00:40:55.562191,Berlin-d37d,20,13,Normal
2026-02-10 00:40:56.562191,Berlin-d37d,22,5,Normal
2026-02-10 00:40:57.562191,Berlin-d37d,50,14,Normal
