timestamp,station_id,temp,humid,condition
2026-02-08 14:05:38.944185,NewYork-82bb,-3,99,Normal
2026-02-08 14:05:39.944185,NewYork-82bb,26,32,Normal
2026-02-08 14:05:40.944185,NewYork-82bb,4,4,Normal
2026-02-08 14:05:41.944185,NewYork-82bb,49,27,Normal
2026-02-08 14:05:42.944185,NewYork-82bb,-12,85,Normal
2026-02-08 14:05:43.944185,NewYork-82bb,37,51,Normal
2026-02-08 14:05:44.944185,NewYork-82bb,22,85,Normal
2026-02-08 14:05:45.944185,NewYork-82bb,-23,37,Normal
2026-02-08 14:05:46.944185,NewYork-82bb,24,63,Normal
2026-02-08 14:05:47.944185,NewYork-82bb,39,28,Normal
2026-02-08 14:05:48.944185,NewYork-82bb,-1,5,Normal
2026-02-08 14:05:49.944185,NewYork-82bb,-9,3,Normal
2026-02-08 14:05:50.944185,NewYork-82bb,16,29,Normal
2026-02-08 14:05:51.944185,NewYork-82bb,-18,92,Normal
2026-02-08 14:05:52.944185,NewYork-82bb,26,57,Normal
2026-02-08 14:05:53.944185,NewYork-82bb,-11,96,Normal
2026-02-08 14:05:54.944185,NewYork-82bb,-25,53,Normal
2026-02-08 14:05:55.944185,NewYork-82bb,-8,34,Normal
2026-02-08 14:05:56.944185,NewYork-82bb,9,98,Normal
2026-02-08 14:05:57.944185,NewYork-82bb,-27,84,Normal
2026-02-08 14:05:58.944185,NewYork-82bb,31,1,Normal
2026-02-08 14:05:59.944185,NewYork-82bb,48,37,Normal
2026-02-08 14:06:00.944185,NewYork-82bb,-12,81,Normal
2026-02-08 14:06:01.944185,NewYork-82bb,46,39,Normal
2026-02-08 14:06:02.944185,NewYork-82bb,-18,18,Normal
2026-02-08 14:06:03.944185,NewYork-82bb,18,4,Normal
2026-02-08 14:06:04.944185,NewYork-82bb,24,37,Normal
2026-02-08 14:06:05.944185,NewYork-82bb,31,2,Normal
2026-02-08 14:06:06.944185,NewYork-82bb,34,84,Normal
2026-02-08 14:06:07.944185,NewYork-82bb,39,24,Normal
2026-02-08 14:06:08.944185,NewYork-82bb,27,87,Normal
2026-02-08 14:06:09.944185,NewYork-82bb,47,49,Normal
2026-02-08 14:06:10.944185,NewYork-82bb,-9,61,Normal
2026-02-08 14:06:11.944185,NewYork-82bb,27,66,Normal
2026-02-08 14:06:12.944185,NewYork-82bb,-16,29,Normal
2026-02-08 14:06:13.944185,NewYork-82bb,41,33,Normal
2026-02-08 14:06:14.944185,NewYork-82bb,-5,4,Normal
2026-02-08 14:06:15.944185,NewYork-82bb,4,60,Normal
2026-02-08 14:06:16.944185,NewYork-82bb,35,46,Normal
2026-02-08 14:06:17.944185,NewYork-82bb,0,18,Normal
2026-02-08 14:06:18.944185,NewYork-82bb,-19,49,Normal
2026-02-08 14:06:19.944185,NewYork-82bb,-29,75,Normal
2026-02-08 14:06:20.944185,NewYork-82bb,50,13,Normal
2026-02-08 14:06:21.944185,NewYork-82bb,0,100,Normal
2026-02-08 14:06:22.944185,NewYork-82bb,11,79,Normal
2026-02-08 14:06:23.944185,NewYork-82bb,-9,73,Normal
2026-02-08 14:06:24.944185,NewYork-82bb,-26,64,Normal
2026-02-08 14:06:25.944185,NewYork-82bb,-3,43,Normal
2026-02-08 14:06:26.944185,NewYork-82bb,48,71,Normal
2026-02-08 14:06:27.944185,NewYork-82bb,16,97,Normal
2026-02-08 14:06:28.944185,NewYork-82bb,-1,56,Normal
2026-02-08 14:06:29.944185,NewYork-82bb,40,76,Normal
2026-02-08 14:06:30.944185,NewYork-82bb,26,65,Normal
2026-02-08 14:06:31.944185,NewYork-82bb,-28,60,Normal
2026-02-08 14:06:32.944185,NewYork-82bb,8,35,Normal
2026-02-08 14:06:33.944185,NewYork-82bb,40,18,Normal
2026-02-08 14:06:34.944185,NewYork-82bb,-4,44,Normal
2026-02-08 14:06:35.944185,NewYork-82bb,43,36,Normal
2026-02-08 14:06:36.944185,NewYork-82bb,-6,51,Normal
2026-02-08 14:06:37.944185,NewYork-82bb,-9,61,Normal
2026-02-08 14:06:38.944185,NewYork-82bb,10,64,Normal
2026-02-08 14:06:39.944185,NewYork-82bb,33,60,Normal
2026-02-08 14:06:40.944185,NewYork-82bb,-30,68,Normal
2026-02-08 14:06:41.944185,NewYork-82bb,-6,58,Normal
2026-02-08 14:06:42.944185,NewYork-82bb,23,57,Normal
2026-02-08 14:06:43.944185,NewYork-82bb,19,38,Normal
2026-02-08 14:06:44.944185,NewYork-82bb,-12,3,Normal
2026-02-08 14:06:45.944185,NewYork-82bb,2,93,Normal
2026-02-08 14:06:46.944185,NewYork-82bb,-2,99,Normal
2026-02-08 14:06:47.944185,NewYork-82bb,10,2,Normal
2026-02-08 14:06:48.944185,NewYork-82bb,-3,0,Normal
2026-02-08 14:06:49.944185,NewYork-82bb,24,8,Normal
2026-02-08 14:06:50.944185,NewYork-82bb,-9,85,Normal
2026-02-08 14:06:51.944185,NewYork-82bb,27,77,Normal
2026-02-08 14:06:52.944185,NewYork-82bb,-21,42,Normal
2026-02-08 14:06:53.944185,NewYork-82bb,-24,23,Normal
2026-02-08 14:06:54.944185,NewYork-82bb,20,72,Normal
2026-02-08 14:06:55.944185,NewYork-82bb,5,45,Normal
2026-02-08 14:06:56.944185,NewYork-82bb,3,85,Normal
2026-02-08 14:06:57.944185,NewYork-82bb,45,78,Normal
2026-02-08 14:06:58.944185,NewYork-82bb,-5,91,Normal
2026-02-08 14:06:59.944185,NewYork-82bb,31,42,Normal
2026-02-08 14:07:00.944185,NewYork-82bb,44,26,Normal
2026-02-08 14:07:01.944185,NewYork-82bb,35,44,Normal
2026-02-08 14:07:02.944185,NewYork-82bb,0,43,Normal
2026-02-08 14:07:03.944185,NewYork-82bb,17,23,Normal
2026-02-08 14:07:04.944185,NewYork-82bb,3,63,Normal
2026-02-08 14:07:05.944185,NewYork-82bb,27,73,Normal
2026-02-08 14:07:06.944185,NewYork-82bb,-13,67,Normal
2026-02-08 14:07:07.944185,NewYork-82bb,-16,29,Normal
2026-02-08 14:07:08.944185,NewYork-82bb,49,62,Normal
2026-02-08 14:07:09.944185,NewYork-82bb,-15,18,Normal
2026-02-08 14:07:10.944185,NewYork-82bb,11,51,Normal
2026-02-08 14:07:11.944185,NewYork-82bb,15,30,Normal
2026-02-08 14:07:12.944185,NewYork-82bb,-13,15,Normal
2026-02-08 14:07:13.944185,NewYork-82bb,-26,93,Normal
2026-02-08 14:07:14.944185,NewYork-82bb,8,82,Normal
2026-02-08 14:07:15.944185,NewYork-82bb,1,38,Normal
2026-02-08 14:07:16.944185,NewYork-82bb,5,79,Normal
2026-02-08 14:07:17.944185,NewYork-82bb,-7,49,Normal
2026-02-08 14:07:18.944185,NewYork-82bb,11,64,Normal
2026-02-08 14:07:19.944185,NewYork-82bb,-15,10,Normal
2026-02-08 14:07:20.944185,NewYork-82bb,48,79,Normal
2026-02-08 14:07:21.944185,NewYork-82bb,17,90,Normal
2026-02-08 14:07:22.944185,NewYork-82bb,41,88,Normal
2026-02-08 14:07:23.944185,NewYork-82bb,-11,68,Normal
2026-02-08 14:07:24.944185,NewYork-82bb,46,89,Normal
2026-02-08 14:07:25.944185,NewYork-82bb,-7,89,Normal
2026-02-08 14:07:26.944185,NewYork-82bb,-21,44,Normal
2026-02-08 14:07:27.944185,NewYork-82bb,11,3,Normal
2026-02-08 14:07:28.944185,NewYork-82bb,-16,31,Normal
2026-02-08 14:07:29.944185,NewYork-82bb,0,38,Normal
2026-02-08 14:07:30.944185,NewYork-82bb,33,51,Normal
2026-02-08 14:07:31.944185,NewYork-82bb,6,64,Normal
2026-02-08 14:07:32.944185,NewYork-82bb,-23,9,Normal
2026-02-08 14:07:33.944185,NewYork-82bb,-25,99,Normal
2026-02-08 14:07:34.944185,NewYork-82bb,45,33,Normal
2026-02-08 14:07:35.944185,NewYork-82bb,13,88,Normal
2026-02-08 14:07:36.944185,NewYork-82bb,10,41,Normal
2026-02-08 14:07:37.944185,NewYork-82bb,13,41,Normal
2026-02-08 14:07:38.944185,NewYork-82bb,34,84,Normal
2026-02-08 14:07:39.944185,NewYork-82bb,-20,56,Normal
2026-02-08 14:07:40.944185,NewYork-82bb,25,90,Normal
2026-02-08 14:07:41.944185,NewYork-82bb,34,54,Normal
2026-02-08 14:07:42.944185,NewYork-82bb,32,88,Normal
2026-02-08 14:07:43.944185,NewYork-82bb,12,73,Normal
2026-02-08 14:07:44.944185,NewYork-82bb,5,89,Normal
2026-02-08 14:07:45.944185,NewYork-82bb,1,70,Normal
2026-02-08 14:07:46.944185,NewYork-82bb,-6,88,Normal
2026-02-08 14:07:47.944185,NewYork-82bb,40,66,Normal
2026-02-08 14:07:48.944185,NewYork-82bb,30,79,Normal
2026-02-08 14:07:49.944185,NewYork-82bb,37,38,Normal
2026-02-08 14:07:50.944185,NewYork-82bb,-20,22,Normal
2026-02-08 14:07:51.944185,NewYork-82bb,24,64,Normal
2026-02-08 14:07:52.944185,NewYork-82bb,-22,85,Normal
2026-02-08 14:07:53.944185,NewYork-82bb,30,65,Normal
2026-02-08 14:07:54.944185,NewYork-82bb,29,6,Normal
2026-02-08 14:07:55.944185,NewYork-82bb,19,29,Normal
2026-02-08 14:07:56.944185,NewYork-82bb,-13,23,Normal
2026-02-08 14:07:57.944185,NewYork-82bb,35,42,Normal
2026-02-08 14:07:58.944185,NewYork-82bb,10,88,Normal
2026-02-08 14:07:59.944185,NewYork-82bb,12,91,Normal
2026-02-08 14:08:00.944185,NewYork-82bb,16,54,Normal
2026-02-08 14:08:01.944185,NewYork-82bb,0,58,Normal
2026-02-08 14:08:02.944185,NewYork-82bb,-24,79,Normal
2026-02-08 14:08:03.944185,NewYork-82bb,-12,29,Normal
2026-02-08 14:08:04.944185,NewYork-82bb,-23,55,Normal
2026-02-08 14:08:05.944185,NewYork-82bb,44,78,Normal
2026-02-08 14:08:06.944185,NewYork-82bb,9,94,Normal
2026-02-08 14:08:07.944185,NewYork-82bb,34,45,Normal
2026-02-08 14:08:08.944185,NewYork-82bb,-5,66,Normal
2026-02-08 14:08:09.944185,NewYork-82bb,10,46,Normal
2026-02-08 14:08:10.944185,NewYork-82bb,6,60,Normal
2026-02-08 14:08:11.944185,NewYork-82bb,-22,83,Normal
2026-02-08 14:08:12.944185,NewYork-82bb,48,6,Normal
2026-02-08 14:08:13.944185,NewYork-82bb,11,53,Normal
2026-02-08 14:08:14.944185,NewYork-82bb,43,34,Normal
2026-02-08 14:08:15.944185,NewYork-82bb,-2,17,Normal
2026-02-08 14:08:16.944185,NewYork-82bb,46,88,Normal
2026-02-08 14:08:17.944185,NewYork-82bb,41,79,Normal
2026-02-08 14:08:18.944185,NewYork-82bb,5,26,Normal
2026-02-08 14:08:19.944185,NewYork-82bb,50,70,Normal
2026-02-08 14:08:20.944185,NewYork-82bb,13,77,Normal
2026-02-08 14:08:21.944185,NewYork-82bb,35,73,Normal
2026-02-08 14:08:22.944185,NewYork-82bb,40,5,Normal
2026-02-08 14:08:23.944185,NewYork-82bb,-6,45,Normal
2026-02-08 14:08:24.944185,NewYork-82bb,-25,5,Normal
2026-02-08 14:08:25.944185,NewYork-82bb,-19,97,Normal
2026-02-08 14:08:26.944185,NewYork-82bb,-25,60,Normal
2026-02-08 14:08:27.944185,NewYork-82bb,9,26,Normal
2026-02-08 14:08:28.944185,NewYork-82bb,35,58,Normal
2026-02-08 14:08:29.944185,NewYork-82bb,-16,65,Normal
2026-02-08 14:08:30.944185,NewYork-82bb,-21,19,Normal
2026-02-08 14:08:31.944185,NewYork-82bb,24,1,Normal
2026-02-08 14:08:32.944185,NewYork-82bb,27,14,Normal
2026-02-08 14:08:33.944185,NewYork-82bb,36,24,Normal
2026-02-08 14:08:34.944185,NewYork-82bb,-3,57,Normal
2026-02-08 14:08:35.944185,NewYork-82bb,-16,69,Normal
2026-02-08 14:08:36.944185,NewYork-82bb,37,16,Normal
2026-02-08 14:08:37.944185,NewYork-82bb,48,78,Normal
2026-02-08 14:08:38.944185,NewYork-82bb,-18,34,Normal
2026-02-08 14:08:39.944185,NewYork-82bb,-24,86,Normal
2026-02-08 14:08:40.944185,NewYork-82bb,-3,41,Normal
2026-02-08 14:08:41.944185,NewYork-82bb,-22,55,Normal
2026-02-08 14:08:42.944185,NewYork-82bb,17,42,Normal
2026-02-08 14:08:43.944185,NewYork-82bb,5,85,Normal
2026-02-08 14:08:44.944185,NewYork-82bb,48,25,Normal
2026-02-08 14:08:45.944185,NewYork-82bb,-9,2,Normal
2026-02-08 14:08:46.944185,NewYork-82bb,-3,60,Normal
2026-02-08 14:08:47.944185,NewYork-82bb,2,9,Normal
2026-02-08 14:08:48.944185,NewYork-82bb,45,11,Normal
2026-02-08 14:08:49.944185,NewYork-82bb,-22,45,Normal
2026-02-08 14:08:50.944185,NewYork-82bb,-6,95,Normal
2026-02-08 14:08:51.944185,NewYork-82bb,19,22,Normal
2026-02-08 14:08:52.944185,NewYork-82bb,42,19,Normal
2026-02-08 14:08:53.944185,NewYork-82bb,16,18,Normal
2026-02-08 14:08:54.944185,NewYork-82bb,15,16,Normal
2026-02-08 14:08:55.944185,NewYork-82bb,12,11,Normal
2026-02-08 14:08:56.944185,NewYork-82bb,-30,56,Normal
2026-02-08 14:08:57.944185,NewYork-82bb,-9,62,Normal
2026-02-08 14:08:58.944185,NewYork-82bb,10,29,Normal
2026-02-08 14:08:59.944185,NewYork-82bb,-27,30,Normal
2026-02-08 14:09:00.944185,NewYork-82bb,1,55,Normal
2026-02-08 14:09:01.944185,NewYork-82bb,27,79,Normal
2026-02-08 14:09:02.944185,NewYork-82bb,1,33,Normal
2026-02-08 14:09:03.944185,NewYork-82bb,-23,2,Normal
2026-02-08 14:09:04.944185,NewYork-82bb,23,30,Normal
2026-02-08 14:09:05.944185,NewYork-82bb,13,92,Normal
2026-02-08 14:09:06.944185,NewYork-82bb,17,15,Normal
2026-02-08 14:09:07.944185,NewYork-82bb,9,41,Normal
2026-02-08 14:09:08.944185,NewYork-82bb,-22,75,Normal
2026-02-08 14:09:09.944185,NewYork-82bb,37,48,Normal
2026-02-08 14:09:10.944185,NewYork-82bb,15,13,Normal
2026-02-08 14:09:11.944185,NewYork-82bb,9,23,Normal
2026-02-08 14:09:12.944185,NewYork-82bb,-6,87,Normal
2026-02-08 14:09:13.944185,NewYork-82bb,-24,33,Normal
2026-02-08 14:09:14.944185,NewYork-82bb,39,100,Normal
2026-02-08 14:09:15.944185,NewYork-82bb,-19,99,Normal
2026-02-08 14:09:16.944185,NewYork-82bb,5,63,Normal
2026-02-08 14:09:17.944185,NewYork-82bb,-18,67,Normal
2026-02-08 14:09:18.944185,NewYork-82bb,29,59,Normal
2026-02-08 14:09:19.944185,NewYork-82bb,26,20,Normal
2026-02-08 14:09:20.944185,NewYork-82bb,40,36,Normal
2026-02-08 14:09:21.944185,NewYork-82bb,-20,14,Normal
2026-02-08 14:09:22.944185,NewYork-82bb,13,81,Normal
2026-02-08 14:09:23.944185,NewYork-82bb,-5,99,Normal
2026-02-08 14:09:24.944185,NewYork-82bb,1,11,Normal
2026-02-08 14:09:25.944185,NewYork-82bb,-28,88,Normal
2026-02-08 14:09:26.944185,NewYork-82bb,46,12,Normal
2026-02-08 14:09:27.944185,NewYork-82bb,-7,26,Normal
2026-02-08 14:09:28.944185,NewYork-82bb,38,16,Normal
2026-02-08 14:09:29.944185,NewYork-82bb,1,29,Normal
2026-02-08 14:09:30.944185,NewYork-82bb,-22,81,Normal
2026-02-08 14:09:31.944185,NewYork-82bb,38,53,Normal
2026-02-08 14:09:32.944185,NewYork-82bb,-8,44,Normal
2026-02-08 14:09:33.944185,NewYork-82bb,-27,31,Normal
2026-02-08 14:09:34.944185,NewYork-82bb,42,72,Normal
2026-02-08 14:09:35.944185,NewYork-82bb,-14,83,Normal
2026-02-08 14:09:36.944185,NewYork-82bb,2,89,Normal
2026-02-08 14:09:37.944185,NewYork-82bb,-14,56,Normal
2026-02-08 14:09:38.944185,NewYork-82bb,-8,32,Normal
2026-02-08 14:09:39.944185,NewYork-82bb,-25,82,Normal
2026-02-08 14:09:40.944185,NewYork-82bb,-12,83,Normal
2026-02-08 14:09:41.944185,NewYork-82bb,-20,26,Normal
2026-02-08 14:09:42.944185,NewYork-82bb,20,100,Normal
2026-02-08 14:09:43.944185,NewYork-82bb,48,6,Normal
2026-02-08 14:09:44.944185,NewYork-82bb,15,52,Normal
2026-02-08 14:09:45.944185,NewYork-82bb,15,29,Normal
2026-02-08 14:09:46.944185,NewYork-82bb,-9,57,Normal
2026-02-08 14:09:47.944185,NewYork-82bb,34,81,Normal
2026-02-08 14:09:48.944185,NewYork-82bb,-12,60,Normal
2026-02-08 14:09:49.944185,NewYork-82bb,27,7,Normal
2026-02-08 14:09:50.944185,NewYork-82bb,-30,54,Normal
2026-02-08 14:09:51.944185,NewYork-82bb,11,90,Normal
2026-02-08 14:09:52.944185,NewYork-82bb,0,27,Normal
2026-02-08 14:09:53.944185,NewYork-82bb,20,8,Normal
2026-02-08 14:09:54.944185,NewYork-82bb,38,70,Normal
2026-02-08 14:09:55.944185,NewYork-82bb,-23,45,Normal
2026-02-08 14:09:56.944185,NewYork-82bb,1,55,Normal
2026-02-08 14:09:57.944185,NewYork-82bb,39,89,Normal
2026-02-08 14:09:58.944185,NewYork-82bb,21,92,Normal
2026-02-08 14:09:59.944185,NewYork-82bb,-23,62,Normal
2026-02-08 14:10:00.944185,NewYork-82bb,-15,22,Normal
2026-02-08 14:10:01.944185,NewYork-82bb,-23,72,Normal
2026-02-08 14:10:02.944185,NewYork-82bb,-15,89,Normal
2026-02-08 14:10:03.944185,NewYork-82bb,-6,77,Normal
2026-02-08 14:10:04.944185,NewYork-82bb,50,39,Normal
2026-02-08 14:10:05.944185,NewYork-82bb,49,8,Normal
2026-02-08 14:10:06.944185,NewYork-82bb,46,22,Normal
2026-02-08 14:10:07.944185,NewYork-82bb,16,98,Normal
2026-02-08 14:10:08.944185,NewYork-82bb,-23,17,Normal
2026-02-08 14:10:09.944185,NewYork-82bb,11,53,Normal
2026-02-08 14:10:10.944185,NewYork-82bb,-20,32,Normal
2026-02-08 14:10:11.944185,NewYork-82bb,16,8,Normal
2026-02-08 14:10:12.944185,NewYork-82bb,4,44,Normal
2026-02-08 14:10:13.944185,NewYork-82bb,-3,29,Normal
2026-02-08 14:10:14.944185,NewYork-82bb,7,74,Normal
2026-02-08 14:10:15.944185,NewYork-82bb,15,1,Normal
2026-02-08 14:10:16.944185,NewYork-82bb,13,35,Normal
2026-02-08 14:10:17.944185,NewYork-82bb,-30,100,Normal
2026-02-08 14:10:18.944185,NewYork-82bb,-13,2,Normal
2026-02-08 14:10:19.944185,NewYork-82bb,46,25,Normal
2026-02-08 14:10:20.944185,NewYork-82bb,-24,94,Normal
2026-02-08 14:10:21.944185,NewYork-82bb,29,40,Normal
2026-02-08 14:10:22.944185,NewYork-82bb,-28,0,Normal
2026-02-08 14:10:23.944185,NewYork-82bb,-13,30,Normal
2026-02-08 14:10:24.944185,NewYork-82bb,10,81,Normal
2026-02-08 14:10:25.944185,NewYork-82bb,49,63,Normal
2026-02-08 14:10:26.944185,NewYork-82bb,3,3,Normal
2026-02-08 14:10:27.944185,NewYork-82bb,32,72,Normal
2026-02-08 14:10:28.944185,NewYork-82bb,-15,90,Normal
2026-02-08 14:10:29.944185,NewYork-82bb,-10,62,Normal
2026-02-08 14:10:30.944185,NewYork-82bb,47,50,Normal
2026-02-08 14:10:31.944185,NewYork-82bb,1,12,Normal
2026-02-08 14:10:32.944185,NewYork-82bb,-21,14,Normal
2026-02-08 14:10:33.944185,NewYork-82bb,7,97,Normal
2026-02-08 14:10:34.944185,NewYork-82bb,46,17,Normal
2026-02-08 14:10:35.944185,NewYork-82bb,33,89,Normal
2026-02-08 14:10:36.944185,NewYork-82bb,36,71,Normal
2026-02-08 14:10:37.944185,NewYork-82bb,-7,80,Normal
2026-02-08 14:10:38.944185,NewYork-82bb,28,33,Normal
2026-02-08 14:10:39.944185,NewYork-82bb,34,21,Normal
2026-02-08 14:10:40.944185,NewYork-82bb,-4,38,Normal
2026-02-08 14:10:41.944185,NewYork-82bb,9,23,Normal
2026-02-08 14:10:42.944185,NewYork-82bb,9,93,Normal
2026-02-08 14:10:43.944185,NewYork-82bb,22,3,Normal
2026-02-08 14:10:44.944185,NewYork-82bb,30,26,Normal
2026-02-08 14:10:45.944185,NewYork-82bb,-17,58,Normal
2026-02-08 14:10:46.944185,NewYork-82bb,-11,97,Normal
2026-02-08 14:10:47.944185,NewYork-82bb,-14,13,Normal
2026-02-08 14:10:48.944185,NewYork-82bb,41,89,Normal
2026-02-08 14:10:49.944185,NewYork-82bb,11,97,Normal
2026-02-08 14:10:50.944185,NewYork-82bb,16,33,Normal
2026-02-08 14:10:51.944185,NewYork-82bb,45,11,Normal
2026-02-08 14:10:52.944185,NewYork-82bb,30,66,Normal
2026-02-08 14:10:53.944185,NewYork-82bb,49,60,Normal
2026-02-08 14:10:54.944185,NewYork-82bb,37,19,Normal
2026-02-08 14:10:55.944185,NewYork-82bb,-3,66,Normal
2026-02-08 14:10:56.944185,NewYork-82bb,-28,55,Normal
2026-02-08 14:10:57.944185,NewYork-82bb,-11,38,Normal
2026-02-08 14:10:58.944185,NewYork-82bb,12,90,Normal
2026-02-08 14:10:59.944185,NewYork-82bb,7,52,Normal
2026-02-08 14:11:00.944185,NewYork-82bb,5,8,Normal
2026-02-08 14:11:01.944185,NewYork-82bb,18,47,Normal
2026-02-08 14:11:02.944185,NewYork-82bb,35,41,Normal
2026-02-08 14:11:03.944185,NewYork-82bb,-8,87,Normal
2026-02-08 14:11:04.944185,NewYork-82bb,-24,93,Normal
2026-02-08 14:11:05.944185,NewYork-82bb,24,14,Normal
2026-02-08 14:11:06.944185,NewYork-82bb,10,78,Normal
2026-02-08 14:11:07.944185,NewYork-82bb,-28,6,Normal
2026-02-08 14:11:08.944185,NewYork-82bb,46,43,Normal
2026-02-08 14:11:09.944185,NewYork-82bb,-28,86,Normal
2026-02-08 14:11:10.944185,NewYork-82bb,-26,75,Normal
2026-02-08 14:11:11.944185,NewYork-82bb,11,47,Normal
2026-02-08 14:11:12.944185,NewYork-82bb,-1,74,Normal
2026-02-08 14:11:13.944185,NewYork-82bb,48,14,Normal
2026-02-08 14:11:14.944185,NewYork-82bb,41,84,Normal
2026-02-08 14:11:15.944185,NewYork-82bb,-16,48,Normal
2026-02-08 14:11:16.944185,NewYork-82bb,14,52,Normal
2026-02-08 14:11:17.944185,NewYork-82bb,22,92,Normal
2026-02-08 14:11:18.944185,NewYork-82bb,-28,81,Normal
2026-02-08 14:11:19.944185,NewYork-82bb,-25,23,Normal
2026-02-08 14:11:20.944185,NewYork-82bb,-20,36,Normal
2026-02-08 14:11:21.944185,NewYork-82bb,16,52,Normal
2026-02-08 14:11:22.944185,NewYork-82bb,36,98,Normal
2026-02-08 14:11:23.944185,NewYork-82bb,19,26,Normal
2026-02-08 14:11:24.944185,NewYork-82bb,-12,71,Normal
2026-02-08 14:11:25.944185,NewYork-82bb,-10,61,Normal
2026-02-08 14:11:26.944185,NewYork-82bb,37,61,Normal
2026-02-08 14:11:27.944185,NewYork-82bb,36,22,Normal
2026-02-08 14:11:28.944185,NewYork-82bb,11,62,Normal
2026-02-08 14:11:29.944185,NewYork-82bb,-14,97,Normal
2026-02-08 14:11:30.944185,NewYork-82bb,35,25,Normal
2026-02-08 14:11:31.944185,NewYork-82bb,43,1,Normal
2026-02-08 14:11:32.944185,NewYork-82bb,-17,5,Normal
2026-02-08 14:11:33.944185,NewYork-82bb,14,53,Normal
2026-02-08 14:11:34.944185,NewYork-82bb,25,3,Normal
2026-02-08 14:11:35.944185,NewYork-82bb,14,52,Normal
2026-02-08 14:11:36.944185,NewYork-82bb,38,35,Normal
2026-02-08 14:11:37.944185,NewYork-82bb,8,55,Normal
2026-02-08 14:11:38.944185,NewYork-82bb,37,1,Normal
2026-02-08 14:11:39.944185,NewYork-82bb,39,58,Normal
2026-02-08 14:11:40.944185,NewYork-82bb,41,33,Normal
2026-02-08 14:11:41.944185,NewYork-82bb,-4,34,Normal
2026-02-08 14:11:42.944185,NewYork-82bb,4,93,Normal
2026-02-08 14:11:43.944185,NewYork-82bb,48,99,Normal
2026-02-08 14:11:44.944185,NewYork-82bb,27,94,Normal
2026-02-08 14:11:45.944185,NewYork-82bb,30,64,Normal
2026-02-08 14:11:46.944185,NewYork-82bb,33,85,Normal
2026-02-08 14:11:47.944185,NewYork-82bb,-30,100,Normal
2026-02-08 14:11:48.944185,NewYork-82bb,-7,9,Normal
2026-02-08 14:11:49.944185,NewYork-82bb,13,11,Normal
2026-02-08 14:11:50.944185,NewYork-82bb,-4,26,Normal
2026-02-08 14:11:51.944185,NewYork-82bb,-13,46,Normal
2026-02-08 14:11:52.944185,NewYork-82bb,24,94,Normal
2026-02-08 14:11:53.944185,NewYork-82bb,24,0,Normal
2026-02-08 14:11:54.944185,NewYork-82bb,-20,61,Normal
2026-02-08 14:11:55.944185,NewYork-82bb,-5,16,Normal
2026-02-08 14:11:56.944185,NewYork-82bb,44,4,Normal
2026-02-08 14:11:57.944185,NewYork-82bb,-4,63,Normal
2026-02-08 14:11:58.944185,NewYork-82bb,-25,69,Normal
2026-02-08 14:11:59.944185,NewYork-82bb,-27,40,Normal
2026-02-08 14:12:00.944185,NewYork-82bb,-30,90,Normal
2026-02-08 14:12:01.944185,NewYork-82bb,-19,36,Normal
2026-02-08 14:12:02.944185,NewYork-82bb,48,70,Normal
2026-02-08 14:12:03.944185,NewYork-82bb,49,13,Normal
2026-02-08 14:12:04.944185,NewYork-82bb,-17,69,Normal
2026-02-08 14:12:05.944185,NewYork-82bb,-1,44,Normal
2026-02-08 14:12:06.944185,NewYork-82bb,17,17,Normal
2026-02-08 14:12:07.944185,NewYork-82bb,-14,64,Normal
2026-02-08 14:12:08.944185,NewYork-82bb,24,8,Normal
2026-02-08 14:12:09.944185,NewYork-82bb,13,1,Normal
2026-02-08 14:12:10.944185,NewYork-82bb,-28,96,Normal
2026-02-08 14:12:11.944185,NewYork-82bb,18,11,Normal
2026-02-08 14:12:12.944185,NewYork-82bb,41,99,Normal
2026-02-08 14:12:13.944185,NewYork-82bb,34,19,Normal
2026-02-08 14:12:14.944185,NewYork-82bb,-13,43,Normal
2026-02-08 14:12:15.944185,NewYork-82bb,32,71,Normal
2026-02-08 14:12:16.944185,NewYork-82bb,11,26,Normal
2026-02-08 14:12:17.944185,NewYork-82bb,-9,15,Normal
2026-02-08 14:12:18.944185,NewYork-82bb,-30,86,Normal
2026-02-08 14:12:19.944185,NewYork-82bb,31,74,Normal
2026-02-08 14:12:20.944185,NewYork-82bb,49,89,Normal
2026-02-08 14:12:21.944185,NewYork-82bb,45,37,Normal
2026-02-08 14:12:22.944185,NewYork-82bb,4,24,Normal
2026-02-08 14:12:23.944185,NewYork-82bb,39,4,Normal
2026-02-08 14:12:24.944185,NewYork-82bb,-11,14,Normal
2026-02-08 14:12:25.944185,NewYork-82bb,8,19,Normal
2026-02-08 14:12:26.944185,NewYork-82bb,-10,44,Normal
2026-02-08 14:12:27.944185,NewYork-82bb,-10,84,Normal
2026-02-08 14:12:28.944185,NewYork-82bb,46,55,Normal
2026-02-08 14:12:29.944185,NewYork-82bb,-26,63,Normal
2026-02-08 14:12:30.944185,NewYork-82bb,44,7,Normal
2026-02-08 14:12:31.944185,NewYork-82bb,-21,80,Normal
2026-02-08 14:12:32.944185,NewYork-82bb,-14,28,Normal
2026-02-08 14:12:33.944185,NewYork-82bb,10,45,Normal
2026-02-08 14:12:34.944185,NewYork-82bb,18,68,Normal
2026-02-08 14:12:35.944185,NewYork-82bb,-21,42,Normal
2026-02-08 14:12:36.944185,NewYork-82bb,35,17,Normal
2026-02-08 14:12:37.944185,NewYork-82bb,13,16,Normal
2026-02-08 14:12:38.944185,NewYork-82bb,1,59,Normal
2026-02-08 14:12:39.944185,NewYork-82bb,36,4,Normal
2026-02-08 14:12:40.944185,NewYork-82bb,-21,100,Normal
2026-02-08 14:12:41.944185,NewYork-82bb,-2,94,Normal
2026-02-08 14:12:42.944185,NewYork-82bb,19,16,Normal
2026-02-08 14:12:43.944185,NewYork-82bb,13,10,Normal
2026-02-08 14:12:44.944185,NewYork-82bb,19,18,Normal
2026-02-08 14:12:45.944185,NewYork-82bb,50,74,Normal
2026-02-08 14:12:46.944185,NewYork-82bb,-13,10,Normal
2026-02-08 14:12:47.944185,NewYork-82bb,39,59,Normal
2026-02-08 14:12:48.944185,NewYork-82bb,-15,70,Normal
2026-02-08 14:12:49.944185,NewYork-82bb,29,75,Normal
2026-02-08 14:12:50.944185,NewYork-82bb,50,18,Normal
2026-02-08 14:12:51.944185,NewYork-82bb,-28,91,Normal
2026-02-08 14:12:52.944185,NewYork-82bb,14,34,Normal
2026-02-08 14:12:53.944185,NewYork-82bb,-8,3,Normal
2026-02-08 14:12:54.944185,NewYork-82bb,10,42,Normal
2026-02-08 14:12:55.944185,NewYork-82bb,34,53,Normal
2026-02-08 14:12:56.944185,NewYork-82bb,37,40,Normal
2026-02-08 14:12:57.944185,NewYork-82bb,44,8,Normal
2026-02-08 14:12:58.944185,NewYork-82bb,-24,100,Normal
2026-02-08 14:12:59.944185,NewYork-82bb,9,37,Normal
2026-02-08 14:13:00.944185,NewYork-82bb,43,0,Normal
2026-02-08 14:13:01.944185,NewYork-82bb,23,13,Normal
2026-02-08 14:13:02.944185,NewYork-82bb,-7,84,Normal
2026-02-08 14:13:03.944185,NewYork-82bb,-8,23,Normal
2026-02-08 14:13:04.944185,NewYork-82bb,38,50,Normal
2026-02-08 14:13:05.944185,NewYork-82bb,33,60,Normal
2026-02-08 14:13:06.944185,NewYork-82bb,-22,10,Normal
2026-02-08 14:13:07.944185,NewYork-82bb,20,55,Normal
2026-02-08 14:13:08.944185,NewYork-82bb,29,12,Normal
2026-02-08 14:13:09.944185,NewYork-82bb,2,32,Normal
2026-02-08 14:13:10.944185,NewYork-82bb,-24,5,Normal
2026-02-08 14:13:11.944185,NewYork-82bb,49,61,Normal
2026-02-08 14:13:12.944185,NewYork-82bb,25,77,Normal
2026-02-08 14:13:13.944185,NewYork-82bb,-27,68,Normal
2026-02-08 14:13:14.944185,NewYork-82bb,-26,88,Normal
2026-02-08 14:13:15.944185,NewYork-82bb,7,58,Normal
2026-02-08 14:13:16.944185,NewYork-82bb,40,36,Normal
2026-02-08 14:13:17.944185,NewYork-82bb,-30,58,Normal
2026-02-08 14:13:18.944185,NewYork-82bb,-1,55,Normal
2026-02-08 14:13:19.944185,NewYork-82bb,-16,25,Normal
2026-02-08 14:13:20.944185,NewYork-82bb,13,92,Normal
2026-02-08 14:13:21.944185,NewYork-82bb,43,48,Normal
2026-02-08 14:13:22.944185,NewYork-82bb,-30,55,Normal
2026-02-08 14:13:23.944185,NewYork-82bb,2,4,Normal
2026-02-08 14:13:24.944185,NewYork-82bb,30,16,Normal
2026-02-08 14:13:25.944185,NewYork-82bb,38,22,Normal
2026-02-08 14:13:26.944185,NewYork-82bb,46,81,Normal
2026-02-08 14:13:27.944185,NewYork-82bb,37,44,Normal
2026-02-08 14:13:28.944185,NewYork-82bb,-14,83,Normal
2026-02-08 14:13:29.944185,NewYork-82bb,19,81,Normal
2026-02-08 14:13:30.944185,NewYork-82bb,38,35,Normal
2026-02-08 14:13:31.944185,NewYork-82bb,19,32,Normal
2026-02-08 14:13:32.944185,NewYork-82bb,-30,41,Normal
2026-02-08 14:13:33.944185,NewYork-82bb,-7,97,Normal
2026-02-08 14:13:34.944185,NewYork-82bb,-21,97,Normal
2026-02-08 14:13:35.944185,NewYork-82bb,-9,52,Normal
2026-02-08 14:13:36.944185,NewYork-82bb,19,11,Normal
2026-02-08 14:13:37.944185,NewYork-82bb,-28,25,Normal
2026-02-08 14:13:38.944185,NewYork-82bb,-9,65,Normal
2026-02-08 14:13:39.944185,NewYork-82bb,2,46,Normal
2026-02-08 14:13:40.944185,NewYork-82bb,33,56,Normal
2026-02-08 14:13:41.944185,NewYork-82bb,40,81,Normal
2026-02-08 14:13:42.944185,NewYork-82bb,-30,88,Normal
2026-02-08 14:13:43.944185,NewYork-82bb,-7,39,Normal
2026-02-08 14:13:44.944185,NewYork-82bb,12,59,Normal
2026-02-08 14:13:45.944185,NewYork-82bb,48,11,Normal
2026-02-08 14:13:46.944185,NewYork-82bb,-8,43,Normal
2026-02-08 14:13:47.944185,NewYork-82bb,12,40,Normal
2026-02-08 14:13:48.944185,NewYork-82bb,34,6,Normal
2026-02-08 14:13:49.944185,NewYork-82bb,5,38,Normal
2026-02-08 14:13:50.944185,NewYork-82bb,-19,5,Normal
2026-02-08 14:13:51.944185,NewYork-82bb,9,33,Normal
2026-02-08 14:13:52.944185,NewYork-82bb,-5,56,Normal
2026-02-08 14:13:53.944185,NewYork-82bb,-24,73,Normal
2026-02-08 14:13:54.944185,NewYork-82bb,14,85,Normal
2026-02-08 14:13:55.944185,NewYork-82bb,40,27,Normal
2026-02-08 14:13:56.944185,NewYork-82bb,44,52,Normal
2026-02-08 14:13:57.944185,NewYork-82bb,-26,53,Normal
2026-02-08 14:13:58.944185,NewYork-82bb,35,31,Normal
2026-02-08 14:13:59.944185,NewYork-82bb,50,99,Normal
2026-02-08 14:14:00.944185,NewYork-82bb,-17,50,Normal
2026-02-08 14:14:01.944185,NewYork-82bb,-19,8,Normal
2026-02-08 14:14:02.944185,NewYork-82bb,20,12,Normal
2026-02-08 14:14:03.944185,NewYork-82bb,12,41,Normal
2026-02-08 14:14:04.944185,NewYork-82bb,-5,91,Normal
2026-02-08 14:14:05.944185,NewYork-82bb,-25,22,Normal
2026-02-08 14:14:06.944185,NewYork-82bb,19,10,Normal
2026-02-08 14:14:07.944185,NewYork-82bb,50,72,Normal
2026-02-08 14:14:08.944185,NewYork-82bb,-17,83,Normal
2026-02-08 14:14:09.944185,NewYork-82bb,-5,87,Normal
2026-02-08 14:14:10.944185,NewYork-82bb,-3,21,Normal
2026-02-08 14:14:11.944185,NewYork-82bb,11,99,Normal
2026-02-08 14:14:12.944185,NewYork-82bb,-22,7,Normal
2026-02-08 14:14:13.944185,NewYork-82bb,31,45,Normal
2026-02-08 14:14:14.944185,NewYork-82bb,26,50,Normal
2026-02-08 14:14:15.944185,NewYork-82bb,-30,31,Normal
2026-02-08 14:14:16.944185,NewYork-82bb,25,67,Normal
2026-02-08 14:14:17.944185,NewYork-82bb,3,52,Normal
2026-02-08 14:14:18.944185,NewYork-82bb,21,38,Normal
2026-02-08 14:14:19.944185,NewYork-82bb,-12,22,Normal
2026-02-08 14:14:20.944185,NewYork-82bb,22,80,Normal
2026-02-08 14:14:21.944185,NewYork-82bb,10,17,Normal
2026-02-08 14:14:22.944185,NewYork-82bb,-3,30,Normal
2026-02-08 14:14:23.944185,NewYork-82bb,-26,20,Normal
2026-02-08 14:14:24.944185,NewYork-82bb,16,54,Normal
2026-02-08 14:14:25.944185,NewYork-82bb,17,59,Normal
2026-02-08 14:14:26.944185,NewYork-82bb,40,36,Normal
2026-02-08 14:14:27.944185,NewYork-82bb,-8,22,Normal
2026-02-08 14:14:28.944185,NewYork-82bb,21,72,Normal
2026-02-08 14:14:29.944185,NewYork-82bb,-12,66,Normal
2026-02-08 14:14:30.944185,NewYork-82bb,-21,84,Normal
2026-02-08 14:14:31.944185,NewYork-82bb,-4,3,Normal
2026-02-08 14:14:32.944185,NewYork-82bb,-1,83,Normal
2026-02-08 14:14:33.944185,NewYork-82bb,-27,20,Normal
2026-02-08 14:14:34.944185,NewYork-82bb,10,30,Normal
2026-02-08 14:14:35.944185,NewYork-82bb,42,90,Normal
2026-02-08 14:14:36.944185,NewYork-82bb,-27,74,Normal
2026-02-08 14:14:37.944185,NewYork-82bb,15,87,Normal
2026-02-08 14:14:38.944185,NewYork-82bb,-29,80,Normal
2026-02-08 14:14:39.944185,NewYork-82bb,33,97,Normal
2026-02-08 14:14:40.944185,NewYork-82bb,20,81,Normal
2026-02-08 14:14:41.944185,NewYork-82bb,49,1,Normal
2026-02-08 14:14:42.944185,NewYork-82bb,-23,84,Normal
2026-02-08 14:14:43.944185,NewYork-82bb,31,37,Normal
2026-02-08 14:14:44.944185,NewYork-82bb,14,8,Normal
2026-02-08 14:14:45.944185,NewYork-82bb,-2,2,Normal
2026-02-08 14:14:46.944185,NewYork-82bb,1,28,Normal
2026-02-08 14:14:47.944185,NewYork-82bb,-28,70,Normal
2026-02-08 14:14:48.944185,NewYork-82bb,1,0,Normal
2026-02-08 14:14:49.944185,NewYork-82bb,40,25,Normal
2026-02-08 14:14:50.944185,NewYork-82bb,31,6,Normal
2026-02-08 14:14:51.944185,NewYork-82bb,-25,89,Normal
2026-02-08 14:14:52.944185,NewYork-82bb,18,41,Normal
2026-02-08 14:14:53.944185,NewYork-82bb,-3,60,Normal
2026-02-08 14:14:54.944185,NewYork-82bb,14,7,Normal
2026-02-08 14:14:55.944185,NewYork-82bb,35,70,Normal
2026-02-08 14:14:56.944185,NewYork-82bb,-3,66,Normal
2026-02-08 14:14:57.944185,NewYork-82bb,-29,77,Normal
2026-02-08 14:14:58.944185,NewYork-82bb,27,81,Normal
2026-02-08 14:14:59.944185,NewYork-82bb,32,82,Normal
2026-02-08 14:15:00.944185,NewYork-82bb,20,31,Normal
2026-02-08 14:15:01.944185,NewYork-82bb,50,51,Normal
2026-02-08 14:15:02.944185,NewYork-82bb,-12,70,Normal
2026-02-08 14:15:03.944185,NewYork-82bb,-19,71,Normal
2026-02-08 14:15:04.944185,NewYork-82bb,26,65,Normal
2026-02-08 14:15:05.944185,NewYork-82bb,26,52,Normal
2026-02-08 14:15:06.944185,NewYork-82bb,39,32,Normal
2026-02-08 14:15:07.944185,NewYork-82bb,26,2,Normal
2026-02-08 14:15:08.944185,NewYork-82bb,-16,44,Normal
2026-02-08 14:15:09.944185,NewYork-82bb,32,2,Normal
2026-02-08 14:15:10.944185,NewYork-82bb,-12,66,Normal
2026-02-08 14:15:11.944185,NewYork-82bb,14,24,Normal
2026-02-08 14:15:12.944185,NewYork-82bb,21,14,Normal
2026-02-08 14:15:13.944185,NewYork-82bb,0,60,Normal
2026-02-08 14:15:14.944185,NewYork-82bb,-8,91,Normal
2026-02-08 14:15:15.944185,NewYork-82bb,-9,99,Normal
2026-02-08 14:15:16.944185,NewYork-82bb,34,65,Normal
2026-02-08 14:15:17.944185,NewYork-82bb,20,33,Normal
2026-02-08 14:15:18.944185,NewYork-82bb,13,75,Normal
2026-02-08 14:15:19.944185,NewYork-82bb,27,73,Normal
2026-02-08 14:15:20.944185,NewYork-82bb,-13,27,Normal
2026-02-08 14:15:21.944185,NewYork-82bb,26,56,Normal
2026-02-08 14:15:22.944185,NewYork-82bb,-21,54,Normal
2026-02-08 14:15:23.944185,NewYork-82bb,27,90,Normal
2026-02-08 14:15:24.944185,NewYork-82bb,26,13,Normal
2026-02-08 14:15:25.944185,NewYork-82bb,-16,38,Normal
2026-02-08 14:15:26.944185,NewYork-82bb,-28,38,Normal
2026-02-08 14:15:27.944185,NewYork-82bb,24,80,Normal
2026-02-08 14:15:28.944185,NewYork-82bb,5,72,Normal
2026-02-08 14:15:29.944185,NewYork-82bb,-15,83,Normal
2026-02-08 14:15:30.944185,NewYork-82bb,-5,5,Normal
2026-02-08 14:15:31.944185,NewYork-82bb,-21,74,Normal
2026-02-08 14:15:32.944185,NewYork-82bb,-12,39,Normal
2026-02-08 14:15:33.944185,NewYork-82bb,29,92,Normal
2026-02-08 14:15:34.944185,NewYork-82bb,21,97,Normal
2026-02-08 14:15:35.944185,NewYork-82bb,17,68,Normal
2026-02-08 14:15:36.944185,NewYork-82bb,32,23,Normal
2026-02-08 14:15:37.944185,NewYork-82bb,15,21,Normal
2026-02-08 14:15:38.944185,NewYork-82bb,29,76,Normal
2026-02-08 14:15:39.944185,NewYork-82bb,10,93,Normal
2026-02-08 14:15:40.944185,NewYork-82bb,20,13,Normal
2026-02-08 14:15:41.944185,NewYork-82bb,22,47,Normal
2026-02-08 14:15:42.944185,NewYork-82bb,-26,9,Normal
2026-02-08 14:15:43.944185,NewYork-82bb,32,23,Normal
2026-02-08 14:15:44.944185,NewYork-82bb,19,84,Normal
2026-02-08 14:15:45.944185,NewYork-82bb,-27,19,Normal
2026-02-08 14:15:46.944185,NewYork-82bb,47,43,Normal
2026-02-08 14:15:47.944185,NewYork-82bb,-22,77,Normal
2026-02-08 14:15:48.944185,NewYork-82bb,-8,53,Normal
2026-02-08 14:15:49.944185,NewYork-82bb,46,26,Normal
2026-02-08 14:15:50.944185,NewYork-82bb,-24,22,Normal
2026-02-08 14:15:51.944185,NewYork-82bb,-30,37,Normal
2026-02-08 14:15:52.944185,NewYork-82bb,-17,24,Normal
2026-02-08 14:15:53.944185,NewYork-82bb,45,78,Normal
2026-02-08 14:15:54.944185,NewYork-82bb,-22,9,Normal
2026-02-08 14:15:55.944185,NewYork-82bb,48,64,Normal
2026-02-08 14:15:56.944185,NewYork-82bb,48,32,Normal
2026-02-08 14:15:57.944185,NewYork-82bb,22,79,Normal
2026-02-08 14:15:58.944185,NewYork-82bb,48,45,Normal
2026-02-08 14:15:59.944185,NewYork-82bb,-22,42,Normal
2026-02-08 14:16:00.944185,NewYork-82bb,50,0,Normal
2026-02-08 14:16:01.944185,NewYork-82bb,20,4,Normal
2026-02-08 14:16:02.944185,NewYork-82bb,43,85,Normal
2026-02-08 14:16:03.944185,NewYork-82bb,-3,28,Normal
2026-02-08 14:16:04.944185,NewYork-82bb,-25,1,Normal
2026-02-08 14:16:05.944185,NewYork-82bb,4,66,Normal
2026-02-08 14:16:06.944185,NewYork-82bb,-30,100,Normal
2026-02-08 14:16:07.944185,NewYork-82bb,-1,38,Normal
2026-02-08 14:16:08.944185,NewYork-82bb,39,33,Normal
2026-02-08 14:16:09.944185,NewYork-82bb,-7,74,Normal
2026-02-08 14:16:10.944185,NewYork-82bb,46,49,Normal
2026-02-08 14:16:11.944185,NewYork-82bb,34,77,Normal
2026-02-08 14:16:12.944185,NewYork-82bb,20,72,Normal
2026-02-08 14:16:13.944185,NewYork-82bb,18,57,Normal
2026-02-08 14:16:14.944185,NewYork-82bb,42,90,Normal
2026-02-08 14:16:15.944185,NewYork-82bb,33,46,Normal
2026-02-08 14:16:16.944185,NewYork-82bb,48,46,Normal
2026-02-08 14:16:17.944185,NewYork-82bb,15,7,Normal
2026-02-08 14:16:18.944185,NewYork-82bb,-3,71,Normal
2026-02-08 14:16:19.944185,NewYork-82bb,16,57,Normal
2026-02-08 14:16:20.944185,NewYork-82bb,20,21,Normal
2026-02-08 14:16:21.944185,NewYork-82bb,9,69,Normal
2026-02-08 14:16:22.944185,NewYork-82bb,-30,57,Normal
2026-02-08 14:16:23.944185,NewYork-82bb,21,63,Normal
2026-02-08 14:16:24.944185,NewYork-82bb,46,51,Normal
2026-02-08 14:16:25.944185,NewYork-82bb,7,25,Normal
2026-02-08 14:16:26.944185,NewYork-82bb,10,91,Normal
2026-02-08 14:16:27.944185,NewYork-82bb,42,46,Normal
2026-02-08 14:16:28.944185,NewYork-82bb,-8,32,Normal
2026-02-08 14:16:29.944185,NewYork-82bb,36,50,Normal
2026-02-08 14:16:30.944185,NewYork-82bb,47,50,Normal
2026-02-08 14:16:31.944185,NewYork-82bb,-9,2,Normal
2026-02-08 14:16:32.944185,NewYork-82bb,-5,20,Normal
2026-02-08 14:16:33.944185,NewYork-82bb,10,80,Normal
2026-02-08 14:16:34.944185,NewYork-82bb,-22,36,Normal
2026-02-08 14:16:35.944185,NewYork-82bb,16,35,Normal
2026-02-08 14:16:36.944185,NewYork-82bb,-30,15,Normal
2026-02-08 14:16:37.944185,NewYork-82bb,-9,56,Normal
2026-02-08 14:16:38.944185,NewYork-82bb,18,11,Normal
2026-02-08 14:16:39.944185,NewYork-82bb,-4,56,Normal
2026-02-08 14:16:40.944185,NewYork-82bb,25,61,Normal
2026-02-08 14:16:41.944185,NewYork-82bb,-26,88,Normal
2026-02-08 14:16:42.944185,NewYork-82bb,39,39,Normal
2026-02-08 14:16:43.944185,NewYork-82bb,32,48,Normal
2026-02-08 14:16:44.944185,NewYork-82bb,-12,31,Normal
2026-02-08 14:16:45.944185,NewYork-82bb,-10,34,Normal
2026-02-08 14:16:46.944185,NewYork-82bb,20,66,Normal
2026-02-08 14:16:47.944185,NewYork-82bb,-24,25,Normal
2026-02-08 14:16:48.944185,NewYork-82bb,17,24,Normal
2026-02-08 14:16:49.944185,NewYork-82bb,37,43,Normal
2026-02-08 14:16:50.944185,NewYork-82bb,17,9,Normal
2026-02-08 14:16:51.944185,NewYork-82bb,-8,84,Normal
2026-02-08 14:16:52.944185,NewYork-82bb,13,36,Normal
2026-02-08 14:16:53.944185,NewYork-82bb,-12,76,Normal
2026-02-08 14:16:54.944185,NewYork-82bb,25,1,Normal
2026-02-08 14:16:55.944185,NewYork-82bb,-28,20,Normal
2026-02-08 14:16:56.944185,NewYork-82bb,-25,92,Normal
2026-02-08 14:16:57.944185,NewYork-82bb,43,40,Normal
2026-02-08 14:16:58.944185,NewYork-82bb,8,53,Normal
2026-02-08 14:16:59.944185,NewYork-82bb,48,88,Normal
2026-02-08 14:17:00.944185,NewYork-82bb,-6,49,Normal
2026-02-08 14:17:01.944185,NewYork-82bb,4,3,Normal
2026-02-08 14:17:02.944185,NewYork-82bb,43,60,Normal
2026-02-08 14:17:03.944185,NewYork-82bb,8,78,Normal
2026-02-08 14:17:04.944185,NewYork-82bb,6,54,Normal
2026-02-08 14:17:05.944185,NewYork-82bb,-3,33,Normal
2026-02-08 14:17:06.944185,NewYork-82bb,-15,89,Normal
2026-02-08 14:17:07.944185,NewYork-82bb,29,98,Normal
2026-02-08 14:17:08.944185,NewYork-82bb,49,58,Normal
2026-02-08 14:17:09.944185,NewYork-82bb,21,56,Normal
2026-02-08 14:17:10.944185,NewYork-82bb,-16,1,Normal
2026-02-08 14:17:11.944185,NewYork-82bb,17,58,Normal
2026-02-08 14:17:12.944185,NewYork-82bb,45,43,Normal
2026-02-08 14:17:13.944185,NewYork-82bb,-15,88,Normal
2026-02-08 14:17:14.944185,NewYork-82bb,-2,22,Normal
2026-02-08 14:17:15.944185,NewYork-82bb,11,40,Normal
2026-02-08 14:17:16.944185,NewYork-82bb,3,10,Normal
2026-02-08 14:17:17.944185,NewYork-82bb,6,50,Normal
2026-02-08 14:17:18.944185,NewYork-82bb,2,43,Normal
2026-02-08 14:17:19.944185,NewYork-82bb,32,41,Normal
2026-02-08 14:17:20.944185,NewYork-82bb,38,75,Normal
2026-02-08 14:17:21.944185,NewYork-82bb,43,35,Normal
2026-02-08 14:17:22.944185,NewYork-82bb,15,7,Normal
2026-02-08 14:17:23.944185,NewYork-82bb,11,16,Normal
2026-02-08 14:17:24.944185,NewYork-82bb,-10,48,Normal
2026-02-08 14:17:25.944185,NewYork-82bb,24,7,Normal
2026-02-08 14:17:26.944185,NewYork-82bb,-7,19,Normal
2026-02-08 14:17:27.944185,NewYork-82bb,38,62,Normal
2026-02-08 14:17:28.944185,NewYork-82bb,40,95,Normal
2026-02-08 14:17:29.944185,NewYork-82bb,18,56,Normal
2026-02-08 14:17:30.944185,NewYork-82bb,32,99,Normal
2026-02-08 14:17:31.944185,NewYork-82bb,1,63,Normal
2026-02-08 14:17:32.944185,NewYork-82bb,31,64,Normal
2026-02-08 14:17:33.944185,NewYork-82bb,1,89,Normal
2026-02-08 14:17:34.944185,NewYork-82bb,37,95,Normal
2026-02-08 14:17:35.944185,NewYork-82bb,17,20,Normal
2026-02-08 14:17:36.944185,NewYork-82bb,-9,45,Normal
2026-02-08 14:17:37.944185,NewYork-82bb,18,32,Normal
2026-02-08 14:17:38.944185,NewYork-82bb,38,25,Normal
2026-02-08 14:17:39.944185,NewYork-82bb,-7,36,Normal
2026-02-08 14:17:40.944185,NewYork-82bb,-5,15,Normal
2026-02-08 14:17:41.944185,NewYork-82bb,-10,67,Normal
2026-02-08 14:17:42.944185,NewYork-82bb,2,18,Normal
2026-02-08 14:17:43.944185,NewYork-82bb,45,86,Normal
2026-02-08 14:17:44.944185,NewYork-82bb,-17,57,Normal
2026-02-08 14:17:45.944185,NewYork-82bb,2,31,Normal
2026-02-08 14:17:46.944185,NewYork-82bb,9,75,Normal
2026-02-08 14:17:47.944185,NewYork-82bb,18,54,Normal
2026-02-08 14:17:48.944185,NewYork-82bb,11,22,Normal
2026-02-08 14:17:49.944185,NewYork-82bb,44,63,Normal
2026-02-08 14:17:50.944185,NewYork-82bb,49,5,Normal
2026-02-08 14:17:51.944185,NewYork-82bb,43,31,Normal
2026-02-08 14:17:52.944185,NewYork-82bb,-16,36,Normal
2026-02-08 14:17:53.944185,NewYork-82bb,45,55,Normal
2026-02-08 14:17:54.944185,NewYork-82bb,21,36,Normal
2026-02-08 14:17:55.944185,NewYork-82bb,-4,86,Normal
2026-02-08 14:17:56.944185,NewYork-82bb,12,94,Normal
2026-02-08 14:17:57.944185,NewYork-82bb,30,51,Normal
2026-02-08 14:17:58.944185,NewYork-82bb,31,69,Normal
2026-02-08 14:17:59.944185,NewYork-82bb,38,80,Normal
2026-02-08 14:18:00.944185,NewYork-82bb,-13,82,Normal
2026-02-08 14:18:01.944185,NewYork-82bb,37,86,Normal
2026-02-08 14:18:02.944185,NewYork-82bb,-11,7,Normal
2026-02-08 14:18:03.944185,NewYork-82bb,16,96,Normal
2026-02-08 14:18:04.944185,NewYork-82bb,23,16,Normal
2026-02-08 14:18:05.944185,NewYork-82bb,-17,42,Normal
2026-02-08 14:18:06.944185,NewYork-82bb,19,44,Normal
2026-02-08 14:18:07.944185,NewYork-82bb,-20,93,Normal
2026-02-08 14:18:08.944185,NewYork-82bb,-7,24,Normal
2026-02-08 14:18:09.944185,NewYork-82bb,18,48,Normal
2026-02-08 14:18:10.944185,NewYork-82bb,23,100,Normal
2026-02-08 14:18:11.944185,NewYork-82bb,21,26,Normal
2026-02-08 14:18:12.944185,NewYork-82bb,46,68,Normal
2026-02-08 14:18:13.944185,NewYork-82bb,-19,36,Normal
2026-02-08 14:18:14.944185,NewYork-82bb,48,85,Normal
2026-02-08 14:18:15.944185,NewYork-82bb,-11,35,Normal
2026-02-08 14:18:16.944185,NewYork-82bb,28,100,Normal
2026-02-08 14:18:17.944185,NewYork-82bb,26,87,Normal
2026-02-08 14:18:18.944185,NewYork-82bb,20,98,Normal
2026-02-08 14:18:19.944185,NewYork-82bb,14,27,Normal
2026-02-08 14:18:20.944185,NewYork-82bb,12,92,Normal
2026-02-08 14:18:21.944185,NewYork-82bb,37,12,Normal
2026-02-08 14:18:22.944185,NewYork-82bb,45,27,Normal
2026-02-08 14:18:23.944185,NewYork-82bb,17,30,Normal
2026-02-08 14:18:24.944185,NewYork-82bb,25,71,Normal
2026-02-08 14:18:25.944185,NewYork-82bb,37,77,Normal
2026-02-08 14:18:26.944185,NewYork-82bb,11,77,Normal
2026-02-08 14:18:27.944185,NewYork-82bb,-17,59,Normal
2026-02-08 14:18:28.944185,NewYork-82bb,22,12,Normal
2026-02-08 14:18:29.944185,NewYork-82bb,20,27,Normal
2026-02-08 14:18:30.944185,NewYork-82bb,-3,20,Normal
2026-02-08 14:18:31.944185,NewYork-82bb,-30,73,Normal
2026-02-08 14:18:32.944185,NewYork-82bb,23,61,Normal
2026-02-08 14:18:33.944185,NewYork-82bb,0,10,Normal
2026-02-08 14:18:34.944185,NewYork-82bb,39,52,Normal
2026-02-08 14:18:35.944185,NewYork-82bb,-24,71,Normal
2026-02-08 14:18:36.944185,NewYork-82bb,-26,48,Normal
2026-02-08 14:18:37.944185,NewYork-82bb,28,58,Normal
2026-02-08 14:18:38.944185,NewYork-82bb,4,80,Normal
2026-02-08 14:18:39.944185,NewYork-82bb,22,13,Normal
2026-02-08 14:18:40.944185,NewYork-82bb,48,57,Normal
2026-02-08 14:18:41.944185,NewYork-82bb,29,50,Normal
2026-02-08 14:18:42.944185,NewYork-82bb,36,29,Normal
2026-02-08 14:18:43.944185,NewYork-82bb,-22,74,Normal
2026-02-08 14:18:44.944185,NewYork-82bb,-22,57,Normal
2026-02-08 14:18:45.944185,NewYork-82bb,-21,80,Normal
2026-02-08 14:18:46.944185,NewYork-82bb,-8,41,Normal
2026-02-08 14:18:47.944185,NewYork-82bb,-25,61,Normal
2026-02-08 14:18:48.944185,NewYork-82bb,-15,32,Normal
2026-02-08 14:18:49.944185,NewYork-82bb,-21,56,Normal
2026-02-08 14:18:50.944185,NewYork-82bb,42,38,Normal
2026-02-08 14:18:51.944185,NewYork-82bb,1,8,Normal
2026-02-08 14:18:52.944185,NewYork-82bb,-2,49,Normal
2026-02-08 14:18:53.944185,NewYork-82bb,29,86,Normal
2026-02-08 14:18:54.944185,NewYork-82bb,39,93,Normal
2026-02-08 14:18:55.944185,NewYork-82bb,-14,79,Normal
2026-02-08 14:18:56.944185,NewYork-82bb,-6,67,Normal
2026-02-08 14:18:57.944185,NewYork-82bb,-29,56,Normal
2026-02-08 14:18:58.944185,NewYork-82bb,47,26,Normal
2026-02-08 14:18:59.944185,NewYork-82bb,-13,42,Normal
2026-02-08 14:19:00.944185,NewYork-82bb,30,3,Normal
2026-02-08 14:19:01.944185,NewYork-82bb,50,29,Normal
2026-02-08 14:19:02.944185,NewYork-82bb,8,21,Normal
2026-02-08 14:19:03.944185,NewYork-82bb,34,64,Normal
2026-02-08 14:19:04.944185,NewYork-82bb,22,88,Normal
2026-02-08 14:19:05.944185,NewYork-82bb,8,76,Normal
2026-02-08 14:19:06.944185,NewYork-82bb,13,100,Normal
2026-02-08 14:19:07.944185,NewYork-82bb,30,94,Normal
2026-02-08 14:19:08.944185,NewYork-82bb,46,10,Normal
2026-02-08 14:19:09.944185,NewYork-82bb,33,0,Normal
2026-02-08 14:19:10.944185,NewYork-82bb,24,75,Normal
2026-02-08 14:19:11.944185,NewYork-82bb,-1,20,Normal
2026-02-08 14:19:12.944185,NewYork-82bb,30,27,Normal
2026-02-08 14:19:13.944185,NewYork-82bb,-19,15,Normal
2026-02-08 14:19:14.944185,NewYork-82bb,28,74,Normal
2026-02-08 14:19:15.944185,NewYork-82bb,-18,43,Normal
2026-02-08 14:19:16.944185,NewYork-82bb,35,96,Normal
2026-02-08 14:19:17.944185,NewYork-82bb,16,37,Normal
2026-02-08 14:19:18.944185,NewYork-82bb,9,20,Normal
2026-02-08 14:19:19.944185,NewYork-82bb,47,44,Normal
2026-02-08 14:19:20.944185,NewYork-82bb,-15,69,Normal
2026-02-08 14:19:21.944185,NewYork-82bb,-5,21,Normal
2026-02-08 14:19:22.944185,NewYork-82bb,30,63,Normal
2026-02-08 14:19:23.944185,NewYork-82bb,32,14,Normal
2026-02-08 14:19:24.944185,NewYork-82bb,7,86,Normal
2026-02-08 14:19:25.944185,NewYork-82bb,-7,60,Normal
2026-02-08 14:19:26.944185,NewYork-82bb,20,48,Normal
2026-02-08 14:19:27.944185,NewYork-82bb,-28,89,Normal
2026-02-08 14:19:28.944185,NewYork-82bb,37,46,Normal
2026-02-08 14:19:29.944185,NewYork-82bb,44,0,Normal
2026-02-08 14:19:30.944185,NewYork-82bb,29,76,Normal
2026-02-08 14:19:31.944185,NewYork-82bb,32,17,Normal
2026-02-08 14:19:32.944185,NewYork-82bb,-11,94,Normal
2026-02-08 14:19:33.944185,NewYork-82bb,-10,18,Normal
2026-02-08 14:19:34.944185,NewYork-82bb,-14,17,Normal
2026-02-08 14:19:35.944185,NewYork-82bb,-2,70,Normal
2026-02-08 14:19:36.944185,NewYork-82bb,-14,86,Normal
2026-02-08 14:19:37.944185,NewYork-82bb,48,15,Normal
2026-02-08 14:19:38.944185,NewYork-82bb,11,67,Normal
2026-02-08 14:19:39.944185,NewYork-82bb,-9,54,Normal
2026-02-08 14:19:40.944185,NewYork-82bb,38,78,Normal
2026-02-08 14:19:41.944185,NewYork-82bb,8,36,Normal
2026-02-08 14:19:42.944185,NewYork-82bb,3,61,Normal
2026-02-08 14:19:43.944185,NewYork-82bb,-3,42,Normal
2026-02-08 14:19:44.944185,NewYork-82bb,-20,8,Normal
2026-02-08 14:19:45.944185,NewYork-82bb,22,34,Normal
2026-02-08 14:19:46.944185,NewYork-82bb,7,80,Normal
2026-02-08 14:19:47.944185,NewYork-82bb,23,72,Normal
2026-02-08 14:19:48.944185,NewYork-82bb,25,95,Normal
2026-02-08 14:19:49.944185,NewYork-82bb,50,46,Normal
2026-02-08 14:19:50.944185,NewYork-82bb,5,80,Normal
2026-02-08 14:19:51.944185,NewYork-82bb,31,76,Normal
2026-02-08 14:19:52.944185,NewYork-82bb,-22,0,Normal
2026-02-08 14:19:53.944185,NewYork-82bb,41,45,Normal
2026-02-08 14:19:54.944185,NewYork-82bb,35,17,Normal
2026-02-08 14:19:55.944185,NewYork-82bb,-3,61,Normal
2026-02-08 14:19:56.944185,NewYork-82bb,16,55,Normal
2026-02-08 14:19:57.944185,NewYork-82bb,48,31,Normal
2026-02-08 14:19:58.944185,NewYork-82bb,-23,51,Normal
2026-02-08 14:19:59.944185,NewYork-82bb,10,19,Normal
2026-02-08 14:20:00.944185,NewYork-82bb,-30,100,Normal
2026-02-08 14:20:01.944185,NewYork-82bb,28,80,Normal
2026-02-08 14:20:02.944185,NewYork-82bb,29,41,Normal
2026-02-08 14:20:03.944185,NewYork-82bb,45,92,Normal
2026-02-08 14:20:04.944185,NewYork-82bb,-26,95,Normal
2026-02-08 14:20:05.944185,NewYork-82bb,-12,58,Normal
2026-02-08 14:20:06.944185,NewYork-82bb,44,46,Normal
2026-02-08 14:20:07.944185,NewYork-82bb,-7,77,Normal
2026-02-08 14:20:08.944185,NewYork-82bb,28,43,Normal
2026-02-08 14:20:09.944185,NewYork-82bb,46,77,Normal
2026-02-08 14:20:10.944185,NewYork-82bb,37,97,Normal
2026-02-08 14:20:11.944185,NewYork-82bb,23,94,Normal
2026-02-08 14:20:12.944185,NewYork-82bb,5,36,Normal
2026-02-08 14:20:13.944185,NewYork-82bb,-17,91,Normal
2026-02-08 14:20:14.944185,NewYork-82bb,37,49,Normal
2026-02-08 14:20:15.944185,NewYork-82bb,-9,23,Normal
2026-02-08 14:20:16.944185,NewYork-82bb,-25,17,Normal
2026-02-08 14:20:17.944185,NewYork-82bb,50,10,Normal
2026-02-08 14:20:18.944185,NewYork-82bb,30,41,Normal
2026-02-08 14:20:19.944185,NewYork-82bb,-4,46,Normal
2026-02-08 14:20:20.944185,NewYork-82bb,-20,44,Normal
2026-02-08 14:20:21.944185,NewYork-82bb,34,67,Normal
2026-02-08 14:20:22.944185,NewYork-82bb,45,9,Normal
2026-02-08 14:20:23.944185,NewYork-82bb,-4,92,Normal
2026-02-08 14:20:24.944185,NewYork-82bb,-14,18,Normal
2026-02-08 14:20:25.944185,NewYork-82bb,25,56,Normal
2026-02-08 14:20:26.944185,NewYork-82bb,-12,38,Normal
2026-02-08 14:20:27.944185,NewYork-82bb,-3,58,Normal
2026-02-08 14:20:28.944185,NewYork-82bb,-4,41,Normal
2026-02-08 14:20:29.944185,NewYork-82bb,-23,77,Normal
2026-02-08 14:20:30.944185,NewYork-82bb,-12,66,Normal
2026-02-08 14:20:31.944185,NewYork-82bb,-10,94,Normal
2026-02-08 14:20:32.944185,NewYork-82bb,-9,29,Normal
2026-02-08 14:20:33.944185,NewYork-82bb,-2,15,Normal
2026-02-08 14:20:34.944185,NewYork-82bb,-7,60,Normal
2026-02-08 14:20:35.944185,NewYork-82bb,41,29,Normal
2026-02-08 14:20:36.944185,NewYork-82bb,-18,100,Normal
2026-02-08 14:20:37.944185,NewYork-82bb,6,52,Normal
2026-02-08 14:20:38.944185,NewYork-82bb,46,8,Normal
2026-02-08 14:20:39.944185,NewYork-82bb,-27,74,Normal
2026-02-08 14:20:40.944185,NewYork-82bb,-25,55,Normal
2026-02-08 14:20:41.944185,NewYork-82bb,15,81,Normal
2026-02-08 14:20:42.944185,NewYork-82bb,-9,19,Normal
2026-02-08 14:20:43.944185,NewYork-82bb,-11,55,Normal
2026-02-08 14:20:44.944185,NewYork-82bb,-6,21,Normal
2026-02-08 14:20:45.944185,NewYork-82bb,8,81,Normal
2026-02-08 14:20:46.944185,NewYork-82bb,36,0,Normal
2026-02-08 14:20:47.944185,NewYork-82bb,44,23,Normal
2026-02-08 14:20:48.944185,NewYork-82bb,48,41,Normal
2026-02-08 14:20:49.944185,NewYork-82bb,8,20,Normal
2026-02-08 14:20:50.944185,NewYork-82bb,33,56,Normal
2026-02-08 14:20:51.944185,NewYork-82bb,-20,25,Normal
2026-02-08 14:20:52.944185,NewYork-82bb,50,82,Normal
2026-02-08 14:20:53.944185,NewYork-82bb,34,56,Normal
2026-02-08 14:20:54.944185,NewYork-82bb,13,60,Normal
2026-02-08 14:20:55.944185,NewYork-82bb,-10,96,Normal
2026-02-08 14:20:56.944185,NewYork-82bb,15,97,Normal
2026-02-08 14:20:57.944185,NewYork-82bb,16,39,Normal
2026-02-08 14:20:58.944185,NewYork-82bb,10,36,Normal
2026-02-08 14:20:59.944185,NewYork-82bb,17,11,Normal
2026-02-08 14:21:00.944185,NewYork-82bb,-18,89,Normal
2026-02-08 14:21:01.944185,NewYork-82bb,-5,42,Normal
2026-02-08 14:21:02.944185,NewYork-82bb,16,21,Normal
2026-02-08 14:21:03.944185,NewYork-82bb,-30,37,Normal
2026-02-08 14:21:04.944185,NewYork-82bb,-20,38,Normal
2026-02-08 14:21:05.944185,NewYork-82bb,5,55,Normal
2026-02-08 14:21:06.944185,NewYork-82bb,9,28,Normal
2026-02-08 14:21:07.944185,NewYork-82bb,8,73,Normal
2026-02-08 14:21:08.944185,NewYork-82bb,46,5,Normal
2026-02-08 14:21:09.944185,NewYork-82bb,29,36,Normal
2026-02-08 14:21:10.944185,NewYork-82bb,26,29,Normal
2026-02-08 14:21:11.944185,NewYork-82bb,-15,30,Normal
2026-02-08 14:21:12.944185,NewYork-82bb,38,99,Normal
2026-02-08 14:21:13.944185,NewYork-82bb,5,52,Normal
2026-02-08 14:21:14.944185,NewYork-82bb,0,43,Normal
2026-02-08 14:21:15.944185,NewYork-82bb,0,70,Normal
2026-02-08 14:21:16.944185,NewYork-82bb,-27,84,Normal
2026-02-08 14:21:17.944185,NewYork-82bb,46,24,Normal
2026-02-08 14:21:18.944185,NewYork-82bb,-20,0,Normal
2026-02-08 14:21:19.944185,NewYork-82bb,2,38,Normal
2026-02-08 14:21:20.944185,NewYork-82bb,11,21,Normal
2026-02-08 14:21:21.944185,NewYork-82bb,10,31,Normal
2026-02-08 14:21:22.944185,NewYork-82bb,19,42,Normal
2026-02-08 14:21:23.944185,NewYork-82bb,29,30,Normal
2026-02-08 14:21:24.944185,NewYork-82bb,30,42,Normal
2026-02-08 14:21:25.944185,NewYork-82bb,5,79,Normal
2026-02-08 14:21:26.944185,NewYork-82bb,39,39,Normal
2026-02-08 14:21:27.944185,NewYork-82bb,-9,20,Normal
2026-02-08 14:21:28.944185,NewYork-82bb,46,74,Normal
2026-02-08 14:21:29.944185,NewYork-82bb,15,46,Normal
2026-02-08 14:21:30.944185,NewYork-82bb,15,38,Normal
2026-02-08 14:21:31.944185,NewYork-82bb,45,71,Normal
2026-02-08 14:21:32.944185,NewYork-82bb,-22,40,Normal
2026-02-08 14:21:33.944185,NewYork-82bb,18,99,Normal
2026-02-08 14:21:34.944185,NewYork-82bb,14,72,Normal
2026-02-08 14:21:35.944185,NewYork-82bb,-16,28,Normal
2026-02-08 14:21:36.944185,NewYork-82bb,24,46,Normal
2026-02-08 14:21:37.944185,NewYork-82bb,44,90,Normal
2026-02-08 14:21:38.944185,NewYork-82bb,-3,62,Normal
2026-02-08 14:21:39.944185,NewYork-82bb,46,12,Normal
2026-02-08 14:21:40.944185,NewYork-82bb,-12,32,Normal
2026-02-08 14:21:41.944185,NewYork-82bb,-4,78,Normal
2026-02-08 14:21:42.944185,NewYork-82bb,24,45,Normal
2026-02-08 14:21:43.944185,NewYork-82bb,14,30,Normal
2026-02-08 14:21:44.944185,NewYork-82bb,15,50,Normal
2026-02-08 14:21:45.944185,NewYork-82bb,-28,83,Normal
2026-02-08 14:21:46.944185,NewYork-82bb,9,80,Normal
2026-02-08 14:21:47.944185,NewYork-82bb,11,81,Normal
2026-02-08 14:21:48.944185,NewYork-82bb,22,89,Normal
2026-02-08 14:21:49.944185,NewYork-82bb,10,2,Normal
2026-02-08 14:21:50.944185,NewYork-82bb,49,45,Normal
2026-02-08 14:21:51.944185,NewYork-82bb,24,83,Normal
2026-02-08 14:21:52.944185,NewYork-82bb,7,95,Normal
2026-02-08 14:21:53.944185,NewYork-82bb,41,64,Normal
2026-02-08 14:21:54.944185,NewYork-82bb,-13,33,Normal
2026-02-08 14:21:55.944185,NewYork-82bb,-3,35,Normal
2026-02-08 14:21:56.944185,NewYork-82bb,0,3,Normal
2026-02-08 14:21:57.944185,NewYork-82bb,39,21,Normal
2026-02-08 14:21:58.944185,NewYork-82bb,-17,91,Normal
2026-02-08 14:21:59.944185,NewYork-82bb,-16,84,Normal
2026-02-08 14:22:00.944185,NewYork-82bb,-21,70,Normal
2026-02-08 14:22:01.944185,NewYork-82bb,22,60,Normal
2026-02-08 14:22:02.944185,NewYork-82bb,-7,17,Normal
2026-02-08 14:22:03.944185,NewYork-82bb,33,100,Normal
2026-02-08 14:22:04.944185,NewYork-82bb,5,8,Normal
2026-02-08 14:22:05.944185,NewYork-82bb,10,46,Normal
2026-02-08 14:22:06.944185,NewYork-82bb,20,73,Normal
2026-02-08 14:22:07.944185,NewYork-82bb,35,0,Normal
2026-02-08 14:22:08.944185,NewYork-82bb,-19,8,Normal
2026-02-08 14:22:09.944185,NewYork-82bb,11,20,Normal
2026-02-08 14:22:10.944185,NewYork-82bb,10,2,Normal
2026-02-08 14:22:11.944185,NewYork-82bb,6,45,Normal
2026-02-08 14:22:12.944185,NewYork-82bb,-26,57,Normal
2026-02-08 14:22:13.944185,NewYork-82bb,7,10,Normal
2026-02-08 14:22:14.944185,NewYork-82bb,39,12,Normal
2026-02-08 14:22:15.944185,NewYork-82bb,41,41,Normal
2026-02-08 14:22:16.944185,NewYork-82bb,-25,61,Normal
2026-02-08 14:22:17.944185,NewYork-82bb,32,86,Normal
2026-02-08 14:22:18.944185,NewYork-82bb,-7,38,Normal
2026-02-08 14:22:19.944185,NewYork-82bb,-17,66,Normal
2026-02-08 14:22:20.944185,NewYork-82bb,44,12,Normal
2026-02-08 14:22:21.944185,NewYork-82bb,15,93,Normal
2026-02-08 14:22:22.944185,NewYork-82bb,42,32,Normal
2026-02-08 14:22:23.944185,NewYork-82bb,-7,45,Normal
2026-02-08 14:22:24.944185,NewYork-82bb,12,38,Normal
2026-02-08 14:22:25.944185,NewYork-82bb,2,49,Normal
2026-02-08 14:22:26.944185,NewYork-82bb,26,83,Normal
2026-02-08 14:22:27.944185,NewYork-82bb,19,89,Normal
2026-02-08 14:22:28.944185,NewYork-82bb,45,55,Normal
2026-02-08 14:22:29.944185,NewYork-82bb,-21,5,Normal
2026-02-08 14:22:30.944185,NewYork-82bb,11,11,Normal
2026-02-08 14:22:31.944185,NewYork-82bb,-21,35,Normal
2026-02-08 14:22:32.944185,NewYork-82bb,44,83,Normal
2026-02-08 14:22:33.944185,NewYork-82bb,50,42,Normal
2026-02-08 14:22:34.944185,NewYork-82bb,-4,63,Normal
2026-02-08 14:22:35.944185,NewYork-82bb,16,41,Normal
2026-02-08 14:22:36.944185,NewYork-82bb,47,0,Normal
2026-02-08 14:22:37.944185,NewYork-82bb,42,15,Normal
2026-02-08 14:22:38.944185,NewYork-82bb,10,1,Normal
2026-02-08 14:22:39.944185,NewYork-82bb,35,24,Normal
2026-02-08 14:22:40.944185,NewYork-82bb,-13,42,Normal
2026-02-08 14:22:41.944185,NewYork-82bb,-18,35,Normal
2026-02-08 14:22:42.944185,NewYork-82bb,-29,10,Normal
2026-02-08 14:22:43.944185,NewYork-82bb,3,20,Normal
2026-02-08 14:22:44.944185,NewYork-82bb,-25,23,Normal
2026-02-08 14:22:45.944185,NewYork-82bb,-28,54,Normal
2026-02-08 14:22:46.944185,NewYork-82bb,-12,7,Normal
2026-02-08 14:22:47.944185,NewYork-82bb,7,15,Normal
2026-02-08 14:22:48.944185,NewYork-82bb,-27,63,Normal
2026-02-08 14:22:49.944185,NewYork-82bb,44,14,Normal
2026-02-08 14:22:50.944185,NewYork-82bb,-16,48,Normal
2026-02-08 14:22:51.944185,NewYork-82bb,32,40,Normal
2026-02-08 14:22:52.944185,NewYork-82bb,7,73,Normal
2026-02-08 14:22:53.944185,NewYork-82bb,49,35,Normal
2026-02-08 14:22:54.944185,NewYork-82bb,49,51,Normal
2026-02-08 14:22:55.944185,NewYork-82bb,7,30,Normal
2026-02-08 14:22:56.944185,NewYork-82bb,-18,56,Normal
2026-02-08 14:22:57.944185,NewYork-82bb,25,53,Normal
2026-02-08 14:22:58.944185,NewYork-82bb,-20,8,Normal
2026-02-08 14:22:59.944185,NewYork-82bb,-7,73,Normal
2026-02-08 14:23:00.944185,NewYork-82bb,-10,25,Normal
2026-02-08 14:23:01.944185,NewYork-82bb,-3,34,Normal
2026-02-08 14:23:02.944185,NewYork-82bb,-29,27,Normal
2026-02-08 14:23:03.944185,NewYork-82bb,-18,41,Normal
2026-02-08 14:23:04.944185,NewYork-82bb,-6,21,Normal
2026-02-08 14:23:05.944185,NewYork-82bb,-19,37,Normal
2026-02-08 14:23:06.944185,NewYork-82bb,12,42,Normal
2026-02-08 14:23:07.944185,NewYork-82bb,8,53,Normal
2026-02-08 14:23:08.944185,NewYork-82bb,30,64,Normal
2026-02-08 14:23:09.944185,NewYork-82bb,7,60,Normal
2026-02-08 14:23:10.944185,NewYork-82bb,21,12,Normal
2026-02-08 14:23:11.944185,NewYork-82bb,17,40,Normal
2026-02-08 14:23:12.944185,NewYork-82bb,-4,40,Normal
2026-02-08 14:23:13.944185,NewYork-82bb,36,4,Normal
2026-02-08 14:23:14.944185,NewYork-82bb,-19,77,Normal
2026-02-08 14:23:15.944185,NewYork-82bb,34,16,Normal
2026-02-08 14:23:16.944185,NewYork-82bb,-29,97,Normal
2026-02-08 14:23:17.944185,NewYork-82bb,-16,23,Normal
2026-02-08 14:23:18.944185,NewYork-82bb,5,35,Normal
2026-02-08 14:23:19.944185,NewYork-82bb,4,2,Normal
2026-02-08 14:23:20.944185,NewYork-82bb,27,64,Normal
2026-02-08 14:23:21.944185,NewYork-82bb,-17,81,Normal
2026-02-08 14:23:22.944185,NewYork-82bb,13,97,Normal
2026-02-08 14:23:23.944185,NewYork-82bb,37,80,Normal
2026-02-08 14:23:24.944185,NewYork-82bb,17,77,Normal
2026-02-08 14:23:25.944185,NewYork-82bb,-6,6,Normal
2026-02-08 14:23:26.944185,NewYork-82bb,4,91,Normal
2026-02-08 14:23:27.944185,NewYork-82bb,1,9,Normal
2026-02-08 14:23:28.944185,NewYork-82bb,38,80,Normal
2026-02-08 14:23:29.944185,NewYork-82bb,29,97,Normal
2026-02-08 14:23:30.944185,NewYork-82bb,-15,60,Normal
2026-02-08 14:23:31.944185,NewYork-82bb,36,40,Normal
2026-02-08 14:23:32.944185,NewYork-82bb,45,65,Normal
2026-02-08 14:23:33.944185,NewYork-82bb,-26,78,Normal
2026-02-08 14:23:34.944185,NewYork-82bb,-19,47,Normal
2026-02-08 14:23:35.944185,NewYork-82bb,48,93,Normal
2026-02-08 14:23:36.944185,NewYork-82bb,19,13,Normal
2026-02-08 14:23:37.944185,NewYork-82bb,-29,70,Normal
2026-02-08 14:23:38.944185,NewYork-82bb,-4,37,Normal
2026-02-08 14:23:39.944185,NewYork-82bb,6,42,Normal
2026-02-08 14:23:40.944185,NewYork-82bb,7,55,Normal
2026-02-08 14:23:41.944185,NewYork-82bb,6,20,Normal
2026-02-08 14:23:42.944185,NewYork-82bb,-7,64,Normal
2026-02-08 14:23:43.944185,NewYork-82bb,7,11,Normal
2026-02-08 14:23:44.944185,NewYork-82bb,-8,41,Normal
2026-02-08 14:23:45.944185,NewYork-82bb,-12,55,Normal
2026-02-08 14:23:46.944185,NewYork-82bb,-11,67,Normal
2026-02-08 14:23:47.944185,NewYork-82bb,-27,30,Normal
2026-02-08 14:23:48.944185,NewYork-82bb,44,30,Normal
2026-02-08 14:23:49.944185,NewYork-82bb,41,22,Normal
2026-02-08 14:23:50.944185,NewYork-82bb,43,81,Normal
2026-02-08 14:23:51.944185,NewYork-82bb,-24,89,Normal
2026-02-08 14:23:52.944185,NewYork-82bb,23,97,Normal
2026-02-08 14:23:53.944185,NewYork-82bb,10,84,Normal
2026-02-08 14:23:54.944185,NewYork-82bb,-5,11,Normal
2026-02-08 14:23:55.944185,NewYork-82bb,27,84,Normal
2026-02-08 14:23:56.944185,NewYork-82bb,18,52,Normal
2026-02-08 14:23:57.944185,NewYork-82bb,42,24,Normal
2026-02-08 14:23:58.944185,NewYork-82bb,30,17,Normal
2026-02-08 14:23:59.944185,NewYork-82bb,-20,35,Normal
2026-02-08 14:24:00.944185,NewYork-82bb,49,25,Normal
2026-02-08 14:24:01.944185,NewYork-82bb,28,31,Normal
2026-02-08 14:24:02.944185,NewYork-82bb,-12,16,Normal
2026-02-08 14:24:03.944185,NewYork-82bb,34,89,Normal
2026-02-08 14:24:04.944185,NewYork-82bb,49,78,Normal
2026-02-08 14:24:05.944185,NewYork-82bb,-18,48,Normal
2026-02-08 14:24:06.944185,NewYork-82bb,49,8,Normal
2026-02-08 14:24:07.944185,NewYork-82bb,-25,1,Normal
2026-02-08 14:24:08.944185,NewYork-82bb,-12,96,Normal
2026-02-08 14:24:09.944185,NewYork-82bb,-12,38,Normal
2026-02-08 14:24:10.944185,NewYork-82bb,29,68,Normal
2026-02-08 14:24:11.944185,NewYork-82bb,30,78,Normal
2026-02-08 14:24:12.944185,NewYork-82bb,-8,9,Normal
2026-02-08 14:24:13.944185,NewYork-82bb,38,14,Normal
2026-02-08 14:24:14.944185,NewYork-82bb,41,13,Normal
2026-02-08 14:24:15.944185,NewYork-82bb,14,29,Normal
2026-02-08 14:24:16.944185,NewYork-82bb,-18,13,Normal
2026-02-08 14:24:17.944185,NewYork-82bb,-26,34,Normal
2026-02-08 14:24:18.944185,NewYork-82bb,-9,85,Normal
2026-02-08 14:24:19.944185,NewYork-82bb,35,20,Normal
2026-02-08 14:24:20.944185,NewYork-82bb,21,95,Normal
2026-02-08 14:24:21.944185,NewYork-82bb,36,86,Normal
2026-02-08 14:24:22.944185,NewYork-82bb,33,41,Normal
2026-02-08 14:24:23.944185,NewYork-82bb,-18,10,Normal
2026-02-08 14:24:24.944185,NewYork-82bb,-18,4,Normal
2026-02-08 14:24:25.944185,NewYork-82bb,40,85,Normal
2026-02-08 14:24:26.944185,NewYork-82bb,-11,19,Normal
2026-02-08 14:24:27.944185,NewYork-82bb,34,69,Normal
2026-02-08 14:24:28.944185,NewYork-82bb,26,92,Normal
2026-02-08 14:24:29.944185,NewYork-82bb,-25,78,Normal
2026-02-08 14:24:30.944185,NewYork-82bb,6,28,Normal
2026-02-08 14:24:31.944185,NewYork-82bb,7,6,Normal
2026-02-08 14:24:32.944185,NewYork-82bb,-28,69,Normal
2026-02-08 14:24:33.944185,NewYork-82bb,-11,58,Normal
2026-02-08 14:24:34.944185,NewYork-82bb,4,49,Normal
2026-02-08 14:24:35.944185,NewYork-82bb,16,18,Normal
2026-02-08 14:24:36.944185,NewYork-82bb,13,47,Normal
2026-02-08 14:24:37.944185,NewYork-82bb,24,48,Normal
2026-02-08 14:24:38.944185,NewYork-82bb,-29,89,Normal
2026-02-08 14:24:39.944185,NewYork-82bb,-8,35,Normal
2026-02-08 14:24:40.944185,NewYork-82bb,-7,47,Normal
2026-02-08 14:24:41.944185,NewYork-82bb,17,55,Normal
2026-02-08 14:24:42.944185,NewYork-82bb,-18,2,Normal
2026-02-08 14:24:43.944185,NewYork-82bb,-15,2,Normal
2026-02-08 14:24:44.944185,NewYork-82bb,11,90,Normal
2026-02-08 14:24:45.944185,NewYork-82bb,22,23,Normal
2026-02-08 14:24:46.944185,NewYork-82bb,-6,78,Normal
2026-02-08 14:24:47.944185,NewYork-82bb,26,17,Normal
2026-02-08 14:24:48.944185,NewYork-82bb,19,71,Normal
2026-02-08 14:24:49.944185,NewYork-82bb,-3,75,Normal
2026-02-08 14:24:50.944185,NewYork-82bb,18,54,Normal
2026-02-08 14:24:51.944185,NewYork-82bb,-18,59,Normal
2026-02-08 14:24:52.944185,NewYork-82bb,43,29,Normal
2026-02-08 14:24:53.944185,NewYork-82bb,6,95,Normal
2026-02-08 14:24:54.944185,NewYork-82bb,37,100,Normal
2026-02-08 14:24:55.944185,NewYork-82bb,-18,23,Normal
2026-02-08 14:24:56.944185,NewYork-82bb,37,81,Normal
2026-02-08 14:24:57.944185,NewYork-82bb,-28,71,Normal
2026-02-08 14:24:58.944185,NewYork-82bb,-25,43,Normal
2026-02-08 14:24:59.944185,NewYork-82bb,-18,64,Normal
2026-02-08 14:25:00.944185,NewYork-82bb,-22,37,Normal
2026-02-08 14:25:01.944185,NewYork-82bb,37,41,Normal
2026-02-08 14:25:02.944185,NewYork-82bb,-12,3,Normal
2026-02-08 14:25:03.944185,NewYork-82bb,-29,94,Normal
2026-02-08 14:25:04.944185,NewYork-82bb,0,30,Normal
2026-02-08 14:25:05.944185,NewYork-82bb,-6,23,Normal
2026-02-08 14:25:06.944185,NewYork-82bb,-26,46,Normal
2026-02-08 14:25:07.944185,NewYork-82bb,-19,49,Normal
2026-02-08 14:25:08.944185,NewYork-82bb,27,57,Normal
2026-02-08 14:25:09.944185,NewYork-82bb,20,40,Normal
2026-02-08 14:25:10.944185,NewYork-82bb,30,23,Normal
2026-02-08 14:25:11.944185,NewYork-82bb,-1,89,Normal
2026-02-08 14:25:12.944185,NewYork-82bb,10,47,Normal
2026-02-08 14:25:13.944185,NewYork-82bb,42,81,Normal
2026-02-08 14:25:14.944185,NewYork-82bb,33,49,Normal
2026-02-08 14:25:15.944185,NewYork-82bb,-15,27,Normal
2026-02-08 14:25:16.944185,NewYork-82bb,16,13,Normal
2026-02-08 14:25:17.944185,NewYork-82bb,15,97,Normal
2026-02-08 14:25:18.944185,NewYork-82bb,0,90,Normal
2026-02-08 14:25:19.944185,NewYork-82bb,-28,11,Normal
2026-02-08 14:25:20.944185,NewYork-82bb,36,61,Normal
2026-02-08 14:25:21.944185,NewYork-82bb,5,26,Normal
2026-02-08 14:25:22.944185,NewYork-82bb,-9,68,Normal
2026-02-08 14:25:23.944185,NewYork-82bb,8,55,Normal
2026-02-08 14:25:24.944185,NewYork-82bb,39,35,Normal
2026-02-08 14:25:25.944185,NewYork-82bb,14,38,Normal
2026-02-08 14:25:26.944185,NewYork-82bb,-7,23,Normal
2026-02-08 14:25:27.944185,NewYork-82bb,-25,28,Normal
2026-02-08 14:25:28.944185,NewYork-82bb,13,9,Normal
2026-02-08 14:25:29.944185,NewYork-82bb,42,42,Normal
2026-02-08 14:25:30.944185,NewYork-82bb,-4,23,Normal
2026-02-08 14:25:31.944185,NewYork-82bb,49,41,Normal
2026-02-08 14:25:32.944185,NewYork-82bb,-3,79,Normal
2026-02-08 14:25:33.944185,NewYork-82bb,37,19,Normal
2026-02-08 14:25:34.944185,NewYork-82bb,0,39,Normal
2026-02-08 14:25:35.944185,NewYork-82bb,3,63,Normal
2026-02-08 14:25:36.944185,NewYork-82bb,48,63,Normal
2026-02-08 14:25:37.944185,NewYork-82bb,-4,75,Normal
2026-02-08 14:25:38.944185,NewYork-82bb,40,72,Normal
2026-02-08 14:25:39.944185,NewYork-82bb,-13,5,Normal
2026-02-08 14:25:40.944185,NewYork-82bb,-2,69,Normal
2026-02-08 14:25:41.944185,NewYork-82bb,-23,51,Normal
2026-02-08 14:25:42.944185,NewYork-82bb,-25,63,Normal
2026-02-08 14:25:43.944185,NewYork-82bb,-28,35,Normal
2026-02-08 14:25:44.944185,NewYork-82bb,-22,16,Normal
2026-02-08 14:25:45.944185,NewYork-82bb,48,25,Normal
2026-02-08 14:25:46.944185,NewYork-82bb,33,82,Normal
2026-02-08 14:25:47.944185,NewYork-82bb,9,0,Normal
2026-02-08 14:25:48.944185,NewYork-82bb,-28,45,Normal
2026-02-08 14:25:49.944185,NewYork-82bb,-2,7,Normal
2026-02-08 14:25:50.944185,NewYork-82bb,14,20,Normal
2026-02-08 14:25:51.944185,NewYork-82bb,-2,45,Normal
2026-02-08 14:25:52.944185,NewYork-82bb,29,64,Normal
2026-02-08 14:25:53.944185,NewYork-82bb,50,6,Normal
2026-02-08 14:25:54.944185,NewYork-82bb,-2,50,Normal
2026-02-08 14:25:55.944185,NewYork-82bb,12,1,Normal
2026-02-08 14:25:56.944185,NewYork-82bb,-16,96,Normal
2026-02-08 14:25:57.944185,NewYork-82bb,-16,93,Normal
2026-02-08 14:25:58.944185,NewYork-82bb,23,54,Normal
2026-02-08 14:25:59.944185,NewYork-82bb,26,15,Normal
2026-02-08 14:26:00.944185,NewYork-82bb,50,46,Normal
2026-02-08 14:26:01.944185,NewYork-82bb,2,44,Normal
2026-02-08 14:26:02.944185,NewYork-82bb,21,52,Normal
2026-02-08 14:26:03.944185,NewYork-82bb,29,48,Normal
2026-02-08 14:26:04.944185,NewYork-82bb,2,85,Normal
2026-02-08 14:26:05.944185,NewYork-82bb,-14,29,Normal
2026-02-08 14:26:06.944185,NewYork-82bb,-11,41,Normal
2026-02-08 14:26:07.944185,NewYork-82bb,49,54,Normal
2026-02-08 14:26:08.944185,NewYork-82bb,13,92,Normal
2026-02-08 14:26:09.944185,NewYork-82bb,-29,89,Normal
2026-02-08 14:26:10.944185,NewYork-82bb,10,55,Normal
2026-02-08 14:26:11.944185,NewYork-82bb,4,49,Normal
2026-02-08 14:26:12.944185,NewYork-82bb,33,1,Normal
2026-02-08 14:26:13.944185,NewYork-82bb,-9,30,Normal
2026-02-08 14:26:14.944185,NewYork-82bb,-27,91,Normal
2026-02-08 14:26:15.944185,NewYork-82bb,10,51,Normal
2026-02-08 14:26:16.944185,NewYork-82bb,32,50,Normal
2026-02-08 14:26:17.944185,NewYork-82bb,2,41,Normal
2026-02-08 14:26:18.944185,NewYork-82bb,28,42,Normal
2026-02-08 14:26:19.944185,NewYork-82bb,-20,41,Normal
2026-02-08 14:26:20.944185,NewYork-82bb,-26,8,Normal
2026-02-08 14:26:21.944185,NewYork-82bb,4,31,Normal
2026-02-08 14:26:22.944185,NewYork-82bb,21,70,Normal
2026-02-08 14:26:23.944185,NewYork-82bb,23,70,Normal
2026-02-08 14:26:24.944185,NewYork-82bb,-1,71,Normal
2026-02-08 14:26:25.944185,NewYork-82bb,-7,73,Normal
2026-02-08 14:26:26.944185,NewYork-82bb,-17,40,Normal
2026-02-08 14:26:27.944185,NewYork-82bb,-19,75,Normal
2026-02-08 14:26:28.944185,NewYork-82bb,-10,21,Normal
2026-02-08 14:26:29.944185,NewYork-82bb,-4,32,Normal
2026-02-08 14:26:30.944185,NewYork-82bb,43,7,Normal
2026-02-08 14:26:31.944185,NewYork-82bb,4,78,Normal
2026-02-08 14:26:32.944185,NewYork-82bb,11,65,Normal
2026-02-08 14:26:33.944185,NewYork-82bb,-1,37,Normal
2026-02-08 14:26:34.944185,NewYork-82bb,48,66,Normal
2026-02-08 14:26:35.944185,NewYork-82bb,-23,28,Normal
2026-02-08 14:26:36.944185,NewYork-82bb,-14,78,Normal
2026-02-08 14:26:37.944185,NewYork-82bb,-20,11,Normal
2026-02-08 14:26:38.944185,NewYork-82bb,-29,5,Normal
2026-02-08 14:26:39.944185,NewYork-82bb,18,52,Normal
2026-02-08 14:26:40.944185,NewYork-82bb,8,23,Normal
2026-02-08 14:26:41.944185,NewYork-82bb,4,7,Normal
2026-02-08 14:26:42.944185,NewYork-82bb,-6,81,Normal
2026-02-08 14:26:43.944185,NewYork-82bb,32,4,Normal
2026-02-08 14:26:44.944185,NewYork-82bb,-16,62,Normal
2026-02-08 14:26:45.944185,NewYork-82bb,-9,12,Normal
2026-02-08 14:26:46.944185,NewYork-82bb,-16,20,Normal
2026-02-08 14:26:47.944185,NewYork-82bb,19,49,Normal
2026-02-08 14:26:48.944185,NewYork-82bb,-19,21,Normal
2026-02-08 14:26:49.944185,NewYork-82bb,34,71,Normal
2026-02-08 14:26:50.944185,NewYork-82bb,6,86,Normal
2026-02-08 14:26:51.944185,NewYork-82bb,43,13,Normal
2026-02-08 14:26:52.944185,NewYork-82bb,22,51,Normal
2026-02-08 14:26:53.944185,NewYork-82bb,-12,7,Normal
2026-02-08 14:26:54.944185,NewYork-82bb,37,68,Normal
2026-02-08 14:26:55.944185,NewYork-82bb,-30,62,Normal
2026-02-08 14:26:56.944185,NewYork-82bb,-6,70,Normal
2026-02-08 14:26:57.944185,NewYork-82bb,-13,5,Normal
2026-02-08 14:26:58.944185,NewYork-82bb,-30,79,Normal
2026-02-08 14:26:59.944185,NewYork-82bb,24,17,Normal
2026-02-08 14:27:00.944185,NewYork-82bb,6,40,Normal
2026-02-08 14:27:01.944185,NewYork-82bb,-19,65,Normal
2026-02-08 14:27:02.944185,NewYork-82bb,10,88,Normal
2026-02-08 14:27:03.944185,NewYork-82bb,48,23,Normal
2026-02-08 14:27:04.944185,NewYork-82bb,16,70,Normal
2026-02-08 14:27:05.944185,NewYork-82bb,26,12,Normal
2026-02-08 14:27:06.944185,NewYork-82bb,24,36,Normal
2026-02-08 14:27:07.944185,NewYork-82bb,-4,58,Normal
2026-02-08 14:27:08.944185,NewYork-82bb,-10,28,Normal
2026-02-08 14:27:09.944185,NewYork-82bb,18,25,Normal
2026-02-08 14:27:10.944185,NewYork-82bb,-13,92,Normal
2026-02-08 14:27:11.944185,NewYork-82bb,36,62,Normal
2026-02-08 14:27:12.944185,NewYork-82bb,7,13,Normal
2026-02-08 14:27:13.944185,NewYork-82bb,-9,17,Normal
2026-02-08 14:27:14.944185,NewYork-82bb,-14,12,Normal
2026-02-08 14:27:15.944185,NewYork-82bb,-26,10,Normal
2026-02-08 14:27:16.944185,NewYork-82bb,16,79,Normal
2026-02-08 14:27:17.944185,NewYork-82bb,39,15,Normal
2026-02-08 14:27:18.944185,NewYork-82bb,-1,79,Normal
2026-02-08 14:27:19.944185,NewYork-82bb,-25,12,Normal
2026-02-08 14:27:20.944185,NewYork-82bb,-6,20,Normal
2026-02-08 14:27:21.944185,NewYork-82bb,43,18,Normal
2026-02-08 14:27:22.944185,NewYork-82bb,39,31,Normal
2026-02-08 14:27:23.944185,NewYork-82bb,19,20,Normal
2026-02-08 14:27:24.944185,NewYork-82bb,37,46,Normal
2026-02-08 14:27:25.944185,NewYork-82bb,47,54,Normal
2026-02-08 14:27:26.944185,NewYork-82bb,-28,78,Normal
2026-02-08 14:27:27.944185,NewYork-82bb,-24,66,Normal
2026-02-08 14:27:28.944185,NewYork-82bb,-16,61,Normal
2026-02-08 14:27:29.944185,NewYork-82bb,7,8,Normal
2026-02-08 14:27:30.944185,NewYork-82bb,28,30,Normal
2026-02-08 14:27:31.944185,NewYork-82bb,40,100,Normal
2026-02-08 14:27:32.944185,NewYork-82bb,25,59,Normal
2026-02-08 14:27:33.944185,NewYork-82bb,-25,69,Normal
2026-02-08 14:27:34.944185,NewYork-82bb,7,91,Normal
2026-02-08 14:27:35.944185,NewYork-82bb,14,18,Normal
2026-02-08 14:27:36.944185,NewYork-82bb,43,43,Normal
2026-02-08 14:27:37.944185,NewYork-82bb,-4,36,Normal
2026-02-08 14:27:38.944185,NewYork-82bb,27,9,Normal
2026-02-08 14:27:39.944185,NewYork-82bb,-20,69,Normal
2026-02-08 14:27:40.944185,NewYork-82bb,-19,41,Normal
2026-02-08 14:27:41.944185,NewYork-82bb,42,5,Normal
2026-02-08 14:27:42.944185,NewYork-82bb,-19,2,Normal
2026-02-08 14:27:43.944185,NewYork-82bb,16,88,Normal
2026-02-08 14:27:44.944185,NewYork-82bb,18,65,Normal
2026-02-08 14:27:45.944185,NewYork-82bb,14,37,Normal
2026-02-08 14:27:46.944185,NewYork-82bb,-2,1,Normal
2026-02-08 14:27:47.944185,NewYork-82bb,45,24,Normal
2026-02-08 14:27:48.944185,NewYork-82bb,2,12,Normal
2026-02-08 14:27:49.944185,NewYork-82bb,20,20,Normal
2026-02-08 14:27:50.944185,NewYork-82bb,44,71,Normal
2026-02-08 14:27:51.944185,NewYork-82bb,32,77,Normal
2026-02-08 14:27:52.944185,NewYork-82bb,-26,3,Normal
2026-02-08 14:27:53.944185,NewYork-82bb,7,41,Normal
2026-02-08 14:27:54.944185,NewYork-82bb,4,18,Normal
2026-02-08 14:27:55.944185,NewYork-82bb,31,18,Normal
2026-02-08 14:27:56.944185,NewYork-82bb,27,47,Normal
2026-02-08 14:27:57.944185,NewYork-82bb,-4,97,Normal
2026-02-08 14:27:58.944185,NewYork-82bb,49,6,Normal
2026-02-08 14:27:59.944185,NewYork-82bb,50,89,Normal
2026-02-08 14:28:00.944185,NewYork-82bb,6,42,Normal
2026-02-08 14:28:01.944185,NewYork-82bb,24,6,Normal
2026-02-08 14:28:02.944185,NewYork-82bb,25,12,Normal
2026-02-08 14:28:03.944185,NewYork-82bb,49,17,Normal
2026-02-08 14:28:04.944185,NewYork-82bb,24,85,Normal
2026-02-08 14:28:05.944185,NewYork-82bb,-21,44,Normal
2026-02-08 14:28:06.944185,NewYork-82bb,-28,33,Normal
2026-02-08 14:28:07.944185,NewYork-82bb,36,12,Normal
2026-02-08 14:28:08.944185,NewYork-82bb,-9,53,Normal
2026-02-08 14:28:09.944185,NewYork-82bb,-19,14,Normal
2026-02-08 14:28:10.944185,NewYork-82bb,30,19,Normal
2026-02-08 14:28:11.944185,NewYork-82bb,-25,6,Normal
2026-02-08 14:28:12.944185,NewYork-82bb,0,69,Normal
2026-02-08 14:28:13.944185,NewYork-82bb,0,80,Normal
2026-02-08 14:28:14.944185,NewYork-82bb,-16,14,Normal
2026-02-08 14:28:15.944185,NewYork-82bb,48,86,Normal
2026-02-08 14:28:16.944185,NewYork-82bb,-18,93,Normal
2026-02-08 14:28:17.944185,NewYork-82bb,-6,77,Normal
2026-02-08 14:28:18.944185,NewYork-82bb,46,93,Normal
2026-02-08 14:28:19.944185,NewYork-82bb,4,46,Normal
2026-02-08 14:28:20.944185,NewYork-82bb,-13,14,Normal
2026-02-08 14:28:21.944185,NewYork-82bb,-2,98,Normal
2026-02-08 14:28:22.944185,NewYork-82bb,-6,31,Normal
2026-02-08 14:28:23.944185,NewYork-82bb,27,26,Normal
2026-02-08 14:28:24.944185,NewYork-82bb,34,4,Normal
2026-02-08 14:28:25.944185,NewYork-82bb,-8,74,Normal
2026-02-08 14:28:26.944185,NewYork-82bb,-11,93,Normal
2026-02-08 14:28:27.944185,NewYork-82bb,-16,11,Normal
2026-02-08 14:28:28.944185,NewYork-82bb,12,55,Normal
2026-02-08 14:28:29.944185,NewYork-82bb,-22,11,Normal
2026-02-08 14:28:30.944185,NewYork-82bb,-3,68,Normal
2026-02-08 14:28:31.944185,NewYork-82bb,16,94,Normal
2026-02-08 14:28:32.944185,NewYork-82bb,-1,78,Normal
2026-02-08 14:28:33.944185,NewYork-82bb,6,67,Normal
2026-02-08 14:28:34.944185,NewYork-82bb,-25,61,Normal
2026-02-08 14:28:35.944185,NewYork-82bb,14,87,Normal
2026-02-08 14:28:36.944185,NewYork-82bb,25,1,Normal
2026-02-08 14:28:37.944185,NewYork-82bb,-28,27,Normal
2026-02-08 14:28:38.944185,NewYork-82bb,17,49,Normal
2026-02-08 14:28:39.944185,NewYork-82bb,12,79,Normal
2026-02-08 14:28:40.944185,NewYork-82bb,-16,98,Normal
2026-02-08 14:28:41.944185,NewYork-82bb,42,76,Normal
2026-02-08 14:28:42.944185,NewYork-82bb,39,13,Normal
2026-02-08 14:28:43.944185,NewYork-82bb,39,0,Normal
2026-02-08 14:28:44.944185,NewYork-82bb,35,53,Normal
2026-02-08 14:28:45.944185,NewYork-82bb,-21,15,Normal
2026-02-08 14:28:46.944185,NewYork-82bb,36,26,Normal
2026-02-08 14:28:47.944185,NewYork-82bb,10,66,Normal
2026-02-08 14:28:48.944185,NewYork-82bb,35,34,Normal
2026-02-08 14:28:49.944185,NewYork-82bb,37,15,Normal
2026-02-08 14:28:50.944185,NewYork-82bb,17,87,Normal
2026-02-08 14:28:51.944185,NewYork-82bb,2,28,Normal
2026-02-08 14:28:52.944185,NewYork-82bb,24,29,Normal
2026-02-08 14:28:53.944185,NewYork-82bb,34,81,Normal
2026-02-08 14:28:54.944185,NewYork-82bb,-4,41,Normal
2026-02-08 14:28:55.944185,NewYork-82bb,36,25,Normal
2026-02-08 14:28:56.944185,NewYork-82bb,23,40,Normal
2026-02-08 14:28:57.944185,NewYork-82bb,48,65,Normal
2026-02-08 14:28:58.944185,NewYork-82bb,31,66,Normal
2026-02-08 14:28:59.944185,NewYork-82bb,-29,9,Normal
2026-02-08 14:29:00.944185,NewYork-82bb,-25,13,Normal
2026-02-08 14:29:01.944185,NewYork-82bb,-23,51,Normal
2026-02-08 14:29:02.944185,NewYork-82bb,14,47,Normal
2026-02-08 14:29:03.944185,NewYork-82bb,47,4,Normal
2026-02-08 14:29:04.944185,NewYork-82bb,48,88,Normal
2026-02-08 14:29:05.944185,NewYork-82bb,22,35,Normal
2026-02-08 14:29:06.944185,NewYork-82bb,-17,31,Normal
2026-02-08 14:29:07.944185,NewYork-82bb,36,12,Normal
2026-02-08 14:29:08.944185,NewYork-82bb,-16,89,Normal
2026-02-08 14:29:09.944185,NewYork-82bb,-27,65,Normal
2026-02-08 14:29:10.944185,NewYork-82bb,-8,40,Normal
2026-02-08 14:29:11.944185,NewYork-82bb,-3,14,Normal
2026-02-08 14:29:12.944185,NewYork-82bb,15,82,Normal
2026-02-08 14:29:13.944185,NewYork-82bb,-28,35,Normal
2026-02-08 14:29:14.944185,NewYork-82bb,26,45,Normal
2026-02-08 14:29:15.944185,NewYork-82bb,47,37,Normal
2026-02-08 14:29:16.944185,NewYork-82bb,8,85,Normal
2026-02-08 14:29:17.944185,NewYork-82bb,27,94,Normal
2026-02-08 14:29:18.944185,NewYork-82bb,-13,90,Normal
2026-02-08 14:29:19.944185,NewYork-82bb,-12,47,Normal
2026-02-08 14:29:20.944185,NewYork-82bb,-25,0,Normal
2026-02-08 14:29:21.944185,NewYork-82bb,-6,70,Normal
2026-02-08 14:29:22.944185,NewYork-82bb,-27,27,Normal
2026-02-08 14:29:23.944185,NewYork-82bb,21,29,Normal
2026-02-08 14:29:24.944185,NewYork-82bb,30,36,Normal
2026-02-08 14:29:25.944185,NewYork-82bb,18,46,Normal
2026-02-08 14:29:26.944185,NewYork-82bb,5,15,Normal
2026-02-08 14:29:27.944185,NewYork-82bb,32,32,Normal
2026-02-08 14:29:28.944185,NewYork-82bb,14,68,Normal
2026-02-08 14:29:29.944185,NewYork-82bb,30,33,Normal
2026-02-08 14:29:30.944185,NewYork-82bb,-8,27,Normal
2026-02-08 14:29:31.944185,NewYork-82bb,43,88,Normal
2026-02-08 14:29:32.944185,NewYork-82bb,12,16,Normal
2026-02-08 14:29:33.944185,NewYork-82bb,10,76,Normal
2026-02-08 14:29:34.944185,NewYork-82bb,45,88,Normal
2026-02-08 14:29:35.944185,NewYork-82bb,4,18,Normal
2026-02-08 14:29:36.944185,NewYork-82bb,38,5,Normal
2026-02-08 14:29:37.944185,NewYork-82bb,50,4,Normal
2026-02-08 14:29:38.944185,NewYork-82bb,-21,48,Normal
2026-02-08 14:29:39.944185,NewYork-82bb,33,89,Normal
2026-02-08 14:29:40.944185,NewYork-82bb,-10,81,Normal
2026-02-08 14:29:41.944185,NewYork-82bb,45,1,Normal
2026-02-08 14:29:42.944185,NewYork-82bb,4,48,Normal
2026-02-08 14:29:43.944185,NewYork-82bb,44,21,Normal
2026-02-08 14:29:44.944185,NewYork-82bb,11,86,Normal
2026-02-08 14:29:45.944185,NewYork-82bb,-11,4,Normal
2026-02-08 14:29:46.944185,NewYork-82bb,33,23,Normal
2026-02-08 14:29:47.944185,NewYork-82bb,27,91,Normal
2026-02-08 14:29:48.944185,NewYork-82bb,-6,51,Normal
2026-02-08 14:29:49.944185,NewYork-82bb,-16,58,Normal
2026-02-08 14:29:50.944185,NewYork-82bb,37,40,Normal
2026-02-08 14:29:51.944185,NewYork-82bb,13,53,Normal
2026-02-08 14:29:52.944185,NewYork-82bb,-13,92,Normal
2026-02-08 14:29:53.944185,NewYork-82bb,-22,51,Normal
2026-02-08 14:29:54.944185,NewYork-82bb,23,91,Normal
2026-02-08 14:29:55.944185,NewYork-82bb,-14,22,Normal
2026-02-08 14:29:56.944185,NewYork-82bb,6,45,Normal
2026-02-08 14:29:57.944185,NewYork-82bb,27,73,Normal
2026-02-08 14:29:58.944185,NewYork-82bb,46,47,Normal
2026-02-08 14:29:59.944185,NewYork-82bb,-6,47,Normal
2026-02-08 14:30:00.944185,NewYork-82bb,50,74,Normal
2026-02-08 14:30:01.944185,NewYork-82bb,-28,5,Normal
2026-02-08 14:30:02.944185,NewYork-82bb,49,20,Normal
2026-02-08 14:30:03.944185,NewYork-82bb,35,20,Normal
2026-02-08 14:30:04.944185,NewYork-82bb,-29,90,Normal
2026-02-08 14:30:05.944185,NewYork-82bb,4,61,Normal
2026-02-08 14:30:06.944185,NewYork-82bb,1,86,Normal
2026-02-08 14:30:07.944185,NewYork-82bb,45,31,Normal
2026-02-08 14:30:08.944185,NewYork-82bb,14,82,Normal
2026-02-08 14:30:09.944185,NewYork-82bb,39,10,Normal
2026-02-08 14:30:10.944185,NewYork-82bb,28,54,Normal
2026-02-08 14:30:11.944185,NewYork-82bb,10,3,Normal
2026-02-08 14:30:12.944185,NewYork-82bb,10,97,Normal
2026-02-08 14:30:13.944185,NewYork-82bb,37,26,Normal
2026-02-08 14:30:14.944185,NewYork-82bb,-4,35,Normal
2026-02-08 14:30:15.944185,NewYork-82bb,-11,45,Normal
2026-02-08 14:30:16.944185,NewYork-82bb,-16,44,Normal
2026-02-08 14:30:17.944185,NewYork-82bb,35,37,Normal
2026-02-08 14:30:18.944185,NewYork-82bb,-1,95,Normal
2026-02-08 14:30:19.944185,NewYork-82bb,14,24,Normal
2026-02-08 14:30:20.944185,NewYork-82bb,39,21,Normal
2026-02-08 14:30:21.944185,NewYork-82bb,-27,18,Normal
2026-02-08 14:30:22.944185,NewYork-82bb,-16,56,Normal
2026-02-08 14:30:23.944185,NewYork-82bb,-5,75,Normal
2026-02-08 14:30:24.944185,NewYork-82bb,-7,12,Normal
2026-02-08 14:30:25.944185,NewYork-82bb,13,47,Normal
2026-02-08 14:30:26.944185,NewYork-82bb,35,47,Normal
2026-02-08 14:30:27.944185,NewYork-82bb,14,7,Normal
2026-02-08 14:30:28.944185,NewYork-82bb,42,16,Normal
2026-02-08 14:30:29.944185,NewYork-82bb,44,69,Normal
2026-02-08 14:30:30.944185,NewYork-82bb,-14,73,Normal
2026-02-08 14:30:31.944185,NewYork-82bb,1,15,Normal
2026-02-08 14:30:32.944185,NewYork-82bb,9,40,Normal
2026-02-08 14:30:33.944185,NewYork-82bb,-13,94,Normal
2026-02-08 14:30:34.944185,NewYork-82bb,5,39,Normal
2026-02-08 14:30:35.944185,NewYork-82bb,11,2,Normal
2026-02-08 14:30:36.944185,NewYork-82bb,4,45,Normal
2026-02-08 14:30:37.944185,NewYork-82bb,-29,44,Normal
2026-02-08 14:30:38.944185,NewYork-82bb,-18,57,Normal
2026-02-08 14:30:39.944185,NewYork-82bb,-15,68,Normal
2026-02-08 14:30:40.944185,NewYork-82bb,40,84,Normal
2026-02-08 14:30:41.944185,NewYork-82bb,17,80,Normal
2026-02-08 14:30:42.944185,NewYork-82bb,48,38,Normal
2026-02-08 14:30:43.944185,NewYork-82bb,26,8,Normal
2026-02-08 14:30:44.944185,NewYork-82bb,31,20,Normal
2026-02-08 14:30:45.944185,NewYork-82bb,14,26,Normal
2026-02-08 14:30:46.944185,NewYork-82bb,-4,52,Normal
2026-02-08 14:30:47.944185,NewYork-82bb,25,47,Normal
2026-02-08 14:30:48.944185,NewYork-82bb,48,49,Normal
2026-02-08 14:30:49.944185,NewYork-82bb,26,36,Normal
2026-02-08 14:30:50.944185,NewYork-82bb,44,77,Normal
2026-02-08 14:30:51.944185,NewYork-82bb,-22,41,Normal
2026-02-08 14:30:52.944185,NewYork-82bb,45,25,Normal
2026-02-08 14:30:53.944185,NewYork-82bb,-9,97,Normal
2026-02-08 14:30:54.944185,NewYork-82bb,49,9,Normal
2026-02-08 14:30:55.944185,NewYork-82bb,45,72,Normal
2026-02-08 14:30:56.944185,NewYork-82bb,-25,56,Normal
2026-02-08 14:30:57.944185,NewYork-82bb,-20,44,Normal
2026-02-08 14:30:58.944185,NewYork-82bb,41,66,Normal
2026-02-08 14:30:59.944185,NewYork-82bb,20,76,Normal
2026-02-08 14:31:00.944185,NewYork-82bb,25,33,Normal
2026-02-08 14:31:01.944185,NewYork-82bb,23,95,Normal
2026-02-08 14:31:02.944185,NewYork-82bb,21,38,Normal
2026-02-08 14:31:03.944185,NewYork-82bb,-24,35,Normal
2026-02-08 14:31:04.944185,NewYork-82bb,24,99,Normal
2026-02-08 14:31:05.944185,NewYork-82bb,45,26,Normal
2026-02-08 14:31:06.944185,NewYork-82bb,49,5,Normal
2026-02-08 14:31:07.944185,NewYork-82bb,-11,42,Normal
2026-02-08 14:31:08.944185,NewYork-82bb,4,41,Normal
2026-02-08 14:31:09.944185,NewYork-82bb,40,72,Normal
2026-02-08 14:31:10.944185,NewYork-82bb,8,44,Normal
2026-02-08 14:31:11.944185,NewYork-82bb,40,39,Normal
2026-02-08 14:31:12.944185,NewYork-82bb,-20,18,Normal
2026-02-08 14:31:13.944185,NewYork-82bb,-17,26,Normal
2026-02-08 14:31:14.944185,NewYork-82bb,48,63,Normal
2026-02-08 14:31:15.944185,NewYork-82bb,-15,13,Normal
2026-02-08 14:31:16.944185,NewYork-82bb,48,68,Normal
2026-02-08 14:31:17.944185,NewYork-82bb,41,46,Normal
2026-02-08 14:31:18.944185,NewYork-82bb,-15,14,Normal
2026-02-08 14:31:19.944185,NewYork-82bb,35,32,Normal
2026-02-08 14:31:20.944185,NewYork-82bb,-25,8,Normal
2026-02-08 14:31:21.944185,NewYork-82bb,16,72,Normal
2026-02-08 14:31:22.944185,NewYork-82bb,-12,88,Normal
2026-02-08 14:31:23.944185,NewYork-82bb,-27,88,Normal
2026-02-08 14:31:24.944185,NewYork-82bb,-30,42,Normal
2026-02-08 14:31:25.944185,NewYork-82bb,-17,63,Normal
2026-02-08 14:31:26.944185,NewYork-82bb,-15,9,Normal
2026-02-08 14:31:27.944185,NewYork-82bb,47,47,Normal
2026-02-08 14:31:28.944185,NewYork-82bb,-30,16,Normal
2026-02-08 14:31:29.944185,NewYork-82bb,-20,63,Normal
2026-02-08 14:31:30.944185,NewYork-82bb,-28,38,Normal
2026-02-08 14:31:31.944185,NewYork-82bb,-14,4,Normal
2026-02-08 14:31:32.944185,NewYork-82bb,-10,94,Normal
2026-02-08 14:31:33.944185,NewYork-82bb,22,0,Normal
2026-02-08 14:31:34.944185,NewYork-82bb,-5,54,Normal
2026-02-08 14:31:35.944185,NewYork-82bb,38,70,Normal
2026-02-08 14:31:36.944185,NewYork-82bb,44,46,Normal
2026-02-08 14:31:37.944185,NewYork-82bb,2,27,Normal
2026-02-08 14:31:38.944185,NewYork-82bb,20,96,Normal
2026-02-08 14:31:39.944185,NewYork-82bb,21,25,Normal
2026-02-08 14:31:40.944185,NewYork-82bb,2,94,Normal
2026-02-08 14:31:41.944185,NewYork-82bb,30,84,Normal
2026-02-08 14:31:42.944185,NewYork-82bb,39,85,Normal
2026-02-08 14:31:43.944185,NewYork-82bb,31,100,Normal
2026-02-08 14:31:44.944185,NewYork-82bb,-14,69,Normal
2026-02-08 14:31:45.944185,NewYork-82bb,6,50,Normal
2026-02-08 14:31:46.944185,NewYork-82bb,46,8,Normal
2026-02-08 14:31:47.944185,NewYork-82bb,13,88,Normal
2026-02-08 14:31:48.944185,NewYork-82bb,30,95,Normal
2026-02-08 14:31:49.944185,NewYork-82bb,-25,16,Normal
2026-02-08 14:31:50.944185,NewYork-82bb,36,36,Normal
2026-02-08 14:31:51.944185,NewYork-82bb,-30,13,Normal
2026-02-08 14:31:52.944185,NewYork-82bb,5,92,Normal
2026-02-08 14:31:53.944185,NewYork-82bb,-25,100,Normal
2026-02-08 14:31:54.944185,NewYork-82bb,-4,12,Normal
2026-02-08 14:31:55.944185,NewYork-82bb,22,80,Normal
2026-02-08 14:31:56.944185,NewYork-82bb,-30,35,Normal
2026-02-08 14:31:57.944185,NewYork-82bb,21,56,Normal
2026-02-08 14:31:58.944185,NewYork-82bb,14,7,Normal
2026-02-08 14:31:59.944185,NewYork-82bb,-23,63,Normal
2026-02-08 14:32:00.944185,NewYork-82bb,46,88,Normal
2026-02-08 14:32:01.944185,NewYork-82bb,-3,97,Normal
2026-02-08 14:32:02.944185,NewYork-82bb,19,42,Normal
2026-02-08 14:32:03.944185,NewYork-82bb,-28,43,Normal
2026-02-08 14:32:04.944185,NewYork-82bb,5,45,Normal
2026-02-08 14:32:05.944185,NewYork-82bb,-26,7,Normal
2026-02-08 14:32:06.944185,NewYork-82bb,8,53,Normal
2026-02-08 14:32:07.944185,NewYork-82bb,41,58,Normal
2026-02-08 14:32:08.944185,NewYork-82bb,-6,9,Normal
2026-02-08 14:32:09.944185,NewYork-82bb,-10,44,Normal
2026-02-08 14:32:10.944185,NewYork-82bb,16,5,Normal
2026-02-08 14:32:11.944185,NewYork-82bb,-23,9,Normal
2026-02-08 14:32:12.944185,NewYork-82bb,-17,60,Normal
2026-02-08 14:32:13.944185,NewYork-82bb,-6,54,Normal
2026-02-08 14:32:14.944185,NewYork-82bb,-26,13,Normal
2026-02-08 14:32:15.944185,NewYork-82bb,34,31,Normal
2026-02-08 14:32:16.944185,NewYork-82bb,39,79,Normal
2026-02-08 14:32:17.944185,NewYork-82bb,40,30,Normal
2026-02-08 14:32:18.944185,NewYork-82bb,43,20,Normal
2026-02-08 14:32:19.944185,NewYork-82bb,30,76,Normal
2026-02-08 14:32:20.944185,NewYork-82bb,-9,82,Normal
2026-02-08 14:32:21.944185,NewYork-82bb,-26,59,Normal
2026-02-08 14:32:22.944185,NewYork-82bb,-8,50,Normal
2026-02-08 14:32:23.944185,NewYork-82bb,-8,71,Normal
2026-02-08 14:32:24.944185,NewYork-82bb,-6,32,Normal
2026-02-08 14:32:25.944185,NewYork-82bb,14,60,Normal
2026-02-08 14:32:26.944185,NewYork-82bb,41,98,Normal
2026-02-08 14:32:27.944185,NewYork-82bb,15,57,Normal
2026-02-08 14:32:28.944185,NewYork-82bb,7,8,Normal
2026-02-08 14:32:29.944185,NewYork-82bb,-21,65,Normal
2026-02-08 14:32:30.944185,NewYork-82bb,-8,13,Normal
2026-02-08 14:32:31.944185,NewYork-82bb,44,27,Normal
2026-02-08 14:32:32.944185,NewYork-82bb,-4,97,Normal
2026-02-08 14:32:33.944185,NewYork-82bb,18,51,Normal
2026-02-08 14:32:34.944185,NewYork-82bb,-11,47,Normal
2026-02-08 14:32:35.944185,NewYork-82bb,43,61,Normal
2026-02-08 14:32:36.944185,NewYork-82bb,43,20,Normal
2026-02-08 14:32:37.944185,NewYork-82bb,24,19,Normal
2026-02-08 14:32:38.944185,NewYork-82bb,-8,27,Normal
2026-02-08 14:32:39.944185,NewYork-82bb,3,70,Normal
2026-02-08 14:32:40.944185,NewYork-82bb,16,66,Normal
2026-02-08 14:32:41.944185,NewYork-82bb,2,73,Normal
2026-02-08 14:32:42.944185,NewYork-82bb,40,35,Normal
2026-02-08 14:32:43.944185,NewYork-82bb,-24,68,Normal
2026-02-08 14:32:44.944185,NewYork-82bb,22,11,Normal
2026-02-08 14:32:45.944185,NewYork-82bb,-23,55,Normal
2026-02-08 14:32:46.944185,NewYork-82bb,-23,27,Normal
2026-02-08 14:32:47.944185,NewYork-82bb,32,34,Normal
2026-02-08 14:32:48.944185,NewYork-82bb,-1,0,Normal
2026-02-08 14:32:49.944185,NewYork-82bb,21,42,Normal
2026-02-08 14:32:50.944185,NewYork-82bb,42,59,Normal
2026-02-08 14:32:51.944185,NewYork-82bb,-1,72,Normal
2026-02-08 14:32:52.944185,NewYork-82bb,-30,79,Normal
2026-02-08 14:32:53.944185,NewYork-82bb,45,57,Normal
2026-02-08 14:32:54.944185,NewYork-82bb,-10,100,Normal
2026-02-08 14:32:55.944185,NewYork-82bb,-27,36,Normal
2026-02-08 14:32:56.944185,NewYork-82bb,9,50,Normal
2026-02-08 14:32:57.944185,NewYork-82bb,-16,17,Normal
2026-02-08 14:32:58.944185,NewYork-82bb,35,13,Normal
2026-02-08 14:32:59.944185,NewYork-82bb,-4,47,Normal
2026-02-08 14:33:00.944185,NewYork-82bb,-7,8,Normal
2026-02-08 14:33:01.944185,NewYork-82bb,-2,16,Normal
2026-02-08 14:33:02.944185,NewYork-82bb,13,22,Normal
2026-02-08 14:33:03.944185,NewYork-82bb,14,76,Normal
2026-02-08 14:33:04.944185,NewYork-82bb,24,77,Normal
2026-02-08 14:33:05.944185,NewYork-82bb,16,34,Normal
2026-02-08 14:33:06.944185,NewYork-82bb,43,26,Normal
2026-02-08 14:33:07.944185,NewYork-82bb,19,71,Normal
2026-02-08 14:33:08.944185,NewYork-82bb,5,11,Normal
2026-02-08 14:33:09.944185,NewYork-82bb,-28,83,Normal
2026-02-08 14:33:10.944185,NewYork-82bb,24,8,Normal
2026-02-08 14:33:11.944185,NewYork-82bb,3,78,Normal
2026-02-08 14:33:12.944185,NewYork-82bb,-8,74,Normal
2026-02-08 14:33:13.944185,NewYork-82bb,-21,9,Normal
2026-02-08 14:33:14.944185,NewYork-82bb,7,98,Normal
2026-02-08 14:33:15.944185,NewYork-82bb,-5,4,Normal
2026-02-08 14:33:16.944185,NewYork-82bb,31,5,Normal
2026-02-08 14:33:17.944185,NewYork-82bb,37,54,Normal
2026-02-08 14:33:18.944185,NewYork-82bb,-2,36,Normal
2026-02-08 14:33:19.944185,NewYork-82bb,-29,17,Normal
2026-02-08 14:33:20.944185,NewYork-82bb,-28,78,Normal
2026-02-08 14:33:21.944185,NewYork-82bb,-16,78,Normal
2026-02-08 14:33:22.944185,NewYork-82bb,-3,29,Normal
2026-02-08 14:33:23.944185,NewYork-82bb,37,96,Normal
2026-02-08 14:33:24.944185,NewYork-82bb,-14,59,Normal
2026-02-08 14:33:25.944185,NewYork-82bb,9,54,Normal
2026-02-08 14:33:26.944185,NewYork-82bb,-27,94,Normal
2026-02-08 14:33:27.944185,NewYork-82bb,-10,81,Normal
2026-02-08 14:33:28.944185,NewYork-82bb,14,6,Normal
2026-02-08 14:33:29.944185,NewYork-82bb,3,55,Normal
2026-02-08 14:33:30.944185,NewYork-82bb,17,16,Normal
2026-02-08 14:33:31.944185,NewYork-82bb,-19,11,Normal
2026-02-08 14:33:32.944185,NewYork-82bb,-13,78,Normal
2026-02-08 14:33:33.944185,NewYork-82bb,10,9,Normal
2026-02-08 14:33:34.944185,NewYork-82bb,2,13,Normal
2026-02-08 14:33:35.944185,NewYork-82bb,-19,33,Normal
2026-02-08 14:33:36.944185,NewYork-82bb,46,27,Normal
2026-02-08 14:33:37.944185,NewYork-82bb,-27,39,Normal
2026-02-08 14:33:38.944185,NewYork-82bb,-10,58,Normal
2026-02-08 14:33:39.944185,NewYork-82bb,1,42,Normal
2026-02-08 14:33:40.944185,NewYork-82bb,-11,6,Normal
2026-02-08 14:33:41.944185,NewYork-82bb,15,94,Normal
2026-02-08 14:33:42.944185,NewYork-82bb,-22,59,Normal
2026-02-08 14:33:43.944185,NewYork-82bb,16,46,Normal
2026-02-08 14:33:44.944185,NewYork-82bb,23,95,Normal
2026-02-08 14:33:45.944185,NewYork-82bb,-9,50,Normal
2026-02-08 14:33:46.944185,NewYork-82bb,3,75,Normal
2026-02-08 14:33:47.944185,NewYork-82bb,48,48,Normal
2026-02-08 14:33:48.944185,NewYork-82bb,16,38,Normal
2026-02-08 14:33:49.944185,NewYork-82bb,-17,97,Normal
2026-02-08 14:33:50.944185,NewYork-82bb,13,62,Normal
2026-02-08 14:33:51.944185,NewYork-82bb,-25,48,Normal
2026-02-08 14:33:52.944185,NewYork-82bb,14,56,Normal
2026-02-08 14:33:53.944185,NewYork-82bb,-3,39,Normal
2026-02-08 14:33:54.944185,NewYork-82bb,-10,0,Normal
2026-02-08 14:33:55.944185,NewYork-82bb,19,90,Normal
2026-02-08 14:33:56.944185,NewYork-82bb,-25,87,Normal
2026-02-08 14:33:57.944185,NewYork-82bb,26,46,Normal
2026-02-08 14:33:58.944185,NewYork-82bb,45,75,Normal
2026-02-08 14:33:59.944185,NewYork-82bb,49,19,Normal
2026-02-08 14:34:00.944185,NewYork-82bb,48,69,Normal
2026-02-08 14:34:01.944185,NewYork-82bb,17,81,Normal
2026-02-08 14:34:02.944185,NewYork-82bb,37,56,Normal
2026-02-08 14:34:03.944185,NewYork-82bb,19,7,Normal
2026-02-08 14:34:04.944185,NewYork-82bb,0,40,Normal
2026-02-08 14:34:05.944185,NewYork-82bb,-21,65,Normal
2026-02-08 14:34:06.944185,NewYork-82bb,15,71,Normal
2026-02-08 14:34:07.944185,NewYork-82bb,-26,10,Normal
2026-02-08 14:34:08.944185,NewYork-82bb,37,71,Normal
2026-02-08 14:34:09.944185,NewYork-82bb,-23,99,Normal
2026-02-08 14:34:10.944185,NewYork-82bb,44,27,Normal
2026-02-08 14:34:11.944185,NewYork-82bb,33,51,Normal
2026-02-08 14:34:12.944185,NewYork-82bb,31,61,Normal
2026-02-08 14:34:13.944185,NewYork-82bb,18,27,Normal
2026-02-08 14:34:14.944185,NewYork-82bb,38,41,Normal
2026-02-08 14:34:15.944185,NewYork-82bb,-22,56,Normal
2026-02-08 14:34:16.944185,NewYork-82bb,40,7,Normal
2026-02-08 14:34:17.944185,NewYork-82bb,-20,86,Normal
2026-02-08 14:34:18.944185,NewYork-82bb,32,51,Normal
2026-02-08 14:34:19.944185,NewYork-82bb,46,16,Normal
2026-02-08 14:34:20.944185,NewYork-82bb,-18,37,Normal
2026-02-08 14:34:21.944185,NewYork-82bb,1,7,Normal
2026-02-08 14:34:22.944185,NewYork-82bb,-5,78,Normal
2026-02-08 14:34:23.944185,NewYork-82bb,-14,73,Normal
2026-02-08 14:34:24.944185,NewYork-82bb,27,70,Normal
2026-02-08 14:34:25.944185,NewYork-82bb,47,89,Normal
2026-02-08 14:34:26.944185,NewYork-82bb,7,69,Normal
2026-02-08 14:34:27.944185,NewYork-82bb,3,78,Normal
2026-02-08 14:34:28.944185,NewYork-82bb,34,35,Normal
2026-02-08 14:34:29.944185,NewYork-82bb,-23,28,Normal
2026-02-08 14:34:30.944185,NewYork-82bb,37,68,Normal
2026-02-08 14:34:31.944185,NewYork-82bb,25,41,Normal
2026-02-08 14:34:32.944185,NewYork-82bb,19,37,Normal
2026-02-08 14:34:33.944185,NewYork-82bb,2,82,Normal
2026-02-08 14:34:34.944185,NewYork-82bb,-2,77,Normal
2026-02-08 14:34:35.944185,NewYork-82bb,-24,3,Normal
2026-02-08 14:34:36.944185,NewYork-82bb,-11,7,Normal
2026-02-08 14:34:37.944185,NewYork-82bb,23,6,Normal
2026-02-08 14:34:38.944185,NewYork-82bb,12,84,Normal
2026-02-08 14:34:39.944185,NewYork-82bb,-21,89,Normal
2026-02-08 14:34:40.944185,NewYork-82bb,-24,78,Normal
2026-02-08 14:34:41.944185,NewYork-82bb,-3,24,Normal
2026-02-08 14:34:42.944185,NewYork-82bb,48,24,Normal
2026-02-08 14:34:43.944185,NewYork-82bb,16,93,Normal
2026-02-08 14:34:44.944185,NewYork-82bb,13,32,Normal
2026-02-08 14:34:45.944185,NewYork-82bb,17,88,Normal
2026-02-08 14:34:46.944185,NewYork-82bb,40,31,Normal
2026-02-08 14:34:47.944185,NewYork-82bb,12,12,Normal
2026-02-08 14:34:48.944185,NewYork-82bb,-30,53,Normal
2026-02-08 14:34:49.944185,NewYork-82bb,11,39,Normal
2026-02-08 14:34:50.944185,NewYork-82bb,-3,99,Normal
2026-02-08 14:34:51.944185,NewYork-82bb,26,95,Normal
2026-02-08 14:34:52.944185,NewYork-82bb,16,96,Normal
2026-02-08 14:34:53.944185,NewYork-82bb,35,58,Normal
2026-02-08 14:34:54.944185,NewYork-82bb,32,20,Normal
2026-02-08 14:34:55.944185,NewYork-82bb,9,52,Normal
2026-02-08 14:34:56.944185,NewYork-82bb,32,76,Normal
2026-02-08 14:34:57.944185,NewYork-82bb,39,90,Normal
2026-02-08 14:34:58.944185,NewYork-82bb,44,52,Normal
2026-02-08 14:34:59.944185,NewYork-82bb,-21,37,Normal
2026-02-08 14:35:00.944185,NewYork-82bb,25,13,Normal
2026-02-08 14:35:01.944185,NewYork-82bb,14,36,Normal
2026-02-08 14:35:02.944185,NewYork-82bb,38,38,Normal
2026-02-08 14:35:03.944185,NewYork-82bb,-27,61,Normal
2026-02-08 14:35:04.944185,NewYork-82bb,29,57,Normal
2026-02-08 14:35:05.944185,NewYork-82bb,-5,71,Normal
2026-02-08 14:35:06.944185,NewYork-82bb,2,80,Normal
2026-02-08 14:35:07.944185,NewYork-82bb,2,57,Normal
2026-02-08 14:35:08.944185,NewYork-82bb,0,38,Normal
2026-02-08 14:35:09.944185,NewYork-82bb,37,97,Normal
2026-02-08 14:35:10.944185,NewYork-82bb,18,7,Normal
2026-02-08 14:35:11.944185,NewYork-82bb,-12,49,Normal
2026-02-08 14:35:12.944185,NewYork-82bb,8,37,Normal
2026-02-08 14:35:13.944185,NewYork-82bb,-7,41,Normal
2026-02-08 14:35:14.944185,NewYork-82bb,-25,71,Normal
2026-02-08 14:35:15.944185,NewYork-82bb,1,26,Normal
2026-02-08 14:35:16.944185,NewYork-82bb,46,59,Normal
2026-02-08 14:35:17.944185,NewYork-82bb,23,45,Normal
2026-02-08 14:35:18.944185,NewYork-82bb,-5,20,Normal
2026-02-08 14:35:19.944185,NewYork-82bb,-18,7,Normal
2026-02-08 14:35:20.944185,NewYork-82bb,19,71,Normal
2026-02-08 14:35:21.944185,NewYork-82bb,43,79,Normal
2026-02-08 14:35:22.944185,NewYork-82bb,4,37,Normal
2026-02-08 14:35:23.944185,NewYork-82bb,-17,36,Normal
2026-02-08 14:35:24.944185,NewYork-82bb,11,70,Normal
2026-02-08 14:35:25.944185,NewYork-82bb,12,33,Normal
2026-02-08 14:35:26.944185,NewYork-82bb,4,85,Normal
2026-02-08 14:35:27.944185,NewYork-82bb,31,20,Normal
2026-02-08 14:35:28.944185,NewYork-82bb,-25,10,Normal
2026-02-08 14:35:29.944185,NewYork-82bb,-9,56,Normal
2026-02-08 14:35:30.944185,NewYork-82bb,-1,83,Normal
2026-02-08 14:35:31.944185,NewYork-82bb,14,26,Normal
2026-02-08 14:35:32.944185,NewYork-82bb,16,91,Normal
2026-02-08 14:35:33.944185,NewYork-82bb,-18,37,Normal
2026-02-08 14:35:34.944185,NewYork-82bb,-8,52,Normal
2026-02-08 14:35:35.944185,NewYork-82bb,4,95,Normal
2026-02-08 14:35:36.944185,NewYork-82bb,-9,63,Normal
2026-02-08 14:35:37.944185,NewYork-82bb,21,58,Normal
2026-02-08 14:35:38.944185,NewYork-82bb,-21,21,Normal
2026-02-08 14:35:39.944185,NewYork-82bb,-8,85,Normal
2026-02-08 14:35:40.944185,NewYork-82bb,14,12,Normal
2026-02-08 14:35:41.944185,NewYork-82bb,-27,62,Normal
2026-02-08 14:35:42.944185,NewYork-82bb,-7,39,Normal
2026-02-08 14:35:43.944185,NewYork-82bb,33,11,Normal
2026-02-08 14:35:44.944185,NewYork-82bb,-22,94,Normal
2026-02-08 14:35:45.944185,NewYork-82bb,28,61,Normal
2026-02-08 14:35:46.944185,NewYork-82bb,26,28,Normal
2026-02-08 14:35:47.944185,NewYork-82bb,-20,90,Normal
2026-02-08 14:35:48.944185,NewYork-82bb,-16,65,Normal
2026-02-08 14:35:49.944185,NewYork-82bb,32,14,Normal
2026-02-08 14:35:50.944185,NewYork-82bb,3,9,Normal
2026-02-08 14:35:51.944185,NewYork-82bb,14,32,Normal
2026-02-08 14:35:52.944185,NewYork-82bb,21,98,Normal
2026-02-08 14:35:53.944185,NewYork-82bb,15,97,Normal
2026-02-08 14:35:54.944185,NewYork-82bb,-27,24,Normal
2026-02-08 14:35:55.944185,NewYork-82bb,14,77,Normal
2026-02-08 14:35:56.944185,NewYork-82bb,24,57,Normal
2026-02-08 14:35:57.944185,NewYork-82bb,14,4,Normal
2026-02-08 14:35:58.944185,NewYork-82bb,25,43,Normal
2026-02-08 14:35:59.944185,NewYork-82bb,30,96,Normal
2026-02-08 14:36:00.944185,NewYork-82bb,35,76,Normal
2026-02-08 14:36:01.944185,NewYork-82bb,-6,26,Normal
2026-02-08 14:36:02.944185,NewYork-82bb,7,3,Normal
2026-02-08 14:36:03.944185,NewYork-82bb,8,59,Normal
2026-02-08 14:36:04.944185,NewYork-82bb,32,62,Normal
2026-02-08 14:36:05.944185,NewYork-82bb,-3,82,Normal
2026-02-08 14:36:06.944185,NewYork-82bb,-7,91,Normal
2026-02-08 14:36:07.944185,NewYork-82bb,-22,22,Normal
2026-02-08 14:36:08.944185,NewYork-82bb,-25,90,Normal
2026-02-08 14:36:09.944185,NewYork-82bb,44,75,Normal
2026-02-08 14:36:10.944185,NewYork-82bb,32,67,Normal
2026-02-08 14:36:11.944185,NewYork-82bb,-2,52,Normal
2026-02-08 14:36:12.944185,NewYork-82bb,-22,75,Normal
2026-02-08 14:36:13.944185,NewYork-82bb,11,26,Normal
2026-02-08 14:36:14.944185,NewYork-82bb,37,36,Normal
2026-02-08 14:36:15.944185,NewYork-82bb,-17,61,Normal
2026-02-08 14:36:16.944185,NewYork-82bb,-18,26,Normal
2026-02-08 14:36:17.944185,NewYork-82bb,26,68,Normal
2026-02-08 14:36:18.944185,NewYork-82bb,-10,28,Normal
2026-02-08 14:36:19.944185,NewYork-82bb,44,43,Normal
2026-02-08 14:36:20.944185,NewYork-82bb,41,55,Normal
2026-02-08 14:36:21.944185,NewYork-82bb,29,56,Normal
2026-02-08 14:36:22.944185,NewYork-82bb,-18,40,Normal
2026-02-08 14:36:23.944185,NewYork-82bb,8,54,Normal
2026-02-08 14:36:24.944185,NewYork-82bb,12,85,Normal
2026-02-08 14:36:25.944185,NewYork-82bb,-4,74,Normal
2026-02-08 14:36:26.944185,NewYork-82bb,15,84,Normal
2026-02-08 14:36:27.944185,NewYork-82bb,49,87,Normal
2026-02-08 14:36:28.944185,NewYork-82bb,-16,44,Normal
2026-02-08 14:36:29.944185,NewYork-82bb,36,73,Normal
2026-02-08 14:36:30.944185,NewYork-82bb,17,34,Normal
2026-02-08 14:36:31.944185,NewYork-82bb,45,53,Normal
2026-02-08 14:36:32.944185,NewYork-82bb,-12,32,Normal
2026-02-08 14:36:33.944185,NewYork-82bb,47,33,Normal
2026-02-08 14:36:34.944185,NewYork-82bb,44,42,Normal
2026-02-08 14:36:35.944185,NewYork-82bb,44,36,Normal
2026-02-08 14:36:36.944185,NewYork-82bb,27,24,Normal
2026-02-08 14:36:37.944185,NewYork-82bb,-4,20,Normal
2026-02-08 14:36:38.944185,NewYork-82bb,28,1,Normal
2026-02-08 14:36:39.944185,NewYork-82bb,-9,36,Normal
2026-02-08 14:36:40.944185,NewYork-82bb,-29,19,Normal
2026-02-08 14:36:41.944185,NewYork-82bb,47,91,Normal
2026-02-08 14:36:42.944185,NewYork-82bb,3,4,Normal
2026-02-08 14:36:43.944185,NewYork-82bb,44,84,Normal
2026-02-08 14:36:44.944185,NewYork-82bb,45,99,Normal
2026-02-08 14:36:45.944185,NewYork-82bb,40,43,Normal
2026-02-08 14:36:46.944185,NewYork-82bb,-16,49,Normal
2026-02-08 14:36:47.944185,NewYork-82bb,26,2,Normal
2026-02-08 14:36:48.944185,NewYork-82bb,10,16,Normal
2026-02-08 14:36:49.944185,NewYork-82bb,34,50,Normal
2026-02-08 14:36:50.944185,NewYork-82bb,-12,70,Normal
2026-02-08 14:36:51.944185,NewYork-82bb,12,22,Normal
2026-02-08 14:36:52.944185,NewYork-82bb,47,80,Normal
2026-02-08 14:36:53.944185,NewYork-82bb,32,18,Normal
2026-02-08 14:36:54.944185,NewYork-82bb,42,82,Normal
2026-02-08 14:36:55.944185,NewYork-82bb,3,63,Normal
2026-02-08 14:36:56.944185,NewYork-82bb,-8,77,Normal
2026-02-08 14:36:57.944185,NewYork-82bb,31,17,Normal
2026-02-08 14:36:58.944185,NewYork-82bb,5,91,Normal
2026-02-08 14:36:59.944185,NewYork-82bb,-18,100,Normal
2026-02-08 14:37:00.944185,NewYork-82bb,27,0,Normal
2026-02-08 14:37:01.944185,NewYork-82bb,-4,64,Normal
2026-02-08 14:37:02.944185,NewYork-82bb,-25,47,Normal
2026-02-08 14:37:03.944185,NewYork-82bb,12,52,Normal
2026-02-08 14:37:04.944185,NewYork-82bb,49,72,Normal
2026-02-08 14:37:05.944185,NewYork-82bb,35,7,Normal
2026-02-08 14:37:06.944185,NewYork-82bb,26,96,Normal
2026-02-08 14:37:07.944185,NewYork-82bb,42,69,Normal
2026-02-08 14:37:08.944185,NewYork-82bb,-17,78,Normal
2026-02-08 14:37:09.944185,NewYork-82bb,-9,85,Normal
2026-02-08 14:37:10.944185,NewYork-82bb,0,78,Normal
2026-02-08 14:37:11.944185,NewYork-82bb,-13,81,Normal
2026-02-08 14:37:12.944185,NewYork-82bb,16,74,Normal
2026-02-08 14:37:13.944185,NewYork-82bb,-16,21,Normal
2026-02-08 14:37:14.944185,NewYork-82bb,33,60,Normal
2026-02-08 14:37:15.944185,NewYork-82bb,23,9,Normal
2026-02-08 14:37:16.944185,NewYork-82bb,49,90,Normal
2026-02-08 14:37:17.944185,NewYork-82bb,-24,78,Normal
2026-02-08 14:37:18.944185,NewYork-82bb,6,46,Normal
2026-02-08 14:37:19.944185,NewYork-82bb,50,39,Normal
2026-02-08 14:37:20.944185,NewYork-82bb,13,80,Normal
2026-02-08 14:37:21.944185,NewYork-82bb,1,72,Normal
2026-02-08 14:37:22.944185,NewYork-82bb,2,31,Normal
2026-02-08 14:37:23.944185,NewYork-82bb,13,10,Normal
2026-02-08 14:37:24.944185,NewYork-82bb,-16,54,Normal
2026-02-08 14:37:25.944185,NewYork-82bb,48,10,Normal
2026-02-08 14:37:26.944185,NewYork-82bb,48,88,Normal
2026-02-08 14:37:27.944185,NewYork-82bb,-22,88,Normal
2026-02-08 14:37:28.944185,NewYork-82bb,3,96,Normal
2026-02-08 14:37:29.944185,NewYork-82bb,-10,92,Normal
2026-02-08 14:37:30.944185,NewYork-82bb,9,46,Normal
2026-02-08 14:37:31.944185,NewYork-82bb,23,15,Normal
2026-02-08 14:37:32.944185,NewYork-82bb,24,17,Normal
2026-02-08 14:37:33.944185,NewYork-82bb,24,66,Normal
2026-02-08 14:37:34.944185,NewYork-82bb,18,76,Normal
2026-02-08 14:37:35.944185,NewYork-82bb,32,49,Normal
2026-02-08 14:37:36.944185,NewYork-82bb,49,100,Normal
2026-02-08 14:37:37.944185,NewYork-82bb,13,32,Normal
2026-02-08 14:37:38.944185,NewYork-82bb,36,96,Normal
2026-02-08 14:37:39.944185,NewYork-82bb,27,11,Normal
2026-02-08 14:37:40.944185,NewYork-82bb,-15,49,Normal
2026-02-08 14:37:41.944185,NewYork-82bb,-24,85,Normal
2026-02-08 14:37:42.944185,NewYork-82bb,22,40,Normal
2026-02-08 14:37:43.944185,NewYork-82bb,27,76,Normal
2026-02-08 14:37:44.944185,NewYork-82bb,45,60,Normal
2026-02-08 14:37:45.944185,NewYork-82bb,14,97,Normal
2026-02-08 14:37:46.944185,NewYork-82bb,21,80,Normal
2026-02-08 14:37:47.944185,NewYork-82bb,-18,67,Normal
2026-02-08 14:37:48.944185,NewYork-82bb,-12,48,Normal
2026-02-08 14:37:49.944185,NewYork-82bb,4,23,Normal
2026-02-08 14:37:50.944185,NewYork-82bb,26,30,Normal
2026-02-08 14:37:51.944185,NewYork-82bb,13,97,Normal
2026-02-08 14:37:52.944185,NewYork-82bb,39,12,Normal
2026-02-08 14:37:53.944185,NewYork-82bb,-24,74,Normal
2026-02-08 14:37:54.944185,NewYork-82bb,-1,5,Normal
2026-02-08 14:37:55.944185,NewYork-82bb,-22,47,Normal
2026-02-08 14:37:56.944185,NewYork-82bb,-2,35,Normal
2026-02-08 14:37:57.944185,NewYork-82bb,-22,36,Normal
2026-02-08 14:37:58.944185,NewYork-82bb,2,96,Normal
2026-02-08 14:37:59.944185,NewYork-82bb,18,70,Normal
2026-02-08 14:38:00.944185,NewYork-82bb,-16,29,Normal
2026-02-08 14:38:01.944185,NewYork-82bb,28,47,Normal
2026-02-08 14:38:02.944185,NewYork-82bb,34,56,Normal
2026-02-08 14:38:03.944185,NewYork-82bb,38,11,Normal
2026-02-08 14:38:04.944185,NewYork-82bb,21,56,Normal
2026-02-08 14:38:05.944185,NewYork-82bb,48,55,Normal
2026-02-08 14:38:06.944185,NewYork-82bb,-23,25,Normal
2026-02-08 14:38:07.944185,NewYork-82bb,11,70,Normal
2026-02-08 14:38:08.944185,NewYork-82bb,33,92,Normal
2026-02-08 14:38:09.944185,NewYork-82bb,44,73,Normal
2026-02-08 14:38:10.944185,NewYork-82bb,41,83,Normal
2026-02-08 14:38:11.944185,NewYork-82bb,-28,39,Normal
2026-02-08 14:38:12.944185,NewYork-82bb,-12,80,Normal
2026-02-08 14:38:13.944185,NewYork-82bb,-10,91,Normal
2026-02-08 14:38:14.944185,NewYork-82bb,-14,73,Normal
2026-02-08 14:38:15.944185,NewYork-82bb,31,7,Normal
2026-02-08 14:38:16.944185,NewYork-82bb,22,23,Normal
2026-02-08 14:38:17.944185,NewYork-82bb,28,69,Normal
2026-02-08 14:38:18.944185,NewYork-82bb,28,67,Normal
2026-02-08 14:38:19.944185,NewYork-82bb,21,91,Normal
2026-02-08 14:38:20.944185,NewYork-82bb,42,96,Normal
2026-02-08 14:38:21.944185,NewYork-82bb,-14,24,Normal
2026-02-08 14:38:22.944185,NewYork-82bb,25,20,Normal
2026-02-08 14:38:23.944185,NewYork-82bb,-4,79,Normal
2026-02-08 14:38:24.944185,NewYork-82bb,46,20,Normal
2026-02-08 14:38:25.944185,NewYork-82bb,-4,94,Normal
2026-02-08 14:38:26.944185,NewYork-82bb,-21,38,Normal
2026-02-08 14:38:27.944185,NewYork-82bb,-14,84,Normal
2026-02-08 14:38:28.944185,NewYork-82bb,-8,10,Normal
2026-02-08 14:38:29.944185,NewYork-82bb,46,77,Normal
2026-02-08 14:38:30.944185,NewYork-82bb,7,67,Normal
2026-02-08 14:38:31.944185,NewYork-82bb,21,82,Normal
2026-02-08 14:38:32.944185,NewYork-82bb,36,36,Normal
2026-02-08 14:38:33.944185,NewYork-82bb,30,64,Normal
2026-02-08 14:38:34.944185,NewYork-82bb,7,90,Normal
2026-02-08 14:38:35.944185,NewYork-82bb,16,84,Normal
2026-02-08 14:38:36.944185,NewYork-82bb,38,42,Normal
2026-02-08 14:38:37.944185,NewYork-82bb,44,49,Normal
2026-02-08 14:38:38.944185,NewYork-82bb,-20,80,Normal
2026-02-08 14:38:39.944185,NewYork-82bb,-21,56,Normal
2026-02-08 14:38:40.944185,NewYork-82bb,34,99,Normal
2026-02-08 14:38:41.944185,NewYork-82bb,-16,31,Normal
2026-02-08 14:38:42.944185,NewYork-82bb,7,25,Normal
2026-02-08 14:38:43.944185,NewYork-82bb,47,95,Normal
2026-02-08 14:38:44.944185,NewYork-82bb,41,46,Normal
2026-02-08 14:38:45.944185,NewYork-82bb,9,45,Normal
2026-02-08 14:38:46.944185,NewYork-82bb,24,42,Normal
2026-02-08 14:38:47.944185,NewYork-82bb,-8,17,Normal
2026-02-08 14:38:48.944185,NewYork-82bb,40,100,Normal
2026-02-08 14:38:49.944185,NewYork-82bb,-7,2,Normal
2026-02-08 14:38:50.944185,NewYork-82bb,28,6,Normal
2026-02-08 14:38:51.944185,NewYork-82bb,40,87,Normal
2026-02-08 14:38:52.944185,NewYork-82bb,36,70,Normal
2026-02-08 14:38:53.944185,NewYork-82bb,-12,25,Normal
2026-02-08 14:38:54.944185,NewYork-82bb,-13,32,Normal
2026-02-08 14:38:55.944185,NewYork-82bb,-10,26,Normal
2026-02-08 14:38:56.944185,NewYork-82bb,-28,83,Normal
2026-02-08 14:38:57.944185,NewYork-82bb,36,13,Normal
