timestamp,station_id,temp,humid,condition
2026-02-11 10:35:00.575947,Seoul-a611,31,48,Normal
2026-02-11 10:35:01.575947,Seoul-a611,-19,29,Normal
2026-02-11 10:35:02.575947,Seoul-a611,-26,25,Normal
2026-02-11 10:35:03.575947,Seoul-a611,22,0,Normal
2026-02-11 10:35:04.575947,Seoul-a611,-19,31,Normal
2026-02-11 10:35:05.575947,Seoul-a611,-13,25,Normal
2026-02-11 10:35:06.575947,Seoul-a611,-14,73,Normal
2026-02-11 10:35:07.575947,Seoul-a611,-21,69,Normal
2026-02-11 10:35:08.575947,Seoul-a611,48,26,Normal
2026-02-11 10:35:09.575947,Seoul-a611,4,83,Normal
2026-02-11 10:35:10.575947,Seoul-a611,-16,74,Normal
2026-02-11 10:35:11.575947,Seoul-a611,48,47,Normal
2026-02-11 10:35:12.575947,Seoul-a611,7,43,Normal
2026-02-11 10:35:13.575947,Seoul-a611,-19,99,Normal
2026-02-11 10:35:14.575947,Seoul-a611,-2,21,Normal
2026-02-11 10:35:15.575947,Seoul-a611,36,7,Normal
2026-02-11 10:35:16.575947,Seoul-a611,-12,76,Normal
2026-02-11 10:35:17.575947,Seoul-a611,26,39,Normal
2026-02-11 10:35:18.575947,Seoul-a611,2,91,Normal
2026-02-11 10:35:19.575947,Seoul-a611,13,56,Normal
2026-02-11 10:35:20.575947,Seoul-a611,40,43,Normal
2026-02-11 10:35:21.575947,Seoul-a611,38,63,Normal
2026-02-11 10:35:22.575947,Seoul-a611,-15,25,Normal
2026-02-11 10:35:23.575947,Seoul-a611,44,14,Normal
2026-02-11 10:35:24.575947,Seoul-a611,48,95,Normal
2026-02-11 10:35:25.575947,Seoul-a611,-4,21,Normal
2026-02-11 10:35:26.575947,Seoul-a611,3,95,Normal
2026-02-11 10:35:27.575947,Seoul-a611,-20,20,Normal
2026-02-11 10:35:28.575947,Seoul-a611,-28,46,Normal
2026-02-11 10:35:29.575947,Seoul-a611,-4,39,Normal
2026-02-11 10:35:30.575947,Seoul-a611,-30,37,Normal
2026-02-11 10:35:31.575947,Seoul-a611,13,34,Normal
2026-02-11 10:35:32.575947,Seoul-a611,24,29,Normal
2026-02-11 10:35:33.575947,Seoul-a611,48,9,Normal
2026-02-11 10:35:34.575947,Seoul-a611,-30,71,Normal
2026-02-11 10:35:35.575947,Seoul-a611,-28,21,Normal
2026-02-11 10:35:36.575947,Seoul-a611,8,7,Normal
2026-02-11 10:35:37.575947,Seoul-a611,14,93,Normal
2026-02-11 10:35:38.575947,Seoul-a611,48,46,Normal
2026-02-11 10:35:39.575947,Seoul-a611,-3,33,Normal
2026-02-11 10:35:40.575947,Seoul-a611,-13,32,Normal
2026-02-11 10:35:41.575947,Seoul-a611,-27,84,Normal
2026-02-11 10:35:42.575947,Seoul-a611,-19,97,Normal
2026-02-11 10:35:43.575947,Seoul-a611,35,75,Normal
2026-02-11 10:35:44.575947,Seoul-a611,-20,13,Normal
2026-02-11 10:35:45.575947,Seoul-a611,-25,42,Normal
2026-02-11 10:35:46.575947,Seoul-a611,-30,60,Normal
2026-02-11 10:35:47.575947,Seoul-a611,-1,17,Normal
2026-02-11 10:35:48.575947,Seoul-a611,-27,15,Normal
2026-02-11 10:35:49.575947,Seoul-a611,-26,22,Normal
2026-02-11 10:35:50.575947,Seoul-a611,22,21,Normal
2026-02-11 10:35:51.575947,Seoul-a611,-8,100,Normal
2026-02-11 10:35:52.575947,Seoul-a611,23,62,Normal
2026-02-11 10:35:53.575947,Seoul-a611,38,62,Normal
2026-02-11 10:35:54.575947,Seoul-a611,26,53,Normal
2026-02-11 10:35:55.575947,Seoul-a611,-25,56,Normal
2026-02-11 10:35:56.575947,Seoul-a611,40,3,Normal
2026-02-11 10:35:57.575947,Seoul-a611,-13,27,Normal
2026-02-11 10:35:58.575947,Seoul-a611,34,35,Normal
2026-02-11 10:35:59.575947,Seoul-a611,11,33,Normal
2026-02-11 10:36:00.575947,Seoul-a611,3,23,Normal
2026-02-11 10:36:01.575947,Seoul-a611,-1,20,Normal
2026-02-11 10:36:02.575947,Seoul-a611,-18,82,Normal
2026-02-11 10:36:03.575947,Seoul-a611,-10,36,Normal
2026-02-11 10:36:04.575947,Seoul-a611,30,58,Normal
2026-02-11 10:36:05.575947,Seoul-a611,43,19,Normal
2026-02-11 10:36:06.575947,Seoul-a611,-26,61,Normal
2026-02-11 10:36:07.575947,Seoul-a611,-14,34,Normal
2026-02-11 10:36:08.575947,Seoul-a611,-10,32,Normal
2026-02-11 10:36:09.575947,Seoul-a611,-9,56,Normal
2026-02-11 10:36:10.575947,Seoul-a611,-30,0,Normal
2026-02-11 10:36:11.575947,Seoul-a611,-13,96,Normal
2026-02-11 10:36:12.575947,Seoul-a611,8,25,Normal
2026-02-11 10:36:13.575947,Seoul-a611,-23,17,Normal
2026-02-11 10:36:14.575947,Seoul-a611,-5,50,Normal
2026-02-11 10:36:15.575947,Seoul-a611,25,77,Normal
2026-02-11 10:36:16.575947,Seoul-a611,8,56,Normal
2026-02-11 10:36:17.575947,Seoul-a611,35,36,Normal
2026-02-11 10:36:18.575947,Seoul-a611,36,4,Normal
2026-02-11 10:36:19.575947,Seoul-a611,43,94,Normal
2026-02-11 10:36:20.575947,Seoul-a611,46,64,Normal
2026-02-11 10:36:21.575947,Seoul-a611,-8,98,Normal
2026-02-11 10:36:22.575947,Seoul-a611,24,43,Normal
2026-02-11 10:36:23.575947,Seoul-a611,2,55,Normal
2026-02-11 10:36:24.575947,Seoul-a611,8,79,Normal
2026-02-11 10:36:25.575947,Seoul-a611,18,15,Normal
2026-02-11 10:36:26.575947,Seoul-a611,37,43,Normal
2026-02-11 10:36:27.575947,Seoul-a611,2,45,Normal
2026-02-11 10:36:28.575947,Seoul-a611,44,73,Normal
2026-02-11 10:36:29.575947,Seoul-a611,18,40,Normal
2026-02-11 10:36:30.575947,Seoul-a611,20,39,Normal
2026-02-11 10:36:31.575947,Seoul-a611,46,15,Normal
2026-02-11 10:36:32.575947,Seoul-a611,-6,5,Normal
2026-02-11 10:36:33.575947,Seoul-a611,-17,51,Normal
2026-02-11 10:36:34.575947,Seoul-a611,-2,34,Normal
2026-02-11 10:36:35.575947,Seoul-a611,27,7,Normal
2026-02-11 10:36:36.575947,Seoul-a611,34,27,Normal
2026-02-11 10:36:37.575947,Seoul-a611,25,24,Normal
2026-02-11 10:36:38.575947,Seoul-a611,3,36,Normal
2026-02-11 10:36:39.575947,Seoul-a611,-4,71,Normal
2026-02-11 10:36:40.575947,Seoul-a611,32,64,Normal
2026-02-11 10:36:41.575947,Seoul-a611,12,94,Normal
2026-02-11 10:36:42.575947,Seoul-a611,36,49,Normal
2026-02-11 10:36:43.575947,Seoul-a611,30,34,Normal
2026-02-11 10:36:44.575947,Seoul-a611,10,38,Normal
2026-02-11 10:36:45.575947,Seoul-a611,12,38,Normal
2026-02-11 10:36:46.575947,Seoul-a611,31,82,Normal
2026-02-11 10:36:47.575947,Seoul-a611,0,95,Normal
2026-02-11 10:36:48.575947,Seoul-a611,44,61,Normal
2026-02-11 10:36:49.575947,Seoul-a611,42,10,Normal
2026-02-11 10:36:50.575947,Seoul-a611,-8,44,Normal
2026-02-11 10:36:51.575947,Seoul-a611,17,66,Normal
2026-02-11 10:36:52.575947,Seoul-a611,50,27,Normal
2026-02-11 10:36:53.575947,Seoul-a611,21,56,Normal
2026-02-11 10:36:54.575947,Seoul-a611,37,0,Normal
2026-02-11 10:36:55.575947,Seoul-a611,31,47,Normal
2026-02-11 10:36:56.575947,Seoul-a611,-20,55,Normal
2026-02-11 10:36:57.575947,Seoul-a611,41,45,Normal
2026-02-11 10:36:58.575947,Seoul-a611,34,8,Normal
2026-02-11 10:36:59.575947,Seoul-a611,0,26,Normal
2026-02-11 10:37:00.575947,Seoul-a611,-1,65,Normal
2026-02-11 10:37:01.575947,Seoul-a611,3,3,Normal
2026-02-11 10:37:02.575947,Seoul-a611,-16,57,Normal
2026-02-11 10:37:03.575947,Seoul-a611,22,70,Normal
2026-02-11 10:37:04.575947,Seoul-a611,3,15,Normal
2026-02-11 10:37:05.575947,Seoul-a611,28,41,Normal
2026-02-11 10:37:06.575947,Seoul-a611,-3,7,Normal
2026-02-11 10:37:07.575947,Seoul-a611,41,30,Normal
2026-02-11 10:37:08.575947,Seoul-a611,40,91,Normal
2026-02-11 10:37:09.575947,Seoul-a611,-5,46,Normal
2026-02-11 10:37:10.575947,Seoul-a611,-1,71,Normal
2026-02-11 10:37:11.575947,Seoul-a611,-18,24,Normal
2026-02-11 10:37:12.575947,Seoul-a611,39,37,Normal
2026-02-11 10:37:13.575947,Seoul-a611,21,1,Normal
2026-02-11 10:37:14.575947,Seoul-a611,8,67,Normal
2026-02-11 10:37:15.575947,Seoul-a611,-2,92,Normal
2026-02-11 10:37:16.575947,Seoul-a611,3,85,Normal
2026-02-11 10:37:17.575947,Seoul-a611,-15,18,Normal
2026-02-11 10:37:18.575947,Seoul-a611,-8,50,Normal
2026-02-11 10:37:19.575947,Seoul-a611,47,29,Normal
2026-02-11 10:37:20.575947,Seoul-a611,17,45,Normal
2026-02-11 10:37:21.575947,Seoul-a611,10,76,Normal
2026-02-11 10:37:22.575947,Seoul-a611,27,81,Normal
2026-02-11 10:37:23.575947,Seoul-a611,-17,20,Normal
2026-02-11 10:37:24.575947,Seoul-a611,-19,41,Normal
2026-02-11 10:37:25.575947,Seoul-a611,-22,15,Normal
2026-02-11 10:37:26.575947,Seoul-a611,2,73,Normal
2026-02-11 10:37:27.575947,Seoul-a611,15,86,Normal
2026-02-11 10:37:28.575947,Seoul-a611,46,85,Normal
2026-02-11 10:37:29.575947,Seoul-a611,-23,28,Normal
2026-02-11 10:37:30.575947,Seoul-a611,-1,0,Normal
2026-02-11 10:37:31.575947,Seoul-a611,44,54,Normal
2026-02-11 10:37:32.575947,Seoul-a611,-12,18,Normal
2026-02-11 10:37:33.575947,Seoul-a611,-23,76,Normal
2026-02-11 10:37:34.575947,Seoul-a611,14,72,Normal
2026-02-11 10:37:35.575947,Seoul-a611,-20,58,Normal
2026-02-11 10:37:36.575947,Seoul-a611,30,80,Normal
2026-02-11 10:37:37.575947,Seoul-a611,43,32,Normal
2026-02-11 10:37:38.575947,Seoul-a611,24,92,Normal
2026-02-11 10:37:39.575947,Seoul-a611,-10,73,Normal
2026-02-11 10:37:40.575947,Seoul-a611,27,93,Normal
2026-02-11 10:37:41.575947,Seoul-a611,36,33,Normal
2026-02-11 10:37:42.575947,Seoul-a611,16,95,Normal
2026-02-11 10:37:43.575947,Seoul-a611,28,56,Normal
2026-02-11 10:37:44.575947,Seoul-a611,18,46,Normal
2026-02-11 10:37:45.575947,Seoul-a611,-5,19,Normal
2026-02-11 10:37:46.575947,Seoul-a611,29,1,Normal
2026-02-11 10:37:47.575947,Seoul-a611,-22,48,Normal
2026-02-11 10:37:48.575947,Seoul-a611,48,18,Normal
2026-02-11 10:37:49.575947,Seoul-a611,24,73,Normal
2026-02-11 10:37:50.575947,Seoul-a611,13,47,Normal
2026-02-11 10:37:51.575947,Seoul-a611,16,94,Normal
2026-02-11 10:37:52.575947,Seoul-a611,10,4,Normal
2026-02-11 10:37:53.575947,Seoul-a611,41,10,Normal
2026-02-11 10:37:54.575947,Seoul-a611,-23,81,Normal
2026-02-11 10:37:55.575947,Seoul-a611,-20,27,Normal
2026-02-11 10:37:56.575947,Seoul-a611,-28,60,Normal
2026-02-11 10:37:57.575947,Seoul-a611,19,8,Normal
2026-02-11 10:37:58.575947,Seoul-a611,38,75,Normal
2026-02-11 10:37:59.575947,Seoul-a611,37,35,Normal
2026-02-11 10:38:00.575947,Seoul-a611,-7,16,Normal
2026-02-11 10:38:01.575947,Seoul-a611,28,61,Normal
2026-02-11 10:38:02.575947,Seoul-a611,29,28,Normal
2026-02-11 10:38:03.575947,Seoul-a611,-7,57,Normal
2026-02-11 10:38:04.575947,Seoul-a611,-5,50,Normal
2026-02-11 10:38:05.575947,Seoul-a611,-19,67,Normal
2026-02-11 10:38:06.575947,Seoul-a611,22,2,Normal
2026-02-11 10:38:07.575947,Seoul-a611,47,32,Normal
2026-02-11 10:38:08.575947,Seoul-a611,29,38,Normal
2026-02-11 10:38:09.575947,Seoul-a611,33,67,Normal
2026-02-11 10:38:10.575947,Seoul-a611,7,60,Normal
2026-02-11 10:38:11.575947,Seoul-a611,-13,6,Normal
2026-02-11 10:38:12.575947,Seoul-a611,3,68,Normal
2026-02-11 10:38:13.575947,Seoul-a611,7,90,Normal
2026-02-11 10:38:14.575947,Seoul-a611,36,9,Normal
2026-02-11 10:38:15.575947,Seoul-a611,30,3,Normal
2026-02-11 10:38:16.575947,Seoul-a611,48,19,Normal
2026-02-11 10:38:17.575947,Seoul-a611,28,42,Normal
2026-02-11 10:38:18.575947,Seoul-a611,44,50,Normal
2026-02-11 10:38:19.575947,Seoul-a611,-19,25,Normal
2026-02-11 10:38:20.575947,Seoul-a611,-23,39,Normal
2026-02-11 10:38:21.575947,Seoul-a611,-24,80,Normal
2026-02-11 10:38:22.575947,Seoul-a611,-4,35,Normal
2026-02-11 10:38:23.575947,Seoul-a611,46,41,Normal
2026-02-11 10:38:24.575947,Seoul-a611,-23,78,Normal
2026-02-11 10:38:25.575947,Seoul-a611,-5,18,Normal
2026-02-11 10:38:26.575947,Seoul-a611,-20,53,Normal
2026-02-11 10:38:27.575947,Seoul-a611,-10,18,Normal
2026-02-11 10:38:28.575947,Seoul-a611,32,61,Normal
2026-02-11 10:38:29.575947,Seoul-a611,8,4,Normal
2026-02-11 10:38:30.575947,Seoul-a611,22,89,Normal
2026-02-11 10:38:31.575947,Seoul-a611,21,32,Normal
2026-02-11 10:38:32.575947,Seoul-a611,-12,67,Normal
2026-02-11 10:38:33.575947,Seoul-a611,-19,14,Normal
2026-02-11 10:38:34.575947,Seoul-a611,-30,40,Normal
2026-02-11 10:38:35.575947,Seoul-a611,38,98,Normal
2026-02-11 10:38:36.575947,Seoul-a611,29,64,Normal
2026-02-11 10:38:37.575947,Seoul-a611,42,51,Normal
2026-02-11 10:38:38.575947,Seoul-a611,46,92,Normal
2026-02-11 10:38:39.575947,Seoul-a611,-1,96,Normal
2026-02-11 10:38:40.575947,Seoul-a611,-19,15,Normal
2026-02-11 10:38:41.575947,Seoul-a611,42,45,Normal
2026-02-11 10:38:42.575947,Seoul-a611,-26,2,Normal
2026-02-11 10:38:43.575947,Seoul-a611,44,7,Normal
2026-02-11 10:38:44.575947,Seoul-a611,17,80,Normal
2026-02-11 10:38:45.575947,Seoul-a611,24,2,Normal
2026-02-11 10:38:46.575947,Seoul-a611,32,25,Normal
2026-02-11 10:38:47.575947,Seoul-a611,49,88,Normal
2026-02-11 10:38:48.575947,Seoul-a611,-9,46,Normal
2026-02-11 10:38:49.575947,Seoul-a611,11,46,Normal
2026-02-11 10:38:50.575947,Seoul-a611,-30,100,Normal
2026-02-11 10:38:51.575947,Seoul-a611,6,14,Normal
2026-02-11 10:38:52.575947,Seoul-a611,43,6,Normal
2026-02-11 10:38:53.575947,Seoul-a611,15,38,Normal
2026-02-11 10:38:54.575947,Seoul-a611,-18,93,Normal
2026-02-11 10:38:55.575947,Seoul-a611,42,72,Normal
2026-02-11 10:38:56.575947,Seoul-a611,-5,73,Normal
2026-02-11 10:38:57.575947,Seoul-a611,-29,38,Normal
2026-02-11 10:38:58.575947,Seoul-a611,16,67,Normal
2026-02-11 10:38:59.575947,Seoul-a611,-6,81,Normal
2026-02-11 10:39:00.575947,Seoul-a611,20,29,Normal
2026-02-11 10:39:01.575947,Seoul-a611,-7,16,Normal
2026-02-11 10:39:02.575947,Seoul-a611,29,15,Normal
2026-02-11 10:39:03.575947,Seoul-a611,50,4,Normal
2026-02-11 10:39:04.575947,Seoul-a611,37,66,Normal
2026-02-11 10:39:05.575947,Seoul-a611,3,54,Normal
2026-02-11 10:39:06.575947,Seoul-a611,31,4,Normal
2026-02-11 10:39:07.575947,Seoul-a611,44,94,Normal
2026-02-11 10:39:08.575947,Seoul-a611,33,79,Normal
2026-02-11 10:39:09.575947,Seoul-a611,-9,61,Normal
2026-02-11 10:39:10.575947,Seoul-a611,22,31,Normal
2026-02-11 10:39:11.575947,Seoul-a611,-4,2,Normal
2026-02-11 10:39:12.575947,Seoul-a611,7,93,Normal
2026-02-11 10:39:13.575947,Seoul-a611,-1,62,Normal
2026-02-11 10:39:14.575947,Seoul-a611,26,4,Normal
2026-02-11 10:39:15.575947,Seoul-a611,-10,77,Normal
2026-02-11 10:39:16.575947,Seoul-a611,-17,95,Normal
2026-02-11 10:39:17.575947,Seoul-a611,-9,0,Normal
2026-02-11 10:39:18.575947,Seoul-a611,23,12,Normal
2026-02-11 10:39:19.575947,Seoul-a611,40,35,Normal
2026-02-11 10:39:20.575947,Seoul-a611,21,14,Normal
2026-02-11 10:39:21.575947,Seoul-a611,24,78,Normal
2026-02-11 10:39:22.575947,Seoul-a611,17,12,Normal
2026-02-11 10:39:23.575947,Seoul-a611,43,6,Normal
2026-02-11 10:39:24.575947,Seoul-a611,10,70,Normal
2026-02-11 10:39:25.575947,Seoul-a611,34,34,Normal
2026-02-11 10:39:26.575947,Seoul-a611,17,35,Normal
2026-02-11 10:39:27.575947,Seoul-a611,5,45,Normal
2026-02-11 10:39:28.575947,Seoul-a611,12,54,Normal
2026-02-11 10:39:29.575947,Seoul-a611,12,29,Normal
2026-02-11 10:39:30.575947,Seoul-a611,-14,27,Normal
2026-02-11 10:39:31.575947,Seoul-a611,9,15,Normal
2026-02-11 10:39:32.575947,Seoul-a611,-6,22,Normal
2026-02-11 10:39:33.575947,Seoul-a611,26,86,Normal
2026-02-11 10:39:34.575947,Seoul-a611,45,79,Normal
2026-02-11 10:39:35.575947,Seoul-a611,24,32,Normal
2026-02-11 10:39:36.575947,Seoul-a611,-17,63,Normal
2026-02-11 10:39:37.575947,Seoul-a611,15,77,Normal
2026-02-11 10:39:38.575947,Seoul-a611,-24,36,Normal
2026-02-11 10:39:39.575947,Seoul-a611,2,37,Normal
2026-02-11 10:39:40.575947,Seoul-a611,11,78,Normal
2026-02-11 10:39:41.575947,Seoul-a611,41,32,Normal
2026-02-11 10:39:42.575947,Seoul-a611,28,93,Normal
2026-02-11 10:39:43.575947,Seoul-a611,2,26,Normal
2026-02-11 10:39:44.575947,Seoul-a611,39,97,Normal
2026-02-11 10:39:45.575947,Seoul-a611,-27,98,Normal
2026-02-11 10:39:46.575947,Seoul-a611,14,30,Normal
2026-02-11 10:39:47.575947,Seoul-a611,16,60,Normal
2026-02-11 10:39:48.575947,Seoul-a611,-6,41,Normal
2026-02-11 10:39:49.575947,Seoul-a611,15,88,Normal
2026-02-11 10:39:50.575947,Seoul-a611,-3,74,Normal
2026-02-11 10:39:51.575947,Seoul-a611,37,61,Normal
2026-02-11 10:39:52.575947,Seoul-a611,3,16,Normal
2026-02-11 10:39:53.575947,Seoul-a611,21,21,Normal
2026-02-11 10:39:54.575947,Seoul-a611,-12,64,Normal
2026-02-11 10:39:55.575947,Seoul-a611,4,90,Normal
2026-02-11 10:39:56.575947,Seoul-a611,-1,88,Normal
2026-02-11 10:39:57.575947,Seoul-a611,7,71,Normal
2026-02-11 10:39:58.575947,Seoul-a611,40,77,Normal
2026-02-11 10:39:59.575947,Seoul-a611,-22,61,Normal
2026-02-11 10:40:00.575947,Seoul-a611,1,50,Normal
2026-02-11 10:40:01.575947,Seoul-a611,-19,26,Normal
2026-02-11 10:40:02.575947,Seoul-a611,45,55,Normal
2026-02-11 10:40:03.575947,Seoul-a611,46,61,Normal
2026-02-11 10:40:04.575947,Seoul-a611,36,77,Normal
2026-02-11 10:40:05.575947,Seoul-a611,9,91,Normal
2026-02-11 10:40:06.575947,Seoul-a611,47,60,Normal
2026-02-11 10:40:07.575947,Seoul-a611,-15,86,Normal
2026-02-11 10:40:08.575947,Seoul-a611,12,52,Normal
2026-02-11 10:40:09.575947,Seoul-a611,-10,31,Normal
2026-02-11 10:40:10.575947,Seoul-a611,16,78,Normal
2026-02-11 10:40:11.575947,Seoul-a611,38,68,Normal
2026-02-11 10:40:12.575947,Seoul-a611,-8,28,Normal
2026-02-11 10:40:13.575947,Seoul-a611,15,6,Normal
2026-02-11 10:40:14.575947,Seoul-a611,-2,12,Normal
2026-02-11 10:40:15.575947,Seoul-a611,-20,84,Normal
2026-02-11 10:40:16.575947,Seoul-a611,14,0,Normal
2026-02-11 10:40:17.575947,Seoul-a611,42,4,Normal
2026-02-11 10:40:18.575947,Seoul-a611,45,47,Normal
2026-02-11 10:40:19.575947,Seoul-a611,43,99,Normal
2026-02-11 10:40:20.575947,Seoul-a611,-26,89,Normal
2026-02-11 10:40:21.575947,Seoul-a611,5,85,Normal
2026-02-11 10:40:22.575947,Seoul-a611,23,42,Normal
2026-02-11 10:40:23.575947,Seoul-a611,26,56,Normal
2026-02-11 10:40:24.575947,Seoul-a611,36,37,Normal
2026-02-11 10:40:25.575947,Seoul-a611,-13,7,Normal
2026-02-11 10:40:26.575947,Seoul-a611,-17,76,Normal
2026-02-11 10:40:27.575947,Seoul-a611,-17,22,Normal
2026-02-11 10:40:28.575947,Seoul-a611,13,88,Normal
2026-02-11 10:40:29.575947,Seoul-a611,-27,86,Normal
2026-02-11 10:40:30.575947,Seoul-a611,27,79,Normal
2026-02-11 10:40:31.575947,Seoul-a611,33,47,Normal
2026-02-11 10:40:32.575947,Seoul-a611,14,23,Normal
2026-02-11 10:40:33.575947,Seoul-a611,5,4,Normal
2026-02-11 10:40:34.575947,Seoul-a611,34,26,Normal
2026-02-11 10:40:35.575947,Seoul-a611,49,66,Normal
2026-02-11 10:40:36.575947,Seoul-a611,15,94,Normal
2026-02-11 10:40:37.575947,Seoul-a611,2,98,Normal
2026-02-11 10:40:38.575947,Seoul-a611,-25,66,Normal
2026-02-11 10:40:39.575947,Seoul-a611,6,92,Normal
2026-02-11 10:40:40.575947,Seoul-a611,34,100,Normal
2026-02-11 10:40:41.575947,Seoul-a611,48,30,Normal
2026-02-11 10:40:42.575947,Seoul-a611,-15,2,Normal
2026-02-11 10:40:43.575947,Seoul-a611,7,72,Normal
2026-02-11 10:40:44.575947,Seoul-a611,7,15,Normal
2026-02-11 10:40:45.575947,Seoul-a611,-26,96,Normal
2026-02-11 10:40:46.575947,Seoul-a611,-30,87,Normal
2026-02-11 10:40:47.575947,Seoul-a611,19,61,Normal
2026-02-11 10:40:48.575947,Seoul-a611,-21,38,Normal
2026-02-11 10:40:49.575947,Seoul-a611,15,29,Normal
2026-02-11 10:40:50.575947,Seoul-a611,-4,100,Normal
2026-02-11 10:40:51.575947,Seoul-a611,-6,58,Normal
2026-02-11 10:40:52.575947,Seoul-a611,41,70,Normal
2026-02-11 10:40:53.575947,Seoul-a611,25,59,Normal
2026-02-11 10:40:54.575947,Seoul-a611,-16,47,Normal
2026-02-11 10:40:55.575947,Seoul-a611,9,67,Normal
2026-02-11 10:40:56.575947,Seoul-a611,37,0,Normal
2026-02-11 10:40:57.575947,Seoul-a611,1,96,Normal
2026-02-11 10:40:58.575947,Seoul-a611,24,75,Normal
2026-02-11 10:40:59.575947,Seoul-a611,-16,72,Normal
2026-02-11 10:41:00.575947,Seoul-a611,-11,45,Normal
2026-02-11 10:41:01.575947,Seoul-a611,44,31,Normal
2026-02-11 10:41:02.575947,Seoul-a611,-22,3,Normal
2026-02-11 10:41:03.575947,Seoul-a611,34,79,Normal
2026-02-11 10:41:04.575947,Seoul-a611,17,21,Normal
2026-02-11 10:41:05.575947,Seoul-a611,33,92,Normal
2026-02-11 10:41:06.575947,Seoul-a611,-6,90,Normal
2026-02-11 10:41:07.575947,Seoul-a611,4,96,Normal
2026-02-11 10:41:08.575947,Seoul-a611,-9,82,Normal
2026-02-11 10:41:09.575947,Seoul-a611,14,8,Normal
2026-02-11 10:41:10.575947,Seoul-a611,-19,88,Normal
2026-02-11 10:41:11.575947,Seoul-a611,32,29,Normal
2026-02-11 10:41:12.575947,Seoul-a611,35,14,Normal
2026-02-11 10:41:13.575947,Seoul-a611,6,48,Normal
2026-02-11 10:41:14.575947,Seoul-a611,41,65,Normal
2026-02-11 10:41:15.575947,Seoul-a611,35,57,Normal
2026-02-11 10:41:16.575947,Seoul-a611,-27,90,Normal
2026-02-11 10:41:17.575947,Seoul-a611,4,28,Normal
2026-02-11 10:41:18.575947,Seoul-a611,32,30,Normal
2026-02-11 10:41:19.575947,Seoul-a611,49,12,Normal
2026-02-11 10:41:20.575947,Seoul-a611,18,11,Normal
2026-02-11 10:41:21.575947,Seoul-a611,-29,37,Normal
2026-02-11 10:41:22.575947,Seoul-a611,30,94,Normal
2026-02-11 10:41:23.575947,Seoul-a611,25,11,Normal
2026-02-11 10:41:24.575947,Seoul-a611,38,67,Normal
2026-02-11 10:41:25.575947,Seoul-a611,-16,93,Normal
2026-02-11 10:41:26.575947,Seoul-a611,-12,89,Normal
2026-02-11 10:41:27.575947,Seoul-a611,14,45,Normal
2026-02-11 10:41:28.575947,Seoul-a611,-21,92,Normal
2026-02-11 10:41:29.575947,Seoul-a611,-7,69,Normal
2026-02-11 10:41:30.575947,Seoul-a611,5,24,Normal
2026-02-11 10:41:31.575947,Seoul-a611,40,27,Normal
2026-02-11 10:41:32.575947,Seoul-a611,11,91,Normal
2026-02-11 10:41:33.575947,Seoul-a611,-4,80,Normal
2026-02-11 10:41:34.575947,Seoul-a611,48,3,Normal
2026-02-11 10:41:35.575947,Seoul-a611,17,27,Normal
2026-02-11 10:41:36.575947,Seoul-a611,-7,20,Normal
2026-02-11 10:41:37.575947,Seoul-a611,4,37,Normal
2026-02-11 10:41:38.575947,Seoul-a611,42,59,Normal
2026-02-11 10:41:39.575947,Seoul-a611,3,93,Normal
2026-02-11 10:41:40.575947,Seoul-a611,47,76,Normal
2026-02-11 10:41:41.575947,Seoul-a611,46,93,Normal
2026-02-11 10:41:42.575947,Seoul-a611,29,83,Normal
2026-02-11 10:41:43.575947,Seoul-a611,-7,53,Normal
2026-02-11 10:41:44.575947,Seoul-a611,-6,88,Normal
2026-02-11 10:41:45.575947,Seoul-a611,3,31,Normal
2026-02-11 10:41:46.575947,Seoul-a611,-8,93,Normal
2026-02-11 10:41:47.575947,Seoul-a611,19,82,Normal
2026-02-11 10:41:48.575947,Seoul-a611,-25,1,Normal
2026-02-11 10:41:49.575947,Seoul-a611,-17,97,Normal
2026-02-11 10:41:50.575947,Seoul-a611,22,98,Normal
2026-02-11 10:41:51.575947,Seoul-a611,2,53,Normal
2026-02-11 10:41:52.575947,Seoul-a611,-14,20,Normal
2026-02-11 10:41:53.575947,Seoul-a611,41,48,Normal
2026-02-11 10:41:54.575947,Seoul-a611,-12,5,Normal
2026-02-11 10:41:55.575947,Seoul-a611,38,21,Normal
2026-02-11 10:41:56.575947,Seoul-a611,22,24,Normal
2026-02-11 10:41:57.575947,Seoul-a611,35,68,Normal
2026-02-11 10:41:58.575947,Seoul-a611,25,15,Normal
2026-02-11 10:41:59.575947,Seoul-a611,-26,12,Normal
2026-02-11 10:42:00.575947,Seoul-a611,26,0,Normal
2026-02-11 10:42:01.575947,Seoul-a611,23,77,Normal
2026-02-11 10:42:02.575947,Seoul-a611,32,90,Normal
2026-02-11 10:42:03.575947,Seoul-a611,4,100,Normal
2026-02-11 10:42:04.575947,Seoul-a611,31,20,Normal
2026-02-11 10:42:05.575947,Seoul-a611,5,94,Normal
2026-02-11 10:42:06.575947,Seoul-a611,-6,95,Normal
2026-02-11 10:42:07.575947,Seoul-a611,-7,98,Normal
2026-02-11 10:42:08.575947,Seoul-a611,14,63,Normal
2026-02-11 10:42:09.575947,Seoul-a611,24,6,Normal
2026-02-11 10:42:10.575947,Seoul-a611,13,38,Normal
2026-02-11 10:42:11.575947,Seoul-a611,39,84,Normal
2026-02-11 10:42:12.575947,Seoul-a611,-22,32,Normal
2026-02-11 10:42:13.575947,Seoul-a611,-5,79,Normal
2026-02-11 10:42:14.575947,Seoul-a611,-3,1,Normal
2026-02-11 10:42:15.575947,Seoul-a611,10,37,Normal
2026-02-11 10:42:16.575947,Seoul-a611,6,78,Normal
2026-02-11 10:42:17.575947,Seoul-a611,27,56,Normal
2026-02-11 10:42:18.575947,Seoul-a611,22,71,Normal
2026-02-11 10:42:19.575947,Seoul-a611,-28,65,Normal
2026-02-11 10:42:20.575947,Seoul-a611,5,37,Normal
2026-02-11 10:42:21.575947,Seoul-a611,-25,88,Normal
2026-02-11 10:42:22.575947,Seoul-a611,40,65,Normal
2026-02-11 10:42:23.575947,Seoul-a611,12,80,Normal
2026-02-11 10:42:24.575947,Seoul-a611,17,96,Normal
2026-02-11 10:42:25.575947,Seoul-a611,-12,98,Normal
2026-02-11 10:42:26.575947,Seoul-a611,22,80,Normal
2026-02-11 10:42:27.575947,Seoul-a611,25,61,Normal
2026-02-11 10:42:28.575947,Seoul-a611,-28,73,Normal
2026-02-11 10:42:29.575947,Seoul-a611,17,46,Normal
2026-02-11 10:42:30.575947,Seoul-a611,35,91,Normal
2026-02-11 10:42:31.575947,Seoul-a611,50,83,Normal
2026-02-11 10:42:32.575947,Seoul-a611,28,65,Normal
2026-02-11 10:42:33.575947,Seoul-a611,38,71,Normal
2026-02-11 10:42:34.575947,Seoul-a611,-29,29,Normal
2026-02-11 10:42:35.575947,Seoul-a611,37,48,Normal
2026-02-11 10:42:36.575947,Seoul-a611,-25,70,Normal
2026-02-11 10:42:37.575947,Seoul-a611,-28,81,Normal
2026-02-11 10:42:38.575947,Seoul-a611,20,45,Normal
2026-02-11 10:42:39.575947,Seoul-a611,13,81,Normal
2026-02-11 10:42:40.575947,Seoul-a611,-6,82,Normal
2026-02-11 10:42:41.575947,Seoul-a611,1,78,Normal
2026-02-11 10:42:42.575947,Seoul-a611,43,3,Normal
2026-02-11 10:42:43.575947,Seoul-a611,-30,93,Normal
2026-02-11 10:42:44.575947,Seoul-a611,-25,86,Normal
2026-02-11 10:42:45.575947,Seoul-a611,35,9,Normal
2026-02-11 10:42:46.575947,Seoul-a611,-15,50,Normal
2026-02-11 10:42:47.575947,Seoul-a611,32,51,Normal
2026-02-11 10:42:48.575947,Seoul-a611,22,24,Normal
2026-02-11 10:42:49.575947,Seoul-a611,-24,34,Normal
2026-02-11 10:42:50.575947,Seoul-a611,32,79,Normal
2026-02-11 10:42:51.575947,Seoul-a611,-4,37,Normal
2026-02-11 10:42:52.575947,Seoul-a611,31,24,Normal
2026-02-11 10:42:53.575947,Seoul-a611,35,87,Normal
2026-02-11 10:42:54.575947,Seoul-a611,30,8,Normal
2026-02-11 10:42:55.575947,Seoul-a611,-29,57,Normal
2026-02-11 10:42:56.575947,Seoul-a611,-1,85,Normal
2026-02-11 10:42:57.575947,Seoul-a611,6,0,Normal
2026-02-11 10:42:58.575947,Seoul-a611,10,41,Normal
2026-02-11 10:42:59.575947,Seoul-a611,35,86,Normal
2026-02-11 10:43:00.575947,Seoul-a611,-25,68,Normal
2026-02-11 10:43:01.575947,Seoul-a611,14,70,Normal
2026-02-11 10:43:02.575947,Seoul-a611,26,15,Normal
2026-02-11 10:43:03.575947,Seoul-a611,7,14,Normal
2026-02-11 10:43:04.575947,Seoul-a611,19,4,Normal
2026-02-11 10:43:05.575947,Seoul-a611,-16,2,Normal
2026-02-11 10:43:06.575947,Seoul-a611,49,83,Normal
2026-02-11 10:43:07.575947,Seoul-a611,49,77,Normal
2026-02-11 10:43:08.575947,Seoul-a611,-19,86,Normal
2026-02-11 10:43:09.575947,Seoul-a611,-4,80,Normal
2026-02-11 10:43:10.575947,Seoul-a611,26,58,Normal
2026-02-11 10:43:11.575947,Seoul-a611,-17,52,Normal
2026-02-11 10:43:12.575947,Seoul-a611,-4,99,Normal
2026-02-11 10:43:13.575947,Seoul-a611,-23,65,Normal
2026-02-11 10:43:14.575947,Seoul-a611,18,63,Normal
2026-02-11 10:43:15.575947,Seoul-a611,48,56,Normal
2026-02-11 10:43:16.575947,Seoul-a611,18,37,Normal
2026-02-11 10:43:17.575947,Seoul-a611,47,15,Normal
2026-02-11 10:43:18.575947,Seoul-a611,-28,36,Normal
2026-02-11 10:43:19.575947,Seoul-a611,-19,2,Normal
2026-02-11 10:43:20.575947,Seoul-a611,3,80,Normal
2026-02-11 10:43:21.575947,Seoul-a611,22,11,Normal
2026-02-11 10:43:22.575947,Seoul-a611,-19,96,Normal
2026-02-11 10:43:23.575947,Seoul-a611,21,100,Normal
2026-02-11 10:43:24.575947,Seoul-a611,-10,3,Normal
2026-02-11 10:43:25.575947,Seoul-a611,-13,71,Normal
2026-02-11 10:43:26.575947,Seoul-a611,-16,16,Normal
2026-02-11 10:43:27.575947,Seoul-a611,21,79,Normal
2026-02-11 10:43:28.575947,Seoul-a611,0,84,Normal
2026-02-11 10:43:29.575947,Seoul-a611,11,33,Normal
2026-02-11 10:43:30.575947,Seoul-a611,-15,41,Normal
2026-02-11 10:43:31.575947,Seoul-a611,-8,86,Normal
2026-02-11 10:43:32.575947,Seoul-a611,46,46,Normal
2026-02-11 10:43:33.575947,Seoul-a611,10,88,Normal
2026-02-11 10:43:34.575947,Seoul-a611,31,98,Normal
2026-02-11 10:43:35.575947,Seoul-a611,11,94,Normal
2026-02-11 10:43:36.575947,Seoul-a611,23,18,Normal
2026-02-11 10:43:37.575947,Seoul-a611,8,51,Normal
2026-02-11 10:43:38.575947,Seoul-a611,-4,68,Normal
2026-02-11 10:43:39.575947,Seoul-a611,-23,55,Normal
2026-02-11 10:43:40.575947,Seoul-a611,-21,50,Normal
2026-02-11 10:43:41.575947,Seoul-a611,49,73,Normal
2026-02-11 10:43:42.575947,Seoul-a611,-3,26,Normal
2026-02-11 10:43:43.575947,Seoul-a611,-10,56,Normal
2026-02-11 10:43:44.575947,Seoul-a611,-6,37,Normal
2026-02-11 10:43:45.575947,Seoul-a611,-25,69,Normal
2026-02-11 10:43:46.575947,Seoul-a611,32,91,Normal
2026-02-11 10:43:47.575947,Seoul-a611,0,26,Normal
2026-02-11 10:43:48.575947,Seoul-a611,-27,91,Normal
2026-02-11 10:43:49.575947,Seoul-a611,-13,6,Normal
2026-02-11 10:43:50.575947,Seoul-a611,-6,25,Normal
2026-02-11 10:43:51.575947,Seoul-a611,15,5,Normal
2026-02-11 10:43:52.575947,Seoul-a611,-16,45,Normal
2026-02-11 10:43:53.575947,Seoul-a611,-20,64,Normal
2026-02-11 10:43:54.575947,Seoul-a611,8,82,Normal
2026-02-11 10:43:55.575947,Seoul-a611,6,86,Normal
2026-02-11 10:43:56.575947,Seoul-a611,47,32,Normal
2026-02-11 10:43:57.575947,Seoul-a611,42,98,Normal
2026-02-11 10:43:58.575947,Seoul-a611,10,24,Normal
2026-02-11 10:43:59.575947,Seoul-a611,-17,64,Normal
2026-02-11 10:44:00.575947,Seoul-a611,14,22,Normal
2026-02-11 10:44:01.575947,Seoul-a611,-20,43,Normal
2026-02-11 10:44:02.575947,Seoul-a611,-20,72,Normal
2026-02-11 10:44:03.575947,Seoul-a611,50,21,Normal
2026-02-11 10:44:04.575947,Seoul-a611,2,50,Normal
2026-02-11 10:44:05.575947,Seoul-a611,-10,38,Normal
2026-02-11 10:44:06.575947,Seoul-a611,9,40,Normal
2026-02-11 10:44:07.575947,Seoul-a611,-29,10,Normal
2026-02-11 10:44:08.575947,Seoul-a611,39,89,Normal
2026-02-11 10:44:09.575947,Seoul-a611,11,6,Normal
2026-02-11 10:44:10.575947,Seoul-a611,47,98,Normal
2026-02-11 10:44:11.575947,Seoul-a611,22,14,Normal
2026-02-11 10:44:12.575947,Seoul-a611,39,75,Normal
2026-02-11 10:44:13.575947,Seoul-a611,-9,61,Normal
2026-02-11 10:44:14.575947,Seoul-a611,46,49,Normal
2026-02-11 10:44:15.575947,Seoul-a611,23,84,Normal
2026-02-11 10:44:16.575947,Seoul-a611,-11,5,Normal
2026-02-11 10:44:17.575947,Seoul-a611,7,14,Normal
2026-02-11 10:44:18.575947,Seoul-a611,-25,45,Normal
2026-02-11 10:44:19.575947,Seoul-a611,37,54,Normal
2026-02-11 10:44:20.575947,Seoul-a611,34,52,Normal
2026-02-11 10:44:21.575947,Seoul-a611,31,67,Normal
2026-02-11 10:44:22.575947,Seoul-a611,-15,95,Normal
2026-02-11 10:44:23.575947,Seoul-a611,-14,47,Normal
2026-02-11 10:44:24.575947,Seoul-a611,23,97,Normal
2026-02-11 10:44:25.575947,Seoul-a611,-5,4,Normal
2026-02-11 10:44:26.575947,Seoul-a611,33,29,Normal
2026-02-11 10:44:27.575947,Seoul-a611,-2,41,Normal
2026-02-11 10:44:28.575947,Seoul-a611,-22,66,Normal
2026-02-11 10:44:29.575947,Seoul-a611,-20,71,Normal
2026-02-11 10:44:30.575947,Seoul-a611,-2,11,Normal
2026-02-11 10:44:31.575947,Seoul-a611,-2,70,Normal
2026-02-11 10:44:32.575947,Seoul-a611,8,64,Normal
2026-02-11 10:44:33.575947,Seoul-a611,-9,19,Normal
2026-02-11 10:44:34.575947,Seoul-a611,-28,34,Normal
2026-02-11 10:44:35.575947,Seoul-a611,-14,7,Normal
2026-02-11 10:44:36.575947,Seoul-a611,10,17,Normal
2026-02-11 10:44:37.575947,Seoul-a611,3,49,Normal
2026-02-11 10:44:38.575947,Seoul-a611,-7,50,Normal
2026-02-11 10:44:39.575947,Seoul-a611,-25,38,Normal
2026-02-11 10:44:40.575947,Seoul-a611,-14,96,Normal
2026-02-11 10:44:41.575947,Seoul-a611,-28,78,Normal
2026-02-11 10:44:42.575947,Seoul-a611,11,58,Normal
2026-02-11 10:44:43.575947,Seoul-a611,21,15,Normal
2026-02-11 10:44:44.575947,Seoul-a611,-24,71,Normal
2026-02-11 10:44:45.575947,Seoul-a611,48,1,Normal
2026-02-11 10:44:46.575947,Seoul-a611,-11,8,Normal
2026-02-11 10:44:47.575947,Seoul-a611,-11,82,Normal
2026-02-11 10:44:48.575947,Seoul-a611,14,93,Normal
2026-02-11 10:44:49.575947,Seoul-a611,32,74,Normal
2026-02-11 10:44:50.575947,Seoul-a611,-9,6,Normal
2026-02-11 10:44:51.575947,Seoul-a611,24,72,Normal
2026-02-11 10:44:52.575947,Seoul-a611,16,8,Normal
2026-02-11 10:44:53.575947,Seoul-a611,5,5,Normal
2026-02-11 10:44:54.575947,Seoul-a611,8,77,Normal
2026-02-11 10:44:55.575947,Seoul-a611,-11,76,Normal
2026-02-11 10:44:56.575947,Seoul-a611,-17,78,Normal
2026-02-11 10:44:57.575947,Seoul-a611,33,73,Normal
2026-02-11 10:44:58.575947,Seoul-a611,34,75,Normal
2026-02-11 10:44:59.575947,Seoul-a611,33,61,Normal
2026-02-11 10:45:00.575947,Seoul-a611,24,19,Normal
2026-02-11 10:45:01.575947,Seoul-a611,32,53,Normal
2026-02-11 10:45:02.575947,Seoul-a611,23,25,Normal
2026-02-11 10:45:03.575947,Seoul-a611,33,73,Normal
2026-02-11 10:45:04.575947,Seoul-a611,49,36,Normal
2026-02-11 10:45:05.575947,Seoul-a611,23,89,Normal
2026-02-11 10:45:06.575947,Seoul-a611,37,89,Normal
2026-02-11 10:45:07.575947,Seoul-a611,2,1,Normal
2026-02-11 10:45:08.575947,Seoul-a611,13,5,Normal
2026-02-11 10:45:09.575947,Seoul-a611,8,71,Normal
2026-02-11 10:45:10.575947,Seoul-a611,-8,61,Normal
2026-02-11 10:45:11.575947,Seoul-a611,-5,0,Normal
2026-02-11 10:45:12.575947,Seoul-a611,38,5,Normal
2026-02-11 10:45:13.575947,Seoul-a611,-27,68,Normal
2026-02-11 10:45:14.575947,Seoul-a611,35,35,Normal
2026-02-11 10:45:15.575947,Seoul-a611,11,19,Normal
2026-02-11 10:45:16.575947,Seoul-a611,43,21,Normal
2026-02-11 10:45:17.575947,Seoul-a611,-24,27,Normal
2026-02-11 10:45:18.575947,Seoul-a611,41,67,Normal
2026-02-11 10:45:19.575947,Seoul-a611,36,27,Normal
2026-02-11 10:45:20.575947,Seoul-a611,17,29,Normal
2026-02-11 10:45:21.575947,Seoul-a611,-21,80,Normal
2026-02-11 10:45:22.575947,Seoul-a611,-9,6,Normal
2026-02-11 10:45:23.575947,Seoul-a611,10,43,Normal
2026-02-11 10:45:24.575947,Seoul-a611,-25,37,Normal
2026-02-11 10:45:25.575947,Seoul-a611,-26,65,Normal
2026-02-11 10:45:26.575947,Seoul-a611,-27,90,Normal
2026-02-11 10:45:27.575947,Seoul-a611,-16,55,Normal
2026-02-11 10:45:28.575947,Seoul-a611,48,93,Normal
2026-02-11 10:45:29.575947,Seoul-a611,-2,53,Normal
2026-02-11 10:45:30.575947,Seoul-a611,19,13,Normal
2026-02-11 10:45:31.575947,Seoul-a611,24,56,Normal
2026-02-11 10:45:32.575947,Seoul-a611,-26,93,Normal
2026-02-11 10:45:33.575947,Seoul-a611,24,46,Normal
2026-02-11 10:45:34.575947,Seoul-a611,-24,96,Normal
2026-02-11 10:45:35.575947,Seoul-a611,4,13,Normal
2026-02-11 10:45:36.575947,Seoul-a611,7,53,Normal
2026-02-11 10:45:37.575947,Seoul-a611,44,99,Normal
2026-02-11 10:45:38.575947,Seoul-a611,30,5,Normal
2026-02-11 10:45:39.575947,Seoul-a611,-21,7,Normal
2026-02-11 10:45:40.575947,Seoul-a611,45,47,Normal
2026-02-11 10:45:41.575947,Seoul-a611,-13,13,Normal
2026-02-11 10:45:42.575947,Seoul-a611,6,44,Normal
2026-02-11 10:45:43.575947,Seoul-a611,2,80,Normal
2026-02-11 10:45:44.575947,Seoul-a611,34,88,Normal
2026-02-11 10:45:45.575947,Seoul-a611,-8,1,Normal
2026-02-11 10:45:46.575947,Seoul-a611,-22,51,Normal
2026-02-11 10:45:47.575947,Seoul-a611,7,75,Normal
2026-02-11 10:45:48.575947,Seoul-a611,23,83,Normal
2026-02-11 10:45:49.575947,Seoul-a611,4,56,Normal
2026-02-11 10:45:50.575947,Seoul-a611,-24,80,Normal
2026-02-11 10:45:51.575947,Seoul-a611,-30,31,Normal
2026-02-11 10:45:52.575947,Seoul-a611,26,35,Normal
2026-02-11 10:45:53.575947,Seoul-a611,-13,32,Normal
2026-02-11 10:45:54.575947,Seoul-a611,-9,87,Normal
2026-02-11 10:45:55.575947,Seoul-a611,48,96,Normal
2026-02-11 10:45:56.575947,Seoul-a611,17,23,Normal
2026-02-11 10:45:57.575947,Seoul-a611,-2,40,Normal
2026-02-11 10:45:58.575947,Seoul-a611,41,86,Normal
2026-02-11 10:45:59.575947,Seoul-a611,-22,26,Normal
2026-02-11 10:46:00.575947,Seoul-a611,-26,32,Normal
2026-02-11 10:46:01.575947,Seoul-a611,0,69,Normal
2026-02-11 10:46:02.575947,Seoul-a611,-3,7,Normal
2026-02-11 10:46:03.575947,Seoul-a611,39,5,Normal
2026-02-11 10:46:04.575947,Seoul-a611,48,96,Normal
2026-02-11 10:46:05.575947,Seoul-a611,-27,24,Normal
2026-02-11 10:46:06.575947,Seoul-a611,26,5,Normal
2026-02-11 10:46:07.575947,Seoul-a611,-16,55,Normal
2026-02-11 10:46:08.575947,Seoul-a611,4,77,Normal
2026-02-11 10:46:09.575947,Seoul-a611,27,71,Normal
2026-02-11 10:46:10.575947,Seoul-a611,-22,98,Normal
2026-02-11 10:46:11.575947,Seoul-a611,-6,93,Normal
2026-02-11 10:46:12.575947,Seoul-a611,-28,19,Normal
2026-02-11 10:46:13.575947,Seoul-a611,-27,60,Normal
2026-02-11 10:46:14.575947,Seoul-a611,41,95,Normal
2026-02-11 10:46:15.575947,Seoul-a611,-25,70,Normal
2026-02-11 10:46:16.575947,Seoul-a611,10,73,Normal
2026-02-11 10:46:17.575947,Seoul-a611,-15,67,Normal
2026-02-11 10:46:18.575947,Seoul-a611,-8,79,Normal
2026-02-11 10:46:19.575947,Seoul-a611,38,81,Normal
2026-02-11 10:46:20.575947,Seoul-a611,36,77,Normal
2026-02-11 10:46:21.575947,Seoul-a611,-28,79,Normal
2026-02-11 10:46:22.575947,Seoul-a611,44,98,Normal
2026-02-11 10:46:23.575947,Seoul-a611,1,49,Normal
2026-02-11 10:46:24.575947,Seoul-a611,-21,46,Normal
2026-02-11 10:46:25.575947,Seoul-a611,8,61,Normal
2026-02-11 10:46:26.575947,Seoul-a611,19,94,Normal
2026-02-11 10:46:27.575947,Seoul-a611,4,89,Normal
2026-02-11 10:46:28.575947,Seoul-a611,34,44,Normal
2026-02-11 10:46:29.575947,Seoul-a611,16,28,Normal
2026-02-11 10:46:30.575947,Seoul-a611,-4,70,Normal
2026-02-11 10:46:31.575947,Seoul-a611,1,100,Normal
2026-02-11 10:46:32.575947,Seoul-a611,-6,90,Normal
2026-02-11 10:46:33.575947,Seoul-a611,-13,30,Normal
2026-02-11 10:46:34.575947,Seoul-a611,-2,76,Normal
2026-02-11 10:46:35.575947,Seoul-a611,-25,8,Normal
2026-02-11 10:46:36.575947,Seoul-a611,36,40,Normal
2026-02-11 10:46:37.575947,Seoul-a611,40,72,Normal
2026-02-11 10:46:38.575947,Seoul-a611,3,100,Normal
2026-02-11 10:46:39.575947,Seoul-a611,0,14,Normal
2026-02-11 10:46:40.575947,Seoul-a611,7,58,Normal
2026-02-11 10:46:41.575947,Seoul-a611,11,30,Normal
2026-02-11 10:46:42.575947,Seoul-a611,37,71,Normal
2026-02-11 10:46:43.575947,Seoul-a611,-26,13,Normal
2026-02-11 10:46:44.575947,Seoul-a611,4,13,Normal
2026-02-11 10:46:45.575947,Seoul-a611,19,55,Normal
2026-02-11 10:46:46.575947,Seoul-a611,15,36,Normal
2026-02-11 10:46:47.575947,Seoul-a611,11,17,Normal
2026-02-11 10:46:48.575947,Seoul-a611,-19,22,Normal
2026-02-11 10:46:49.575947,Seoul-a611,-18,20,Normal
2026-02-11 10:46:50.575947,Seoul-a611,-16,63,Normal
2026-02-11 10:46:51.575947,Seoul-a611,23,32,Normal
2026-02-11 10:46:52.575947,Seoul-a611,-26,93,Normal
2026-02-11 10:46:53.575947,Seoul-a611,42,88,Normal
2026-02-11 10:46:54.575947,Seoul-a611,3,52,Normal
2026-02-11 10:46:55.575947,Seoul-a611,-1,41,Normal
2026-02-11 10:46:56.575947,Seoul-a611,-30,10,Normal
2026-02-11 10:46:57.575947,Seoul-a611,2,43,Normal
2026-02-11 10:46:58.575947,Seoul-a611,-13,70,Normal
2026-02-11 10:46:59.575947,Seoul-a611,-15,50,Normal
2026-02-11 10:47:00.575947,Seoul-a611,-3,41,Normal
2026-02-11 10:47:01.575947,Seoul-a611,-1,7,Normal
2026-02-11 10:47:02.575947,Seoul-a611,29,37,Normal
2026-02-11 10:47:03.575947,Seoul-a611,6,92,Normal
2026-02-11 10:47:04.575947,Seoul-a611,-11,21,Normal
2026-02-11 10:47:05.575947,Seoul-a611,41,77,Normal
2026-02-11 10:47:06.575947,Seoul-a611,10,6,Normal
2026-02-11 10:47:07.575947,Seoul-a611,-12,81,Normal
2026-02-11 10:47:08.575947,Seoul-a611,7,30,Normal
2026-02-11 10:47:09.575947,Seoul-a611,21,65,Normal
2026-02-11 10:47:10.575947,Seoul-a611,7,23,Normal
2026-02-11 10:47:11.575947,Seoul-a611,-9,16,Normal
2026-02-11 10:47:12.575947,Seoul-a611,22,78,Normal
2026-02-11 10:47:13.575947,Seoul-a611,-1,46,Normal
2026-02-11 10:47:14.575947,Seoul-a611,31,79,Normal
2026-02-11 10:47:15.575947,Seoul-a611,18,71,Normal
2026-02-11 10:47:16.575947,Seoul-a611,34,23,Normal
2026-02-11 10:47:17.575947,Seoul-a611,-21,50,Normal
2026-02-11 10:47:18.575947,Seoul-a611,29,17,Normal
2026-02-11 10:47:19.575947,Seoul-a611,28,6,Normal
2026-02-11 10:47:20.575947,Seoul-a611,21,38,Normal
2026-02-11 10:47:21.575947,Seoul-a611,25,60,Normal
2026-02-11 10:47:22.575947,Seoul-a611,-24,77,Normal
2026-02-11 10:47:23.575947,Seoul-a611,27,49,Normal
2026-02-11 10:47:24.575947,Seoul-a611,13,26,Normal
2026-02-11 10:47:25.575947,Seoul-a611,33,62,Normal
2026-02-11 10:47:26.575947,Seoul-a611,35,8,Normal
2026-02-11 10:47:27.575947,Seoul-a611,-26,49,Normal
2026-02-11 10:47:28.575947,Seoul-a611,42,97,Normal
2026-02-11 10:47:29.575947,Seoul-a611,9,69,Normal
2026-02-11 10:47:30.575947,Seoul-a611,8,31,Normal
2026-02-11 10:47:31.575947,Seoul-a611,12,3,Normal
2026-02-11 10:47:32.575947,Seoul-a611,15,44,Normal
2026-02-11 10:47:33.575947,Seoul-a611,4,76,Normal
2026-02-11 10:47:34.575947,Seoul-a611,38,2,Normal
2026-02-11 10:47:35.575947,Seoul-a611,2,76,Normal
2026-02-11 10:47:36.575947,Seoul-a611,39,12,Normal
2026-02-11 10:47:37.575947,Seoul-a611,-3,56,Normal
2026-02-11 10:47:38.575947,Seoul-a611,45,69,Normal
2026-02-11 10:47:39.575947,Seoul-a611,-13,28,Normal
2026-02-11 10:47:40.575947,Seoul-a611,47,70,Normal
2026-02-11 10:47:41.575947,Seoul-a611,46,58,Normal
2026-02-11 10:47:42.575947,Seoul-a611,42,75,Normal
2026-02-11 10:47:43.575947,Seoul-a611,28,21,Normal
2026-02-11 10:47:44.575947,Seoul-a611,35,19,Normal
2026-02-11 10:47:45.575947,Seoul-a611,2,25,Normal
2026-02-11 10:47:46.575947,Seoul-a611,49,88,Normal
2026-02-11 10:47:47.575947,Seoul-a611,-13,13,Normal
2026-02-11 10:47:48.575947,Seoul-a611,10,29,Normal
2026-02-11 10:47:49.575947,Seoul-a611,29,61,Normal
2026-02-11 10:47:50.575947,Seoul-a611,48,53,Normal
2026-02-11 10:47:51.575947,Seoul-a611,-17,78,Normal
2026-02-11 10:47:52.575947,Seoul-a611,11,89,Normal
2026-02-11 10:47:53.575947,Seoul-a611,-10,20,Normal
2026-02-11 10:47:54.575947,Seoul-a611,16,87,Normal
2026-02-11 10:47:55.575947,Seoul-a611,-20,78,Normal
2026-02-11 10:47:56.575947,Seoul-a611,21,14,Normal
2026-02-11 10:47:57.575947,Seoul-a611,17,68,Normal
2026-02-11 10:47:58.575947,Seoul-a611,-23,47,Normal
2026-02-11 10:47:59.575947,Seoul-a611,-3,27,Normal
2026-02-11 10:48:00.575947,Seoul-a611,-20,72,Normal
2026-02-11 10:48:01.575947,Seoul-a611,27,7,Normal
2026-02-11 10:48:02.575947,Seoul-a611,-12,24,Normal
2026-02-11 10:48:03.575947,Seoul-a611,37,3,Normal
2026-02-11 10:48:04.575947,Seoul-a611,-6,80,Normal
2026-02-11 10:48:05.575947,Seoul-a611,-3,68,Normal
2026-02-11 10:48:06.575947,Seoul-a611,30,55,Normal
2026-02-11 10:48:07.575947,Seoul-a611,40,5,Normal
2026-02-11 10:48:08.575947,Seoul-a611,0,12,Normal
2026-02-11 10:48:09.575947,Seoul-a611,-8,21,Normal
2026-02-11 10:48:10.575947,Seoul-a611,50,5,Normal
2026-02-11 10:48:11.575947,Seoul-a611,25,99,Normal
2026-02-11 10:48:12.575947,Seoul-a611,-2,92,Normal
2026-02-11 10:48:13.575947,Seoul-a611,31,76,Normal
2026-02-11 10:48:14.575947,Seoul-a611,11,59,Normal
2026-02-11 10:48:15.575947,Seoul-a611,-15,1,Normal
2026-02-11 10:48:16.575947,Seoul-a611,-29,33,Normal
2026-02-11 10:48:17.575947,Seoul-a611,13,50,Normal
2026-02-11 10:48:18.575947,Seoul-a611,24,97,Normal
2026-02-11 10:48:19.575947,Seoul-a611,-9,2,Normal
2026-02-11 10:48:20.575947,Seoul-a611,-5,74,Normal
2026-02-11 10:48:21.575947,Seoul-a611,-19,48,Normal
2026-02-11 10:48:22.575947,Seoul-a611,0,0,Normal
2026-02-11 10:48:23.575947,Seoul-a611,-6,22,Normal
2026-02-11 10:48:24.575947,Seoul-a611,28,96,Normal
2026-02-11 10:48:25.575947,Seoul-a611,-13,84,Normal
2026-02-11 10:48:26.575947,Seoul-a611,37,36,Normal
2026-02-11 10:48:27.575947,Seoul-a611,-21,84,Normal
2026-02-11 10:48:28.575947,Seoul-a611,31,28,Normal
2026-02-11 10:48:29.575947,Seoul-a611,37,10,Normal
2026-02-11 10:48:30.575947,Seoul-a611,50,55,Normal
2026-02-11 10:48:31.575947,Seoul-a611,8,67,Normal
2026-02-11 10:48:32.575947,Seoul-a611,-11,49,Normal
2026-02-11 10:48:33.575947,Seoul-a611,31,3,Normal
2026-02-11 10:48:34.575947,Seoul-a611,37,59,Normal
2026-02-11 10:48:35.575947,Seoul-a611,-30,84,Normal
2026-02-11 10:48:36.575947,Seoul-a611,12,73,Normal
2026-02-11 10:48:37.575947,Seoul-a611,15,8,Normal
2026-02-11 10:48:38.575947,Seoul-a611,25,74,Normal
2026-02-11 10:48:39.575947,Seoul-a611,43,35,Normal
2026-02-11 10:48:40.575947,Seoul-a611,-13,33,Normal
2026-02-11 10:48:41.575947,Seoul-a611,-28,39,Normal
2026-02-11 10:48:42.575947,Seoul-a611,-24,33,Normal
2026-02-11 10:48:43.575947,Seoul-a611,-20,33,Normal
2026-02-11 10:48:44.575947,Seoul-a611,23,100,Normal
2026-02-11 10:48:45.575947,Seoul-a611,18,31,Normal
2026-02-11 10:48:46.575947,Seoul-a611,-13,92,Normal
2026-02-11 10:48:47.575947,Seoul-a611,-2,37,Normal
2026-02-11 10:48:48.575947,Seoul-a611,-6,10,Normal
2026-02-11 10:48:49.575947,Seoul-a611,34,13,Normal
2026-02-11 10:48:50.575947,Seoul-a611,-28,0,Normal
2026-02-11 10:48:51.575947,Seoul-a611,15,77,Normal
2026-02-11 10:48:52.575947,Seoul-a611,50,91,Normal
2026-02-11 10:48:53.575947,Seoul-a611,49,98,Normal
2026-02-11 10:48:54.575947,Seoul-a611,40,94,Normal
2026-02-11 10:48:55.575947,Seoul-a611,25,82,Normal
2026-02-11 10:48:56.575947,Seoul-a611,17,61,Normal
2026-02-11 10:48:57.575947,Seoul-a611,24,11,Normal
2026-02-11 10:48:58.575947,Seoul-a611,1,3,Normal
2026-02-11 10:48:59.575947,Seoul-a611,-26,66,Normal
2026-02-11 10:49:00.575947,Seoul-a611,7,79,Normal
2026-02-11 10:49:01.575947,Seoul-a611,16,8,Normal
2026-02-11 10:49:02.575947,Seoul-a611,4,44,Normal
2026-02-11 10:49:03.575947,Seoul-a611,8,13,Normal
2026-02-11 10:49:04.575947,Seoul-a611,39,68,Normal
2026-02-11 10:49:05.575947,Seoul-a611,6,6,Normal
2026-02-11 10:49:06.575947,Seoul-a611,19,2,Normal
2026-02-11 10:49:07.575947,Seoul-a611,12,36,Normal
2026-02-11 10:49:08.575947,Seoul-a611,-27,22,Normal
2026-02-11 10:49:09.575947,Seoul-a611,-12,27,Normal
2026-02-11 10:49:10.575947,Seoul-a611,-6,1,Normal
2026-02-11 10:49:11.575947,Seoul-a611,45,84,Normal
2026-02-11 10:49:12.575947,Seoul-a611,18,58,Normal
2026-02-11 10:49:13.575947,Seoul-a611,22,24,Normal
2026-02-11 10:49:14.575947,Seoul-a611,-16,39,Normal
2026-02-11 10:49:15.575947,Seoul-a611,-20,50,Normal
2026-02-11 10:49:16.575947,Seoul-a611,-5,50,Normal
2026-02-11 10:49:17.575947,Seoul-a611,22,92,Normal
2026-02-11 10:49:18.575947,Seoul-a611,-25,98,Normal
2026-02-11 10:49:19.575947,Seoul-a611,23,57,Normal
2026-02-11 10:49:20.575947,Seoul-a611,-10,42,Normal
2026-02-11 10:49:21.575947,Seoul-a611,17,39,Normal
2026-02-11 10:49:22.575947,Seoul-a611,-13,93,Normal
2026-02-11 10:49:23.575947,Seoul-a611,23,32,Normal
2026-02-11 10:49:24.575947,Seoul-a611,-8,72,Normal
2026-02-11 10:49:25.575947,Seoul-a611,30,31,Normal
2026-02-11 10:49:26.575947,Seoul-a611,-8,96,Normal
2026-02-11 10:49:27.575947,Seoul-a611,15,8,Normal
2026-02-11 10:49:28.575947,Seoul-a611,10,55,Normal
2026-02-11 10:49:29.575947,Seoul-a611,30,9,Normal
2026-02-11 10:49:30.575947,Seoul-a611,21,31,Normal
2026-02-11 10:49:31.575947,Seoul-a611,33,92,Normal
2026-02-11 10:49:32.575947,Seoul-a611,-17,1,Normal
2026-02-11 10:49:33.575947,Seoul-a611,14,38,Normal
2026-02-11 10:49:34.575947,Seoul-a611,29,43,Normal
2026-02-11 10:49:35.575947,Seoul-a611,-17,23,Normal
2026-02-11 10:49:36.575947,Seoul-a611,-13,79,Normal
2026-02-11 10:49:37.575947,Seoul-a611,42,28,Normal
2026-02-11 10:49:38.575947,Seoul-a611,5,28,Normal
2026-02-11 10:49:39.575947,Seoul-a611,22,0,Normal
2026-02-11 10:49:40.575947,Seoul-a611,10,97,Normal
2026-02-11 10:49:41.575947,Seoul-a611,47,49,Normal
2026-02-11 10:49:42.575947,Seoul-a611,-1,14,Normal
2026-02-11 10:49:43.575947,Seoul-a611,40,74,Normal
2026-02-11 10:49:44.575947,Seoul-a611,7,74,Normal
2026-02-11 10:49:45.575947,Seoul-a611,-20,47,Normal
2026-02-11 10:49:46.575947,Seoul-a611,3,47,Normal
2026-02-11 10:49:47.575947,Seoul-a611,6,71,Normal
2026-02-11 10:49:48.575947,Seoul-a611,8,94,Normal
2026-02-11 10:49:49.575947,Seoul-a611,-1,95,Normal
2026-02-11 10:49:50.575947,Seoul-a611,17,24,Normal
2026-02-11 10:49:51.575947,Seoul-a611,-5,80,Normal
2026-02-11 10:49:52.575947,Seoul-a611,-28,44,Normal
2026-02-11 10:49:53.575947,Seoul-a611,-29,97,Normal
2026-02-11 10:49:54.575947,Seoul-a611,31,38,Normal
2026-02-11 10:49:55.575947,Seoul-a611,7,90,Normal
2026-02-11 10:49:56.575947,Seoul-a611,-4,50,Normal
2026-02-11 10:49:57.575947,Seoul-a611,36,83,Normal
2026-02-11 10:49:58.575947,Seoul-a611,3,59,Normal
2026-02-11 10:49:59.575947,Seoul-a611,-4,79,Normal
2026-02-11 10:50:00.575947,Seoul-a611,22,57,Normal
2026-02-11 10:50:01.575947,Seoul-a611,44,37,Normal
2026-02-11 10:50:02.575947,Seoul-a611,-26,26,Normal
2026-02-11 10:50:03.575947,Seoul-a611,14,32,Normal
2026-02-11 10:50:04.575947,Seoul-a611,-24,59,Normal
2026-02-11 10:50:05.575947,Seoul-a611,34,6,Normal
2026-02-11 10:50:06.575947,Seoul-a611,2,67,Normal
2026-02-11 10:50:07.575947,Seoul-a611,26,68,Normal
2026-02-11 10:50:08.575947,Seoul-a611,-20,77,Normal
2026-02-11 10:50:09.575947,Seoul-a611,5,50,Normal
2026-02-11 10:50:10.575947,Seoul-a611,-26,84,Normal
2026-02-11 10:50:11.575947,Seoul-a611,-5,50,Normal
2026-02-11 10:50:12.575947,Seoul-a611,-30,99,Normal
2026-02-11 10:50:13.575947,Seoul-a611,-19,0,Normal
2026-02-11 10:50:14.575947,Seoul-a611,26,59,Normal
2026-02-11 10:50:15.575947,Seoul-a611,-10,23,Normal
2026-02-11 10:50:16.575947,Seoul-a611,41,33,Normal
2026-02-11 10:50:17.575947,Seoul-a611,48,10,Normal
2026-02-11 10:50:18.575947,Seoul-a611,-1,30,Normal
2026-02-11 10:50:19.575947,Seoul-a611,27,77,Normal
2026-02-11 10:50:20.575947,Seoul-a611,34,51,Normal
2026-02-11 10:50:21.575947,Seoul-a611,20,26,Normal
2026-02-11 10:50:22.575947,Seoul-a611,-13,51,Normal
2026-02-11 10:50:23.575947,Seoul-a611,-19,7,Normal
2026-02-11 10:50:24.575947,Seoul-a611,-26,48,Normal
2026-02-11 10:50:25.575947,Seoul-a611,-29,89,Normal
2026-02-11 10:50:26.575947,Seoul-a611,-8,55,Normal
2026-02-11 10:50:27.575947,Seoul-a611,-13,49,Normal
2026-02-11 10:50:28.575947,Seoul-a611,-12,8,Normal
2026-02-11 10:50:29.575947,Seoul-a611,-30,74,Normal
2026-02-11 10:50:30.575947,Seoul-a611,6,90,Normal
2026-02-11 10:50:31.575947,Seoul-a611,-21,25,Normal
2026-02-11 10:50:32.575947,Seoul-a611,-18,51,Normal
2026-02-11 10:50:33.575947,Seoul-a611,-2,81,Normal
2026-02-11 10:50:34.575947,Seoul-a611,-26,56,Normal
2026-02-11 10:50:35.575947,Seoul-a611,32,24,Normal
2026-02-11 10:50:36.575947,Seoul-a611,27,0,Normal
2026-02-11 10:50:37.575947,Seoul-a611,-18,39,Normal
2026-02-11 10:50:38.575947,Seoul-a611,17,31,Normal
2026-02-11 10:50:39.575947,Seoul-a611,47,74,Normal
2026-02-11 10:50:40.575947,Seoul-a611,2,69,Normal
2026-02-11 10:50:41.575947,Seoul-a611,0,98,Normal
2026-02-11 10:50:42.575947,Seoul-a611,-21,1,Normal
2026-02-11 10:50:43.575947,Seoul-a611,26,90,Normal
2026-02-11 10:50:44.575947,Seoul-a611,21,64,Normal
2026-02-11 10:50:45.575947,Seoul-a611,8,45,Normal
2026-02-11 10:50:46.575947,Seoul-a611,-19,33,Normal
2026-02-11 10:50:47.575947,Seoul-a611,45,84,Normal
2026-02-11 10:50:48.575947,Seoul-a611,33,76,Normal
2026-02-11 10:50:49.575947,Seoul-a611,25,62,Normal
2026-02-11 10:50:50.575947,Seoul-a611,12,97,Normal
2026-02-11 10:50:51.575947,Seoul-a611,38,25,Normal
2026-02-11 10:50:52.575947,Seoul-a611,22,50,Normal
2026-02-11 10:50:53.575947,Seoul-a611,-13,68,Normal
2026-02-11 10:50:54.575947,Seoul-a611,-25,17,Normal
2026-02-11 10:50:55.575947,Seoul-a611,36,100,Normal
2026-02-11 10:50:56.575947,Seoul-a611,-9,19,Normal
2026-02-11 10:50:57.575947,Seoul-a611,-18,81,Normal
2026-02-11 10:50:58.575947,Seoul-a611,-6,36,Normal
2026-02-11 10:50:59.575947,Seoul-a611,13,11,Normal
2026-02-11 10:51:00.575947,Seoul-a611,1,91,Normal
2026-02-11 10:51:01.575947,Seoul-a611,-10,0,Normal
2026-02-11 10:51:02.575947,Seoul-a611,24,18,Normal
2026-02-11 10:51:03.575947,Seoul-a611,-11,7,Normal
2026-02-11 10:51:04.575947,Seoul-a611,10,68,Normal
2026-02-11 10:51:05.575947,Seoul-a611,-27,36,Normal
2026-02-11 10:51:06.575947,Seoul-a611,-29,74,Normal
2026-02-11 10:51:07.575947,Seoul-a611,11,8,Normal
2026-02-11 10:51:08.575947,Seoul-a611,6,44,Normal
2026-02-11 10:51:09.575947,Seoul-a611,1,86,Normal
2026-02-11 10:51:10.575947,Seoul-a611,-8,32,Normal
2026-02-11 10:51:11.575947,Seoul-a611,30,89,Normal
2026-02-11 10:51:12.575947,Seoul-a611,33,90,Normal
2026-02-11 10:51:13.575947,Seoul-a611,32,37,Normal
2026-02-11 10:51:14.575947,Seoul-a611,39,34,Normal
2026-02-11 10:51:15.575947,Seoul-a611,28,61,Normal
2026-02-11 10:51:16.575947,Seoul-a611,19,27,Normal
2026-02-11 10:51:17.575947,Seoul-a611,32,62,Normal
2026-02-11 10:51:18.575947,Seoul-a611,-9,19,Normal
2026-02-11 10:51:19.575947,Seoul-a611,12,3,Normal
2026-02-11 10:51:20.575947,Seoul-a611,-21,3,Normal
2026-02-11 10:51:21.575947,Seoul-a611,-27,57,Normal
2026-02-11 10:51:22.575947,Seoul-a611,-7,42,Normal
2026-02-11 10:51:23.575947,Seoul-a611,-14,22,Normal
2026-02-11 10:51:24.575947,Seoul-a611,38,11,Normal
2026-02-11 10:51:25.575947,Seoul-a611,-23,50,Normal
2026-02-11 10:51:26.575947,Seoul-a611,-13,5,Normal
2026-02-11 10:51:27.575947,Seoul-a611,38,37,Normal
2026-02-11 10:51:28.575947,Seoul-a611,43,41,Normal
2026-02-11 10:51:29.575947,Seoul-a611,28,7,Normal
2026-02-11 10:51:30.575947,Seoul-a611,29,26,Normal
2026-02-11 10:51:31.575947,Seoul-a611,47,27,Normal
2026-02-11 10:51:32.575947,Seoul-a611,-12,47,Normal
2026-02-11 10:51:33.575947,Seoul-a611,30,11,Normal
2026-02-11 10:51:34.575947,Seoul-a611,-4,38,Normal
2026-02-11 10:51:35.575947,Seoul-a611,38,51,Normal
2026-02-11 10:51:36.575947,Seoul-a611,-12,52,Normal
2026-02-11 10:51:37.575947,Seoul-a611,-3,18,Normal
2026-02-11 10:51:38.575947,Seoul-a611,-20,49,Normal
2026-02-11 10:51:39.575947,Seoul-a611,-8,88,Normal
2026-02-11 10:51:40.575947,Seoul-a611,16,65,Normal
2026-02-11 10:51:41.575947,Seoul-a611,36,78,Normal
2026-02-11 10:51:42.575947,Seoul-a611,12,90,Normal
2026-02-11 10:51:43.575947,Seoul-a611,14,96,Normal
2026-02-11 10:51:44.575947,Seoul-a611,12,31,Normal
2026-02-11 10:51:45.575947,Seoul-a611,4,14,Normal
2026-02-11 10:51:46.575947,Seoul-a611,12,36,Normal
2026-02-11 10:51:47.575947,Seoul-a611,15,30,Normal
2026-02-11 10:51:48.575947,Seoul-a611,-8,67,Normal
2026-02-11 10:51:49.575947,Seoul-a611,4,8,Normal
2026-02-11 10:51:50.575947,Seoul-a611,38,85,Normal
2026-02-11 10:51:51.575947,Seoul-a611,-19,88,Normal
2026-02-11 10:51:52.575947,Seoul-a611,50,72,Normal
2026-02-11 10:51:53.575947,Seoul-a611,12,41,Normal
2026-02-11 10:51:54.575947,Seoul-a611,40,65,Normal
2026-02-11 10:51:55.575947,Seoul-a611,49,98,Normal
2026-02-11 10:51:56.575947,Seoul-a611,-7,56,Normal
2026-02-11 10:51:57.575947,Seoul-a611,-22,86,Normal
2026-02-11 10:51:58.575947,Seoul-a611,4,14,Normal
2026-02-11 10:51:59.575947,Seoul-a611,26,72,Normal
2026-02-11 10:52:00.575947,Seoul-a611,-25,100,Normal
2026-02-11 10:52:01.575947,Seoul-a611,23,89,Normal
2026-02-11 10:52:02.575947,Seoul-a611,29,78,Normal
2026-02-11 10:52:03.575947,Seoul-a611,18,24,Normal
2026-02-11 10:52:04.575947,Seoul-a611,-22,30,Normal
2026-02-11 10:52:05.575947,Seoul-a611,42,21,Normal
2026-02-11 10:52:06.575947,Seoul-a611,32,37,Normal
2026-02-11 10:52:07.575947,Seoul-a611,34,8,Normal
2026-02-11 10:52:08.575947,Seoul-a611,0,14,Normal
2026-02-11 10:52:09.575947,Seoul-a611,-2,79,Normal
2026-02-11 10:52:10.575947,Seoul-a611,-14,37,Normal
2026-02-11 10:52:11.575947,Seoul-a611,-8,32,Normal
2026-02-11 10:52:12.575947,Seoul-a611,49,92,Normal
2026-02-11 10:52:13.575947,Seoul-a611,43,72,Normal
2026-02-11 10:52:14.575947,Seoul-a611,29,77,Normal
2026-02-11 10:52:15.575947,Seoul-a611,-26,90,Normal
2026-02-11 10:52:16.575947,Seoul-a611,16,56,Normal
2026-02-11 10:52:17.575947,Seoul-a611,-4,49,Normal
2026-02-11 10:52:18.575947,Seoul-a611,38,61,Normal
2026-02-11 10:52:19.575947,Seoul-a611,31,69,Normal
2026-02-11 10:52:20.575947,Seoul-a611,26,80,Normal
2026-02-11 10:52:21.575947,Seoul-a611,-1,58,Normal
2026-02-11 10:52:22.575947,Seoul-a611,49,92,Normal
2026-02-11 10:52:23.575947,Seoul-a611,-15,3,Normal
2026-02-11 10:52:24.575947,Seoul-a611,-14,10,Normal
2026-02-11 10:52:25.575947,Seoul-a611,22,59,Normal
2026-02-11 10:52:26.575947,Seoul-a611,10,71,Normal
2026-02-11 10:52:27.575947,Seoul-a611,-27,39,Normal
2026-02-11 10:52:28.575947,Seoul-a611,-6,51,Normal
2026-02-11 10:52:29.575947,Seoul-a611,15,31,Normal
2026-02-11 10:52:30.575947,Seoul-a611,32,97,Normal
2026-02-11 10:52:31.575947,Seoul-a611,6,42,Normal
2026-02-11 10:52:32.575947,Seoul-a611,48,20,Normal
2026-02-11 10:52:33.575947,Seoul-a611,48,91,Normal
2026-02-11 10:52:34.575947,Seoul-a611,32,53,Normal
2026-02-11 10:52:35.575947,Seoul-a611,29,100,Normal
2026-02-11 10:52:36.575947,Seoul-a611,-4,11,Normal
2026-02-11 10:52:37.575947,Seoul-a611,13,92,Normal
2026-02-11 10:52:38.575947,Seoul-a611,-20,21,Normal
2026-02-11 10:52:39.575947,Seoul-a611,2,39,Normal
2026-02-11 10:52:40.575947,Seoul-a611,-20,26,Normal
2026-02-11 10:52:41.575947,Seoul-a611,-5,59,Normal
2026-02-11 10:52:42.575947,Seoul-a611,-2,21,Normal
2026-02-11 10:52:43.575947,Seoul-a611,-15,83,Normal
2026-02-11 10:52:44.575947,Seoul-a611,33,76,Normal
2026-02-11 10:52:45.575947,Seoul-a611,-22,31,Normal
2026-02-11 10:52:46.575947,Seoul-a611,6,80,Normal
2026-02-11 10:52:47.575947,Seoul-a611,-9,31,Normal
2026-02-11 10:52:48.575947,Seoul-a611,42,48,Normal
2026-02-11 10:52:49.575947,Seoul-a611,40,78,Normal
2026-02-11 10:52:50.575947,Seoul-a611,33,100,Normal
2026-02-11 10:52:51.575947,Seoul-a611,41,63,Normal
2026-02-11 10:52:52.575947,Seoul-a611,35,96,Normal
2026-02-11 10:52:53.575947,Seoul-a611,44,89,Normal
2026-02-11 10:52:54.575947,Seoul-a611,4,18,Normal
2026-02-11 10:52:55.575947,Seoul-a611,-7,47,Normal
2026-02-11 10:52:56.575947,Seoul-a611,41,38,Normal
2026-02-11 10:52:57.575947,Seoul-a611,18,17,Normal
2026-02-11 10:52:58.575947,Seoul-a611,6,34,Normal
2026-02-11 10:52:59.575947,Seoul-a611,27,63,Normal
2026-02-11 10:53:00.575947,Seoul-a611,22,72,Normal
2026-02-11 10:53:01.575947,Seoul-a611,25,63,Normal
2026-02-11 10:53:02.575947,Seoul-a611,11,64,Normal
2026-02-11 10:53:03.575947,Seoul-a611,-19,65,Normal
2026-02-11 10:53:04.575947,Seoul-a611,17,99,Normal
2026-02-11 10:53:05.575947,Seoul-a611,-24,30,Normal
2026-02-11 10:53:06.575947,Seoul-a611,16,24,Normal
2026-02-11 10:53:07.575947,Seoul-a611,34,51,Normal
2026-02-11 10:53:08.575947,Seoul-a611,7,34,Normal
2026-02-11 10:53:09.575947,Seoul-a611,-28,24,Normal
2026-02-11 10:53:10.575947,Seoul-a611,49,13,Normal
2026-02-11 10:53:11.575947,Seoul-a611,16,70,Normal
2026-02-11 10:53:12.575947,Seoul-a611,-11,66,Normal
2026-02-11 10:53:13.575947,Seoul-a611,5,20,Normal
2026-02-11 10:53:14.575947,Seoul-a611,31,70,Normal
2026-02-11 10:53:15.575947,Seoul-a611,-25,11,Normal
2026-02-11 10:53:16.575947,Seoul-a611,35,14,Normal
2026-02-11 10:53:17.575947,Seoul-a611,16,43,Normal
2026-02-11 10:53:18.575947,Seoul-a611,29,25,Normal
2026-02-11 10:53:19.575947,Seoul-a611,-16,39,Normal
2026-02-11 10:53:20.575947,Seoul-a611,-30,26,Normal
2026-02-11 10:53:21.575947,Seoul-a611,16,60,Normal
2026-02-11 10:53:22.575947,Seoul-a611,4,90,Normal
2026-02-11 10:53:23.575947,Seoul-a611,8,39,Normal
2026-02-11 10:53:24.575947,Seoul-a611,11,70,Normal
2026-02-11 10:53:25.575947,Seoul-a611,20,0,Normal
2026-02-11 10:53:26.575947,Seoul-a611,45,67,Normal
2026-02-11 10:53:27.575947,Seoul-a611,37,73,Normal
2026-02-11 10:53:28.575947,Seoul-a611,49,96,Normal
2026-02-11 10:53:29.575947,Seoul-a611,20,8,Normal
2026-02-11 10:53:30.575947,Seoul-a611,9,64,Normal
2026-02-11 10:53:31.575947,Seoul-a611,-26,2,Normal
2026-02-11 10:53:32.575947,Seoul-a611,39,85,Normal
2026-02-11 10:53:33.575947,Seoul-a611,-28,45,Normal
2026-02-11 10:53:34.575947,Seoul-a611,9,31,Normal
2026-02-11 10:53:35.575947,Seoul-a611,-1,2,Normal
2026-02-11 10:53:36.575947,Seoul-a611,42,4,Normal
2026-02-11 10:53:37.575947,Seoul-a611,-28,37,Normal
2026-02-11 10:53:38.575947,Seoul-a611,6,0,Normal
2026-02-11 10:53:39.575947,Seoul-a611,9,51,Normal
2026-02-11 10:53:40.575947,Seoul-a611,-9,64,Normal
2026-02-11 10:53:41.575947,Seoul-a611,13,44,Normal
2026-02-11 10:53:42.575947,Seoul-a611,25,71,Normal
2026-02-11 10:53:43.575947,Seoul-a611,1,32,Normal
2026-02-11 10:53:44.575947,Seoul-a611,49,88,Normal
2026-02-11 10:53:45.575947,Seoul-a611,30,31,Normal
2026-02-11 10:53:46.575947,Seoul-a611,37,11,Normal
2026-02-11 10:53:47.575947,Seoul-a611,22,65,Normal
2026-02-11 10:53:48.575947,Seoul-a611,-17,93,Normal
2026-02-11 10:53:49.575947,Seoul-a611,42,52,Normal
2026-02-11 10:53:50.575947,Seoul-a611,4,9,Normal
2026-02-11 10:53:51.575947,Seoul-a611,-2,20,Normal
2026-02-11 10:53:52.575947,Seoul-a611,23,98,Normal
2026-02-11 10:53:53.575947,Seoul-a611,-30,100,Normal
2026-02-11 10:53:54.575947,Seoul-a611,-30,36,Normal
2026-02-11 10:53:55.575947,Seoul-a611,-11,1,Normal
2026-02-11 10:53:56.575947,Seoul-a611,-19,30,Normal
2026-02-11 10:53:57.575947,Seoul-a611,-4,72,Normal
2026-02-11 10:53:58.575947,Seoul-a611,48,71,Normal
2026-02-11 10:53:59.575947,Seoul-a611,9,40,Normal
2026-02-11 10:54:00.575947,Seoul-a611,-28,58,Normal
2026-02-11 10:54:01.575947,Seoul-a611,43,38,Normal
2026-02-11 10:54:02.575947,Seoul-a611,46,82,Normal
2026-02-11 10:54:03.575947,Seoul-a611,35,39,Normal
2026-02-11 10:54:04.575947,Seoul-a611,-24,35,Normal
2026-02-11 10:54:05.575947,Seoul-a611,20,15,Normal
2026-02-11 10:54:06.575947,Seoul-a611,15,12,Normal
2026-02-11 10:54:07.575947,Seoul-a611,17,35,Normal
2026-02-11 10:54:08.575947,Seoul-a611,-8,71,Normal
2026-02-11 10:54:09.575947,Seoul-a611,-5,52,Normal
2026-02-11 10:54:10.575947,Seoul-a611,22,73,Normal
2026-02-11 10:54:11.575947,Seoul-a611,-23,59,Normal
2026-02-11 10:54:12.575947,Seoul-a611,30,41,Normal
2026-02-11 10:54:13.575947,Seoul-a611,45,48,Normal
2026-02-11 10:54:14.575947,Seoul-a611,7,45,Normal
2026-02-11 10:54:15.575947,Seoul-a611,-10,19,Normal
2026-02-11 10:54:16.575947,Seoul-a611,-15,61,Normal
2026-02-11 10:54:17.575947,Seoul-a611,49,17,Normal
2026-02-11 10:54:18.575947,Seoul-a611,9,38,Normal
2026-02-11 10:54:19.575947,Seoul-a611,-21,13,Normal
2026-02-11 10:54:20.575947,Seoul-a611,20,47,Normal
2026-02-11 10:54:21.575947,Seoul-a611,44,65,Normal
2026-02-11 10:54:22.575947,Seoul-a611,10,89,Normal
2026-02-11 10:54:23.575947,Seoul-a611,39,26,Normal
2026-02-11 10:54:24.575947,Seoul-a611,-10,13,Normal
2026-02-11 10:54:25.575947,Seoul-a611,32,29,Normal
2026-02-11 10:54:26.575947,Seoul-a611,-4,59,Normal
2026-02-11 10:54:27.575947,Seoul-a611,50,52,Normal
2026-02-11 10:54:28.575947,Seoul-a611,27,98,Normal
2026-02-11 10:54:29.575947,Seoul-a611,9,66,Normal
2026-02-11 10:54:30.575947,Seoul-a611,-30,90,Normal
2026-02-11 10:54:31.575947,Seoul-a611,46,77,Normal
2026-02-11 10:54:32.575947,Seoul-a611,2,75,Normal
2026-02-11 10:54:33.575947,Seoul-a611,33,85,Normal
2026-02-11 10:54:34.575947,Seoul-a611,-8,82,Normal
2026-02-11 10:54:35.575947,Seoul-a611,4,92,Normal
2026-02-11 10:54:36.575947,Seoul-a611,36,74,Normal
2026-02-11 10:54:37.575947,Seoul-a611,46,89,Normal
2026-02-11 10:54:38.575947,Seoul-a611,9,80,Normal
2026-02-11 10:54:39.575947,Seoul-a611,13,62,Normal
2026-02-11 10:54:40.575947,Seoul-a611,-23,64,Normal
2026-02-11 10:54:41.575947,Seoul-a611,-5,80,Normal
2026-02-11 10:54:42.575947,Seoul-a611,46,41,Normal
2026-02-11 10:54:43.575947,Seoul-a611,43,48,Normal
2026-02-11 10:54:44.575947,Seoul-a611,21,99,Normal
2026-02-11 10:54:45.575947,Seoul-a611,17,12,Normal
2026-02-11 10:54:46.575947,Seoul-a611,-30,57,Normal
2026-02-11 10:54:47.575947,Seoul-a611,35,27,Normal
2026-02-11 10:54:48.575947,Seoul-a611,-3,55,Normal
2026-02-11 10:54:49.575947,Seoul-a611,10,61,Normal
2026-02-11 10:54:50.575947,Seoul-a611,22,52,Normal
2026-02-11 10:54:51.575947,Seoul-a611,27,62,Normal
2026-02-11 10:54:52.575947,Seoul-a611,-30,99,Normal
2026-02-11 10:54:53.575947,Seoul-a611,-27,60,Normal
2026-02-11 10:54:54.575947,Seoul-a611,-7,96,Normal
2026-02-11 10:54:55.575947,Seoul-a611,50,97,Normal
2026-02-11 10:54:56.575947,Seoul-a611,-16,71,Normal
2026-02-11 10:54:57.575947,Seoul-a611,-17,11,Normal
2026-02-11 10:54:58.575947,Seoul-a611,31,63,Normal
2026-02-11 10:54:59.575947,Seoul-a611,37,14,Normal
2026-02-11 10:55:00.575947,Seoul-a611,-9,82,Normal
2026-02-11 10:55:01.575947,Seoul-a611,34,62,Normal
2026-02-11 10:55:02.575947,Seoul-a611,-28,69,Normal
2026-02-11 10:55:03.575947,Seoul-a611,31,83,Normal
2026-02-11 10:55:04.575947,Seoul-a611,24,39,Normal
2026-02-11 10:55:05.575947,Seoul-a611,-10,12,Normal
2026-02-11 10:55:06.575947,Seoul-a611,-1,96,Normal
2026-02-11 10:55:07.575947,Seoul-a611,-15,69,Normal
2026-02-11 10:55:08.575947,Seoul-a611,-28,52,Normal
2026-02-11 10:55:09.575947,Seoul-a611,7,27,Normal
2026-02-11 10:55:10.575947,Seoul-a611,21,22,Normal
2026-02-11 10:55:11.575947,Seoul-a611,16,84,Normal
2026-02-11 10:55:12.575947,Seoul-a611,-8,81,Normal
2026-02-11 10:55:13.575947,Seoul-a611,27,6,Normal
2026-02-11 10:55:14.575947,Seoul-a611,-12,10,Normal
2026-02-11 10:55:15.575947,Seoul-a611,18,66,Normal
2026-02-11 10:55:16.575947,Seoul-a611,15,95,Normal
2026-02-11 10:55:17.575947,Seoul-a611,-30,100,Normal
2026-02-11 10:55:18.575947,Seoul-a611,29,2,Normal
2026-02-11 10:55:19.575947,Seoul-a611,25,10,Normal
2026-02-11 10:55:20.575947,Seoul-a611,-10,6,Normal
2026-02-11 10:55:21.575947,Seoul-a611,-22,74,Normal
2026-02-11 10:55:22.575947,Seoul-a611,28,49,Normal
2026-02-11 10:55:23.575947,Seoul-a611,26,58,Normal
2026-02-11 10:55:24.575947,Seoul-a611,-12,89,Normal
2026-02-11 10:55:25.575947,Seoul-a611,-18,86,Normal
2026-02-11 10:55:26.575947,Seoul-a611,-26,99,Normal
2026-02-11 10:55:27.575947,Seoul-a611,-15,51,Normal
2026-02-11 10:55:28.575947,Seoul-a611,-12,83,Normal
2026-02-11 10:55:29.575947,Seoul-a611,-10,95,Normal
2026-02-11 10:55:30.575947,Seoul-a611,30,64,Normal
2026-02-11 10:55:31.575947,Seoul-a611,-24,36,Normal
2026-02-11 10:55:32.575947,Seoul-a611,0,87,Normal
2026-02-11 10:55:33.575947,Seoul-a611,10,70,Normal
2026-02-11 10:55:34.575947,Seoul-a611,-12,57,Normal
2026-02-11 10:55:35.575947,Seoul-a611,32,80,Normal
2026-02-11 10:55:36.575947,Seoul-a611,27,15,Normal
2026-02-11 10:55:37.575947,Seoul-a611,43,54,Normal
2026-02-11 10:55:38.575947,Seoul-a611,-18,18,Normal
2026-02-11 10:55:39.575947,Seoul-a611,19,7,Normal
2026-02-11 10:55:40.575947,Seoul-a611,49,85,Normal
2026-02-11 10:55:41.575947,Seoul-a611,-5,81,Normal
2026-02-11 10:55:42.575947,Seoul-a611,3,58,Normal
2026-02-11 10:55:43.575947,Seoul-a611,-2,14,Normal
2026-02-11 10:55:44.575947,Seoul-a611,31,65,Normal
2026-02-11 10:55:45.575947,Seoul-a611,29,34,Normal
2026-02-11 10:55:46.575947,Seoul-a611,-15,31,Normal
2026-02-11 10:55:47.575947,Seoul-a611,-28,4,Normal
2026-02-11 10:55:48.575947,Seoul-a611,-17,80,Normal
2026-02-11 10:55:49.575947,Seoul-a611,-8,3,Normal
2026-02-11 10:55:50.575947,Seoul-a611,19,64,Normal
2026-02-11 10:55:51.575947,Seoul-a611,35,78,Normal
2026-02-11 10:55:52.575947,Seoul-a611,41,8,Normal
2026-02-11 10:55:53.575947,Seoul-a611,42,9,Normal
2026-02-11 10:55:54.575947,Seoul-a611,-27,92,Normal
2026-02-11 10:55:55.575947,Seoul-a611,18,86,Normal
2026-02-11 10:55:56.575947,Seoul-a611,15,88,Normal
2026-02-11 10:55:57.575947,Seoul-a611,31,69,Normal
2026-02-11 10:55:58.575947,Seoul-a611,-1,100,Normal
2026-02-11 10:55:59.575947,Seoul-a611,-6,62,Normal
2026-02-11 10:56:00.575947,Seoul-a611,-18,75,Normal
2026-02-11 10:56:01.575947,Seoul-a611,49,77,Normal
2026-02-11 10:56:02.575947,Seoul-a611,18,15,Normal
2026-02-11 10:56:03.575947,Seoul-a611,-11,11,Normal
2026-02-11 10:56:04.575947,Seoul-a611,32,55,Normal
2026-02-11 10:56:05.575947,Seoul-a611,-24,78,Normal
2026-02-11 10:56:06.575947,Seoul-a611,28,15,Normal
2026-02-11 10:56:07.575947,Seoul-a611,-30,59,Normal
2026-02-11 10:56:08.575947,Seoul-a611,18,39,Normal
2026-02-11 10:56:09.575947,Seoul-a611,-30,90,Normal
2026-02-11 10:56:10.575947,Seoul-a611,-30,37,Normal
2026-02-11 10:56:11.575947,Seoul-a611,-28,37,Normal
2026-02-11 10:56:12.575947,Seoul-a611,38,11,Normal
2026-02-11 10:56:13.575947,Seoul-a611,16,47,Normal
2026-02-11 10:56:14.575947,Seoul-a611,24,85,Normal
2026-02-11 10:56:15.575947,Seoul-a611,-2,49,Normal
2026-02-11 10:56:16.575947,Seoul-a611,13,27,Normal
2026-02-11 10:56:17.575947,Seoul-a611,43,31,Normal
2026-02-11 10:56:18.575947,Seoul-a611,-14,56,Normal
2026-02-11 10:56:19.575947,Seoul-a611,-7,95,Normal
2026-02-11 10:56:20.575947,Seoul-a611,37,2,Normal
2026-02-11 10:56:21.575947,Seoul-a611,-10,17,Normal
2026-02-11 10:56:22.575947,Seoul-a611,23,71,Normal
2026-02-11 10:56:23.575947,Seoul-a611,25,24,Normal
2026-02-11 10:56:24.575947,Seoul-a611,-8,63,Normal
2026-02-11 10:56:25.575947,Seoul-a611,-28,61,Normal
2026-02-11 10:56:26.575947,Seoul-a611,13,9,Normal
2026-02-11 10:56:27.575947,Seoul-a611,38,42,Normal
2026-02-11 10:56:28.575947,Seoul-a611,-11,22,Normal
2026-02-11 10:56:29.575947,Seoul-a611,36,55,Normal
2026-02-11 10:56:30.575947,Seoul-a611,44,38,Normal
2026-02-11 10:56:31.575947,Seoul-a611,15,10,Normal
2026-02-11 10:56:32.575947,Seoul-a611,1,2,Normal
2026-02-11 10:56:33.575947,Seoul-a611,-10,16,Normal
2026-02-11 10:56:34.575947,Seoul-a611,-11,84,Normal
2026-02-11 10:56:35.575947,Seoul-a611,33,93,Normal
2026-02-11 10:56:36.575947,Seoul-a611,34,7,Normal
2026-02-11 10:56:37.575947,Seoul-a611,-7,76,Normal
2026-02-11 10:56:38.575947,Seoul-a611,-5,28,Normal
2026-02-11 10:56:39.575947,Seoul-a611,26,19,Normal
2026-02-11 10:56:40.575947,Seoul-a611,3,30,Normal
2026-02-11 10:56:41.575947,Seoul-a611,37,14,Normal
2026-02-11 10:56:42.575947,Seoul-a611,30,67,Normal
2026-02-11 10:56:43.575947,Seoul-a611,37,70,Normal
2026-02-11 10:56:44.575947,Seoul-a611,50,68,Normal
2026-02-11 10:56:45.575947,Seoul-a611,-20,12,Normal
2026-02-11 10:56:46.575947,Seoul-a611,-22,57,Normal
2026-02-11 10:56:47.575947,Seoul-a611,26,76,Normal
2026-02-11 10:56:48.575947,Seoul-a611,24,61,Normal
2026-02-11 10:56:49.575947,Seoul-a611,2,46,Normal
2026-02-11 10:56:50.575947,Seoul-a611,41,74,Normal
2026-02-11 10:56:51.575947,Seoul-a611,-27,77,Normal
2026-02-11 10:56:52.575947,Seoul-a611,9,2,Normal
2026-02-11 10:56:53.575947,Seoul-a611,16,89,Normal
2026-02-11 10:56:54.575947,Seoul-a611,9,43,Normal
2026-02-11 10:56:55.575947,Seoul-a611,32,22,Normal
2026-02-11 10:56:56.575947,Seoul-a611,23,99,Normal
2026-02-11 10:56:57.575947,Seoul-a611,24,84,Normal
2026-02-11 10:56:58.575947,Seoul-a611,-3,100,Normal
2026-02-11 10:56:59.575947,Seoul-a611,34,7,Normal
2026-02-11 10:57:00.575947,Seoul-a611,9,52,Normal
2026-02-11 10:57:01.575947,Seoul-a611,-23,51,Normal
2026-02-11 10:57:02.575947,Seoul-a611,43,29,Normal
2026-02-11 10:57:03.575947,Seoul-a611,28,12,Normal
2026-02-11 10:57:04.575947,Seoul-a611,-24,61,Normal
2026-02-11 10:57:05.575947,Seoul-a611,37,9,Normal
2026-02-11 10:57:06.575947,Seoul-a611,-7,19,Normal
2026-02-11 10:57:07.575947,Seoul-a611,-24,36,Normal
2026-02-11 10:57:08.575947,Seoul-a611,4,13,Normal
2026-02-11 10:57:09.575947,Seoul-a611,-10,41,Normal
2026-02-11 10:57:10.575947,Seoul-a611,-19,15,Normal
2026-02-11 10:57:11.575947,Seoul-a611,41,77,Normal
2026-02-11 10:57:12.575947,Seoul-a611,37,91,Normal
2026-02-11 10:57:13.575947,Seoul-a611,33,21,Normal
2026-02-11 10:57:14.575947,Seoul-a611,16,47,Normal
2026-02-11 10:57:15.575947,Seoul-a611,37,84,Normal
2026-02-11 10:57:16.575947,Seoul-a611,41,30,Normal
2026-02-11 10:57:17.575947,Seoul-a611,-8,12,Normal
2026-02-11 10:57:18.575947,Seoul-a611,-17,24,Normal
2026-02-11 10:57:19.575947,Seoul-a611,34,16,Normal
2026-02-11 10:57:20.575947,Seoul-a611,-14,72,Normal
2026-02-11 10:57:21.575947,Seoul-a611,-30,33,Normal
2026-02-11 10:57:22.575947,Seoul-a611,2,78,Normal
2026-02-11 10:57:23.575947,Seoul-a611,6,88,Normal
2026-02-11 10:57:24.575947,Seoul-a611,-13,69,Normal
2026-02-11 10:57:25.575947,Seoul-a611,25,95,Normal
2026-02-11 10:57:26.575947,Seoul-a611,12,28,Normal
2026-02-11 10:57:27.575947,Seoul-a611,12,66,Normal
2026-02-11 10:57:28.575947,Seoul-a611,-16,72,Normal
2026-02-11 10:57:29.575947,Seoul-a611,14,99,Normal
2026-02-11 10:57:30.575947,Seoul-a611,-28,54,Normal
2026-02-11 10:57:31.575947,Seoul-a611,8,40,Normal
2026-02-11 10:57:32.575947,Seoul-a611,4,80,Normal
2026-02-11 10:57:33.575947,Seoul-a611,-27,47,Normal
2026-02-11 10:57:34.575947,Seoul-a611,45,26,Normal
2026-02-11 10:57:35.575947,Seoul-a611,29,81,Normal
2026-02-11 10:57:36.575947,Seoul-a611,24,61,Normal
2026-02-11 10:57:37.575947,Seoul-a611,14,80,Normal
2026-02-11 10:57:38.575947,Seoul-a611,30,90,Normal
2026-02-11 10:57:39.575947,Seoul-a611,16,70,Normal
2026-02-11 10:57:40.575947,Seoul-a611,26,49,Normal
2026-02-11 10:57:41.575947,Seoul-a611,-19,12,Normal
2026-02-11 10:57:42.575947,Seoul-a611,-26,35,Normal
2026-02-11 10:57:43.575947,Seoul-a611,-24,13,Normal
2026-02-11 10:57:44.575947,Seoul-a611,8,14,Normal
2026-02-11 10:57:45.575947,Seoul-a611,36,63,Normal
2026-02-11 10:57:46.575947,Seoul-a611,-18,27,Normal
2026-02-11 10:57:47.575947,Seoul-a611,10,3,Normal
2026-02-11 10:57:48.575947,Seoul-a611,-17,21,Normal
2026-02-11 10:57:49.575947,Seoul-a611,17,42,Normal
2026-02-11 10:57:50.575947,Seoul-a611,12,69,Normal
2026-02-11 10:57:51.575947,Seoul-a611,50,85,Normal
2026-02-11 10:57:52.575947,Seoul-a611,-6,1,Normal
2026-02-11 10:57:53.575947,Seoul-a611,49,50,Normal
2026-02-11 10:57:54.575947,Seoul-a611,10,85,Normal
2026-02-11 10:57:55.575947,Seoul-a611,7,97,Normal
2026-02-11 10:57:56.575947,Seoul-a611,44,74,Normal
2026-02-11 10:57:57.575947,Seoul-a611,18,67,Normal
2026-02-11 10:57:58.575947,Seoul-a611,16,84,Normal
2026-02-11 10:57:59.575947,Seoul-a611,31,74,Normal
2026-02-11 10:58:00.575947,Seoul-a611,9,83,Normal
2026-02-11 10:58:01.575947,Seoul-a611,-28,24,Normal
2026-02-11 10:58:02.575947,Seoul-a611,16,9,Normal
2026-02-11 10:58:03.575947,Seoul-a611,21,10,Normal
2026-02-11 10:58:04.575947,Seoul-a611,-29,38,Normal
2026-02-11 10:58:05.575947,Seoul-a611,32,0,Normal
2026-02-11 10:58:06.575947,Seoul-a611,38,4,Normal
2026-02-11 10:58:07.575947,Seoul-a611,7,18,Normal
2026-02-11 10:58:08.575947,Seoul-a611,16,31,Normal
2026-02-11 10:58:09.575947,Seoul-a611,-4,5,Normal
2026-02-11 10:58:10.575947,Seoul-a611,37,22,Normal
2026-02-11 10:58:11.575947,Seoul-a611,-22,51,Normal
2026-02-11 10:58:12.575947,Seoul-a611,25,72,Normal
2026-02-11 10:58:13.575947,Seoul-a611,20,72,Normal
2026-02-11 10:58:14.575947,Seoul-a611,20,34,Normal
2026-02-11 10:58:15.575947,Seoul-a611,15,14,Normal
2026-02-11 10:58:16.575947,Seoul-a611,-12,36,Normal
2026-02-11 10:58:17.575947,Seoul-a611,33,39,Normal
2026-02-11 10:58:18.575947,Seoul-a611,-28,78,Normal
2026-02-11 10:58:19.575947,Seoul-a611,37,63,Normal
2026-02-11 10:58:20.575947,Seoul-a611,10,7,Normal
2026-02-11 10:58:21.575947,Seoul-a611,32,95,Normal
2026-02-11 10:58:22.575947,Seoul-a611,-23,62,Normal
2026-02-11 10:58:23.575947,Seoul-a611,37,31,Normal
2026-02-11 10:58:24.575947,Seoul-a611,14,27,Normal
2026-02-11 10:58:25.575947,Seoul-a611,-29,70,Normal
2026-02-11 10:58:26.575947,Seoul-a611,24,92,Normal
2026-02-11 10:58:27.575947,Seoul-a611,33,69,Normal
2026-02-11 10:58:28.575947,Seoul-a611,29,49,Normal
2026-02-11 10:58:29.575947,Seoul-a611,-8,92,Normal
2026-02-11 10:58:30.575947,Seoul-a611,20,40,Normal
2026-02-11 10:58:31.575947,Seoul-a611,-20,98,Normal
2026-02-11 10:58:32.575947,Seoul-a611,-10,40,Normal
2026-02-11 10:58:33.575947,Seoul-a611,-6,48,Normal
2026-02-11 10:58:34.575947,Seoul-a611,37,94,Normal
2026-02-11 10:58:35.575947,Seoul-a611,-13,91,Normal
2026-02-11 10:58:36.575947,Seoul-a611,40,94,Normal
2026-02-11 10:58:37.575947,Seoul-a611,19,39,Normal
2026-02-11 10:58:38.575947,Seoul-a611,38,20,Normal
2026-02-11 10:58:39.575947,Seoul-a611,36,38,Normal
2026-02-11 10:58:40.575947,Seoul-a611,0,34,Normal
2026-02-11 10:58:41.575947,Seoul-a611,-1,22,Normal
2026-02-11 10:58:42.575947,Seoul-a611,10,86,Normal
2026-02-11 10:58:43.575947,Seoul-a611,-11,65,Normal
2026-02-11 10:58:44.575947,Seoul-a611,36,51,Normal
2026-02-11 10:58:45.575947,Seoul-a611,6,86,Normal
2026-02-11 10:58:46.575947,Seoul-a611,31,37,Normal
2026-02-11 10:58:47.575947,Seoul-a611,44,89,Normal
2026-02-11 10:58:48.575947,Seoul-a611,-15,63,Normal
2026-02-11 10:58:49.575947,Seoul-a611,-5,13,Normal
2026-02-11 10:58:50.575947,Seoul-a611,24,68,Normal
2026-02-11 10:58:51.575947,Seoul-a611,16,43,Normal
2026-02-11 10:58:52.575947,Seoul-a611,38,88,Normal
2026-02-11 10:58:53.575947,Seoul-a611,-14,38,Normal
2026-02-11 10:58:54.575947,Seoul-a611,8,59,Normal
2026-02-11 10:58:55.575947,Seoul-a611,27,20,Normal
2026-02-11 10:58:56.575947,Seoul-a611,4,72,Normal
2026-02-11 10:58:57.575947,Seoul-a611,50,82,Normal
2026-02-11 10:58:58.575947,Seoul-a611,41,3,Normal
2026-02-11 10:58:59.575947,Seoul-a611,28,80,Normal
2026-02-11 10:59:00.575947,Seoul-a611,-13,18,Normal
2026-02-11 10:59:01.575947,Seoul-a611,16,52,Normal
2026-02-11 10:59:02.575947,Seoul-a611,38,55,Normal
2026-02-11 10:59:03.575947,Seoul-a611,-12,31,Normal
2026-02-11 10:59:04.575947,Seoul-a611,21,45,Normal
2026-02-11 10:59:05.575947,Seoul-a611,49,14,Normal
2026-02-11 10:59:06.575947,Seoul-a611,27,60,Normal
2026-02-11 10:59:07.575947,Seoul-a611,38,51,Normal
2026-02-11 10:59:08.575947,Seoul-a611,47,9,Normal
2026-02-11 10:59:09.575947,Seoul-a611,-17,35,Normal
2026-02-11 10:59:10.575947,Seoul-a611,-2,16,Normal
2026-02-11 10:59:11.575947,Seoul-a611,3,83,Normal
2026-02-11 10:59:12.575947,Seoul-a611,14,26,Normal
2026-02-11 10:59:13.575947,Seoul-a611,43,21,Normal
2026-02-11 10:59:14.575947,Seoul-a611,-15,49,Normal
2026-02-11 10:59:15.575947,Seoul-a611,8,22,Normal
2026-02-11 10:59:16.575947,Seoul-a611,0,33,Normal
2026-02-11 10:59:17.575947,Seoul-a611,14,80,Normal
2026-02-11 10:59:18.575947,Seoul-a611,-18,6,Normal
2026-02-11 10:59:19.575947,Seoul-a611,-18,13,Normal
2026-02-11 10:59:20.575947,Seoul-a611,-10,17,Normal
2026-02-11 10:59:21.575947,Seoul-a611,-13,57,Normal
2026-02-11 10:59:22.575947,Seoul-a611,-26,46,Normal
2026-02-11 10:59:23.575947,Seoul-a611,41,15,Normal
2026-02-11 10:59:24.575947,Seoul-a611,36,23,Normal
2026-02-11 10:59:25.575947,Seoul-a611,16,48,Normal
2026-02-11 10:59:26.575947,Seoul-a611,40,15,Normal
2026-02-11 10:59:27.575947,Seoul-a611,13,90,Normal
2026-02-11 10:59:28.575947,Seoul-a611,-3,26,Normal
2026-02-11 10:59:29.575947,Seoul-a611,14,22,Normal
2026-02-11 10:59:30.575947,Seoul-a611,0,13,Normal
2026-02-11 10:59:31.575947,Seoul-a611,24,55,Normal
2026-02-11 10:59:32.575947,Seoul-a611,48,90,Normal
2026-02-11 10:59:33.575947,Seoul-a611,46,6,Normal
2026-02-11 10:59:34.575947,Seoul-a611,-7,26,Normal
2026-02-11 10:59:35.575947,Seoul-a611,23,67,Normal
2026-02-11 10:59:36.575947,Seoul-a611,49,5,Normal
2026-02-11 10:59:37.575947,Seoul-a611,-17,0,Normal
2026-02-11 10:59:38.575947,Seoul-a611,23,79,Normal
2026-02-11 10:59:39.575947,Seoul-a611,17,45,Normal
2026-02-11 10:59:40.575947,Seoul-a611,50,74,Normal
2026-02-11 10:59:41.575947,Seoul-a611,19,64,Normal
2026-02-11 10:59:42.575947,Seoul-a611,19,8,Normal
2026-02-11 10:59:43.575947,Seoul-a611,-18,86,Normal
2026-02-11 10:59:44.575947,Seoul-a611,-14,51,Normal
2026-02-11 10:59:45.575947,Seoul-a611,50,48,Normal
2026-02-11 10:59:46.575947,Seoul-a611,29,14,Normal
2026-02-11 10:59:47.575947,Seoul-a611,-5,29,Normal
2026-02-11 10:59:48.575947,Seoul-a611,3,18,Normal
2026-02-11 10:59:49.575947,Seoul-a611,4,73,Normal
2026-02-11 10:59:50.575947,Seoul-a611,-4,66,Normal
2026-02-11 10:59:51.575947,Seoul-a611,19,62,Normal
2026-02-11 10:59:52.575947,Seoul-a611,3,91,Normal
2026-02-11 10:59:53.575947,Seoul-a611,-24,46,Normal
2026-02-11 10:59:54.575947,Seoul-a611,-13,59,Normal
2026-02-11 10:59:55.575947,Seoul-a611,-29,19,Normal
2026-02-11 10:59:56.575947,Seoul-a611,33,78,Normal
2026-02-11 10:59:57.575947,Seoul-a611,-13,31,Normal
2026-02-11 10:59:58.575947,Seoul-a611,12,73,Normal
2026-02-11 10:59:59.575947,Seoul-a611,34,56,Normal
2026-02-11 11:00:00.575947,Seoul-a611,-24,28,Normal
2026-02-11 11:00:01.575947,Seoul-a611,-1,7,Normal
2026-02-11 11:00:02.575947,Seoul-a611,-25,41,Normal
2026-02-11 11:00:03.575947,Seoul-a611,1,57,Normal
2026-02-11 11:00:04.575947,Seoul-a611,17,47,Normal
2026-02-11 11:00:05.575947,Seoul-a611,-28,12,Normal
2026-02-11 11:00:06.575947,Seoul-a611,15,1,Normal
2026-02-11 11:00:07.575947,Seoul-a611,-4,8,Normal
2026-02-11 11:00:08.575947,Seoul-a611,-19,76,Normal
2026-02-11 11:00:09.575947,Seoul-a611,33,84,Normal
2026-02-11 11:00:10.575947,Seoul-a611,-19,12,Normal
2026-02-11 11:00:11.575947,Seoul-a611,34,94,Normal
2026-02-11 11:00:12.575947,Seoul-a611,27,72,Normal
2026-02-11 11:00:13.575947,Seoul-a611,-30,85,Normal
2026-02-11 11:00:14.575947,Seoul-a611,11,65,Normal
2026-02-11 11:00:15.575947,Seoul-a611,16,64,Normal
2026-02-11 11:00:16.575947,Seoul-a611,-12,52,Normal
2026-02-11 11:00:17.575947,Seoul-a611,23,19,Normal
2026-02-11 11:00:18.575947,Seoul-a611,-13,32,Normal
2026-02-11 11:00:19.575947,Seoul-a611,43,53,Normal
2026-02-11 11:00:20.575947,Seoul-a611,-9,37,Normal
2026-02-11 11:00:21.575947,Seoul-a611,19,29,Normal
2026-02-11 11:00:22.575947,Seoul-a611,-11,76,Normal
2026-02-11 11:00:23.575947,Seoul-a611,49,79,Normal
2026-02-11 11:00:24.575947,Seoul-a611,18,70,Normal
2026-02-11 11:00:25.575947,Seoul-a611,28,13,Normal
2026-02-11 11:00:26.575947,Seoul-a611,7,91,Normal
2026-02-11 11:00:27.575947,Seoul-a611,-22,29,Normal
2026-02-11 11:00:28.575947,Seoul-a611,-23,74,Normal
2026-02-11 11:00:29.575947,Seoul-a611,34,94,Normal
2026-02-11 11:00:30.575947,Seoul-a611,24,90,Normal
2026-02-11 11:00:31.575947,Seoul-a611,22,12,Normal
2026-02-11 11:00:32.575947,Seoul-a611,-17,100,Normal
2026-02-11 11:00:33.575947,Seoul-a611,42,29,Normal
2026-02-11 11:00:34.575947,Seoul-a611,-1,17,Normal
2026-02-11 11:00:35.575947,Seoul-a611,-16,24,Normal
2026-02-11 11:00:36.575947,Seoul-a611,-12,0,Normal
2026-02-11 11:00:37.575947,Seoul-a611,34,27,Normal
2026-02-11 11:00:38.575947,Seoul-a611,16,31,Normal
2026-02-11 11:00:39.575947,Seoul-a611,22,44,Normal
2026-02-11 11:00:40.575947,Seoul-a611,34,18,Normal
2026-02-11 11:00:41.575947,Seoul-a611,35,26,Normal
2026-02-11 11:00:42.575947,Seoul-a611,-14,51,Normal
2026-02-11 11:00:43.575947,Seoul-a611,-17,37,Normal
2026-02-11 11:00:44.575947,Seoul-a611,40,76,Normal
2026-02-11 11:00:45.575947,Seoul-a611,1,38,Normal
2026-02-11 11:00:46.575947,Seoul-a611,21,90,Normal
2026-02-11 11:00:47.575947,Seoul-a611,-6,47,Normal
2026-02-11 11:00:48.575947,Seoul-a611,-10,50,Normal
2026-02-11 11:00:49.575947,Seoul-a611,-21,70,Normal
2026-02-11 11:00:50.575947,Seoul-a611,-11,96,Normal
2026-02-11 11:00:51.575947,Seoul-a611,-18,44,Normal
2026-02-11 11:00:52.575947,Seoul-a611,16,53,Normal
2026-02-11 11:00:53.575947,Seoul-a611,-22,21,Normal
2026-02-11 11:00:54.575947,Seoul-a611,-13,48,Normal
2026-02-11 11:00:55.575947,Seoul-a611,42,61,Normal
2026-02-11 11:00:56.575947,Seoul-a611,35,50,Normal
2026-02-11 11:00:57.575947,Seoul-a611,8,9,Normal
2026-02-11 11:00:58.575947,Seoul-a611,-13,39,Normal
2026-02-11 11:00:59.575947,Seoul-a611,13,87,Normal
2026-02-11 11:01:00.575947,Seoul-a611,25,94,Normal
2026-02-11 11:01:01.575947,Seoul-a611,-29,0,Normal
2026-02-11 11:01:02.575947,Seoul-a611,24,79,Normal
2026-02-11 11:01:03.575947,Seoul-a611,10,31,Normal
2026-02-11 11:01:04.575947,Seoul-a611,1,12,Normal
2026-02-11 11:01:05.575947,Seoul-a611,2,14,Normal
2026-02-11 11:01:06.575947,Seoul-a611,38,64,Normal
2026-02-11 11:01:07.575947,Seoul-a611,38,51,Normal
2026-02-11 11:01:08.575947,Seoul-a611,-4,12,Normal
2026-02-11 11:01:09.575947,Seoul-a611,48,35,Normal
2026-02-11 11:01:10.575947,Seoul-a611,-9,29,Normal
2026-02-11 11:01:11.575947,Seoul-a611,6,28,Normal
2026-02-11 11:01:12.575947,Seoul-a611,42,65,Normal
2026-02-11 11:01:13.575947,Seoul-a611,-27,90,Normal
2026-02-11 11:01:14.575947,Seoul-a611,-3,8,Normal
2026-02-11 11:01:15.575947,Seoul-a611,35,88,Normal
2026-02-11 11:01:16.575947,Seoul-a611,-25,80,Normal
2026-02-11 11:01:17.575947,Seoul-a611,45,68,Normal
2026-02-11 11:01:18.575947,Seoul-a611,13,31,Normal
2026-02-11 11:01:19.575947,Seoul-a611,-13,21,Normal
2026-02-11 11:01:20.575947,Seoul-a611,-28,75,Normal
2026-02-11 11:01:21.575947,Seoul-a611,18,25,Normal
2026-02-11 11:01:22.575947,Seoul-a611,-28,58,Normal
2026-02-11 11:01:23.575947,Seoul-a611,45,100,Normal
2026-02-11 11:01:24.575947,Seoul-a611,11,41,Normal
2026-02-11 11:01:25.575947,Seoul-a611,-20,16,Normal
2026-02-11 11:01:26.575947,Seoul-a611,5,7,Normal
2026-02-11 11:01:27.575947,Seoul-a611,27,57,Normal
2026-02-11 11:01:28.575947,Seoul-a611,28,93,Normal
2026-02-11 11:01:29.575947,Seoul-a611,27,15,Normal
2026-02-11 11:01:30.575947,Seoul-a611,46,45,Normal
2026-02-11 11:01:31.575947,Seoul-a611,-17,19,Normal
2026-02-11 11:01:32.575947,Seoul-a611,8,3,Normal
2026-02-11 11:01:33.575947,Seoul-a611,37,23,Normal
2026-02-11 11:01:34.575947,Seoul-a611,-11,77,Normal
2026-02-11 11:01:35.575947,Seoul-a611,-2,25,Normal
2026-02-11 11:01:36.575947,Seoul-a611,-8,78,Normal
2026-02-11 11:01:37.575947,Seoul-a611,-24,6,Normal
2026-02-11 11:01:38.575947,Seoul-a611,39,61,Normal
2026-02-11 11:01:39.575947,Seoul-a611,-25,94,Normal
2026-02-11 11:01:40.575947,Seoul-a611,-26,65,Normal
2026-02-11 11:01:41.575947,Seoul-a611,-26,93,Normal
2026-02-11 11:01:42.575947,Seoul-a611,-8,34,Normal
2026-02-11 11:01:43.575947,Seoul-a611,45,2,Normal
2026-02-11 11:01:44.575947,Seoul-a611,-11,39,Normal
2026-02-11 11:01:45.575947,Seoul-a611,-15,2,Normal
2026-02-11 11:01:46.575947,Seoul-a611,-1,89,Normal
2026-02-11 11:01:47.575947,Seoul-a611,3,35,Normal
2026-02-11 11:01:48.575947,Seoul-a611,-15,32,Normal
2026-02-11 11:01:49.575947,Seoul-a611,-12,86,Normal
2026-02-11 11:01:50.575947,Seoul-a611,37,34,Normal
2026-02-11 11:01:51.575947,Seoul-a611,50,95,Normal
2026-02-11 11:01:52.575947,Seoul-a611,-9,16,Normal
2026-02-11 11:01:53.575947,Seoul-a611,16,58,Normal
2026-02-11 11:01:54.575947,Seoul-a611,5,73,Normal
2026-02-11 11:01:55.575947,Seoul-a611,-21,70,Normal
2026-02-11 11:01:56.575947,Seoul-a611,-3,69,Normal
2026-02-11 11:01:57.575947,Seoul-a611,46,85,Normal
2026-02-11 11:01:58.575947,Seoul-a611,49,11,Normal
2026-02-11 11:01:59.575947,Seoul-a611,16,30,Normal
2026-02-11 11:02:00.575947,Seoul-a611,38,73,Normal
2026-02-11 11:02:01.575947,Seoul-a611,-14,11,Normal
2026-02-11 11:02:02.575947,Seoul-a611,40,18,Normal
2026-02-11 11:02:03.575947,Seoul-a611,34,97,Normal
2026-02-11 11:02:04.575947,Seoul-a611,15,3,Normal
2026-02-11 11:02:05.575947,Seoul-a611,50,40,Normal
2026-02-11 11:02:06.575947,Seoul-a611,44,27,Normal
2026-02-11 11:02:07.575947,Seoul-a611,-9,15,Normal
2026-02-11 11:02:08.575947,Seoul-a611,-15,14,Normal
2026-02-11 11:02:09.575947,Seoul-a611,16,31,Normal
2026-02-11 11:02:10.575947,Seoul-a611,38,15,Normal
2026-02-11 11:02:11.575947,Seoul-a611,-14,39,Normal
2026-02-11 11:02:12.575947,Seoul-a611,-4,39,Normal
2026-02-11 11:02:13.575947,Seoul-a611,-9,5,Normal
2026-02-11 11:02:14.575947,Seoul-a611,12,38,Normal
2026-02-11 11:02:15.575947,Seoul-a611,7,44,Normal
2026-02-11 11:02:16.575947,Seoul-a611,17,11,Normal
2026-02-11 11:02:17.575947,Seoul-a611,-17,88,Normal
2026-02-11 11:02:18.575947,Seoul-a611,41,16,Normal
2026-02-11 11:02:19.575947,Seoul-a611,-30,77,Normal
2026-02-11 11:02:20.575947,Seoul-a611,23,11,Normal
2026-02-11 11:02:21.575947,Seoul-a611,-29,61,Normal
2026-02-11 11:02:22.575947,Seoul-a611,13,23,Normal
2026-02-11 11:02:23.575947,Seoul-a611,-19,85,Normal
2026-02-11 11:02:24.575947,Seoul-a611,42,7,Normal
2026-02-11 11:02:25.575947,Seoul-a611,43,65,Normal
2026-02-11 11:02:26.575947,Seoul-a611,-3,13,Normal
2026-02-11 11:02:27.575947,Seoul-a611,47,13,Normal
2026-02-11 11:02:28.575947,Seoul-a611,4,51,Normal
2026-02-11 11:02:29.575947,Seoul-a611,19,14,Normal
2026-02-11 11:02:30.575947,Seoul-a611,-29,42,Normal
2026-02-11 11:02:31.575947,Seoul-a611,32,45,Normal
2026-02-11 11:02:32.575947,Seoul-a611,27,47,Normal
2026-02-11 11:02:33.575947,Seoul-a611,36,2,Normal
2026-02-11 11:02:34.575947,Seoul-a611,18,46,Normal
2026-02-11 11:02:35.575947,Seoul-a611,22,24,Normal
2026-02-11 11:02:36.575947,Seoul-a611,45,64,Normal
2026-02-11 11:02:37.575947,Seoul-a611,-24,78,Normal
2026-02-11 11:02:38.575947,Seoul-a611,12,73,Normal
2026-02-11 11:02:39.575947,Seoul-a611,42,66,Normal
2026-02-11 11:02:40.575947,Seoul-a611,4,37,Normal
2026-02-11 11:02:41.575947,Seoul-a611,22,1,Normal
2026-02-11 11:02:42.575947,Seoul-a611,-22,39,Normal
2026-02-11 11:02:43.575947,Seoul-a611,29,10,Normal
2026-02-11 11:02:44.575947,Seoul-a611,-25,83,Normal
2026-02-11 11:02:45.575947,Seoul-a611,49,66,Normal
2026-02-11 11:02:46.575947,Seoul-a611,18,67,Normal
2026-02-11 11:02:47.575947,Seoul-a611,1,47,Normal
2026-02-11 11:02:48.575947,Seoul-a611,-28,82,Normal
2026-02-11 11:02:49.575947,Seoul-a611,-4,97,Normal
2026-02-11 11:02:50.575947,Seoul-a611,32,27,Normal
2026-02-11 11:02:51.575947,Seoul-a611,37,24,Normal
2026-02-11 11:02:52.575947,Seoul-a611,45,27,Normal
2026-02-11 11:02:53.575947,Seoul-a611,28,37,Normal
2026-02-11 11:02:54.575947,Seoul-a611,25,27,Normal
2026-02-11 11:02:55.575947,Seoul-a611,40,14,Normal
2026-02-11 11:02:56.575947,Seoul-a611,37,65,Normal
2026-02-11 11:02:57.575947,Seoul-a611,48,58,Normal
2026-02-11 11:02:58.575947,Seoul-a611,-6,74,Normal
2026-02-11 11:02:59.575947,Seoul-a611,23,31,Normal
2026-02-11 11:03:00.575947,Seoul-a611,31,10,Normal
2026-02-11 11:03:01.575947,Seoul-a611,1,15,Normal
2026-02-11 11:03:02.575947,Seoul-a611,40,18,Normal
2026-02-11 11:03:03.575947,Seoul-a611,23,11,Normal
2026-02-11 11:03:04.575947,Seoul-a611,-8,76,Normal
2026-02-11 11:03:05.575947,Seoul-a611,-20,97,Normal
2026-02-11 11:03:06.575947,Seoul-a611,11,53,Normal
2026-02-11 11:03:07.575947,Seoul-a611,23,84,Normal
2026-02-11 11:03:08.575947,Seoul-a611,43,14,Normal
2026-02-11 11:03:09.575947,Seoul-a611,-23,52,Normal
2026-02-11 11:03:10.575947,Seoul-a611,10,84,Normal
2026-02-11 11:03:11.575947,Seoul-a611,40,49,Normal
2026-02-11 11:03:12.575947,Seoul-a611,46,12,Normal
2026-02-11 11:03:13.575947,Seoul-a611,7,61,Normal
2026-02-11 11:03:14.575947,Seoul-a611,-23,35,Normal
2026-02-11 11:03:15.575947,Seoul-a611,32,7,Normal
2026-02-11 11:03:16.575947,Seoul-a611,-30,65,Normal
2026-02-11 11:03:17.575947,Seoul-a611,10,4,Normal
2026-02-11 11:03:18.575947,Seoul-a611,-10,17,Normal
2026-02-11 11:03:19.575947,Seoul-a611,5,3,Normal
2026-02-11 11:03:20.575947,Seoul-a611,26,51,Normal
2026-02-11 11:03:21.575947,Seoul-a611,2,61,Normal
2026-02-11 11:03:22.575947,Seoul-a611,-1,81,Normal
2026-02-11 11:03:23.575947,Seoul-a611,40,48,Normal
2026-02-11 11:03:24.575947,Seoul-a611,-30,15,Normal
2026-02-11 11:03:25.575947,Seoul-a611,40,61,Normal
2026-02-11 11:03:26.575947,Seoul-a611,16,74,Normal
2026-02-11 11:03:27.575947,Seoul-a611,-25,6,Normal
2026-02-11 11:03:28.575947,Seoul-a611,0,43,Normal
2026-02-11 11:03:29.575947,Seoul-a611,40,42,Normal
2026-02-11 11:03:30.575947,Seoul-a611,16,19,Normal
2026-02-11 11:03:31.575947,Seoul-a611,13,73,Normal
2026-02-11 11:03:32.575947,Seoul-a611,42,0,Normal
2026-02-11 11:03:33.575947,Seoul-a611,-2,42,Normal
2026-02-11 11:03:34.575947,Seoul-a611,15,53,Normal
2026-02-11 11:03:35.575947,Seoul-a611,13,15,Normal
2026-02-11 11:03:36.575947,Seoul-a611,-19,67,Normal
2026-02-11 11:03:37.575947,Seoul-a611,-10,18,Normal
2026-02-11 11:03:38.575947,Seoul-a611,34,62,Normal
2026-02-11 11:03:39.575947,Seoul-a611,-4,25,Normal
2026-02-11 11:03:40.575947,Seoul-a611,4,23,Normal
2026-02-11 11:03:41.575947,Seoul-a611,16,72,Normal
2026-02-11 11:03:42.575947,Seoul-a611,-7,95,Normal
2026-02-11 11:03:43.575947,Seoul-a611,-15,10,Normal
2026-02-11 11:03:44.575947,Seoul-a611,32,23,Normal
2026-02-11 11:03:45.575947,Seoul-a611,45,52,Normal
2026-02-11 11:03:46.575947,Seoul-a611,-17,58,Normal
2026-02-11 11:03:47.575947,Seoul-a611,8,0,Normal
2026-02-11 11:03:48.575947,Seoul-a611,-14,75,Normal
2026-02-11 11:03:49.575947,Seoul-a611,28,43,Normal
2026-02-11 11:03:50.575947,Seoul-a611,26,42,Normal
2026-02-11 11:03:51.575947,Seoul-a611,-28,10,Normal
2026-02-11 11:03:52.575947,Seoul-a611,-10,37,Normal
2026-02-11 11:03:53.575947,Seoul-a611,12,54,Normal
2026-02-11 11:03:54.575947,Seoul-a611,-1,92,Normal
2026-02-11 11:03:55.575947,Seoul-a611,-16,68,Normal
2026-02-11 11:03:56.575947,Seoul-a611,-21,96,Normal
2026-02-11 11:03:57.575947,Seoul-a611,24,30,Normal
2026-02-11 11:03:58.575947,Seoul-a611,-22,29,Normal
2026-02-11 11:03:59.575947,Seoul-a611,34,36,Normal
2026-02-11 11:04:00.575947,Seoul-a611,-11,34,Normal
2026-02-11 11:04:01.575947,Seoul-a611,15,51,Normal
2026-02-11 11:04:02.575947,Seoul-a611,12,82,Normal
2026-02-11 11:04:03.575947,Seoul-a611,35,20,Normal
2026-02-11 11:04:04.575947,Seoul-a611,28,57,Normal
2026-02-11 11:04:05.575947,Seoul-a611,-19,78,Normal
2026-02-11 11:04:06.575947,Seoul-a611,-30,58,Normal
2026-02-11 11:04:07.575947,Seoul-a611,-12,30,Normal
2026-02-11 11:04:08.575947,Seoul-a611,39,23,Normal
2026-02-11 11:04:09.575947,Seoul-a611,1,97,Normal
2026-02-11 11:04:10.575947,Seoul-a611,12,94,Normal
2026-02-11 11:04:11.575947,Seoul-a611,-8,84,Normal
2026-02-11 11:04:12.575947,Seoul-a611,10,18,Normal
2026-02-11 11:04:13.575947,Seoul-a611,24,71,Normal
2026-02-11 11:04:14.575947,Seoul-a611,-19,24,Normal
2026-02-11 11:04:15.575947,Seoul-a611,-20,19,Normal
2026-02-11 11:04:16.575947,Seoul-a611,1,65,Normal
2026-02-11 11:04:17.575947,Seoul-a611,20,17,Normal
2026-02-11 11:04:18.575947,Seoul-a611,0,49,Normal
2026-02-11 11:04:19.575947,Seoul-a611,22,12,Normal
2026-02-11 11:04:20.575947,Seoul-a611,40,85,Normal
2026-02-11 11:04:21.575947,Seoul-a611,40,83,Normal
2026-02-11 11:04:22.575947,Seoul-a611,3,84,Normal
2026-02-11 11:04:23.575947,Seoul-a611,38,65,Normal
2026-02-11 11:04:24.575947,Seoul-a611,48,70,Normal
2026-02-11 11:04:25.575947,Seoul-a611,44,67,Normal
2026-02-11 11:04:26.575947,Seoul-a611,21,71,Normal
2026-02-11 11:04:27.575947,Seoul-a611,15,66,Normal
2026-02-11 11:04:28.575947,Seoul-a611,50,13,Normal
2026-02-11 11:04:29.575947,Seoul-a611,3,40,Normal
2026-02-11 11:04:30.575947,Seoul-a611,11,89,Normal
2026-02-11 11:04:31.575947,Seoul-a611,-13,57,Normal
2026-02-11 11:04:32.575947,Seoul-a611,29,10,Normal
2026-02-11 11:04:33.575947,Seoul-a611,20,36,Normal
2026-02-11 11:04:34.575947,Seoul-a611,21,77,Normal
2026-02-11 11:04:35.575947,Seoul-a611,-21,68,Normal
2026-02-11 11:04:36.575947,Seoul-a611,50,64,Normal
2026-02-11 11:04:37.575947,Seoul-a611,38,68,Normal
2026-02-11 11:04:38.575947,Seoul-a611,36,32,Normal
2026-02-11 11:04:39.575947,Seoul-a611,44,49,Normal
2026-02-11 11:04:40.575947,Seoul-a611,-26,3,Normal
2026-02-11 11:04:41.575947,Seoul-a611,39,43,Normal
2026-02-11 11:04:42.575947,Seoul-a611,13,33,Normal
2026-02-11 11:04:43.575947,Seoul-a611,-5,100,Normal
2026-02-11 11:04:44.575947,Seoul-a611,-5,10,Normal
2026-02-11 11:04:45.575947,Seoul-a611,34,43,Normal
2026-02-11 11:04:46.575947,Seoul-a611,46,94,Normal
2026-02-11 11:04:47.575947,Seoul-a611,48,63,Normal
2026-02-11 11:04:48.575947,Seoul-a611,38,92,Normal
2026-02-11 11:04:49.575947,Seoul-a611,-18,5,Normal
2026-02-11 11:04:50.575947,Seoul-a611,21,92,Normal
2026-02-11 11:04:51.575947,Seoul-a611,36,75,Normal
2026-02-11 11:04:52.575947,Seoul-a611,-26,47,Normal
2026-02-11 11:04:53.575947,Seoul-a611,42,79,Normal
2026-02-11 11:04:54.575947,Seoul-a611,46,43,Normal
2026-02-11 11:04:55.575947,Seoul-a611,-24,48,Normal
2026-02-11 11:04:56.575947,Seoul-a611,41,15,Normal
2026-02-11 11:04:57.575947,Seoul-a611,45,38,Normal
2026-02-11 11:04:58.575947,Seoul-a611,4,55,Normal
2026-02-11 11:04:59.575947,Seoul-a611,-15,39,Normal
2026-02-11 11:05:00.575947,Seoul-a611,0,34,Normal
2026-02-11 11:05:01.575947,Seoul-a611,-19,100,Normal
2026-02-11 11:05:02.575947,Seoul-a611,-7,18,Normal
2026-02-11 11:05:03.575947,Seoul-a611,30,82,Normal
2026-02-11 11:05:04.575947,Seoul-a611,45,74,Normal
2026-02-11 11:05:05.575947,Seoul-a611,-15,59,Normal
2026-02-11 11:05:06.575947,Seoul-a611,27,84,Normal
2026-02-11 11:05:07.575947,Seoul-a611,9,75,Normal
2026-02-11 11:05:08.575947,Seoul-a611,29,87,Normal
2026-02-11 11:05:09.575947,Seoul-a611,37,86,Normal
2026-02-11 11:05:10.575947,Seoul-a611,-29,55,Normal
2026-02-11 11:05:11.575947,Seoul-a611,-1,46,Normal
2026-02-11 11:05:12.575947,Seoul-a611,2,38,Normal
2026-02-11 11:05:13.575947,Seoul-a611,23,25,Normal
2026-02-11 11:05:14.575947,Seoul-a611,28,38,Normal
2026-02-11 11:05:15.575947,Seoul-a611,29,87,Normal
2026-02-11 11:05:16.575947,Seoul-a611,3,74,Normal
2026-02-11 11:05:17.575947,Seoul-a611,-28,19,Normal
2026-02-11 11:05:18.575947,Seoul-a611,-3,1,Normal
2026-02-11 11:05:19.575947,Seoul-a611,-12,73,Normal
2026-02-11 11:05:20.575947,Seoul-a611,33,86,Normal
2026-02-11 11:05:21.575947,Seoul-a611,30,78,Normal
2026-02-11 11:05:22.575947,Seoul-a611,24,12,Normal
2026-02-11 11:05:23.575947,Seoul-a611,-1,34,Normal
2026-02-11 11:05:24.575947,Seoul-a611,-24,62,Normal
2026-02-11 11:05:25.575947,Seoul-a611,50,67,Normal
2026-02-11 11:05:26.575947,Seoul-a611,45,67,Normal
2026-02-11 11:05:27.575947,Seoul-a611,9,99,Normal
2026-02-11 11:05:28.575947,Seoul-a611,-14,50,Normal
2026-02-11 11:05:29.575947,Seoul-a611,13,89,Normal
2026-02-11 11:05:30.575947,Seoul-a611,-16,9,Normal
2026-02-11 11:05:31.575947,Seoul-a611,35,37,Normal
2026-02-11 11:05:32.575947,Seoul-a611,46,20,Normal
2026-02-11 11:05:33.575947,Seoul-a611,29,12,Normal
2026-02-11 11:05:34.575947,Seoul-a611,25,68,Normal
2026-02-11 11:05:35.575947,Seoul-a611,19,12,Normal
2026-02-11 11:05:36.575947,Seoul-a611,-24,43,Normal
2026-02-11 11:05:37.575947,Seoul-a611,-13,79,Normal
2026-02-11 11:05:38.575947,Seoul-a611,22,25,Normal
2026-02-11 11:05:39.575947,Seoul-a611,-8,60,Normal
2026-02-11 11:05:40.575947,Seoul-a611,-22,19,Normal
2026-02-11 11:05:41.575947,Seoul-a611,6,91,Normal
2026-02-11 11:05:42.575947,Seoul-a611,27,40,Normal
2026-02-11 11:05:43.575947,Seoul-a611,20,11,Normal
2026-02-11 11:05:44.575947,Seoul-a611,-23,27,Normal
2026-02-11 11:05:45.575947,Seoul-a611,9,32,Normal
2026-02-11 11:05:46.575947,Seoul-a611,49,68,Normal
2026-02-11 11:05:47.575947,Seoul-a611,-28,10,Normal
2026-02-11 11:05:48.575947,Seoul-a611,6,21,Normal
2026-02-11 11:05:49.575947,Seoul-a611,10,80,Normal
2026-02-11 11:05:50.575947,Seoul-a611,44,82,Normal
2026-02-11 11:05:51.575947,Seoul-a611,-10,98,Normal
2026-02-11 11:05:52.575947,Seoul-a611,-30,40,Normal
2026-02-11 11:05:53.575947,Seoul-a611,-23,14,Normal
2026-02-11 11:05:54.575947,Seoul-a611,-16,94,Normal
2026-02-11 11:05:55.575947,Seoul-a611,1,57,Normal
2026-02-11 11:05:56.575947,Seoul-a611,3,41,Normal
2026-02-11 11:05:57.575947,Seoul-a611,-19,86,Normal
2026-02-11 11:05:58.575947,Seoul-a611,-9,13,Normal
2026-02-11 11:05:59.575947,Seoul-a611,-24,87,Normal
2026-02-11 11:06:00.575947,Seoul-a611,25,78,Normal
2026-02-11 11:06:01.575947,Seoul-a611,-8,1,Normal
2026-02-11 11:06:02.575947,Seoul-a611,19,95,Normal
2026-02-11 11:06:03.575947,Seoul-a611,3,31,Normal
2026-02-11 11:06:04.575947,Seoul-a611,-2,11,Normal
2026-02-11 11:06:05.575947,Seoul-a611,22,89,Normal
2026-02-11 11:06:06.575947,Seoul-a611,3,30,Normal
2026-02-11 11:06:07.575947,Seoul-a611,42,72,Normal
2026-02-11 11:06:08.575947,Seoul-a611,8,63,Normal
2026-02-11 11:06:09.575947,Seoul-a611,23,46,Normal
2026-02-11 11:06:10.575947,Seoul-a611,41,0,Normal
2026-02-11 11:06:11.575947,Seoul-a611,-8,70,Normal
2026-02-11 11:06:12.575947,Seoul-a611,44,4,Normal
2026-02-11 11:06:13.575947,Seoul-a611,-15,35,Normal
2026-02-11 11:06:14.575947,Seoul-a611,28,28,Normal
2026-02-11 11:06:15.575947,Seoul-a611,27,93,Normal
2026-02-11 11:06:16.575947,Seoul-a611,1,10,Normal
2026-02-11 11:06:17.575947,Seoul-a611,44,16,Normal
2026-02-11 11:06:18.575947,Seoul-a611,-8,22,Normal
2026-02-11 11:06:19.575947,Seoul-a611,-27,33,Normal
2026-02-11 11:06:20.575947,Seoul-a611,-20,83,Normal
2026-02-11 11:06:21.575947,Seoul-a611,-20,33,Normal
2026-02-11 11:06:22.575947,Seoul-a611,-7,5,Normal
2026-02-11 11:06:23.575947,Seoul-a611,-16,33,Normal
2026-02-11 11:06:24.575947,Seoul-a611,21,8,Normal
2026-02-11 11:06:25.575947,Seoul-a611,3,40,Normal
2026-02-11 11:06:26.575947,Seoul-a611,-8,18,Normal
2026-02-11 11:06:27.575947,Seoul-a611,-30,85,Normal
2026-02-11 11:06:28.575947,Seoul-a611,26,10,Normal
2026-02-11 11:06:29.575947,Seoul-a611,-14,98,Normal
2026-02-11 11:06:30.575947,Seoul-a611,-25,13,Normal
2026-02-11 11:06:31.575947,Seoul-a611,29,40,Normal
2026-02-11 11:06:32.575947,Seoul-a611,8,23,Normal
2026-02-11 11:06:33.575947,Seoul-a611,21,37,Normal
2026-02-11 11:06:34.575947,Seoul-a611,16,62,Normal
2026-02-11 11:06:35.575947,Seoul-a611,5,36,Normal
2026-02-11 11:06:36.575947,Seoul-a611,33,25,Normal
2026-02-11 11:06:37.575947,Seoul-a611,48,68,Normal
2026-02-11 11:06:38.575947,Seoul-a611,26,39,Normal
2026-02-11 11:06:39.575947,Seoul-a611,19,52,Normal
2026-02-11 11:06:40.575947,Seoul-a611,9,78,Normal
2026-02-11 11:06:41.575947,Seoul-a611,-17,53,Normal
2026-02-11 11:06:42.575947,Seoul-a611,50,65,Normal
2026-02-11 11:06:43.575947,Seoul-a611,6,12,Normal
2026-02-11 11:06:44.575947,Seoul-a611,-25,63,Normal
2026-02-11 11:06:45.575947,Seoul-a611,46,11,Normal
2026-02-11 11:06:46.575947,Seoul-a611,27,7,Normal
2026-02-11 11:06:47.575947,Seoul-a611,-20,75,Normal
2026-02-11 11:06:48.575947,Seoul-a611,19,75,Normal
2026-02-11 11:06:49.575947,Seoul-a611,7,27,Normal
2026-02-11 11:06:50.575947,Seoul-a611,14,98,Normal
2026-02-11 11:06:51.575947,Seoul-a611,45,2,Normal
2026-02-11 11:06:52.575947,Seoul-a611,-2,85,Normal
2026-02-11 11:06:53.575947,Seoul-a611,13,53,Normal
2026-02-11 11:06:54.575947,Seoul-a611,17,32,Normal
2026-02-11 11:06:55.575947,Seoul-a611,-7,38,Normal
2026-02-11 11:06:56.575947,Seoul-a611,40,95,Normal
2026-02-11 11:06:57.575947,Seoul-a611,32,34,Normal
2026-02-11 11:06:58.575947,Seoul-a611,21,59,Normal
2026-02-11 11:06:59.575947,Seoul-a611,7,87,Normal
2026-02-11 11:07:00.575947,Seoul-a611,6,66,Normal
2026-02-11 11:07:01.575947,Seoul-a611,34,4,Normal
2026-02-11 11:07:02.575947,Seoul-a611,4,53,Normal
2026-02-11 11:07:03.575947,Seoul-a611,38,39,Normal
2026-02-11 11:07:04.575947,Seoul-a611,-7,58,Normal
2026-02-11 11:07:05.575947,Seoul-a611,21,11,Normal
2026-02-11 11:07:06.575947,Seoul-a611,-13,13,Normal
2026-02-11 11:07:07.575947,Seoul-a611,19,19,Normal
2026-02-11 11:07:08.575947,Seoul-a611,30,93,Normal
2026-02-11 11:07:09.575947,Seoul-a611,-10,83,Normal
2026-02-11 11:07:10.575947,Seoul-a611,13,71,Normal
2026-02-11 11:07:11.575947,Seoul-a611,-10,26,Normal
2026-02-11 11:07:12.575947,Seoul-a611,47,27,Normal
2026-02-11 11:07:13.575947,Seoul-a611,-9,75,Normal
2026-02-11 11:07:14.575947,Seoul-a611,21,19,Normal
2026-02-11 11:07:15.575947,Seoul-a611,1,40,Normal
2026-02-11 11:07:16.575947,Seoul-a611,19,13,Normal
2026-02-11 11:07:17.575947,Seoul-a611,45,49,Normal
2026-02-11 11:07:18.575947,Seoul-a611,20,20,Normal
2026-02-11 11:07:19.575947,Seoul-a611,-6,62,Normal
2026-02-11 11:07:20.575947,Seoul-a611,47,8,Normal
2026-02-11 11:07:21.575947,Seoul-a611,-26,55,Normal
2026-02-11 11:07:22.575947,Seoul-a611,47,77,Normal
2026-02-11 11:07:23.575947,Seoul-a611,26,18,Normal
2026-02-11 11:07:24.575947,Seoul-a611,5,18,Normal
2026-02-11 11:07:25.575947,Seoul-a611,29,0,Normal
2026-02-11 11:07:26.575947,Seoul-a611,25,57,Normal
2026-02-11 11:07:27.575947,Seoul-a611,50,26,Normal
2026-02-11 11:07:28.575947,Seoul-a611,-2,2,Normal
2026-02-11 11:07:29.575947,Seoul-a611,10,0,Normal
2026-02-11 11:07:30.575947,Seoul-a611,5,24,Normal
2026-02-11 11:07:31.575947,Seoul-a611,-18,75,Normal
2026-02-11 11:07:32.575947,Seoul-a611,-23,41,Normal
2026-02-11 11:07:33.575947,Seoul-a611,-8,23,Normal
2026-02-11 11:07:34.575947,Seoul-a611,34,1,Normal
2026-02-11 11:07:35.575947,Seoul-a611,-3,62,Normal
2026-02-11 11:07:36.575947,Seoul-a611,-27,70,Normal
2026-02-11 11:07:37.575947,Seoul-a611,-11,66,Normal
2026-02-11 11:07:38.575947,Seoul-a611,-15,4,Normal
2026-02-11 11:07:39.575947,Seoul-a611,31,84,Normal
2026-02-11 11:07:40.575947,Seoul-a611,7,88,Normal
2026-02-11 11:07:41.575947,Seoul-a611,-12,45,Normal
2026-02-11 11:07:42.575947,Seoul-a611,44,98,Normal
2026-02-11 11:07:43.575947,Seoul-a611,21,29,Normal
2026-02-11 11:07:44.575947,Seoul-a611,2,77,Normal
2026-02-11 11:07:45.575947,Seoul-a611,-22,34,Normal
2026-02-11 11:07:46.575947,Seoul-a611,-27,39,Normal
2026-02-11 11:07:47.575947,Seoul-a611,19,86,Normal
2026-02-11 11:07:48.575947,Seoul-a611,-2,67,Normal
2026-02-11 11:07:49.575947,Seoul-a611,4,96,Normal
2026-02-11 11:07:50.575947,Seoul-a611,-26,70,Normal
2026-02-11 11:07:51.575947,Seoul-a611,-29,32,Normal
2026-02-11 11:07:52.575947,Seoul-a611,-25,21,Normal
2026-02-11 11:07:53.575947,Seoul-a611,20,45,Normal
2026-02-11 11:07:54.575947,Seoul-a611,-7,20,Normal
2026-02-11 11:07:55.575947,Seoul-a611,-13,14,Normal
2026-02-11 11:07:56.575947,Seoul-a611,6,97,Normal
2026-02-11 11:07:57.575947,Seoul-a611,-23,96,Normal
2026-02-11 11:07:58.575947,Seoul-a611,7,43,Normal
2026-02-11 11:07:59.575947,Seoul-a611,-4,74,Normal
2026-02-11 11:08:00.575947,Seoul-a611,9,67,Normal
2026-02-11 11:08:01.575947,Seoul-a611,-2,89,Normal
2026-02-11 11:08:02.575947,Seoul-a611,19,82,Normal
2026-02-11 11:08:03.575947,Seoul-a611,-22,50,Normal
2026-02-11 11:08:04.575947,Seoul-a611,17,54,Normal
2026-02-11 11:08:05.575947,Seoul-a611,-7,58,Normal
2026-02-11 11:08:06.575947,Seoul-a611,17,15,Normal
2026-02-11 11:08:07.575947,Seoul-a611,-4,83,Normal
2026-02-11 11:08:08.575947,Seoul-a611,9,24,Normal
2026-02-11 11:08:09.575947,Seoul-a611,48,79,Normal
2026-02-11 11:08:10.575947,Seoul-a611,-18,22,Normal
2026-02-11 11:08:11.575947,Seoul-a611,-21,84,Normal
2026-02-11 11:08:12.575947,Seoul-a611,-30,52,Normal
2026-02-11 11:08:13.575947,Seoul-a611,-18,9,Normal
2026-02-11 11:08:14.575947,Seoul-a611,25,30,Normal
2026-02-11 11:08:15.575947,Seoul-a611,-12,45,Normal
2026-02-11 11:08:16.575947,Seoul-a611,44,29,Normal
2026-02-11 11:08:17.575947,Seoul-a611,3,15,Normal
2026-02-11 11:08:18.575947,Seoul-a611,-23,75,Normal
2026-02-11 11:08:19.575947,Seoul-a611,48,29,Normal
