timestamp,station_id,temp,humid,condition
2026-02-16 06:10:12.297758,Toronto-81f9,11,47,Normal
2026-02-16 06:10:13.297758,Toronto-81f9,32,15,Normal
2026-02-16 06:10:14.297758,Toronto-81f9,-1,74,Normal
2026-02-16 06:10:15.297758,Toronto-81f9,36,3,Normal
2026-02-16 06:10:16.297758,Toronto-81f9,5,54,Normal
2026-02-16 06:10:17.297758,Toronto-81f9,48,27,Normal
2026-02-16 06:10:18.297758,Toronto-81f9,21,68,Normal
2026-02-16 06:10:19.297758,Toronto-81f9,41,36,Normal
2026-02-16 06:10:20.297758,Toronto-81f9,37,57,Normal
2026-02-16 06:10:21.297758,Toronto-81f9,17,84,Normal
2026-02-16 06:10:22.297758,Toronto-81f9,7,57,Normal
2026-02-16 06:10:23.297758,Toronto-81f9,50,30,Normal
2026-02-16 06:10:24.297758,Toronto-81f9,-16,16,Normal
2026-02-16 06:10:25.297758,Toronto-81f9,15,97,Normal
2026-02-16 06:10:26.297758,Toronto-81f9,-22,31,Normal
2026-02-16 06:10:27.297758,Toronto-81f9,-9,7,Normal
2026-02-16 06:10:28.297758,Toronto-81f9,9,69,Normal
2026-02-16 06:10:29.297758,Toronto-81f9,-6,50,Normal
2026-02-16 06:10:30.297758,Toronto-81f9,-29,23,Normal
2026-02-16 06:10:31.297758,Toronto-81f9,-28,33,Normal
2026-02-16 06:10:32.297758,Toronto-81f9,37,36,Normal
2026-02-16 06:10:33.297758,Toronto-81f9,37,53,Normal
2026-02-16 06:10:34.297758,Toronto-81f9,-4,53,Normal
2026-02-16 06:10:35.297758,Toronto-81f9,1,87,Normal
2026-02-16 06:10:36.297758,Toronto-81f9,22,34,Normal
2026-02-16 06:10:37.297758,Toronto-81f9,12,63,Normal
2026-02-16 06:10:38.297758,Toronto-81f9,11,56,Normal
2026-02-16 06:10:39.297758,Toronto-81f9,-8,99,Normal
2026-02-16 06:10:40.297758,Toronto-81f9,-21,46,Normal
2026-02-16 06:10:41.297758,Toronto-81f9,33,4,Normal
2026-02-16 06:10:42.297758,Toronto-81f9,0,37,Normal
2026-02-16 06:10:43.297758,Toronto-81f9,35,5,Normal
2026-02-16 06:10:44.297758,Toronto-81f9,1,7,Normal
2026-02-16 06:10:45.297758,Toronto-81f9,8,28,Normal
2026-02-16 06:10:46.297758,Toronto-81f9,37,75,Normal
2026-02-16 06:10:47.297758,Toronto-81f9,36,93,Normal
2026-02-16 06:10:48.297758,Toronto-81f9,28,13,Normal
2026-02-16 06:10:49.297758,Toronto-81f9,34,84,Normal
2026-02-16 06:10:50.297758,Toronto-81f9,-20,19,Normal
2026-02-16 06:10:51.297758,Toronto-81f9,26,54,Normal
2026-02-16 06:10:52.297758,Toronto-81f9,21,17,Normal
2026-02-16 06:10:53.297758,Toronto-81f9,13,10,Normal
2026-02-16 06:10:54.297758,Toronto-81f9,3,66,Normal
2026-02-16 06:10:55.297758,Toronto-81f9,36,15,Normal
2026-02-16 06:10:56.297758,Toronto-81f9,24,15,Normal
2026-02-16 06:10:57.297758,Toronto-81f9,14,77,Normal
2026-02-16 06:10:58.297758,Toronto-81f9,6,18,Normal
2026-02-16 06:10:59.297758,Toronto-81f9,-28,55,Normal
2026-02-16 06:11:00.297758,Toronto-81f9,-5,16,Normal
2026-02-16 06:11:01.297758,Toronto-81f9,-7,17,Normal
2026-02-16 06:11:02.297758,Toronto-81f9,-13,6,Normal
2026-02-16 06:11:03.297758,Toronto-81f9,20,57,Normal
2026-02-16 06:11:04.297758,Toronto-81f9,-2,3,Normal
2026-02-16 06:11:05.297758,Toronto-81f9,16,35,Normal
2026-02-16 06:11:06.297758,Toronto-81f9,14,77,Normal
2026-02-16 06:11:07.297758,Toronto-81f9,32,39,Normal
2026-02-16 06:11:08.297758,Toronto-81f9,10,67,Normal
2026-02-16 06:11:09.297758,Toronto-81f9,-24,33,Normal
2026-02-16 06:11:10.297758,Toronto-81f9,1,35,Normal
2026-02-16 06:11:11.297758,Toronto-81f9,-10,41,Normal
2026-02-16 06:11:12.297758,Toronto-81f9,-1,53,Normal
2026-02-16 06:11:13.297758,Toronto-81f9,-19,55,Normal
2026-02-16 06:11:14.297758,Toronto-81f9,38,25,Normal
2026-02-16 06:11:15.297758,Toronto-81f9,-16,51,Normal
2026-02-16 06:11:16.297758,Toronto-81f9,38,11,Normal
2026-02-16 06:11:17.297758,Toronto-81f9,28,89,Normal
2026-02-16 06:11:18.297758,Toronto-81f9,-23,34,Normal
2026-02-16 06:11:19.297758,Toronto-81f9,17,95,Normal
2026-02-16 06:11:20.297758,Toronto-81f9,20,15,Normal
2026-02-16 06:11:21.297758,Toronto-81f9,47,67,Normal
2026-02-16 06:11:22.297758,Toronto-81f9,-29,74,Normal
2026-02-16 06:11:23.297758,Toronto-81f9,33,21,Normal
2026-02-16 06:11:24.297758,Toronto-81f9,22,40,Normal
2026-02-16 06:11:25.297758,Toronto-81f9,-15,70,Normal
2026-02-16 06:11:26.297758,Toronto-81f9,8,5,Normal
2026-02-16 06:11:27.297758,Toronto-81f9,37,13,Normal
2026-02-16 06:11:28.297758,Toronto-81f9,11,32,Normal
2026-02-16 06:11:29.297758,Toronto-81f9,43,14,Normal
2026-02-16 06:11:30.297758,Toronto-81f9,32,66,Normal
2026-02-16 06:11:31.297758,Toronto-81f9,0,58,Normal
2026-02-16 06:11:32.297758,Toronto-81f9,-3,31,Normal
2026-02-16 06:11:33.297758,Toronto-81f9,19,12,Normal
2026-02-16 06:11:34.297758,Toronto-81f9,22,44,Normal
2026-02-16 06:11:35.297758,Toronto-81f9,-4,76,Normal
2026-02-16 06:11:36.297758,Toronto-81f9,15,32,Normal
2026-02-16 06:11:37.297758,Toronto-81f9,-15,77,Normal
2026-02-16 06:11:38.297758,Toronto-81f9,-20,45,Normal
2026-02-16 06:11:39.297758,Toronto-81f9,-25,43,Normal
2026-02-16 06:11:40.297758,Toronto-81f9,-28,27,Normal
2026-02-16 06:11:41.297758,Toronto-81f9,-20,90,Normal
2026-02-16 06:11:42.297758,Toronto-81f9,17,77,Normal
2026-02-16 06:11:43.297758,Toronto-81f9,-29,94,Normal
2026-02-16 06:11:44.297758,Toronto-81f9,21,35,Normal
2026-02-16 06:11:45.297758,Toronto-81f9,-23,86,Normal
2026-02-16 06:11:46.297758,Toronto-81f9,49,94,Normal
2026-02-16 06:11:47.297758,Toronto-81f9,-28,22,Normal
2026-02-16 06:11:48.297758,Toronto-81f9,-10,44,Normal
2026-02-16 06:11:49.297758,Toronto-81f9,49,15,Normal
2026-02-16 06:11:50.297758,Toronto-81f9,40,74,Normal
2026-02-16 06:11:51.297758,Toronto-81f9,35,19,Normal
2026-02-16 06:11:52.297758,Toronto-81f9,23,23,Normal
2026-02-16 06:11:53.297758,Toronto-81f9,41,65,Normal
2026-02-16 06:11:54.297758,Toronto-81f9,6,49,Normal
2026-02-16 06:11:55.297758,Toronto-81f9,-25,10,Normal
2026-02-16 06:11:56.297758,Toronto-81f9,7,59,Normal
2026-02-16 06:11:57.297758,Toronto-81f9,-8,7,Normal
2026-02-16 06:11:58.297758,Toronto-81f9,12,25,Normal
2026-02-16 06:11:59.297758,Toronto-81f9,25,86,Normal
2026-02-16 06:12:00.297758,Toronto-81f9,15,48,Normal
2026-02-16 06:12:01.297758,Toronto-81f9,47,77,Normal
2026-02-16 06:12:02.297758,Toronto-81f9,12,26,Normal
2026-02-16 06:12:03.297758,Toronto-81f9,-17,31,Normal
2026-02-16 06:12:04.297758,Toronto-81f9,20,46,Normal
2026-02-16 06:12:05.297758,Toronto-81f9,5,66,Normal
2026-02-16 06:12:06.297758,Toronto-81f9,-25,2,Normal
2026-02-16 06:12:07.297758,Toronto-81f9,-26,67,Normal
2026-02-16 06:12:08.297758,Toronto-81f9,5,55,Normal
2026-02-16 06:12:09.297758,Toronto-81f9,-23,43,Normal
2026-02-16 06:12:10.297758,Toronto-81f9,30,82,Normal
2026-02-16 06:12:11.297758,Toronto-81f9,12,40,Normal
2026-02-16 06:12:12.297758,Toronto-81f9,17,85,Normal
2026-02-16 06:12:13.297758,Toronto-81f9,25,21,Normal
2026-02-16 06:12:14.297758,Toronto-81f9,0,74,Normal
2026-02-16 06:12:15.297758,Toronto-81f9,-12,24,Normal
2026-02-16 06:12:16.297758,Toronto-81f9,32,46,Normal
2026-02-16 06:12:17.297758,Toronto-81f9,-5,48,Normal
2026-02-16 06:12:18.297758,Toronto-81f9,36,73,Normal
2026-02-16 06:12:19.297758,Toronto-81f9,2,99,Normal
2026-02-16 06:12:20.297758,Toronto-81f9,14,82,Normal
2026-02-16 06:12:21.297758,Toronto-81f9,50,17,Normal
2026-02-16 06:12:22.297758,Toronto-81f9,-22,71,Normal
2026-02-16 06:12:23.297758,Toronto-81f9,49,5,Normal
2026-02-16 06:12:24.297758,Toronto-81f9,21,96,Normal
2026-02-16 06:12:25.297758,Toronto-81f9,-13,13,Normal
2026-02-16 06:12:26.297758,Toronto-81f9,6,38,Normal
2026-02-16 06:12:27.297758,Toronto-81f9,8,88,Normal
2026-02-16 06:12:28.297758,Toronto-81f9,2,51,Normal
2026-02-16 06:12:29.297758,Toronto-81f9,42,99,Normal
2026-02-16 06:12:30.297758,Toronto-81f9,48,91,Normal
2026-02-16 06:12:31.297758,Toronto-81f9,10,94,Normal
2026-02-16 06:12:32.297758,Toronto-81f9,-13,51,Normal
2026-02-16 06:12:33.297758,Toronto-81f9,12,5,Normal
2026-02-16 06:12:34.297758,Toronto-81f9,-25,12,Normal
2026-02-16 06:12:35.297758,Toronto-81f9,-18,85,Normal
2026-02-16 06:12:36.297758,Toronto-81f9,-10,37,Normal
2026-02-16 06:12:37.297758,Toronto-81f9,27,66,Normal
2026-02-16 06:12:38.297758,Toronto-81f9,-11,16,Normal
2026-02-16 06:12:39.297758,Toronto-81f9,-30,20,Normal
2026-02-16 06:12:40.297758,Toronto-81f9,24,19,Normal
2026-02-16 06:12:41.297758,Toronto-81f9,-9,7,Normal
2026-02-16 06:12:42.297758,Toronto-81f9,-17,72,Normal
2026-02-16 06:12:43.297758,Toronto-81f9,-21,43,Normal
2026-02-16 06:12:44.297758,Toronto-81f9,32,72,Normal
2026-02-16 06:12:45.297758,Toronto-81f9,28,27,Normal
2026-02-16 06:12:46.297758,Toronto-81f9,-2,28,Normal
2026-02-16 06:12:47.297758,Toronto-81f9,-28,30,Normal
2026-02-16 06:12:48.297758,Toronto-81f9,-18,64,Normal
2026-02-16 06:12:49.297758,Toronto-81f9,41,75,Normal
2026-02-16 06:12:50.297758,Toronto-81f9,22,6,Normal
2026-02-16 06:12:51.297758,Toronto-81f9,29,97,Normal
2026-02-16 06:12:52.297758,Toronto-81f9,35,28,Normal
2026-02-16 06:12:53.297758,Toronto-81f9,45,6,Normal
2026-02-16 06:12:54.297758,Toronto-81f9,23,13,Normal
2026-02-16 06:12:55.297758,Toronto-81f9,13,25,Normal
2026-02-16 06:12:56.297758,Toronto-81f9,-22,17,Normal
2026-02-16 06:12:57.297758,Toronto-81f9,8,59,Normal
2026-02-16 06:12:58.297758,Toronto-81f9,-15,36,Normal
2026-02-16 06:12:59.297758,Toronto-81f9,10,40,Normal
2026-02-16 06:13:00.297758,Toronto-81f9,27,92,Normal
2026-02-16 06:13:01.297758,Toronto-81f9,-16,29,Normal
2026-02-16 06:13:02.297758,Toronto-81f9,-21,10,Normal
2026-02-16 06:13:03.297758,Toronto-81f9,-21,0,Normal
2026-02-16 06:13:04.297758,Toronto-81f9,-20,64,Normal
2026-02-16 06:13:05.297758,Toronto-81f9,-22,24,Normal
2026-02-16 06:13:06.297758,Toronto-81f9,48,13,Normal
2026-02-16 06:13:07.297758,Toronto-81f9,19,56,Normal
2026-02-16 06:13:08.297758,Toronto-81f9,9,41,Normal
2026-02-16 06:13:09.297758,Toronto-81f9,-5,28,Normal
2026-02-16 06:13:10.297758,Toronto-81f9,39,91,Normal
2026-02-16 06:13:11.297758,Toronto-81f9,6,12,Normal
2026-02-16 06:13:12.297758,Toronto-81f9,31,0,Normal
2026-02-16 06:13:13.297758,Toronto-81f9,33,66,Normal
2026-02-16 06:13:14.297758,Toronto-81f9,-22,44,Normal
2026-02-16 06:13:15.297758,Toronto-81f9,-14,69,Normal
2026-02-16 06:13:16.297758,Toronto-81f9,-3,10,Normal
2026-02-16 06:13:17.297758,Toronto-81f9,5,86,Normal
2026-02-16 06:13:18.297758,Toronto-81f9,-10,7,Normal
2026-02-16 06:13:19.297758,Toronto-81f9,27,69,Normal
2026-02-16 06:13:20.297758,Toronto-81f9,-15,63,Normal
2026-02-16 06:13:21.297758,Toronto-81f9,-11,76,Normal
2026-02-16 06:13:22.297758,Toronto-81f9,42,40,Normal
2026-02-16 06:13:23.297758,Toronto-81f9,50,77,Normal
2026-02-16 06:13:24.297758,Toronto-81f9,24,54,Normal
2026-02-16 06:13:25.297758,Toronto-81f9,33,19,Normal
2026-02-16 06:13:26.297758,Toronto-81f9,37,80,Normal
2026-02-16 06:13:27.297758,Toronto-81f9,30,0,Normal
2026-02-16 06:13:28.297758,Toronto-81f9,8,85,Normal
2026-02-16 06:13:29.297758,Toronto-81f9,18,7,Normal
2026-02-16 06:13:30.297758,Toronto-81f9,-2,40,Normal
2026-02-16 06:13:31.297758,Toronto-81f9,42,60,Normal
2026-02-16 06:13:32.297758,Toronto-81f9,-20,73,Normal
2026-02-16 06:13:33.297758,Toronto-81f9,33,73,Normal
2026-02-16 06:13:34.297758,Toronto-81f9,17,83,Normal
2026-02-16 06:13:35.297758,Toronto-81f9,23,54,Normal
2026-02-16 06:13:36.297758,Toronto-81f9,-26,83,Normal
2026-02-16 06:13:37.297758,Toronto-81f9,14,57,Normal
2026-02-16 06:13:38.297758,Toronto-81f9,-5,81,Normal
2026-02-16 06:13:39.297758,Toronto-81f9,-16,83,Normal
2026-02-16 06:13:40.297758,Toronto-81f9,4,29,Normal
2026-02-16 06:13:41.297758,Toronto-81f9,44,10,Normal
2026-02-16 06:13:42.297758,Toronto-81f9,25,59,Normal
2026-02-16 06:13:43.297758,Toronto-81f9,11,34,Normal
2026-02-16 06:13:44.297758,Toronto-81f9,14,4,Normal
2026-02-16 06:13:45.297758,Toronto-81f9,-30,23,Normal
2026-02-16 06:13:46.297758,Toronto-81f9,-15,1,Normal
2026-02-16 06:13:47.297758,Toronto-81f9,35,54,Normal
2026-02-16 06:13:48.297758,Toronto-81f9,-8,48,Normal
2026-02-16 06:13:49.297758,Toronto-81f9,17,27,Normal
2026-02-16 06:13:50.297758,Toronto-81f9,35,87,Normal
2026-02-16 06:13:51.297758,Toronto-81f9,3,64,Normal
2026-02-16 06:13:52.297758,Toronto-81f9,-7,84,Normal
2026-02-16 06:13:53.297758,Toronto-81f9,46,10,Normal
2026-02-16 06:13:54.297758,Toronto-81f9,47,31,Normal
2026-02-16 06:13:55.297758,Toronto-81f9,18,38,Normal
2026-02-16 06:13:56.297758,Toronto-81f9,13,70,Normal
2026-02-16 06:13:57.297758,Toronto-81f9,0,84,Normal
2026-02-16 06:13:58.297758,Toronto-81f9,27,75,Normal
2026-02-16 06:13:59.297758,Toronto-81f9,-10,63,Normal
2026-02-16 06:14:00.297758,Toronto-81f9,-27,77,Normal
2026-02-16 06:14:01.297758,Toronto-81f9,11,25,Normal
2026-02-16 06:14:02.297758,Toronto-81f9,49,94,Normal
2026-02-16 06:14:03.297758,Toronto-81f9,-11,67,Normal
2026-02-16 06:14:04.297758,Toronto-81f9,27,28,Normal
2026-02-16 06:14:05.297758,Toronto-81f9,39,50,Normal
2026-02-16 06:14:06.297758,Toronto-81f9,36,61,Normal
2026-02-16 06:14:07.297758,Toronto-81f9,31,90,Normal
2026-02-16 06:14:08.297758,Toronto-81f9,33,86,Normal
2026-02-16 06:14:09.297758,Toronto-81f9,24,31,Normal
2026-02-16 06:14:10.297758,Toronto-81f9,-24,63,Normal
2026-02-16 06:14:11.297758,Toronto-81f9,-10,74,Normal
2026-02-16 06:14:12.297758,Toronto-81f9,-16,79,Normal
2026-02-16 06:14:13.297758,Toronto-81f9,21,34,Normal
2026-02-16 06:14:14.297758,Toronto-81f9,-9,74,Normal
2026-02-16 06:14:15.297758,Toronto-81f9,18,40,Normal
2026-02-16 06:14:16.297758,Toronto-81f9,-24,1,Normal
2026-02-16 06:14:17.297758,Toronto-81f9,-6,74,Normal
2026-02-16 06:14:18.297758,Toronto-81f9,13,22,Normal
2026-02-16 06:14:19.297758,Toronto-81f9,-27,34,Normal
2026-02-16 06:14:20.297758,Toronto-81f9,44,7,Normal
2026-02-16 06:14:21.297758,Toronto-81f9,28,25,Normal
2026-02-16 06:14:22.297758,Toronto-81f9,10,73,Normal
2026-02-16 06:14:23.297758,Toronto-81f9,23,49,Normal
2026-02-16 06:14:24.297758,Toronto-81f9,4,56,Normal
2026-02-16 06:14:25.297758,Toronto-81f9,19,0,Normal
2026-02-16 06:14:26.297758,Toronto-81f9,30,55,Normal
2026-02-16 06:14:27.297758,Toronto-81f9,2,5,Normal
2026-02-16 06:14:28.297758,Toronto-81f9,16,9,Normal
2026-02-16 06:14:29.297758,Toronto-81f9,-13,93,Normal
2026-02-16 06:14:30.297758,Toronto-81f9,-19,97,Normal
2026-02-16 06:14:31.297758,Toronto-81f9,6,50,Normal
2026-02-16 06:14:32.297758,Toronto-81f9,-25,32,Normal
2026-02-16 06:14:33.297758,Toronto-81f9,23,18,Normal
2026-02-16 06:14:34.297758,Toronto-81f9,49,78,Normal
2026-02-16 06:14:35.297758,Toronto-81f9,28,15,Normal
2026-02-16 06:14:36.297758,Toronto-81f9,3,14,Normal
2026-02-16 06:14:37.297758,Toronto-81f9,-9,43,Normal
2026-02-16 06:14:38.297758,Toronto-81f9,-15,65,Normal
2026-02-16 06:14:39.297758,Toronto-81f9,12,82,Normal
2026-02-16 06:14:40.297758,Toronto-81f9,22,21,Normal
2026-02-16 06:14:41.297758,Toronto-81f9,1,6,Normal
2026-02-16 06:14:42.297758,Toronto-81f9,-15,89,Normal
2026-02-16 06:14:43.297758,Toronto-81f9,-6,51,Normal
2026-02-16 06:14:44.297758,Toronto-81f9,17,12,Normal
2026-02-16 06:14:45.297758,Toronto-81f9,-27,24,Normal
2026-02-16 06:14:46.297758,Toronto-81f9,39,60,Normal
2026-02-16 06:14:47.297758,Toronto-81f9,-6,1,Normal
2026-02-16 06:14:48.297758,Toronto-81f9,-4,78,Normal
2026-02-16 06:14:49.297758,Toronto-81f9,-15,86,Normal
2026-02-16 06:14:50.297758,Toronto-81f9,10,98,Normal
2026-02-16 06:14:51.297758,Toronto-81f9,40,93,Normal
2026-02-16 06:14:52.297758,Toronto-81f9,8,14,Normal
2026-02-16 06:14:53.297758,Toronto-81f9,26,24,Normal
2026-02-16 06:14:54.297758,Toronto-81f9,-25,99,Normal
2026-02-16 06:14:55.297758,Toronto-81f9,-24,77,Normal
2026-02-16 06:14:56.297758,Toronto-81f9,37,41,Normal
2026-02-16 06:14:57.297758,Toronto-81f9,3,14,Normal
2026-02-16 06:14:58.297758,Toronto-81f9,-25,1,Normal
2026-02-16 06:14:59.297758,Toronto-81f9,14,90,Normal
2026-02-16 06:15:00.297758,Toronto-81f9,13,77,Normal
2026-02-16 06:15:01.297758,Toronto-81f9,1,41,Normal
2026-02-16 06:15:02.297758,Toronto-81f9,12,18,Normal
2026-02-16 06:15:03.297758,Toronto-81f9,-22,90,Normal
2026-02-16 06:15:04.297758,Toronto-81f9,17,35,Normal
2026-02-16 06:15:05.297758,Toronto-81f9,-11,95,Normal
2026-02-16 06:15:06.297758,Toronto-81f9,3,78,Normal
2026-02-16 06:15:07.297758,Toronto-81f9,-10,34,Normal
2026-02-16 06:15:08.297758,Toronto-81f9,-22,92,Normal
2026-02-16 06:15:09.297758,Toronto-81f9,29,92,Normal
2026-02-16 06:15:10.297758,Toronto-81f9,-30,60,Normal
2026-02-16 06:15:11.297758,Toronto-81f9,-3,74,Normal
2026-02-16 06:15:12.297758,Toronto-81f9,24,18,Normal
2026-02-16 06:15:13.297758,Toronto-81f9,21,98,Normal
2026-02-16 06:15:14.297758,Toronto-81f9,-19,23,Normal
2026-02-16 06:15:15.297758,Toronto-81f9,-27,58,Normal
2026-02-16 06:15:16.297758,Toronto-81f9,-13,25,Normal
2026-02-16 06:15:17.297758,Toronto-81f9,13,80,Normal
2026-02-16 06:15:18.297758,Toronto-81f9,-7,51,Normal
2026-02-16 06:15:19.297758,Toronto-81f9,8,50,Normal
2026-02-16 06:15:20.297758,Toronto-81f9,32,84,Normal
2026-02-16 06:15:21.297758,Toronto-81f9,-2,66,Normal
2026-02-16 06:15:22.297758,Toronto-81f9,-4,78,Normal
2026-02-16 06:15:23.297758,Toronto-81f9,36,53,Normal
2026-02-16 06:15:24.297758,Toronto-81f9,20,22,Normal
2026-02-16 06:15:25.297758,Toronto-81f9,44,63,Normal
2026-02-16 06:15:26.297758,Toronto-81f9,-30,95,Normal
2026-02-16 06:15:27.297758,Toronto-81f9,32,38,Normal
2026-02-16 06:15:28.297758,Toronto-81f9,-7,4,Normal
2026-02-16 06:15:29.297758,Toronto-81f9,36,15,Normal
2026-02-16 06:15:30.297758,Toronto-81f9,1,18,Normal
2026-02-16 06:15:31.297758,Toronto-81f9,25,30,Normal
2026-02-16 06:15:32.297758,Toronto-81f9,15,76,Normal
2026-02-16 06:15:33.297758,Toronto-81f9,45,45,Normal
2026-02-16 06:15:34.297758,Toronto-81f9,-16,26,Normal
2026-02-16 06:15:35.297758,Toronto-81f9,40,84,Normal
2026-02-16 06:15:36.297758,Toronto-81f9,-4,74,Normal
2026-02-16 06:15:37.297758,Toronto-81f9,30,95,Normal
2026-02-16 06:15:38.297758,Toronto-81f9,-30,41,Normal
2026-02-16 06:15:39.297758,Toronto-81f9,-18,36,Normal
2026-02-16 06:15:40.297758,Toronto-81f9,-16,62,Normal
2026-02-16 06:15:41.297758,Toronto-81f9,16,15,Normal
2026-02-16 06:15:42.297758,Toronto-81f9,35,35,Normal
2026-02-16 06:15:43.297758,Toronto-81f9,-25,96,Normal
2026-02-16 06:15:44.297758,Toronto-81f9,-15,99,Normal
2026-02-16 06:15:45.297758,Toronto-81f9,-24,18,Normal
2026-02-16 06:15:46.297758,Toronto-81f9,-6,61,Normal
2026-02-16 06:15:47.297758,Toronto-81f9,49,97,Normal
2026-02-16 06:15:48.297758,Toronto-81f9,-6,16,Normal
2026-02-16 06:15:49.297758,Toronto-81f9,13,52,Normal
2026-02-16 06:15:50.297758,Toronto-81f9,-7,6,Normal
2026-02-16 06:15:51.297758,Toronto-81f9,21,70,Normal
2026-02-16 06:15:52.297758,Toronto-81f9,-9,74,Normal
2026-02-16 06:15:53.297758,Toronto-81f9,25,59,Normal
2026-02-16 06:15:54.297758,Toronto-81f9,-12,23,Normal
2026-02-16 06:15:55.297758,Toronto-81f9,23,36,Normal
2026-02-16 06:15:56.297758,Toronto-81f9,-13,4,Normal
2026-02-16 06:15:57.297758,Toronto-81f9,23,23,Normal
2026-02-16 06:15:58.297758,Toronto-81f9,-4,52,Normal
2026-02-16 06:15:59.297758,Toronto-81f9,32,37,Normal
2026-02-16 06:16:00.297758,Toronto-81f9,21,68,Normal
2026-02-16 06:16:01.297758,Toronto-81f9,34,83,Normal
2026-02-16 06:16:02.297758,Toronto-81f9,27,80,Normal
2026-02-16 06:16:03.297758,Toronto-81f9,21,56,Normal
2026-02-16 06:16:04.297758,Toronto-81f9,17,54,Normal
2026-02-16 06:16:05.297758,Toronto-81f9,-10,47,Normal
2026-02-16 06:16:06.297758,Toronto-81f9,1,94,Normal
2026-02-16 06:16:07.297758,Toronto-81f9,-14,20,Normal
2026-02-16 06:16:08.297758,Toronto-81f9,-15,7,Normal
2026-02-16 06:16:09.297758,Toronto-81f9,27,42,Normal
2026-02-16 06:16:10.297758,Toronto-81f9,43,2,Normal
2026-02-16 06:16:11.297758,Toronto-81f9,-26,16,Normal
2026-02-16 06:16:12.297758,Toronto-81f9,1,57,Normal
2026-02-16 06:16:13.297758,Toronto-81f9,47,87,Normal
2026-02-16 06:16:14.297758,Toronto-81f9,22,26,Normal
2026-02-16 06:16:15.297758,Toronto-81f9,-11,90,Normal
2026-02-16 06:16:16.297758,Toronto-81f9,0,100,Normal
2026-02-16 06:16:17.297758,Toronto-81f9,34,41,Normal
2026-02-16 06:16:18.297758,Toronto-81f9,35,72,Normal
2026-02-16 06:16:19.297758,Toronto-81f9,3,7,Normal
2026-02-16 06:16:20.297758,Toronto-81f9,-24,5,Normal
2026-02-16 06:16:21.297758,Toronto-81f9,13,8,Normal
2026-02-16 06:16:22.297758,Toronto-81f9,22,0,Normal
2026-02-16 06:16:23.297758,Toronto-81f9,48,6,Normal
2026-02-16 06:16:24.297758,Toronto-81f9,-1,44,Normal
2026-02-16 06:16:25.297758,Toronto-81f9,44,89,Normal
2026-02-16 06:16:26.297758,Toronto-81f9,29,67,Normal
2026-02-16 06:16:27.297758,Toronto-81f9,-6,71,Normal
2026-02-16 06:16:28.297758,Toronto-81f9,-16,79,Normal
2026-02-16 06:16:29.297758,Toronto-81f9,14,19,Normal
2026-02-16 06:16:30.297758,Toronto-81f9,26,99,Normal
2026-02-16 06:16:31.297758,Toronto-81f9,3,1,Normal
2026-02-16 06:16:32.297758,Toronto-81f9,-5,52,Normal
2026-02-16 06:16:33.297758,Toronto-81f9,-14,84,Normal
2026-02-16 06:16:34.297758,Toronto-81f9,-17,49,Normal
2026-02-16 06:16:35.297758,Toronto-81f9,29,18,Normal
2026-02-16 06:16:36.297758,Toronto-81f9,-23,38,Normal
2026-02-16 06:16:37.297758,Toronto-81f9,26,24,Normal
2026-02-16 06:16:38.297758,Toronto-81f9,15,49,Normal
2026-02-16 06:16:39.297758,Toronto-81f9,4,1,Normal
2026-02-16 06:16:40.297758,Toronto-81f9,45,36,Normal
2026-02-16 06:16:41.297758,Toronto-81f9,21,52,Normal
2026-02-16 06:16:42.297758,Toronto-81f9,23,48,Normal
2026-02-16 06:16:43.297758,Toronto-81f9,47,47,Normal
2026-02-16 06:16:44.297758,Toronto-81f9,2,68,Normal
2026-02-16 06:16:45.297758,Toronto-81f9,-27,59,Normal
2026-02-16 06:16:46.297758,Toronto-81f9,-20,88,Normal
2026-02-16 06:16:47.297758,Toronto-81f9,43,14,Normal
2026-02-16 06:16:48.297758,Toronto-81f9,1,69,Normal
2026-02-16 06:16:49.297758,Toronto-81f9,-15,37,Normal
2026-02-16 06:16:50.297758,Toronto-81f9,11,68,Normal
2026-02-16 06:16:51.297758,Toronto-81f9,-20,19,Normal
2026-02-16 06:16:52.297758,Toronto-81f9,44,38,Normal
2026-02-16 06:16:53.297758,Toronto-81f9,-21,24,Normal
2026-02-16 06:16:54.297758,Toronto-81f9,-25,93,Normal
2026-02-16 06:16:55.297758,Toronto-81f9,-13,76,Normal
2026-02-16 06:16:56.297758,Toronto-81f9,-21,3,Normal
2026-02-16 06:16:57.297758,Toronto-81f9,3,8,Normal
2026-02-16 06:16:58.297758,Toronto-81f9,4,92,Normal
2026-02-16 06:16:59.297758,Toronto-81f9,10,54,Normal
2026-02-16 06:17:00.297758,Toronto-81f9,-26,69,Normal
2026-02-16 06:17:01.297758,Toronto-81f9,31,60,Normal
2026-02-16 06:17:02.297758,Toronto-81f9,39,33,Normal
2026-02-16 06:17:03.297758,Toronto-81f9,0,80,Normal
2026-02-16 06:17:04.297758,Toronto-81f9,32,10,Normal
2026-02-16 06:17:05.297758,Toronto-81f9,-27,71,Normal
2026-02-16 06:17:06.297758,Toronto-81f9,36,4,Normal
2026-02-16 06:17:07.297758,Toronto-81f9,-30,72,Normal
2026-02-16 06:17:08.297758,Toronto-81f9,-16,41,Normal
2026-02-16 06:17:09.297758,Toronto-81f9,-2,57,Normal
2026-02-16 06:17:10.297758,Toronto-81f9,-9,85,Normal
2026-02-16 06:17:11.297758,Toronto-81f9,-24,93,Normal
2026-02-16 06:17:12.297758,Toronto-81f9,-27,34,Normal
2026-02-16 06:17:13.297758,Toronto-81f9,-28,87,Normal
2026-02-16 06:17:14.297758,Toronto-81f9,9,32,Normal
2026-02-16 06:17:15.297758,Toronto-81f9,-25,49,Normal
2026-02-16 06:17:16.297758,Toronto-81f9,30,81,Normal
2026-02-16 06:17:17.297758,Toronto-81f9,-27,77,Normal
2026-02-16 06:17:18.297758,Toronto-81f9,45,5,Normal
2026-02-16 06:17:19.297758,Toronto-81f9,28,26,Normal
2026-02-16 06:17:20.297758,Toronto-81f9,-14,90,Normal
2026-02-16 06:17:21.297758,Toronto-81f9,46,96,Normal
2026-02-16 06:17:22.297758,Toronto-81f9,12,53,Normal
2026-02-16 06:17:23.297758,Toronto-81f9,7,65,Normal
2026-02-16 06:17:24.297758,Toronto-81f9,41,86,Normal
2026-02-16 06:17:25.297758,Toronto-81f9,-6,81,Normal
2026-02-16 06:17:26.297758,Toronto-81f9,23,39,Normal
2026-02-16 06:17:27.297758,Toronto-81f9,34,19,Normal
2026-02-16 06:17:28.297758,Toronto-81f9,29,45,Normal
2026-02-16 06:17:29.297758,Toronto-81f9,-25,47,Normal
2026-02-16 06:17:30.297758,Toronto-81f9,49,45,Normal
2026-02-16 06:17:31.297758,Toronto-81f9,12,19,Normal
2026-02-16 06:17:32.297758,Toronto-81f9,-23,21,Normal
2026-02-16 06:17:33.297758,Toronto-81f9,-10,28,Normal
2026-02-16 06:17:34.297758,Toronto-81f9,22,58,Normal
2026-02-16 06:17:35.297758,Toronto-81f9,-1,81,Normal
2026-02-16 06:17:36.297758,Toronto-81f9,-1,98,Normal
2026-02-16 06:17:37.297758,Toronto-81f9,25,99,Normal
2026-02-16 06:17:38.297758,Toronto-81f9,45,60,Normal
2026-02-16 06:17:39.297758,Toronto-81f9,31,49,Normal
2026-02-16 06:17:40.297758,Toronto-81f9,27,49,Normal
2026-02-16 06:17:41.297758,Toronto-81f9,-10,38,Normal
2026-02-16 06:17:42.297758,Toronto-81f9,30,40,Normal
2026-02-16 06:17:43.297758,Toronto-81f9,-8,22,Normal
2026-02-16 06:17:44.297758,Toronto-81f9,15,52,Normal
2026-02-16 06:17:45.297758,Toronto-81f9,19,34,Normal
2026-02-16 06:17:46.297758,Toronto-81f9,1,76,Normal
2026-02-16 06:17:47.297758,Toronto-81f9,-6,35,Normal
2026-02-16 06:17:48.297758,Toronto-81f9,-9,21,Normal
2026-02-16 06:17:49.297758,Toronto-81f9,33,59,Normal
2026-02-16 06:17:50.297758,Toronto-81f9,49,47,Normal
2026-02-16 06:17:51.297758,Toronto-81f9,28,17,Normal
2026-02-16 06:17:52.297758,Toronto-81f9,18,36,Normal
2026-02-16 06:17:53.297758,Toronto-81f9,47,88,Normal
2026-02-16 06:17:54.297758,Toronto-81f9,31,87,Normal
2026-02-16 06:17:55.297758,Toronto-81f9,50,100,Normal
2026-02-16 06:17:56.297758,Toronto-81f9,6,16,Normal
2026-02-16 06:17:57.297758,Toronto-81f9,39,46,Normal
2026-02-16 06:17:58.297758,Toronto-81f9,47,24,Normal
2026-02-16 06:17:59.297758,Toronto-81f9,13,4,Normal
2026-02-16 06:18:00.297758,Toronto-81f9,39,98,Normal
2026-02-16 06:18:01.297758,Toronto-81f9,-23,5,Normal
2026-02-16 06:18:02.297758,Toronto-81f9,-14,93,Normal
2026-02-16 06:18:03.297758,Toronto-81f9,32,56,Normal
2026-02-16 06:18:04.297758,Toronto-81f9,49,3,Normal
2026-02-16 06:18:05.297758,Toronto-81f9,-6,44,Normal
2026-02-16 06:18:06.297758,Toronto-81f9,14,91,Normal
2026-02-16 06:18:07.297758,Toronto-81f9,8,35,Normal
2026-02-16 06:18:08.297758,Toronto-81f9,13,97,Normal
2026-02-16 06:18:09.297758,Toronto-81f9,4,74,Normal
2026-02-16 06:18:10.297758,Toronto-81f9,7,2,Normal
2026-02-16 06:18:11.297758,Toronto-81f9,23,86,Normal
2026-02-16 06:18:12.297758,Toronto-81f9,-9,88,Normal
2026-02-16 06:18:13.297758,Toronto-81f9,-7,5,Normal
2026-02-16 06:18:14.297758,Toronto-81f9,42,86,Normal
2026-02-16 06:18:15.297758,Toronto-81f9,28,53,Normal
2026-02-16 06:18:16.297758,Toronto-81f9,23,31,Normal
2026-02-16 06:18:17.297758,Toronto-81f9,25,90,Normal
2026-02-16 06:18:18.297758,Toronto-81f9,-10,54,Normal
2026-02-16 06:18:19.297758,Toronto-81f9,37,74,Normal
2026-02-16 06:18:20.297758,Toronto-81f9,-6,89,Normal
2026-02-16 06:18:21.297758,Toronto-81f9,10,78,Normal
2026-02-16 06:18:22.297758,Toronto-81f9,48,70,Normal
2026-02-16 06:18:23.297758,Toronto-81f9,8,34,Normal
2026-02-16 06:18:24.297758,Toronto-81f9,50,70,Normal
2026-02-16 06:18:25.297758,Toronto-81f9,44,16,Normal
2026-02-16 06:18:26.297758,Toronto-81f9,29,19,Normal
2026-02-16 06:18:27.297758,Toronto-81f9,-3,54,Normal
2026-02-16 06:18:28.297758,Toronto-81f9,27,40,Normal
2026-02-16 06:18:29.297758,Toronto-81f9,-29,11,Normal
2026-02-16 06:18:30.297758,Toronto-81f9,48,9,Normal
2026-02-16 06:18:31.297758,Toronto-81f9,17,3,Normal
2026-02-16 06:18:32.297758,Toronto-81f9,38,15,Normal
2026-02-16 06:18:33.297758,Toronto-81f9,4,20,Normal
2026-02-16 06:18:34.297758,Toronto-81f9,3,81,Normal
2026-02-16 06:18:35.297758,Toronto-81f9,-9,9,Normal
2026-02-16 06:18:36.297758,Toronto-81f9,-26,47,Normal
2026-02-16 06:18:37.297758,Toronto-81f9,18,9,Normal
2026-02-16 06:18:38.297758,Toronto-81f9,12,60,Normal
2026-02-16 06:18:39.297758,Toronto-81f9,20,10,Normal
2026-02-16 06:18:40.297758,Toronto-81f9,4,99,Normal
2026-02-16 06:18:41.297758,Toronto-81f9,-14,25,Normal
2026-02-16 06:18:42.297758,Toronto-81f9,3,11,Normal
2026-02-16 06:18:43.297758,Toronto-81f9,-2,65,Normal
2026-02-16 06:18:44.297758,Toronto-81f9,48,37,Normal
2026-02-16 06:18:45.297758,Toronto-81f9,40,72,Normal
2026-02-16 06:18:46.297758,Toronto-81f9,17,93,Normal
2026-02-16 06:18:47.297758,Toronto-81f9,8,90,Normal
2026-02-16 06:18:48.297758,Toronto-81f9,28,85,Normal
2026-02-16 06:18:49.297758,Toronto-81f9,35,100,Normal
2026-02-16 06:18:50.297758,Toronto-81f9,-8,27,Normal
2026-02-16 06:18:51.297758,Toronto-81f9,15,58,Normal
2026-02-16 06:18:52.297758,Toronto-81f9,36,50,Normal
2026-02-16 06:18:53.297758,Toronto-81f9,0,84,Normal
2026-02-16 06:18:54.297758,Toronto-81f9,-29,43,Normal
2026-02-16 06:18:55.297758,Toronto-81f9,-26,36,Normal
2026-02-16 06:18:56.297758,Toronto-81f9,37,22,Normal
2026-02-16 06:18:57.297758,Toronto-81f9,-7,61,Normal
2026-02-16 06:18:58.297758,Toronto-81f9,-23,92,Normal
2026-02-16 06:18:59.297758,Toronto-81f9,-23,18,Normal
2026-02-16 06:19:00.297758,Toronto-81f9,7,5,Normal
2026-02-16 06:19:01.297758,Toronto-81f9,34,45,Normal
2026-02-16 06:19:02.297758,Toronto-81f9,20,87,Normal
2026-02-16 06:19:03.297758,Toronto-81f9,8,91,Normal
2026-02-16 06:19:04.297758,Toronto-81f9,-26,87,Normal
2026-02-16 06:19:05.297758,Toronto-81f9,-17,53,Normal
2026-02-16 06:19:06.297758,Toronto-81f9,32,14,Normal
2026-02-16 06:19:07.297758,Toronto-81f9,1,32,Normal
2026-02-16 06:19:08.297758,Toronto-81f9,34,59,Normal
2026-02-16 06:19:09.297758,Toronto-81f9,27,50,Normal
2026-02-16 06:19:10.297758,Toronto-81f9,35,50,Normal
2026-02-16 06:19:11.297758,Toronto-81f9,-24,6,Normal
2026-02-16 06:19:12.297758,Toronto-81f9,44,78,Normal
2026-02-16 06:19:13.297758,Toronto-81f9,-12,69,Normal
2026-02-16 06:19:14.297758,Toronto-81f9,13,66,Normal
2026-02-16 06:19:15.297758,Toronto-81f9,37,69,Normal
2026-02-16 06:19:16.297758,Toronto-81f9,15,74,Normal
2026-02-16 06:19:17.297758,Toronto-81f9,-26,2,Normal
2026-02-16 06:19:18.297758,Toronto-81f9,50,89,Normal
2026-02-16 06:19:19.297758,Toronto-81f9,-25,8,Normal
2026-02-16 06:19:20.297758,Toronto-81f9,1,65,Normal
2026-02-16 06:19:21.297758,Toronto-81f9,-1,14,Normal
2026-02-16 06:19:22.297758,Toronto-81f9,21,36,Normal
2026-02-16 06:19:23.297758,Toronto-81f9,-7,0,Normal
2026-02-16 06:19:24.297758,Toronto-81f9,-23,50,Normal
2026-02-16 06:19:25.297758,Toronto-81f9,-8,97,Normal
2026-02-16 06:19:26.297758,Toronto-81f9,-17,53,Normal
2026-02-16 06:19:27.297758,Toronto-81f9,38,13,Normal
2026-02-16 06:19:28.297758,Toronto-81f9,-3,28,Normal
2026-02-16 06:19:29.297758,Toronto-81f9,50,4,Normal
2026-02-16 06:19:30.297758,Toronto-81f9,-22,19,Normal
2026-02-16 06:19:31.297758,Toronto-81f9,22,51,Normal
2026-02-16 06:19:32.297758,Toronto-81f9,35,49,Normal
2026-02-16 06:19:33.297758,Toronto-81f9,27,59,Normal
2026-02-16 06:19:34.297758,Toronto-81f9,2,75,Normal
2026-02-16 06:19:35.297758,Toronto-81f9,-3,55,Normal
2026-02-16 06:19:36.297758,Toronto-81f9,-24,37,Normal
2026-02-16 06:19:37.297758,Toronto-81f9,35,65,Normal
2026-02-16 06:19:38.297758,Toronto-81f9,39,38,Normal
2026-02-16 06:19:39.297758,Toronto-81f9,6,69,Normal
2026-02-16 06:19:40.297758,Toronto-81f9,43,87,Normal
2026-02-16 06:19:41.297758,Toronto-81f9,-1,55,Normal
2026-02-16 06:19:42.297758,Toronto-81f9,2,92,Normal
2026-02-16 06:19:43.297758,Toronto-81f9,34,18,Normal
2026-02-16 06:19:44.297758,Toronto-81f9,28,72,Normal
2026-02-16 06:19:45.297758,Toronto-81f9,-27,19,Normal
2026-02-16 06:19:46.297758,Toronto-81f9,-25,8,Normal
2026-02-16 06:19:47.297758,Toronto-81f9,23,98,Normal
2026-02-16 06:19:48.297758,Toronto-81f9,0,75,Normal
2026-02-16 06:19:49.297758,Toronto-81f9,28,83,Normal
2026-02-16 06:19:50.297758,Toronto-81f9,25,17,Normal
2026-02-16 06:19:51.297758,Toronto-81f9,28,33,Normal
2026-02-16 06:19:52.297758,Toronto-81f9,7,26,Normal
2026-02-16 06:19:53.297758,Toronto-81f9,14,86,Normal
2026-02-16 06:19:54.297758,Toronto-81f9,34,96,Normal
2026-02-16 06:19:55.297758,Toronto-81f9,48,3,Normal
2026-02-16 06:19:56.297758,Toronto-81f9,-20,47,Normal
2026-02-16 06:19:57.297758,Toronto-81f9,-24,23,Normal
2026-02-16 06:19:58.297758,Toronto-81f9,21,50,Normal
2026-02-16 06:19:59.297758,Toronto-81f9,19,0,Normal
2026-02-16 06:20:00.297758,Toronto-81f9,46,93,Normal
2026-02-16 06:20:01.297758,Toronto-81f9,2,60,Normal
2026-02-16 06:20:02.297758,Toronto-81f9,16,23,Normal
2026-02-16 06:20:03.297758,Toronto-81f9,0,29,Normal
2026-02-16 06:20:04.297758,Toronto-81f9,35,22,Normal
2026-02-16 06:20:05.297758,Toronto-81f9,42,52,Normal
2026-02-16 06:20:06.297758,Toronto-81f9,-8,33,Normal
2026-02-16 06:20:07.297758,Toronto-81f9,-28,91,Normal
2026-02-16 06:20:08.297758,Toronto-81f9,5,64,Normal
2026-02-16 06:20:09.297758,Toronto-81f9,14,18,Normal
2026-02-16 06:20:10.297758,Toronto-81f9,6,34,Normal
2026-02-16 06:20:11.297758,Toronto-81f9,33,89,Normal
2026-02-16 06:20:12.297758,Toronto-81f9,10,58,Normal
2026-02-16 06:20:13.297758,Toronto-81f9,45,73,Normal
2026-02-16 06:20:14.297758,Toronto-81f9,42,92,Normal
2026-02-16 06:20:15.297758,Toronto-81f9,8,42,Normal
2026-02-16 06:20:16.297758,Toronto-81f9,-1,21,Normal
2026-02-16 06:20:17.297758,Toronto-81f9,-23,82,Normal
2026-02-16 06:20:18.297758,Toronto-81f9,6,72,Normal
2026-02-16 06:20:19.297758,Toronto-81f9,-20,25,Normal
2026-02-16 06:20:20.297758,Toronto-81f9,-8,52,Normal
2026-02-16 06:20:21.297758,Toronto-81f9,25,6,Normal
2026-02-16 06:20:22.297758,Toronto-81f9,32,85,Normal
2026-02-16 06:20:23.297758,Toronto-81f9,1,51,Normal
2026-02-16 06:20:24.297758,Toronto-81f9,49,22,Normal
2026-02-16 06:20:25.297758,Toronto-81f9,28,24,Normal
2026-02-16 06:20:26.297758,Toronto-81f9,49,54,Normal
2026-02-16 06:20:27.297758,Toronto-81f9,2,10,Normal
2026-02-16 06:20:28.297758,Toronto-81f9,-15,34,Normal
2026-02-16 06:20:29.297758,Toronto-81f9,-13,75,Normal
2026-02-16 06:20:30.297758,Toronto-81f9,-2,55,Normal
2026-02-16 06:20:31.297758,Toronto-81f9,35,84,Normal
2026-02-16 06:20:32.297758,Toronto-81f9,-16,0,Normal
2026-02-16 06:20:33.297758,Toronto-81f9,30,91,Normal
2026-02-16 06:20:34.297758,Toronto-81f9,-12,33,Normal
2026-02-16 06:20:35.297758,Toronto-81f9,45,94,Normal
2026-02-16 06:20:36.297758,Toronto-81f9,38,88,Normal
2026-02-16 06:20:37.297758,Toronto-81f9,-17,66,Normal
2026-02-16 06:20:38.297758,Toronto-81f9,26,66,Normal
2026-02-16 06:20:39.297758,Toronto-81f9,15,76,Normal
2026-02-16 06:20:40.297758,Toronto-81f9,-18,90,Normal
2026-02-16 06:20:41.297758,Toronto-81f9,3,77,Normal
2026-02-16 06:20:42.297758,Toronto-81f9,46,8,Normal
2026-02-16 06:20:43.297758,Toronto-81f9,-11,88,Normal
2026-02-16 06:20:44.297758,Toronto-81f9,2,81,Normal
2026-02-16 06:20:45.297758,Toronto-81f9,16,8,Normal
2026-02-16 06:20:46.297758,Toronto-81f9,44,88,Normal
2026-02-16 06:20:47.297758,Toronto-81f9,36,23,Normal
2026-02-16 06:20:48.297758,Toronto-81f9,12,34,Normal
2026-02-16 06:20:49.297758,Toronto-81f9,-7,47,Normal
2026-02-16 06:20:50.297758,Toronto-81f9,14,50,Normal
2026-02-16 06:20:51.297758,Toronto-81f9,-25,76,Normal
2026-02-16 06:20:52.297758,Toronto-81f9,4,6,Normal
2026-02-16 06:20:53.297758,Toronto-81f9,47,72,Normal
2026-02-16 06:20:54.297758,Toronto-81f9,-3,9,Normal
2026-02-16 06:20:55.297758,Toronto-81f9,-6,4,Normal
2026-02-16 06:20:56.297758,Toronto-81f9,37,85,Normal
2026-02-16 06:20:57.297758,Toronto-81f9,-29,39,Normal
2026-02-16 06:20:58.297758,Toronto-81f9,-3,46,Normal
2026-02-16 06:20:59.297758,Toronto-81f9,27,55,Normal
2026-02-16 06:21:00.297758,Toronto-81f9,48,56,Normal
2026-02-16 06:21:01.297758,Toronto-81f9,-5,39,Normal
2026-02-16 06:21:02.297758,Toronto-81f9,22,34,Normal
2026-02-16 06:21:03.297758,Toronto-81f9,49,48,Normal
2026-02-16 06:21:04.297758,Toronto-81f9,29,12,Normal
2026-02-16 06:21:05.297758,Toronto-81f9,-19,92,Normal
2026-02-16 06:21:06.297758,Toronto-81f9,31,44,Normal
2026-02-16 06:21:07.297758,Toronto-81f9,3,26,Normal
2026-02-16 06:21:08.297758,Toronto-81f9,-14,95,Normal
2026-02-16 06:21:09.297758,Toronto-81f9,5,98,Normal
2026-02-16 06:21:10.297758,Toronto-81f9,-15,99,Normal
2026-02-16 06:21:11.297758,Toronto-81f9,46,85,Normal
2026-02-16 06:21:12.297758,Toronto-81f9,40,7,Normal
2026-02-16 06:21:13.297758,Toronto-81f9,-14,67,Normal
2026-02-16 06:21:14.297758,Toronto-81f9,14,35,Normal
2026-02-16 06:21:15.297758,Toronto-81f9,50,99,Normal
2026-02-16 06:21:16.297758,Toronto-81f9,-28,49,Normal
2026-02-16 06:21:17.297758,Toronto-81f9,0,10,Normal
2026-02-16 06:21:18.297758,Toronto-81f9,-19,38,Normal
2026-02-16 06:21:19.297758,Toronto-81f9,24,55,Normal
2026-02-16 06:21:20.297758,Toronto-81f9,-15,26,Normal
2026-02-16 06:21:21.297758,Toronto-81f9,4,93,Normal
2026-02-16 06:21:22.297758,Toronto-81f9,15,98,Normal
2026-02-16 06:21:23.297758,Toronto-81f9,49,68,Normal
2026-02-16 06:21:24.297758,Toronto-81f9,13,55,Normal
2026-02-16 06:21:25.297758,Toronto-81f9,15,98,Normal
2026-02-16 06:21:26.297758,Toronto-81f9,47,89,Normal
2026-02-16 06:21:27.297758,Toronto-81f9,48,38,Normal
2026-02-16 06:21:28.297758,Toronto-81f9,15,3,Normal
2026-02-16 06:21:29.297758,Toronto-81f9,-21,20,Normal
2026-02-16 06:21:30.297758,Toronto-81f9,-5,82,Normal
2026-02-16 06:21:31.297758,Toronto-81f9,26,37,Normal
2026-02-16 06:21:32.297758,Toronto-81f9,4,88,Normal
2026-02-16 06:21:33.297758,Toronto-81f9,12,12,Normal
2026-02-16 06:21:34.297758,Toronto-81f9,31,30,Normal
2026-02-16 06:21:35.297758,Toronto-81f9,40,31,Normal
2026-02-16 06:21:36.297758,Toronto-81f9,16,29,Normal
2026-02-16 06:21:37.297758,Toronto-81f9,7,10,Normal
2026-02-16 06:21:38.297758,Toronto-81f9,36,21,Normal
2026-02-16 06:21:39.297758,Toronto-81f9,-12,9,Normal
2026-02-16 06:21:40.297758,Toronto-81f9,34,43,Normal
2026-02-16 06:21:41.297758,Toronto-81f9,-17,16,Normal
2026-02-16 06:21:42.297758,Toronto-81f9,38,69,Normal
2026-02-16 06:21:43.297758,Toronto-81f9,-23,89,Normal
2026-02-16 06:21:44.297758,Toronto-81f9,48,22,Normal
2026-02-16 06:21:45.297758,Toronto-81f9,16,42,Normal
2026-02-16 06:21:46.297758,Toronto-81f9,27,72,Normal
2026-02-16 06:21:47.297758,Toronto-81f9,10,63,Normal
2026-02-16 06:21:48.297758,Toronto-81f9,26,72,Normal
2026-02-16 06:21:49.297758,Toronto-81f9,-15,58,Normal
2026-02-16 06:21:50.297758,Toronto-81f9,1,11,Normal
2026-02-16 06:21:51.297758,Toronto-81f9,-8,8,Normal
2026-02-16 06:21:52.297758,Toronto-81f9,14,30,Normal
2026-02-16 06:21:53.297758,Toronto-81f9,3,84,Normal
2026-02-16 06:21:54.297758,Toronto-81f9,7,37,Normal
2026-02-16 06:21:55.297758,Toronto-81f9,49,79,Normal
2026-02-16 06:21:56.297758,Toronto-81f9,-1,77,Normal
2026-02-16 06:21:57.297758,Toronto-81f9,-17,30,Normal
2026-02-16 06:21:58.297758,Toronto-81f9,43,98,Normal
2026-02-16 06:21:59.297758,Toronto-81f9,26,97,Normal
2026-02-16 06:22:00.297758,Toronto-81f9,39,46,Normal
2026-02-16 06:22:01.297758,Toronto-81f9,-13,63,Normal
2026-02-16 06:22:02.297758,Toronto-81f9,5,30,Normal
2026-02-16 06:22:03.297758,Toronto-81f9,47,38,Normal
2026-02-16 06:22:04.297758,Toronto-81f9,-18,37,Normal
2026-02-16 06:22:05.297758,Toronto-81f9,-18,51,Normal
2026-02-16 06:22:06.297758,Toronto-81f9,46,6,Normal
2026-02-16 06:22:07.297758,Toronto-81f9,8,26,Normal
2026-02-16 06:22:08.297758,Toronto-81f9,20,74,Normal
2026-02-16 06:22:09.297758,Toronto-81f9,50,84,Normal
2026-02-16 06:22:10.297758,Toronto-81f9,-9,25,Normal
2026-02-16 06:22:11.297758,Toronto-81f9,32,79,Normal
2026-02-16 06:22:12.297758,Toronto-81f9,-28,89,Normal
2026-02-16 06:22:13.297758,Toronto-81f9,-10,21,Normal
2026-02-16 06:22:14.297758,Toronto-81f9,27,39,Normal
2026-02-16 06:22:15.297758,Toronto-81f9,2,18,Normal
2026-02-16 06:22:16.297758,Toronto-81f9,13,10,Normal
2026-02-16 06:22:17.297758,Toronto-81f9,47,65,Normal
2026-02-16 06:22:18.297758,Toronto-81f9,29,33,Normal
2026-02-16 06:22:19.297758,Toronto-81f9,-11,91,Normal
2026-02-16 06:22:20.297758,Toronto-81f9,3,59,Normal
2026-02-16 06:22:21.297758,Toronto-81f9,22,39,Normal
2026-02-16 06:22:22.297758,Toronto-81f9,41,32,Normal
2026-02-16 06:22:23.297758,Toronto-81f9,33,84,Normal
2026-02-16 06:22:24.297758,Toronto-81f9,-15,33,Normal
2026-02-16 06:22:25.297758,Toronto-81f9,-14,32,Normal
2026-02-16 06:22:26.297758,Toronto-81f9,26,99,Normal
2026-02-16 06:22:27.297758,Toronto-81f9,14,73,Normal
2026-02-16 06:22:28.297758,Toronto-81f9,46,31,Normal
2026-02-16 06:22:29.297758,Toronto-81f9,30,44,Normal
2026-02-16 06:22:30.297758,Toronto-81f9,48,95,Normal
2026-02-16 06:22:31.297758,Toronto-81f9,15,20,Normal
2026-02-16 06:22:32.297758,Toronto-81f9,15,47,Normal
2026-02-16 06:22:33.297758,Toronto-81f9,4,81,Normal
2026-02-16 06:22:34.297758,Toronto-81f9,35,79,Normal
2026-02-16 06:22:35.297758,Toronto-81f9,-3,74,Normal
2026-02-16 06:22:36.297758,Toronto-81f9,-12,68,Normal
2026-02-16 06:22:37.297758,Toronto-81f9,-28,43,Normal
2026-02-16 06:22:38.297758,Toronto-81f9,-15,35,Normal
2026-02-16 06:22:39.297758,Toronto-81f9,-12,22,Normal
2026-02-16 06:22:40.297758,Toronto-81f9,23,72,Normal
2026-02-16 06:22:41.297758,Toronto-81f9,47,7,Normal
2026-02-16 06:22:42.297758,Toronto-81f9,-8,79,Normal
2026-02-16 06:22:43.297758,Toronto-81f9,17,90,Normal
2026-02-16 06:22:44.297758,Toronto-81f9,43,7,Normal
2026-02-16 06:22:45.297758,Toronto-81f9,44,32,Normal
2026-02-16 06:22:46.297758,Toronto-81f9,-21,26,Normal
2026-02-16 06:22:47.297758,Toronto-81f9,-18,71,Normal
2026-02-16 06:22:48.297758,Toronto-81f9,48,28,Normal
2026-02-16 06:22:49.297758,Toronto-81f9,23,95,Normal
2026-02-16 06:22:50.297758,Toronto-81f9,0,13,Normal
2026-02-16 06:22:51.297758,Toronto-81f9,-14,43,Normal
2026-02-16 06:22:52.297758,Toronto-81f9,-28,82,Normal
2026-02-16 06:22:53.297758,Toronto-81f9,-21,31,Normal
2026-02-16 06:22:54.297758,Toronto-81f9,4,71,Normal
2026-02-16 06:22:55.297758,Toronto-81f9,-8,87,Normal
2026-02-16 06:22:56.297758,Toronto-81f9,-9,64,Normal
2026-02-16 06:22:57.297758,Toronto-81f9,-2,46,Normal
2026-02-16 06:22:58.297758,Toronto-81f9,0,45,Normal
2026-02-16 06:22:59.297758,Toronto-81f9,-3,0,Normal
2026-02-16 06:23:00.297758,Toronto-81f9,2,54,Normal
2026-02-16 06:23:01.297758,Toronto-81f9,-6,67,Normal
2026-02-16 06:23:02.297758,Toronto-81f9,23,44,Normal
2026-02-16 06:23:03.297758,Toronto-81f9,9,8,Normal
2026-02-16 06:23:04.297758,Toronto-81f9,-14,85,Normal
2026-02-16 06:23:05.297758,Toronto-81f9,7,38,Normal
2026-02-16 06:23:06.297758,Toronto-81f9,-8,100,Normal
2026-02-16 06:23:07.297758,Toronto-81f9,30,47,Normal
2026-02-16 06:23:08.297758,Toronto-81f9,-17,48,Normal
2026-02-16 06:23:09.297758,Toronto-81f9,4,68,Normal
2026-02-16 06:23:10.297758,Toronto-81f9,14,55,Normal
2026-02-16 06:23:11.297758,Toronto-81f9,12,78,Normal
2026-02-16 06:23:12.297758,Toronto-81f9,-30,15,Normal
2026-02-16 06:23:13.297758,Toronto-81f9,-14,80,Normal
2026-02-16 06:23:14.297758,Toronto-81f9,49,75,Normal
2026-02-16 06:23:15.297758,Toronto-81f9,-9,88,Normal
2026-02-16 06:23:16.297758,Toronto-81f9,-22,90,Normal
2026-02-16 06:23:17.297758,Toronto-81f9,49,73,Normal
2026-02-16 06:23:18.297758,Toronto-81f9,12,24,Normal
2026-02-16 06:23:19.297758,Toronto-81f9,-26,83,Normal
2026-02-16 06:23:20.297758,Toronto-81f9,-21,30,Normal
2026-02-16 06:23:21.297758,Toronto-81f9,1,50,Normal
2026-02-16 06:23:22.297758,Toronto-81f9,-30,77,Normal
2026-02-16 06:23:23.297758,Toronto-81f9,8,30,Normal
2026-02-16 06:23:24.297758,Toronto-81f9,14,63,Normal
2026-02-16 06:23:25.297758,Toronto-81f9,-14,17,Normal
2026-02-16 06:23:26.297758,Toronto-81f9,-16,47,Normal
2026-02-16 06:23:27.297758,Toronto-81f9,12,32,Normal
2026-02-16 06:23:28.297758,Toronto-81f9,-15,8,Normal
2026-02-16 06:23:29.297758,Toronto-81f9,8,30,Normal
2026-02-16 06:23:30.297758,Toronto-81f9,35,28,Normal
2026-02-16 06:23:31.297758,Toronto-81f9,-16,19,Normal
2026-02-16 06:23:32.297758,Toronto-81f9,45,92,Normal
2026-02-16 06:23:33.297758,Toronto-81f9,34,37,Normal
2026-02-16 06:23:34.297758,Toronto-81f9,-21,0,Normal
2026-02-16 06:23:35.297758,Toronto-81f9,-27,20,Normal
2026-02-16 06:23:36.297758,Toronto-81f9,-11,31,Normal
2026-02-16 06:23:37.297758,Toronto-81f9,7,87,Normal
2026-02-16 06:23:38.297758,Toronto-81f9,41,99,Normal
2026-02-16 06:23:39.297758,Toronto-81f9,-1,46,Normal
2026-02-16 06:23:40.297758,Toronto-81f9,-30,59,Normal
2026-02-16 06:23:41.297758,Toronto-81f9,-24,69,Normal
2026-02-16 06:23:42.297758,Toronto-81f9,44,42,Normal
2026-02-16 06:23:43.297758,Toronto-81f9,-29,45,Normal
2026-02-16 06:23:44.297758,Toronto-81f9,23,62,Normal
2026-02-16 06:23:45.297758,Toronto-81f9,-17,22,Normal
2026-02-16 06:23:46.297758,Toronto-81f9,34,15,Normal
2026-02-16 06:23:47.297758,Toronto-81f9,33,98,Normal
2026-02-16 06:23:48.297758,Toronto-81f9,-14,83,Normal
2026-02-16 06:23:49.297758,Toronto-81f9,-7,84,Normal
2026-02-16 06:23:50.297758,Toronto-81f9,44,4,Normal
2026-02-16 06:23:51.297758,Toronto-81f9,23,68,Normal
2026-02-16 06:23:52.297758,Toronto-81f9,7,55,Normal
2026-02-16 06:23:53.297758,Toronto-81f9,-21,75,Normal
2026-02-16 06:23:54.297758,Toronto-81f9,-4,22,Normal
2026-02-16 06:23:55.297758,Toronto-81f9,-16,49,Normal
2026-02-16 06:23:56.297758,Toronto-81f9,19,42,Normal
2026-02-16 06:23:57.297758,Toronto-81f9,36,83,Normal
2026-02-16 06:23:58.297758,Toronto-81f9,0,10,Normal
2026-02-16 06:23:59.297758,Toronto-81f9,31,51,Normal
2026-02-16 06:24:00.297758,Toronto-81f9,-1,59,Normal
2026-02-16 06:24:01.297758,Toronto-81f9,48,40,Normal
2026-02-16 06:24:02.297758,Toronto-81f9,-28,39,Normal
2026-02-16 06:24:03.297758,Toronto-81f9,33,4,Normal
2026-02-16 06:24:04.297758,Toronto-81f9,-20,61,Normal
2026-02-16 06:24:05.297758,Toronto-81f9,-16,92,Normal
2026-02-16 06:24:06.297758,Toronto-81f9,44,67,Normal
2026-02-16 06:24:07.297758,Toronto-81f9,12,47,Normal
2026-02-16 06:24:08.297758,Toronto-81f9,21,26,Normal
2026-02-16 06:24:09.297758,Toronto-81f9,-3,8,Normal
2026-02-16 06:24:10.297758,Toronto-81f9,38,70,Normal
2026-02-16 06:24:11.297758,Toronto-81f9,28,79,Normal
2026-02-16 06:24:12.297758,Toronto-81f9,2,80,Normal
2026-02-16 06:24:13.297758,Toronto-81f9,2,38,Normal
2026-02-16 06:24:14.297758,Toronto-81f9,22,4,Normal
2026-02-16 06:24:15.297758,Toronto-81f9,20,87,Normal
2026-02-16 06:24:16.297758,Toronto-81f9,-19,47,Normal
2026-02-16 06:24:17.297758,Toronto-81f9,34,98,Normal
2026-02-16 06:24:18.297758,Toronto-81f9,4,51,Normal
2026-02-16 06:24:19.297758,Toronto-81f9,40,58,Normal
2026-02-16 06:24:20.297758,Toronto-81f9,41,71,Normal
2026-02-16 06:24:21.297758,Toronto-81f9,3,56,Normal
2026-02-16 06:24:22.297758,Toronto-81f9,-18,37,Normal
2026-02-16 06:24:23.297758,Toronto-81f9,19,94,Normal
2026-02-16 06:24:24.297758,Toronto-81f9,33,96,Normal
2026-02-16 06:24:25.297758,Toronto-81f9,36,31,Normal
2026-02-16 06:24:26.297758,Toronto-81f9,38,96,Normal
2026-02-16 06:24:27.297758,Toronto-81f9,20,31,Normal
2026-02-16 06:24:28.297758,Toronto-81f9,-7,99,Normal
2026-02-16 06:24:29.297758,Toronto-81f9,35,0,Normal
2026-02-16 06:24:30.297758,Toronto-81f9,8,41,Normal
2026-02-16 06:24:31.297758,Toronto-81f9,31,63,Normal
2026-02-16 06:24:32.297758,Toronto-81f9,-30,96,Normal
2026-02-16 06:24:33.297758,Toronto-81f9,-5,21,Normal
2026-02-16 06:24:34.297758,Toronto-81f9,-27,18,Normal
2026-02-16 06:24:35.297758,Toronto-81f9,11,17,Normal
2026-02-16 06:24:36.297758,Toronto-81f9,44,24,Normal
2026-02-16 06:24:37.297758,Toronto-81f9,36,57,Normal
2026-02-16 06:24:38.297758,Toronto-81f9,50,92,Normal
2026-02-16 06:24:39.297758,Toronto-81f9,0,64,Normal
2026-02-16 06:24:40.297758,Toronto-81f9,-17,52,Normal
2026-02-16 06:24:41.297758,Toronto-81f9,33,88,Normal
2026-02-16 06:24:42.297758,Toronto-81f9,-9,78,Normal
2026-02-16 06:24:43.297758,Toronto-81f9,-4,10,Normal
2026-02-16 06:24:44.297758,Toronto-81f9,29,12,Normal
2026-02-16 06:24:45.297758,Toronto-81f9,-6,84,Normal
2026-02-16 06:24:46.297758,Toronto-81f9,44,3,Normal
2026-02-16 06:24:47.297758,Toronto-81f9,-12,87,Normal
2026-02-16 06:24:48.297758,Toronto-81f9,23,98,Normal
2026-02-16 06:24:49.297758,Toronto-81f9,40,55,Normal
2026-02-16 06:24:50.297758,Toronto-81f9,33,90,Normal
2026-02-16 06:24:51.297758,Toronto-81f9,-5,9,Normal
2026-02-16 06:24:52.297758,Toronto-81f9,-1,38,Normal
2026-02-16 06:24:53.297758,Toronto-81f9,43,55,Normal
2026-02-16 06:24:54.297758,Toronto-81f9,7,46,Normal
2026-02-16 06:24:55.297758,Toronto-81f9,-8,36,Normal
2026-02-16 06:24:56.297758,Toronto-81f9,-7,69,Normal
2026-02-16 06:24:57.297758,Toronto-81f9,-26,5,Normal
2026-02-16 06:24:58.297758,Toronto-81f9,19,73,Normal
2026-02-16 06:24:59.297758,Toronto-81f9,12,75,Normal
2026-02-16 06:25:00.297758,Toronto-81f9,3,29,Normal
2026-02-16 06:25:01.297758,Toronto-81f9,48,34,Normal
2026-02-16 06:25:02.297758,Toronto-81f9,15,86,Normal
2026-02-16 06:25:03.297758,Toronto-81f9,42,86,Normal
2026-02-16 06:25:04.297758,Toronto-81f9,44,94,Normal
2026-02-16 06:25:05.297758,Toronto-81f9,29,49,Normal
2026-02-16 06:25:06.297758,Toronto-81f9,6,78,Normal
2026-02-16 06:25:07.297758,Toronto-81f9,-25,26,Normal
2026-02-16 06:25:08.297758,Toronto-81f9,-11,43,Normal
2026-02-16 06:25:09.297758,Toronto-81f9,-11,41,Normal
2026-02-16 06:25:10.297758,Toronto-81f9,38,13,Normal
2026-02-16 06:25:11.297758,Toronto-81f9,-21,30,Normal
2026-02-16 06:25:12.297758,Toronto-81f9,9,61,Normal
2026-02-16 06:25:13.297758,Toronto-81f9,49,49,Normal
2026-02-16 06:25:14.297758,Toronto-81f9,20,36,Normal
2026-02-16 06:25:15.297758,Toronto-81f9,-23,12,Normal
2026-02-16 06:25:16.297758,Toronto-81f9,43,6,Normal
2026-02-16 06:25:17.297758,Toronto-81f9,-24,39,Normal
2026-02-16 06:25:18.297758,Toronto-81f9,10,54,Normal
2026-02-16 06:25:19.297758,Toronto-81f9,-14,5,Normal
2026-02-16 06:25:20.297758,Toronto-81f9,-9,0,Normal
2026-02-16 06:25:21.297758,Toronto-81f9,17,61,Normal
2026-02-16 06:25:22.297758,Toronto-81f9,20,84,Normal
2026-02-16 06:25:23.297758,Toronto-81f9,7,60,Normal
2026-02-16 06:25:24.297758,Toronto-81f9,41,29,Normal
2026-02-16 06:25:25.297758,Toronto-81f9,35,51,Normal
2026-02-16 06:25:26.297758,Toronto-81f9,48,58,Normal
2026-02-16 06:25:27.297758,Toronto-81f9,35,98,Normal
2026-02-16 06:25:28.297758,Toronto-81f9,-3,99,Normal
2026-02-16 06:25:29.297758,Toronto-81f9,-7,73,Normal
2026-02-16 06:25:30.297758,Toronto-81f9,48,31,Normal
2026-02-16 06:25:31.297758,Toronto-81f9,50,75,Normal
2026-02-16 06:25:32.297758,Toronto-81f9,24,11,Normal
2026-02-16 06:25:33.297758,Toronto-81f9,13,52,Normal
2026-02-16 06:25:34.297758,Toronto-81f9,42,80,Normal
2026-02-16 06:25:35.297758,Toronto-81f9,46,95,Normal
2026-02-16 06:25:36.297758,Toronto-81f9,3,58,Normal
2026-02-16 06:25:37.297758,Toronto-81f9,24,13,Normal
2026-02-16 06:25:38.297758,Toronto-81f9,30,89,Normal
2026-02-16 06:25:39.297758,Toronto-81f9,37,46,Normal
2026-02-16 06:25:40.297758,Toronto-81f9,-27,77,Normal
2026-02-16 06:25:41.297758,Toronto-81f9,2,43,Normal
2026-02-16 06:25:42.297758,Toronto-81f9,12,59,Normal
2026-02-16 06:25:43.297758,Toronto-81f9,13,67,Normal
2026-02-16 06:25:44.297758,Toronto-81f9,-6,54,Normal
2026-02-16 06:25:45.297758,Toronto-81f9,46,38,Normal
2026-02-16 06:25:46.297758,Toronto-81f9,5,89,Normal
2026-02-16 06:25:47.297758,Toronto-81f9,26,71,Normal
2026-02-16 06:25:48.297758,Toronto-81f9,8,23,Normal
2026-02-16 06:25:49.297758,Toronto-81f9,17,23,Normal
2026-02-16 06:25:50.297758,Toronto-81f9,17,82,Normal
2026-02-16 06:25:51.297758,Toronto-81f9,29,12,Normal
2026-02-16 06:25:52.297758,Toronto-81f9,3,67,Normal
2026-02-16 06:25:53.297758,Toronto-81f9,34,99,Normal
2026-02-16 06:25:54.297758,Toronto-81f9,-6,7,Normal
2026-02-16 06:25:55.297758,Toronto-81f9,-18,52,Normal
2026-02-16 06:25:56.297758,Toronto-81f9,-19,30,Normal
2026-02-16 06:25:57.297758,Toronto-81f9,16,6,Normal
2026-02-16 06:25:58.297758,Toronto-81f9,7,69,Normal
2026-02-16 06:25:59.297758,Toronto-81f9,-24,32,Normal
2026-02-16 06:26:00.297758,Toronto-81f9,46,5,Normal
2026-02-16 06:26:01.297758,Toronto-81f9,9,3,Normal
2026-02-16 06:26:02.297758,Toronto-81f9,1,80,Normal
2026-02-16 06:26:03.297758,Toronto-81f9,6,70,Normal
2026-02-16 06:26:04.297758,Toronto-81f9,0,82,Normal
2026-02-16 06:26:05.297758,Toronto-81f9,50,86,Normal
2026-02-16 06:26:06.297758,Toronto-81f9,7,17,Normal
2026-02-16 06:26:07.297758,Toronto-81f9,39,38,Normal
2026-02-16 06:26:08.297758,Toronto-81f9,-8,4,Normal
2026-02-16 06:26:09.297758,Toronto-81f9,1,2,Normal
2026-02-16 06:26:10.297758,Toronto-81f9,-18,70,Normal
2026-02-16 06:26:11.297758,Toronto-81f9,40,15,Normal
2026-02-16 06:26:12.297758,Toronto-81f9,-17,69,Normal
2026-02-16 06:26:13.297758,Toronto-81f9,-1,45,Normal
2026-02-16 06:26:14.297758,Toronto-81f9,-6,27,Normal
2026-02-16 06:26:15.297758,Toronto-81f9,46,34,Normal
2026-02-16 06:26:16.297758,Toronto-81f9,-13,38,Normal
2026-02-16 06:26:17.297758,Toronto-81f9,18,77,Normal
2026-02-16 06:26:18.297758,Toronto-81f9,24,63,Normal
2026-02-16 06:26:19.297758,Toronto-81f9,-1,62,Normal
2026-02-16 06:26:20.297758,Toronto-81f9,-10,37,Normal
2026-02-16 06:26:21.297758,Toronto-81f9,-11,9,Normal
2026-02-16 06:26:22.297758,Toronto-81f9,25,74,Normal
2026-02-16 06:26:23.297758,Toronto-81f9,-23,52,Normal
2026-02-16 06:26:24.297758,Toronto-81f9,16,69,Normal
2026-02-16 06:26:25.297758,Toronto-81f9,18,46,Normal
2026-02-16 06:26:26.297758,Toronto-81f9,-9,7,Normal
2026-02-16 06:26:27.297758,Toronto-81f9,9,66,Normal
2026-02-16 06:26:28.297758,Toronto-81f9,31,6,Normal
2026-02-16 06:26:29.297758,Toronto-81f9,48,35,Normal
2026-02-16 06:26:30.297758,Toronto-81f9,46,64,Normal
2026-02-16 06:26:31.297758,Toronto-81f9,19,68,Normal
2026-02-16 06:26:32.297758,Toronto-81f9,-15,84,Normal
2026-02-16 06:26:33.297758,Toronto-81f9,40,48,Normal
2026-02-16 06:26:34.297758,Toronto-81f9,-7,16,Normal
2026-02-16 06:26:35.297758,Toronto-81f9,14,92,Normal
2026-02-16 06:26:36.297758,Toronto-81f9,15,82,Normal
2026-02-16 06:26:37.297758,Toronto-81f9,23,5,Normal
2026-02-16 06:26:38.297758,Toronto-81f9,13,79,Normal
2026-02-16 06:26:39.297758,Toronto-81f9,-27,18,Normal
2026-02-16 06:26:40.297758,Toronto-81f9,-23,95,Normal
2026-02-16 06:26:41.297758,Toronto-81f9,31,32,Normal
2026-02-16 06:26:42.297758,Toronto-81f9,50,28,Normal
2026-02-16 06:26:43.297758,Toronto-81f9,-11,90,Normal
2026-02-16 06:26:44.297758,Toronto-81f9,-7,65,Normal
2026-02-16 06:26:45.297758,Toronto-81f9,21,51,Normal
2026-02-16 06:26:46.297758,Toronto-81f9,-11,32,Normal
2026-02-16 06:26:47.297758,Toronto-81f9,37,79,Normal
2026-02-16 06:26:48.297758,Toronto-81f9,32,11,Normal
2026-02-16 06:26:49.297758,Toronto-81f9,2,40,Normal
2026-02-16 06:26:50.297758,Toronto-81f9,21,96,Normal
2026-02-16 06:26:51.297758,Toronto-81f9,46,86,Normal
2026-02-16 06:26:52.297758,Toronto-81f9,39,22,Normal
2026-02-16 06:26:53.297758,Toronto-81f9,25,62,Normal
2026-02-16 06:26:54.297758,Toronto-81f9,41,14,Normal
2026-02-16 06:26:55.297758,Toronto-81f9,29,37,Normal
2026-02-16 06:26:56.297758,Toronto-81f9,1,25,Normal
2026-02-16 06:26:57.297758,Toronto-81f9,27,95,Normal
2026-02-16 06:26:58.297758,Toronto-81f9,-24,75,Normal
2026-02-16 06:26:59.297758,Toronto-81f9,0,56,Normal
2026-02-16 06:27:00.297758,Toronto-81f9,26,45,Normal
2026-02-16 06:27:01.297758,Toronto-81f9,8,87,Normal
2026-02-16 06:27:02.297758,Toronto-81f9,4,70,Normal
2026-02-16 06:27:03.297758,Toronto-81f9,-2,11,Normal
2026-02-16 06:27:04.297758,Toronto-81f9,19,65,Normal
2026-02-16 06:27:05.297758,Toronto-81f9,45,35,Normal
2026-02-16 06:27:06.297758,Toronto-81f9,46,37,Normal
2026-02-16 06:27:07.297758,Toronto-81f9,48,67,Normal
2026-02-16 06:27:08.297758,Toronto-81f9,-28,3,Normal
2026-02-16 06:27:09.297758,Toronto-81f9,-9,67,Normal
2026-02-16 06:27:10.297758,Toronto-81f9,48,3,Normal
2026-02-16 06:27:11.297758,Toronto-81f9,30,42,Normal
2026-02-16 06:27:12.297758,Toronto-81f9,43,53,Normal
2026-02-16 06:27:13.297758,Toronto-81f9,26,0,Normal
2026-02-16 06:27:14.297758,Toronto-81f9,19,94,Normal
2026-02-16 06:27:15.297758,Toronto-81f9,-14,4,Normal
2026-02-16 06:27:16.297758,Toronto-81f9,36,39,Normal
2026-02-16 06:27:17.297758,Toronto-81f9,15,15,Normal
2026-02-16 06:27:18.297758,Toronto-81f9,14,13,Normal
2026-02-16 06:27:19.297758,Toronto-81f9,-8,50,Normal
2026-02-16 06:27:20.297758,Toronto-81f9,19,73,Normal
2026-02-16 06:27:21.297758,Toronto-81f9,-28,54,Normal
2026-02-16 06:27:22.297758,Toronto-81f9,-15,37,Normal
2026-02-16 06:27:23.297758,Toronto-81f9,-27,72,Normal
2026-02-16 06:27:24.297758,Toronto-81f9,7,50,Normal
2026-02-16 06:27:25.297758,Toronto-81f9,-3,11,Normal
2026-02-16 06:27:26.297758,Toronto-81f9,-21,98,Normal
2026-02-16 06:27:27.297758,Toronto-81f9,-27,39,Normal
2026-02-16 06:27:28.297758,Toronto-81f9,-11,27,Normal
2026-02-16 06:27:29.297758,Toronto-81f9,50,65,Normal
2026-02-16 06:27:30.297758,Toronto-81f9,11,99,Normal
2026-02-16 06:27:31.297758,Toronto-81f9,15,54,Normal
2026-02-16 06:27:32.297758,Toronto-81f9,1,67,Normal
2026-02-16 06:27:33.297758,Toronto-81f9,-12,77,Normal
2026-02-16 06:27:34.297758,Toronto-81f9,49,7,Normal
2026-02-16 06:27:35.297758,Toronto-81f9,4,77,Normal
2026-02-16 06:27:36.297758,Toronto-81f9,41,62,Normal
2026-02-16 06:27:37.297758,Toronto-81f9,-30,13,Normal
2026-02-16 06:27:38.297758,Toronto-81f9,14,42,Normal
2026-02-16 06:27:39.297758,Toronto-81f9,-28,99,Normal
2026-02-16 06:27:40.297758,Toronto-81f9,15,94,Normal
2026-02-16 06:27:41.297758,Toronto-81f9,25,100,Normal
2026-02-16 06:27:42.297758,Toronto-81f9,-25,79,Normal
2026-02-16 06:27:43.297758,Toronto-81f9,42,24,Normal
2026-02-16 06:27:44.297758,Toronto-81f9,-9,22,Normal
2026-02-16 06:27:45.297758,Toronto-81f9,39,63,Normal
2026-02-16 06:27:46.297758,Toronto-81f9,7,19,Normal
2026-02-16 06:27:47.297758,Toronto-81f9,-16,58,Normal
2026-02-16 06:27:48.297758,Toronto-81f9,5,67,Normal
2026-02-16 06:27:49.297758,Toronto-81f9,8,69,Normal
2026-02-16 06:27:50.297758,Toronto-81f9,-10,34,Normal
2026-02-16 06:27:51.297758,Toronto-81f9,-30,12,Normal
2026-02-16 06:27:52.297758,Toronto-81f9,15,34,Normal
2026-02-16 06:27:53.297758,Toronto-81f9,47,78,Normal
2026-02-16 06:27:54.297758,Toronto-81f9,-5,37,Normal
2026-02-16 06:27:55.297758,Toronto-81f9,19,31,Normal
2026-02-16 06:27:56.297758,Toronto-81f9,16,11,Normal
2026-02-16 06:27:57.297758,Toronto-81f9,-18,30,Normal
2026-02-16 06:27:58.297758,Toronto-81f9,21,61,Normal
2026-02-16 06:27:59.297758,Toronto-81f9,21,6,Normal
2026-02-16 06:28:00.297758,Toronto-81f9,-21,39,Normal
2026-02-16 06:28:01.297758,Toronto-81f9,-1,21,Normal
2026-02-16 06:28:02.297758,Toronto-81f9,38,83,Normal
2026-02-16 06:28:03.297758,Toronto-81f9,18,53,Normal
2026-02-16 06:28:04.297758,Toronto-81f9,28,63,Normal
2026-02-16 06:28:05.297758,Toronto-81f9,-23,74,Normal
2026-02-16 06:28:06.297758,Toronto-81f9,-30,100,Normal
2026-02-16 06:28:07.297758,Toronto-81f9,13,4,Normal
2026-02-16 06:28:08.297758,Toronto-81f9,3,98,Normal
2026-02-16 06:28:09.297758,Toronto-81f9,29,85,Normal
2026-02-16 06:28:10.297758,Toronto-81f9,5,66,Normal
2026-02-16 06:28:11.297758,Toronto-81f9,41,87,Normal
2026-02-16 06:28:12.297758,Toronto-81f9,11,55,Normal
2026-02-16 06:28:13.297758,Toronto-81f9,-4,18,Normal
2026-02-16 06:28:14.297758,Toronto-81f9,-2,40,Normal
2026-02-16 06:28:15.297758,Toronto-81f9,-7,65,Normal
2026-02-16 06:28:16.297758,Toronto-81f9,13,11,Normal
2026-02-16 06:28:17.297758,Toronto-81f9,10,97,Normal
2026-02-16 06:28:18.297758,Toronto-81f9,-10,71,Normal
2026-02-16 06:28:19.297758,Toronto-81f9,-26,35,Normal
2026-02-16 06:28:20.297758,Toronto-81f9,28,32,Normal
2026-02-16 06:28:21.297758,Toronto-81f9,31,49,Normal
2026-02-16 06:28:22.297758,Toronto-81f9,42,58,Normal
2026-02-16 06:28:23.297758,Toronto-81f9,-25,98,Normal
2026-02-16 06:28:24.297758,Toronto-81f9,19,77,Normal
2026-02-16 06:28:25.297758,Toronto-81f9,-27,8,Normal
2026-02-16 06:28:26.297758,Toronto-81f9,18,79,Normal
2026-02-16 06:28:27.297758,Toronto-81f9,31,89,Normal
2026-02-16 06:28:28.297758,Toronto-81f9,9,98,Normal
2026-02-16 06:28:29.297758,Toronto-81f9,11,60,Normal
2026-02-16 06:28:30.297758,Toronto-81f9,19,67,Normal
2026-02-16 06:28:31.297758,Toronto-81f9,-20,16,Normal
2026-02-16 06:28:32.297758,Toronto-81f9,-10,72,Normal
2026-02-16 06:28:33.297758,Toronto-81f9,1,1,Normal
2026-02-16 06:28:34.297758,Toronto-81f9,10,58,Normal
2026-02-16 06:28:35.297758,Toronto-81f9,-27,47,Normal
2026-02-16 06:28:36.297758,Toronto-81f9,13,49,Normal
2026-02-16 06:28:37.297758,Toronto-81f9,7,74,Normal
2026-02-16 06:28:38.297758,Toronto-81f9,45,31,Normal
2026-02-16 06:28:39.297758,Toronto-81f9,0,59,Normal
2026-02-16 06:28:40.297758,Toronto-81f9,16,91,Normal
2026-02-16 06:28:41.297758,Toronto-81f9,-11,99,Normal
2026-02-16 06:28:42.297758,Toronto-81f9,30,59,Normal
2026-02-16 06:28:43.297758,Toronto-81f9,23,36,Normal
2026-02-16 06:28:44.297758,Toronto-81f9,7,26,Normal
2026-02-16 06:28:45.297758,Toronto-81f9,-22,24,Normal
2026-02-16 06:28:46.297758,Toronto-81f9,1,86,Normal
2026-02-16 06:28:47.297758,Toronto-81f9,-6,67,Normal
2026-02-16 06:28:48.297758,Toronto-81f9,-8,68,Normal
2026-02-16 06:28:49.297758,Toronto-81f9,6,82,Normal
2026-02-16 06:28:50.297758,Toronto-81f9,4,22,Normal
2026-02-16 06:28:51.297758,Toronto-81f9,9,93,Normal
2026-02-16 06:28:52.297758,Toronto-81f9,45,95,Normal
2026-02-16 06:28:53.297758,Toronto-81f9,15,33,Normal
2026-02-16 06:28:54.297758,Toronto-81f9,-14,1,Normal
2026-02-16 06:28:55.297758,Toronto-81f9,25,49,Normal
2026-02-16 06:28:56.297758,Toronto-81f9,-27,48,Normal
2026-02-16 06:28:57.297758,Toronto-81f9,-9,50,Normal
2026-02-16 06:28:58.297758,Toronto-81f9,34,93,Normal
2026-02-16 06:28:59.297758,Toronto-81f9,18,18,Normal
2026-02-16 06:29:00.297758,Toronto-81f9,48,90,Normal
2026-02-16 06:29:01.297758,Toronto-81f9,2,99,Normal
2026-02-16 06:29:02.297758,Toronto-81f9,48,31,Normal
2026-02-16 06:29:03.297758,Toronto-81f9,24,8,Normal
2026-02-16 06:29:04.297758,Toronto-81f9,28,75,Normal
2026-02-16 06:29:05.297758,Toronto-81f9,34,48,Normal
2026-02-16 06:29:06.297758,Toronto-81f9,-7,62,Normal
2026-02-16 06:29:07.297758,Toronto-81f9,16,84,Normal
2026-02-16 06:29:08.297758,Toronto-81f9,20,1,Normal
2026-02-16 06:29:09.297758,Toronto-81f9,-5,24,Normal
2026-02-16 06:29:10.297758,Toronto-81f9,19,82,Normal
2026-02-16 06:29:11.297758,Toronto-81f9,-22,59,Normal
2026-02-16 06:29:12.297758,Toronto-81f9,-29,77,Normal
2026-02-16 06:29:13.297758,Toronto-81f9,39,3,Normal
2026-02-16 06:29:14.297758,Toronto-81f9,15,97,Normal
2026-02-16 06:29:15.297758,Toronto-81f9,44,21,Normal
2026-02-16 06:29:16.297758,Toronto-81f9,36,18,Normal
2026-02-16 06:29:17.297758,Toronto-81f9,42,1,Normal
2026-02-16 06:29:18.297758,Toronto-81f9,43,66,Normal
2026-02-16 06:29:19.297758,Toronto-81f9,43,9,Normal
2026-02-16 06:29:20.297758,Toronto-81f9,34,61,Normal
2026-02-16 06:29:21.297758,Toronto-81f9,-17,44,Normal
2026-02-16 06:29:22.297758,Toronto-81f9,33,44,Normal
2026-02-16 06:29:23.297758,Toronto-81f9,29,77,Normal
2026-02-16 06:29:24.297758,Toronto-81f9,6,24,Normal
2026-02-16 06:29:25.297758,Toronto-81f9,40,69,Normal
2026-02-16 06:29:26.297758,Toronto-81f9,-28,45,Normal
2026-02-16 06:29:27.297758,Toronto-81f9,8,19,Normal
2026-02-16 06:29:28.297758,Toronto-81f9,44,14,Normal
2026-02-16 06:29:29.297758,Toronto-81f9,32,43,Normal
2026-02-16 06:29:30.297758,Toronto-81f9,-15,70,Normal
2026-02-16 06:29:31.297758,Toronto-81f9,-26,38,Normal
2026-02-16 06:29:32.297758,Toronto-81f9,12,16,Normal
2026-02-16 06:29:33.297758,Toronto-81f9,-19,82,Normal
2026-02-16 06:29:34.297758,Toronto-81f9,13,3,Normal
2026-02-16 06:29:35.297758,Toronto-81f9,-9,97,Normal
2026-02-16 06:29:36.297758,Toronto-81f9,16,82,Normal
2026-02-16 06:29:37.297758,Toronto-81f9,-28,95,Normal
2026-02-16 06:29:38.297758,Toronto-81f9,-28,42,Normal
2026-02-16 06:29:39.297758,Toronto-81f9,45,75,Normal
2026-02-16 06:29:40.297758,Toronto-81f9,20,63,Normal
2026-02-16 06:29:41.297758,Toronto-81f9,-12,34,Normal
2026-02-16 06:29:42.297758,Toronto-81f9,39,75,Normal
2026-02-16 06:29:43.297758,Toronto-81f9,28,74,Normal
2026-02-16 06:29:44.297758,Toronto-81f9,47,36,Normal
2026-02-16 06:29:45.297758,Toronto-81f9,-1,36,Normal
2026-02-16 06:29:46.297758,Toronto-81f9,-29,98,Normal
2026-02-16 06:29:47.297758,Toronto-81f9,47,20,Normal
2026-02-16 06:29:48.297758,Toronto-81f9,-7,25,Normal
2026-02-16 06:29:49.297758,Toronto-81f9,9,35,Normal
2026-02-16 06:29:50.297758,Toronto-81f9,31,73,Normal
2026-02-16 06:29:51.297758,Toronto-81f9,47,32,Normal
2026-02-16 06:29:52.297758,Toronto-81f9,-2,44,Normal
2026-02-16 06:29:53.297758,Toronto-81f9,30,18,Normal
2026-02-16 06:29:54.297758,Toronto-81f9,33,94,Normal
2026-02-16 06:29:55.297758,Toronto-81f9,-10,25,Normal
2026-02-16 06:29:56.297758,Toronto-81f9,23,11,Normal
2026-02-16 06:29:57.297758,Toronto-81f9,13,1,Normal
2026-02-16 06:29:58.297758,Toronto-81f9,34,68,Normal
2026-02-16 06:29:59.297758,Toronto-81f9,-23,73,Normal
2026-02-16 06:30:00.297758,Toronto-81f9,8,58,Normal
2026-02-16 06:30:01.297758,Toronto-81f9,5,80,Normal
2026-02-16 06:30:02.297758,Toronto-81f9,-15,3,Normal
2026-02-16 06:30:03.297758,Toronto-81f9,25,72,Normal
2026-02-16 06:30:04.297758,Toronto-81f9,1,66,Normal
2026-02-16 06:30:05.297758,Toronto-81f9,11,85,Normal
2026-02-16 06:30:06.297758,Toronto-81f9,43,7,Normal
2026-02-16 06:30:07.297758,Toronto-81f9,-4,7,Normal
2026-02-16 06:30:08.297758,Toronto-81f9,50,35,Normal
2026-02-16 06:30:09.297758,Toronto-81f9,10,72,Normal
2026-02-16 06:30:10.297758,Toronto-81f9,44,87,Normal
2026-02-16 06:30:11.297758,Toronto-81f9,-30,32,Normal
2026-02-16 06:30:12.297758,Toronto-81f9,-5,9,Normal
2026-02-16 06:30:13.297758,Toronto-81f9,39,15,Normal
2026-02-16 06:30:14.297758,Toronto-81f9,43,90,Normal
2026-02-16 06:30:15.297758,Toronto-81f9,0,55,Normal
2026-02-16 06:30:16.297758,Toronto-81f9,36,1,Normal
2026-02-16 06:30:17.297758,Toronto-81f9,-18,12,Normal
2026-02-16 06:30:18.297758,Toronto-81f9,15,40,Normal
2026-02-16 06:30:19.297758,Toronto-81f9,22,77,Normal
2026-02-16 06:30:20.297758,Toronto-81f9,-14,99,Normal
2026-02-16 06:30:21.297758,Toronto-81f9,-5,81,Normal
2026-02-16 06:30:22.297758,Toronto-81f9,36,96,Normal
2026-02-16 06:30:23.297758,Toronto-81f9,8,18,Normal
2026-02-16 06:30:24.297758,Toronto-81f9,48,11,Normal
2026-02-16 06:30:25.297758,Toronto-81f9,-10,54,Normal
2026-02-16 06:30:26.297758,Toronto-81f9,19,53,Normal
2026-02-16 06:30:27.297758,Toronto-81f9,42,31,Normal
2026-02-16 06:30:28.297758,Toronto-81f9,11,21,Normal
2026-02-16 06:30:29.297758,Toronto-81f9,33,30,Normal
2026-02-16 06:30:30.297758,Toronto-81f9,47,35,Normal
2026-02-16 06:30:31.297758,Toronto-81f9,-1,96,Normal
2026-02-16 06:30:32.297758,Toronto-81f9,-29,23,Normal
2026-02-16 06:30:33.297758,Toronto-81f9,-16,96,Normal
2026-02-16 06:30:34.297758,Toronto-81f9,11,77,Normal
2026-02-16 06:30:35.297758,Toronto-81f9,-6,3,Normal
2026-02-16 06:30:36.297758,Toronto-81f9,41,28,Normal
2026-02-16 06:30:37.297758,Toronto-81f9,-3,69,Normal
2026-02-16 06:30:38.297758,Toronto-81f9,29,85,Normal
2026-02-16 06:30:39.297758,Toronto-81f9,-17,42,Normal
2026-02-16 06:30:40.297758,Toronto-81f9,-13,23,Normal
2026-02-16 06:30:41.297758,Toronto-81f9,-17,83,Normal
2026-02-16 06:30:42.297758,Toronto-81f9,21,16,Normal
2026-02-16 06:30:43.297758,Toronto-81f9,-15,8,Normal
2026-02-16 06:30:44.297758,Toronto-81f9,22,59,Normal
2026-02-16 06:30:45.297758,Toronto-81f9,-19,47,Normal
2026-02-16 06:30:46.297758,Toronto-81f9,15,30,Normal
2026-02-16 06:30:47.297758,Toronto-81f9,23,98,Normal
2026-02-16 06:30:48.297758,Toronto-81f9,9,67,Normal
2026-02-16 06:30:49.297758,Toronto-81f9,34,6,Normal
2026-02-16 06:30:50.297758,Toronto-81f9,-11,7,Normal
2026-02-16 06:30:51.297758,Toronto-81f9,-6,61,Normal
2026-02-16 06:30:52.297758,Toronto-81f9,35,18,Normal
2026-02-16 06:30:53.297758,Toronto-81f9,25,85,Normal
2026-02-16 06:30:54.297758,Toronto-81f9,-10,36,Normal
2026-02-16 06:30:55.297758,Toronto-81f9,3,29,Normal
2026-02-16 06:30:56.297758,Toronto-81f9,-1,53,Normal
2026-02-16 06:30:57.297758,Toronto-81f9,26,2,Normal
2026-02-16 06:30:58.297758,Toronto-81f9,25,64,Normal
2026-02-16 06:30:59.297758,Toronto-81f9,48,91,Normal
2026-02-16 06:31:00.297758,Toronto-81f9,-19,10,Normal
2026-02-16 06:31:01.297758,Toronto-81f9,14,54,Normal
2026-02-16 06:31:02.297758,Toronto-81f9,22,73,Normal
2026-02-16 06:31:03.297758,Toronto-81f9,0,100,Normal
2026-02-16 06:31:04.297758,Toronto-81f9,43,72,Normal
2026-02-16 06:31:05.297758,Toronto-81f9,-10,84,Normal
2026-02-16 06:31:06.297758,Toronto-81f9,27,5,Normal
2026-02-16 06:31:07.297758,Toronto-81f9,31,77,Normal
2026-02-16 06:31:08.297758,Toronto-81f9,12,72,Normal
2026-02-16 06:31:09.297758,Toronto-81f9,-16,34,Normal
2026-02-16 06:31:10.297758,Toronto-81f9,-13,22,Normal
2026-02-16 06:31:11.297758,Toronto-81f9,-17,22,Normal
2026-02-16 06:31:12.297758,Toronto-81f9,-11,17,Normal
2026-02-16 06:31:13.297758,Toronto-81f9,29,77,Normal
2026-02-16 06:31:14.297758,Toronto-81f9,35,11,Normal
2026-02-16 06:31:15.297758,Toronto-81f9,-23,84,Normal
2026-02-16 06:31:16.297758,Toronto-81f9,14,44,Normal
2026-02-16 06:31:17.297758,Toronto-81f9,-20,12,Normal
2026-02-16 06:31:18.297758,Toronto-81f9,9,67,Normal
2026-02-16 06:31:19.297758,Toronto-81f9,25,42,Normal
2026-02-16 06:31:20.297758,Toronto-81f9,43,78,Normal
2026-02-16 06:31:21.297758,Toronto-81f9,-5,17,Normal
2026-02-16 06:31:22.297758,Toronto-81f9,11,27,Normal
2026-02-16 06:31:23.297758,Toronto-81f9,10,60,Normal
2026-02-16 06:31:24.297758,Toronto-81f9,13,75,Normal
2026-02-16 06:31:25.297758,Toronto-81f9,21,86,Normal
2026-02-16 06:31:26.297758,Toronto-81f9,-30,40,Normal
2026-02-16 06:31:27.297758,Toronto-81f9,-17,27,Normal
2026-02-16 06:31:28.297758,Toronto-81f9,18,2,Normal
2026-02-16 06:31:29.297758,Toronto-81f9,-21,11,Normal
2026-02-16 06:31:30.297758,Toronto-81f9,-7,89,Normal
2026-02-16 06:31:31.297758,Toronto-81f9,26,20,Normal
2026-02-16 06:31:32.297758,Toronto-81f9,29,44,Normal
2026-02-16 06:31:33.297758,Toronto-81f9,32,82,Normal
2026-02-16 06:31:34.297758,Toronto-81f9,-11,92,Normal
2026-02-16 06:31:35.297758,Toronto-81f9,-22,63,Normal
2026-02-16 06:31:36.297758,Toronto-81f9,2,79,Normal
2026-02-16 06:31:37.297758,Toronto-81f9,37,36,Normal
2026-02-16 06:31:38.297758,Toronto-81f9,8,55,Normal
2026-02-16 06:31:39.297758,Toronto-81f9,2,88,Normal
2026-02-16 06:31:40.297758,Toronto-81f9,-19,49,Normal
2026-02-16 06:31:41.297758,Toronto-81f9,23,84,Normal
2026-02-16 06:31:42.297758,Toronto-81f9,6,82,Normal
2026-02-16 06:31:43.297758,Toronto-81f9,-20,51,Normal
2026-02-16 06:31:44.297758,Toronto-81f9,-30,58,Normal
2026-02-16 06:31:45.297758,Toronto-81f9,-28,82,Normal
2026-02-16 06:31:46.297758,Toronto-81f9,-15,93,Normal
2026-02-16 06:31:47.297758,Toronto-81f9,48,53,Normal
2026-02-16 06:31:48.297758,Toronto-81f9,-16,34,Normal
2026-02-16 06:31:49.297758,Toronto-81f9,6,11,Normal
2026-02-16 06:31:50.297758,Toronto-81f9,-21,4,Normal
2026-02-16 06:31:51.297758,Toronto-81f9,-4,29,Normal
2026-02-16 06:31:52.297758,Toronto-81f9,-27,99,Normal
2026-02-16 06:31:53.297758,Toronto-81f9,-9,100,Normal
2026-02-16 06:31:54.297758,Toronto-81f9,-6,99,Normal
2026-02-16 06:31:55.297758,Toronto-81f9,19,30,Normal
2026-02-16 06:31:56.297758,Toronto-81f9,11,44,Normal
2026-02-16 06:31:57.297758,Toronto-81f9,-6,75,Normal
2026-02-16 06:31:58.297758,Toronto-81f9,-14,98,Normal
2026-02-16 06:31:59.297758,Toronto-81f9,0,7,Normal
2026-02-16 06:32:00.297758,Toronto-81f9,15,11,Normal
2026-02-16 06:32:01.297758,Toronto-81f9,33,38,Normal
2026-02-16 06:32:02.297758,Toronto-81f9,19,29,Normal
2026-02-16 06:32:03.297758,Toronto-81f9,1,96,Normal
2026-02-16 06:32:04.297758,Toronto-81f9,30,11,Normal
2026-02-16 06:32:05.297758,Toronto-81f9,12,36,Normal
2026-02-16 06:32:06.297758,Toronto-81f9,10,30,Normal
2026-02-16 06:32:07.297758,Toronto-81f9,5,65,Normal
2026-02-16 06:32:08.297758,Toronto-81f9,-4,88,Normal
2026-02-16 06:32:09.297758,Toronto-81f9,-28,48,Normal
2026-02-16 06:32:10.297758,Toronto-81f9,38,12,Normal
2026-02-16 06:32:11.297758,Toronto-81f9,-16,34,Normal
2026-02-16 06:32:12.297758,Toronto-81f9,49,9,Normal
2026-02-16 06:32:13.297758,Toronto-81f9,46,40,Normal
2026-02-16 06:32:14.297758,Toronto-81f9,-25,54,Normal
2026-02-16 06:32:15.297758,Toronto-81f9,27,8,Normal
2026-02-16 06:32:16.297758,Toronto-81f9,44,26,Normal
2026-02-16 06:32:17.297758,Toronto-81f9,-21,49,Normal
2026-02-16 06:32:18.297758,Toronto-81f9,-10,61,Normal
2026-02-16 06:32:19.297758,Toronto-81f9,12,51,Normal
2026-02-16 06:32:20.297758,Toronto-81f9,44,9,Normal
2026-02-16 06:32:21.297758,Toronto-81f9,44,54,Normal
2026-02-16 06:32:22.297758,Toronto-81f9,45,18,Normal
2026-02-16 06:32:23.297758,Toronto-81f9,44,83,Normal
2026-02-16 06:32:24.297758,Toronto-81f9,46,83,Normal
2026-02-16 06:32:25.297758,Toronto-81f9,33,61,Normal
2026-02-16 06:32:26.297758,Toronto-81f9,-3,49,Normal
2026-02-16 06:32:27.297758,Toronto-81f9,-7,75,Normal
2026-02-16 06:32:28.297758,Toronto-81f9,3,64,Normal
2026-02-16 06:32:29.297758,Toronto-81f9,47,32,Normal
2026-02-16 06:32:30.297758,Toronto-81f9,-22,40,Normal
2026-02-16 06:32:31.297758,Toronto-81f9,47,71,Normal
2026-02-16 06:32:32.297758,Toronto-81f9,50,17,Normal
2026-02-16 06:32:33.297758,Toronto-81f9,4,33,Normal
2026-02-16 06:32:34.297758,Toronto-81f9,7,26,Normal
2026-02-16 06:32:35.297758,Toronto-81f9,-8,36,Normal
2026-02-16 06:32:36.297758,Toronto-81f9,45,19,Normal
2026-02-16 06:32:37.297758,Toronto-81f9,-15,5,Normal
2026-02-16 06:32:38.297758,Toronto-81f9,-7,38,Normal
2026-02-16 06:32:39.297758,Toronto-81f9,3,79,Normal
2026-02-16 06:32:40.297758,Toronto-81f9,-21,7,Normal
2026-02-16 06:32:41.297758,Toronto-81f9,-23,33,Normal
2026-02-16 06:32:42.297758,Toronto-81f9,-16,7,Normal
2026-02-16 06:32:43.297758,Toronto-81f9,-11,75,Normal
2026-02-16 06:32:44.297758,Toronto-81f9,-6,51,Normal
2026-02-16 06:32:45.297758,Toronto-81f9,15,100,Normal
2026-02-16 06:32:46.297758,Toronto-81f9,39,81,Normal
2026-02-16 06:32:47.297758,Toronto-81f9,28,3,Normal
2026-02-16 06:32:48.297758,Toronto-81f9,-12,57,Normal
2026-02-16 06:32:49.297758,Toronto-81f9,-7,55,Normal
2026-02-16 06:32:50.297758,Toronto-81f9,9,46,Normal
2026-02-16 06:32:51.297758,Toronto-81f9,48,100,Normal
2026-02-16 06:32:52.297758,Toronto-81f9,-8,4,Normal
2026-02-16 06:32:53.297758,Toronto-81f9,-11,64,Normal
2026-02-16 06:32:54.297758,Toronto-81f9,11,36,Normal
2026-02-16 06:32:55.297758,Toronto-81f9,-20,19,Normal
2026-02-16 06:32:56.297758,Toronto-81f9,47,95,Normal
2026-02-16 06:32:57.297758,Toronto-81f9,-13,80,Normal
2026-02-16 06:32:58.297758,Toronto-81f9,-10,100,Normal
2026-02-16 06:32:59.297758,Toronto-81f9,-19,99,Normal
2026-02-16 06:33:00.297758,Toronto-81f9,-14,71,Normal
2026-02-16 06:33:01.297758,Toronto-81f9,22,1,Normal
2026-02-16 06:33:02.297758,Toronto-81f9,-21,81,Normal
2026-02-16 06:33:03.297758,Toronto-81f9,29,58,Normal
2026-02-16 06:33:04.297758,Toronto-81f9,21,91,Normal
2026-02-16 06:33:05.297758,Toronto-81f9,-29,20,Normal
2026-02-16 06:33:06.297758,Toronto-81f9,32,27,Normal
2026-02-16 06:33:07.297758,Toronto-81f9,44,79,Normal
2026-02-16 06:33:08.297758,Toronto-81f9,-11,34,Normal
2026-02-16 06:33:09.297758,Toronto-81f9,41,44,Normal
2026-02-16 06:33:10.297758,Toronto-81f9,28,77,Normal
2026-02-16 06:33:11.297758,Toronto-81f9,-10,14,Normal
2026-02-16 06:33:12.297758,Toronto-81f9,26,83,Normal
2026-02-16 06:33:13.297758,Toronto-81f9,-4,46,Normal
2026-02-16 06:33:14.297758,Toronto-81f9,-21,1,Normal
2026-02-16 06:33:15.297758,Toronto-81f9,25,84,Normal
2026-02-16 06:33:16.297758,Toronto-81f9,-12,70,Normal
2026-02-16 06:33:17.297758,Toronto-81f9,42,33,Normal
2026-02-16 06:33:18.297758,Toronto-81f9,46,10,Normal
2026-02-16 06:33:19.297758,Toronto-81f9,-20,22,Normal
2026-02-16 06:33:20.297758,Toronto-81f9,48,66,Normal
2026-02-16 06:33:21.297758,Toronto-81f9,12,48,Normal
2026-02-16 06:33:22.297758,Toronto-81f9,25,15,Normal
2026-02-16 06:33:23.297758,Toronto-81f9,22,81,Normal
2026-02-16 06:33:24.297758,Toronto-81f9,22,34,Normal
2026-02-16 06:33:25.297758,Toronto-81f9,-24,95,Normal
2026-02-16 06:33:26.297758,Toronto-81f9,45,29,Normal
2026-02-16 06:33:27.297758,Toronto-81f9,42,47,Normal
2026-02-16 06:33:28.297758,Toronto-81f9,11,66,Normal
2026-02-16 06:33:29.297758,Toronto-81f9,33,45,Normal
2026-02-16 06:33:30.297758,Toronto-81f9,-22,84,Normal
2026-02-16 06:33:31.297758,Toronto-81f9,19,7,Normal
2026-02-16 06:33:32.297758,Toronto-81f9,-17,11,Normal
2026-02-16 06:33:33.297758,Toronto-81f9,43,80,Normal
2026-02-16 06:33:34.297758,Toronto-81f9,-19,62,Normal
2026-02-16 06:33:35.297758,Toronto-81f9,31,82,Normal
2026-02-16 06:33:36.297758,Toronto-81f9,48,48,Normal
2026-02-16 06:33:37.297758,Toronto-81f9,45,46,Normal
2026-02-16 06:33:38.297758,Toronto-81f9,-7,62,Normal
2026-02-16 06:33:39.297758,Toronto-81f9,23,62,Normal
2026-02-16 06:33:40.297758,Toronto-81f9,-13,36,Normal
2026-02-16 06:33:41.297758,Toronto-81f9,2,98,Normal
2026-02-16 06:33:42.297758,Toronto-81f9,29,99,Normal
2026-02-16 06:33:43.297758,Toronto-81f9,-29,54,Normal
2026-02-16 06:33:44.297758,Toronto-81f9,-9,87,Normal
2026-02-16 06:33:45.297758,Toronto-81f9,24,82,Normal
2026-02-16 06:33:46.297758,Toronto-81f9,29,93,Normal
2026-02-16 06:33:47.297758,Toronto-81f9,-16,18,Normal
2026-02-16 06:33:48.297758,Toronto-81f9,-24,74,Normal
2026-02-16 06:33:49.297758,Toronto-81f9,1,31,Normal
2026-02-16 06:33:50.297758,Toronto-81f9,39,53,Normal
2026-02-16 06:33:51.297758,Toronto-81f9,30,81,Normal
2026-02-16 06:33:52.297758,Toronto-81f9,-24,51,Normal
2026-02-16 06:33:53.297758,Toronto-81f9,25,35,Normal
2026-02-16 06:33:54.297758,Toronto-81f9,1,73,Normal
2026-02-16 06:33:55.297758,Toronto-81f9,24,48,Normal
2026-02-16 06:33:56.297758,Toronto-81f9,-17,89,Normal
2026-02-16 06:33:57.297758,Toronto-81f9,33,80,Normal
2026-02-16 06:33:58.297758,Toronto-81f9,-6,23,Normal
2026-02-16 06:33:59.297758,Toronto-81f9,41,14,Normal
2026-02-16 06:34:00.297758,Toronto-81f9,34,1,Normal
2026-02-16 06:34:01.297758,Toronto-81f9,42,78,Normal
2026-02-16 06:34:02.297758,Toronto-81f9,-11,20,Normal
2026-02-16 06:34:03.297758,Toronto-81f9,17,10,Normal
2026-02-16 06:34:04.297758,Toronto-81f9,19,84,Normal
2026-02-16 06:34:05.297758,Toronto-81f9,23,53,Normal
2026-02-16 06:34:06.297758,Toronto-81f9,-15,56,Normal
2026-02-16 06:34:07.297758,Toronto-81f9,33,58,Normal
2026-02-16 06:34:08.297758,Toronto-81f9,32,4,Normal
2026-02-16 06:34:09.297758,Toronto-81f9,30,30,Normal
2026-02-16 06:34:10.297758,Toronto-81f9,-28,35,Normal
2026-02-16 06:34:11.297758,Toronto-81f9,17,92,Normal
2026-02-16 06:34:12.297758,Toronto-81f9,38,52,Normal
2026-02-16 06:34:13.297758,Toronto-81f9,42,94,Normal
2026-02-16 06:34:14.297758,Toronto-81f9,13,12,Normal
2026-02-16 06:34:15.297758,Toronto-81f9,-8,12,Normal
2026-02-16 06:34:16.297758,Toronto-81f9,-27,6,Normal
2026-02-16 06:34:17.297758,Toronto-81f9,40,57,Normal
2026-02-16 06:34:18.297758,Toronto-81f9,40,95,Normal
2026-02-16 06:34:19.297758,Toronto-81f9,49,14,Normal
2026-02-16 06:34:20.297758,Toronto-81f9,-5,67,Normal
2026-02-16 06:34:21.297758,Toronto-81f9,9,25,Normal
2026-02-16 06:34:22.297758,Toronto-81f9,-21,60,Normal
2026-02-16 06:34:23.297758,Toronto-81f9,25,69,Normal
2026-02-16 06:34:24.297758,Toronto-81f9,8,54,Normal
2026-02-16 06:34:25.297758,Toronto-81f9,36,42,Normal
2026-02-16 06:34:26.297758,Toronto-81f9,-30,13,Normal
2026-02-16 06:34:27.297758,Toronto-81f9,36,5,Normal
2026-02-16 06:34:28.297758,Toronto-81f9,-30,95,Normal
2026-02-16 06:34:29.297758,Toronto-81f9,41,75,Normal
2026-02-16 06:34:30.297758,Toronto-81f9,43,9,Normal
2026-02-16 06:34:31.297758,Toronto-81f9,-16,9,Normal
2026-02-16 06:34:32.297758,Toronto-81f9,33,71,Normal
2026-02-16 06:34:33.297758,Toronto-81f9,-29,40,Normal
2026-02-16 06:34:34.297758,Toronto-81f9,-11,98,Normal
2026-02-16 06:34:35.297758,Toronto-81f9,27,33,Normal
2026-02-16 06:34:36.297758,Toronto-81f9,-19,68,Normal
2026-02-16 06:34:37.297758,Toronto-81f9,49,35,Normal
2026-02-16 06:34:38.297758,Toronto-81f9,19,40,Normal
2026-02-16 06:34:39.297758,Toronto-81f9,-2,85,Normal
2026-02-16 06:34:40.297758,Toronto-81f9,15,90,Normal
2026-02-16 06:34:41.297758,Toronto-81f9,-2,98,Normal
2026-02-16 06:34:42.297758,Toronto-81f9,43,93,Normal
2026-02-16 06:34:43.297758,Toronto-81f9,32,84,Normal
2026-02-16 06:34:44.297758,Toronto-81f9,-9,99,Normal
2026-02-16 06:34:45.297758,Toronto-81f9,-23,70,Normal
2026-02-16 06:34:46.297758,Toronto-81f9,-22,74,Normal
2026-02-16 06:34:47.297758,Toronto-81f9,-19,48,Normal
2026-02-16 06:34:48.297758,Toronto-81f9,39,76,Normal
2026-02-16 06:34:49.297758,Toronto-81f9,8,53,Normal
2026-02-16 06:34:50.297758,Toronto-81f9,34,97,Normal
2026-02-16 06:34:51.297758,Toronto-81f9,26,16,Normal
2026-02-16 06:34:52.297758,Toronto-81f9,10,29,Normal
2026-02-16 06:34:53.297758,Toronto-81f9,3,83,Normal
2026-02-16 06:34:54.297758,Toronto-81f9,-5,37,Normal
2026-02-16 06:34:55.297758,Toronto-81f9,5,70,Normal
2026-02-16 06:34:56.297758,Toronto-81f9,8,13,Normal
2026-02-16 06:34:57.297758,Toronto-81f9,21,87,Normal
2026-02-16 06:34:58.297758,Toronto-81f9,27,96,Normal
2026-02-16 06:34:59.297758,Toronto-81f9,7,39,Normal
2026-02-16 06:35:00.297758,Toronto-81f9,-26,63,Normal
2026-02-16 06:35:01.297758,Toronto-81f9,-30,34,Normal
2026-02-16 06:35:02.297758,Toronto-81f9,-18,7,Normal
2026-02-16 06:35:03.297758,Toronto-81f9,33,79,Normal
2026-02-16 06:35:04.297758,Toronto-81f9,-17,5,Normal
2026-02-16 06:35:05.297758,Toronto-81f9,-21,72,Normal
2026-02-16 06:35:06.297758,Toronto-81f9,3,89,Normal
2026-02-16 06:35:07.297758,Toronto-81f9,19,33,Normal
2026-02-16 06:35:08.297758,Toronto-81f9,27,94,Normal
2026-02-16 06:35:09.297758,Toronto-81f9,45,16,Normal
2026-02-16 06:35:10.297758,Toronto-81f9,24,37,Normal
2026-02-16 06:35:11.297758,Toronto-81f9,14,91,Normal
2026-02-16 06:35:12.297758,Toronto-81f9,-21,49,Normal
2026-02-16 06:35:13.297758,Toronto-81f9,-30,80,Normal
2026-02-16 06:35:14.297758,Toronto-81f9,2,4,Normal
2026-02-16 06:35:15.297758,Toronto-81f9,42,38,Normal
2026-02-16 06:35:16.297758,Toronto-81f9,-30,83,Normal
2026-02-16 06:35:17.297758,Toronto-81f9,-10,1,Normal
2026-02-16 06:35:18.297758,Toronto-81f9,9,57,Normal
2026-02-16 06:35:19.297758,Toronto-81f9,-3,6,Normal
2026-02-16 06:35:20.297758,Toronto-81f9,-10,76,Normal
2026-02-16 06:35:21.297758,Toronto-81f9,2,6,Normal
2026-02-16 06:35:22.297758,Toronto-81f9,13,90,Normal
2026-02-16 06:35:23.297758,Toronto-81f9,-12,5,Normal
2026-02-16 06:35:24.297758,Toronto-81f9,27,65,Normal
2026-02-16 06:35:25.297758,Toronto-81f9,12,4,Normal
2026-02-16 06:35:26.297758,Toronto-81f9,-3,3,Normal
2026-02-16 06:35:27.297758,Toronto-81f9,-3,51,Normal
2026-02-16 06:35:28.297758,Toronto-81f9,-15,93,Normal
2026-02-16 06:35:29.297758,Toronto-81f9,-15,75,Normal
2026-02-16 06:35:30.297758,Toronto-81f9,18,54,Normal
2026-02-16 06:35:31.297758,Toronto-81f9,21,13,Normal
2026-02-16 06:35:32.297758,Toronto-81f9,-16,28,Normal
2026-02-16 06:35:33.297758,Toronto-81f9,25,69,Normal
2026-02-16 06:35:34.297758,Toronto-81f9,-13,100,Normal
2026-02-16 06:35:35.297758,Toronto-81f9,-26,27,Normal
2026-02-16 06:35:36.297758,Toronto-81f9,-1,83,Normal
2026-02-16 06:35:37.297758,Toronto-81f9,49,5,Normal
2026-02-16 06:35:38.297758,Toronto-81f9,-15,11,Normal
2026-02-16 06:35:39.297758,Toronto-81f9,2,84,Normal
2026-02-16 06:35:40.297758,Toronto-81f9,30,28,Normal
2026-02-16 06:35:41.297758,Toronto-81f9,-29,67,Normal
2026-02-16 06:35:42.297758,Toronto-81f9,13,47,Normal
2026-02-16 06:35:43.297758,Toronto-81f9,32,26,Normal
2026-02-16 06:35:44.297758,Toronto-81f9,15,37,Normal
2026-02-16 06:35:45.297758,Toronto-81f9,5,67,Normal
2026-02-16 06:35:46.297758,Toronto-81f9,-12,77,Normal
2026-02-16 06:35:47.297758,Toronto-81f9,26,77,Normal
2026-02-16 06:35:48.297758,Toronto-81f9,16,34,Normal
2026-02-16 06:35:49.297758,Toronto-81f9,32,85,Normal
2026-02-16 06:35:50.297758,Toronto-81f9,-10,55,Normal
2026-02-16 06:35:51.297758,Toronto-81f9,-2,64,Normal
2026-02-16 06:35:52.297758,Toronto-81f9,28,52,Normal
2026-02-16 06:35:53.297758,Toronto-81f9,-10,67,Normal
2026-02-16 06:35:54.297758,Toronto-81f9,28,91,Normal
2026-02-16 06:35:55.297758,Toronto-81f9,-8,50,Normal
2026-02-16 06:35:56.297758,Toronto-81f9,19,51,Normal
2026-02-16 06:35:57.297758,Toronto-81f9,26,10,Normal
2026-02-16 06:35:58.297758,Toronto-81f9,-25,7,Normal
2026-02-16 06:35:59.297758,Toronto-81f9,20,70,Normal
2026-02-16 06:36:00.297758,Toronto-81f9,-16,79,Normal
2026-02-16 06:36:01.297758,Toronto-81f9,12,52,Normal
2026-02-16 06:36:02.297758,Toronto-81f9,47,17,Normal
2026-02-16 06:36:03.297758,Toronto-81f9,29,17,Normal
2026-02-16 06:36:04.297758,Toronto-81f9,8,37,Normal
2026-02-16 06:36:05.297758,Toronto-81f9,13,34,Normal
2026-02-16 06:36:06.297758,Toronto-81f9,13,92,Normal
2026-02-16 06:36:07.297758,Toronto-81f9,41,99,Normal
2026-02-16 06:36:08.297758,Toronto-81f9,-8,53,Normal
2026-02-16 06:36:09.297758,Toronto-81f9,31,21,Normal
2026-02-16 06:36:10.297758,Toronto-81f9,5,98,Normal
2026-02-16 06:36:11.297758,Toronto-81f9,32,28,Normal
2026-02-16 06:36:12.297758,Toronto-81f9,32,30,Normal
2026-02-16 06:36:13.297758,Toronto-81f9,33,84,Normal
2026-02-16 06:36:14.297758,Toronto-81f9,-8,53,Normal
2026-02-16 06:36:15.297758,Toronto-81f9,-18,22,Normal
2026-02-16 06:36:16.297758,Toronto-81f9,-25,91,Normal
2026-02-16 06:36:17.297758,Toronto-81f9,-1,20,Normal
2026-02-16 06:36:18.297758,Toronto-81f9,-4,89,Normal
2026-02-16 06:36:19.297758,Toronto-81f9,38,20,Normal
2026-02-16 06:36:20.297758,Toronto-81f9,12,18,Normal
2026-02-16 06:36:21.297758,Toronto-81f9,1,2,Normal
2026-02-16 06:36:22.297758,Toronto-81f9,-30,81,Normal
2026-02-16 06:36:23.297758,Toronto-81f9,21,37,Normal
2026-02-16 06:36:24.297758,Toronto-81f9,8,5,Normal
2026-02-16 06:36:25.297758,Toronto-81f9,-3,27,Normal
2026-02-16 06:36:26.297758,Toronto-81f9,30,79,Normal
2026-02-16 06:36:27.297758,Toronto-81f9,9,15,Normal
2026-02-16 06:36:28.297758,Toronto-81f9,-26,26,Normal
2026-02-16 06:36:29.297758,Toronto-81f9,-18,64,Normal
2026-02-16 06:36:30.297758,Toronto-81f9,-3,79,Normal
2026-02-16 06:36:31.297758,Toronto-81f9,10,81,Normal
2026-02-16 06:36:32.297758,Toronto-81f9,27,69,Normal
2026-02-16 06:36:33.297758,Toronto-81f9,21,67,Normal
2026-02-16 06:36:34.297758,Toronto-81f9,39,62,Normal
2026-02-16 06:36:35.297758,Toronto-81f9,3,42,Normal
2026-02-16 06:36:36.297758,Toronto-81f9,16,71,Normal
2026-02-16 06:36:37.297758,Toronto-81f9,-1,60,Normal
2026-02-16 06:36:38.297758,Toronto-81f9,3,13,Normal
2026-02-16 06:36:39.297758,Toronto-81f9,7,16,Normal
2026-02-16 06:36:40.297758,Toronto-81f9,-3,30,Normal
2026-02-16 06:36:41.297758,Toronto-81f9,-17,12,Normal
2026-02-16 06:36:42.297758,Toronto-81f9,-8,20,Normal
2026-02-16 06:36:43.297758,Toronto-81f9,33,26,Normal
2026-02-16 06:36:44.297758,Toronto-81f9,-29,92,Normal
2026-02-16 06:36:45.297758,Toronto-81f9,36,35,Normal
2026-02-16 06:36:46.297758,Toronto-81f9,30,3,Normal
2026-02-16 06:36:47.297758,Toronto-81f9,18,65,Normal
2026-02-16 06:36:48.297758,Toronto-81f9,16,18,Normal
2026-02-16 06:36:49.297758,Toronto-81f9,-1,83,Normal
2026-02-16 06:36:50.297758,Toronto-81f9,-18,73,Normal
2026-02-16 06:36:51.297758,Toronto-81f9,46,18,Normal
2026-02-16 06:36:52.297758,Toronto-81f9,37,72,Normal
2026-02-16 06:36:53.297758,Toronto-81f9,14,6,Normal
2026-02-16 06:36:54.297758,Toronto-81f9,-15,30,Normal
2026-02-16 06:36:55.297758,Toronto-81f9,-27,50,Normal
2026-02-16 06:36:56.297758,Toronto-81f9,-26,34,Normal
2026-02-16 06:36:57.297758,Toronto-81f9,11,81,Normal
2026-02-16 06:36:58.297758,Toronto-81f9,5,6,Normal
2026-02-16 06:36:59.297758,Toronto-81f9,7,95,Normal
2026-02-16 06:37:00.297758,Toronto-81f9,-3,3,Normal
2026-02-16 06:37:01.297758,Toronto-81f9,-23,41,Normal
2026-02-16 06:37:02.297758,Toronto-81f9,12,92,Normal
2026-02-16 06:37:03.297758,Toronto-81f9,-15,20,Normal
2026-02-16 06:37:04.297758,Toronto-81f9,-1,29,Normal
2026-02-16 06:37:05.297758,Toronto-81f9,27,26,Normal
2026-02-16 06:37:06.297758,Toronto-81f9,0,68,Normal
2026-02-16 06:37:07.297758,Toronto-81f9,46,25,Normal
2026-02-16 06:37:08.297758,Toronto-81f9,17,34,Normal
2026-02-16 06:37:09.297758,Toronto-81f9,17,24,Normal
2026-02-16 06:37:10.297758,Toronto-81f9,23,76,Normal
2026-02-16 06:37:11.297758,Toronto-81f9,22,93,Normal
2026-02-16 06:37:12.297758,Toronto-81f9,45,19,Normal
2026-02-16 06:37:13.297758,Toronto-81f9,29,70,Normal
2026-02-16 06:37:14.297758,Toronto-81f9,21,5,Normal
2026-02-16 06:37:15.297758,Toronto-81f9,25,16,Normal
2026-02-16 06:37:16.297758,Toronto-81f9,-8,26,Normal
2026-02-16 06:37:17.297758,Toronto-81f9,-17,25,Normal
2026-02-16 06:37:18.297758,Toronto-81f9,14,70,Normal
2026-02-16 06:37:19.297758,Toronto-81f9,-4,30,Normal
2026-02-16 06:37:20.297758,Toronto-81f9,38,45,Normal
2026-02-16 06:37:21.297758,Toronto-81f9,2,6,Normal
2026-02-16 06:37:22.297758,Toronto-81f9,19,93,Normal
2026-02-16 06:37:23.297758,Toronto-81f9,5,82,Normal
2026-02-16 06:37:24.297758,Toronto-81f9,46,95,Normal
2026-02-16 06:37:25.297758,Toronto-81f9,14,25,Normal
2026-02-16 06:37:26.297758,Toronto-81f9,36,3,Normal
2026-02-16 06:37:27.297758,Toronto-81f9,21,86,Normal
2026-02-16 06:37:28.297758,Toronto-81f9,22,16,Normal
2026-02-16 06:37:29.297758,Toronto-81f9,-11,94,Normal
2026-02-16 06:37:30.297758,Toronto-81f9,-5,86,Normal
2026-02-16 06:37:31.297758,Toronto-81f9,44,47,Normal
2026-02-16 06:37:32.297758,Toronto-81f9,46,28,Normal
2026-02-16 06:37:33.297758,Toronto-81f9,-1,11,Normal
2026-02-16 06:37:34.297758,Toronto-81f9,-24,37,Normal
2026-02-16 06:37:35.297758,Toronto-81f9,-17,28,Normal
2026-02-16 06:37:36.297758,Toronto-81f9,-6,34,Normal
2026-02-16 06:37:37.297758,Toronto-81f9,31,0,Normal
2026-02-16 06:37:38.297758,Toronto-81f9,5,54,Normal
2026-02-16 06:37:39.297758,Toronto-81f9,35,9,Normal
2026-02-16 06:37:40.297758,Toronto-81f9,-13,61,Normal
2026-02-16 06:37:41.297758,Toronto-81f9,8,85,Normal
2026-02-16 06:37:42.297758,Toronto-81f9,12,84,Normal
2026-02-16 06:37:43.297758,Toronto-81f9,-12,36,Normal
2026-02-16 06:37:44.297758,Toronto-81f9,2,65,Normal
2026-02-16 06:37:45.297758,Toronto-81f9,-16,3,Normal
2026-02-16 06:37:46.297758,Toronto-81f9,-5,99,Normal
2026-02-16 06:37:47.297758,Toronto-81f9,49,67,Normal
2026-02-16 06:37:48.297758,Toronto-81f9,-8,75,Normal
2026-02-16 06:37:49.297758,Toronto-81f9,4,32,Normal
2026-02-16 06:37:50.297758,Toronto-81f9,-9,3,Normal
2026-02-16 06:37:51.297758,Toronto-81f9,47,14,Normal
2026-02-16 06:37:52.297758,Toronto-81f9,12,87,Normal
2026-02-16 06:37:53.297758,Toronto-81f9,32,48,Normal
2026-02-16 06:37:54.297758,Toronto-81f9,-21,97,Normal
2026-02-16 06:37:55.297758,Toronto-81f9,0,94,Normal
2026-02-16 06:37:56.297758,Toronto-81f9,24,88,Normal
2026-02-16 06:37:57.297758,Toronto-81f9,41,22,Normal
2026-02-16 06:37:58.297758,Toronto-81f9,12,68,Normal
2026-02-16 06:37:59.297758,Toronto-81f9,-3,28,Normal
2026-02-16 06:38:00.297758,Toronto-81f9,32,10,Normal
2026-02-16 06:38:01.297758,Toronto-81f9,6,22,Normal
2026-02-16 06:38:02.297758,Toronto-81f9,35,44,Normal
2026-02-16 06:38:03.297758,Toronto-81f9,-19,56,Normal
2026-02-16 06:38:04.297758,Toronto-81f9,5,80,Normal
2026-02-16 06:38:05.297758,Toronto-81f9,14,83,Normal
2026-02-16 06:38:06.297758,Toronto-81f9,35,85,Normal
2026-02-16 06:38:07.297758,Toronto-81f9,36,9,Normal
2026-02-16 06:38:08.297758,Toronto-81f9,28,82,Normal
2026-02-16 06:38:09.297758,Toronto-81f9,39,96,Normal
2026-02-16 06:38:10.297758,Toronto-81f9,1,11,Normal
2026-02-16 06:38:11.297758,Toronto-81f9,12,28,Normal
2026-02-16 06:38:12.297758,Toronto-81f9,-12,68,Normal
2026-02-16 06:38:13.297758,Toronto-81f9,4,88,Normal
2026-02-16 06:38:14.297758,Toronto-81f9,-6,94,Normal
2026-02-16 06:38:15.297758,Toronto-81f9,14,9,Normal
2026-02-16 06:38:16.297758,Toronto-81f9,-5,22,Normal
2026-02-16 06:38:17.297758,Toronto-81f9,22,9,Normal
2026-02-16 06:38:18.297758,Toronto-81f9,7,88,Normal
2026-02-16 06:38:19.297758,Toronto-81f9,18,57,Normal
2026-02-16 06:38:20.297758,Toronto-81f9,46,94,Normal
2026-02-16 06:38:21.297758,Toronto-81f9,17,7,Normal
2026-02-16 06:38:22.297758,Toronto-81f9,-26,83,Normal
2026-02-16 06:38:23.297758,Toronto-81f9,43,8,Normal
2026-02-16 06:38:24.297758,Toronto-81f9,31,61,Normal
2026-02-16 06:38:25.297758,Toronto-81f9,-20,85,Normal
2026-02-16 06:38:26.297758,Toronto-81f9,36,28,Normal
2026-02-16 06:38:27.297758,Toronto-81f9,2,12,Normal
2026-02-16 06:38:28.297758,Toronto-81f9,17,26,Normal
2026-02-16 06:38:29.297758,Toronto-81f9,20,1,Normal
2026-02-16 06:38:30.297758,Toronto-81f9,-7,52,Normal
2026-02-16 06:38:31.297758,Toronto-81f9,-30,94,Normal
2026-02-16 06:38:32.297758,Toronto-81f9,-10,89,Normal
2026-02-16 06:38:33.297758,Toronto-81f9,11,37,Normal
2026-02-16 06:38:34.297758,Toronto-81f9,46,83,Normal
2026-02-16 06:38:35.297758,Toronto-81f9,-2,86,Normal
2026-02-16 06:38:36.297758,Toronto-81f9,11,43,Normal
2026-02-16 06:38:37.297758,Toronto-81f9,3,25,Normal
2026-02-16 06:38:38.297758,Toronto-81f9,-26,59,Normal
2026-02-16 06:38:39.297758,Toronto-81f9,-17,26,Normal
2026-02-16 06:38:40.297758,Toronto-81f9,-15,58,Normal
2026-02-16 06:38:41.297758,Toronto-81f9,21,97,Normal
2026-02-16 06:38:42.297758,Toronto-81f9,-27,26,Normal
2026-02-16 06:38:43.297758,Toronto-81f9,-10,71,Normal
2026-02-16 06:38:44.297758,Toronto-81f9,8,40,Normal
2026-02-16 06:38:45.297758,Toronto-81f9,4,2,Normal
2026-02-16 06:38:46.297758,Toronto-81f9,12,78,Normal
2026-02-16 06:38:47.297758,Toronto-81f9,-12,87,Normal
2026-02-16 06:38:48.297758,Toronto-81f9,24,58,Normal
2026-02-16 06:38:49.297758,Toronto-81f9,-20,76,Normal
2026-02-16 06:38:50.297758,Toronto-81f9,24,55,Normal
2026-02-16 06:38:51.297758,Toronto-81f9,38,79,Normal
2026-02-16 06:38:52.297758,Toronto-81f9,-23,45,Normal
2026-02-16 06:38:53.297758,Toronto-81f9,44,64,Normal
2026-02-16 06:38:54.297758,Toronto-81f9,22,52,Normal
2026-02-16 06:38:55.297758,Toronto-81f9,19,34,Normal
2026-02-16 06:38:56.297758,Toronto-81f9,-7,11,Normal
2026-02-16 06:38:57.297758,Toronto-81f9,11,23,Normal
2026-02-16 06:38:58.297758,Toronto-81f9,35,4,Normal
2026-02-16 06:38:59.297758,Toronto-81f9,1,52,Normal
2026-02-16 06:39:00.297758,Toronto-81f9,8,95,Normal
2026-02-16 06:39:01.297758,Toronto-81f9,0,5,Normal
2026-02-16 06:39:02.297758,Toronto-81f9,33,25,Normal
2026-02-16 06:39:03.297758,Toronto-81f9,32,83,Normal
2026-02-16 06:39:04.297758,Toronto-81f9,-12,95,Normal
2026-02-16 06:39:05.297758,Toronto-81f9,15,65,Normal
2026-02-16 06:39:06.297758,Toronto-81f9,11,75,Normal
2026-02-16 06:39:07.297758,Toronto-81f9,30,97,Normal
2026-02-16 06:39:08.297758,Toronto-81f9,41,95,Normal
2026-02-16 06:39:09.297758,Toronto-81f9,-2,88,Normal
2026-02-16 06:39:10.297758,Toronto-81f9,-26,60,Normal
2026-02-16 06:39:11.297758,Toronto-81f9,44,47,Normal
2026-02-16 06:39:12.297758,Toronto-81f9,-12,20,Normal
2026-02-16 06:39:13.297758,Toronto-81f9,5,52,Normal
2026-02-16 06:39:14.297758,Toronto-81f9,9,42,Normal
2026-02-16 06:39:15.297758,Toronto-81f9,32,15,Normal
2026-02-16 06:39:16.297758,Toronto-81f9,-30,53,Normal
2026-02-16 06:39:17.297758,Toronto-81f9,37,54,Normal
2026-02-16 06:39:18.297758,Toronto-81f9,36,92,Normal
2026-02-16 06:39:19.297758,Toronto-81f9,-4,49,Normal
2026-02-16 06:39:20.297758,Toronto-81f9,-19,43,Normal
2026-02-16 06:39:21.297758,Toronto-81f9,-29,65,Normal
2026-02-16 06:39:22.297758,Toronto-81f9,-15,15,Normal
2026-02-16 06:39:23.297758,Toronto-81f9,11,88,Normal
2026-02-16 06:39:24.297758,Toronto-81f9,-29,47,Normal
2026-02-16 06:39:25.297758,Toronto-81f9,-21,52,Normal
2026-02-16 06:39:26.297758,Toronto-81f9,45,51,Normal
2026-02-16 06:39:27.297758,Toronto-81f9,-4,52,Normal
2026-02-16 06:39:28.297758,Toronto-81f9,-15,68,Normal
2026-02-16 06:39:29.297758,Toronto-81f9,8,4,Normal
2026-02-16 06:39:30.297758,Toronto-81f9,19,96,Normal
2026-02-16 06:39:31.297758,Toronto-81f9,33,59,Normal
2026-02-16 06:39:32.297758,Toronto-81f9,-29,95,Normal
2026-02-16 06:39:33.297758,Toronto-81f9,36,59,Normal
2026-02-16 06:39:34.297758,Toronto-81f9,38,61,Normal
2026-02-16 06:39:35.297758,Toronto-81f9,-1,64,Normal
2026-02-16 06:39:36.297758,Toronto-81f9,10,97,Normal
2026-02-16 06:39:37.297758,Toronto-81f9,-23,97,Normal
2026-02-16 06:39:38.297758,Toronto-81f9,-18,9,Normal
2026-02-16 06:39:39.297758,Toronto-81f9,-3,74,Normal
2026-02-16 06:39:40.297758,Toronto-81f9,-15,7,Normal
2026-02-16 06:39:41.297758,Toronto-81f9,-22,17,Normal
2026-02-16 06:39:42.297758,Toronto-81f9,-21,74,Normal
2026-02-16 06:39:43.297758,Toronto-81f9,-29,10,Normal
2026-02-16 06:39:44.297758,Toronto-81f9,19,90,Normal
2026-02-16 06:39:45.297758,Toronto-81f9,32,44,Normal
2026-02-16 06:39:46.297758,Toronto-81f9,42,6,Normal
2026-02-16 06:39:47.297758,Toronto-81f9,48,66,Normal
2026-02-16 06:39:48.297758,Toronto-81f9,-25,64,Normal
2026-02-16 06:39:49.297758,Toronto-81f9,6,27,Normal
2026-02-16 06:39:50.297758,Toronto-81f9,3,39,Normal
2026-02-16 06:39:51.297758,Toronto-81f9,22,87,Normal
2026-02-16 06:39:52.297758,Toronto-81f9,-13,54,Normal
2026-02-16 06:39:53.297758,Toronto-81f9,22,90,Normal
2026-02-16 06:39:54.297758,Toronto-81f9,-3,66,Normal
2026-02-16 06:39:55.297758,Toronto-81f9,-18,33,Normal
2026-02-16 06:39:56.297758,Toronto-81f9,12,35,Normal
2026-02-16 06:39:57.297758,Toronto-81f9,13,47,Normal
2026-02-16 06:39:58.297758,Toronto-81f9,48,50,Normal
2026-02-16 06:39:59.297758,Toronto-81f9,32,42,Normal
2026-02-16 06:40:00.297758,Toronto-81f9,37,8,Normal
2026-02-16 06:40:01.297758,Toronto-81f9,-11,66,Normal
2026-02-16 06:40:02.297758,Toronto-81f9,29,20,Normal
2026-02-16 06:40:03.297758,Toronto-81f9,33,60,Normal
2026-02-16 06:40:04.297758,Toronto-81f9,-4,84,Normal
2026-02-16 06:40:05.297758,Toronto-81f9,-3,54,Normal
2026-02-16 06:40:06.297758,Toronto-81f9,8,7,Normal
2026-02-16 06:40:07.297758,Toronto-81f9,25,72,Normal
2026-02-16 06:40:08.297758,Toronto-81f9,2,68,Normal
2026-02-16 06:40:09.297758,Toronto-81f9,45,24,Normal
2026-02-16 06:40:10.297758,Toronto-81f9,-30,22,Normal
2026-02-16 06:40:11.297758,Toronto-81f9,-19,18,Normal
2026-02-16 06:40:12.297758,Toronto-81f9,-11,45,Normal
2026-02-16 06:40:13.297758,Toronto-81f9,20,50,Normal
2026-02-16 06:40:14.297758,Toronto-81f9,-3,85,Normal
2026-02-16 06:40:15.297758,Toronto-81f9,40,49,Normal
2026-02-16 06:40:16.297758,Toronto-81f9,9,25,Normal
2026-02-16 06:40:17.297758,Toronto-81f9,19,33,Normal
2026-02-16 06:40:18.297758,Toronto-81f9,30,16,Normal
2026-02-16 06:40:19.297758,Toronto-81f9,-24,77,Normal
2026-02-16 06:40:20.297758,Toronto-81f9,37,85,Normal
2026-02-16 06:40:21.297758,Toronto-81f9,26,53,Normal
2026-02-16 06:40:22.297758,Toronto-81f9,-22,5,Normal
2026-02-16 06:40:23.297758,Toronto-81f9,21,5,Normal
2026-02-16 06:40:24.297758,Toronto-81f9,6,95,Normal
2026-02-16 06:40:25.297758,Toronto-81f9,-21,63,Normal
2026-02-16 06:40:26.297758,Toronto-81f9,34,89,Normal
2026-02-16 06:40:27.297758,Toronto-81f9,-16,79,Normal
2026-02-16 06:40:28.297758,Toronto-81f9,-14,88,Normal
2026-02-16 06:40:29.297758,Toronto-81f9,-15,7,Normal
2026-02-16 06:40:30.297758,Toronto-81f9,3,28,Normal
2026-02-16 06:40:31.297758,Toronto-81f9,9,52,Normal
2026-02-16 06:40:32.297758,Toronto-81f9,-19,83,Normal
2026-02-16 06:40:33.297758,Toronto-81f9,19,70,Normal
2026-02-16 06:40:34.297758,Toronto-81f9,21,60,Normal
2026-02-16 06:40:35.297758,Toronto-81f9,2,72,Normal
2026-02-16 06:40:36.297758,Toronto-81f9,-19,71,Normal
2026-02-16 06:40:37.297758,Toronto-81f9,-14,56,Normal
2026-02-16 06:40:38.297758,Toronto-81f9,-1,45,Normal
2026-02-16 06:40:39.297758,Toronto-81f9,18,88,Normal
2026-02-16 06:40:40.297758,Toronto-81f9,33,41,Normal
2026-02-16 06:40:41.297758,Toronto-81f9,35,77,Normal
2026-02-16 06:40:42.297758,Toronto-81f9,-6,98,Normal
2026-02-16 06:40:43.297758,Toronto-81f9,23,22,Normal
2026-02-16 06:40:44.297758,Toronto-81f9,-1,94,Normal
2026-02-16 06:40:45.297758,Toronto-81f9,46,71,Normal
2026-02-16 06:40:46.297758,Toronto-81f9,-28,56,Normal
2026-02-16 06:40:47.297758,Toronto-81f9,-24,77,Normal
2026-02-16 06:40:48.297758,Toronto-81f9,30,27,Normal
2026-02-16 06:40:49.297758,Toronto-81f9,31,99,Normal
2026-02-16 06:40:50.297758,Toronto-81f9,1,44,Normal
2026-02-16 06:40:51.297758,Toronto-81f9,24,5,Normal
2026-02-16 06:40:52.297758,Toronto-81f9,48,83,Normal
2026-02-16 06:40:53.297758,Toronto-81f9,-17,7,Normal
2026-02-16 06:40:54.297758,Toronto-81f9,-7,35,Normal
2026-02-16 06:40:55.297758,Toronto-81f9,48,84,Normal
2026-02-16 06:40:56.297758,Toronto-81f9,5,26,Normal
2026-02-16 06:40:57.297758,Toronto-81f9,-29,40,Normal
2026-02-16 06:40:58.297758,Toronto-81f9,44,30,Normal
2026-02-16 06:40:59.297758,Toronto-81f9,33,94,Normal
2026-02-16 06:41:00.297758,Toronto-81f9,2,98,Normal
2026-02-16 06:41:01.297758,Toronto-81f9,34,28,Normal
2026-02-16 06:41:02.297758,Toronto-81f9,49,14,Normal
2026-02-16 06:41:03.297758,Toronto-81f9,-19,71,Normal
2026-02-16 06:41:04.297758,Toronto-81f9,48,81,Normal
2026-02-16 06:41:05.297758,Toronto-81f9,-18,27,Normal
2026-02-16 06:41:06.297758,Toronto-81f9,9,88,Normal
2026-02-16 06:41:07.297758,Toronto-81f9,-20,50,Normal
2026-02-16 06:41:08.297758,Toronto-81f9,33,53,Normal
2026-02-16 06:41:09.297758,Toronto-81f9,-30,9,Normal
2026-02-16 06:41:10.297758,Toronto-81f9,49,22,Normal
2026-02-16 06:41:11.297758,Toronto-81f9,-20,53,Normal
2026-02-16 06:41:12.297758,Toronto-81f9,38,56,Normal
2026-02-16 06:41:13.297758,Toronto-81f9,36,96,Normal
2026-02-16 06:41:14.297758,Toronto-81f9,-1,8,Normal
2026-02-16 06:41:15.297758,Toronto-81f9,47,17,Normal
2026-02-16 06:41:16.297758,Toronto-81f9,13,33,Normal
2026-02-16 06:41:17.297758,Toronto-81f9,8,97,Normal
2026-02-16 06:41:18.297758,Toronto-81f9,23,67,Normal
2026-02-16 06:41:19.297758,Toronto-81f9,-4,89,Normal
2026-02-16 06:41:20.297758,Toronto-81f9,27,18,Normal
2026-02-16 06:41:21.297758,Toronto-81f9,-6,11,Normal
2026-02-16 06:41:22.297758,Toronto-81f9,22,31,Normal
2026-02-16 06:41:23.297758,Toronto-81f9,-23,44,Normal
2026-02-16 06:41:24.297758,Toronto-81f9,-26,74,Normal
2026-02-16 06:41:25.297758,Toronto-81f9,-20,15,Normal
2026-02-16 06:41:26.297758,Toronto-81f9,-13,77,Normal
2026-02-16 06:41:27.297758,Toronto-81f9,50,13,Normal
2026-02-16 06:41:28.297758,Toronto-81f9,-7,60,Normal
2026-02-16 06:41:29.297758,Toronto-81f9,30,27,Normal
2026-02-16 06:41:30.297758,Toronto-81f9,50,5,Normal
2026-02-16 06:41:31.297758,Toronto-81f9,29,37,Normal
2026-02-16 06:41:32.297758,Toronto-81f9,21,86,Normal
2026-02-16 06:41:33.297758,Toronto-81f9,-3,98,Normal
2026-02-16 06:41:34.297758,Toronto-81f9,26,20,Normal
2026-02-16 06:41:35.297758,Toronto-81f9,26,58,Normal
2026-02-16 06:41:36.297758,Toronto-81f9,-27,34,Normal
2026-02-16 06:41:37.297758,Toronto-81f9,-25,47,Normal
2026-02-16 06:41:38.297758,Toronto-81f9,-8,22,Normal
2026-02-16 06:41:39.297758,Toronto-81f9,-24,34,Normal
2026-02-16 06:41:40.297758,Toronto-81f9,-24,37,Normal
2026-02-16 06:41:41.297758,Toronto-81f9,46,66,Normal
2026-02-16 06:41:42.297758,Toronto-81f9,0,100,Normal
2026-02-16 06:41:43.297758,Toronto-81f9,-18,66,Normal
2026-02-16 06:41:44.297758,Toronto-81f9,26,59,Normal
2026-02-16 06:41:45.297758,Toronto-81f9,-16,22,Normal
2026-02-16 06:41:46.297758,Toronto-81f9,-5,64,Normal
2026-02-16 06:41:47.297758,Toronto-81f9,-24,22,Normal
2026-02-16 06:41:48.297758,Toronto-81f9,34,16,Normal
2026-02-16 06:41:49.297758,Toronto-81f9,-14,83,Normal
2026-02-16 06:41:50.297758,Toronto-81f9,45,14,Normal
2026-02-16 06:41:51.297758,Toronto-81f9,31,22,Normal
2026-02-16 06:41:52.297758,Toronto-81f9,32,14,Normal
2026-02-16 06:41:53.297758,Toronto-81f9,22,99,Normal
2026-02-16 06:41:54.297758,Toronto-81f9,18,64,Normal
2026-02-16 06:41:55.297758,Toronto-81f9,-25,77,Normal
2026-02-16 06:41:56.297758,Toronto-81f9,9,0,Normal
2026-02-16 06:41:57.297758,Toronto-81f9,-3,91,Normal
2026-02-16 06:41:58.297758,Toronto-81f9,18,24,Normal
2026-02-16 06:41:59.297758,Toronto-81f9,44,76,Normal
2026-02-16 06:42:00.297758,Toronto-81f9,-16,74,Normal
2026-02-16 06:42:01.297758,Toronto-81f9,7,48,Normal
2026-02-16 06:42:02.297758,Toronto-81f9,21,99,Normal
2026-02-16 06:42:03.297758,Toronto-81f9,-10,83,Normal
2026-02-16 06:42:04.297758,Toronto-81f9,25,98,Normal
2026-02-16 06:42:05.297758,Toronto-81f9,1,42,Normal
2026-02-16 06:42:06.297758,Toronto-81f9,-15,27,Normal
2026-02-16 06:42:07.297758,Toronto-81f9,38,34,Normal
2026-02-16 06:42:08.297758,Toronto-81f9,24,59,Normal
2026-02-16 06:42:09.297758,Toronto-81f9,-14,66,Normal
2026-02-16 06:42:10.297758,Toronto-81f9,9,10,Normal
2026-02-16 06:42:11.297758,Toronto-81f9,24,61,Normal
2026-02-16 06:42:12.297758,Toronto-81f9,41,68,Normal
2026-02-16 06:42:13.297758,Toronto-81f9,18,20,Normal
2026-02-16 06:42:14.297758,Toronto-81f9,8,14,Normal
2026-02-16 06:42:15.297758,Toronto-81f9,8,52,Normal
2026-02-16 06:42:16.297758,Toronto-81f9,44,74,Normal
2026-02-16 06:42:17.297758,Toronto-81f9,17,2,Normal
2026-02-16 06:42:18.297758,Toronto-81f9,5,92,Normal
2026-02-16 06:42:19.297758,Toronto-81f9,26,37,Normal
2026-02-16 06:42:20.297758,Toronto-81f9,-17,26,Normal
2026-02-16 06:42:21.297758,Toronto-81f9,-14,19,Normal
2026-02-16 06:42:22.297758,Toronto-81f9,-18,71,Normal
2026-02-16 06:42:23.297758,Toronto-81f9,-5,52,Normal
2026-02-16 06:42:24.297758,Toronto-81f9,-20,31,Normal
2026-02-16 06:42:25.297758,Toronto-81f9,22,31,Normal
2026-02-16 06:42:26.297758,Toronto-81f9,45,99,Normal
2026-02-16 06:42:27.297758,Toronto-81f9,2,88,Normal
2026-02-16 06:42:28.297758,Toronto-81f9,9,91,Normal
2026-02-16 06:42:29.297758,Toronto-81f9,30,84,Normal
2026-02-16 06:42:30.297758,Toronto-81f9,2,11,Normal
2026-02-16 06:42:31.297758,Toronto-81f9,10,40,Normal
2026-02-16 06:42:32.297758,Toronto-81f9,30,44,Normal
2026-02-16 06:42:33.297758,Toronto-81f9,22,43,Normal
2026-02-16 06:42:34.297758,Toronto-81f9,-13,77,Normal
2026-02-16 06:42:35.297758,Toronto-81f9,-8,71,Normal
2026-02-16 06:42:36.297758,Toronto-81f9,-12,66,Normal
2026-02-16 06:42:37.297758,Toronto-81f9,31,16,Normal
2026-02-16 06:42:38.297758,Toronto-81f9,44,93,Normal
2026-02-16 06:42:39.297758,Toronto-81f9,-17,58,Normal
2026-02-16 06:42:40.297758,Toronto-81f9,32,94,Normal
2026-02-16 06:42:41.297758,Toronto-81f9,29,29,Normal
2026-02-16 06:42:42.297758,Toronto-81f9,-18,62,Normal
2026-02-16 06:42:43.297758,Toronto-81f9,16,97,Normal
2026-02-16 06:42:44.297758,Toronto-81f9,-24,52,Normal
2026-02-16 06:42:45.297758,Toronto-81f9,50,83,Normal
2026-02-16 06:42:46.297758,Toronto-81f9,34,72,Normal
2026-02-16 06:42:47.297758,Toronto-81f9,-16,63,Normal
2026-02-16 06:42:48.297758,Toronto-81f9,14,52,Normal
2026-02-16 06:42:49.297758,Toronto-81f9,41,23,Normal
2026-02-16 06:42:50.297758,Toronto-81f9,-2,80,Normal
2026-02-16 06:42:51.297758,Toronto-81f9,24,85,Normal
2026-02-16 06:42:52.297758,Toronto-81f9,17,51,Normal
2026-02-16 06:42:53.297758,Toronto-81f9,-10,0,Normal
2026-02-16 06:42:54.297758,Toronto-81f9,10,14,Normal
2026-02-16 06:42:55.297758,Toronto-81f9,-28,4,Normal
2026-02-16 06:42:56.297758,Toronto-81f9,-28,95,Normal
2026-02-16 06:42:57.297758,Toronto-81f9,29,66,Normal
2026-02-16 06:42:58.297758,Toronto-81f9,-10,29,Normal
2026-02-16 06:42:59.297758,Toronto-81f9,-5,98,Normal
2026-02-16 06:43:00.297758,Toronto-81f9,-15,95,Normal
2026-02-16 06:43:01.297758,Toronto-81f9,-6,86,Normal
2026-02-16 06:43:02.297758,Toronto-81f9,34,79,Normal
2026-02-16 06:43:03.297758,Toronto-81f9,5,56,Normal
2026-02-16 06:43:04.297758,Toronto-81f9,4,40,Normal
2026-02-16 06:43:05.297758,Toronto-81f9,-3,56,Normal
2026-02-16 06:43:06.297758,Toronto-81f9,-4,41,Normal
2026-02-16 06:43:07.297758,Toronto-81f9,26,30,Normal
2026-02-16 06:43:08.297758,Toronto-81f9,0,91,Normal
2026-02-16 06:43:09.297758,Toronto-81f9,-7,77,Normal
2026-02-16 06:43:10.297758,Toronto-81f9,-6,6,Normal
2026-02-16 06:43:11.297758,Toronto-81f9,49,8,Normal
2026-02-16 06:43:12.297758,Toronto-81f9,0,57,Normal
2026-02-16 06:43:13.297758,Toronto-81f9,-7,46,Normal
2026-02-16 06:43:14.297758,Toronto-81f9,-12,17,Normal
2026-02-16 06:43:15.297758,Toronto-81f9,29,44,Normal
2026-02-16 06:43:16.297758,Toronto-81f9,7,10,Normal
2026-02-16 06:43:17.297758,Toronto-81f9,-7,19,Normal
2026-02-16 06:43:18.297758,Toronto-81f9,32,99,Normal
2026-02-16 06:43:19.297758,Toronto-81f9,8,92,Normal
2026-02-16 06:43:20.297758,Toronto-81f9,39,20,Normal
2026-02-16 06:43:21.297758,Toronto-81f9,-22,6,Normal
2026-02-16 06:43:22.297758,Toronto-81f9,14,12,Normal
2026-02-16 06:43:23.297758,Toronto-81f9,46,99,Normal
2026-02-16 06:43:24.297758,Toronto-81f9,50,16,Normal
2026-02-16 06:43:25.297758,Toronto-81f9,-5,43,Normal
2026-02-16 06:43:26.297758,Toronto-81f9,-3,72,Normal
2026-02-16 06:43:27.297758,Toronto-81f9,-13,69,Normal
2026-02-16 06:43:28.297758,Toronto-81f9,-27,13,Normal
2026-02-16 06:43:29.297758,Toronto-81f9,2,19,Normal
2026-02-16 06:43:30.297758,Toronto-81f9,19,46,Normal
2026-02-16 06:43:31.297758,Toronto-81f9,25,81,Normal
