timestamp,station_id,temp,humid,condition
2026-02-15 19:25:38.953930,London-8a40,41,86,Normal
2026-02-15 19:25:39.953930,London-8a40,-17,1,Normal
2026-02-15 19:25:40.953930,London-8a40,46,41,Normal
2026-02-15 19:25:41.953930,London-8a40,39,55,Normal
2026-02-15 19:25:42.953930,London-8a40,28,69,Normal
2026-02-15 19:25:43.953930,London-8a40,37,10,Normal
2026-02-15 19:25:44.953930,London-8a40,17,99,Normal
2026-02-15 19:25:45.953930,London-8a40,5,83,Normal
2026-02-15 19:25:46.953930,London-8a40,7,23,Normal
2026-02-15 19:25:47.953930,London-8a40,46,18,Normal
2026-02-15 19:25:48.953930,London-8a40,-4,14,Normal
2026-02-15 19:25:49.953930,London-8a40,26,24,Normal
2026-02-15 19:25:50.953930,London-8a40,25,42,Normal
2026-02-15 19:25:51.953930,London-8a40,22,82,Normal
2026-02-15 19:25:52.953930,London-8a40,22,12,Normal
2026-02-15 19:25:53.953930,London-8a40,-5,95,Normal
2026-02-15 19:25:54.953930,London-8a40,43,27,Normal
2026-02-15 19:25:55.953930,London-8a40,49,97,Normal
2026-02-15 19:25:56.953930,London-8a40,23,13,Normal
2026-02-15 19:25:57.953930,London-8a40,8,29,Normal
2026-02-15 19:25:58.953930,London-8a40,18,38,Normal
2026-02-15 19:25:59.953930,London-8a40,6,54,Normal
2026-02-15 19:26:00.953930,London-8a40,23,36,Normal
2026-02-15 19:26:01.953930,London-8a40,27,55,Normal
2026-02-15 19:26:02.953930,London-8a40,24,72,Normal
2026-02-15 19:26:03.953930,London-8a40,8,89,Normal
2026-02-15 19:26:04.953930,London-8a40,35,3,Normal
2026-02-15 19:26:05.953930,London-8a40,38,33,Normal
2026-02-15 19:26:06.953930,London-8a40,-8,22,Normal
2026-02-15 19:26:07.953930,London-8a40,37,30,Normal
2026-02-15 19:26:08.953930,London-8a40,6,41,Normal
2026-02-15 19:26:09.953930,London-8a40,-28,47,Normal
2026-02-15 19:26:10.953930,London-8a40,-25,77,Normal
2026-02-15 19:26:11.953930,London-8a40,-20,91,Normal
2026-02-15 19:26:12.953930,London-8a40,20,93,Normal
2026-02-15 19:26:13.953930,London-8a40,37,69,Normal
2026-02-15 19:26:14.953930,London-8a40,21,2,Normal
2026-02-15 19:26:15.953930,London-8a40,5,16,Normal
2026-02-15 19:26:16.953930,London-8a40,25,1,Normal
2026-02-15 19:26:17.953930,London-8a40,28,59,Normal
2026-02-15 19:26:18.953930,London-8a40,26,38,Normal
2026-02-15 19:26:19.953930,London-8a40,13,35,Normal
2026-02-15 19:26:20.953930,London-8a40,-10,13,Normal
2026-02-15 19:26:21.953930,London-8a40,45,8,Normal
2026-02-15 19:26:22.953930,London-8a40,40,5,Normal
2026-02-15 19:26:23.953930,London-8a40,37,51,Normal
2026-02-15 19:26:24.953930,London-8a40,35,10,Normal
2026-02-15 19:26:25.953930,London-8a40,3,30,Normal
2026-02-15 19:26:26.953930,London-8a40,19,26,Normal
2026-02-15 19:26:27.953930,London-8a40,-8,74,Normal
2026-02-15 19:26:28.953930,London-8a40,-13,46,Normal
2026-02-15 19:26:29.953930,London-8a40,-28,23,Normal
2026-02-15 19:26:30.953930,London-8a40,-5,11,Normal
2026-02-15 19:26:31.953930,London-8a40,12,74,Normal
2026-02-15 19:26:32.953930,London-8a40,-16,46,Normal
2026-02-15 19:26:33.953930,London-8a40,-29,42,Normal
2026-02-15 19:26:34.953930,London-8a40,38,7,Normal
2026-02-15 19:26:35.953930,London-8a40,-14,58,Normal
2026-02-15 19:26:36.953930,London-8a40,-14,92,Normal
2026-02-15 19:26:37.953930,London-8a40,18,100,Normal
2026-02-15 19:26:38.953930,London-8a40,21,53,Normal
2026-02-15 19:26:39.953930,London-8a40,14,19,Normal
2026-02-15 19:26:40.953930,London-8a40,-19,4,Normal
2026-02-15 19:26:41.953930,London-8a40,21,77,Normal
2026-02-15 19:26:42.953930,London-8a40,6,52,Normal
2026-02-15 19:26:43.953930,London-8a40,-28,79,Normal
2026-02-15 19:26:44.953930,London-8a40,31,93,Normal
2026-02-15 19:26:45.953930,London-8a40,-2,66,Normal
2026-02-15 19:26:46.953930,London-8a40,39,88,Normal
2026-02-15 19:26:47.953930,London-8a40,-9,96,Normal
2026-02-15 19:26:48.953930,London-8a40,7,48,Normal
2026-02-15 19:26:49.953930,London-8a40,27,87,Normal
2026-02-15 19:26:50.953930,London-8a40,39,25,Normal
2026-02-15 19:26:51.953930,London-8a40,-17,22,Normal
2026-02-15 19:26:52.953930,London-8a40,45,70,Normal
2026-02-15 19:26:53.953930,London-8a40,32,18,Normal
2026-02-15 19:26:54.953930,London-8a40,9,10,Normal
2026-02-15 19:26:55.953930,London-8a40,11,55,Normal
2026-02-15 19:26:56.953930,London-8a40,-6,73,Normal
2026-02-15 19:26:57.953930,London-8a40,-29,69,Normal
2026-02-15 19:26:58.953930,London-8a40,-7,98,Normal
2026-02-15 19:26:59.953930,London-8a40,34,35,Normal
2026-02-15 19:27:00.953930,London-8a40,-4,92,Normal
2026-02-15 19:27:01.953930,London-8a40,-13,65,Normal
2026-02-15 19:27:02.953930,London-8a40,9,5,Normal
2026-02-15 19:27:03.953930,London-8a40,-30,17,Normal
2026-02-15 19:27:04.953930,London-8a40,33,34,Normal
2026-02-15 19:27:05.953930,London-8a40,-23,37,Normal
2026-02-15 19:27:06.953930,London-8a40,35,79,Normal
2026-02-15 19:27:07.953930,London-8a40,1,25,Normal
2026-02-15 19:27:08.953930,London-8a40,38,68,Normal
2026-02-15 19:27:09.953930,London-8a40,-28,76,Normal
2026-02-15 19:27:10.953930,London-8a40,25,93,Normal
2026-02-15 19:27:11.953930,London-8a40,8,91,Normal
2026-02-15 19:27:12.953930,London-8a40,-30,2,Normal
2026-02-15 19:27:13.953930,London-8a40,-21,58,Normal
2026-02-15 19:27:14.953930,London-8a40,7,38,Normal
2026-02-15 19:27:15.953930,London-8a40,-3,79,Normal
2026-02-15 19:27:16.953930,London-8a40,28,61,Normal
2026-02-15 19:27:17.953930,London-8a40,-6,97,Normal
2026-02-15 19:27:18.953930,London-8a40,18,27,Normal
2026-02-15 19:27:19.953930,London-8a40,27,9,Normal
2026-02-15 19:27:20.953930,London-8a40,12,73,Normal
2026-02-15 19:27:21.953930,London-8a40,14,93,Normal
2026-02-15 19:27:22.953930,London-8a40,46,87,Normal
2026-02-15 19:27:23.953930,London-8a40,48,33,Normal
2026-02-15 19:27:24.953930,London-8a40,37,61,Normal
2026-02-15 19:27:25.953930,London-8a40,13,86,Normal
2026-02-15 19:27:26.953930,London-8a40,30,23,Normal
2026-02-15 19:27:27.953930,London-8a40,12,51,Normal
2026-02-15 19:27:28.953930,London-8a40,9,1,Normal
2026-02-15 19:27:29.953930,London-8a40,-8,92,Normal
2026-02-15 19:27:30.953930,London-8a40,39,86,Normal
2026-02-15 19:27:31.953930,London-8a40,11,93,Normal
2026-02-15 19:27:32.953930,London-8a40,26,71,Normal
2026-02-15 19:27:33.953930,London-8a40,27,78,Normal
2026-02-15 19:27:34.953930,London-8a40,32,100,Normal
2026-02-15 19:27:35.953930,London-8a40,35,36,Normal
2026-02-15 19:27:36.953930,London-8a40,1,32,Normal
2026-02-15 19:27:37.953930,London-8a40,6,25,Normal
2026-02-15 19:27:38.953930,London-8a40,6,9,Normal
2026-02-15 19:27:39.953930,London-8a40,-23,86,Normal
2026-02-15 19:27:40.953930,London-8a40,-14,10,Normal
2026-02-15 19:27:41.953930,London-8a40,5,77,Normal
2026-02-15 19:27:42.953930,London-8a40,-15,24,Normal
2026-02-15 19:27:43.953930,London-8a40,-21,10,Normal
2026-02-15 19:27:44.953930,London-8a40,2,43,Normal
2026-02-15 19:27:45.953930,London-8a40,49,97,Normal
2026-02-15 19:27:46.953930,London-8a40,47,4,Normal
2026-02-15 19:27:47.953930,London-8a40,7,64,Normal
2026-02-15 19:27:48.953930,London-8a40,24,69,Normal
2026-02-15 19:27:49.953930,London-8a40,-26,14,Normal
2026-02-15 19:27:50.953930,London-8a40,10,25,Normal
2026-02-15 19:27:51.953930,London-8a40,1,18,Normal
2026-02-15 19:27:52.953930,London-8a40,-20,98,Normal
2026-02-15 19:27:53.953930,London-8a40,29,91,Normal
2026-02-15 19:27:54.953930,London-8a40,19,38,Normal
2026-02-15 19:27:55.953930,London-8a40,47,19,Normal
2026-02-15 19:27:56.953930,London-8a40,19,71,Normal
2026-02-15 19:27:57.953930,London-8a40,33,48,Normal
2026-02-15 19:27:58.953930,London-8a40,-3,0,Normal
2026-02-15 19:27:59.953930,London-8a40,-7,4,Normal
2026-02-15 19:28:00.953930,London-8a40,-28,68,Normal
2026-02-15 19:28:01.953930,London-8a40,28,6,Normal
2026-02-15 19:28:02.953930,London-8a40,-28,50,Normal
2026-02-15 19:28:03.953930,London-8a40,21,72,Normal
2026-02-15 19:28:04.953930,London-8a40,24,18,Normal
2026-02-15 19:28:05.953930,London-8a40,46,79,Normal
2026-02-15 19:28:06.953930,London-8a40,34,54,Normal
2026-02-15 19:28:07.953930,London-8a40,47,73,Normal
2026-02-15 19:28:08.953930,London-8a40,17,26,Normal
2026-02-15 19:28:09.953930,London-8a40,35,39,Normal
2026-02-15 19:28:10.953930,London-8a40,-24,7,Normal
2026-02-15 19:28:11.953930,London-8a40,41,34,Normal
2026-02-15 19:28:12.953930,London-8a40,-4,45,Normal
2026-02-15 19:28:13.953930,London-8a40,-29,41,Normal
2026-02-15 19:28:14.953930,London-8a40,31,10,Normal
2026-02-15 19:28:15.953930,London-8a40,-11,26,Normal
2026-02-15 19:28:16.953930,London-8a40,17,17,Normal
2026-02-15 19:28:17.953930,London-8a40,-14,59,Normal
2026-02-15 19:28:18.953930,London-8a40,11,63,Normal
2026-02-15 19:28:19.953930,London-8a40,26,22,Normal
2026-02-15 19:28:20.953930,London-8a40,20,60,Normal
2026-02-15 19:28:21.953930,London-8a40,23,54,Normal
2026-02-15 19:28:22.953930,London-8a40,-16,75,Normal
2026-02-15 19:28:23.953930,London-8a40,13,43,Normal
2026-02-15 19:28:24.953930,London-8a40,22,14,Normal
2026-02-15 19:28:25.953930,London-8a40,-8,4,Normal
2026-02-15 19:28:26.953930,London-8a40,14,2,Normal
2026-02-15 19:28:27.953930,London-8a40,46,73,Normal
2026-02-15 19:28:28.953930,London-8a40,34,44,Normal
2026-02-15 19:28:29.953930,London-8a40,6,40,Normal
2026-02-15 19:28:30.953930,London-8a40,45,95,Normal
2026-02-15 19:28:31.953930,London-8a40,37,79,Normal
2026-02-15 19:28:32.953930,London-8a40,13,96,Normal
2026-02-15 19:28:33.953930,London-8a40,34,54,Normal
2026-02-15 19:28:34.953930,London-8a40,37,88,Normal
2026-02-15 19:28:35.953930,London-8a40,44,99,Normal
2026-02-15 19:28:36.953930,London-8a40,-22,6,Normal
2026-02-15 19:28:37.953930,London-8a40,7,33,Normal
2026-02-15 19:28:38.953930,London-8a40,-12,2,Normal
2026-02-15 19:28:39.953930,London-8a40,-25,79,Normal
2026-02-15 19:28:40.953930,London-8a40,32,67,Normal
2026-02-15 19:28:41.953930,London-8a40,34,85,Normal
2026-02-15 19:28:42.953930,London-8a40,43,82,Normal
2026-02-15 19:28:43.953930,London-8a40,39,91,Normal
2026-02-15 19:28:44.953930,London-8a40,-8,56,Normal
2026-02-15 19:28:45.953930,London-8a40,40,26,Normal
2026-02-15 19:28:46.953930,London-8a40,-1,64,Normal
2026-02-15 19:28:47.953930,London-8a40,-22,82,Normal
2026-02-15 19:28:48.953930,London-8a40,-11,15,Normal
2026-02-15 19:28:49.953930,London-8a40,-21,58,Normal
2026-02-15 19:28:50.953930,London-8a40,-17,16,Normal
2026-02-15 19:28:51.953930,London-8a40,37,15,Normal
2026-02-15 19:28:52.953930,London-8a40,-13,35,Normal
2026-02-15 19:28:53.953930,London-8a40,-3,44,Normal
2026-02-15 19:28:54.953930,London-8a40,-17,77,Normal
2026-02-15 19:28:55.953930,London-8a40,12,43,Normal
2026-02-15 19:28:56.953930,London-8a40,45,76,Normal
2026-02-15 19:28:57.953930,London-8a40,41,45,Normal
2026-02-15 19:28:58.953930,London-8a40,37,16,Normal
2026-02-15 19:28:59.953930,London-8a40,-17,56,Normal
2026-02-15 19:29:00.953930,London-8a40,15,2,Normal
2026-02-15 19:29:01.953930,London-8a40,31,31,Normal
2026-02-15 19:29:02.953930,London-8a40,-22,59,Normal
2026-02-15 19:29:03.953930,London-8a40,-10,77,Normal
2026-02-15 19:29:04.953930,London-8a40,3,58,Normal
2026-02-15 19:29:05.953930,London-8a40,26,43,Normal
2026-02-15 19:29:06.953930,London-8a40,8,96,Normal
2026-02-15 19:29:07.953930,London-8a40,-25,71,Normal
2026-02-15 19:29:08.953930,London-8a40,-18,93,Normal
2026-02-15 19:29:09.953930,London-8a40,21,78,Normal
2026-02-15 19:29:10.953930,London-8a40,-14,16,Normal
2026-02-15 19:29:11.953930,London-8a40,19,96,Normal
2026-02-15 19:29:12.953930,London-8a40,18,66,Normal
2026-02-15 19:29:13.953930,London-8a40,17,49,Normal
2026-02-15 19:29:14.953930,London-8a40,-9,14,Normal
2026-02-15 19:29:15.953930,London-8a40,33,77,Normal
2026-02-15 19:29:16.953930,London-8a40,-28,43,Normal
2026-02-15 19:29:17.953930,London-8a40,-15,18,Normal
2026-02-15 19:29:18.953930,London-8a40,46,66,Normal
2026-02-15 19:29:19.953930,London-8a40,29,34,Normal
2026-02-15 19:29:20.953930,London-8a40,-13,0,Normal
2026-02-15 19:29:21.953930,London-8a40,7,73,Normal
2026-02-15 19:29:22.953930,London-8a40,9,40,Normal
2026-02-15 19:29:23.953930,London-8a40,14,78,Normal
2026-02-15 19:29:24.953930,London-8a40,-16,57,Normal
2026-02-15 19:29:25.953930,London-8a40,-24,81,Normal
2026-02-15 19:29:26.953930,London-8a40,21,52,Normal
2026-02-15 19:29:27.953930,London-8a40,29,2,Normal
2026-02-15 19:29:28.953930,London-8a40,-26,11,Normal
2026-02-15 19:29:29.953930,London-8a40,44,36,Normal
2026-02-15 19:29:30.953930,London-8a40,-25,19,Normal
2026-02-15 19:29:31.953930,London-8a40,-13,43,Normal
2026-02-15 19:29:32.953930,London-8a40,49,85,Normal
2026-02-15 19:29:33.953930,London-8a40,-15,88,Normal
2026-02-15 19:29:34.953930,London-8a40,-27,4,Normal
2026-02-15 19:29:35.953930,London-8a40,32,72,Normal
2026-02-15 19:29:36.953930,London-8a40,-21,22,Normal
2026-02-15 19:29:37.953930,London-8a40,31,76,Normal
2026-02-15 19:29:38.953930,London-8a40,43,8,Normal
2026-02-15 19:29:39.953930,London-8a40,41,35,Normal
2026-02-15 19:29:40.953930,London-8a40,11,100,Normal
2026-02-15 19:29:41.953930,London-8a40,-9,30,Normal
2026-02-15 19:29:42.953930,London-8a40,44,90,Normal
2026-02-15 19:29:43.953930,London-8a40,-2,1,Normal
2026-02-15 19:29:44.953930,London-8a40,43,69,Normal
2026-02-15 19:29:45.953930,London-8a40,31,61,Normal
2026-02-15 19:29:46.953930,London-8a40,23,6,Normal
2026-02-15 19:29:47.953930,London-8a40,4,15,Normal
2026-02-15 19:29:48.953930,London-8a40,11,14,Normal
2026-02-15 19:29:49.953930,London-8a40,28,84,Normal
2026-02-15 19:29:50.953930,London-8a40,0,25,Normal
2026-02-15 19:29:51.953930,London-8a40,5,100,Normal
2026-02-15 19:29:52.953930,London-8a40,-6,96,Normal
2026-02-15 19:29:53.953930,London-8a40,0,5,Normal
2026-02-15 19:29:54.953930,London-8a40,-6,85,Normal
2026-02-15 19:29:55.953930,London-8a40,-2,49,Normal
2026-02-15 19:29:56.953930,London-8a40,12,60,Normal
2026-02-15 19:29:57.953930,London-8a40,-16,70,Normal
2026-02-15 19:29:58.953930,London-8a40,11,54,Normal
2026-02-15 19:29:59.953930,London-8a40,-28,15,Normal
2026-02-15 19:30:00.953930,London-8a40,47,26,Normal
2026-02-15 19:30:01.953930,London-8a40,37,30,Normal
2026-02-15 19:30:02.953930,London-8a40,37,3,Normal
2026-02-15 19:30:03.953930,London-8a40,24,17,Normal
2026-02-15 19:30:04.953930,London-8a40,34,76,Normal
2026-02-15 19:30:05.953930,London-8a40,-26,53,Normal
2026-02-15 19:30:06.953930,London-8a40,49,6,Normal
2026-02-15 19:30:07.953930,London-8a40,37,94,Normal
2026-02-15 19:30:08.953930,London-8a40,45,68,Normal
2026-02-15 19:30:09.953930,London-8a40,-1,66,Normal
2026-02-15 19:30:10.953930,London-8a40,31,85,Normal
2026-02-15 19:30:11.953930,London-8a40,-20,52,Normal
2026-02-15 19:30:12.953930,London-8a40,5,91,Normal
2026-02-15 19:30:13.953930,London-8a40,24,11,Normal
2026-02-15 19:30:14.953930,London-8a40,5,60,Normal
2026-02-15 19:30:15.953930,London-8a40,41,64,Normal
2026-02-15 19:30:16.953930,London-8a40,1,66,Normal
2026-02-15 19:30:17.953930,London-8a40,16,39,Normal
2026-02-15 19:30:18.953930,London-8a40,18,87,Normal
2026-02-15 19:30:19.953930,London-8a40,29,69,Normal
2026-02-15 19:30:20.953930,London-8a40,-19,52,Normal
2026-02-15 19:30:21.953930,London-8a40,-18,92,Normal
2026-02-15 19:30:22.953930,London-8a40,46,8,Normal
2026-02-15 19:30:23.953930,London-8a40,4,36,Normal
2026-02-15 19:30:24.953930,London-8a40,39,21,Normal
2026-02-15 19:30:25.953930,London-8a40,13,80,Normal
2026-02-15 19:30:26.953930,London-8a40,14,20,Normal
2026-02-15 19:30:27.953930,London-8a40,43,40,Normal
2026-02-15 19:30:28.953930,London-8a40,30,17,Normal
2026-02-15 19:30:29.953930,London-8a40,-22,87,Normal
2026-02-15 19:30:30.953930,London-8a40,-16,19,Normal
2026-02-15 19:30:31.953930,London-8a40,29,92,Normal
2026-02-15 19:30:32.953930,London-8a40,15,99,Normal
2026-02-15 19:30:33.953930,London-8a40,14,12,Normal
2026-02-15 19:30:34.953930,London-8a40,19,4,Normal
2026-02-15 19:30:35.953930,London-8a40,-16,97,Normal
2026-02-15 19:30:36.953930,London-8a40,26,68,Normal
2026-02-15 19:30:37.953930,London-8a40,31,50,Normal
2026-02-15 19:30:38.953930,London-8a40,41,26,Normal
2026-02-15 19:30:39.953930,London-8a40,-5,58,Normal
2026-02-15 19:30:40.953930,London-8a40,5,29,Normal
2026-02-15 19:30:41.953930,London-8a40,-13,77,Normal
2026-02-15 19:30:42.953930,London-8a40,-5,44,Normal
2026-02-15 19:30:43.953930,London-8a40,31,22,Normal
2026-02-15 19:30:44.953930,London-8a40,45,37,Normal
2026-02-15 19:30:45.953930,London-8a40,19,98,Normal
2026-02-15 19:30:46.953930,London-8a40,24,42,Normal
2026-02-15 19:30:47.953930,London-8a40,-4,55,Normal
2026-02-15 19:30:48.953930,London-8a40,-13,27,Normal
2026-02-15 19:30:49.953930,London-8a40,-2,74,Normal
2026-02-15 19:30:50.953930,London-8a40,-15,58,Normal
2026-02-15 19:30:51.953930,London-8a40,28,84,Normal
2026-02-15 19:30:52.953930,London-8a40,-17,88,Normal
2026-02-15 19:30:53.953930,London-8a40,25,91,Normal
2026-02-15 19:30:54.953930,London-8a40,26,94,Normal
2026-02-15 19:30:55.953930,London-8a40,20,28,Normal
2026-02-15 19:30:56.953930,London-8a40,-9,84,Normal
2026-02-15 19:30:57.953930,London-8a40,4,52,Normal
2026-02-15 19:30:58.953930,London-8a40,46,33,Normal
2026-02-15 19:30:59.953930,London-8a40,-27,45,Normal
2026-02-15 19:31:00.953930,London-8a40,29,77,Normal
2026-02-15 19:31:01.953930,London-8a40,-29,1,Normal
2026-02-15 19:31:02.953930,London-8a40,-18,1,Normal
2026-02-15 19:31:03.953930,London-8a40,-19,48,Normal
2026-02-15 19:31:04.953930,London-8a40,50,57,Normal
2026-02-15 19:31:05.953930,London-8a40,7,74,Normal
2026-02-15 19:31:06.953930,London-8a40,27,88,Normal
2026-02-15 19:31:07.953930,London-8a40,13,15,Normal
2026-02-15 19:31:08.953930,London-8a40,-4,15,Normal
2026-02-15 19:31:09.953930,London-8a40,40,81,Normal
2026-02-15 19:31:10.953930,London-8a40,-3,78,Normal
2026-02-15 19:31:11.953930,London-8a40,25,30,Normal
2026-02-15 19:31:12.953930,London-8a40,-16,76,Normal
2026-02-15 19:31:13.953930,London-8a40,16,58,Normal
2026-02-15 19:31:14.953930,London-8a40,-13,96,Normal
2026-02-15 19:31:15.953930,London-8a40,4,37,Normal
2026-02-15 19:31:16.953930,London-8a40,35,78,Normal
2026-02-15 19:31:17.953930,London-8a40,20,35,Normal
2026-02-15 19:31:18.953930,London-8a40,4,30,Normal
2026-02-15 19:31:19.953930,London-8a40,-29,81,Normal
2026-02-15 19:31:20.953930,London-8a40,23,59,Normal
2026-02-15 19:31:21.953930,London-8a40,6,61,Normal
2026-02-15 19:31:22.953930,London-8a40,30,100,Normal
2026-02-15 19:31:23.953930,London-8a40,32,60,Normal
2026-02-15 19:31:24.953930,London-8a40,14,95,Normal
2026-02-15 19:31:25.953930,London-8a40,34,39,Normal
2026-02-15 19:31:26.953930,London-8a40,-20,25,Normal
2026-02-15 19:31:27.953930,London-8a40,-5,0,Normal
2026-02-15 19:31:28.953930,London-8a40,21,0,Normal
2026-02-15 19:31:29.953930,London-8a40,49,96,Normal
2026-02-15 19:31:30.953930,London-8a40,14,3,Normal
2026-02-15 19:31:31.953930,London-8a40,-14,97,Normal
2026-02-15 19:31:32.953930,London-8a40,46,79,Normal
2026-02-15 19:31:33.953930,London-8a40,-7,40,Normal
2026-02-15 19:31:34.953930,London-8a40,27,58,Normal
2026-02-15 19:31:35.953930,London-8a40,11,40,Normal
2026-02-15 19:31:36.953930,London-8a40,-2,25,Normal
2026-02-15 19:31:37.953930,London-8a40,-10,3,Normal
2026-02-15 19:31:38.953930,London-8a40,11,37,Normal
2026-02-15 19:31:39.953930,London-8a40,-6,64,Normal
2026-02-15 19:31:40.953930,London-8a40,6,1,Normal
2026-02-15 19:31:41.953930,London-8a40,-30,28,Normal
2026-02-15 19:31:42.953930,London-8a40,10,60,Normal
2026-02-15 19:31:43.953930,London-8a40,6,7,Normal
2026-02-15 19:31:44.953930,London-8a40,-3,44,Normal
2026-02-15 19:31:45.953930,London-8a40,-1,30,Normal
2026-02-15 19:31:46.953930,London-8a40,18,15,Normal
2026-02-15 19:31:47.953930,London-8a40,-8,71,Normal
2026-02-15 19:31:48.953930,London-8a40,-29,98,Normal
2026-02-15 19:31:49.953930,London-8a40,-7,37,Normal
2026-02-15 19:31:50.953930,London-8a40,-22,59,Normal
2026-02-15 19:31:51.953930,London-8a40,-27,42,Normal
2026-02-15 19:31:52.953930,London-8a40,9,56,Normal
2026-02-15 19:31:53.953930,London-8a40,-18,75,Normal
2026-02-15 19:31:54.953930,London-8a40,30,18,Normal
2026-02-15 19:31:55.953930,London-8a40,-11,14,Normal
2026-02-15 19:31:56.953930,London-8a40,29,50,Normal
2026-02-15 19:31:57.953930,London-8a40,22,74,Normal
2026-02-15 19:31:58.953930,London-8a40,44,85,Normal
2026-02-15 19:31:59.953930,London-8a40,30,77,Normal
2026-02-15 19:32:00.953930,London-8a40,26,25,Normal
2026-02-15 19:32:01.953930,London-8a40,13,71,Normal
2026-02-15 19:32:02.953930,London-8a40,23,88,Normal
2026-02-15 19:32:03.953930,London-8a40,7,51,Normal
2026-02-15 19:32:04.953930,London-8a40,37,50,Normal
2026-02-15 19:32:05.953930,London-8a40,-21,23,Normal
2026-02-15 19:32:06.953930,London-8a40,-25,57,Normal
2026-02-15 19:32:07.953930,London-8a40,-8,73,Normal
2026-02-15 19:32:08.953930,London-8a40,7,31,Normal
2026-02-15 19:32:09.953930,London-8a40,-7,73,Normal
2026-02-15 19:32:10.953930,London-8a40,1,21,Normal
2026-02-15 19:32:11.953930,London-8a40,25,14,Normal
2026-02-15 19:32:12.953930,London-8a40,9,22,Normal
2026-02-15 19:32:13.953930,London-8a40,0,55,Normal
2026-02-15 19:32:14.953930,London-8a40,18,59,Normal
2026-02-15 19:32:15.953930,London-8a40,37,77,Normal
2026-02-15 19:32:16.953930,London-8a40,-10,58,Normal
2026-02-15 19:32:17.953930,London-8a40,0,62,Normal
2026-02-15 19:32:18.953930,London-8a40,8,26,Normal
2026-02-15 19:32:19.953930,London-8a40,26,48,Normal
2026-02-15 19:32:20.953930,London-8a40,-4,54,Normal
2026-02-15 19:32:21.953930,London-8a40,1,80,Normal
2026-02-15 19:32:22.953930,London-8a40,14,13,Normal
2026-02-15 19:32:23.953930,London-8a40,2,5,Normal
2026-02-15 19:32:24.953930,London-8a40,5,74,Normal
2026-02-15 19:32:25.953930,London-8a40,-26,96,Normal
2026-02-15 19:32:26.953930,London-8a40,24,19,Normal
2026-02-15 19:32:27.953930,London-8a40,18,7,Normal
2026-02-15 19:32:28.953930,London-8a40,-30,76,Normal
2026-02-15 19:32:29.953930,London-8a40,-2,53,Normal
2026-02-15 19:32:30.953930,London-8a40,48,38,Normal
2026-02-15 19:32:31.953930,London-8a40,20,26,Normal
2026-02-15 19:32:32.953930,London-8a40,-14,31,Normal
2026-02-15 19:32:33.953930,London-8a40,20,14,Normal
2026-02-15 19:32:34.953930,London-8a40,-4,83,Normal
2026-02-15 19:32:35.953930,London-8a40,46,80,Normal
2026-02-15 19:32:36.953930,London-8a40,-27,8,Normal
2026-02-15 19:32:37.953930,London-8a40,15,9,Normal
2026-02-15 19:32:38.953930,London-8a40,-25,58,Normal
2026-02-15 19:32:39.953930,London-8a40,21,67,Normal
2026-02-15 19:32:40.953930,London-8a40,23,66,Normal
2026-02-15 19:32:41.953930,London-8a40,4,23,Normal
2026-02-15 19:32:42.953930,London-8a40,1,76,Normal
2026-02-15 19:32:43.953930,London-8a40,-9,80,Normal
2026-02-15 19:32:44.953930,London-8a40,-23,54,Normal
2026-02-15 19:32:45.953930,London-8a40,-19,47,Normal
2026-02-15 19:32:46.953930,London-8a40,50,19,Normal
2026-02-15 19:32:47.953930,London-8a40,23,21,Normal
2026-02-15 19:32:48.953930,London-8a40,-20,52,Normal
2026-02-15 19:32:49.953930,London-8a40,-17,7,Normal
2026-02-15 19:32:50.953930,London-8a40,-2,9,Normal
2026-02-15 19:32:51.953930,London-8a40,-21,69,Normal
2026-02-15 19:32:52.953930,London-8a40,-14,99,Normal
2026-02-15 19:32:53.953930,London-8a40,-8,82,Normal
2026-02-15 19:32:54.953930,London-8a40,22,2,Normal
2026-02-15 19:32:55.953930,London-8a40,33,30,Normal
2026-02-15 19:32:56.953930,London-8a40,44,14,Normal
2026-02-15 19:32:57.953930,London-8a40,29,5,Normal
2026-02-15 19:32:58.953930,London-8a40,38,19,Normal
2026-02-15 19:32:59.953930,London-8a40,-21,62,Normal
2026-02-15 19:33:00.953930,London-8a40,-28,45,Normal
2026-02-15 19:33:01.953930,London-8a40,-8,26,Normal
2026-02-15 19:33:02.953930,London-8a40,25,94,Normal
2026-02-15 19:33:03.953930,London-8a40,34,55,Normal
2026-02-15 19:33:04.953930,London-8a40,9,76,Normal
2026-02-15 19:33:05.953930,London-8a40,7,78,Normal
2026-02-15 19:33:06.953930,London-8a40,-26,13,Normal
2026-02-15 19:33:07.953930,London-8a40,-30,61,Normal
2026-02-15 19:33:08.953930,London-8a40,48,89,Normal
2026-02-15 19:33:09.953930,London-8a40,19,87,Normal
2026-02-15 19:33:10.953930,London-8a40,4,69,Normal
2026-02-15 19:33:11.953930,London-8a40,13,23,Normal
2026-02-15 19:33:12.953930,London-8a40,8,38,Normal
2026-02-15 19:33:13.953930,London-8a40,44,84,Normal
2026-02-15 19:33:14.953930,London-8a40,-25,10,Normal
2026-02-15 19:33:15.953930,London-8a40,50,55,Normal
2026-02-15 19:33:16.953930,London-8a40,1,32,Normal
2026-02-15 19:33:17.953930,London-8a40,-14,30,Normal
2026-02-15 19:33:18.953930,London-8a40,31,18,Normal
2026-02-15 19:33:19.953930,London-8a40,-30,6,Normal
2026-02-15 19:33:20.953930,London-8a40,42,11,Normal
2026-02-15 19:33:21.953930,London-8a40,3,79,Normal
2026-02-15 19:33:22.953930,London-8a40,18,65,Normal
2026-02-15 19:33:23.953930,London-8a40,24,7,Normal
2026-02-15 19:33:24.953930,London-8a40,20,39,Normal
2026-02-15 19:33:25.953930,London-8a40,29,33,Normal
2026-02-15 19:33:26.953930,London-8a40,33,17,Normal
2026-02-15 19:33:27.953930,London-8a40,43,15,Normal
2026-02-15 19:33:28.953930,London-8a40,28,10,Normal
2026-02-15 19:33:29.953930,London-8a40,15,57,Normal
2026-02-15 19:33:30.953930,London-8a40,6,86,Normal
2026-02-15 19:33:31.953930,London-8a40,7,55,Normal
2026-02-15 19:33:32.953930,London-8a40,27,44,Normal
2026-02-15 19:33:33.953930,London-8a40,34,79,Normal
2026-02-15 19:33:34.953930,London-8a40,-26,52,Normal
2026-02-15 19:33:35.953930,London-8a40,-4,56,Normal
2026-02-15 19:33:36.953930,London-8a40,11,38,Normal
2026-02-15 19:33:37.953930,London-8a40,13,2,Normal
2026-02-15 19:33:38.953930,London-8a40,-26,83,Normal
2026-02-15 19:33:39.953930,London-8a40,26,79,Normal
2026-02-15 19:33:40.953930,London-8a40,28,40,Normal
2026-02-15 19:33:41.953930,London-8a40,-3,28,Normal
2026-02-15 19:33:42.953930,London-8a40,23,87,Normal
2026-02-15 19:33:43.953930,London-8a40,11,66,Normal
2026-02-15 19:33:44.953930,London-8a40,15,31,Normal
2026-02-15 19:33:45.953930,London-8a40,10,86,Normal
2026-02-15 19:33:46.953930,London-8a40,-2,22,Normal
2026-02-15 19:33:47.953930,London-8a40,-3,26,Normal
2026-02-15 19:33:48.953930,London-8a40,-7,100,Normal
2026-02-15 19:33:49.953930,London-8a40,37,60,Normal
2026-02-15 19:33:50.953930,London-8a40,48,36,Normal
2026-02-15 19:33:51.953930,London-8a40,13,95,Normal
2026-02-15 19:33:52.953930,London-8a40,-17,89,Normal
2026-02-15 19:33:53.953930,London-8a40,20,69,Normal
2026-02-15 19:33:54.953930,London-8a40,9,86,Normal
2026-02-15 19:33:55.953930,London-8a40,-19,84,Normal
2026-02-15 19:33:56.953930,London-8a40,46,0,Normal
2026-02-15 19:33:57.953930,London-8a40,45,98,Normal
2026-02-15 19:33:58.953930,London-8a40,-21,81,Normal
2026-02-15 19:33:59.953930,London-8a40,-27,19,Normal
2026-02-15 19:34:00.953930,London-8a40,24,42,Normal
2026-02-15 19:34:01.953930,London-8a40,-24,57,Normal
2026-02-15 19:34:02.953930,London-8a40,-20,55,Normal
2026-02-15 19:34:03.953930,London-8a40,-7,98,Normal
2026-02-15 19:34:04.953930,London-8a40,-7,2,Normal
2026-02-15 19:34:05.953930,London-8a40,1,62,Normal
2026-02-15 19:34:06.953930,London-8a40,-13,99,Normal
2026-02-15 19:34:07.953930,London-8a40,28,34,Normal
2026-02-15 19:34:08.953930,London-8a40,-12,12,Normal
2026-02-15 19:34:09.953930,London-8a40,21,54,Normal
2026-02-15 19:34:10.953930,London-8a40,39,87,Normal
2026-02-15 19:34:11.953930,London-8a40,3,45,Normal
2026-02-15 19:34:12.953930,London-8a40,8,8,Normal
2026-02-15 19:34:13.953930,London-8a40,-18,4,Normal
2026-02-15 19:34:14.953930,London-8a40,-27,71,Normal
2026-02-15 19:34:15.953930,London-8a40,6,43,Normal
2026-02-15 19:34:16.953930,London-8a40,46,73,Normal
2026-02-15 19:34:17.953930,London-8a40,36,23,Normal
2026-02-15 19:34:18.953930,London-8a40,21,8,Normal
2026-02-15 19:34:19.953930,London-8a40,30,32,Normal
2026-02-15 19:34:20.953930,London-8a40,16,12,Normal
2026-02-15 19:34:21.953930,London-8a40,37,23,Normal
2026-02-15 19:34:22.953930,London-8a40,19,71,Normal
2026-02-15 19:34:23.953930,London-8a40,44,82,Normal
2026-02-15 19:34:24.953930,London-8a40,39,2,Normal
2026-02-15 19:34:25.953930,London-8a40,4,49,Normal
2026-02-15 19:34:26.953930,London-8a40,30,64,Normal
2026-02-15 19:34:27.953930,London-8a40,26,46,Normal
2026-02-15 19:34:28.953930,London-8a40,29,20,Normal
2026-02-15 19:34:29.953930,London-8a40,39,53,Normal
2026-02-15 19:34:30.953930,London-8a40,1,55,Normal
2026-02-15 19:34:31.953930,London-8a40,48,17,Normal
2026-02-15 19:34:32.953930,London-8a40,50,99,Normal
2026-02-15 19:34:33.953930,London-8a40,12,100,Normal
2026-02-15 19:34:34.953930,London-8a40,-14,5,Normal
2026-02-15 19:34:35.953930,London-8a40,37,75,Normal
2026-02-15 19:34:36.953930,London-8a40,-20,99,Normal
2026-02-15 19:34:37.953930,London-8a40,35,28,Normal
2026-02-15 19:34:38.953930,London-8a40,48,98,Normal
2026-02-15 19:34:39.953930,London-8a40,-16,61,Normal
2026-02-15 19:34:40.953930,London-8a40,-10,82,Normal
2026-02-15 19:34:41.953930,London-8a40,0,22,Normal
2026-02-15 19:34:42.953930,London-8a40,29,88,Normal
2026-02-15 19:34:43.953930,London-8a40,20,37,Normal
2026-02-15 19:34:44.953930,London-8a40,23,80,Normal
2026-02-15 19:34:45.953930,London-8a40,10,80,Normal
2026-02-15 19:34:46.953930,London-8a40,14,67,Normal
2026-02-15 19:34:47.953930,London-8a40,11,80,Normal
2026-02-15 19:34:48.953930,London-8a40,-7,76,Normal
2026-02-15 19:34:49.953930,London-8a40,-8,31,Normal
2026-02-15 19:34:50.953930,London-8a40,12,69,Normal
2026-02-15 19:34:51.953930,London-8a40,12,64,Normal
2026-02-15 19:34:52.953930,London-8a40,18,3,Normal
2026-02-15 19:34:53.953930,London-8a40,6,0,Normal
2026-02-15 19:34:54.953930,London-8a40,15,36,Normal
2026-02-15 19:34:55.953930,London-8a40,15,9,Normal
2026-02-15 19:34:56.953930,London-8a40,-1,67,Normal
2026-02-15 19:34:57.953930,London-8a40,1,96,Normal
2026-02-15 19:34:58.953930,London-8a40,-2,91,Normal
2026-02-15 19:34:59.953930,London-8a40,-19,20,Normal
2026-02-15 19:35:00.953930,London-8a40,32,45,Normal
2026-02-15 19:35:01.953930,London-8a40,33,82,Normal
2026-02-15 19:35:02.953930,London-8a40,47,80,Normal
2026-02-15 19:35:03.953930,London-8a40,27,84,Normal
2026-02-15 19:35:04.953930,London-8a40,-17,80,Normal
2026-02-15 19:35:05.953930,London-8a40,-6,46,Normal
2026-02-15 19:35:06.953930,London-8a40,19,9,Normal
2026-02-15 19:35:07.953930,London-8a40,46,58,Normal
2026-02-15 19:35:08.953930,London-8a40,29,98,Normal
2026-02-15 19:35:09.953930,London-8a40,-15,24,Normal
2026-02-15 19:35:10.953930,London-8a40,11,0,Normal
2026-02-15 19:35:11.953930,London-8a40,-17,30,Normal
2026-02-15 19:35:12.953930,London-8a40,2,50,Normal
2026-02-15 19:35:13.953930,London-8a40,4,40,Normal
2026-02-15 19:35:14.953930,London-8a40,39,95,Normal
2026-02-15 19:35:15.953930,London-8a40,28,63,Normal
2026-02-15 19:35:16.953930,London-8a40,50,73,Normal
2026-02-15 19:35:17.953930,London-8a40,12,56,Normal
2026-02-15 19:35:18.953930,London-8a40,13,60,Normal
2026-02-15 19:35:19.953930,London-8a40,5,26,Normal
2026-02-15 19:35:20.953930,London-8a40,22,8,Normal
2026-02-15 19:35:21.953930,London-8a40,14,30,Normal
2026-02-15 19:35:22.953930,London-8a40,25,22,Normal
2026-02-15 19:35:23.953930,London-8a40,-6,34,Normal
2026-02-15 19:35:24.953930,London-8a40,-5,36,Normal
2026-02-15 19:35:25.953930,London-8a40,42,84,Normal
2026-02-15 19:35:26.953930,London-8a40,48,35,Normal
2026-02-15 19:35:27.953930,London-8a40,19,73,Normal
2026-02-15 19:35:28.953930,London-8a40,0,12,Normal
2026-02-15 19:35:29.953930,London-8a40,42,98,Normal
2026-02-15 19:35:30.953930,London-8a40,-23,82,Normal
2026-02-15 19:35:31.953930,London-8a40,-3,24,Normal
2026-02-15 19:35:32.953930,London-8a40,-29,66,Normal
2026-02-15 19:35:33.953930,London-8a40,34,100,Normal
2026-02-15 19:35:34.953930,London-8a40,19,97,Normal
2026-02-15 19:35:35.953930,London-8a40,19,42,Normal
2026-02-15 19:35:36.953930,London-8a40,13,2,Normal
2026-02-15 19:35:37.953930,London-8a40,42,98,Normal
2026-02-15 19:35:38.953930,London-8a40,-12,53,Normal
2026-02-15 19:35:39.953930,London-8a40,26,97,Normal
2026-02-15 19:35:40.953930,London-8a40,36,96,Normal
2026-02-15 19:35:41.953930,London-8a40,-29,95,Normal
2026-02-15 19:35:42.953930,London-8a40,14,62,Normal
2026-02-15 19:35:43.953930,London-8a40,6,0,Normal
2026-02-15 19:35:44.953930,London-8a40,11,58,Normal
2026-02-15 19:35:45.953930,London-8a40,42,87,Normal
2026-02-15 19:35:46.953930,London-8a40,-25,18,Normal
2026-02-15 19:35:47.953930,London-8a40,18,69,Normal
2026-02-15 19:35:48.953930,London-8a40,-17,80,Normal
2026-02-15 19:35:49.953930,London-8a40,0,73,Normal
2026-02-15 19:35:50.953930,London-8a40,0,90,Normal
2026-02-15 19:35:51.953930,London-8a40,-13,28,Normal
2026-02-15 19:35:52.953930,London-8a40,42,14,Normal
2026-02-15 19:35:53.953930,London-8a40,-24,100,Normal
2026-02-15 19:35:54.953930,London-8a40,43,27,Normal
2026-02-15 19:35:55.953930,London-8a40,-11,69,Normal
2026-02-15 19:35:56.953930,London-8a40,21,68,Normal
2026-02-15 19:35:57.953930,London-8a40,41,87,Normal
2026-02-15 19:35:58.953930,London-8a40,32,50,Normal
2026-02-15 19:35:59.953930,London-8a40,15,75,Normal
2026-02-15 19:36:00.953930,London-8a40,32,38,Normal
2026-02-15 19:36:01.953930,London-8a40,-17,16,Normal
2026-02-15 19:36:02.953930,London-8a40,-17,92,Normal
2026-02-15 19:36:03.953930,London-8a40,21,11,Normal
2026-02-15 19:36:04.953930,London-8a40,6,12,Normal
2026-02-15 19:36:05.953930,London-8a40,-8,100,Normal
2026-02-15 19:36:06.953930,London-8a40,22,64,Normal
2026-02-15 19:36:07.953930,London-8a40,45,7,Normal
2026-02-15 19:36:08.953930,London-8a40,4,98,Normal
2026-02-15 19:36:09.953930,London-8a40,-24,66,Normal
2026-02-15 19:36:10.953930,London-8a40,-7,23,Normal
2026-02-15 19:36:11.953930,London-8a40,28,94,Normal
2026-02-15 19:36:12.953930,London-8a40,32,20,Normal
2026-02-15 19:36:13.953930,London-8a40,-23,46,Normal
2026-02-15 19:36:14.953930,London-8a40,-21,74,Normal
2026-02-15 19:36:15.953930,London-8a40,-25,8,Normal
2026-02-15 19:36:16.953930,London-8a40,-30,85,Normal
2026-02-15 19:36:17.953930,London-8a40,-28,2,Normal
2026-02-15 19:36:18.953930,London-8a40,-9,39,Normal
2026-02-15 19:36:19.953930,London-8a40,4,61,Normal
2026-02-15 19:36:20.953930,London-8a40,18,87,Normal
2026-02-15 19:36:21.953930,London-8a40,-17,6,Normal
2026-02-15 19:36:22.953930,London-8a40,14,41,Normal
2026-02-15 19:36:23.953930,London-8a40,23,97,Normal
2026-02-15 19:36:24.953930,London-8a40,26,28,Normal
2026-02-15 19:36:25.953930,London-8a40,-6,81,Normal
2026-02-15 19:36:26.953930,London-8a40,3,59,Normal
2026-02-15 19:36:27.953930,London-8a40,8,53,Normal
2026-02-15 19:36:28.953930,London-8a40,3,73,Normal
2026-02-15 19:36:29.953930,London-8a40,-12,61,Normal
2026-02-15 19:36:30.953930,London-8a40,41,64,Normal
2026-02-15 19:36:31.953930,London-8a40,50,43,Normal
2026-02-15 19:36:32.953930,London-8a40,-25,64,Normal
2026-02-15 19:36:33.953930,London-8a40,-13,73,Normal
2026-02-15 19:36:34.953930,London-8a40,-4,60,Normal
2026-02-15 19:36:35.953930,London-8a40,22,59,Normal
2026-02-15 19:36:36.953930,London-8a40,29,24,Normal
2026-02-15 19:36:37.953930,London-8a40,-14,27,Normal
2026-02-15 19:36:38.953930,London-8a40,-24,43,Normal
2026-02-15 19:36:39.953930,London-8a40,19,25,Normal
2026-02-15 19:36:40.953930,London-8a40,47,40,Normal
2026-02-15 19:36:41.953930,London-8a40,36,7,Normal
2026-02-15 19:36:42.953930,London-8a40,-5,78,Normal
2026-02-15 19:36:43.953930,London-8a40,-5,27,Normal
2026-02-15 19:36:44.953930,London-8a40,-30,91,Normal
2026-02-15 19:36:45.953930,London-8a40,15,43,Normal
2026-02-15 19:36:46.953930,London-8a40,43,19,Normal
2026-02-15 19:36:47.953930,London-8a40,38,1,Normal
2026-02-15 19:36:48.953930,London-8a40,30,50,Normal
2026-02-15 19:36:49.953930,London-8a40,32,73,Normal
2026-02-15 19:36:50.953930,London-8a40,14,16,Normal
2026-02-15 19:36:51.953930,London-8a40,42,14,Normal
2026-02-15 19:36:52.953930,London-8a40,7,4,Normal
2026-02-15 19:36:53.953930,London-8a40,33,94,Normal
2026-02-15 19:36:54.953930,London-8a40,9,16,Normal
2026-02-15 19:36:55.953930,London-8a40,36,74,Normal
2026-02-15 19:36:56.953930,London-8a40,-14,64,Normal
2026-02-15 19:36:57.953930,London-8a40,48,36,Normal
2026-02-15 19:36:58.953930,London-8a40,33,19,Normal
2026-02-15 19:36:59.953930,London-8a40,2,94,Normal
2026-02-15 19:37:00.953930,London-8a40,-7,30,Normal
2026-02-15 19:37:01.953930,London-8a40,-18,9,Normal
2026-02-15 19:37:02.953930,London-8a40,11,58,Normal
2026-02-15 19:37:03.953930,London-8a40,37,97,Normal
2026-02-15 19:37:04.953930,London-8a40,40,7,Normal
2026-02-15 19:37:05.953930,London-8a40,-16,39,Normal
2026-02-15 19:37:06.953930,London-8a40,39,57,Normal
2026-02-15 19:37:07.953930,London-8a40,18,17,Normal
2026-02-15 19:37:08.953930,London-8a40,50,46,Normal
2026-02-15 19:37:09.953930,London-8a40,27,62,Normal
2026-02-15 19:37:10.953930,London-8a40,45,86,Normal
2026-02-15 19:37:11.953930,London-8a40,44,60,Normal
2026-02-15 19:37:12.953930,London-8a40,27,9,Normal
2026-02-15 19:37:13.953930,London-8a40,-15,74,Normal
2026-02-15 19:37:14.953930,London-8a40,9,47,Normal
2026-02-15 19:37:15.953930,London-8a40,-9,52,Normal
2026-02-15 19:37:16.953930,London-8a40,-25,34,Normal
2026-02-15 19:37:17.953930,London-8a40,-18,44,Normal
2026-02-15 19:37:18.953930,London-8a40,-13,80,Normal
2026-02-15 19:37:19.953930,London-8a40,-8,99,Normal
2026-02-15 19:37:20.953930,London-8a40,-17,80,Normal
2026-02-15 19:37:21.953930,London-8a40,20,50,Normal
2026-02-15 19:37:22.953930,London-8a40,26,1,Normal
2026-02-15 19:37:23.953930,London-8a40,-19,47,Normal
2026-02-15 19:37:24.953930,London-8a40,-26,39,Normal
2026-02-15 19:37:25.953930,London-8a40,10,35,Normal
2026-02-15 19:37:26.953930,London-8a40,9,42,Normal
2026-02-15 19:37:27.953930,London-8a40,-2,94,Normal
2026-02-15 19:37:28.953930,London-8a40,-28,2,Normal
2026-02-15 19:37:29.953930,London-8a40,37,50,Normal
2026-02-15 19:37:30.953930,London-8a40,-13,0,Normal
2026-02-15 19:37:31.953930,London-8a40,18,44,Normal
2026-02-15 19:37:32.953930,London-8a40,-24,85,Normal
2026-02-15 19:37:33.953930,London-8a40,19,69,Normal
2026-02-15 19:37:34.953930,London-8a40,14,53,Normal
2026-02-15 19:37:35.953930,London-8a40,-6,60,Normal
2026-02-15 19:37:36.953930,London-8a40,3,68,Normal
2026-02-15 19:37:37.953930,London-8a40,3,77,Normal
2026-02-15 19:37:38.953930,London-8a40,2,28,Normal
2026-02-15 19:37:39.953930,London-8a40,14,99,Normal
2026-02-15 19:37:40.953930,London-8a40,8,13,Normal
2026-02-15 19:37:41.953930,London-8a40,42,5,Normal
2026-02-15 19:37:42.953930,London-8a40,11,64,Normal
2026-02-15 19:37:43.953930,London-8a40,25,78,Normal
2026-02-15 19:37:44.953930,London-8a40,35,1,Normal
2026-02-15 19:37:45.953930,London-8a40,30,47,Normal
2026-02-15 19:37:46.953930,London-8a40,12,96,Normal
2026-02-15 19:37:47.953930,London-8a40,0,25,Normal
2026-02-15 19:37:48.953930,London-8a40,20,34,Normal
2026-02-15 19:37:49.953930,London-8a40,11,61,Normal
2026-02-15 19:37:50.953930,London-8a40,-7,21,Normal
2026-02-15 19:37:51.953930,London-8a40,-28,88,Normal
2026-02-15 19:37:52.953930,London-8a40,20,48,Normal
2026-02-15 19:37:53.953930,London-8a40,-11,41,Normal
2026-02-15 19:37:54.953930,London-8a40,29,61,Normal
2026-02-15 19:37:55.953930,London-8a40,49,73,Normal
2026-02-15 19:37:56.953930,London-8a40,-14,49,Normal
2026-02-15 19:37:57.953930,London-8a40,-16,71,Normal
2026-02-15 19:37:58.953930,London-8a40,43,10,Normal
2026-02-15 19:37:59.953930,London-8a40,-14,37,Normal
2026-02-15 19:38:00.953930,London-8a40,27,23,Normal
2026-02-15 19:38:01.953930,London-8a40,-26,31,Normal
2026-02-15 19:38:02.953930,London-8a40,43,19,Normal
2026-02-15 19:38:03.953930,London-8a40,12,2,Normal
2026-02-15 19:38:04.953930,London-8a40,-9,11,Normal
2026-02-15 19:38:05.953930,London-8a40,-26,98,Normal
2026-02-15 19:38:06.953930,London-8a40,27,20,Normal
2026-02-15 19:38:07.953930,London-8a40,18,83,Normal
2026-02-15 19:38:08.953930,London-8a40,35,74,Normal
2026-02-15 19:38:09.953930,London-8a40,20,46,Normal
2026-02-15 19:38:10.953930,London-8a40,-26,75,Normal
2026-02-15 19:38:11.953930,London-8a40,0,62,Normal
2026-02-15 19:38:12.953930,London-8a40,-2,47,Normal
2026-02-15 19:38:13.953930,London-8a40,-6,9,Normal
2026-02-15 19:38:14.953930,London-8a40,-26,10,Normal
2026-02-15 19:38:15.953930,London-8a40,-25,6,Normal
2026-02-15 19:38:16.953930,London-8a40,35,75,Normal
2026-02-15 19:38:17.953930,London-8a40,-14,61,Normal
2026-02-15 19:38:18.953930,London-8a40,-10,15,Normal
2026-02-15 19:38:19.953930,London-8a40,30,76,Normal
2026-02-15 19:38:20.953930,London-8a40,-27,70,Normal
2026-02-15 19:38:21.953930,London-8a40,48,11,Normal
2026-02-15 19:38:22.953930,London-8a40,7,9,Normal
2026-02-15 19:38:23.953930,London-8a40,23,100,Normal
2026-02-15 19:38:24.953930,London-8a40,44,93,Normal
2026-02-15 19:38:25.953930,London-8a40,-17,8,Normal
2026-02-15 19:38:26.953930,London-8a40,9,80,Normal
2026-02-15 19:38:27.953930,London-8a40,17,89,Normal
2026-02-15 19:38:28.953930,London-8a40,8,94,Normal
2026-02-15 19:38:29.953930,London-8a40,48,7,Normal
2026-02-15 19:38:30.953930,London-8a40,37,85,Normal
2026-02-15 19:38:31.953930,London-8a40,-2,11,Normal
2026-02-15 19:38:32.953930,London-8a40,21,47,Normal
2026-02-15 19:38:33.953930,London-8a40,28,47,Normal
2026-02-15 19:38:34.953930,London-8a40,-21,64,Normal
2026-02-15 19:38:35.953930,London-8a40,49,48,Normal
2026-02-15 19:38:36.953930,London-8a40,16,89,Normal
2026-02-15 19:38:37.953930,London-8a40,25,88,Normal
2026-02-15 19:38:38.953930,London-8a40,-29,42,Normal
2026-02-15 19:38:39.953930,London-8a40,20,48,Normal
2026-02-15 19:38:40.953930,London-8a40,-13,0,Normal
2026-02-15 19:38:41.953930,London-8a40,-20,0,Normal
2026-02-15 19:38:42.953930,London-8a40,15,45,Normal
2026-02-15 19:38:43.953930,London-8a40,49,99,Normal
2026-02-15 19:38:44.953930,London-8a40,-5,47,Normal
2026-02-15 19:38:45.953930,London-8a40,2,19,Normal
2026-02-15 19:38:46.953930,London-8a40,13,85,Normal
2026-02-15 19:38:47.953930,London-8a40,24,48,Normal
2026-02-15 19:38:48.953930,London-8a40,-19,75,Normal
2026-02-15 19:38:49.953930,London-8a40,29,36,Normal
2026-02-15 19:38:50.953930,London-8a40,22,13,Normal
2026-02-15 19:38:51.953930,London-8a40,36,86,Normal
2026-02-15 19:38:52.953930,London-8a40,23,83,Normal
2026-02-15 19:38:53.953930,London-8a40,16,26,Normal
2026-02-15 19:38:54.953930,London-8a40,-9,6,Normal
2026-02-15 19:38:55.953930,London-8a40,-30,82,Normal
2026-02-15 19:38:56.953930,London-8a40,10,96,Normal
2026-02-15 19:38:57.953930,London-8a40,46,83,Normal
2026-02-15 19:38:58.953930,London-8a40,17,37,Normal
2026-02-15 19:38:59.953930,London-8a40,1,59,Normal
2026-02-15 19:39:00.953930,London-8a40,43,69,Normal
2026-02-15 19:39:01.953930,London-8a40,20,47,Normal
2026-02-15 19:39:02.953930,London-8a40,3,38,Normal
2026-02-15 19:39:03.953930,London-8a40,22,71,Normal
2026-02-15 19:39:04.953930,London-8a40,49,88,Normal
2026-02-15 19:39:05.953930,London-8a40,-9,37,Normal
2026-02-15 19:39:06.953930,London-8a40,44,70,Normal
2026-02-15 19:39:07.953930,London-8a40,-20,7,Normal
2026-02-15 19:39:08.953930,London-8a40,-24,7,Normal
2026-02-15 19:39:09.953930,London-8a40,5,96,Normal
2026-02-15 19:39:10.953930,London-8a40,-25,14,Normal
2026-02-15 19:39:11.953930,London-8a40,31,66,Normal
2026-02-15 19:39:12.953930,London-8a40,36,77,Normal
2026-02-15 19:39:13.953930,London-8a40,25,6,Normal
2026-02-15 19:39:14.953930,London-8a40,48,73,Normal
2026-02-15 19:39:15.953930,London-8a40,35,74,Normal
2026-02-15 19:39:16.953930,London-8a40,37,62,Normal
2026-02-15 19:39:17.953930,London-8a40,-7,77,Normal
2026-02-15 19:39:18.953930,London-8a40,13,54,Normal
2026-02-15 19:39:19.953930,London-8a40,27,83,Normal
2026-02-15 19:39:20.953930,London-8a40,13,12,Normal
2026-02-15 19:39:21.953930,London-8a40,2,89,Normal
2026-02-15 19:39:22.953930,London-8a40,8,7,Normal
2026-02-15 19:39:23.953930,London-8a40,-16,10,Normal
2026-02-15 19:39:24.953930,London-8a40,43,71,Normal
2026-02-15 19:39:25.953930,London-8a40,-2,69,Normal
2026-02-15 19:39:26.953930,London-8a40,14,34,Normal
2026-02-15 19:39:27.953930,London-8a40,28,90,Normal
2026-02-15 19:39:28.953930,London-8a40,-2,88,Normal
2026-02-15 19:39:29.953930,London-8a40,47,74,Normal
2026-02-15 19:39:30.953930,London-8a40,41,74,Normal
2026-02-15 19:39:31.953930,London-8a40,-13,95,Normal
2026-02-15 19:39:32.953930,London-8a40,1,39,Normal
2026-02-15 19:39:33.953930,London-8a40,35,3,Normal
2026-02-15 19:39:34.953930,London-8a40,-6,59,Normal
2026-02-15 19:39:35.953930,London-8a40,4,15,Normal
2026-02-15 19:39:36.953930,London-8a40,-24,55,Normal
2026-02-15 19:39:37.953930,London-8a40,-15,38,Normal
2026-02-15 19:39:38.953930,London-8a40,5,98,Normal
2026-02-15 19:39:39.953930,London-8a40,-9,31,Normal
2026-02-15 19:39:40.953930,London-8a40,-21,90,Normal
2026-02-15 19:39:41.953930,London-8a40,21,38,Normal
2026-02-15 19:39:42.953930,London-8a40,42,2,Normal
2026-02-15 19:39:43.953930,London-8a40,12,2,Normal
2026-02-15 19:39:44.953930,London-8a40,2,18,Normal
2026-02-15 19:39:45.953930,London-8a40,36,98,Normal
2026-02-15 19:39:46.953930,London-8a40,-30,54,Normal
2026-02-15 19:39:47.953930,London-8a40,34,24,Normal
2026-02-15 19:39:48.953930,London-8a40,9,8,Normal
2026-02-15 19:39:49.953930,London-8a40,10,21,Normal
2026-02-15 19:39:50.953930,London-8a40,10,65,Normal
2026-02-15 19:39:51.953930,London-8a40,-6,62,Normal
2026-02-15 19:39:52.953930,London-8a40,44,98,Normal
2026-02-15 19:39:53.953930,London-8a40,4,52,Normal
2026-02-15 19:39:54.953930,London-8a40,50,9,Normal
2026-02-15 19:39:55.953930,London-8a40,24,53,Normal
2026-02-15 19:39:56.953930,London-8a40,49,43,Normal
2026-02-15 19:39:57.953930,London-8a40,28,41,Normal
2026-02-15 19:39:58.953930,London-8a40,-29,65,Normal
2026-02-15 19:39:59.953930,London-8a40,-25,92,Normal
2026-02-15 19:40:00.953930,London-8a40,-1,34,Normal
2026-02-15 19:40:01.953930,London-8a40,20,71,Normal
2026-02-15 19:40:02.953930,London-8a40,45,84,Normal
2026-02-15 19:40:03.953930,London-8a40,43,71,Normal
2026-02-15 19:40:04.953930,London-8a40,-23,56,Normal
2026-02-15 19:40:05.953930,London-8a40,24,32,Normal
2026-02-15 19:40:06.953930,London-8a40,-6,72,Normal
2026-02-15 19:40:07.953930,London-8a40,-11,28,Normal
2026-02-15 19:40:08.953930,London-8a40,0,52,Normal
2026-02-15 19:40:09.953930,London-8a40,-9,84,Normal
2026-02-15 19:40:10.953930,London-8a40,-8,7,Normal
2026-02-15 19:40:11.953930,London-8a40,22,37,Normal
2026-02-15 19:40:12.953930,London-8a40,35,81,Normal
2026-02-15 19:40:13.953930,London-8a40,-2,67,Normal
2026-02-15 19:40:14.953930,London-8a40,6,81,Normal
2026-02-15 19:40:15.953930,London-8a40,45,50,Normal
2026-02-15 19:40:16.953930,London-8a40,-27,39,Normal
2026-02-15 19:40:17.953930,London-8a40,41,83,Normal
2026-02-15 19:40:18.953930,London-8a40,-30,21,Normal
2026-02-15 19:40:19.953930,London-8a40,-19,32,Normal
2026-02-15 19:40:20.953930,London-8a40,10,99,Normal
2026-02-15 19:40:21.953930,London-8a40,42,19,Normal
2026-02-15 19:40:22.953930,London-8a40,35,47,Normal
2026-02-15 19:40:23.953930,London-8a40,-16,74,Normal
2026-02-15 19:40:24.953930,London-8a40,41,9,Normal
2026-02-15 19:40:25.953930,London-8a40,-20,56,Normal
2026-02-15 19:40:26.953930,London-8a40,-6,47,Normal
2026-02-15 19:40:27.953930,London-8a40,-13,28,Normal
2026-02-15 19:40:28.953930,London-8a40,21,66,Normal
2026-02-15 19:40:29.953930,London-8a40,13,63,Normal
2026-02-15 19:40:30.953930,London-8a40,31,44,Normal
2026-02-15 19:40:31.953930,London-8a40,41,7,Normal
2026-02-15 19:40:32.953930,London-8a40,39,98,Normal
2026-02-15 19:40:33.953930,London-8a40,6,46,Normal
2026-02-15 19:40:34.953930,London-8a40,22,40,Normal
2026-02-15 19:40:35.953930,London-8a40,-18,14,Normal
2026-02-15 19:40:36.953930,London-8a40,37,48,Normal
2026-02-15 19:40:37.953930,London-8a40,40,45,Normal
2026-02-15 19:40:38.953930,London-8a40,37,49,Normal
2026-02-15 19:40:39.953930,London-8a40,7,23,Normal
2026-02-15 19:40:40.953930,London-8a40,15,25,Normal
2026-02-15 19:40:41.953930,London-8a40,-9,7,Normal
2026-02-15 19:40:42.953930,London-8a40,47,85,Normal
2026-02-15 19:40:43.953930,London-8a40,-16,55,Normal
2026-02-15 19:40:44.953930,London-8a40,27,56,Normal
2026-02-15 19:40:45.953930,London-8a40,-22,79,Normal
2026-02-15 19:40:46.953930,London-8a40,23,16,Normal
2026-02-15 19:40:47.953930,London-8a40,-29,36,Normal
2026-02-15 19:40:48.953930,London-8a40,37,65,Normal
2026-02-15 19:40:49.953930,London-8a40,29,54,Normal
2026-02-15 19:40:50.953930,London-8a40,17,32,Normal
2026-02-15 19:40:51.953930,London-8a40,-10,65,Normal
2026-02-15 19:40:52.953930,London-8a40,6,100,Normal
2026-02-15 19:40:53.953930,London-8a40,-1,23,Normal
2026-02-15 19:40:54.953930,London-8a40,-20,35,Normal
2026-02-15 19:40:55.953930,London-8a40,35,51,Normal
2026-02-15 19:40:56.953930,London-8a40,-2,66,Normal
2026-02-15 19:40:57.953930,London-8a40,-26,8,Normal
2026-02-15 19:40:58.953930,London-8a40,13,29,Normal
2026-02-15 19:40:59.953930,London-8a40,30,53,Normal
2026-02-15 19:41:00.953930,London-8a40,44,58,Normal
2026-02-15 19:41:01.953930,London-8a40,7,62,Normal
2026-02-15 19:41:02.953930,London-8a40,-1,59,Normal
2026-02-15 19:41:03.953930,London-8a40,5,55,Normal
2026-02-15 19:41:04.953930,London-8a40,44,20,Normal
2026-02-15 19:41:05.953930,London-8a40,-17,8,Normal
2026-02-15 19:41:06.953930,London-8a40,44,49,Normal
2026-02-15 19:41:07.953930,London-8a40,9,32,Normal
2026-02-15 19:41:08.953930,London-8a40,-29,64,Normal
2026-02-15 19:41:09.953930,London-8a40,31,13,Normal
2026-02-15 19:41:10.953930,London-8a40,-13,91,Normal
2026-02-15 19:41:11.953930,London-8a40,-23,48,Normal
2026-02-15 19:41:12.953930,London-8a40,26,55,Normal
2026-02-15 19:41:13.953930,London-8a40,45,23,Normal
2026-02-15 19:41:14.953930,London-8a40,43,33,Normal
2026-02-15 19:41:15.953930,London-8a40,29,36,Normal
2026-02-15 19:41:16.953930,London-8a40,37,56,Normal
2026-02-15 19:41:17.953930,London-8a40,15,72,Normal
2026-02-15 19:41:18.953930,London-8a40,10,40,Normal
2026-02-15 19:41:19.953930,London-8a40,-25,95,Normal
2026-02-15 19:41:20.953930,London-8a40,-12,63,Normal
2026-02-15 19:41:21.953930,London-8a40,24,29,Normal
2026-02-15 19:41:22.953930,London-8a40,-11,27,Normal
2026-02-15 19:41:23.953930,London-8a40,-12,16,Normal
2026-02-15 19:41:24.953930,London-8a40,38,48,Normal
2026-02-15 19:41:25.953930,London-8a40,35,39,Normal
2026-02-15 19:41:26.953930,London-8a40,14,100,Normal
2026-02-15 19:41:27.953930,London-8a40,11,50,Normal
2026-02-15 19:41:28.953930,London-8a40,-15,93,Normal
2026-02-15 19:41:29.953930,London-8a40,32,62,Normal
2026-02-15 19:41:30.953930,London-8a40,-24,83,Normal
2026-02-15 19:41:31.953930,London-8a40,38,79,Normal
2026-02-15 19:41:32.953930,London-8a40,2,20,Normal
2026-02-15 19:41:33.953930,London-8a40,-23,95,Normal
2026-02-15 19:41:34.953930,London-8a40,0,16,Normal
2026-02-15 19:41:35.953930,London-8a40,4,39,Normal
2026-02-15 19:41:36.953930,London-8a40,40,42,Normal
2026-02-15 19:41:37.953930,London-8a40,35,54,Normal
2026-02-15 19:41:38.953930,London-8a40,16,15,Normal
2026-02-15 19:41:39.953930,London-8a40,7,35,Normal
2026-02-15 19:41:40.953930,London-8a40,-11,88,Normal
2026-02-15 19:41:41.953930,London-8a40,42,93,Normal
2026-02-15 19:41:42.953930,London-8a40,22,21,Normal
2026-02-15 19:41:43.953930,London-8a40,9,28,Normal
2026-02-15 19:41:44.953930,London-8a40,40,47,Normal
2026-02-15 19:41:45.953930,London-8a40,13,28,Normal
2026-02-15 19:41:46.953930,London-8a40,-15,24,Normal
2026-02-15 19:41:47.953930,London-8a40,-22,31,Normal
2026-02-15 19:41:48.953930,London-8a40,16,14,Normal
2026-02-15 19:41:49.953930,London-8a40,-15,6,Normal
2026-02-15 19:41:50.953930,London-8a40,44,48,Normal
2026-02-15 19:41:51.953930,London-8a40,-8,56,Normal
2026-02-15 19:41:52.953930,London-8a40,2,82,Normal
2026-02-15 19:41:53.953930,London-8a40,-22,54,Normal
2026-02-15 19:41:54.953930,London-8a40,8,20,Normal
2026-02-15 19:41:55.953930,London-8a40,31,45,Normal
2026-02-15 19:41:56.953930,London-8a40,14,94,Normal
2026-02-15 19:41:57.953930,London-8a40,-25,36,Normal
2026-02-15 19:41:58.953930,London-8a40,10,0,Normal
2026-02-15 19:41:59.953930,London-8a40,38,42,Normal
2026-02-15 19:42:00.953930,London-8a40,-9,53,Normal
2026-02-15 19:42:01.953930,London-8a40,-28,89,Normal
2026-02-15 19:42:02.953930,London-8a40,-16,96,Normal
2026-02-15 19:42:03.953930,London-8a40,21,12,Normal
2026-02-15 19:42:04.953930,London-8a40,17,31,Normal
2026-02-15 19:42:05.953930,London-8a40,38,15,Normal
2026-02-15 19:42:06.953930,London-8a40,-18,59,Normal
2026-02-15 19:42:07.953930,London-8a40,37,30,Normal
2026-02-15 19:42:08.953930,London-8a40,-14,1,Normal
2026-02-15 19:42:09.953930,London-8a40,13,32,Normal
2026-02-15 19:42:10.953930,London-8a40,1,4,Normal
2026-02-15 19:42:11.953930,London-8a40,-14,23,Normal
2026-02-15 19:42:12.953930,London-8a40,2,75,Normal
2026-02-15 19:42:13.953930,London-8a40,18,74,Normal
2026-02-15 19:42:14.953930,London-8a40,-24,49,Normal
2026-02-15 19:42:15.953930,London-8a40,-1,6,Normal
2026-02-15 19:42:16.953930,London-8a40,44,7,Normal
2026-02-15 19:42:17.953930,London-8a40,-7,42,Normal
2026-02-15 19:42:18.953930,London-8a40,13,50,Normal
2026-02-15 19:42:19.953930,London-8a40,-13,68,Normal
2026-02-15 19:42:20.953930,London-8a40,12,38,Normal
2026-02-15 19:42:21.953930,London-8a40,9,86,Normal
2026-02-15 19:42:22.953930,London-8a40,-23,80,Normal
2026-02-15 19:42:23.953930,London-8a40,21,47,Normal
2026-02-15 19:42:24.953930,London-8a40,-11,34,Normal
2026-02-15 19:42:25.953930,London-8a40,-8,25,Normal
2026-02-15 19:42:26.953930,London-8a40,-11,6,Normal
2026-02-15 19:42:27.953930,London-8a40,35,12,Normal
2026-02-15 19:42:28.953930,London-8a40,8,75,Normal
2026-02-15 19:42:29.953930,London-8a40,46,6,Normal
2026-02-15 19:42:30.953930,London-8a40,2,39,Normal
2026-02-15 19:42:31.953930,London-8a40,44,16,Normal
2026-02-15 19:42:32.953930,London-8a40,-22,62,Normal
2026-02-15 19:42:33.953930,London-8a40,8,51,Normal
2026-02-15 19:42:34.953930,London-8a40,32,8,Normal
2026-02-15 19:42:35.953930,London-8a40,29,50,Normal
2026-02-15 19:42:36.953930,London-8a40,-29,83,Normal
2026-02-15 19:42:37.953930,London-8a40,1,35,Normal
2026-02-15 19:42:38.953930,London-8a40,-6,91,Normal
2026-02-15 19:42:39.953930,London-8a40,-9,89,Normal
2026-02-15 19:42:40.953930,London-8a40,14,100,Normal
2026-02-15 19:42:41.953930,London-8a40,-11,66,Normal
2026-02-15 19:42:42.953930,London-8a40,-18,98,Normal
2026-02-15 19:42:43.953930,London-8a40,48,19,Normal
2026-02-15 19:42:44.953930,London-8a40,-12,100,Normal
2026-02-15 19:42:45.953930,London-8a40,22,7,Normal
2026-02-15 19:42:46.953930,London-8a40,34,80,Normal
2026-02-15 19:42:47.953930,London-8a40,-8,29,Normal
2026-02-15 19:42:48.953930,London-8a40,-17,62,Normal
2026-02-15 19:42:49.953930,London-8a40,-9,96,Normal
2026-02-15 19:42:50.953930,London-8a40,20,60,Normal
2026-02-15 19:42:51.953930,London-8a40,36,42,Normal
2026-02-15 19:42:52.953930,London-8a40,-13,33,Normal
2026-02-15 19:42:53.953930,London-8a40,37,27,Normal
2026-02-15 19:42:54.953930,London-8a40,-10,51,Normal
2026-02-15 19:42:55.953930,London-8a40,-2,52,Normal
2026-02-15 19:42:56.953930,London-8a40,10,49,Normal
2026-02-15 19:42:57.953930,London-8a40,-11,45,Normal
2026-02-15 19:42:58.953930,London-8a40,20,0,Normal
2026-02-15 19:42:59.953930,London-8a40,21,46,Normal
2026-02-15 19:43:00.953930,London-8a40,-7,85,Normal
2026-02-15 19:43:01.953930,London-8a40,45,99,Normal
2026-02-15 19:43:02.953930,London-8a40,12,33,Normal
2026-02-15 19:43:03.953930,London-8a40,19,34,Normal
2026-02-15 19:43:04.953930,London-8a40,50,31,Normal
2026-02-15 19:43:05.953930,London-8a40,-25,41,Normal
2026-02-15 19:43:06.953930,London-8a40,38,79,Normal
2026-02-15 19:43:07.953930,London-8a40,8,64,Normal
2026-02-15 19:43:08.953930,London-8a40,-14,85,Normal
2026-02-15 19:43:09.953930,London-8a40,13,47,Normal
2026-02-15 19:43:10.953930,London-8a40,43,74,Normal
2026-02-15 19:43:11.953930,London-8a40,24,69,Normal
2026-02-15 19:43:12.953930,London-8a40,44,65,Normal
2026-02-15 19:43:13.953930,London-8a40,18,24,Normal
2026-02-15 19:43:14.953930,London-8a40,24,31,Normal
2026-02-15 19:43:15.953930,London-8a40,11,36,Normal
2026-02-15 19:43:16.953930,London-8a40,48,77,Normal
2026-02-15 19:43:17.953930,London-8a40,-21,24,Normal
2026-02-15 19:43:18.953930,London-8a40,-5,57,Normal
2026-02-15 19:43:19.953930,London-8a40,22,12,Normal
2026-02-15 19:43:20.953930,London-8a40,-28,76,Normal
2026-02-15 19:43:21.953930,London-8a40,-10,50,Normal
2026-02-15 19:43:22.953930,London-8a40,14,20,Normal
2026-02-15 19:43:23.953930,London-8a40,-16,44,Normal
2026-02-15 19:43:24.953930,London-8a40,15,62,Normal
2026-02-15 19:43:25.953930,London-8a40,-30,50,Normal
2026-02-15 19:43:26.953930,London-8a40,14,21,Normal
2026-02-15 19:43:27.953930,London-8a40,-9,53,Normal
2026-02-15 19:43:28.953930,London-8a40,-21,6,Normal
2026-02-15 19:43:29.953930,London-8a40,0,72,Normal
2026-02-15 19:43:30.953930,London-8a40,4,7,Normal
2026-02-15 19:43:31.953930,London-8a40,28,49,Normal
2026-02-15 19:43:32.953930,London-8a40,49,27,Normal
2026-02-15 19:43:33.953930,London-8a40,-21,75,Normal
2026-02-15 19:43:34.953930,London-8a40,23,49,Normal
2026-02-15 19:43:35.953930,London-8a40,9,57,Normal
2026-02-15 19:43:36.953930,London-8a40,33,16,Normal
2026-02-15 19:43:37.953930,London-8a40,38,14,Normal
2026-02-15 19:43:38.953930,London-8a40,-11,21,Normal
2026-02-15 19:43:39.953930,London-8a40,7,10,Normal
2026-02-15 19:43:40.953930,London-8a40,30,19,Normal
2026-02-15 19:43:41.953930,London-8a40,27,95,Normal
2026-02-15 19:43:42.953930,London-8a40,29,94,Normal
2026-02-15 19:43:43.953930,London-8a40,7,59,Normal
2026-02-15 19:43:44.953930,London-8a40,-23,57,Normal
2026-02-15 19:43:45.953930,London-8a40,36,6,Normal
2026-02-15 19:43:46.953930,London-8a40,-8,97,Normal
2026-02-15 19:43:47.953930,London-8a40,1,51,Normal
2026-02-15 19:43:48.953930,London-8a40,-27,83,Normal
2026-02-15 19:43:49.953930,London-8a40,50,30,Normal
2026-02-15 19:43:50.953930,London-8a40,0,39,Normal
2026-02-15 19:43:51.953930,London-8a40,-30,96,Normal
2026-02-15 19:43:52.953930,London-8a40,-1,37,Normal
2026-02-15 19:43:53.953930,London-8a40,1,67,Normal
2026-02-15 19:43:54.953930,London-8a40,27,19,Normal
2026-02-15 19:43:55.953930,London-8a40,-20,87,Normal
2026-02-15 19:43:56.953930,London-8a40,14,34,Normal
2026-02-15 19:43:57.953930,London-8a40,-4,31,Normal
2026-02-15 19:43:58.953930,London-8a40,37,61,Normal
2026-02-15 19:43:59.953930,London-8a40,45,78,Normal
2026-02-15 19:44:00.953930,London-8a40,-16,51,Normal
2026-02-15 19:44:01.953930,London-8a40,23,6,Normal
2026-02-15 19:44:02.953930,London-8a40,29,66,Normal
2026-02-15 19:44:03.953930,London-8a40,25,83,Normal
2026-02-15 19:44:04.953930,London-8a40,3,6,Normal
2026-02-15 19:44:05.953930,London-8a40,9,22,Normal
2026-02-15 19:44:06.953930,London-8a40,-30,2,Normal
2026-02-15 19:44:07.953930,London-8a40,-30,18,Normal
2026-02-15 19:44:08.953930,London-8a40,48,94,Normal
2026-02-15 19:44:09.953930,London-8a40,18,79,Normal
2026-02-15 19:44:10.953930,London-8a40,24,28,Normal
2026-02-15 19:44:11.953930,London-8a40,22,13,Normal
2026-02-15 19:44:12.953930,London-8a40,4,22,Normal
2026-02-15 19:44:13.953930,London-8a40,-10,81,Normal
2026-02-15 19:44:14.953930,London-8a40,-22,83,Normal
2026-02-15 19:44:15.953930,London-8a40,42,33,Normal
2026-02-15 19:44:16.953930,London-8a40,-8,74,Normal
2026-02-15 19:44:17.953930,London-8a40,26,41,Normal
2026-02-15 19:44:18.953930,London-8a40,0,74,Normal
2026-02-15 19:44:19.953930,London-8a40,0,8,Normal
2026-02-15 19:44:20.953930,London-8a40,25,40,Normal
2026-02-15 19:44:21.953930,London-8a40,-28,62,Normal
2026-02-15 19:44:22.953930,London-8a40,15,41,Normal
2026-02-15 19:44:23.953930,London-8a40,-28,47,Normal
2026-02-15 19:44:24.953930,London-8a40,-22,4,Normal
2026-02-15 19:44:25.953930,London-8a40,-6,5,Normal
2026-02-15 19:44:26.953930,London-8a40,46,77,Normal
2026-02-15 19:44:27.953930,London-8a40,28,8,Normal
2026-02-15 19:44:28.953930,London-8a40,13,58,Normal
2026-02-15 19:44:29.953930,London-8a40,-8,78,Normal
2026-02-15 19:44:30.953930,London-8a40,27,26,Normal
2026-02-15 19:44:31.953930,London-8a40,6,78,Normal
2026-02-15 19:44:32.953930,London-8a40,12,32,Normal
2026-02-15 19:44:33.953930,London-8a40,14,62,Normal
2026-02-15 19:44:34.953930,London-8a40,25,17,Normal
2026-02-15 19:44:35.953930,London-8a40,24,52,Normal
2026-02-15 19:44:36.953930,London-8a40,-24,19,Normal
2026-02-15 19:44:37.953930,London-8a40,-15,71,Normal
2026-02-15 19:44:38.953930,London-8a40,34,38,Normal
2026-02-15 19:44:39.953930,London-8a40,-2,72,Normal
2026-02-15 19:44:40.953930,London-8a40,-5,17,Normal
2026-02-15 19:44:41.953930,London-8a40,38,30,Normal
2026-02-15 19:44:42.953930,London-8a40,30,73,Normal
2026-02-15 19:44:43.953930,London-8a40,-3,55,Normal
2026-02-15 19:44:44.953930,London-8a40,38,87,Normal
2026-02-15 19:44:45.953930,London-8a40,-6,26,Normal
2026-02-15 19:44:46.953930,London-8a40,-8,66,Normal
2026-02-15 19:44:47.953930,London-8a40,4,7,Normal
2026-02-15 19:44:48.953930,London-8a40,-23,5,Normal
2026-02-15 19:44:49.953930,London-8a40,-17,71,Normal
2026-02-15 19:44:50.953930,London-8a40,35,89,Normal
2026-02-15 19:44:51.953930,London-8a40,32,68,Normal
2026-02-15 19:44:52.953930,London-8a40,28,49,Normal
2026-02-15 19:44:53.953930,London-8a40,38,4,Normal
2026-02-15 19:44:54.953930,London-8a40,-11,81,Normal
2026-02-15 19:44:55.953930,London-8a40,4,59,Normal
2026-02-15 19:44:56.953930,London-8a40,40,34,Normal
2026-02-15 19:44:57.953930,London-8a40,-24,30,Normal
2026-02-15 19:44:58.953930,London-8a40,35,3,Normal
2026-02-15 19:44:59.953930,London-8a40,23,2,Normal
2026-02-15 19:45:00.953930,London-8a40,1,43,Normal
2026-02-15 19:45:01.953930,London-8a40,-15,60,Normal
2026-02-15 19:45:02.953930,London-8a40,38,40,Normal
2026-02-15 19:45:03.953930,London-8a40,40,32,Normal
2026-02-15 19:45:04.953930,London-8a40,38,66,Normal
2026-02-15 19:45:05.953930,London-8a40,23,64,Normal
2026-02-15 19:45:06.953930,London-8a40,46,55,Normal
2026-02-15 19:45:07.953930,London-8a40,-18,20,Normal
2026-02-15 19:45:08.953930,London-8a40,4,96,Normal
2026-02-15 19:45:09.953930,London-8a40,50,41,Normal
2026-02-15 19:45:10.953930,London-8a40,10,74,Normal
2026-02-15 19:45:11.953930,London-8a40,47,63,Normal
2026-02-15 19:45:12.953930,London-8a40,-25,52,Normal
2026-02-15 19:45:13.953930,London-8a40,17,34,Normal
2026-02-15 19:45:14.953930,London-8a40,-9,95,Normal
2026-02-15 19:45:15.953930,London-8a40,-18,14,Normal
2026-02-15 19:45:16.953930,London-8a40,-29,43,Normal
2026-02-15 19:45:17.953930,London-8a40,-13,27,Normal
2026-02-15 19:45:18.953930,London-8a40,-10,35,Normal
2026-02-15 19:45:19.953930,London-8a40,21,84,Normal
2026-02-15 19:45:20.953930,London-8a40,-29,26,Normal
2026-02-15 19:45:21.953930,London-8a40,36,15,Normal
2026-02-15 19:45:22.953930,London-8a40,47,75,Normal
2026-02-15 19:45:23.953930,London-8a40,4,83,Normal
2026-02-15 19:45:24.953930,London-8a40,-27,32,Normal
2026-02-15 19:45:25.953930,London-8a40,32,15,Normal
2026-02-15 19:45:26.953930,London-8a40,11,76,Normal
2026-02-15 19:45:27.953930,London-8a40,9,93,Normal
2026-02-15 19:45:28.953930,London-8a40,-19,40,Normal
2026-02-15 19:45:29.953930,London-8a40,-12,30,Normal
2026-02-15 19:45:30.953930,London-8a40,10,3,Normal
2026-02-15 19:45:31.953930,London-8a40,16,70,Normal
2026-02-15 19:45:32.953930,London-8a40,11,15,Normal
2026-02-15 19:45:33.953930,London-8a40,25,73,Normal
2026-02-15 19:45:34.953930,London-8a40,7,82,Normal
2026-02-15 19:45:35.953930,London-8a40,9,95,Normal
2026-02-15 19:45:36.953930,London-8a40,-29,95,Normal
2026-02-15 19:45:37.953930,London-8a40,-21,54,Normal
2026-02-15 19:45:38.953930,London-8a40,11,82,Normal
2026-02-15 19:45:39.953930,London-8a40,6,26,Normal
2026-02-15 19:45:40.953930,London-8a40,-24,20,Normal
2026-02-15 19:45:41.953930,London-8a40,-22,15,Normal
2026-02-15 19:45:42.953930,London-8a40,-5,10,Normal
2026-02-15 19:45:43.953930,London-8a40,32,62,Normal
2026-02-15 19:45:44.953930,London-8a40,-12,30,Normal
2026-02-15 19:45:45.953930,London-8a40,-25,60,Normal
2026-02-15 19:45:46.953930,London-8a40,-23,31,Normal
2026-02-15 19:45:47.953930,London-8a40,-6,59,Normal
2026-02-15 19:45:48.953930,London-8a40,19,91,Normal
2026-02-15 19:45:49.953930,London-8a40,22,39,Normal
2026-02-15 19:45:50.953930,London-8a40,-30,61,Normal
2026-02-15 19:45:51.953930,London-8a40,-7,10,Normal
2026-02-15 19:45:52.953930,London-8a40,19,16,Normal
2026-02-15 19:45:53.953930,London-8a40,50,91,Normal
2026-02-15 19:45:54.953930,London-8a40,15,69,Normal
2026-02-15 19:45:55.953930,London-8a40,-1,60,Normal
2026-02-15 19:45:56.953930,London-8a40,50,53,Normal
2026-02-15 19:45:57.953930,London-8a40,-24,57,Normal
2026-02-15 19:45:58.953930,London-8a40,-26,24,Normal
2026-02-15 19:45:59.953930,London-8a40,-11,32,Normal
2026-02-15 19:46:00.953930,London-8a40,11,68,Normal
2026-02-15 19:46:01.953930,London-8a40,-16,80,Normal
2026-02-15 19:46:02.953930,London-8a40,44,29,Normal
2026-02-15 19:46:03.953930,London-8a40,-20,26,Normal
2026-02-15 19:46:04.953930,London-8a40,5,50,Normal
2026-02-15 19:46:05.953930,London-8a40,-10,4,Normal
2026-02-15 19:46:06.953930,London-8a40,50,50,Normal
2026-02-15 19:46:07.953930,London-8a40,42,23,Normal
2026-02-15 19:46:08.953930,London-8a40,-29,18,Normal
2026-02-15 19:46:09.953930,London-8a40,-1,6,Normal
2026-02-15 19:46:10.953930,London-8a40,49,62,Normal
2026-02-15 19:46:11.953930,London-8a40,-22,50,Normal
2026-02-15 19:46:12.953930,London-8a40,-26,88,Normal
2026-02-15 19:46:13.953930,London-8a40,-21,26,Normal
2026-02-15 19:46:14.953930,London-8a40,11,100,Normal
2026-02-15 19:46:15.953930,London-8a40,7,87,Normal
2026-02-15 19:46:16.953930,London-8a40,19,57,Normal
2026-02-15 19:46:17.953930,London-8a40,50,93,Normal
2026-02-15 19:46:18.953930,London-8a40,31,60,Normal
2026-02-15 19:46:19.953930,London-8a40,-6,0,Normal
2026-02-15 19:46:20.953930,London-8a40,20,16,Normal
2026-02-15 19:46:21.953930,London-8a40,1,22,Normal
2026-02-15 19:46:22.953930,London-8a40,-21,69,Normal
2026-02-15 19:46:23.953930,London-8a40,22,100,Normal
2026-02-15 19:46:24.953930,London-8a40,37,73,Normal
2026-02-15 19:46:25.953930,London-8a40,4,62,Normal
2026-02-15 19:46:26.953930,London-8a40,-24,59,Normal
2026-02-15 19:46:27.953930,London-8a40,17,26,Normal
2026-02-15 19:46:28.953930,London-8a40,3,6,Normal
2026-02-15 19:46:29.953930,London-8a40,6,27,Normal
2026-02-15 19:46:30.953930,London-8a40,39,40,Normal
2026-02-15 19:46:31.953930,London-8a40,-23,18,Normal
2026-02-15 19:46:32.953930,London-8a40,-15,97,Normal
2026-02-15 19:46:33.953930,London-8a40,-26,74,Normal
2026-02-15 19:46:34.953930,London-8a40,43,6,Normal
2026-02-15 19:46:35.953930,London-8a40,-29,32,Normal
2026-02-15 19:46:36.953930,London-8a40,-1,37,Normal
2026-02-15 19:46:37.953930,London-8a40,3,93,Normal
2026-02-15 19:46:38.953930,London-8a40,17,92,Normal
2026-02-15 19:46:39.953930,London-8a40,-29,97,Normal
2026-02-15 19:46:40.953930,London-8a40,-16,98,Normal
2026-02-15 19:46:41.953930,London-8a40,-8,30,Normal
2026-02-15 19:46:42.953930,London-8a40,-4,42,Normal
2026-02-15 19:46:43.953930,London-8a40,-22,17,Normal
2026-02-15 19:46:44.953930,London-8a40,34,75,Normal
2026-02-15 19:46:45.953930,London-8a40,-14,59,Normal
2026-02-15 19:46:46.953930,London-8a40,12,7,Normal
2026-02-15 19:46:47.953930,London-8a40,23,46,Normal
2026-02-15 19:46:48.953930,London-8a40,45,54,Normal
2026-02-15 19:46:49.953930,London-8a40,-2,41,Normal
2026-02-15 19:46:50.953930,London-8a40,-18,72,Normal
2026-02-15 19:46:51.953930,London-8a40,10,46,Normal
2026-02-15 19:46:52.953930,London-8a40,-17,3,Normal
2026-02-15 19:46:53.953930,London-8a40,37,72,Normal
2026-02-15 19:46:54.953930,London-8a40,19,79,Normal
2026-02-15 19:46:55.953930,London-8a40,44,39,Normal
2026-02-15 19:46:56.953930,London-8a40,-13,27,Normal
2026-02-15 19:46:57.953930,London-8a40,24,56,Normal
2026-02-15 19:46:58.953930,London-8a40,19,95,Normal
2026-02-15 19:46:59.953930,London-8a40,5,89,Normal
2026-02-15 19:47:00.953930,London-8a40,-22,5,Normal
2026-02-15 19:47:01.953930,London-8a40,31,56,Normal
2026-02-15 19:47:02.953930,London-8a40,30,37,Normal
2026-02-15 19:47:03.953930,London-8a40,-18,61,Normal
2026-02-15 19:47:04.953930,London-8a40,21,28,Normal
2026-02-15 19:47:05.953930,London-8a40,11,47,Normal
2026-02-15 19:47:06.953930,London-8a40,25,90,Normal
2026-02-15 19:47:07.953930,London-8a40,25,42,Normal
2026-02-15 19:47:08.953930,London-8a40,28,10,Normal
2026-02-15 19:47:09.953930,London-8a40,21,57,Normal
2026-02-15 19:47:10.953930,London-8a40,21,77,Normal
2026-02-15 19:47:11.953930,London-8a40,-8,85,Normal
2026-02-15 19:47:12.953930,London-8a40,-28,47,Normal
2026-02-15 19:47:13.953930,London-8a40,-13,31,Normal
2026-02-15 19:47:14.953930,London-8a40,33,6,Normal
2026-02-15 19:47:15.953930,London-8a40,33,47,Normal
2026-02-15 19:47:16.953930,London-8a40,-17,25,Normal
2026-02-15 19:47:17.953930,London-8a40,15,85,Normal
2026-02-15 19:47:18.953930,London-8a40,27,86,Normal
2026-02-15 19:47:19.953930,London-8a40,14,25,Normal
2026-02-15 19:47:20.953930,London-8a40,-22,97,Normal
2026-02-15 19:47:21.953930,London-8a40,42,91,Normal
2026-02-15 19:47:22.953930,London-8a40,0,76,Normal
2026-02-15 19:47:23.953930,London-8a40,1,60,Normal
2026-02-15 19:47:24.953930,London-8a40,34,79,Normal
2026-02-15 19:47:25.953930,London-8a40,9,30,Normal
2026-02-15 19:47:26.953930,London-8a40,-9,79,Normal
2026-02-15 19:47:27.953930,London-8a40,25,36,Normal
2026-02-15 19:47:28.953930,London-8a40,-18,33,Normal
2026-02-15 19:47:29.953930,London-8a40,-11,96,Normal
2026-02-15 19:47:30.953930,London-8a40,41,79,Normal
2026-02-15 19:47:31.953930,London-8a40,-29,7,Normal
2026-02-15 19:47:32.953930,London-8a40,21,52,Normal
2026-02-15 19:47:33.953930,London-8a40,-26,21,Normal
2026-02-15 19:47:34.953930,London-8a40,-1,57,Normal
2026-02-15 19:47:35.953930,London-8a40,35,93,Normal
2026-02-15 19:47:36.953930,London-8a40,-8,67,Normal
2026-02-15 19:47:37.953930,London-8a40,-29,31,Normal
2026-02-15 19:47:38.953930,London-8a40,35,35,Normal
2026-02-15 19:47:39.953930,London-8a40,21,62,Normal
2026-02-15 19:47:40.953930,London-8a40,41,54,Normal
2026-02-15 19:47:41.953930,London-8a40,10,26,Normal
2026-02-15 19:47:42.953930,London-8a40,24,17,Normal
2026-02-15 19:47:43.953930,London-8a40,2,22,Normal
2026-02-15 19:47:44.953930,London-8a40,42,91,Normal
2026-02-15 19:47:45.953930,London-8a40,-8,17,Normal
2026-02-15 19:47:46.953930,London-8a40,-9,14,Normal
2026-02-15 19:47:47.953930,London-8a40,-5,89,Normal
2026-02-15 19:47:48.953930,London-8a40,8,68,Normal
2026-02-15 19:47:49.953930,London-8a40,47,73,Normal
2026-02-15 19:47:50.953930,London-8a40,8,99,Normal
2026-02-15 19:47:51.953930,London-8a40,-6,49,Normal
2026-02-15 19:47:52.953930,London-8a40,-22,16,Normal
2026-02-15 19:47:53.953930,London-8a40,-8,29,Normal
2026-02-15 19:47:54.953930,London-8a40,38,33,Normal
2026-02-15 19:47:55.953930,London-8a40,4,22,Normal
2026-02-15 19:47:56.953930,London-8a40,-6,41,Normal
2026-02-15 19:47:57.953930,London-8a40,27,90,Normal
2026-02-15 19:47:58.953930,London-8a40,5,79,Normal
2026-02-15 19:47:59.953930,London-8a40,36,83,Normal
2026-02-15 19:48:00.953930,London-8a40,7,32,Normal
2026-02-15 19:48:01.953930,London-8a40,49,25,Normal
2026-02-15 19:48:02.953930,London-8a40,12,17,Normal
2026-02-15 19:48:03.953930,London-8a40,17,6,Normal
2026-02-15 19:48:04.953930,London-8a40,-16,5,Normal
2026-02-15 19:48:05.953930,London-8a40,9,46,Normal
2026-02-15 19:48:06.953930,London-8a40,-14,81,Normal
2026-02-15 19:48:07.953930,London-8a40,-25,65,Normal
2026-02-15 19:48:08.953930,London-8a40,-6,89,Normal
2026-02-15 19:48:09.953930,London-8a40,21,5,Normal
2026-02-15 19:48:10.953930,London-8a40,3,22,Normal
2026-02-15 19:48:11.953930,London-8a40,6,20,Normal
2026-02-15 19:48:12.953930,London-8a40,-8,75,Normal
2026-02-15 19:48:13.953930,London-8a40,32,44,Normal
2026-02-15 19:48:14.953930,London-8a40,-22,49,Normal
2026-02-15 19:48:15.953930,London-8a40,-24,87,Normal
2026-02-15 19:48:16.953930,London-8a40,31,80,Normal
2026-02-15 19:48:17.953930,London-8a40,43,4,Normal
2026-02-15 19:48:18.953930,London-8a40,-30,49,Normal
2026-02-15 19:48:19.953930,London-8a40,15,91,Normal
2026-02-15 19:48:20.953930,London-8a40,-18,59,Normal
2026-02-15 19:48:21.953930,London-8a40,47,42,Normal
2026-02-15 19:48:22.953930,London-8a40,-25,77,Normal
2026-02-15 19:48:23.953930,London-8a40,42,73,Normal
2026-02-15 19:48:24.953930,London-8a40,-8,16,Normal
2026-02-15 19:48:25.953930,London-8a40,-5,14,Normal
2026-02-15 19:48:26.953930,London-8a40,40,1,Normal
2026-02-15 19:48:27.953930,London-8a40,29,16,Normal
2026-02-15 19:48:28.953930,London-8a40,3,30,Normal
2026-02-15 19:48:29.953930,London-8a40,11,73,Normal
2026-02-15 19:48:30.953930,London-8a40,31,2,Normal
2026-02-15 19:48:31.953930,London-8a40,19,81,Normal
2026-02-15 19:48:32.953930,London-8a40,9,6,Normal
2026-02-15 19:48:33.953930,London-8a40,7,21,Normal
2026-02-15 19:48:34.953930,London-8a40,7,72,Normal
2026-02-15 19:48:35.953930,London-8a40,-1,30,Normal
2026-02-15 19:48:36.953930,London-8a40,-4,76,Normal
2026-02-15 19:48:37.953930,London-8a40,2,45,Normal
2026-02-15 19:48:38.953930,London-8a40,42,44,Normal
2026-02-15 19:48:39.953930,London-8a40,27,86,Normal
2026-02-15 19:48:40.953930,London-8a40,33,88,Normal
2026-02-15 19:48:41.953930,London-8a40,-15,88,Normal
2026-02-15 19:48:42.953930,London-8a40,7,100,Normal
2026-02-15 19:48:43.953930,London-8a40,14,77,Normal
2026-02-15 19:48:44.953930,London-8a40,-23,28,Normal
2026-02-15 19:48:45.953930,London-8a40,4,77,Normal
2026-02-15 19:48:46.953930,London-8a40,0,28,Normal
2026-02-15 19:48:47.953930,London-8a40,27,22,Normal
2026-02-15 19:48:48.953930,London-8a40,28,60,Normal
2026-02-15 19:48:49.953930,London-8a40,-22,38,Normal
2026-02-15 19:48:50.953930,London-8a40,30,19,Normal
2026-02-15 19:48:51.953930,London-8a40,8,24,Normal
2026-02-15 19:48:52.953930,London-8a40,1,24,Normal
2026-02-15 19:48:53.953930,London-8a40,30,81,Normal
2026-02-15 19:48:54.953930,London-8a40,45,38,Normal
2026-02-15 19:48:55.953930,London-8a40,48,94,Normal
2026-02-15 19:48:56.953930,London-8a40,28,78,Normal
2026-02-15 19:48:57.953930,London-8a40,-11,67,Normal
2026-02-15 19:48:58.953930,London-8a40,-9,44,Normal
2026-02-15 19:48:59.953930,London-8a40,4,13,Normal
2026-02-15 19:49:00.953930,London-8a40,-14,52,Normal
2026-02-15 19:49:01.953930,London-8a40,44,96,Normal
2026-02-15 19:49:02.953930,London-8a40,-17,4,Normal
2026-02-15 19:49:03.953930,London-8a40,13,31,Normal
2026-02-15 19:49:04.953930,London-8a40,48,87,Normal
2026-02-15 19:49:05.953930,London-8a40,-23,53,Normal
2026-02-15 19:49:06.953930,London-8a40,16,53,Normal
2026-02-15 19:49:07.953930,London-8a40,-22,65,Normal
2026-02-15 19:49:08.953930,London-8a40,10,18,Normal
2026-02-15 19:49:09.953930,London-8a40,13,61,Normal
2026-02-15 19:49:10.953930,London-8a40,45,60,Normal
2026-02-15 19:49:11.953930,London-8a40,-9,14,Normal
2026-02-15 19:49:12.953930,London-8a40,-19,51,Normal
2026-02-15 19:49:13.953930,London-8a40,31,67,Normal
2026-02-15 19:49:14.953930,London-8a40,20,64,Normal
2026-02-15 19:49:15.953930,London-8a40,8,63,Normal
2026-02-15 19:49:16.953930,London-8a40,-7,80,Normal
2026-02-15 19:49:17.953930,London-8a40,44,40,Normal
2026-02-15 19:49:18.953930,London-8a40,-10,85,Normal
2026-02-15 19:49:19.953930,London-8a40,35,40,Normal
2026-02-15 19:49:20.953930,London-8a40,-30,23,Normal
2026-02-15 19:49:21.953930,London-8a40,-6,30,Normal
2026-02-15 19:49:22.953930,London-8a40,15,48,Normal
2026-02-15 19:49:23.953930,London-8a40,24,7,Normal
2026-02-15 19:49:24.953930,London-8a40,8,61,Normal
2026-02-15 19:49:25.953930,London-8a40,23,16,Normal
2026-02-15 19:49:26.953930,London-8a40,-14,96,Normal
2026-02-15 19:49:27.953930,London-8a40,28,71,Normal
2026-02-15 19:49:28.953930,London-8a40,49,53,Normal
2026-02-15 19:49:29.953930,London-8a40,26,79,Normal
2026-02-15 19:49:30.953930,London-8a40,33,100,Normal
2026-02-15 19:49:31.953930,London-8a40,28,92,Normal
2026-02-15 19:49:32.953930,London-8a40,-25,95,Normal
2026-02-15 19:49:33.953930,London-8a40,10,55,Normal
2026-02-15 19:49:34.953930,London-8a40,30,52,Normal
2026-02-15 19:49:35.953930,London-8a40,-1,58,Normal
2026-02-15 19:49:36.953930,London-8a40,43,53,Normal
2026-02-15 19:49:37.953930,London-8a40,38,16,Normal
2026-02-15 19:49:38.953930,London-8a40,3,22,Normal
2026-02-15 19:49:39.953930,London-8a40,5,97,Normal
2026-02-15 19:49:40.953930,London-8a40,17,12,Normal
2026-02-15 19:49:41.953930,London-8a40,31,87,Normal
2026-02-15 19:49:42.953930,London-8a40,25,90,Normal
2026-02-15 19:49:43.953930,London-8a40,-4,30,Normal
2026-02-15 19:49:44.953930,London-8a40,-22,43,Normal
2026-02-15 19:49:45.953930,London-8a40,-17,18,Normal
2026-02-15 19:49:46.953930,London-8a40,29,100,Normal
2026-02-15 19:49:47.953930,London-8a40,-6,10,Normal
2026-02-15 19:49:48.953930,London-8a40,19,69,Normal
2026-02-15 19:49:49.953930,London-8a40,1,39,Normal
2026-02-15 19:49:50.953930,London-8a40,14,58,Normal
2026-02-15 19:49:51.953930,London-8a40,50,77,Normal
2026-02-15 19:49:52.953930,London-8a40,49,9,Normal
2026-02-15 19:49:53.953930,London-8a40,2,45,Normal
2026-02-15 19:49:54.953930,London-8a40,-19,2,Normal
2026-02-15 19:49:55.953930,London-8a40,-8,59,Normal
2026-02-15 19:49:56.953930,London-8a40,19,59,Normal
2026-02-15 19:49:57.953930,London-8a40,-14,56,Normal
2026-02-15 19:49:58.953930,London-8a40,42,91,Normal
2026-02-15 19:49:59.953930,London-8a40,24,4,Normal
2026-02-15 19:50:00.953930,London-8a40,24,39,Normal
2026-02-15 19:50:01.953930,London-8a40,-3,71,Normal
2026-02-15 19:50:02.953930,London-8a40,45,95,Normal
2026-02-15 19:50:03.953930,London-8a40,31,84,Normal
2026-02-15 19:50:04.953930,London-8a40,-11,32,Normal
2026-02-15 19:50:05.953930,London-8a40,-5,5,Normal
2026-02-15 19:50:06.953930,London-8a40,0,65,Normal
2026-02-15 19:50:07.953930,London-8a40,21,90,Normal
2026-02-15 19:50:08.953930,London-8a40,-7,10,Normal
2026-02-15 19:50:09.953930,London-8a40,45,72,Normal
2026-02-15 19:50:10.953930,London-8a40,37,40,Normal
2026-02-15 19:50:11.953930,London-8a40,32,56,Normal
2026-02-15 19:50:12.953930,London-8a40,11,15,Normal
2026-02-15 19:50:13.953930,London-8a40,17,51,Normal
2026-02-15 19:50:14.953930,London-8a40,-13,78,Normal
2026-02-15 19:50:15.953930,London-8a40,16,73,Normal
2026-02-15 19:50:16.953930,London-8a40,-7,71,Normal
2026-02-15 19:50:17.953930,London-8a40,8,8,Normal
2026-02-15 19:50:18.953930,London-8a40,-25,59,Normal
2026-02-15 19:50:19.953930,London-8a40,31,34,Normal
2026-02-15 19:50:20.953930,London-8a40,-24,21,Normal
2026-02-15 19:50:21.953930,London-8a40,-4,3,Normal
2026-02-15 19:50:22.953930,London-8a40,-9,19,Normal
2026-02-15 19:50:23.953930,London-8a40,17,84,Normal
2026-02-15 19:50:24.953930,London-8a40,21,43,Normal
2026-02-15 19:50:25.953930,London-8a40,-24,46,Normal
2026-02-15 19:50:26.953930,London-8a40,-17,26,Normal
2026-02-15 19:50:27.953930,London-8a40,-8,38,Normal
2026-02-15 19:50:28.953930,London-8a40,47,14,Normal
2026-02-15 19:50:29.953930,London-8a40,22,33,Normal
2026-02-15 19:50:30.953930,London-8a40,23,64,Normal
2026-02-15 19:50:31.953930,London-8a40,11,29,Normal
2026-02-15 19:50:32.953930,London-8a40,-26,63,Normal
2026-02-15 19:50:33.953930,London-8a40,-8,23,Normal
2026-02-15 19:50:34.953930,London-8a40,-24,37,Normal
2026-02-15 19:50:35.953930,London-8a40,2,73,Normal
2026-02-15 19:50:36.953930,London-8a40,-13,69,Normal
2026-02-15 19:50:37.953930,London-8a40,12,82,Normal
2026-02-15 19:50:38.953930,London-8a40,5,73,Normal
2026-02-15 19:50:39.953930,London-8a40,30,99,Normal
2026-02-15 19:50:40.953930,London-8a40,-3,34,Normal
2026-02-15 19:50:41.953930,London-8a40,-24,84,Normal
2026-02-15 19:50:42.953930,London-8a40,-1,70,Normal
2026-02-15 19:50:43.953930,London-8a40,28,39,Normal
2026-02-15 19:50:44.953930,London-8a40,-3,100,Normal
2026-02-15 19:50:45.953930,London-8a40,-9,17,Normal
2026-02-15 19:50:46.953930,London-8a40,11,66,Normal
2026-02-15 19:50:47.953930,London-8a40,13,70,Normal
2026-02-15 19:50:48.953930,London-8a40,12,74,Normal
2026-02-15 19:50:49.953930,London-8a40,-30,36,Normal
2026-02-15 19:50:50.953930,London-8a40,34,89,Normal
2026-02-15 19:50:51.953930,London-8a40,36,95,Normal
2026-02-15 19:50:52.953930,London-8a40,-10,85,Normal
2026-02-15 19:50:53.953930,London-8a40,-2,84,Normal
2026-02-15 19:50:54.953930,London-8a40,27,51,Normal
2026-02-15 19:50:55.953930,London-8a40,39,77,Normal
2026-02-15 19:50:56.953930,London-8a40,40,12,Normal
2026-02-15 19:50:57.953930,London-8a40,49,0,Normal
2026-02-15 19:50:58.953930,London-8a40,-29,87,Normal
2026-02-15 19:50:59.953930,London-8a40,-7,91,Normal
2026-02-15 19:51:00.953930,London-8a40,31,71,Normal
2026-02-15 19:51:01.953930,London-8a40,-14,28,Normal
2026-02-15 19:51:02.953930,London-8a40,28,87,Normal
2026-02-15 19:51:03.953930,London-8a40,-1,85,Normal
2026-02-15 19:51:04.953930,London-8a40,21,5,Normal
2026-02-15 19:51:05.953930,London-8a40,29,3,Normal
2026-02-15 19:51:06.953930,London-8a40,37,93,Normal
2026-02-15 19:51:07.953930,London-8a40,2,90,Normal
2026-02-15 19:51:08.953930,London-8a40,49,93,Normal
2026-02-15 19:51:09.953930,London-8a40,40,17,Normal
2026-02-15 19:51:10.953930,London-8a40,-8,10,Normal
2026-02-15 19:51:11.953930,London-8a40,-25,61,Normal
2026-02-15 19:51:12.953930,London-8a40,-14,77,Normal
2026-02-15 19:51:13.953930,London-8a40,36,16,Normal
2026-02-15 19:51:14.953930,London-8a40,-1,11,Normal
2026-02-15 19:51:15.953930,London-8a40,-8,97,Normal
2026-02-15 19:51:16.953930,London-8a40,4,76,Normal
2026-02-15 19:51:17.953930,London-8a40,49,83,Normal
2026-02-15 19:51:18.953930,London-8a40,44,82,Normal
2026-02-15 19:51:19.953930,London-8a40,21,83,Normal
2026-02-15 19:51:20.953930,London-8a40,-5,78,Normal
2026-02-15 19:51:21.953930,London-8a40,37,33,Normal
2026-02-15 19:51:22.953930,London-8a40,0,79,Normal
2026-02-15 19:51:23.953930,London-8a40,-10,86,Normal
2026-02-15 19:51:24.953930,London-8a40,-22,45,Normal
2026-02-15 19:51:25.953930,London-8a40,-9,85,Normal
2026-02-15 19:51:26.953930,London-8a40,50,79,Normal
2026-02-15 19:51:27.953930,London-8a40,-18,80,Normal
2026-02-15 19:51:28.953930,London-8a40,23,82,Normal
2026-02-15 19:51:29.953930,London-8a40,-2,76,Normal
2026-02-15 19:51:30.953930,London-8a40,28,92,Normal
2026-02-15 19:51:31.953930,London-8a40,4,59,Normal
2026-02-15 19:51:32.953930,London-8a40,-29,78,Normal
2026-02-15 19:51:33.953930,London-8a40,23,8,Normal
2026-02-15 19:51:34.953930,London-8a40,8,48,Normal
2026-02-15 19:51:35.953930,London-8a40,16,25,Normal
2026-02-15 19:51:36.953930,London-8a40,17,94,Normal
2026-02-15 19:51:37.953930,London-8a40,23,60,Normal
2026-02-15 19:51:38.953930,London-8a40,44,28,Normal
2026-02-15 19:51:39.953930,London-8a40,41,28,Normal
2026-02-15 19:51:40.953930,London-8a40,31,88,Normal
2026-02-15 19:51:41.953930,London-8a40,47,94,Normal
2026-02-15 19:51:42.953930,London-8a40,47,95,Normal
2026-02-15 19:51:43.953930,London-8a40,49,12,Normal
2026-02-15 19:51:44.953930,London-8a40,15,91,Normal
2026-02-15 19:51:45.953930,London-8a40,-20,80,Normal
2026-02-15 19:51:46.953930,London-8a40,-14,96,Normal
2026-02-15 19:51:47.953930,London-8a40,17,14,Normal
2026-02-15 19:51:48.953930,London-8a40,34,30,Normal
2026-02-15 19:51:49.953930,London-8a40,-14,33,Normal
2026-02-15 19:51:50.953930,London-8a40,-27,54,Normal
2026-02-15 19:51:51.953930,London-8a40,-10,31,Normal
2026-02-15 19:51:52.953930,London-8a40,23,87,Normal
2026-02-15 19:51:53.953930,London-8a40,-17,36,Normal
2026-02-15 19:51:54.953930,London-8a40,13,40,Normal
2026-02-15 19:51:55.953930,London-8a40,24,63,Normal
2026-02-15 19:51:56.953930,London-8a40,11,21,Normal
2026-02-15 19:51:57.953930,London-8a40,6,7,Normal
2026-02-15 19:51:58.953930,London-8a40,24,40,Normal
2026-02-15 19:51:59.953930,London-8a40,36,25,Normal
2026-02-15 19:52:00.953930,London-8a40,-10,72,Normal
2026-02-15 19:52:01.953930,London-8a40,-28,96,Normal
2026-02-15 19:52:02.953930,London-8a40,-5,40,Normal
2026-02-15 19:52:03.953930,London-8a40,16,89,Normal
2026-02-15 19:52:04.953930,London-8a40,34,0,Normal
2026-02-15 19:52:05.953930,London-8a40,47,29,Normal
2026-02-15 19:52:06.953930,London-8a40,6,0,Normal
2026-02-15 19:52:07.953930,London-8a40,45,4,Normal
2026-02-15 19:52:08.953930,London-8a40,41,68,Normal
2026-02-15 19:52:09.953930,London-8a40,12,36,Normal
2026-02-15 19:52:10.953930,London-8a40,-25,0,Normal
2026-02-15 19:52:11.953930,London-8a40,-1,23,Normal
2026-02-15 19:52:12.953930,London-8a40,3,88,Normal
2026-02-15 19:52:13.953930,London-8a40,27,72,Normal
2026-02-15 19:52:14.953930,London-8a40,-26,36,Normal
2026-02-15 19:52:15.953930,London-8a40,47,89,Normal
2026-02-15 19:52:16.953930,London-8a40,35,98,Normal
2026-02-15 19:52:17.953930,London-8a40,16,40,Normal
2026-02-15 19:52:18.953930,London-8a40,6,52,Normal
2026-02-15 19:52:19.953930,London-8a40,41,50,Normal
2026-02-15 19:52:20.953930,London-8a40,49,60,Normal
2026-02-15 19:52:21.953930,London-8a40,13,82,Normal
2026-02-15 19:52:22.953930,London-8a40,-9,7,Normal
2026-02-15 19:52:23.953930,London-8a40,-2,90,Normal
2026-02-15 19:52:24.953930,London-8a40,-9,96,Normal
2026-02-15 19:52:25.953930,London-8a40,-2,100,Normal
2026-02-15 19:52:26.953930,London-8a40,45,91,Normal
2026-02-15 19:52:27.953930,London-8a40,7,50,Normal
2026-02-15 19:52:28.953930,London-8a40,32,75,Normal
2026-02-15 19:52:29.953930,London-8a40,-2,66,Normal
2026-02-15 19:52:30.953930,London-8a40,-9,97,Normal
2026-02-15 19:52:31.953930,London-8a40,-16,59,Normal
2026-02-15 19:52:32.953930,London-8a40,-20,94,Normal
2026-02-15 19:52:33.953930,London-8a40,44,42,Normal
2026-02-15 19:52:34.953930,London-8a40,9,62,Normal
2026-02-15 19:52:35.953930,London-8a40,41,52,Normal
2026-02-15 19:52:36.953930,London-8a40,21,27,Normal
2026-02-15 19:52:37.953930,London-8a40,-27,40,Normal
2026-02-15 19:52:38.953930,London-8a40,30,31,Normal
2026-02-15 19:52:39.953930,London-8a40,-7,95,Normal
2026-02-15 19:52:40.953930,London-8a40,-4,86,Normal
2026-02-15 19:52:41.953930,London-8a40,12,70,Normal
2026-02-15 19:52:42.953930,London-8a40,22,62,Normal
2026-02-15 19:52:43.953930,London-8a40,-20,20,Normal
2026-02-15 19:52:44.953930,London-8a40,49,63,Normal
2026-02-15 19:52:45.953930,London-8a40,6,60,Normal
2026-02-15 19:52:46.953930,London-8a40,33,37,Normal
2026-02-15 19:52:47.953930,London-8a40,37,48,Normal
2026-02-15 19:52:48.953930,London-8a40,-6,44,Normal
2026-02-15 19:52:49.953930,London-8a40,-25,8,Normal
2026-02-15 19:52:50.953930,London-8a40,14,58,Normal
2026-02-15 19:52:51.953930,London-8a40,-14,31,Normal
2026-02-15 19:52:52.953930,London-8a40,-7,10,Normal
2026-02-15 19:52:53.953930,London-8a40,28,3,Normal
2026-02-15 19:52:54.953930,London-8a40,-27,64,Normal
2026-02-15 19:52:55.953930,London-8a40,-29,49,Normal
2026-02-15 19:52:56.953930,London-8a40,46,37,Normal
2026-02-15 19:52:57.953930,London-8a40,42,59,Normal
2026-02-15 19:52:58.953930,London-8a40,49,57,Normal
2026-02-15 19:52:59.953930,London-8a40,6,13,Normal
2026-02-15 19:53:00.953930,London-8a40,0,78,Normal
2026-02-15 19:53:01.953930,London-8a40,-3,53,Normal
2026-02-15 19:53:02.953930,London-8a40,33,34,Normal
2026-02-15 19:53:03.953930,London-8a40,-4,100,Normal
2026-02-15 19:53:04.953930,London-8a40,-10,90,Normal
2026-02-15 19:53:05.953930,London-8a40,5,84,Normal
2026-02-15 19:53:06.953930,London-8a40,23,11,Normal
2026-02-15 19:53:07.953930,London-8a40,-21,85,Normal
2026-02-15 19:53:08.953930,London-8a40,13,2,Normal
2026-02-15 19:53:09.953930,London-8a40,16,9,Normal
2026-02-15 19:53:10.953930,London-8a40,-13,9,Normal
2026-02-15 19:53:11.953930,London-8a40,21,8,Normal
2026-02-15 19:53:12.953930,London-8a40,-1,88,Normal
2026-02-15 19:53:13.953930,London-8a40,-27,61,Normal
2026-02-15 19:53:14.953930,London-8a40,-4,48,Normal
2026-02-15 19:53:15.953930,London-8a40,10,56,Normal
2026-02-15 19:53:16.953930,London-8a40,49,82,Normal
2026-02-15 19:53:17.953930,London-8a40,32,99,Normal
2026-02-15 19:53:18.953930,London-8a40,0,69,Normal
2026-02-15 19:53:19.953930,London-8a40,-17,54,Normal
2026-02-15 19:53:20.953930,London-8a40,44,28,Normal
2026-02-15 19:53:21.953930,London-8a40,30,97,Normal
2026-02-15 19:53:22.953930,London-8a40,8,41,Normal
2026-02-15 19:53:23.953930,London-8a40,-8,48,Normal
2026-02-15 19:53:24.953930,London-8a40,46,33,Normal
2026-02-15 19:53:25.953930,London-8a40,26,78,Normal
2026-02-15 19:53:26.953930,London-8a40,42,70,Normal
2026-02-15 19:53:27.953930,London-8a40,-27,24,Normal
2026-02-15 19:53:28.953930,London-8a40,-24,1,Normal
2026-02-15 19:53:29.953930,London-8a40,-14,52,Normal
2026-02-15 19:53:30.953930,London-8a40,9,34,Normal
2026-02-15 19:53:31.953930,London-8a40,-3,72,Normal
2026-02-15 19:53:32.953930,London-8a40,-26,59,Normal
2026-02-15 19:53:33.953930,London-8a40,24,44,Normal
2026-02-15 19:53:34.953930,London-8a40,45,64,Normal
2026-02-15 19:53:35.953930,London-8a40,5,87,Normal
2026-02-15 19:53:36.953930,London-8a40,30,80,Normal
2026-02-15 19:53:37.953930,London-8a40,45,30,Normal
2026-02-15 19:53:38.953930,London-8a40,-3,29,Normal
2026-02-15 19:53:39.953930,London-8a40,-12,28,Normal
2026-02-15 19:53:40.953930,London-8a40,1,95,Normal
2026-02-15 19:53:41.953930,London-8a40,21,22,Normal
2026-02-15 19:53:42.953930,London-8a40,-3,70,Normal
2026-02-15 19:53:43.953930,London-8a40,17,11,Normal
2026-02-15 19:53:44.953930,London-8a40,-23,74,Normal
2026-02-15 19:53:45.953930,London-8a40,15,81,Normal
2026-02-15 19:53:46.953930,London-8a40,-25,52,Normal
2026-02-15 19:53:47.953930,London-8a40,3,13,Normal
2026-02-15 19:53:48.953930,London-8a40,-16,67,Normal
2026-02-15 19:53:49.953930,London-8a40,40,74,Normal
2026-02-15 19:53:50.953930,London-8a40,-28,88,Normal
2026-02-15 19:53:51.953930,London-8a40,-6,73,Normal
2026-02-15 19:53:52.953930,London-8a40,3,29,Normal
2026-02-15 19:53:53.953930,London-8a40,40,34,Normal
2026-02-15 19:53:54.953930,London-8a40,-2,18,Normal
2026-02-15 19:53:55.953930,London-8a40,15,20,Normal
2026-02-15 19:53:56.953930,London-8a40,10,87,Normal
2026-02-15 19:53:57.953930,London-8a40,9,81,Normal
2026-02-15 19:53:58.953930,London-8a40,6,82,Normal
2026-02-15 19:53:59.953930,London-8a40,31,24,Normal
2026-02-15 19:54:00.953930,London-8a40,-26,4,Normal
2026-02-15 19:54:01.953930,London-8a40,-23,68,Normal
2026-02-15 19:54:02.953930,London-8a40,-10,18,Normal
2026-02-15 19:54:03.953930,London-8a40,-21,100,Normal
2026-02-15 19:54:04.953930,London-8a40,-18,41,Normal
2026-02-15 19:54:05.953930,London-8a40,50,25,Normal
2026-02-15 19:54:06.953930,London-8a40,15,45,Normal
2026-02-15 19:54:07.953930,London-8a40,-22,19,Normal
2026-02-15 19:54:08.953930,London-8a40,6,86,Normal
2026-02-15 19:54:09.953930,London-8a40,35,52,Normal
2026-02-15 19:54:10.953930,London-8a40,-14,92,Normal
2026-02-15 19:54:11.953930,London-8a40,20,66,Normal
2026-02-15 19:54:12.953930,London-8a40,-5,16,Normal
2026-02-15 19:54:13.953930,London-8a40,-14,73,Normal
2026-02-15 19:54:14.953930,London-8a40,38,21,Normal
2026-02-15 19:54:15.953930,London-8a40,-27,79,Normal
2026-02-15 19:54:16.953930,London-8a40,45,95,Normal
2026-02-15 19:54:17.953930,London-8a40,-9,57,Normal
2026-02-15 19:54:18.953930,London-8a40,38,95,Normal
2026-02-15 19:54:19.953930,London-8a40,-4,62,Normal
2026-02-15 19:54:20.953930,London-8a40,12,23,Normal
2026-02-15 19:54:21.953930,London-8a40,-4,85,Normal
2026-02-15 19:54:22.953930,London-8a40,39,40,Normal
2026-02-15 19:54:23.953930,London-8a40,-21,58,Normal
2026-02-15 19:54:24.953930,London-8a40,1,75,Normal
2026-02-15 19:54:25.953930,London-8a40,2,15,Normal
2026-02-15 19:54:26.953930,London-8a40,-24,56,Normal
2026-02-15 19:54:27.953930,London-8a40,25,22,Normal
2026-02-15 19:54:28.953930,London-8a40,16,13,Normal
2026-02-15 19:54:29.953930,London-8a40,0,56,Normal
2026-02-15 19:54:30.953930,London-8a40,-28,33,Normal
2026-02-15 19:54:31.953930,London-8a40,-3,67,Normal
2026-02-15 19:54:32.953930,London-8a40,23,14,Normal
2026-02-15 19:54:33.953930,London-8a40,36,0,Normal
2026-02-15 19:54:34.953930,London-8a40,-9,57,Normal
2026-02-15 19:54:35.953930,London-8a40,-1,89,Normal
2026-02-15 19:54:36.953930,London-8a40,19,1,Normal
2026-02-15 19:54:37.953930,London-8a40,25,88,Normal
2026-02-15 19:54:38.953930,London-8a40,49,49,Normal
2026-02-15 19:54:39.953930,London-8a40,37,67,Normal
2026-02-15 19:54:40.953930,London-8a40,17,96,Normal
2026-02-15 19:54:41.953930,London-8a40,-22,64,Normal
2026-02-15 19:54:42.953930,London-8a40,-23,79,Normal
2026-02-15 19:54:43.953930,London-8a40,13,61,Normal
2026-02-15 19:54:44.953930,London-8a40,7,27,Normal
2026-02-15 19:54:45.953930,London-8a40,-28,72,Normal
2026-02-15 19:54:46.953930,London-8a40,-27,54,Normal
2026-02-15 19:54:47.953930,London-8a40,14,16,Normal
2026-02-15 19:54:48.953930,London-8a40,48,44,Normal
2026-02-15 19:54:49.953930,London-8a40,-17,2,Normal
2026-02-15 19:54:50.953930,London-8a40,42,8,Normal
2026-02-15 19:54:51.953930,London-8a40,26,33,Normal
2026-02-15 19:54:52.953930,London-8a40,14,24,Normal
2026-02-15 19:54:53.953930,London-8a40,49,25,Normal
2026-02-15 19:54:54.953930,London-8a40,-11,6,Normal
2026-02-15 19:54:55.953930,London-8a40,-25,2,Normal
2026-02-15 19:54:56.953930,London-8a40,31,88,Normal
2026-02-15 19:54:57.953930,London-8a40,-11,50,Normal
2026-02-15 19:54:58.953930,London-8a40,37,48,Normal
2026-02-15 19:54:59.953930,London-8a40,13,74,Normal
2026-02-15 19:55:00.953930,London-8a40,43,48,Normal
2026-02-15 19:55:01.953930,London-8a40,-29,21,Normal
2026-02-15 19:55:02.953930,London-8a40,34,10,Normal
2026-02-15 19:55:03.953930,London-8a40,-22,87,Normal
2026-02-15 19:55:04.953930,London-8a40,29,61,Normal
2026-02-15 19:55:05.953930,London-8a40,10,72,Normal
2026-02-15 19:55:06.953930,London-8a40,-19,92,Normal
2026-02-15 19:55:07.953930,London-8a40,-9,63,Normal
2026-02-15 19:55:08.953930,London-8a40,11,83,Normal
2026-02-15 19:55:09.953930,London-8a40,20,21,Normal
2026-02-15 19:55:10.953930,London-8a40,-15,47,Normal
2026-02-15 19:55:11.953930,London-8a40,-22,16,Normal
2026-02-15 19:55:12.953930,London-8a40,-29,17,Normal
2026-02-15 19:55:13.953930,London-8a40,50,39,Normal
2026-02-15 19:55:14.953930,London-8a40,-8,45,Normal
2026-02-15 19:55:15.953930,London-8a40,48,38,Normal
2026-02-15 19:55:16.953930,London-8a40,47,23,Normal
2026-02-15 19:55:17.953930,London-8a40,34,81,Normal
2026-02-15 19:55:18.953930,London-8a40,-26,72,Normal
2026-02-15 19:55:19.953930,London-8a40,40,41,Normal
2026-02-15 19:55:20.953930,London-8a40,12,63,Normal
2026-02-15 19:55:21.953930,London-8a40,9,84,Normal
2026-02-15 19:55:22.953930,London-8a40,42,68,Normal
2026-02-15 19:55:23.953930,London-8a40,-26,23,Normal
2026-02-15 19:55:24.953930,London-8a40,35,10,Normal
2026-02-15 19:55:25.953930,London-8a40,29,1,Normal
2026-02-15 19:55:26.953930,London-8a40,32,89,Normal
2026-02-15 19:55:27.953930,London-8a40,-30,9,Normal
2026-02-15 19:55:28.953930,London-8a40,-25,28,Normal
2026-02-15 19:55:29.953930,London-8a40,27,16,Normal
2026-02-15 19:55:30.953930,London-8a40,-3,35,Normal
2026-02-15 19:55:31.953930,London-8a40,49,88,Normal
2026-02-15 19:55:32.953930,London-8a40,7,46,Normal
2026-02-15 19:55:33.953930,London-8a40,26,0,Normal
2026-02-15 19:55:34.953930,London-8a40,39,8,Normal
2026-02-15 19:55:35.953930,London-8a40,-26,76,Normal
2026-02-15 19:55:36.953930,London-8a40,-27,63,Normal
2026-02-15 19:55:37.953930,London-8a40,-6,69,Normal
2026-02-15 19:55:38.953930,London-8a40,-7,11,Normal
2026-02-15 19:55:39.953930,London-8a40,16,43,Normal
2026-02-15 19:55:40.953930,London-8a40,27,65,Normal
2026-02-15 19:55:41.953930,London-8a40,-18,3,Normal
2026-02-15 19:55:42.953930,London-8a40,17,35,Normal
2026-02-15 19:55:43.953930,London-8a40,-27,40,Normal
2026-02-15 19:55:44.953930,London-8a40,-25,56,Normal
2026-02-15 19:55:45.953930,London-8a40,46,36,Normal
2026-02-15 19:55:46.953930,London-8a40,-15,97,Normal
2026-02-15 19:55:47.953930,London-8a40,33,0,Normal
2026-02-15 19:55:48.953930,London-8a40,-6,51,Normal
2026-02-15 19:55:49.953930,London-8a40,-5,49,Normal
2026-02-15 19:55:50.953930,London-8a40,-20,15,Normal
2026-02-15 19:55:51.953930,London-8a40,-3,2,Normal
2026-02-15 19:55:52.953930,London-8a40,7,68,Normal
2026-02-15 19:55:53.953930,London-8a40,45,76,Normal
2026-02-15 19:55:54.953930,London-8a40,12,76,Normal
2026-02-15 19:55:55.953930,London-8a40,22,84,Normal
2026-02-15 19:55:56.953930,London-8a40,19,69,Normal
2026-02-15 19:55:57.953930,London-8a40,34,88,Normal
2026-02-15 19:55:58.953930,London-8a40,-1,42,Normal
2026-02-15 19:55:59.953930,London-8a40,-4,47,Normal
2026-02-15 19:56:00.953930,London-8a40,-18,6,Normal
2026-02-15 19:56:01.953930,London-8a40,-26,74,Normal
2026-02-15 19:56:02.953930,London-8a40,11,42,Normal
2026-02-15 19:56:03.953930,London-8a40,30,39,Normal
2026-02-15 19:56:04.953930,London-8a40,-22,56,Normal
2026-02-15 19:56:05.953930,London-8a40,-21,14,Normal
2026-02-15 19:56:06.953930,London-8a40,31,83,Normal
2026-02-15 19:56:07.953930,London-8a40,49,38,Normal
2026-02-15 19:56:08.953930,London-8a40,23,93,Normal
2026-02-15 19:56:09.953930,London-8a40,27,47,Normal
2026-02-15 19:56:10.953930,London-8a40,7,46,Normal
2026-02-15 19:56:11.953930,London-8a40,32,39,Normal
2026-02-15 19:56:12.953930,London-8a40,-8,51,Normal
2026-02-15 19:56:13.953930,London-8a40,-6,41,Normal
2026-02-15 19:56:14.953930,London-8a40,2,95,Normal
2026-02-15 19:56:15.953930,London-8a40,4,21,Normal
2026-02-15 19:56:16.953930,London-8a40,-8,14,Normal
2026-02-15 19:56:17.953930,London-8a40,-27,93,Normal
2026-02-15 19:56:18.953930,London-8a40,-25,27,Normal
2026-02-15 19:56:19.953930,London-8a40,-24,99,Normal
2026-02-15 19:56:20.953930,London-8a40,36,47,Normal
2026-02-15 19:56:21.953930,London-8a40,31,59,Normal
2026-02-15 19:56:22.953930,London-8a40,39,3,Normal
2026-02-15 19:56:23.953930,London-8a40,47,93,Normal
2026-02-15 19:56:24.953930,London-8a40,-26,73,Normal
2026-02-15 19:56:25.953930,London-8a40,-11,46,Normal
2026-02-15 19:56:26.953930,London-8a40,-19,78,Normal
2026-02-15 19:56:27.953930,London-8a40,25,30,Normal
2026-02-15 19:56:28.953930,London-8a40,38,24,Normal
2026-02-15 19:56:29.953930,London-8a40,-7,65,Normal
2026-02-15 19:56:30.953930,London-8a40,4,1,Normal
2026-02-15 19:56:31.953930,London-8a40,-29,45,Normal
2026-02-15 19:56:32.953930,London-8a40,7,96,Normal
2026-02-15 19:56:33.953930,London-8a40,-20,100,Normal
2026-02-15 19:56:34.953930,London-8a40,-17,99,Normal
2026-02-15 19:56:35.953930,London-8a40,21,47,Normal
2026-02-15 19:56:36.953930,London-8a40,-14,40,Normal
2026-02-15 19:56:37.953930,London-8a40,-17,98,Normal
2026-02-15 19:56:38.953930,London-8a40,1,3,Normal
2026-02-15 19:56:39.953930,London-8a40,33,44,Normal
2026-02-15 19:56:40.953930,London-8a40,-11,74,Normal
2026-02-15 19:56:41.953930,London-8a40,-29,51,Normal
2026-02-15 19:56:42.953930,London-8a40,-16,96,Normal
2026-02-15 19:56:43.953930,London-8a40,36,100,Normal
2026-02-15 19:56:44.953930,London-8a40,49,61,Normal
2026-02-15 19:56:45.953930,London-8a40,43,4,Normal
2026-02-15 19:56:46.953930,London-8a40,7,67,Normal
2026-02-15 19:56:47.953930,London-8a40,18,7,Normal
2026-02-15 19:56:48.953930,London-8a40,-6,59,Normal
2026-02-15 19:56:49.953930,London-8a40,20,100,Normal
2026-02-15 19:56:50.953930,London-8a40,15,59,Normal
2026-02-15 19:56:51.953930,London-8a40,5,28,Normal
2026-02-15 19:56:52.953930,London-8a40,32,45,Normal
2026-02-15 19:56:53.953930,London-8a40,13,83,Normal
2026-02-15 19:56:54.953930,London-8a40,41,66,Normal
2026-02-15 19:56:55.953930,London-8a40,16,48,Normal
2026-02-15 19:56:56.953930,London-8a40,31,68,Normal
2026-02-15 19:56:57.953930,London-8a40,43,62,Normal
2026-02-15 19:56:58.953930,London-8a40,34,63,Normal
2026-02-15 19:56:59.953930,London-8a40,-19,11,Normal
2026-02-15 19:57:00.953930,London-8a40,22,39,Normal
2026-02-15 19:57:01.953930,London-8a40,6,1,Normal
2026-02-15 19:57:02.953930,London-8a40,-15,69,Normal
2026-02-15 19:57:03.953930,London-8a40,-12,90,Normal
2026-02-15 19:57:04.953930,London-8a40,10,77,Normal
2026-02-15 19:57:05.953930,London-8a40,6,62,Normal
2026-02-15 19:57:06.953930,London-8a40,-17,37,Normal
2026-02-15 19:57:07.953930,London-8a40,50,23,Normal
2026-02-15 19:57:08.953930,London-8a40,32,2,Normal
2026-02-15 19:57:09.953930,London-8a40,20,80,Normal
2026-02-15 19:57:10.953930,London-8a40,41,83,Normal
2026-02-15 19:57:11.953930,London-8a40,-24,9,Normal
2026-02-15 19:57:12.953930,London-8a40,-8,35,Normal
2026-02-15 19:57:13.953930,London-8a40,8,14,Normal
2026-02-15 19:57:14.953930,London-8a40,44,5,Normal
2026-02-15 19:57:15.953930,London-8a40,-24,21,Normal
2026-02-15 19:57:16.953930,London-8a40,33,22,Normal
2026-02-15 19:57:17.953930,London-8a40,19,6,Normal
2026-02-15 19:57:18.953930,London-8a40,16,91,Normal
2026-02-15 19:57:19.953930,London-8a40,-16,78,Normal
2026-02-15 19:57:20.953930,London-8a40,31,65,Normal
2026-02-15 19:57:21.953930,London-8a40,-9,20,Normal
2026-02-15 19:57:22.953930,London-8a40,20,88,Normal
2026-02-15 19:57:23.953930,London-8a40,-16,16,Normal
2026-02-15 19:57:24.953930,London-8a40,12,8,Normal
2026-02-15 19:57:25.953930,London-8a40,-7,16,Normal
2026-02-15 19:57:26.953930,London-8a40,47,85,Normal
2026-02-15 19:57:27.953930,London-8a40,-14,55,Normal
2026-02-15 19:57:28.953930,London-8a40,-3,17,Normal
2026-02-15 19:57:29.953930,London-8a40,19,2,Normal
2026-02-15 19:57:30.953930,London-8a40,-22,55,Normal
2026-02-15 19:57:31.953930,London-8a40,3,100,Normal
2026-02-15 19:57:32.953930,London-8a40,1,80,Normal
2026-02-15 19:57:33.953930,London-8a40,2,45,Normal
2026-02-15 19:57:34.953930,London-8a40,-22,70,Normal
2026-02-15 19:57:35.953930,London-8a40,-23,1,Normal
2026-02-15 19:57:36.953930,London-8a40,35,46,Normal
2026-02-15 19:57:37.953930,London-8a40,-6,29,Normal
2026-02-15 19:57:38.953930,London-8a40,-23,21,Normal
2026-02-15 19:57:39.953930,London-8a40,16,44,Normal
2026-02-15 19:57:40.953930,London-8a40,-27,23,Normal
2026-02-15 19:57:41.953930,London-8a40,-29,45,Normal
2026-02-15 19:57:42.953930,London-8a40,28,26,Normal
2026-02-15 19:57:43.953930,London-8a40,38,23,Normal
2026-02-15 19:57:44.953930,London-8a40,-19,89,Normal
2026-02-15 19:57:45.953930,London-8a40,4,76,Normal
2026-02-15 19:57:46.953930,London-8a40,21,72,Normal
2026-02-15 19:57:47.953930,London-8a40,6,96,Normal
2026-02-15 19:57:48.953930,London-8a40,37,19,Normal
2026-02-15 19:57:49.953930,London-8a40,-23,89,Normal
2026-02-15 19:57:50.953930,London-8a40,-16,40,Normal
2026-02-15 19:57:51.953930,London-8a40,-21,63,Normal
2026-02-15 19:57:52.953930,London-8a40,33,88,Normal
2026-02-15 19:57:53.953930,London-8a40,26,67,Normal
2026-02-15 19:57:54.953930,London-8a40,35,100,Normal
2026-02-15 19:57:55.953930,London-8a40,14,22,Normal
2026-02-15 19:57:56.953930,London-8a40,-30,98,Normal
2026-02-15 19:57:57.953930,London-8a40,27,76,Normal
2026-02-15 19:57:58.953930,London-8a40,3,1,Normal
2026-02-15 19:57:59.953930,London-8a40,-23,68,Normal
2026-02-15 19:58:00.953930,London-8a40,-7,22,Normal
2026-02-15 19:58:01.953930,London-8a40,-30,20,Normal
2026-02-15 19:58:02.953930,London-8a40,20,57,Normal
2026-02-15 19:58:03.953930,London-8a40,19,46,Normal
2026-02-15 19:58:04.953930,London-8a40,-30,18,Normal
2026-02-15 19:58:05.953930,London-8a40,24,34,Normal
2026-02-15 19:58:06.953930,London-8a40,37,90,Normal
2026-02-15 19:58:07.953930,London-8a40,-28,31,Normal
2026-02-15 19:58:08.953930,London-8a40,-30,62,Normal
2026-02-15 19:58:09.953930,London-8a40,36,59,Normal
2026-02-15 19:58:10.953930,London-8a40,1,100,Normal
2026-02-15 19:58:11.953930,London-8a40,18,77,Normal
2026-02-15 19:58:12.953930,London-8a40,-30,61,Normal
2026-02-15 19:58:13.953930,London-8a40,26,76,Normal
2026-02-15 19:58:14.953930,London-8a40,-23,23,Normal
2026-02-15 19:58:15.953930,London-8a40,20,53,Normal
2026-02-15 19:58:16.953930,London-8a40,37,95,Normal
2026-02-15 19:58:17.953930,London-8a40,-20,33,Normal
2026-02-15 19:58:18.953930,London-8a40,-13,26,Normal
2026-02-15 19:58:19.953930,London-8a40,43,71,Normal
2026-02-15 19:58:20.953930,London-8a40,-23,78,Normal
2026-02-15 19:58:21.953930,London-8a40,26,56,Normal
2026-02-15 19:58:22.953930,London-8a40,-27,72,Normal
2026-02-15 19:58:23.953930,London-8a40,3,58,Normal
2026-02-15 19:58:24.953930,London-8a40,36,84,Normal
2026-02-15 19:58:25.953930,London-8a40,33,80,Normal
2026-02-15 19:58:26.953930,London-8a40,49,95,Normal
2026-02-15 19:58:27.953930,London-8a40,38,91,Normal
2026-02-15 19:58:28.953930,London-8a40,15,54,Normal
2026-02-15 19:58:29.953930,London-8a40,6,10,Normal
2026-02-15 19:58:30.953930,London-8a40,10,0,Normal
2026-02-15 19:58:31.953930,London-8a40,15,96,Normal
2026-02-15 19:58:32.953930,London-8a40,31,88,Normal
2026-02-15 19:58:33.953930,London-8a40,3,15,Normal
2026-02-15 19:58:34.953930,London-8a40,9,64,Normal
2026-02-15 19:58:35.953930,London-8a40,-1,74,Normal
2026-02-15 19:58:36.953930,London-8a40,7,73,Normal
2026-02-15 19:58:37.953930,London-8a40,-3,59,Normal
2026-02-15 19:58:38.953930,London-8a40,22,69,Normal
2026-02-15 19:58:39.953930,London-8a40,32,26,Normal
2026-02-15 19:58:40.953930,London-8a40,13,52,Normal
2026-02-15 19:58:41.953930,London-8a40,-16,57,Normal
2026-02-15 19:58:42.953930,London-8a40,22,8,Normal
2026-02-15 19:58:43.953930,London-8a40,-14,32,Normal
2026-02-15 19:58:44.953930,London-8a40,-22,22,Normal
2026-02-15 19:58:45.953930,London-8a40,-12,1,Normal
2026-02-15 19:58:46.953930,London-8a40,31,4,Normal
2026-02-15 19:58:47.953930,London-8a40,20,88,Normal
2026-02-15 19:58:48.953930,London-8a40,-3,59,Normal
2026-02-15 19:58:49.953930,London-8a40,10,60,Normal
2026-02-15 19:58:50.953930,London-8a40,-14,28,Normal
2026-02-15 19:58:51.953930,London-8a40,6,35,Normal
2026-02-15 19:58:52.953930,London-8a40,-16,68,Normal
2026-02-15 19:58:53.953930,London-8a40,20,36,Normal
2026-02-15 19:58:54.953930,London-8a40,22,15,Normal
2026-02-15 19:58:55.953930,London-8a40,8,89,Normal
2026-02-15 19:58:56.953930,London-8a40,13,26,Normal
2026-02-15 19:58:57.953930,London-8a40,48,93,Normal
