timestamp,station_id,temp,humid,condition
2026-02-17 06:08:08.891734,Seoul-17d6,11,66,Normal
2026-02-17 06:08:09.891734,Seoul-17d6,-10,72,Normal
2026-02-17 06:08:10.891734,Seoul-17d6,-28,68,Normal
2026-02-17 06:08:11.891734,Seoul-17d6,22,92,Normal
2026-02-17 06:08:12.891734,Seoul-17d6,41,26,Normal
2026-02-17 06:08:13.891734,Seoul-17d6,10,48,Normal
2026-02-17 06:08:14.891734,Seoul-17d6,-16,77,Normal
2026-02-17 06:08:15.891734,Seoul-17d6,46,14,Normal
2026-02-17 06:08:16.891734,Seoul-17d6,7,51,Normal
2026-02-17 06:08:17.891734,Seoul-17d6,1,96,Normal
2026-02-17 06:08:18.891734,Seoul-17d6,17,32,Normal
2026-02-17 06:08:19.891734,Seoul-17d6,45,11,Normal
2026-02-17 06:08:20.891734,Seoul-17d6,15,29,Normal
2026-02-17 06:08:21.891734,Seoul-17d6,0,98,Normal
2026-02-17 06:08:22.891734,Seoul-17d6,10,93,Normal
2026-02-17 06:08:23.891734,Seoul-17d6,13,98,Normal
2026-02-17 06:08:24.891734,Seoul-17d6,-8,96,Normal
2026-02-17 06:08:25.891734,Seoul-17d6,20,60,Normal
2026-02-17 06:08:26.891734,Seoul-17d6,-7,62,Normal
2026-02-17 06:08:27.891734,Seoul-17d6,22,37,Normal
2026-02-17 06:08:28.891734,Seoul-17d6,31,82,Normal
2026-02-17 06:08:29.891734,Seoul-17d6,13,90,Normal
2026-02-17 06:08:30.891734,Seoul-17d6,-14,34,Normal
2026-02-17 06:08:31.891734,Seoul-17d6,0,35,Normal
2026-02-17 06:08:32.891734,Seoul-17d6,7,36,Normal
2026-02-17 06:08:33.891734,Seoul-17d6,22,75,Normal
2026-02-17 06:08:34.891734,Seoul-17d6,-9,68,Normal
2026-02-17 06:08:35.891734,Seoul-17d6,18,71,Normal
2026-02-17 06:08:36.891734,Seoul-17d6,-1,38,Normal
2026-02-17 06:08:37.891734,Seoul-17d6,14,16,Normal
2026-02-17 06:08:38.891734,Seoul-17d6,-4,82,Normal
2026-02-17 06:08:39.891734,Seoul-17d6,-15,91,Normal
2026-02-17 06:08:40.891734,Seoul-17d6,-27,83,Normal
2026-02-17 06:08:41.891734,Seoul-17d6,4,49,Normal
2026-02-17 06:08:42.891734,Seoul-17d6,-25,94,Normal
2026-02-17 06:08:43.891734,Seoul-17d6,-4,81,Normal
2026-02-17 06:08:44.891734,Seoul-17d6,46,77,Normal
2026-02-17 06:08:45.891734,Seoul-17d6,43,31,Normal
2026-02-17 06:08:46.891734,Seoul-17d6,44,88,Normal
2026-02-17 06:08:47.891734,Seoul-17d6,-22,75,Normal
2026-02-17 06:08:48.891734,Seoul-17d6,19,52,Normal
2026-02-17 06:08:49.891734,Seoul-17d6,46,31,Normal
2026-02-17 06:08:50.891734,Seoul-17d6,14,29,Normal
2026-02-17 06:08:51.891734,Seoul-17d6,-29,32,Normal
2026-02-17 06:08:52.891734,Seoul-17d6,21,78,Normal
2026-02-17 06:08:53.891734,Seoul-17d6,2,7,Normal
2026-02-17 06:08:54.891734,Seoul-17d6,40,73,Normal
2026-02-17 06:08:55.891734,Seoul-17d6,-1,10,Normal
2026-02-17 06:08:56.891734,Seoul-17d6,6,23,Normal
2026-02-17 06:08:57.891734,Seoul-17d6,36,50,Normal
2026-02-17 06:08:58.891734,Seoul-17d6,23,49,Normal
2026-02-17 06:08:59.891734,Seoul-17d6,-8,86,Normal
2026-02-17 06:09:00.891734,Seoul-17d6,-11,41,Normal
2026-02-17 06:09:01.891734,Seoul-17d6,-13,64,Normal
2026-02-17 06:09:02.891734,Seoul-17d6,10,78,Normal
2026-02-17 06:09:03.891734,Seoul-17d6,14,96,Normal
2026-02-17 06:09:04.891734,Seoul-17d6,33,9,Normal
2026-02-17 06:09:05.891734,Seoul-17d6,40,15,Normal
2026-02-17 06:09:06.891734,Seoul-17d6,1,76,Normal
2026-02-17 06:09:07.891734,Seoul-17d6,6,40,Normal
2026-02-17 06:09:08.891734,Seoul-17d6,15,63,Normal
2026-02-17 06:09:09.891734,Seoul-17d6,38,83,Normal
2026-02-17 06:09:10.891734,Seoul-17d6,2,88,Normal
2026-02-17 06:09:11.891734,Seoul-17d6,-28,1,Normal
2026-02-17 06:09:12.891734,Seoul-17d6,13,38,Normal
2026-02-17 06:09:13.891734,Seoul-17d6,-12,81,Normal
2026-02-17 06:09:14.891734,Seoul-17d6,-1,43,Normal
2026-02-17 06:09:15.891734,Seoul-17d6,40,12,Normal
2026-02-17 06:09:16.891734,Seoul-17d6,44,64,Normal
2026-02-17 06:09:17.891734,Seoul-17d6,37,40,Normal
2026-02-17 06:09:18.891734,Seoul-17d6,7,35,Normal
2026-02-17 06:09:19.891734,Seoul-17d6,5,69,Normal
2026-02-17 06:09:20.891734,Seoul-17d6,46,69,Normal
2026-02-17 06:09:21.891734,Seoul-17d6,31,25,Normal
2026-02-17 06:09:22.891734,Seoul-17d6,27,54,Normal
2026-02-17 06:09:23.891734,Seoul-17d6,30,100,Normal
2026-02-17 06:09:24.891734,Seoul-17d6,-28,12,Normal
2026-02-17 06:09:25.891734,Seoul-17d6,19,57,Normal
2026-02-17 06:09:26.891734,Seoul-17d6,18,56,Normal
2026-02-17 06:09:27.891734,Seoul-17d6,45,60,Normal
2026-02-17 06:09:28.891734,Seoul-17d6,38,79,Normal
2026-02-17 06:09:29.891734,Seoul-17d6,28,30,Normal
2026-02-17 06:09:30.891734,Seoul-17d6,32,21,Normal
2026-02-17 06:09:31.891734,Seoul-17d6,22,39,Normal
2026-02-17 06:09:32.891734,Seoul-17d6,1,40,Normal
2026-02-17 06:09:33.891734,Seoul-17d6,-21,80,Normal
2026-02-17 06:09:34.891734,Seoul-17d6,41,23,Normal
2026-02-17 06:09:35.891734,Seoul-17d6,21,65,Normal
2026-02-17 06:09:36.891734,Seoul-17d6,-25,64,Normal
2026-02-17 06:09:37.891734,Seoul-17d6,42,41,Normal
2026-02-17 06:09:38.891734,Seoul-17d6,-5,67,Normal
2026-02-17 06:09:39.891734,Seoul-17d6,9,98,Normal
2026-02-17 06:09:40.891734,Seoul-17d6,25,30,Normal
2026-02-17 06:09:41.891734,Seoul-17d6,50,12,Normal
2026-02-17 06:09:42.891734,Seoul-17d6,48,51,Normal
2026-02-17 06:09:43.891734,Seoul-17d6,6,41,Normal
2026-02-17 06:09:44.891734,Seoul-17d6,8,92,Normal
2026-02-17 06:09:45.891734,Seoul-17d6,42,82,Normal
2026-02-17 06:09:46.891734,Seoul-17d6,18,61,Normal
2026-02-17 06:09:47.891734,Seoul-17d6,31,16,Normal
2026-02-17 06:09:48.891734,Seoul-17d6,0,44,Normal
2026-02-17 06:09:49.891734,Seoul-17d6,38,5,Normal
2026-02-17 06:09:50.891734,Seoul-17d6,41,9,Normal
2026-02-17 06:09:51.891734,Seoul-17d6,-26,91,Normal
2026-02-17 06:09:52.891734,Seoul-17d6,37,55,Normal
2026-02-17 06:09:53.891734,Seoul-17d6,-22,32,Normal
2026-02-17 06:09:54.891734,Seoul-17d6,-8,53,Normal
2026-02-17 06:09:55.891734,Seoul-17d6,12,78,Normal
2026-02-17 06:09:56.891734,Seoul-17d6,19,62,Normal
2026-02-17 06:09:57.891734,Seoul-17d6,6,36,Normal
2026-02-17 06:09:58.891734,Seoul-17d6,-6,77,Normal
2026-02-17 06:09:59.891734,Seoul-17d6,-30,100,Normal
2026-02-17 06:10:00.891734,Seoul-17d6,-27,51,Normal
2026-02-17 06:10:01.891734,Seoul-17d6,-11,16,Normal
2026-02-17 06:10:02.891734,Seoul-17d6,-8,10,Normal
2026-02-17 06:10:03.891734,Seoul-17d6,-8,43,Normal
2026-02-17 06:10:04.891734,Seoul-17d6,36,100,Normal
2026-02-17 06:10:05.891734,Seoul-17d6,16,41,Normal
2026-02-17 06:10:06.891734,Seoul-17d6,1,44,Normal
2026-02-17 06:10:07.891734,Seoul-17d6,-10,83,Normal
2026-02-17 06:10:08.891734,Seoul-17d6,22,29,Normal
2026-02-17 06:10:09.891734,Seoul-17d6,25,69,Normal
2026-02-17 06:10:10.891734,Seoul-17d6,37,87,Normal
2026-02-17 06:10:11.891734,Seoul-17d6,-26,10,Normal
2026-02-17 06:10:12.891734,Seoul-17d6,50,19,Normal
2026-02-17 06:10:13.891734,Seoul-17d6,-12,46,Normal
2026-02-17 06:10:14.891734,Seoul-17d6,45,43,Normal
2026-02-17 06:10:15.891734,Seoul-17d6,-7,23,Normal
2026-02-17 06:10:16.891734,Seoul-17d6,29,64,Normal
2026-02-17 06:10:17.891734,Seoul-17d6,1,81,Normal
2026-02-17 06:10:18.891734,Seoul-17d6,3,76,Normal
2026-02-17 06:10:19.891734,Seoul-17d6,48,42,Normal
2026-02-17 06:10:20.891734,Seoul-17d6,33,51,Normal
2026-02-17 06:10:21.891734,Seoul-17d6,28,83,Normal
2026-02-17 06:10:22.891734,Seoul-17d6,1,78,Normal
2026-02-17 06:10:23.891734,Seoul-17d6,-18,53,Normal
2026-02-17 06:10:24.891734,Seoul-17d6,-18,52,Normal
2026-02-17 06:10:25.891734,Seoul-17d6,3,33,Normal
2026-02-17 06:10:26.891734,Seoul-17d6,50,55,Normal
2026-02-17 06:10:27.891734,Seoul-17d6,8,83,Normal
2026-02-17 06:10:28.891734,Seoul-17d6,-26,16,Normal
2026-02-17 06:10:29.891734,Seoul-17d6,-19,100,Normal
2026-02-17 06:10:30.891734,Seoul-17d6,-15,30,Normal
2026-02-17 06:10:31.891734,Seoul-17d6,-4,78,Normal
2026-02-17 06:10:32.891734,Seoul-17d6,45,3,Normal
2026-02-17 06:10:33.891734,Seoul-17d6,-27,50,Normal
2026-02-17 06:10:34.891734,Seoul-17d6,-18,4,Normal
2026-02-17 06:10:35.891734,Seoul-17d6,4,77,Normal
2026-02-17 06:10:36.891734,Seoul-17d6,49,68,Normal
2026-02-17 06:10:37.891734,Seoul-17d6,41,81,Normal
2026-02-17 06:10:38.891734,Seoul-17d6,19,69,Normal
2026-02-17 06:10:39.891734,Seoul-17d6,-25,7,Normal
2026-02-17 06:10:40.891734,Seoul-17d6,-10,14,Normal
2026-02-17 06:10:41.891734,Seoul-17d6,19,24,Normal
2026-02-17 06:10:42.891734,Seoul-17d6,-14,86,Normal
2026-02-17 06:10:43.891734,Seoul-17d6,0,77,Normal
2026-02-17 06:10:44.891734,Seoul-17d6,49,71,Normal
2026-02-17 06:10:45.891734,Seoul-17d6,40,63,Normal
2026-02-17 06:10:46.891734,Seoul-17d6,43,19,Normal
2026-02-17 06:10:47.891734,Seoul-17d6,1,45,Normal
2026-02-17 06:10:48.891734,Seoul-17d6,47,60,Normal
2026-02-17 06:10:49.891734,Seoul-17d6,-21,11,Normal
2026-02-17 06:10:50.891734,Seoul-17d6,3,71,Normal
2026-02-17 06:10:51.891734,Seoul-17d6,-9,95,Normal
2026-02-17 06:10:52.891734,Seoul-17d6,31,89,Normal
2026-02-17 06:10:53.891734,Seoul-17d6,9,69,Normal
2026-02-17 06:10:54.891734,Seoul-17d6,7,39,Normal
2026-02-17 06:10:55.891734,Seoul-17d6,-20,83,Normal
2026-02-17 06:10:56.891734,Seoul-17d6,-19,19,Normal
2026-02-17 06:10:57.891734,Seoul-17d6,10,31,Normal
2026-02-17 06:10:58.891734,Seoul-17d6,20,54,Normal
2026-02-17 06:10:59.891734,Seoul-17d6,-5,20,Normal
2026-02-17 06:11:00.891734,Seoul-17d6,18,82,Normal
2026-02-17 06:11:01.891734,Seoul-17d6,5,90,Normal
2026-02-17 06:11:02.891734,Seoul-17d6,-2,8,Normal
2026-02-17 06:11:03.891734,Seoul-17d6,-11,90,Normal
2026-02-17 06:11:04.891734,Seoul-17d6,6,58,Normal
2026-02-17 06:11:05.891734,Seoul-17d6,-15,37,Normal
2026-02-17 06:11:06.891734,Seoul-17d6,49,24,Normal
2026-02-17 06:11:07.891734,Seoul-17d6,15,1,Normal
2026-02-17 06:11:08.891734,Seoul-17d6,9,74,Normal
2026-02-17 06:11:09.891734,Seoul-17d6,22,9,Normal
2026-02-17 06:11:10.891734,Seoul-17d6,-8,8,Normal
2026-02-17 06:11:11.891734,Seoul-17d6,-19,28,Normal
2026-02-17 06:11:12.891734,Seoul-17d6,-19,69,Normal
2026-02-17 06:11:13.891734,Seoul-17d6,41,63,Normal
2026-02-17 06:11:14.891734,Seoul-17d6,12,74,Normal
2026-02-17 06:11:15.891734,Seoul-17d6,-23,3,Normal
2026-02-17 06:11:16.891734,Seoul-17d6,-23,100,Normal
2026-02-17 06:11:17.891734,Seoul-17d6,-23,42,Normal
2026-02-17 06:11:18.891734,Seoul-17d6,37,88,Normal
2026-02-17 06:11:19.891734,Seoul-17d6,-17,97,Normal
2026-02-17 06:11:20.891734,Seoul-17d6,31,46,Normal
2026-02-17 06:11:21.891734,Seoul-17d6,-1,51,Normal
2026-02-17 06:11:22.891734,Seoul-17d6,38,99,Normal
2026-02-17 06:11:23.891734,Seoul-17d6,-29,36,Normal
2026-02-17 06:11:24.891734,Seoul-17d6,22,76,Normal
2026-02-17 06:11:25.891734,Seoul-17d6,-12,86,Normal
2026-02-17 06:11:26.891734,Seoul-17d6,42,41,Normal
2026-02-17 06:11:27.891734,Seoul-17d6,24,81,Normal
2026-02-17 06:11:28.891734,Seoul-17d6,13,75,Normal
2026-02-17 06:11:29.891734,Seoul-17d6,27,39,Normal
2026-02-17 06:11:30.891734,Seoul-17d6,-25,65,Normal
2026-02-17 06:11:31.891734,Seoul-17d6,-30,95,Normal
2026-02-17 06:11:32.891734,Seoul-17d6,-3,38,Normal
2026-02-17 06:11:33.891734,Seoul-17d6,30,0,Normal
2026-02-17 06:11:34.891734,Seoul-17d6,10,42,Normal
2026-02-17 06:11:35.891734,Seoul-17d6,6,44,Normal
2026-02-17 06:11:36.891734,Seoul-17d6,16,93,Normal
2026-02-17 06:11:37.891734,Seoul-17d6,5,68,Normal
2026-02-17 06:11:38.891734,Seoul-17d6,18,77,Normal
2026-02-17 06:11:39.891734,Seoul-17d6,-19,70,Normal
2026-02-17 06:11:40.891734,Seoul-17d6,-23,49,Normal
2026-02-17 06:11:41.891734,Seoul-17d6,2,75,Normal
2026-02-17 06:11:42.891734,Seoul-17d6,34,23,Normal
2026-02-17 06:11:43.891734,Seoul-17d6,46,13,Normal
2026-02-17 06:11:44.891734,Seoul-17d6,1,99,Normal
2026-02-17 06:11:45.891734,Seoul-17d6,47,48,Normal
2026-02-17 06:11:46.891734,Seoul-17d6,-24,73,Normal
2026-02-17 06:11:47.891734,Seoul-17d6,32,5,Normal
2026-02-17 06:11:48.891734,Seoul-17d6,24,90,Normal
2026-02-17 06:11:49.891734,Seoul-17d6,-17,52,Normal
2026-02-17 06:11:50.891734,Seoul-17d6,-29,34,Normal
2026-02-17 06:11:51.891734,Seoul-17d6,37,14,Normal
2026-02-17 06:11:52.891734,Seoul-17d6,3,25,Normal
2026-02-17 06:11:53.891734,Seoul-17d6,47,11,Normal
2026-02-17 06:11:54.891734,Seoul-17d6,-11,53,Normal
2026-02-17 06:11:55.891734,Seoul-17d6,39,35,Normal
2026-02-17 06:11:56.891734,Seoul-17d6,42,15,Normal
2026-02-17 06:11:57.891734,Seoul-17d6,-7,58,Normal
2026-02-17 06:11:58.891734,Seoul-17d6,7,77,Normal
2026-02-17 06:11:59.891734,Seoul-17d6,15,24,Normal
2026-02-17 06:12:00.891734,Seoul-17d6,-9,71,Normal
2026-02-17 06:12:01.891734,Seoul-17d6,-5,35,Normal
2026-02-17 06:12:02.891734,Seoul-17d6,13,66,Normal
2026-02-17 06:12:03.891734,Seoul-17d6,-24,48,Normal
2026-02-17 06:12:04.891734,Seoul-17d6,-15,2,Normal
2026-02-17 06:12:05.891734,Seoul-17d6,-3,41,Normal
2026-02-17 06:12:06.891734,Seoul-17d6,9,54,Normal
2026-02-17 06:12:07.891734,Seoul-17d6,16,12,Normal
2026-02-17 06:12:08.891734,Seoul-17d6,19,99,Normal
2026-02-17 06:12:09.891734,Seoul-17d6,1,11,Normal
2026-02-17 06:12:10.891734,Seoul-17d6,30,37,Normal
2026-02-17 06:12:11.891734,Seoul-17d6,-13,47,Normal
2026-02-17 06:12:12.891734,Seoul-17d6,22,94,Normal
2026-02-17 06:12:13.891734,Seoul-17d6,25,47,Normal
2026-02-17 06:12:14.891734,Seoul-17d6,31,75,Normal
2026-02-17 06:12:15.891734,Seoul-17d6,43,99,Normal
2026-02-17 06:12:16.891734,Seoul-17d6,28,10,Normal
2026-02-17 06:12:17.891734,Seoul-17d6,37,72,Normal
2026-02-17 06:12:18.891734,Seoul-17d6,30,47,Normal
2026-02-17 06:12:19.891734,Seoul-17d6,49,79,Normal
2026-02-17 06:12:20.891734,Seoul-17d6,1,40,Normal
2026-02-17 06:12:21.891734,Seoul-17d6,45,87,Normal
2026-02-17 06:12:22.891734,Seoul-17d6,26,49,Normal
2026-02-17 06:12:23.891734,Seoul-17d6,19,77,Normal
2026-02-17 06:12:24.891734,Seoul-17d6,45,3,Normal
2026-02-17 06:12:25.891734,Seoul-17d6,38,85,Normal
2026-02-17 06:12:26.891734,Seoul-17d6,41,72,Normal
2026-02-17 06:12:27.891734,Seoul-17d6,23,53,Normal
2026-02-17 06:12:28.891734,Seoul-17d6,11,38,Normal
2026-02-17 06:12:29.891734,Seoul-17d6,32,61,Normal
2026-02-17 06:12:30.891734,Seoul-17d6,15,20,Normal
2026-02-17 06:12:31.891734,Seoul-17d6,-13,15,Normal
2026-02-17 06:12:32.891734,Seoul-17d6,49,49,Normal
2026-02-17 06:12:33.891734,Seoul-17d6,18,48,Normal
2026-02-17 06:12:34.891734,Seoul-17d6,24,76,Normal
2026-02-17 06:12:35.891734,Seoul-17d6,-21,5,Normal
2026-02-17 06:12:36.891734,Seoul-17d6,46,0,Normal
2026-02-17 06:12:37.891734,Seoul-17d6,-17,90,Normal
2026-02-17 06:12:38.891734,Seoul-17d6,50,31,Normal
2026-02-17 06:12:39.891734,Seoul-17d6,25,46,Normal
2026-02-17 06:12:40.891734,Seoul-17d6,13,25,Normal
2026-02-17 06:12:41.891734,Seoul-17d6,-29,71,Normal
2026-02-17 06:12:42.891734,Seoul-17d6,-5,62,Normal
2026-02-17 06:12:43.891734,Seoul-17d6,43,48,Normal
2026-02-17 06:12:44.891734,Seoul-17d6,-30,31,Normal
2026-02-17 06:12:45.891734,Seoul-17d6,18,26,Normal
2026-02-17 06:12:46.891734,Seoul-17d6,-11,51,Normal
2026-02-17 06:12:47.891734,Seoul-17d6,30,62,Normal
2026-02-17 06:12:48.891734,Seoul-17d6,0,21,Normal
2026-02-17 06:12:49.891734,Seoul-17d6,-12,94,Normal
2026-02-17 06:12:50.891734,Seoul-17d6,-19,3,Normal
2026-02-17 06:12:51.891734,Seoul-17d6,-29,21,Normal
2026-02-17 06:12:52.891734,Seoul-17d6,22,90,Normal
2026-02-17 06:12:53.891734,Seoul-17d6,50,46,Normal
2026-02-17 06:12:54.891734,Seoul-17d6,-18,5,Normal
2026-02-17 06:12:55.891734,Seoul-17d6,-3,71,Normal
2026-02-17 06:12:56.891734,Seoul-17d6,6,60,Normal
2026-02-17 06:12:57.891734,Seoul-17d6,36,42,Normal
2026-02-17 06:12:58.891734,Seoul-17d6,-23,8,Normal
2026-02-17 06:12:59.891734,Seoul-17d6,42,4,Normal
2026-02-17 06:13:00.891734,Seoul-17d6,8,48,Normal
2026-02-17 06:13:01.891734,Seoul-17d6,24,54,Normal
2026-02-17 06:13:02.891734,Seoul-17d6,-20,41,Normal
2026-02-17 06:13:03.891734,Seoul-17d6,44,32,Normal
2026-02-17 06:13:04.891734,Seoul-17d6,-17,5,Normal
2026-02-17 06:13:05.891734,Seoul-17d6,21,21,Normal
2026-02-17 06:13:06.891734,Seoul-17d6,-5,81,Normal
2026-02-17 06:13:07.891734,Seoul-17d6,-5,37,Normal
2026-02-17 06:13:08.891734,Seoul-17d6,47,27,Normal
2026-02-17 06:13:09.891734,Seoul-17d6,8,23,Normal
2026-02-17 06:13:10.891734,Seoul-17d6,41,42,Normal
2026-02-17 06:13:11.891734,Seoul-17d6,25,17,Normal
2026-02-17 06:13:12.891734,Seoul-17d6,-23,28,Normal
2026-02-17 06:13:13.891734,Seoul-17d6,19,33,Normal
2026-02-17 06:13:14.891734,Seoul-17d6,-19,79,Normal
2026-02-17 06:13:15.891734,Seoul-17d6,-16,25,Normal
2026-02-17 06:13:16.891734,Seoul-17d6,14,39,Normal
2026-02-17 06:13:17.891734,Seoul-17d6,-15,32,Normal
2026-02-17 06:13:18.891734,Seoul-17d6,40,36,Normal
2026-02-17 06:13:19.891734,Seoul-17d6,35,30,Normal
2026-02-17 06:13:20.891734,Seoul-17d6,19,75,Normal
2026-02-17 06:13:21.891734,Seoul-17d6,50,40,Normal
2026-02-17 06:13:22.891734,Seoul-17d6,-5,15,Normal
2026-02-17 06:13:23.891734,Seoul-17d6,20,81,Normal
2026-02-17 06:13:24.891734,Seoul-17d6,-7,24,Normal
2026-02-17 06:13:25.891734,Seoul-17d6,41,51,Normal
2026-02-17 06:13:26.891734,Seoul-17d6,-22,1,Normal
2026-02-17 06:13:27.891734,Seoul-17d6,0,44,Normal
2026-02-17 06:13:28.891734,Seoul-17d6,-13,98,Normal
2026-02-17 06:13:29.891734,Seoul-17d6,14,78,Normal
2026-02-17 06:13:30.891734,Seoul-17d6,42,19,Normal
2026-02-17 06:13:31.891734,Seoul-17d6,49,82,Normal
2026-02-17 06:13:32.891734,Seoul-17d6,17,32,Normal
2026-02-17 06:13:33.891734,Seoul-17d6,-25,99,Normal
2026-02-17 06:13:34.891734,Seoul-17d6,19,14,Normal
2026-02-17 06:13:35.891734,Seoul-17d6,-17,17,Normal
2026-02-17 06:13:36.891734,Seoul-17d6,9,3,Normal
2026-02-17 06:13:37.891734,Seoul-17d6,25,37,Normal
2026-02-17 06:13:38.891734,Seoul-17d6,24,26,Normal
2026-02-17 06:13:39.891734,Seoul-17d6,22,48,Normal
2026-02-17 06:13:40.891734,Seoul-17d6,-10,28,Normal
2026-02-17 06:13:41.891734,Seoul-17d6,-14,31,Normal
2026-02-17 06:13:42.891734,Seoul-17d6,-15,24,Normal
2026-02-17 06:13:43.891734,Seoul-17d6,-4,18,Normal
2026-02-17 06:13:44.891734,Seoul-17d6,20,99,Normal
2026-02-17 06:13:45.891734,Seoul-17d6,-26,57,Normal
2026-02-17 06:13:46.891734,Seoul-17d6,22,9,Normal
2026-02-17 06:13:47.891734,Seoul-17d6,12,97,Normal
2026-02-17 06:13:48.891734,Seoul-17d6,6,1,Normal
2026-02-17 06:13:49.891734,Seoul-17d6,34,64,Normal
2026-02-17 06:13:50.891734,Seoul-17d6,12,90,Normal
2026-02-17 06:13:51.891734,Seoul-17d6,38,34,Normal
2026-02-17 06:13:52.891734,Seoul-17d6,-22,88,Normal
2026-02-17 06:13:53.891734,Seoul-17d6,8,26,Normal
2026-02-17 06:13:54.891734,Seoul-17d6,-8,64,Normal
2026-02-17 06:13:55.891734,Seoul-17d6,-24,59,Normal
2026-02-17 06:13:56.891734,Seoul-17d6,26,64,Normal
2026-02-17 06:13:57.891734,Seoul-17d6,50,47,Normal
2026-02-17 06:13:58.891734,Seoul-17d6,49,38,Normal
2026-02-17 06:13:59.891734,Seoul-17d6,15,66,Normal
2026-02-17 06:14:00.891734,Seoul-17d6,23,42,Normal
2026-02-17 06:14:01.891734,Seoul-17d6,-13,16,Normal
2026-02-17 06:14:02.891734,Seoul-17d6,-21,26,Normal
2026-02-17 06:14:03.891734,Seoul-17d6,38,61,Normal
2026-02-17 06:14:04.891734,Seoul-17d6,-6,89,Normal
2026-02-17 06:14:05.891734,Seoul-17d6,10,62,Normal
2026-02-17 06:14:06.891734,Seoul-17d6,38,74,Normal
2026-02-17 06:14:07.891734,Seoul-17d6,-26,32,Normal
2026-02-17 06:14:08.891734,Seoul-17d6,-1,19,Normal
2026-02-17 06:14:09.891734,Seoul-17d6,-7,48,Normal
2026-02-17 06:14:10.891734,Seoul-17d6,22,9,Normal
2026-02-17 06:14:11.891734,Seoul-17d6,30,22,Normal
2026-02-17 06:14:12.891734,Seoul-17d6,-24,36,Normal
2026-02-17 06:14:13.891734,Seoul-17d6,39,78,Normal
2026-02-17 06:14:14.891734,Seoul-17d6,31,66,Normal
2026-02-17 06:14:15.891734,Seoul-17d6,37,12,Normal
2026-02-17 06:14:16.891734,Seoul-17d6,9,9,Normal
2026-02-17 06:14:17.891734,Seoul-17d6,39,83,Normal
2026-02-17 06:14:18.891734,Seoul-17d6,28,0,Normal
2026-02-17 06:14:19.891734,Seoul-17d6,17,59,Normal
2026-02-17 06:14:20.891734,Seoul-17d6,9,31,Normal
2026-02-17 06:14:21.891734,Seoul-17d6,47,71,Normal
2026-02-17 06:14:22.891734,Seoul-17d6,-24,89,Normal
2026-02-17 06:14:23.891734,Seoul-17d6,-1,79,Normal
2026-02-17 06:14:24.891734,Seoul-17d6,9,66,Normal
2026-02-17 06:14:25.891734,Seoul-17d6,23,60,Normal
2026-02-17 06:14:26.891734,Seoul-17d6,-20,3,Normal
2026-02-17 06:14:27.891734,Seoul-17d6,31,67,Normal
2026-02-17 06:14:28.891734,Seoul-17d6,36,68,Normal
2026-02-17 06:14:29.891734,Seoul-17d6,-14,59,Normal
2026-02-17 06:14:30.891734,Seoul-17d6,-1,89,Normal
2026-02-17 06:14:31.891734,Seoul-17d6,37,2,Normal
2026-02-17 06:14:32.891734,Seoul-17d6,-14,38,Normal
2026-02-17 06:14:33.891734,Seoul-17d6,42,57,Normal
2026-02-17 06:14:34.891734,Seoul-17d6,39,75,Normal
2026-02-17 06:14:35.891734,Seoul-17d6,31,97,Normal
2026-02-17 06:14:36.891734,Seoul-17d6,37,49,Normal
2026-02-17 06:14:37.891734,Seoul-17d6,34,23,Normal
2026-02-17 06:14:38.891734,Seoul-17d6,31,26,Normal
2026-02-17 06:14:39.891734,Seoul-17d6,0,72,Normal
2026-02-17 06:14:40.891734,Seoul-17d6,-26,55,Normal
2026-02-17 06:14:41.891734,Seoul-17d6,-1,26,Normal
2026-02-17 06:14:42.891734,Seoul-17d6,17,86,Normal
2026-02-17 06:14:43.891734,Seoul-17d6,28,73,Normal
2026-02-17 06:14:44.891734,Seoul-17d6,20,43,Normal
2026-02-17 06:14:45.891734,Seoul-17d6,31,79,Normal
2026-02-17 06:14:46.891734,Seoul-17d6,-30,68,Normal
2026-02-17 06:14:47.891734,Seoul-17d6,46,22,Normal
2026-02-17 06:14:48.891734,Seoul-17d6,31,22,Normal
2026-02-17 06:14:49.891734,Seoul-17d6,-15,81,Normal
2026-02-17 06:14:50.891734,Seoul-17d6,25,77,Normal
2026-02-17 06:14:51.891734,Seoul-17d6,4,66,Normal
2026-02-17 06:14:52.891734,Seoul-17d6,39,28,Normal
2026-02-17 06:14:53.891734,Seoul-17d6,-28,83,Normal
2026-02-17 06:14:54.891734,Seoul-17d6,-23,100,Normal
2026-02-17 06:14:55.891734,Seoul-17d6,43,65,Normal
2026-02-17 06:14:56.891734,Seoul-17d6,-3,10,Normal
2026-02-17 06:14:57.891734,Seoul-17d6,19,99,Normal
2026-02-17 06:14:58.891734,Seoul-17d6,49,4,Normal
2026-02-17 06:14:59.891734,Seoul-17d6,-1,13,Normal
2026-02-17 06:15:00.891734,Seoul-17d6,19,18,Normal
2026-02-17 06:15:01.891734,Seoul-17d6,23,76,Normal
2026-02-17 06:15:02.891734,Seoul-17d6,-11,86,Normal
2026-02-17 06:15:03.891734,Seoul-17d6,0,18,Normal
2026-02-17 06:15:04.891734,Seoul-17d6,-19,33,Normal
2026-02-17 06:15:05.891734,Seoul-17d6,-21,45,Normal
2026-02-17 06:15:06.891734,Seoul-17d6,-30,69,Normal
2026-02-17 06:15:07.891734,Seoul-17d6,-16,65,Normal
2026-02-17 06:15:08.891734,Seoul-17d6,-14,28,Normal
2026-02-17 06:15:09.891734,Seoul-17d6,-28,76,Normal
2026-02-17 06:15:10.891734,Seoul-17d6,-9,52,Normal
2026-02-17 06:15:11.891734,Seoul-17d6,9,31,Normal
2026-02-17 06:15:12.891734,Seoul-17d6,-3,56,Normal
2026-02-17 06:15:13.891734,Seoul-17d6,-25,71,Normal
2026-02-17 06:15:14.891734,Seoul-17d6,31,42,Normal
2026-02-17 06:15:15.891734,Seoul-17d6,22,72,Normal
2026-02-17 06:15:16.891734,Seoul-17d6,9,52,Normal
2026-02-17 06:15:17.891734,Seoul-17d6,-10,54,Normal
2026-02-17 06:15:18.891734,Seoul-17d6,-22,82,Normal
2026-02-17 06:15:19.891734,Seoul-17d6,-17,31,Normal
2026-02-17 06:15:20.891734,Seoul-17d6,49,18,Normal
2026-02-17 06:15:21.891734,Seoul-17d6,41,52,Normal
2026-02-17 06:15:22.891734,Seoul-17d6,24,29,Normal
2026-02-17 06:15:23.891734,Seoul-17d6,-16,45,Normal
2026-02-17 06:15:24.891734,Seoul-17d6,30,77,Normal
2026-02-17 06:15:25.891734,Seoul-17d6,25,96,Normal
2026-02-17 06:15:26.891734,Seoul-17d6,31,2,Normal
2026-02-17 06:15:27.891734,Seoul-17d6,24,66,Normal
2026-02-17 06:15:28.891734,Seoul-17d6,27,99,Normal
2026-02-17 06:15:29.891734,Seoul-17d6,25,16,Normal
2026-02-17 06:15:30.891734,Seoul-17d6,-29,10,Normal
2026-02-17 06:15:31.891734,Seoul-17d6,48,38,Normal
2026-02-17 06:15:32.891734,Seoul-17d6,43,3,Normal
2026-02-17 06:15:33.891734,Seoul-17d6,-28,4,Normal
2026-02-17 06:15:34.891734,Seoul-17d6,-2,73,Normal
2026-02-17 06:15:35.891734,Seoul-17d6,39,98,Normal
2026-02-17 06:15:36.891734,Seoul-17d6,-27,27,Normal
2026-02-17 06:15:37.891734,Seoul-17d6,36,83,Normal
2026-02-17 06:15:38.891734,Seoul-17d6,42,60,Normal
2026-02-17 06:15:39.891734,Seoul-17d6,45,37,Normal
2026-02-17 06:15:40.891734,Seoul-17d6,24,33,Normal
2026-02-17 06:15:41.891734,Seoul-17d6,36,11,Normal
2026-02-17 06:15:42.891734,Seoul-17d6,-20,62,Normal
2026-02-17 06:15:43.891734,Seoul-17d6,27,1,Normal
2026-02-17 06:15:44.891734,Seoul-17d6,43,0,Normal
2026-02-17 06:15:45.891734,Seoul-17d6,35,98,Normal
2026-02-17 06:15:46.891734,Seoul-17d6,2,22,Normal
2026-02-17 06:15:47.891734,Seoul-17d6,50,4,Normal
2026-02-17 06:15:48.891734,Seoul-17d6,-17,91,Normal
2026-02-17 06:15:49.891734,Seoul-17d6,26,76,Normal
2026-02-17 06:15:50.891734,Seoul-17d6,-14,77,Normal
2026-02-17 06:15:51.891734,Seoul-17d6,-12,59,Normal
2026-02-17 06:15:52.891734,Seoul-17d6,41,78,Normal
2026-02-17 06:15:53.891734,Seoul-17d6,9,83,Normal
2026-02-17 06:15:54.891734,Seoul-17d6,33,52,Normal
2026-02-17 06:15:55.891734,Seoul-17d6,15,48,Normal
2026-02-17 06:15:56.891734,Seoul-17d6,15,76,Normal
2026-02-17 06:15:57.891734,Seoul-17d6,-1,38,Normal
2026-02-17 06:15:58.891734,Seoul-17d6,7,11,Normal
2026-02-17 06:15:59.891734,Seoul-17d6,-25,80,Normal
2026-02-17 06:16:00.891734,Seoul-17d6,14,24,Normal
2026-02-17 06:16:01.891734,Seoul-17d6,-14,11,Normal
2026-02-17 06:16:02.891734,Seoul-17d6,-2,74,Normal
2026-02-17 06:16:03.891734,Seoul-17d6,38,37,Normal
2026-02-17 06:16:04.891734,Seoul-17d6,21,8,Normal
2026-02-17 06:16:05.891734,Seoul-17d6,-20,67,Normal
2026-02-17 06:16:06.891734,Seoul-17d6,-13,72,Normal
2026-02-17 06:16:07.891734,Seoul-17d6,-14,96,Normal
2026-02-17 06:16:08.891734,Seoul-17d6,-11,63,Normal
2026-02-17 06:16:09.891734,Seoul-17d6,-12,62,Normal
2026-02-17 06:16:10.891734,Seoul-17d6,14,91,Normal
2026-02-17 06:16:11.891734,Seoul-17d6,32,40,Normal
2026-02-17 06:16:12.891734,Seoul-17d6,-9,35,Normal
2026-02-17 06:16:13.891734,Seoul-17d6,-5,40,Normal
2026-02-17 06:16:14.891734,Seoul-17d6,-25,86,Normal
2026-02-17 06:16:15.891734,Seoul-17d6,40,56,Normal
2026-02-17 06:16:16.891734,Seoul-17d6,46,47,Normal
2026-02-17 06:16:17.891734,Seoul-17d6,15,78,Normal
2026-02-17 06:16:18.891734,Seoul-17d6,-24,91,Normal
2026-02-17 06:16:19.891734,Seoul-17d6,49,53,Normal
2026-02-17 06:16:20.891734,Seoul-17d6,18,26,Normal
2026-02-17 06:16:21.891734,Seoul-17d6,-26,68,Normal
2026-02-17 06:16:22.891734,Seoul-17d6,45,81,Normal
2026-02-17 06:16:23.891734,Seoul-17d6,11,96,Normal
2026-02-17 06:16:24.891734,Seoul-17d6,-11,64,Normal
2026-02-17 06:16:25.891734,Seoul-17d6,32,93,Normal
2026-02-17 06:16:26.891734,Seoul-17d6,34,29,Normal
2026-02-17 06:16:27.891734,Seoul-17d6,0,26,Normal
2026-02-17 06:16:28.891734,Seoul-17d6,-14,82,Normal
2026-02-17 06:16:29.891734,Seoul-17d6,25,1,Normal
2026-02-17 06:16:30.891734,Seoul-17d6,9,39,Normal
2026-02-17 06:16:31.891734,Seoul-17d6,44,53,Normal
2026-02-17 06:16:32.891734,Seoul-17d6,-22,98,Normal
2026-02-17 06:16:33.891734,Seoul-17d6,-6,66,Normal
2026-02-17 06:16:34.891734,Seoul-17d6,34,96,Normal
2026-02-17 06:16:35.891734,Seoul-17d6,-6,0,Normal
2026-02-17 06:16:36.891734,Seoul-17d6,42,6,Normal
2026-02-17 06:16:37.891734,Seoul-17d6,37,40,Normal
2026-02-17 06:16:38.891734,Seoul-17d6,12,63,Normal
2026-02-17 06:16:39.891734,Seoul-17d6,20,100,Normal
2026-02-17 06:16:40.891734,Seoul-17d6,13,95,Normal
2026-02-17 06:16:41.891734,Seoul-17d6,24,19,Normal
2026-02-17 06:16:42.891734,Seoul-17d6,4,42,Normal
2026-02-17 06:16:43.891734,Seoul-17d6,12,95,Normal
2026-02-17 06:16:44.891734,Seoul-17d6,1,0,Normal
2026-02-17 06:16:45.891734,Seoul-17d6,-25,16,Normal
2026-02-17 06:16:46.891734,Seoul-17d6,11,3,Normal
2026-02-17 06:16:47.891734,Seoul-17d6,25,1,Normal
2026-02-17 06:16:48.891734,Seoul-17d6,33,69,Normal
2026-02-17 06:16:49.891734,Seoul-17d6,18,22,Normal
2026-02-17 06:16:50.891734,Seoul-17d6,-26,41,Normal
2026-02-17 06:16:51.891734,Seoul-17d6,47,29,Normal
2026-02-17 06:16:52.891734,Seoul-17d6,17,11,Normal
2026-02-17 06:16:53.891734,Seoul-17d6,-5,16,Normal
2026-02-17 06:16:54.891734,Seoul-17d6,5,15,Normal
2026-02-17 06:16:55.891734,Seoul-17d6,46,20,Normal
2026-02-17 06:16:56.891734,Seoul-17d6,43,45,Normal
2026-02-17 06:16:57.891734,Seoul-17d6,-14,51,Normal
2026-02-17 06:16:58.891734,Seoul-17d6,15,24,Normal
2026-02-17 06:16:59.891734,Seoul-17d6,-23,48,Normal
2026-02-17 06:17:00.891734,Seoul-17d6,2,32,Normal
2026-02-17 06:17:01.891734,Seoul-17d6,17,82,Normal
2026-02-17 06:17:02.891734,Seoul-17d6,33,46,Normal
2026-02-17 06:17:03.891734,Seoul-17d6,25,2,Normal
2026-02-17 06:17:04.891734,Seoul-17d6,-20,7,Normal
2026-02-17 06:17:05.891734,Seoul-17d6,-4,29,Normal
2026-02-17 06:17:06.891734,Seoul-17d6,50,11,Normal
2026-02-17 06:17:07.891734,Seoul-17d6,-24,94,Normal
2026-02-17 06:17:08.891734,Seoul-17d6,34,79,Normal
2026-02-17 06:17:09.891734,Seoul-17d6,-25,17,Normal
2026-02-17 06:17:10.891734,Seoul-17d6,4,39,Normal
2026-02-17 06:17:11.891734,Seoul-17d6,6,92,Normal
2026-02-17 06:17:12.891734,Seoul-17d6,0,18,Normal
2026-02-17 06:17:13.891734,Seoul-17d6,0,42,Normal
2026-02-17 06:17:14.891734,Seoul-17d6,-24,13,Normal
2026-02-17 06:17:15.891734,Seoul-17d6,-7,23,Normal
2026-02-17 06:17:16.891734,Seoul-17d6,31,64,Normal
2026-02-17 06:17:17.891734,Seoul-17d6,9,14,Normal
2026-02-17 06:17:18.891734,Seoul-17d6,-13,96,Normal
2026-02-17 06:17:19.891734,Seoul-17d6,-2,65,Normal
2026-02-17 06:17:20.891734,Seoul-17d6,-4,70,Normal
2026-02-17 06:17:21.891734,Seoul-17d6,-8,57,Normal
2026-02-17 06:17:22.891734,Seoul-17d6,32,29,Normal
2026-02-17 06:17:23.891734,Seoul-17d6,32,23,Normal
2026-02-17 06:17:24.891734,Seoul-17d6,25,32,Normal
2026-02-17 06:17:25.891734,Seoul-17d6,-16,78,Normal
2026-02-17 06:17:26.891734,Seoul-17d6,-14,15,Normal
2026-02-17 06:17:27.891734,Seoul-17d6,-22,84,Normal
2026-02-17 06:17:28.891734,Seoul-17d6,15,77,Normal
2026-02-17 06:17:29.891734,Seoul-17d6,49,12,Normal
2026-02-17 06:17:30.891734,Seoul-17d6,5,64,Normal
2026-02-17 06:17:31.891734,Seoul-17d6,13,38,Normal
2026-02-17 06:17:32.891734,Seoul-17d6,13,4,Normal
2026-02-17 06:17:33.891734,Seoul-17d6,-18,50,Normal
2026-02-17 06:17:34.891734,Seoul-17d6,-27,0,Normal
2026-02-17 06:17:35.891734,Seoul-17d6,17,82,Normal
2026-02-17 06:17:36.891734,Seoul-17d6,10,51,Normal
2026-02-17 06:17:37.891734,Seoul-17d6,18,48,Normal
2026-02-17 06:17:38.891734,Seoul-17d6,-6,40,Normal
2026-02-17 06:17:39.891734,Seoul-17d6,11,74,Normal
2026-02-17 06:17:40.891734,Seoul-17d6,-3,71,Normal
2026-02-17 06:17:41.891734,Seoul-17d6,7,52,Normal
2026-02-17 06:17:42.891734,Seoul-17d6,-23,89,Normal
2026-02-17 06:17:43.891734,Seoul-17d6,14,56,Normal
2026-02-17 06:17:44.891734,Seoul-17d6,45,32,Normal
2026-02-17 06:17:45.891734,Seoul-17d6,26,7,Normal
2026-02-17 06:17:46.891734,Seoul-17d6,29,9,Normal
2026-02-17 06:17:47.891734,Seoul-17d6,-8,69,Normal
2026-02-17 06:17:48.891734,Seoul-17d6,-11,2,Normal
2026-02-17 06:17:49.891734,Seoul-17d6,46,95,Normal
2026-02-17 06:17:50.891734,Seoul-17d6,17,17,Normal
2026-02-17 06:17:51.891734,Seoul-17d6,45,12,Normal
2026-02-17 06:17:52.891734,Seoul-17d6,10,58,Normal
2026-02-17 06:17:53.891734,Seoul-17d6,-3,60,Normal
2026-02-17 06:17:54.891734,Seoul-17d6,-9,13,Normal
2026-02-17 06:17:55.891734,Seoul-17d6,-9,65,Normal
2026-02-17 06:17:56.891734,Seoul-17d6,-4,66,Normal
2026-02-17 06:17:57.891734,Seoul-17d6,-14,45,Normal
2026-02-17 06:17:58.891734,Seoul-17d6,-20,48,Normal
2026-02-17 06:17:59.891734,Seoul-17d6,-9,15,Normal
2026-02-17 06:18:00.891734,Seoul-17d6,-27,100,Normal
2026-02-17 06:18:01.891734,Seoul-17d6,6,41,Normal
2026-02-17 06:18:02.891734,Seoul-17d6,49,92,Normal
2026-02-17 06:18:03.891734,Seoul-17d6,-28,40,Normal
2026-02-17 06:18:04.891734,Seoul-17d6,-16,7,Normal
2026-02-17 06:18:05.891734,Seoul-17d6,-28,81,Normal
2026-02-17 06:18:06.891734,Seoul-17d6,-23,9,Normal
2026-02-17 06:18:07.891734,Seoul-17d6,40,65,Normal
2026-02-17 06:18:08.891734,Seoul-17d6,14,18,Normal
2026-02-17 06:18:09.891734,Seoul-17d6,-17,22,Normal
2026-02-17 06:18:10.891734,Seoul-17d6,23,92,Normal
2026-02-17 06:18:11.891734,Seoul-17d6,-16,57,Normal
2026-02-17 06:18:12.891734,Seoul-17d6,5,0,Normal
2026-02-17 06:18:13.891734,Seoul-17d6,40,87,Normal
2026-02-17 06:18:14.891734,Seoul-17d6,7,63,Normal
2026-02-17 06:18:15.891734,Seoul-17d6,50,43,Normal
2026-02-17 06:18:16.891734,Seoul-17d6,-8,85,Normal
2026-02-17 06:18:17.891734,Seoul-17d6,8,64,Normal
2026-02-17 06:18:18.891734,Seoul-17d6,-26,59,Normal
2026-02-17 06:18:19.891734,Seoul-17d6,35,6,Normal
2026-02-17 06:18:20.891734,Seoul-17d6,-13,29,Normal
2026-02-17 06:18:21.891734,Seoul-17d6,45,0,Normal
2026-02-17 06:18:22.891734,Seoul-17d6,-16,74,Normal
2026-02-17 06:18:23.891734,Seoul-17d6,11,30,Normal
2026-02-17 06:18:24.891734,Seoul-17d6,10,84,Normal
2026-02-17 06:18:25.891734,Seoul-17d6,35,4,Normal
2026-02-17 06:18:26.891734,Seoul-17d6,-15,15,Normal
2026-02-17 06:18:27.891734,Seoul-17d6,11,19,Normal
2026-02-17 06:18:28.891734,Seoul-17d6,10,44,Normal
2026-02-17 06:18:29.891734,Seoul-17d6,30,57,Normal
2026-02-17 06:18:30.891734,Seoul-17d6,-11,8,Normal
2026-02-17 06:18:31.891734,Seoul-17d6,-11,82,Normal
2026-02-17 06:18:32.891734,Seoul-17d6,19,25,Normal
2026-02-17 06:18:33.891734,Seoul-17d6,24,8,Normal
2026-02-17 06:18:34.891734,Seoul-17d6,27,42,Normal
2026-02-17 06:18:35.891734,Seoul-17d6,-14,63,Normal
2026-02-17 06:18:36.891734,Seoul-17d6,-13,2,Normal
2026-02-17 06:18:37.891734,Seoul-17d6,13,75,Normal
2026-02-17 06:18:38.891734,Seoul-17d6,-10,31,Normal
2026-02-17 06:18:39.891734,Seoul-17d6,12,33,Normal
2026-02-17 06:18:40.891734,Seoul-17d6,14,3,Normal
2026-02-17 06:18:41.891734,Seoul-17d6,37,29,Normal
2026-02-17 06:18:42.891734,Seoul-17d6,-1,72,Normal
2026-02-17 06:18:43.891734,Seoul-17d6,-19,16,Normal
2026-02-17 06:18:44.891734,Seoul-17d6,6,57,Normal
2026-02-17 06:18:45.891734,Seoul-17d6,-5,100,Normal
2026-02-17 06:18:46.891734,Seoul-17d6,-26,73,Normal
2026-02-17 06:18:47.891734,Seoul-17d6,-1,19,Normal
2026-02-17 06:18:48.891734,Seoul-17d6,16,29,Normal
2026-02-17 06:18:49.891734,Seoul-17d6,4,17,Normal
2026-02-17 06:18:50.891734,Seoul-17d6,27,30,Normal
2026-02-17 06:18:51.891734,Seoul-17d6,33,57,Normal
2026-02-17 06:18:52.891734,Seoul-17d6,18,87,Normal
2026-02-17 06:18:53.891734,Seoul-17d6,32,57,Normal
2026-02-17 06:18:54.891734,Seoul-17d6,-14,67,Normal
2026-02-17 06:18:55.891734,Seoul-17d6,17,34,Normal
2026-02-17 06:18:56.891734,Seoul-17d6,26,52,Normal
2026-02-17 06:18:57.891734,Seoul-17d6,8,89,Normal
2026-02-17 06:18:58.891734,Seoul-17d6,44,47,Normal
2026-02-17 06:18:59.891734,Seoul-17d6,33,77,Normal
2026-02-17 06:19:00.891734,Seoul-17d6,21,21,Normal
2026-02-17 06:19:01.891734,Seoul-17d6,-7,49,Normal
2026-02-17 06:19:02.891734,Seoul-17d6,14,26,Normal
2026-02-17 06:19:03.891734,Seoul-17d6,10,10,Normal
2026-02-17 06:19:04.891734,Seoul-17d6,-6,47,Normal
2026-02-17 06:19:05.891734,Seoul-17d6,22,89,Normal
2026-02-17 06:19:06.891734,Seoul-17d6,50,26,Normal
2026-02-17 06:19:07.891734,Seoul-17d6,-5,11,Normal
2026-02-17 06:19:08.891734,Seoul-17d6,-6,80,Normal
2026-02-17 06:19:09.891734,Seoul-17d6,-26,28,Normal
2026-02-17 06:19:10.891734,Seoul-17d6,43,79,Normal
2026-02-17 06:19:11.891734,Seoul-17d6,14,96,Normal
2026-02-17 06:19:12.891734,Seoul-17d6,35,5,Normal
2026-02-17 06:19:13.891734,Seoul-17d6,1,19,Normal
2026-02-17 06:19:14.891734,Seoul-17d6,-28,4,Normal
2026-02-17 06:19:15.891734,Seoul-17d6,5,58,Normal
2026-02-17 06:19:16.891734,Seoul-17d6,-27,7,Normal
2026-02-17 06:19:17.891734,Seoul-17d6,-9,40,Normal
2026-02-17 06:19:18.891734,Seoul-17d6,0,79,Normal
2026-02-17 06:19:19.891734,Seoul-17d6,46,75,Normal
2026-02-17 06:19:20.891734,Seoul-17d6,19,97,Normal
2026-02-17 06:19:21.891734,Seoul-17d6,-14,37,Normal
2026-02-17 06:19:22.891734,Seoul-17d6,22,15,Normal
2026-02-17 06:19:23.891734,Seoul-17d6,1,83,Normal
2026-02-17 06:19:24.891734,Seoul-17d6,18,58,Normal
2026-02-17 06:19:25.891734,Seoul-17d6,44,71,Normal
2026-02-17 06:19:26.891734,Seoul-17d6,-29,83,Normal
2026-02-17 06:19:27.891734,Seoul-17d6,14,67,Normal
2026-02-17 06:19:28.891734,Seoul-17d6,12,76,Normal
2026-02-17 06:19:29.891734,Seoul-17d6,32,74,Normal
2026-02-17 06:19:30.891734,Seoul-17d6,15,59,Normal
2026-02-17 06:19:31.891734,Seoul-17d6,14,83,Normal
2026-02-17 06:19:32.891734,Seoul-17d6,-7,87,Normal
2026-02-17 06:19:33.891734,Seoul-17d6,-24,87,Normal
2026-02-17 06:19:34.891734,Seoul-17d6,-18,74,Normal
2026-02-17 06:19:35.891734,Seoul-17d6,-23,92,Normal
2026-02-17 06:19:36.891734,Seoul-17d6,-18,70,Normal
2026-02-17 06:19:37.891734,Seoul-17d6,27,55,Normal
2026-02-17 06:19:38.891734,Seoul-17d6,49,38,Normal
2026-02-17 06:19:39.891734,Seoul-17d6,-4,45,Normal
2026-02-17 06:19:40.891734,Seoul-17d6,25,18,Normal
2026-02-17 06:19:41.891734,Seoul-17d6,21,0,Normal
2026-02-17 06:19:42.891734,Seoul-17d6,-23,12,Normal
2026-02-17 06:19:43.891734,Seoul-17d6,9,42,Normal
2026-02-17 06:19:44.891734,Seoul-17d6,-27,24,Normal
2026-02-17 06:19:45.891734,Seoul-17d6,-7,80,Normal
2026-02-17 06:19:46.891734,Seoul-17d6,3,67,Normal
2026-02-17 06:19:47.891734,Seoul-17d6,3,16,Normal
2026-02-17 06:19:48.891734,Seoul-17d6,2,41,Normal
2026-02-17 06:19:49.891734,Seoul-17d6,0,80,Normal
2026-02-17 06:19:50.891734,Seoul-17d6,-15,13,Normal
2026-02-17 06:19:51.891734,Seoul-17d6,-25,66,Normal
2026-02-17 06:19:52.891734,Seoul-17d6,28,39,Normal
2026-02-17 06:19:53.891734,Seoul-17d6,-25,68,Normal
2026-02-17 06:19:54.891734,Seoul-17d6,44,23,Normal
2026-02-17 06:19:55.891734,Seoul-17d6,39,25,Normal
2026-02-17 06:19:56.891734,Seoul-17d6,31,60,Normal
2026-02-17 06:19:57.891734,Seoul-17d6,35,42,Normal
2026-02-17 06:19:58.891734,Seoul-17d6,17,90,Normal
2026-02-17 06:19:59.891734,Seoul-17d6,25,47,Normal
2026-02-17 06:20:00.891734,Seoul-17d6,30,30,Normal
2026-02-17 06:20:01.891734,Seoul-17d6,-18,45,Normal
2026-02-17 06:20:02.891734,Seoul-17d6,32,16,Normal
2026-02-17 06:20:03.891734,Seoul-17d6,-12,93,Normal
2026-02-17 06:20:04.891734,Seoul-17d6,-12,56,Normal
2026-02-17 06:20:05.891734,Seoul-17d6,1,93,Normal
2026-02-17 06:20:06.891734,Seoul-17d6,24,59,Normal
2026-02-17 06:20:07.891734,Seoul-17d6,-10,33,Normal
2026-02-17 06:20:08.891734,Seoul-17d6,38,28,Normal
2026-02-17 06:20:09.891734,Seoul-17d6,16,81,Normal
2026-02-17 06:20:10.891734,Seoul-17d6,-30,40,Normal
2026-02-17 06:20:11.891734,Seoul-17d6,13,5,Normal
2026-02-17 06:20:12.891734,Seoul-17d6,20,15,Normal
2026-02-17 06:20:13.891734,Seoul-17d6,38,2,Normal
2026-02-17 06:20:14.891734,Seoul-17d6,-29,65,Normal
2026-02-17 06:20:15.891734,Seoul-17d6,46,52,Normal
2026-02-17 06:20:16.891734,Seoul-17d6,31,36,Normal
2026-02-17 06:20:17.891734,Seoul-17d6,11,61,Normal
2026-02-17 06:20:18.891734,Seoul-17d6,-20,0,Normal
2026-02-17 06:20:19.891734,Seoul-17d6,3,27,Normal
2026-02-17 06:20:20.891734,Seoul-17d6,2,30,Normal
2026-02-17 06:20:21.891734,Seoul-17d6,37,79,Normal
2026-02-17 06:20:22.891734,Seoul-17d6,4,26,Normal
2026-02-17 06:20:23.891734,Seoul-17d6,-30,75,Normal
2026-02-17 06:20:24.891734,Seoul-17d6,20,81,Normal
2026-02-17 06:20:25.891734,Seoul-17d6,19,68,Normal
2026-02-17 06:20:26.891734,Seoul-17d6,29,97,Normal
2026-02-17 06:20:27.891734,Seoul-17d6,-10,13,Normal
2026-02-17 06:20:28.891734,Seoul-17d6,-24,68,Normal
2026-02-17 06:20:29.891734,Seoul-17d6,-8,84,Normal
2026-02-17 06:20:30.891734,Seoul-17d6,27,86,Normal
2026-02-17 06:20:31.891734,Seoul-17d6,-24,88,Normal
2026-02-17 06:20:32.891734,Seoul-17d6,29,10,Normal
2026-02-17 06:20:33.891734,Seoul-17d6,29,2,Normal
2026-02-17 06:20:34.891734,Seoul-17d6,10,54,Normal
2026-02-17 06:20:35.891734,Seoul-17d6,26,22,Normal
2026-02-17 06:20:36.891734,Seoul-17d6,25,49,Normal
2026-02-17 06:20:37.891734,Seoul-17d6,-10,65,Normal
2026-02-17 06:20:38.891734,Seoul-17d6,-14,53,Normal
2026-02-17 06:20:39.891734,Seoul-17d6,32,50,Normal
2026-02-17 06:20:40.891734,Seoul-17d6,-10,75,Normal
2026-02-17 06:20:41.891734,Seoul-17d6,33,18,Normal
2026-02-17 06:20:42.891734,Seoul-17d6,-9,31,Normal
2026-02-17 06:20:43.891734,Seoul-17d6,-18,26,Normal
2026-02-17 06:20:44.891734,Seoul-17d6,-7,66,Normal
2026-02-17 06:20:45.891734,Seoul-17d6,28,71,Normal
2026-02-17 06:20:46.891734,Seoul-17d6,38,70,Normal
2026-02-17 06:20:47.891734,Seoul-17d6,26,23,Normal
2026-02-17 06:20:48.891734,Seoul-17d6,0,57,Normal
2026-02-17 06:20:49.891734,Seoul-17d6,-14,92,Normal
2026-02-17 06:20:50.891734,Seoul-17d6,12,15,Normal
2026-02-17 06:20:51.891734,Seoul-17d6,-19,25,Normal
2026-02-17 06:20:52.891734,Seoul-17d6,-7,36,Normal
2026-02-17 06:20:53.891734,Seoul-17d6,6,65,Normal
2026-02-17 06:20:54.891734,Seoul-17d6,10,65,Normal
2026-02-17 06:20:55.891734,Seoul-17d6,38,40,Normal
2026-02-17 06:20:56.891734,Seoul-17d6,11,75,Normal
2026-02-17 06:20:57.891734,Seoul-17d6,17,73,Normal
2026-02-17 06:20:58.891734,Seoul-17d6,-28,32,Normal
2026-02-17 06:20:59.891734,Seoul-17d6,16,17,Normal
2026-02-17 06:21:00.891734,Seoul-17d6,-3,46,Normal
2026-02-17 06:21:01.891734,Seoul-17d6,14,71,Normal
2026-02-17 06:21:02.891734,Seoul-17d6,29,64,Normal
2026-02-17 06:21:03.891734,Seoul-17d6,45,76,Normal
2026-02-17 06:21:04.891734,Seoul-17d6,-15,90,Normal
2026-02-17 06:21:05.891734,Seoul-17d6,-23,7,Normal
2026-02-17 06:21:06.891734,Seoul-17d6,12,16,Normal
2026-02-17 06:21:07.891734,Seoul-17d6,4,20,Normal
2026-02-17 06:21:08.891734,Seoul-17d6,-11,28,Normal
2026-02-17 06:21:09.891734,Seoul-17d6,33,59,Normal
2026-02-17 06:21:10.891734,Seoul-17d6,-2,23,Normal
2026-02-17 06:21:11.891734,Seoul-17d6,11,60,Normal
2026-02-17 06:21:12.891734,Seoul-17d6,5,94,Normal
2026-02-17 06:21:13.891734,Seoul-17d6,31,31,Normal
2026-02-17 06:21:14.891734,Seoul-17d6,-24,83,Normal
2026-02-17 06:21:15.891734,Seoul-17d6,46,36,Normal
2026-02-17 06:21:16.891734,Seoul-17d6,49,29,Normal
2026-02-17 06:21:17.891734,Seoul-17d6,26,22,Normal
2026-02-17 06:21:18.891734,Seoul-17d6,-1,26,Normal
2026-02-17 06:21:19.891734,Seoul-17d6,-21,90,Normal
2026-02-17 06:21:20.891734,Seoul-17d6,8,88,Normal
2026-02-17 06:21:21.891734,Seoul-17d6,-5,9,Normal
2026-02-17 06:21:22.891734,Seoul-17d6,26,79,Normal
2026-02-17 06:21:23.891734,Seoul-17d6,-18,34,Normal
2026-02-17 06:21:24.891734,Seoul-17d6,32,46,Normal
2026-02-17 06:21:25.891734,Seoul-17d6,32,16,Normal
2026-02-17 06:21:26.891734,Seoul-17d6,18,23,Normal
2026-02-17 06:21:27.891734,Seoul-17d6,49,95,Normal
2026-02-17 06:21:28.891734,Seoul-17d6,9,95,Normal
2026-02-17 06:21:29.891734,Seoul-17d6,5,80,Normal
2026-02-17 06:21:30.891734,Seoul-17d6,-28,97,Normal
2026-02-17 06:21:31.891734,Seoul-17d6,-21,61,Normal
2026-02-17 06:21:32.891734,Seoul-17d6,46,47,Normal
2026-02-17 06:21:33.891734,Seoul-17d6,47,99,Normal
2026-02-17 06:21:34.891734,Seoul-17d6,47,6,Normal
2026-02-17 06:21:35.891734,Seoul-17d6,-24,29,Normal
2026-02-17 06:21:36.891734,Seoul-17d6,3,58,Normal
2026-02-17 06:21:37.891734,Seoul-17d6,-5,53,Normal
2026-02-17 06:21:38.891734,Seoul-17d6,3,9,Normal
2026-02-17 06:21:39.891734,Seoul-17d6,-1,62,Normal
2026-02-17 06:21:40.891734,Seoul-17d6,-23,70,Normal
2026-02-17 06:21:41.891734,Seoul-17d6,36,43,Normal
2026-02-17 06:21:42.891734,Seoul-17d6,49,94,Normal
2026-02-17 06:21:43.891734,Seoul-17d6,-11,56,Normal
2026-02-17 06:21:44.891734,Seoul-17d6,28,62,Normal
2026-02-17 06:21:45.891734,Seoul-17d6,47,56,Normal
2026-02-17 06:21:46.891734,Seoul-17d6,46,58,Normal
2026-02-17 06:21:47.891734,Seoul-17d6,28,97,Normal
2026-02-17 06:21:48.891734,Seoul-17d6,38,53,Normal
2026-02-17 06:21:49.891734,Seoul-17d6,17,6,Normal
2026-02-17 06:21:50.891734,Seoul-17d6,-25,3,Normal
2026-02-17 06:21:51.891734,Seoul-17d6,24,88,Normal
2026-02-17 06:21:52.891734,Seoul-17d6,-18,84,Normal
2026-02-17 06:21:53.891734,Seoul-17d6,40,90,Normal
2026-02-17 06:21:54.891734,Seoul-17d6,49,22,Normal
2026-02-17 06:21:55.891734,Seoul-17d6,32,90,Normal
2026-02-17 06:21:56.891734,Seoul-17d6,40,9,Normal
2026-02-17 06:21:57.891734,Seoul-17d6,-3,81,Normal
2026-02-17 06:21:58.891734,Seoul-17d6,-26,25,Normal
2026-02-17 06:21:59.891734,Seoul-17d6,-28,100,Normal
2026-02-17 06:22:00.891734,Seoul-17d6,47,98,Normal
2026-02-17 06:22:01.891734,Seoul-17d6,36,8,Normal
2026-02-17 06:22:02.891734,Seoul-17d6,6,2,Normal
2026-02-17 06:22:03.891734,Seoul-17d6,-30,37,Normal
2026-02-17 06:22:04.891734,Seoul-17d6,-23,18,Normal
2026-02-17 06:22:05.891734,Seoul-17d6,0,44,Normal
2026-02-17 06:22:06.891734,Seoul-17d6,23,5,Normal
2026-02-17 06:22:07.891734,Seoul-17d6,-12,58,Normal
2026-02-17 06:22:08.891734,Seoul-17d6,-8,67,Normal
2026-02-17 06:22:09.891734,Seoul-17d6,35,59,Normal
2026-02-17 06:22:10.891734,Seoul-17d6,29,37,Normal
2026-02-17 06:22:11.891734,Seoul-17d6,38,51,Normal
2026-02-17 06:22:12.891734,Seoul-17d6,38,86,Normal
2026-02-17 06:22:13.891734,Seoul-17d6,-13,53,Normal
2026-02-17 06:22:14.891734,Seoul-17d6,18,50,Normal
2026-02-17 06:22:15.891734,Seoul-17d6,40,73,Normal
2026-02-17 06:22:16.891734,Seoul-17d6,-30,52,Normal
2026-02-17 06:22:17.891734,Seoul-17d6,-29,85,Normal
2026-02-17 06:22:18.891734,Seoul-17d6,-7,22,Normal
2026-02-17 06:22:19.891734,Seoul-17d6,29,68,Normal
2026-02-17 06:22:20.891734,Seoul-17d6,-21,55,Normal
2026-02-17 06:22:21.891734,Seoul-17d6,-2,80,Normal
2026-02-17 06:22:22.891734,Seoul-17d6,-9,99,Normal
2026-02-17 06:22:23.891734,Seoul-17d6,17,53,Normal
2026-02-17 06:22:24.891734,Seoul-17d6,0,32,Normal
2026-02-17 06:22:25.891734,Seoul-17d6,11,6,Normal
2026-02-17 06:22:26.891734,Seoul-17d6,41,15,Normal
2026-02-17 06:22:27.891734,Seoul-17d6,0,44,Normal
2026-02-17 06:22:28.891734,Seoul-17d6,36,86,Normal
2026-02-17 06:22:29.891734,Seoul-17d6,18,62,Normal
2026-02-17 06:22:30.891734,Seoul-17d6,48,69,Normal
2026-02-17 06:22:31.891734,Seoul-17d6,38,25,Normal
2026-02-17 06:22:32.891734,Seoul-17d6,-13,76,Normal
2026-02-17 06:22:33.891734,Seoul-17d6,20,82,Normal
2026-02-17 06:22:34.891734,Seoul-17d6,-3,58,Normal
2026-02-17 06:22:35.891734,Seoul-17d6,-12,60,Normal
2026-02-17 06:22:36.891734,Seoul-17d6,28,55,Normal
2026-02-17 06:22:37.891734,Seoul-17d6,4,98,Normal
2026-02-17 06:22:38.891734,Seoul-17d6,5,47,Normal
2026-02-17 06:22:39.891734,Seoul-17d6,41,100,Normal
2026-02-17 06:22:40.891734,Seoul-17d6,34,37,Normal
2026-02-17 06:22:41.891734,Seoul-17d6,-17,45,Normal
2026-02-17 06:22:42.891734,Seoul-17d6,9,3,Normal
2026-02-17 06:22:43.891734,Seoul-17d6,5,41,Normal
2026-02-17 06:22:44.891734,Seoul-17d6,42,88,Normal
2026-02-17 06:22:45.891734,Seoul-17d6,-27,31,Normal
2026-02-17 06:22:46.891734,Seoul-17d6,-16,79,Normal
2026-02-17 06:22:47.891734,Seoul-17d6,-25,29,Normal
2026-02-17 06:22:48.891734,Seoul-17d6,27,76,Normal
2026-02-17 06:22:49.891734,Seoul-17d6,-19,46,Normal
2026-02-17 06:22:50.891734,Seoul-17d6,47,47,Normal
2026-02-17 06:22:51.891734,Seoul-17d6,26,79,Normal
2026-02-17 06:22:52.891734,Seoul-17d6,-4,62,Normal
2026-02-17 06:22:53.891734,Seoul-17d6,50,63,Normal
2026-02-17 06:22:54.891734,Seoul-17d6,24,90,Normal
2026-02-17 06:22:55.891734,Seoul-17d6,-22,28,Normal
2026-02-17 06:22:56.891734,Seoul-17d6,19,21,Normal
2026-02-17 06:22:57.891734,Seoul-17d6,-28,92,Normal
2026-02-17 06:22:58.891734,Seoul-17d6,48,93,Normal
2026-02-17 06:22:59.891734,Seoul-17d6,-11,24,Normal
2026-02-17 06:23:00.891734,Seoul-17d6,6,63,Normal
2026-02-17 06:23:01.891734,Seoul-17d6,-12,65,Normal
2026-02-17 06:23:02.891734,Seoul-17d6,7,6,Normal
2026-02-17 06:23:03.891734,Seoul-17d6,6,65,Normal
2026-02-17 06:23:04.891734,Seoul-17d6,45,28,Normal
2026-02-17 06:23:05.891734,Seoul-17d6,46,55,Normal
2026-02-17 06:23:06.891734,Seoul-17d6,10,53,Normal
2026-02-17 06:23:07.891734,Seoul-17d6,1,33,Normal
2026-02-17 06:23:08.891734,Seoul-17d6,36,27,Normal
2026-02-17 06:23:09.891734,Seoul-17d6,10,54,Normal
2026-02-17 06:23:10.891734,Seoul-17d6,44,77,Normal
2026-02-17 06:23:11.891734,Seoul-17d6,9,89,Normal
2026-02-17 06:23:12.891734,Seoul-17d6,-1,11,Normal
2026-02-17 06:23:13.891734,Seoul-17d6,22,61,Normal
2026-02-17 06:23:14.891734,Seoul-17d6,48,27,Normal
2026-02-17 06:23:15.891734,Seoul-17d6,22,28,Normal
2026-02-17 06:23:16.891734,Seoul-17d6,0,70,Normal
2026-02-17 06:23:17.891734,Seoul-17d6,6,43,Normal
2026-02-17 06:23:18.891734,Seoul-17d6,7,26,Normal
2026-02-17 06:23:19.891734,Seoul-17d6,-21,14,Normal
2026-02-17 06:23:20.891734,Seoul-17d6,12,50,Normal
2026-02-17 06:23:21.891734,Seoul-17d6,24,3,Normal
2026-02-17 06:23:22.891734,Seoul-17d6,-3,21,Normal
2026-02-17 06:23:23.891734,Seoul-17d6,46,99,Normal
2026-02-17 06:23:24.891734,Seoul-17d6,-14,7,Normal
2026-02-17 06:23:25.891734,Seoul-17d6,38,17,Normal
2026-02-17 06:23:26.891734,Seoul-17d6,32,65,Normal
2026-02-17 06:23:27.891734,Seoul-17d6,5,1,Normal
2026-02-17 06:23:28.891734,Seoul-17d6,38,12,Normal
2026-02-17 06:23:29.891734,Seoul-17d6,-13,71,Normal
2026-02-17 06:23:30.891734,Seoul-17d6,-5,54,Normal
2026-02-17 06:23:31.891734,Seoul-17d6,26,13,Normal
2026-02-17 06:23:32.891734,Seoul-17d6,-20,68,Normal
2026-02-17 06:23:33.891734,Seoul-17d6,-25,87,Normal
2026-02-17 06:23:34.891734,Seoul-17d6,-22,19,Normal
2026-02-17 06:23:35.891734,Seoul-17d6,39,6,Normal
2026-02-17 06:23:36.891734,Seoul-17d6,-24,41,Normal
2026-02-17 06:23:37.891734,Seoul-17d6,1,18,Normal
2026-02-17 06:23:38.891734,Seoul-17d6,28,55,Normal
2026-02-17 06:23:39.891734,Seoul-17d6,15,6,Normal
2026-02-17 06:23:40.891734,Seoul-17d6,-21,54,Normal
2026-02-17 06:23:41.891734,Seoul-17d6,9,31,Normal
2026-02-17 06:23:42.891734,Seoul-17d6,15,48,Normal
2026-02-17 06:23:43.891734,Seoul-17d6,-17,38,Normal
2026-02-17 06:23:44.891734,Seoul-17d6,47,30,Normal
2026-02-17 06:23:45.891734,Seoul-17d6,32,25,Normal
2026-02-17 06:23:46.891734,Seoul-17d6,-6,30,Normal
2026-02-17 06:23:47.891734,Seoul-17d6,34,78,Normal
2026-02-17 06:23:48.891734,Seoul-17d6,-1,47,Normal
2026-02-17 06:23:49.891734,Seoul-17d6,37,34,Normal
2026-02-17 06:23:50.891734,Seoul-17d6,41,82,Normal
2026-02-17 06:23:51.891734,Seoul-17d6,12,98,Normal
2026-02-17 06:23:52.891734,Seoul-17d6,7,33,Normal
2026-02-17 06:23:53.891734,Seoul-17d6,18,28,Normal
2026-02-17 06:23:54.891734,Seoul-17d6,32,45,Normal
2026-02-17 06:23:55.891734,Seoul-17d6,-24,33,Normal
2026-02-17 06:23:56.891734,Seoul-17d6,16,80,Normal
2026-02-17 06:23:57.891734,Seoul-17d6,41,58,Normal
2026-02-17 06:23:58.891734,Seoul-17d6,-10,15,Normal
2026-02-17 06:23:59.891734,Seoul-17d6,-4,57,Normal
2026-02-17 06:24:00.891734,Seoul-17d6,-2,58,Normal
2026-02-17 06:24:01.891734,Seoul-17d6,-30,20,Normal
2026-02-17 06:24:02.891734,Seoul-17d6,25,92,Normal
2026-02-17 06:24:03.891734,Seoul-17d6,-13,50,Normal
2026-02-17 06:24:04.891734,Seoul-17d6,37,53,Normal
2026-02-17 06:24:05.891734,Seoul-17d6,-6,96,Normal
2026-02-17 06:24:06.891734,Seoul-17d6,-29,59,Normal
2026-02-17 06:24:07.891734,Seoul-17d6,36,66,Normal
2026-02-17 06:24:08.891734,Seoul-17d6,41,60,Normal
2026-02-17 06:24:09.891734,Seoul-17d6,44,48,Normal
2026-02-17 06:24:10.891734,Seoul-17d6,-24,33,Normal
2026-02-17 06:24:11.891734,Seoul-17d6,35,42,Normal
2026-02-17 06:24:12.891734,Seoul-17d6,-15,67,Normal
2026-02-17 06:24:13.891734,Seoul-17d6,-16,10,Normal
2026-02-17 06:24:14.891734,Seoul-17d6,32,35,Normal
2026-02-17 06:24:15.891734,Seoul-17d6,48,6,Normal
2026-02-17 06:24:16.891734,Seoul-17d6,-29,60,Normal
2026-02-17 06:24:17.891734,Seoul-17d6,-14,88,Normal
2026-02-17 06:24:18.891734,Seoul-17d6,-11,79,Normal
2026-02-17 06:24:19.891734,Seoul-17d6,26,91,Normal
2026-02-17 06:24:20.891734,Seoul-17d6,44,78,Normal
2026-02-17 06:24:21.891734,Seoul-17d6,43,16,Normal
2026-02-17 06:24:22.891734,Seoul-17d6,-17,95,Normal
2026-02-17 06:24:23.891734,Seoul-17d6,-4,35,Normal
2026-02-17 06:24:24.891734,Seoul-17d6,45,49,Normal
2026-02-17 06:24:25.891734,Seoul-17d6,-21,71,Normal
2026-02-17 06:24:26.891734,Seoul-17d6,-17,9,Normal
2026-02-17 06:24:27.891734,Seoul-17d6,11,64,Normal
2026-02-17 06:24:28.891734,Seoul-17d6,12,88,Normal
2026-02-17 06:24:29.891734,Seoul-17d6,13,93,Normal
2026-02-17 06:24:30.891734,Seoul-17d6,10,28,Normal
2026-02-17 06:24:31.891734,Seoul-17d6,50,79,Normal
2026-02-17 06:24:32.891734,Seoul-17d6,-14,90,Normal
2026-02-17 06:24:33.891734,Seoul-17d6,33,61,Normal
2026-02-17 06:24:34.891734,Seoul-17d6,22,13,Normal
2026-02-17 06:24:35.891734,Seoul-17d6,-28,40,Normal
2026-02-17 06:24:36.891734,Seoul-17d6,20,5,Normal
2026-02-17 06:24:37.891734,Seoul-17d6,36,53,Normal
2026-02-17 06:24:38.891734,Seoul-17d6,14,40,Normal
2026-02-17 06:24:39.891734,Seoul-17d6,23,26,Normal
2026-02-17 06:24:40.891734,Seoul-17d6,-11,70,Normal
2026-02-17 06:24:41.891734,Seoul-17d6,50,49,Normal
2026-02-17 06:24:42.891734,Seoul-17d6,29,42,Normal
2026-02-17 06:24:43.891734,Seoul-17d6,-27,79,Normal
2026-02-17 06:24:44.891734,Seoul-17d6,49,29,Normal
2026-02-17 06:24:45.891734,Seoul-17d6,40,15,Normal
2026-02-17 06:24:46.891734,Seoul-17d6,-7,21,Normal
2026-02-17 06:24:47.891734,Seoul-17d6,-25,11,Normal
2026-02-17 06:24:48.891734,Seoul-17d6,-2,54,Normal
2026-02-17 06:24:49.891734,Seoul-17d6,31,20,Normal
2026-02-17 06:24:50.891734,Seoul-17d6,-26,12,Normal
2026-02-17 06:24:51.891734,Seoul-17d6,40,32,Normal
2026-02-17 06:24:52.891734,Seoul-17d6,49,69,Normal
2026-02-17 06:24:53.891734,Seoul-17d6,22,78,Normal
2026-02-17 06:24:54.891734,Seoul-17d6,43,98,Normal
2026-02-17 06:24:55.891734,Seoul-17d6,-22,33,Normal
2026-02-17 06:24:56.891734,Seoul-17d6,-27,31,Normal
2026-02-17 06:24:57.891734,Seoul-17d6,45,60,Normal
2026-02-17 06:24:58.891734,Seoul-17d6,9,88,Normal
2026-02-17 06:24:59.891734,Seoul-17d6,-3,43,Normal
2026-02-17 06:25:00.891734,Seoul-17d6,48,12,Normal
2026-02-17 06:25:01.891734,Seoul-17d6,18,83,Normal
2026-02-17 06:25:02.891734,Seoul-17d6,18,3,Normal
2026-02-17 06:25:03.891734,Seoul-17d6,-24,4,Normal
2026-02-17 06:25:04.891734,Seoul-17d6,45,81,Normal
2026-02-17 06:25:05.891734,Seoul-17d6,0,37,Normal
2026-02-17 06:25:06.891734,Seoul-17d6,10,12,Normal
2026-02-17 06:25:07.891734,Seoul-17d6,-18,50,Normal
2026-02-17 06:25:08.891734,Seoul-17d6,39,98,Normal
2026-02-17 06:25:09.891734,Seoul-17d6,28,82,Normal
2026-02-17 06:25:10.891734,Seoul-17d6,-20,36,Normal
2026-02-17 06:25:11.891734,Seoul-17d6,21,19,Normal
2026-02-17 06:25:12.891734,Seoul-17d6,15,68,Normal
2026-02-17 06:25:13.891734,Seoul-17d6,-28,95,Normal
2026-02-17 06:25:14.891734,Seoul-17d6,46,65,Normal
2026-02-17 06:25:15.891734,Seoul-17d6,25,95,Normal
2026-02-17 06:25:16.891734,Seoul-17d6,-4,24,Normal
2026-02-17 06:25:17.891734,Seoul-17d6,-28,48,Normal
2026-02-17 06:25:18.891734,Seoul-17d6,32,59,Normal
2026-02-17 06:25:19.891734,Seoul-17d6,25,76,Normal
2026-02-17 06:25:20.891734,Seoul-17d6,1,40,Normal
2026-02-17 06:25:21.891734,Seoul-17d6,-17,86,Normal
2026-02-17 06:25:22.891734,Seoul-17d6,26,33,Normal
2026-02-17 06:25:23.891734,Seoul-17d6,-24,49,Normal
2026-02-17 06:25:24.891734,Seoul-17d6,20,21,Normal
2026-02-17 06:25:25.891734,Seoul-17d6,45,34,Normal
2026-02-17 06:25:26.891734,Seoul-17d6,20,40,Normal
2026-02-17 06:25:27.891734,Seoul-17d6,24,17,Normal
2026-02-17 06:25:28.891734,Seoul-17d6,16,47,Normal
2026-02-17 06:25:29.891734,Seoul-17d6,3,61,Normal
2026-02-17 06:25:30.891734,Seoul-17d6,-16,31,Normal
2026-02-17 06:25:31.891734,Seoul-17d6,25,68,Normal
2026-02-17 06:25:32.891734,Seoul-17d6,45,76,Normal
2026-02-17 06:25:33.891734,Seoul-17d6,-28,48,Normal
2026-02-17 06:25:34.891734,Seoul-17d6,1,28,Normal
2026-02-17 06:25:35.891734,Seoul-17d6,39,22,Normal
2026-02-17 06:25:36.891734,Seoul-17d6,-19,85,Normal
2026-02-17 06:25:37.891734,Seoul-17d6,29,38,Normal
2026-02-17 06:25:38.891734,Seoul-17d6,-14,18,Normal
2026-02-17 06:25:39.891734,Seoul-17d6,9,62,Normal
2026-02-17 06:25:40.891734,Seoul-17d6,41,14,Normal
2026-02-17 06:25:41.891734,Seoul-17d6,44,98,Normal
2026-02-17 06:25:42.891734,Seoul-17d6,-2,16,Normal
2026-02-17 06:25:43.891734,Seoul-17d6,42,28,Normal
2026-02-17 06:25:44.891734,Seoul-17d6,-20,45,Normal
2026-02-17 06:25:45.891734,Seoul-17d6,-14,24,Normal
2026-02-17 06:25:46.891734,Seoul-17d6,31,14,Normal
2026-02-17 06:25:47.891734,Seoul-17d6,14,25,Normal
2026-02-17 06:25:48.891734,Seoul-17d6,2,7,Normal
2026-02-17 06:25:49.891734,Seoul-17d6,18,1,Normal
2026-02-17 06:25:50.891734,Seoul-17d6,14,12,Normal
2026-02-17 06:25:51.891734,Seoul-17d6,30,44,Normal
2026-02-17 06:25:52.891734,Seoul-17d6,22,79,Normal
2026-02-17 06:25:53.891734,Seoul-17d6,-27,60,Normal
2026-02-17 06:25:54.891734,Seoul-17d6,16,90,Normal
2026-02-17 06:25:55.891734,Seoul-17d6,33,90,Normal
2026-02-17 06:25:56.891734,Seoul-17d6,-14,71,Normal
2026-02-17 06:25:57.891734,Seoul-17d6,36,65,Normal
2026-02-17 06:25:58.891734,Seoul-17d6,-21,13,Normal
2026-02-17 06:25:59.891734,Seoul-17d6,1,7,Normal
2026-02-17 06:26:00.891734,Seoul-17d6,18,76,Normal
2026-02-17 06:26:01.891734,Seoul-17d6,2,99,Normal
2026-02-17 06:26:02.891734,Seoul-17d6,-15,58,Normal
2026-02-17 06:26:03.891734,Seoul-17d6,44,98,Normal
2026-02-17 06:26:04.891734,Seoul-17d6,25,12,Normal
2026-02-17 06:26:05.891734,Seoul-17d6,30,93,Normal
2026-02-17 06:26:06.891734,Seoul-17d6,16,66,Normal
2026-02-17 06:26:07.891734,Seoul-17d6,-14,32,Normal
2026-02-17 06:26:08.891734,Seoul-17d6,17,70,Normal
2026-02-17 06:26:09.891734,Seoul-17d6,36,73,Normal
2026-02-17 06:26:10.891734,Seoul-17d6,10,65,Normal
2026-02-17 06:26:11.891734,Seoul-17d6,17,38,Normal
2026-02-17 06:26:12.891734,Seoul-17d6,29,19,Normal
2026-02-17 06:26:13.891734,Seoul-17d6,-4,40,Normal
2026-02-17 06:26:14.891734,Seoul-17d6,39,42,Normal
2026-02-17 06:26:15.891734,Seoul-17d6,-12,39,Normal
2026-02-17 06:26:16.891734,Seoul-17d6,44,65,Normal
2026-02-17 06:26:17.891734,Seoul-17d6,5,70,Normal
2026-02-17 06:26:18.891734,Seoul-17d6,47,37,Normal
2026-02-17 06:26:19.891734,Seoul-17d6,39,1,Normal
2026-02-17 06:26:20.891734,Seoul-17d6,14,30,Normal
2026-02-17 06:26:21.891734,Seoul-17d6,29,45,Normal
2026-02-17 06:26:22.891734,Seoul-17d6,4,72,Normal
2026-02-17 06:26:23.891734,Seoul-17d6,27,63,Normal
2026-02-17 06:26:24.891734,Seoul-17d6,47,73,Normal
2026-02-17 06:26:25.891734,Seoul-17d6,36,4,Normal
2026-02-17 06:26:26.891734,Seoul-17d6,17,85,Normal
2026-02-17 06:26:27.891734,Seoul-17d6,10,41,Normal
2026-02-17 06:26:28.891734,Seoul-17d6,21,73,Normal
2026-02-17 06:26:29.891734,Seoul-17d6,42,80,Normal
2026-02-17 06:26:30.891734,Seoul-17d6,16,20,Normal
2026-02-17 06:26:31.891734,Seoul-17d6,1,98,Normal
2026-02-17 06:26:32.891734,Seoul-17d6,15,18,Normal
2026-02-17 06:26:33.891734,Seoul-17d6,10,45,Normal
2026-02-17 06:26:34.891734,Seoul-17d6,-13,10,Normal
2026-02-17 06:26:35.891734,Seoul-17d6,39,16,Normal
2026-02-17 06:26:36.891734,Seoul-17d6,32,67,Normal
2026-02-17 06:26:37.891734,Seoul-17d6,-13,16,Normal
2026-02-17 06:26:38.891734,Seoul-17d6,21,18,Normal
2026-02-17 06:26:39.891734,Seoul-17d6,-24,26,Normal
2026-02-17 06:26:40.891734,Seoul-17d6,24,27,Normal
2026-02-17 06:26:41.891734,Seoul-17d6,-10,75,Normal
2026-02-17 06:26:42.891734,Seoul-17d6,-18,34,Normal
2026-02-17 06:26:43.891734,Seoul-17d6,-20,96,Normal
2026-02-17 06:26:44.891734,Seoul-17d6,34,56,Normal
2026-02-17 06:26:45.891734,Seoul-17d6,28,17,Normal
2026-02-17 06:26:46.891734,Seoul-17d6,14,37,Normal
2026-02-17 06:26:47.891734,Seoul-17d6,-7,100,Normal
2026-02-17 06:26:48.891734,Seoul-17d6,-1,71,Normal
2026-02-17 06:26:49.891734,Seoul-17d6,40,20,Normal
2026-02-17 06:26:50.891734,Seoul-17d6,-3,24,Normal
2026-02-17 06:26:51.891734,Seoul-17d6,37,35,Normal
2026-02-17 06:26:52.891734,Seoul-17d6,36,29,Normal
2026-02-17 06:26:53.891734,Seoul-17d6,-19,21,Normal
2026-02-17 06:26:54.891734,Seoul-17d6,19,56,Normal
2026-02-17 06:26:55.891734,Seoul-17d6,-20,91,Normal
2026-02-17 06:26:56.891734,Seoul-17d6,-14,54,Normal
2026-02-17 06:26:57.891734,Seoul-17d6,-5,73,Normal
2026-02-17 06:26:58.891734,Seoul-17d6,6,93,Normal
2026-02-17 06:26:59.891734,Seoul-17d6,4,48,Normal
2026-02-17 06:27:00.891734,Seoul-17d6,38,9,Normal
2026-02-17 06:27:01.891734,Seoul-17d6,34,89,Normal
2026-02-17 06:27:02.891734,Seoul-17d6,1,21,Normal
2026-02-17 06:27:03.891734,Seoul-17d6,-22,51,Normal
2026-02-17 06:27:04.891734,Seoul-17d6,-30,20,Normal
2026-02-17 06:27:05.891734,Seoul-17d6,21,68,Normal
2026-02-17 06:27:06.891734,Seoul-17d6,-4,66,Normal
2026-02-17 06:27:07.891734,Seoul-17d6,46,61,Normal
2026-02-17 06:27:08.891734,Seoul-17d6,29,22,Normal
2026-02-17 06:27:09.891734,Seoul-17d6,43,3,Normal
2026-02-17 06:27:10.891734,Seoul-17d6,-28,36,Normal
2026-02-17 06:27:11.891734,Seoul-17d6,12,14,Normal
2026-02-17 06:27:12.891734,Seoul-17d6,-23,79,Normal
2026-02-17 06:27:13.891734,Seoul-17d6,-16,47,Normal
2026-02-17 06:27:14.891734,Seoul-17d6,34,87,Normal
2026-02-17 06:27:15.891734,Seoul-17d6,-10,97,Normal
2026-02-17 06:27:16.891734,Seoul-17d6,-7,24,Normal
2026-02-17 06:27:17.891734,Seoul-17d6,8,2,Normal
2026-02-17 06:27:18.891734,Seoul-17d6,-23,16,Normal
2026-02-17 06:27:19.891734,Seoul-17d6,-2,27,Normal
2026-02-17 06:27:20.891734,Seoul-17d6,-17,82,Normal
2026-02-17 06:27:21.891734,Seoul-17d6,20,93,Normal
2026-02-17 06:27:22.891734,Seoul-17d6,4,43,Normal
2026-02-17 06:27:23.891734,Seoul-17d6,-21,2,Normal
2026-02-17 06:27:24.891734,Seoul-17d6,3,6,Normal
2026-02-17 06:27:25.891734,Seoul-17d6,26,47,Normal
2026-02-17 06:27:26.891734,Seoul-17d6,-1,3,Normal
2026-02-17 06:27:27.891734,Seoul-17d6,50,98,Normal
2026-02-17 06:27:28.891734,Seoul-17d6,39,26,Normal
2026-02-17 06:27:29.891734,Seoul-17d6,10,99,Normal
2026-02-17 06:27:30.891734,Seoul-17d6,41,5,Normal
2026-02-17 06:27:31.891734,Seoul-17d6,30,91,Normal
2026-02-17 06:27:32.891734,Seoul-17d6,12,15,Normal
2026-02-17 06:27:33.891734,Seoul-17d6,9,77,Normal
2026-02-17 06:27:34.891734,Seoul-17d6,-16,69,Normal
2026-02-17 06:27:35.891734,Seoul-17d6,12,67,Normal
2026-02-17 06:27:36.891734,Seoul-17d6,-16,80,Normal
2026-02-17 06:27:37.891734,Seoul-17d6,9,96,Normal
2026-02-17 06:27:38.891734,Seoul-17d6,-4,50,Normal
2026-02-17 06:27:39.891734,Seoul-17d6,3,64,Normal
2026-02-17 06:27:40.891734,Seoul-17d6,-1,3,Normal
2026-02-17 06:27:41.891734,Seoul-17d6,21,39,Normal
2026-02-17 06:27:42.891734,Seoul-17d6,-22,100,Normal
2026-02-17 06:27:43.891734,Seoul-17d6,48,100,Normal
2026-02-17 06:27:44.891734,Seoul-17d6,39,12,Normal
2026-02-17 06:27:45.891734,Seoul-17d6,-5,39,Normal
2026-02-17 06:27:46.891734,Seoul-17d6,-20,26,Normal
2026-02-17 06:27:47.891734,Seoul-17d6,-27,38,Normal
2026-02-17 06:27:48.891734,Seoul-17d6,35,38,Normal
2026-02-17 06:27:49.891734,Seoul-17d6,16,2,Normal
2026-02-17 06:27:50.891734,Seoul-17d6,-5,90,Normal
2026-02-17 06:27:51.891734,Seoul-17d6,-15,92,Normal
2026-02-17 06:27:52.891734,Seoul-17d6,26,7,Normal
2026-02-17 06:27:53.891734,Seoul-17d6,36,97,Normal
2026-02-17 06:27:54.891734,Seoul-17d6,-27,67,Normal
2026-02-17 06:27:55.891734,Seoul-17d6,11,85,Normal
2026-02-17 06:27:56.891734,Seoul-17d6,-18,7,Normal
2026-02-17 06:27:57.891734,Seoul-17d6,1,66,Normal
2026-02-17 06:27:58.891734,Seoul-17d6,20,77,Normal
2026-02-17 06:27:59.891734,Seoul-17d6,14,29,Normal
2026-02-17 06:28:00.891734,Seoul-17d6,41,59,Normal
2026-02-17 06:28:01.891734,Seoul-17d6,30,100,Normal
2026-02-17 06:28:02.891734,Seoul-17d6,-27,5,Normal
2026-02-17 06:28:03.891734,Seoul-17d6,4,32,Normal
2026-02-17 06:28:04.891734,Seoul-17d6,43,79,Normal
2026-02-17 06:28:05.891734,Seoul-17d6,39,54,Normal
2026-02-17 06:28:06.891734,Seoul-17d6,49,31,Normal
2026-02-17 06:28:07.891734,Seoul-17d6,-22,91,Normal
2026-02-17 06:28:08.891734,Seoul-17d6,-11,93,Normal
2026-02-17 06:28:09.891734,Seoul-17d6,-29,86,Normal
2026-02-17 06:28:10.891734,Seoul-17d6,-9,9,Normal
2026-02-17 06:28:11.891734,Seoul-17d6,35,77,Normal
2026-02-17 06:28:12.891734,Seoul-17d6,12,77,Normal
2026-02-17 06:28:13.891734,Seoul-17d6,41,19,Normal
2026-02-17 06:28:14.891734,Seoul-17d6,21,0,Normal
2026-02-17 06:28:15.891734,Seoul-17d6,-15,100,Normal
2026-02-17 06:28:16.891734,Seoul-17d6,12,97,Normal
2026-02-17 06:28:17.891734,Seoul-17d6,-24,30,Normal
2026-02-17 06:28:18.891734,Seoul-17d6,-28,23,Normal
2026-02-17 06:28:19.891734,Seoul-17d6,-21,88,Normal
2026-02-17 06:28:20.891734,Seoul-17d6,49,6,Normal
2026-02-17 06:28:21.891734,Seoul-17d6,-17,7,Normal
2026-02-17 06:28:22.891734,Seoul-17d6,-6,62,Normal
2026-02-17 06:28:23.891734,Seoul-17d6,41,2,Normal
2026-02-17 06:28:24.891734,Seoul-17d6,30,67,Normal
2026-02-17 06:28:25.891734,Seoul-17d6,10,0,Normal
2026-02-17 06:28:26.891734,Seoul-17d6,-2,18,Normal
2026-02-17 06:28:27.891734,Seoul-17d6,32,8,Normal
2026-02-17 06:28:28.891734,Seoul-17d6,-27,43,Normal
2026-02-17 06:28:29.891734,Seoul-17d6,-10,99,Normal
2026-02-17 06:28:30.891734,Seoul-17d6,5,50,Normal
2026-02-17 06:28:31.891734,Seoul-17d6,36,37,Normal
2026-02-17 06:28:32.891734,Seoul-17d6,16,83,Normal
2026-02-17 06:28:33.891734,Seoul-17d6,23,59,Normal
2026-02-17 06:28:34.891734,Seoul-17d6,40,56,Normal
2026-02-17 06:28:35.891734,Seoul-17d6,-3,14,Normal
2026-02-17 06:28:36.891734,Seoul-17d6,-2,38,Normal
2026-02-17 06:28:37.891734,Seoul-17d6,-3,8,Normal
2026-02-17 06:28:38.891734,Seoul-17d6,0,52,Normal
2026-02-17 06:28:39.891734,Seoul-17d6,-27,67,Normal
2026-02-17 06:28:40.891734,Seoul-17d6,50,1,Normal
2026-02-17 06:28:41.891734,Seoul-17d6,30,29,Normal
2026-02-17 06:28:42.891734,Seoul-17d6,7,77,Normal
2026-02-17 06:28:43.891734,Seoul-17d6,36,43,Normal
2026-02-17 06:28:44.891734,Seoul-17d6,16,72,Normal
2026-02-17 06:28:45.891734,Seoul-17d6,-14,14,Normal
2026-02-17 06:28:46.891734,Seoul-17d6,-18,82,Normal
2026-02-17 06:28:47.891734,Seoul-17d6,48,3,Normal
2026-02-17 06:28:48.891734,Seoul-17d6,4,0,Normal
2026-02-17 06:28:49.891734,Seoul-17d6,-10,62,Normal
2026-02-17 06:28:50.891734,Seoul-17d6,1,45,Normal
2026-02-17 06:28:51.891734,Seoul-17d6,-13,98,Normal
2026-02-17 06:28:52.891734,Seoul-17d6,7,35,Normal
2026-02-17 06:28:53.891734,Seoul-17d6,20,69,Normal
2026-02-17 06:28:54.891734,Seoul-17d6,47,48,Normal
2026-02-17 06:28:55.891734,Seoul-17d6,44,60,Normal
2026-02-17 06:28:56.891734,Seoul-17d6,-27,45,Normal
2026-02-17 06:28:57.891734,Seoul-17d6,-15,25,Normal
2026-02-17 06:28:58.891734,Seoul-17d6,13,52,Normal
2026-02-17 06:28:59.891734,Seoul-17d6,-1,48,Normal
2026-02-17 06:29:00.891734,Seoul-17d6,15,45,Normal
2026-02-17 06:29:01.891734,Seoul-17d6,36,97,Normal
2026-02-17 06:29:02.891734,Seoul-17d6,-11,27,Normal
2026-02-17 06:29:03.891734,Seoul-17d6,-7,41,Normal
2026-02-17 06:29:04.891734,Seoul-17d6,-16,94,Normal
2026-02-17 06:29:05.891734,Seoul-17d6,33,77,Normal
2026-02-17 06:29:06.891734,Seoul-17d6,1,28,Normal
2026-02-17 06:29:07.891734,Seoul-17d6,25,54,Normal
2026-02-17 06:29:08.891734,Seoul-17d6,-8,99,Normal
2026-02-17 06:29:09.891734,Seoul-17d6,-21,62,Normal
2026-02-17 06:29:10.891734,Seoul-17d6,-14,60,Normal
2026-02-17 06:29:11.891734,Seoul-17d6,-17,25,Normal
2026-02-17 06:29:12.891734,Seoul-17d6,-19,23,Normal
2026-02-17 06:29:13.891734,Seoul-17d6,37,90,Normal
2026-02-17 06:29:14.891734,Seoul-17d6,49,56,Normal
2026-02-17 06:29:15.891734,Seoul-17d6,-16,82,Normal
2026-02-17 06:29:16.891734,Seoul-17d6,24,57,Normal
2026-02-17 06:29:17.891734,Seoul-17d6,41,30,Normal
2026-02-17 06:29:18.891734,Seoul-17d6,20,37,Normal
2026-02-17 06:29:19.891734,Seoul-17d6,9,87,Normal
2026-02-17 06:29:20.891734,Seoul-17d6,2,93,Normal
2026-02-17 06:29:21.891734,Seoul-17d6,7,5,Normal
2026-02-17 06:29:22.891734,Seoul-17d6,27,32,Normal
2026-02-17 06:29:23.891734,Seoul-17d6,2,49,Normal
2026-02-17 06:29:24.891734,Seoul-17d6,-18,16,Normal
2026-02-17 06:29:25.891734,Seoul-17d6,32,32,Normal
2026-02-17 06:29:26.891734,Seoul-17d6,-18,99,Normal
2026-02-17 06:29:27.891734,Seoul-17d6,-12,89,Normal
2026-02-17 06:29:28.891734,Seoul-17d6,30,36,Normal
2026-02-17 06:29:29.891734,Seoul-17d6,41,88,Normal
2026-02-17 06:29:30.891734,Seoul-17d6,38,78,Normal
2026-02-17 06:29:31.891734,Seoul-17d6,-10,31,Normal
2026-02-17 06:29:32.891734,Seoul-17d6,14,77,Normal
2026-02-17 06:29:33.891734,Seoul-17d6,41,100,Normal
2026-02-17 06:29:34.891734,Seoul-17d6,35,23,Normal
2026-02-17 06:29:35.891734,Seoul-17d6,-5,39,Normal
2026-02-17 06:29:36.891734,Seoul-17d6,25,52,Normal
2026-02-17 06:29:37.891734,Seoul-17d6,-30,21,Normal
2026-02-17 06:29:38.891734,Seoul-17d6,0,60,Normal
2026-02-17 06:29:39.891734,Seoul-17d6,-21,37,Normal
2026-02-17 06:29:40.891734,Seoul-17d6,-19,73,Normal
2026-02-17 06:29:41.891734,Seoul-17d6,0,29,Normal
2026-02-17 06:29:42.891734,Seoul-17d6,42,73,Normal
2026-02-17 06:29:43.891734,Seoul-17d6,1,31,Normal
2026-02-17 06:29:44.891734,Seoul-17d6,5,76,Normal
2026-02-17 06:29:45.891734,Seoul-17d6,44,29,Normal
2026-02-17 06:29:46.891734,Seoul-17d6,1,61,Normal
2026-02-17 06:29:47.891734,Seoul-17d6,-25,91,Normal
2026-02-17 06:29:48.891734,Seoul-17d6,-6,2,Normal
2026-02-17 06:29:49.891734,Seoul-17d6,-23,55,Normal
2026-02-17 06:29:50.891734,Seoul-17d6,45,70,Normal
2026-02-17 06:29:51.891734,Seoul-17d6,-28,41,Normal
2026-02-17 06:29:52.891734,Seoul-17d6,-21,29,Normal
2026-02-17 06:29:53.891734,Seoul-17d6,35,39,Normal
2026-02-17 06:29:54.891734,Seoul-17d6,42,30,Normal
2026-02-17 06:29:55.891734,Seoul-17d6,-15,60,Normal
2026-02-17 06:29:56.891734,Seoul-17d6,-11,61,Normal
2026-02-17 06:29:57.891734,Seoul-17d6,-6,23,Normal
2026-02-17 06:29:58.891734,Seoul-17d6,-25,69,Normal
2026-02-17 06:29:59.891734,Seoul-17d6,47,10,Normal
2026-02-17 06:30:00.891734,Seoul-17d6,-25,18,Normal
2026-02-17 06:30:01.891734,Seoul-17d6,-21,8,Normal
2026-02-17 06:30:02.891734,Seoul-17d6,-10,32,Normal
2026-02-17 06:30:03.891734,Seoul-17d6,-15,41,Normal
2026-02-17 06:30:04.891734,Seoul-17d6,25,24,Normal
2026-02-17 06:30:05.891734,Seoul-17d6,41,55,Normal
2026-02-17 06:30:06.891734,Seoul-17d6,-23,14,Normal
2026-02-17 06:30:07.891734,Seoul-17d6,3,96,Normal
2026-02-17 06:30:08.891734,Seoul-17d6,4,28,Normal
2026-02-17 06:30:09.891734,Seoul-17d6,46,94,Normal
2026-02-17 06:30:10.891734,Seoul-17d6,38,84,Normal
2026-02-17 06:30:11.891734,Seoul-17d6,3,66,Normal
2026-02-17 06:30:12.891734,Seoul-17d6,-28,7,Normal
2026-02-17 06:30:13.891734,Seoul-17d6,50,65,Normal
2026-02-17 06:30:14.891734,Seoul-17d6,45,100,Normal
2026-02-17 06:30:15.891734,Seoul-17d6,-27,92,Normal
2026-02-17 06:30:16.891734,Seoul-17d6,37,44,Normal
2026-02-17 06:30:17.891734,Seoul-17d6,-29,72,Normal
2026-02-17 06:30:18.891734,Seoul-17d6,35,6,Normal
2026-02-17 06:30:19.891734,Seoul-17d6,-26,24,Normal
2026-02-17 06:30:20.891734,Seoul-17d6,-5,87,Normal
2026-02-17 06:30:21.891734,Seoul-17d6,45,63,Normal
2026-02-17 06:30:22.891734,Seoul-17d6,23,47,Normal
2026-02-17 06:30:23.891734,Seoul-17d6,-9,61,Normal
2026-02-17 06:30:24.891734,Seoul-17d6,-20,88,Normal
2026-02-17 06:30:25.891734,Seoul-17d6,-1,31,Normal
2026-02-17 06:30:26.891734,Seoul-17d6,0,18,Normal
2026-02-17 06:30:27.891734,Seoul-17d6,-1,93,Normal
2026-02-17 06:30:28.891734,Seoul-17d6,-15,69,Normal
2026-02-17 06:30:29.891734,Seoul-17d6,-28,13,Normal
2026-02-17 06:30:30.891734,Seoul-17d6,30,44,Normal
2026-02-17 06:30:31.891734,Seoul-17d6,2,28,Normal
2026-02-17 06:30:32.891734,Seoul-17d6,-20,37,Normal
2026-02-17 06:30:33.891734,Seoul-17d6,-25,0,Normal
2026-02-17 06:30:34.891734,Seoul-17d6,-7,78,Normal
2026-02-17 06:30:35.891734,Seoul-17d6,47,7,Normal
2026-02-17 06:30:36.891734,Seoul-17d6,46,77,Normal
2026-02-17 06:30:37.891734,Seoul-17d6,36,44,Normal
2026-02-17 06:30:38.891734,Seoul-17d6,-13,88,Normal
2026-02-17 06:30:39.891734,Seoul-17d6,18,93,Normal
2026-02-17 06:30:40.891734,Seoul-17d6,44,82,Normal
2026-02-17 06:30:41.891734,Seoul-17d6,20,52,Normal
2026-02-17 06:30:42.891734,Seoul-17d6,8,52,Normal
2026-02-17 06:30:43.891734,Seoul-17d6,-11,23,Normal
2026-02-17 06:30:44.891734,Seoul-17d6,22,35,Normal
2026-02-17 06:30:45.891734,Seoul-17d6,2,83,Normal
2026-02-17 06:30:46.891734,Seoul-17d6,28,44,Normal
2026-02-17 06:30:47.891734,Seoul-17d6,-15,76,Normal
2026-02-17 06:30:48.891734,Seoul-17d6,7,25,Normal
2026-02-17 06:30:49.891734,Seoul-17d6,46,52,Normal
2026-02-17 06:30:50.891734,Seoul-17d6,-10,85,Normal
2026-02-17 06:30:51.891734,Seoul-17d6,-26,7,Normal
2026-02-17 06:30:52.891734,Seoul-17d6,-26,91,Normal
2026-02-17 06:30:53.891734,Seoul-17d6,-23,36,Normal
2026-02-17 06:30:54.891734,Seoul-17d6,19,25,Normal
2026-02-17 06:30:55.891734,Seoul-17d6,17,65,Normal
2026-02-17 06:30:56.891734,Seoul-17d6,38,52,Normal
2026-02-17 06:30:57.891734,Seoul-17d6,43,95,Normal
2026-02-17 06:30:58.891734,Seoul-17d6,-25,39,Normal
2026-02-17 06:30:59.891734,Seoul-17d6,-21,39,Normal
2026-02-17 06:31:00.891734,Seoul-17d6,-29,48,Normal
2026-02-17 06:31:01.891734,Seoul-17d6,50,89,Normal
2026-02-17 06:31:02.891734,Seoul-17d6,-28,91,Normal
2026-02-17 06:31:03.891734,Seoul-17d6,46,68,Normal
2026-02-17 06:31:04.891734,Seoul-17d6,-27,100,Normal
2026-02-17 06:31:05.891734,Seoul-17d6,40,6,Normal
2026-02-17 06:31:06.891734,Seoul-17d6,8,87,Normal
2026-02-17 06:31:07.891734,Seoul-17d6,48,64,Normal
2026-02-17 06:31:08.891734,Seoul-17d6,44,63,Normal
2026-02-17 06:31:09.891734,Seoul-17d6,-10,99,Normal
2026-02-17 06:31:10.891734,Seoul-17d6,22,3,Normal
2026-02-17 06:31:11.891734,Seoul-17d6,22,67,Normal
2026-02-17 06:31:12.891734,Seoul-17d6,43,18,Normal
2026-02-17 06:31:13.891734,Seoul-17d6,8,54,Normal
2026-02-17 06:31:14.891734,Seoul-17d6,4,39,Normal
2026-02-17 06:31:15.891734,Seoul-17d6,-8,94,Normal
2026-02-17 06:31:16.891734,Seoul-17d6,-22,49,Normal
2026-02-17 06:31:17.891734,Seoul-17d6,29,93,Normal
2026-02-17 06:31:18.891734,Seoul-17d6,-18,61,Normal
2026-02-17 06:31:19.891734,Seoul-17d6,42,64,Normal
2026-02-17 06:31:20.891734,Seoul-17d6,-22,70,Normal
2026-02-17 06:31:21.891734,Seoul-17d6,50,72,Normal
2026-02-17 06:31:22.891734,Seoul-17d6,16,30,Normal
2026-02-17 06:31:23.891734,Seoul-17d6,19,53,Normal
2026-02-17 06:31:24.891734,Seoul-17d6,-21,55,Normal
2026-02-17 06:31:25.891734,Seoul-17d6,35,20,Normal
2026-02-17 06:31:26.891734,Seoul-17d6,18,99,Normal
2026-02-17 06:31:27.891734,Seoul-17d6,30,81,Normal
2026-02-17 06:31:28.891734,Seoul-17d6,13,2,Normal
2026-02-17 06:31:29.891734,Seoul-17d6,48,59,Normal
2026-02-17 06:31:30.891734,Seoul-17d6,30,13,Normal
2026-02-17 06:31:31.891734,Seoul-17d6,28,97,Normal
2026-02-17 06:31:32.891734,Seoul-17d6,-2,39,Normal
2026-02-17 06:31:33.891734,Seoul-17d6,-25,21,Normal
2026-02-17 06:31:34.891734,Seoul-17d6,9,20,Normal
2026-02-17 06:31:35.891734,Seoul-17d6,-27,3,Normal
2026-02-17 06:31:36.891734,Seoul-17d6,18,55,Normal
2026-02-17 06:31:37.891734,Seoul-17d6,27,20,Normal
2026-02-17 06:31:38.891734,Seoul-17d6,-18,74,Normal
2026-02-17 06:31:39.891734,Seoul-17d6,1,29,Normal
2026-02-17 06:31:40.891734,Seoul-17d6,43,51,Normal
2026-02-17 06:31:41.891734,Seoul-17d6,-28,58,Normal
2026-02-17 06:31:42.891734,Seoul-17d6,24,73,Normal
2026-02-17 06:31:43.891734,Seoul-17d6,16,7,Normal
2026-02-17 06:31:44.891734,Seoul-17d6,-2,95,Normal
2026-02-17 06:31:45.891734,Seoul-17d6,32,18,Normal
2026-02-17 06:31:46.891734,Seoul-17d6,-10,11,Normal
2026-02-17 06:31:47.891734,Seoul-17d6,7,60,Normal
2026-02-17 06:31:48.891734,Seoul-17d6,29,56,Normal
2026-02-17 06:31:49.891734,Seoul-17d6,-19,35,Normal
2026-02-17 06:31:50.891734,Seoul-17d6,12,27,Normal
2026-02-17 06:31:51.891734,Seoul-17d6,17,9,Normal
2026-02-17 06:31:52.891734,Seoul-17d6,-8,62,Normal
2026-02-17 06:31:53.891734,Seoul-17d6,34,36,Normal
2026-02-17 06:31:54.891734,Seoul-17d6,37,66,Normal
2026-02-17 06:31:55.891734,Seoul-17d6,-18,51,Normal
2026-02-17 06:31:56.891734,Seoul-17d6,-13,12,Normal
2026-02-17 06:31:57.891734,Seoul-17d6,-25,72,Normal
2026-02-17 06:31:58.891734,Seoul-17d6,30,22,Normal
2026-02-17 06:31:59.891734,Seoul-17d6,40,18,Normal
2026-02-17 06:32:00.891734,Seoul-17d6,17,20,Normal
2026-02-17 06:32:01.891734,Seoul-17d6,16,4,Normal
2026-02-17 06:32:02.891734,Seoul-17d6,-23,32,Normal
2026-02-17 06:32:03.891734,Seoul-17d6,41,61,Normal
2026-02-17 06:32:04.891734,Seoul-17d6,39,72,Normal
2026-02-17 06:32:05.891734,Seoul-17d6,-13,29,Normal
2026-02-17 06:32:06.891734,Seoul-17d6,14,48,Normal
2026-02-17 06:32:07.891734,Seoul-17d6,44,57,Normal
2026-02-17 06:32:08.891734,Seoul-17d6,-22,82,Normal
2026-02-17 06:32:09.891734,Seoul-17d6,-30,30,Normal
2026-02-17 06:32:10.891734,Seoul-17d6,-17,92,Normal
2026-02-17 06:32:11.891734,Seoul-17d6,50,79,Normal
2026-02-17 06:32:12.891734,Seoul-17d6,43,21,Normal
2026-02-17 06:32:13.891734,Seoul-17d6,14,62,Normal
2026-02-17 06:32:14.891734,Seoul-17d6,47,27,Normal
2026-02-17 06:32:15.891734,Seoul-17d6,-4,19,Normal
2026-02-17 06:32:16.891734,Seoul-17d6,-10,15,Normal
2026-02-17 06:32:17.891734,Seoul-17d6,-1,49,Normal
2026-02-17 06:32:18.891734,Seoul-17d6,11,80,Normal
2026-02-17 06:32:19.891734,Seoul-17d6,43,43,Normal
2026-02-17 06:32:20.891734,Seoul-17d6,45,63,Normal
2026-02-17 06:32:21.891734,Seoul-17d6,38,36,Normal
2026-02-17 06:32:22.891734,Seoul-17d6,39,57,Normal
2026-02-17 06:32:23.891734,Seoul-17d6,7,95,Normal
2026-02-17 06:32:24.891734,Seoul-17d6,-25,60,Normal
2026-02-17 06:32:25.891734,Seoul-17d6,-24,82,Normal
2026-02-17 06:32:26.891734,Seoul-17d6,-20,22,Normal
2026-02-17 06:32:27.891734,Seoul-17d6,-22,69,Normal
2026-02-17 06:32:28.891734,Seoul-17d6,32,87,Normal
2026-02-17 06:32:29.891734,Seoul-17d6,15,26,Normal
2026-02-17 06:32:30.891734,Seoul-17d6,47,34,Normal
2026-02-17 06:32:31.891734,Seoul-17d6,43,71,Normal
2026-02-17 06:32:32.891734,Seoul-17d6,-5,0,Normal
2026-02-17 06:32:33.891734,Seoul-17d6,24,35,Normal
2026-02-17 06:32:34.891734,Seoul-17d6,-27,89,Normal
2026-02-17 06:32:35.891734,Seoul-17d6,25,68,Normal
2026-02-17 06:32:36.891734,Seoul-17d6,7,55,Normal
2026-02-17 06:32:37.891734,Seoul-17d6,32,97,Normal
2026-02-17 06:32:38.891734,Seoul-17d6,7,68,Normal
2026-02-17 06:32:39.891734,Seoul-17d6,42,78,Normal
2026-02-17 06:32:40.891734,Seoul-17d6,-21,43,Normal
2026-02-17 06:32:41.891734,Seoul-17d6,-25,3,Normal
2026-02-17 06:32:42.891734,Seoul-17d6,0,71,Normal
2026-02-17 06:32:43.891734,Seoul-17d6,13,63,Normal
2026-02-17 06:32:44.891734,Seoul-17d6,-6,28,Normal
2026-02-17 06:32:45.891734,Seoul-17d6,-13,29,Normal
2026-02-17 06:32:46.891734,Seoul-17d6,-10,80,Normal
2026-02-17 06:32:47.891734,Seoul-17d6,-12,75,Normal
2026-02-17 06:32:48.891734,Seoul-17d6,30,7,Normal
2026-02-17 06:32:49.891734,Seoul-17d6,-17,37,Normal
2026-02-17 06:32:50.891734,Seoul-17d6,50,68,Normal
2026-02-17 06:32:51.891734,Seoul-17d6,3,55,Normal
2026-02-17 06:32:52.891734,Seoul-17d6,-23,55,Normal
2026-02-17 06:32:53.891734,Seoul-17d6,-7,25,Normal
2026-02-17 06:32:54.891734,Seoul-17d6,-25,26,Normal
2026-02-17 06:32:55.891734,Seoul-17d6,14,5,Normal
2026-02-17 06:32:56.891734,Seoul-17d6,-19,38,Normal
2026-02-17 06:32:57.891734,Seoul-17d6,-5,69,Normal
2026-02-17 06:32:58.891734,Seoul-17d6,33,51,Normal
2026-02-17 06:32:59.891734,Seoul-17d6,35,86,Normal
2026-02-17 06:33:00.891734,Seoul-17d6,44,73,Normal
2026-02-17 06:33:01.891734,Seoul-17d6,30,66,Normal
2026-02-17 06:33:02.891734,Seoul-17d6,8,1,Normal
2026-02-17 06:33:03.891734,Seoul-17d6,-30,21,Normal
2026-02-17 06:33:04.891734,Seoul-17d6,37,6,Normal
2026-02-17 06:33:05.891734,Seoul-17d6,6,17,Normal
2026-02-17 06:33:06.891734,Seoul-17d6,48,81,Normal
2026-02-17 06:33:07.891734,Seoul-17d6,32,52,Normal
2026-02-17 06:33:08.891734,Seoul-17d6,14,12,Normal
2026-02-17 06:33:09.891734,Seoul-17d6,45,90,Normal
2026-02-17 06:33:10.891734,Seoul-17d6,7,99,Normal
2026-02-17 06:33:11.891734,Seoul-17d6,-24,30,Normal
2026-02-17 06:33:12.891734,Seoul-17d6,7,9,Normal
2026-02-17 06:33:13.891734,Seoul-17d6,-2,66,Normal
2026-02-17 06:33:14.891734,Seoul-17d6,-27,90,Normal
2026-02-17 06:33:15.891734,Seoul-17d6,9,89,Normal
2026-02-17 06:33:16.891734,Seoul-17d6,37,31,Normal
2026-02-17 06:33:17.891734,Seoul-17d6,29,56,Normal
2026-02-17 06:33:18.891734,Seoul-17d6,4,61,Normal
2026-02-17 06:33:19.891734,Seoul-17d6,1,72,Normal
2026-02-17 06:33:20.891734,Seoul-17d6,26,47,Normal
2026-02-17 06:33:21.891734,Seoul-17d6,-21,35,Normal
2026-02-17 06:33:22.891734,Seoul-17d6,-24,89,Normal
2026-02-17 06:33:23.891734,Seoul-17d6,22,98,Normal
2026-02-17 06:33:24.891734,Seoul-17d6,-13,59,Normal
2026-02-17 06:33:25.891734,Seoul-17d6,41,55,Normal
2026-02-17 06:33:26.891734,Seoul-17d6,20,40,Normal
2026-02-17 06:33:27.891734,Seoul-17d6,23,6,Normal
2026-02-17 06:33:28.891734,Seoul-17d6,-8,76,Normal
2026-02-17 06:33:29.891734,Seoul-17d6,14,67,Normal
2026-02-17 06:33:30.891734,Seoul-17d6,-14,79,Normal
2026-02-17 06:33:31.891734,Seoul-17d6,35,66,Normal
2026-02-17 06:33:32.891734,Seoul-17d6,24,82,Normal
2026-02-17 06:33:33.891734,Seoul-17d6,30,43,Normal
2026-02-17 06:33:34.891734,Seoul-17d6,43,58,Normal
2026-02-17 06:33:35.891734,Seoul-17d6,47,3,Normal
2026-02-17 06:33:36.891734,Seoul-17d6,-26,42,Normal
2026-02-17 06:33:37.891734,Seoul-17d6,-29,79,Normal
2026-02-17 06:33:38.891734,Seoul-17d6,9,100,Normal
2026-02-17 06:33:39.891734,Seoul-17d6,34,17,Normal
2026-02-17 06:33:40.891734,Seoul-17d6,49,13,Normal
2026-02-17 06:33:41.891734,Seoul-17d6,-6,67,Normal
2026-02-17 06:33:42.891734,Seoul-17d6,21,46,Normal
2026-02-17 06:33:43.891734,Seoul-17d6,-9,66,Normal
2026-02-17 06:33:44.891734,Seoul-17d6,12,90,Normal
2026-02-17 06:33:45.891734,Seoul-17d6,49,69,Normal
2026-02-17 06:33:46.891734,Seoul-17d6,-4,3,Normal
2026-02-17 06:33:47.891734,Seoul-17d6,18,17,Normal
2026-02-17 06:33:48.891734,Seoul-17d6,27,48,Normal
2026-02-17 06:33:49.891734,Seoul-17d6,28,4,Normal
2026-02-17 06:33:50.891734,Seoul-17d6,-24,33,Normal
2026-02-17 06:33:51.891734,Seoul-17d6,21,98,Normal
2026-02-17 06:33:52.891734,Seoul-17d6,33,99,Normal
2026-02-17 06:33:53.891734,Seoul-17d6,39,54,Normal
2026-02-17 06:33:54.891734,Seoul-17d6,-12,49,Normal
2026-02-17 06:33:55.891734,Seoul-17d6,14,31,Normal
2026-02-17 06:33:56.891734,Seoul-17d6,40,4,Normal
2026-02-17 06:33:57.891734,Seoul-17d6,-15,13,Normal
2026-02-17 06:33:58.891734,Seoul-17d6,44,98,Normal
2026-02-17 06:33:59.891734,Seoul-17d6,7,21,Normal
2026-02-17 06:34:00.891734,Seoul-17d6,47,53,Normal
2026-02-17 06:34:01.891734,Seoul-17d6,-20,57,Normal
2026-02-17 06:34:02.891734,Seoul-17d6,4,63,Normal
2026-02-17 06:34:03.891734,Seoul-17d6,29,72,Normal
2026-02-17 06:34:04.891734,Seoul-17d6,15,7,Normal
2026-02-17 06:34:05.891734,Seoul-17d6,-2,36,Normal
2026-02-17 06:34:06.891734,Seoul-17d6,-5,39,Normal
2026-02-17 06:34:07.891734,Seoul-17d6,36,8,Normal
2026-02-17 06:34:08.891734,Seoul-17d6,18,58,Normal
2026-02-17 06:34:09.891734,Seoul-17d6,18,26,Normal
2026-02-17 06:34:10.891734,Seoul-17d6,-17,46,Normal
2026-02-17 06:34:11.891734,Seoul-17d6,20,62,Normal
2026-02-17 06:34:12.891734,Seoul-17d6,-6,36,Normal
2026-02-17 06:34:13.891734,Seoul-17d6,-19,22,Normal
2026-02-17 06:34:14.891734,Seoul-17d6,-21,89,Normal
2026-02-17 06:34:15.891734,Seoul-17d6,35,94,Normal
2026-02-17 06:34:16.891734,Seoul-17d6,-16,33,Normal
2026-02-17 06:34:17.891734,Seoul-17d6,-25,21,Normal
2026-02-17 06:34:18.891734,Seoul-17d6,-6,34,Normal
2026-02-17 06:34:19.891734,Seoul-17d6,26,33,Normal
2026-02-17 06:34:20.891734,Seoul-17d6,5,44,Normal
2026-02-17 06:34:21.891734,Seoul-17d6,-13,36,Normal
2026-02-17 06:34:22.891734,Seoul-17d6,-12,58,Normal
2026-02-17 06:34:23.891734,Seoul-17d6,0,41,Normal
2026-02-17 06:34:24.891734,Seoul-17d6,-7,48,Normal
2026-02-17 06:34:25.891734,Seoul-17d6,16,5,Normal
2026-02-17 06:34:26.891734,Seoul-17d6,3,24,Normal
2026-02-17 06:34:27.891734,Seoul-17d6,-14,3,Normal
2026-02-17 06:34:28.891734,Seoul-17d6,8,41,Normal
2026-02-17 06:34:29.891734,Seoul-17d6,27,18,Normal
2026-02-17 06:34:30.891734,Seoul-17d6,28,7,Normal
2026-02-17 06:34:31.891734,Seoul-17d6,-15,30,Normal
2026-02-17 06:34:32.891734,Seoul-17d6,-27,76,Normal
2026-02-17 06:34:33.891734,Seoul-17d6,28,4,Normal
2026-02-17 06:34:34.891734,Seoul-17d6,-24,18,Normal
2026-02-17 06:34:35.891734,Seoul-17d6,-11,77,Normal
2026-02-17 06:34:36.891734,Seoul-17d6,-10,26,Normal
2026-02-17 06:34:37.891734,Seoul-17d6,-28,9,Normal
2026-02-17 06:34:38.891734,Seoul-17d6,23,38,Normal
2026-02-17 06:34:39.891734,Seoul-17d6,0,15,Normal
2026-02-17 06:34:40.891734,Seoul-17d6,15,54,Normal
2026-02-17 06:34:41.891734,Seoul-17d6,32,32,Normal
2026-02-17 06:34:42.891734,Seoul-17d6,-10,0,Normal
2026-02-17 06:34:43.891734,Seoul-17d6,0,52,Normal
2026-02-17 06:34:44.891734,Seoul-17d6,-27,85,Normal
2026-02-17 06:34:45.891734,Seoul-17d6,32,38,Normal
2026-02-17 06:34:46.891734,Seoul-17d6,48,72,Normal
2026-02-17 06:34:47.891734,Seoul-17d6,33,47,Normal
2026-02-17 06:34:48.891734,Seoul-17d6,28,48,Normal
2026-02-17 06:34:49.891734,Seoul-17d6,-12,5,Normal
2026-02-17 06:34:50.891734,Seoul-17d6,36,52,Normal
2026-02-17 06:34:51.891734,Seoul-17d6,40,20,Normal
2026-02-17 06:34:52.891734,Seoul-17d6,-27,53,Normal
2026-02-17 06:34:53.891734,Seoul-17d6,-10,15,Normal
2026-02-17 06:34:54.891734,Seoul-17d6,-4,56,Normal
2026-02-17 06:34:55.891734,Seoul-17d6,43,81,Normal
2026-02-17 06:34:56.891734,Seoul-17d6,44,11,Normal
2026-02-17 06:34:57.891734,Seoul-17d6,24,99,Normal
2026-02-17 06:34:58.891734,Seoul-17d6,22,16,Normal
2026-02-17 06:34:59.891734,Seoul-17d6,-14,75,Normal
2026-02-17 06:35:00.891734,Seoul-17d6,27,56,Normal
2026-02-17 06:35:01.891734,Seoul-17d6,21,8,Normal
2026-02-17 06:35:02.891734,Seoul-17d6,-12,70,Normal
2026-02-17 06:35:03.891734,Seoul-17d6,19,22,Normal
2026-02-17 06:35:04.891734,Seoul-17d6,0,81,Normal
2026-02-17 06:35:05.891734,Seoul-17d6,11,30,Normal
2026-02-17 06:35:06.891734,Seoul-17d6,28,38,Normal
2026-02-17 06:35:07.891734,Seoul-17d6,34,65,Normal
2026-02-17 06:35:08.891734,Seoul-17d6,-8,74,Normal
2026-02-17 06:35:09.891734,Seoul-17d6,44,69,Normal
2026-02-17 06:35:10.891734,Seoul-17d6,-7,79,Normal
2026-02-17 06:35:11.891734,Seoul-17d6,44,36,Normal
2026-02-17 06:35:12.891734,Seoul-17d6,25,41,Normal
2026-02-17 06:35:13.891734,Seoul-17d6,28,0,Normal
2026-02-17 06:35:14.891734,Seoul-17d6,28,58,Normal
2026-02-17 06:35:15.891734,Seoul-17d6,-28,84,Normal
2026-02-17 06:35:16.891734,Seoul-17d6,10,13,Normal
2026-02-17 06:35:17.891734,Seoul-17d6,33,77,Normal
2026-02-17 06:35:18.891734,Seoul-17d6,-18,83,Normal
2026-02-17 06:35:19.891734,Seoul-17d6,20,5,Normal
2026-02-17 06:35:20.891734,Seoul-17d6,19,75,Normal
2026-02-17 06:35:21.891734,Seoul-17d6,18,26,Normal
2026-02-17 06:35:22.891734,Seoul-17d6,-13,90,Normal
2026-02-17 06:35:23.891734,Seoul-17d6,-15,27,Normal
2026-02-17 06:35:24.891734,Seoul-17d6,-1,76,Normal
2026-02-17 06:35:25.891734,Seoul-17d6,14,30,Normal
2026-02-17 06:35:26.891734,Seoul-17d6,-10,84,Normal
2026-02-17 06:35:27.891734,Seoul-17d6,36,23,Normal
2026-02-17 06:35:28.891734,Seoul-17d6,-11,82,Normal
2026-02-17 06:35:29.891734,Seoul-17d6,19,50,Normal
2026-02-17 06:35:30.891734,Seoul-17d6,13,41,Normal
2026-02-17 06:35:31.891734,Seoul-17d6,-5,95,Normal
2026-02-17 06:35:32.891734,Seoul-17d6,14,24,Normal
2026-02-17 06:35:33.891734,Seoul-17d6,-8,10,Normal
2026-02-17 06:35:34.891734,Seoul-17d6,43,81,Normal
2026-02-17 06:35:35.891734,Seoul-17d6,-2,95,Normal
2026-02-17 06:35:36.891734,Seoul-17d6,47,21,Normal
2026-02-17 06:35:37.891734,Seoul-17d6,31,60,Normal
2026-02-17 06:35:38.891734,Seoul-17d6,-11,74,Normal
2026-02-17 06:35:39.891734,Seoul-17d6,-24,96,Normal
2026-02-17 06:35:40.891734,Seoul-17d6,-12,13,Normal
2026-02-17 06:35:41.891734,Seoul-17d6,-28,66,Normal
2026-02-17 06:35:42.891734,Seoul-17d6,18,19,Normal
2026-02-17 06:35:43.891734,Seoul-17d6,-25,4,Normal
2026-02-17 06:35:44.891734,Seoul-17d6,-4,84,Normal
2026-02-17 06:35:45.891734,Seoul-17d6,-12,29,Normal
2026-02-17 06:35:46.891734,Seoul-17d6,23,41,Normal
2026-02-17 06:35:47.891734,Seoul-17d6,45,68,Normal
2026-02-17 06:35:48.891734,Seoul-17d6,-25,90,Normal
2026-02-17 06:35:49.891734,Seoul-17d6,7,78,Normal
2026-02-17 06:35:50.891734,Seoul-17d6,-30,98,Normal
2026-02-17 06:35:51.891734,Seoul-17d6,25,17,Normal
2026-02-17 06:35:52.891734,Seoul-17d6,37,51,Normal
2026-02-17 06:35:53.891734,Seoul-17d6,50,26,Normal
2026-02-17 06:35:54.891734,Seoul-17d6,-11,50,Normal
2026-02-17 06:35:55.891734,Seoul-17d6,33,34,Normal
2026-02-17 06:35:56.891734,Seoul-17d6,2,2,Normal
2026-02-17 06:35:57.891734,Seoul-17d6,31,7,Normal
2026-02-17 06:35:58.891734,Seoul-17d6,-24,95,Normal
2026-02-17 06:35:59.891734,Seoul-17d6,-16,42,Normal
2026-02-17 06:36:00.891734,Seoul-17d6,3,26,Normal
2026-02-17 06:36:01.891734,Seoul-17d6,-7,10,Normal
2026-02-17 06:36:02.891734,Seoul-17d6,-3,99,Normal
2026-02-17 06:36:03.891734,Seoul-17d6,45,16,Normal
2026-02-17 06:36:04.891734,Seoul-17d6,45,54,Normal
2026-02-17 06:36:05.891734,Seoul-17d6,45,38,Normal
2026-02-17 06:36:06.891734,Seoul-17d6,-6,12,Normal
2026-02-17 06:36:07.891734,Seoul-17d6,-15,34,Normal
2026-02-17 06:36:08.891734,Seoul-17d6,31,63,Normal
2026-02-17 06:36:09.891734,Seoul-17d6,36,72,Normal
2026-02-17 06:36:10.891734,Seoul-17d6,-7,100,Normal
2026-02-17 06:36:11.891734,Seoul-17d6,42,81,Normal
2026-02-17 06:36:12.891734,Seoul-17d6,29,64,Normal
2026-02-17 06:36:13.891734,Seoul-17d6,32,37,Normal
2026-02-17 06:36:14.891734,Seoul-17d6,-12,24,Normal
2026-02-17 06:36:15.891734,Seoul-17d6,-12,71,Normal
2026-02-17 06:36:16.891734,Seoul-17d6,25,47,Normal
2026-02-17 06:36:17.891734,Seoul-17d6,-4,46,Normal
2026-02-17 06:36:18.891734,Seoul-17d6,-17,23,Normal
2026-02-17 06:36:19.891734,Seoul-17d6,-7,37,Normal
2026-02-17 06:36:20.891734,Seoul-17d6,-25,19,Normal
2026-02-17 06:36:21.891734,Seoul-17d6,10,80,Normal
2026-02-17 06:36:22.891734,Seoul-17d6,46,58,Normal
2026-02-17 06:36:23.891734,Seoul-17d6,-1,84,Normal
2026-02-17 06:36:24.891734,Seoul-17d6,-25,1,Normal
2026-02-17 06:36:25.891734,Seoul-17d6,25,88,Normal
2026-02-17 06:36:26.891734,Seoul-17d6,13,37,Normal
2026-02-17 06:36:27.891734,Seoul-17d6,6,59,Normal
2026-02-17 06:36:28.891734,Seoul-17d6,15,5,Normal
2026-02-17 06:36:29.891734,Seoul-17d6,-23,61,Normal
2026-02-17 06:36:30.891734,Seoul-17d6,39,55,Normal
2026-02-17 06:36:31.891734,Seoul-17d6,-20,41,Normal
2026-02-17 06:36:32.891734,Seoul-17d6,-6,69,Normal
2026-02-17 06:36:33.891734,Seoul-17d6,32,13,Normal
2026-02-17 06:36:34.891734,Seoul-17d6,24,78,Normal
2026-02-17 06:36:35.891734,Seoul-17d6,37,75,Normal
2026-02-17 06:36:36.891734,Seoul-17d6,14,5,Normal
2026-02-17 06:36:37.891734,Seoul-17d6,-12,88,Normal
2026-02-17 06:36:38.891734,Seoul-17d6,-6,66,Normal
2026-02-17 06:36:39.891734,Seoul-17d6,43,27,Normal
2026-02-17 06:36:40.891734,Seoul-17d6,6,38,Normal
2026-02-17 06:36:41.891734,Seoul-17d6,15,91,Normal
2026-02-17 06:36:42.891734,Seoul-17d6,-9,47,Normal
2026-02-17 06:36:43.891734,Seoul-17d6,-21,14,Normal
2026-02-17 06:36:44.891734,Seoul-17d6,-5,82,Normal
2026-02-17 06:36:45.891734,Seoul-17d6,-23,4,Normal
2026-02-17 06:36:46.891734,Seoul-17d6,16,25,Normal
2026-02-17 06:36:47.891734,Seoul-17d6,16,53,Normal
2026-02-17 06:36:48.891734,Seoul-17d6,23,79,Normal
2026-02-17 06:36:49.891734,Seoul-17d6,-20,100,Normal
2026-02-17 06:36:50.891734,Seoul-17d6,-1,80,Normal
2026-02-17 06:36:51.891734,Seoul-17d6,21,71,Normal
2026-02-17 06:36:52.891734,Seoul-17d6,-27,3,Normal
2026-02-17 06:36:53.891734,Seoul-17d6,21,38,Normal
2026-02-17 06:36:54.891734,Seoul-17d6,-20,77,Normal
2026-02-17 06:36:55.891734,Seoul-17d6,-7,37,Normal
2026-02-17 06:36:56.891734,Seoul-17d6,-25,24,Normal
2026-02-17 06:36:57.891734,Seoul-17d6,14,81,Normal
2026-02-17 06:36:58.891734,Seoul-17d6,40,71,Normal
2026-02-17 06:36:59.891734,Seoul-17d6,1,14,Normal
2026-02-17 06:37:00.891734,Seoul-17d6,-28,0,Normal
2026-02-17 06:37:01.891734,Seoul-17d6,31,89,Normal
2026-02-17 06:37:02.891734,Seoul-17d6,-7,32,Normal
2026-02-17 06:37:03.891734,Seoul-17d6,-16,92,Normal
2026-02-17 06:37:04.891734,Seoul-17d6,12,72,Normal
2026-02-17 06:37:05.891734,Seoul-17d6,-22,95,Normal
2026-02-17 06:37:06.891734,Seoul-17d6,-4,23,Normal
2026-02-17 06:37:07.891734,Seoul-17d6,5,38,Normal
2026-02-17 06:37:08.891734,Seoul-17d6,5,67,Normal
2026-02-17 06:37:09.891734,Seoul-17d6,-6,94,Normal
2026-02-17 06:37:10.891734,Seoul-17d6,24,81,Normal
2026-02-17 06:37:11.891734,Seoul-17d6,43,8,Normal
2026-02-17 06:37:12.891734,Seoul-17d6,-15,44,Normal
2026-02-17 06:37:13.891734,Seoul-17d6,6,33,Normal
2026-02-17 06:37:14.891734,Seoul-17d6,35,24,Normal
2026-02-17 06:37:15.891734,Seoul-17d6,45,60,Normal
2026-02-17 06:37:16.891734,Seoul-17d6,-5,66,Normal
2026-02-17 06:37:17.891734,Seoul-17d6,-29,9,Normal
2026-02-17 06:37:18.891734,Seoul-17d6,46,81,Normal
2026-02-17 06:37:19.891734,Seoul-17d6,-29,13,Normal
2026-02-17 06:37:20.891734,Seoul-17d6,10,71,Normal
2026-02-17 06:37:21.891734,Seoul-17d6,1,65,Normal
2026-02-17 06:37:22.891734,Seoul-17d6,-9,19,Normal
2026-02-17 06:37:23.891734,Seoul-17d6,-3,0,Normal
2026-02-17 06:37:24.891734,Seoul-17d6,35,10,Normal
2026-02-17 06:37:25.891734,Seoul-17d6,10,54,Normal
2026-02-17 06:37:26.891734,Seoul-17d6,14,50,Normal
2026-02-17 06:37:27.891734,Seoul-17d6,2,9,Normal
2026-02-17 06:37:28.891734,Seoul-17d6,6,72,Normal
2026-02-17 06:37:29.891734,Seoul-17d6,-26,61,Normal
2026-02-17 06:37:30.891734,Seoul-17d6,28,36,Normal
2026-02-17 06:37:31.891734,Seoul-17d6,26,19,Normal
2026-02-17 06:37:32.891734,Seoul-17d6,24,34,Normal
2026-02-17 06:37:33.891734,Seoul-17d6,-27,47,Normal
2026-02-17 06:37:34.891734,Seoul-17d6,43,74,Normal
2026-02-17 06:37:35.891734,Seoul-17d6,25,76,Normal
2026-02-17 06:37:36.891734,Seoul-17d6,45,55,Normal
2026-02-17 06:37:37.891734,Seoul-17d6,23,29,Normal
2026-02-17 06:37:38.891734,Seoul-17d6,-4,40,Normal
2026-02-17 06:37:39.891734,Seoul-17d6,-8,9,Normal
2026-02-17 06:37:40.891734,Seoul-17d6,29,72,Normal
2026-02-17 06:37:41.891734,Seoul-17d6,39,72,Normal
2026-02-17 06:37:42.891734,Seoul-17d6,32,88,Normal
2026-02-17 06:37:43.891734,Seoul-17d6,7,11,Normal
2026-02-17 06:37:44.891734,Seoul-17d6,-21,72,Normal
2026-02-17 06:37:45.891734,Seoul-17d6,43,34,Normal
2026-02-17 06:37:46.891734,Seoul-17d6,19,27,Normal
2026-02-17 06:37:47.891734,Seoul-17d6,-6,89,Normal
2026-02-17 06:37:48.891734,Seoul-17d6,-29,32,Normal
2026-02-17 06:37:49.891734,Seoul-17d6,37,79,Normal
2026-02-17 06:37:50.891734,Seoul-17d6,-1,33,Normal
2026-02-17 06:37:51.891734,Seoul-17d6,-24,42,Normal
2026-02-17 06:37:52.891734,Seoul-17d6,-19,99,Normal
2026-02-17 06:37:53.891734,Seoul-17d6,-9,75,Normal
2026-02-17 06:37:54.891734,Seoul-17d6,21,29,Normal
2026-02-17 06:37:55.891734,Seoul-17d6,14,40,Normal
2026-02-17 06:37:56.891734,Seoul-17d6,-6,15,Normal
2026-02-17 06:37:57.891734,Seoul-17d6,-21,36,Normal
2026-02-17 06:37:58.891734,Seoul-17d6,28,18,Normal
2026-02-17 06:37:59.891734,Seoul-17d6,36,82,Normal
2026-02-17 06:38:00.891734,Seoul-17d6,44,95,Normal
2026-02-17 06:38:01.891734,Seoul-17d6,48,23,Normal
2026-02-17 06:38:02.891734,Seoul-17d6,-20,57,Normal
2026-02-17 06:38:03.891734,Seoul-17d6,-5,60,Normal
2026-02-17 06:38:04.891734,Seoul-17d6,-30,45,Normal
2026-02-17 06:38:05.891734,Seoul-17d6,25,77,Normal
2026-02-17 06:38:06.891734,Seoul-17d6,40,49,Normal
2026-02-17 06:38:07.891734,Seoul-17d6,-16,92,Normal
2026-02-17 06:38:08.891734,Seoul-17d6,33,22,Normal
2026-02-17 06:38:09.891734,Seoul-17d6,9,86,Normal
2026-02-17 06:38:10.891734,Seoul-17d6,24,10,Normal
2026-02-17 06:38:11.891734,Seoul-17d6,-25,21,Normal
2026-02-17 06:38:12.891734,Seoul-17d6,22,61,Normal
2026-02-17 06:38:13.891734,Seoul-17d6,4,88,Normal
2026-02-17 06:38:14.891734,Seoul-17d6,-16,53,Normal
2026-02-17 06:38:15.891734,Seoul-17d6,19,91,Normal
2026-02-17 06:38:16.891734,Seoul-17d6,33,42,Normal
2026-02-17 06:38:17.891734,Seoul-17d6,13,91,Normal
2026-02-17 06:38:18.891734,Seoul-17d6,-19,87,Normal
2026-02-17 06:38:19.891734,Seoul-17d6,32,95,Normal
2026-02-17 06:38:20.891734,Seoul-17d6,32,61,Normal
2026-02-17 06:38:21.891734,Seoul-17d6,-21,94,Normal
2026-02-17 06:38:22.891734,Seoul-17d6,-27,49,Normal
2026-02-17 06:38:23.891734,Seoul-17d6,41,70,Normal
2026-02-17 06:38:24.891734,Seoul-17d6,19,77,Normal
2026-02-17 06:38:25.891734,Seoul-17d6,-12,1,Normal
2026-02-17 06:38:26.891734,Seoul-17d6,45,18,Normal
2026-02-17 06:38:27.891734,Seoul-17d6,-23,4,Normal
2026-02-17 06:38:28.891734,Seoul-17d6,26,17,Normal
2026-02-17 06:38:29.891734,Seoul-17d6,-12,43,Normal
2026-02-17 06:38:30.891734,Seoul-17d6,-13,7,Normal
2026-02-17 06:38:31.891734,Seoul-17d6,-13,39,Normal
2026-02-17 06:38:32.891734,Seoul-17d6,-24,96,Normal
2026-02-17 06:38:33.891734,Seoul-17d6,20,63,Normal
2026-02-17 06:38:34.891734,Seoul-17d6,21,32,Normal
2026-02-17 06:38:35.891734,Seoul-17d6,-14,67,Normal
2026-02-17 06:38:36.891734,Seoul-17d6,49,11,Normal
2026-02-17 06:38:37.891734,Seoul-17d6,1,88,Normal
2026-02-17 06:38:38.891734,Seoul-17d6,20,79,Normal
2026-02-17 06:38:39.891734,Seoul-17d6,49,29,Normal
2026-02-17 06:38:40.891734,Seoul-17d6,-30,97,Normal
2026-02-17 06:38:41.891734,Seoul-17d6,21,86,Normal
2026-02-17 06:38:42.891734,Seoul-17d6,32,39,Normal
2026-02-17 06:38:43.891734,Seoul-17d6,2,34,Normal
2026-02-17 06:38:44.891734,Seoul-17d6,38,47,Normal
2026-02-17 06:38:45.891734,Seoul-17d6,-18,6,Normal
2026-02-17 06:38:46.891734,Seoul-17d6,-5,7,Normal
2026-02-17 06:38:47.891734,Seoul-17d6,-14,17,Normal
2026-02-17 06:38:48.891734,Seoul-17d6,-5,4,Normal
2026-02-17 06:38:49.891734,Seoul-17d6,10,90,Normal
2026-02-17 06:38:50.891734,Seoul-17d6,22,64,Normal
2026-02-17 06:38:51.891734,Seoul-17d6,-12,92,Normal
2026-02-17 06:38:52.891734,Seoul-17d6,28,81,Normal
2026-02-17 06:38:53.891734,Seoul-17d6,12,82,Normal
2026-02-17 06:38:54.891734,Seoul-17d6,26,23,Normal
2026-02-17 06:38:55.891734,Seoul-17d6,36,35,Normal
2026-02-17 06:38:56.891734,Seoul-17d6,-13,90,Normal
2026-02-17 06:38:57.891734,Seoul-17d6,16,58,Normal
2026-02-17 06:38:58.891734,Seoul-17d6,-27,67,Normal
2026-02-17 06:38:59.891734,Seoul-17d6,40,66,Normal
2026-02-17 06:39:00.891734,Seoul-17d6,43,94,Normal
2026-02-17 06:39:01.891734,Seoul-17d6,43,1,Normal
2026-02-17 06:39:02.891734,Seoul-17d6,25,33,Normal
2026-02-17 06:39:03.891734,Seoul-17d6,-22,88,Normal
2026-02-17 06:39:04.891734,Seoul-17d6,-10,35,Normal
2026-02-17 06:39:05.891734,Seoul-17d6,32,22,Normal
2026-02-17 06:39:06.891734,Seoul-17d6,-10,94,Normal
2026-02-17 06:39:07.891734,Seoul-17d6,-28,20,Normal
2026-02-17 06:39:08.891734,Seoul-17d6,16,93,Normal
2026-02-17 06:39:09.891734,Seoul-17d6,23,99,Normal
2026-02-17 06:39:10.891734,Seoul-17d6,-14,3,Normal
2026-02-17 06:39:11.891734,Seoul-17d6,49,10,Normal
2026-02-17 06:39:12.891734,Seoul-17d6,-3,43,Normal
2026-02-17 06:39:13.891734,Seoul-17d6,-20,2,Normal
2026-02-17 06:39:14.891734,Seoul-17d6,48,91,Normal
2026-02-17 06:39:15.891734,Seoul-17d6,44,82,Normal
2026-02-17 06:39:16.891734,Seoul-17d6,-25,67,Normal
2026-02-17 06:39:17.891734,Seoul-17d6,39,100,Normal
2026-02-17 06:39:18.891734,Seoul-17d6,11,55,Normal
2026-02-17 06:39:19.891734,Seoul-17d6,38,72,Normal
2026-02-17 06:39:20.891734,Seoul-17d6,13,88,Normal
2026-02-17 06:39:21.891734,Seoul-17d6,-13,4,Normal
2026-02-17 06:39:22.891734,Seoul-17d6,-1,54,Normal
2026-02-17 06:39:23.891734,Seoul-17d6,48,66,Normal
2026-02-17 06:39:24.891734,Seoul-17d6,-11,38,Normal
2026-02-17 06:39:25.891734,Seoul-17d6,45,34,Normal
2026-02-17 06:39:26.891734,Seoul-17d6,8,38,Normal
2026-02-17 06:39:27.891734,Seoul-17d6,8,50,Normal
2026-02-17 06:39:28.891734,Seoul-17d6,-8,92,Normal
2026-02-17 06:39:29.891734,Seoul-17d6,16,70,Normal
2026-02-17 06:39:30.891734,Seoul-17d6,-27,81,Normal
2026-02-17 06:39:31.891734,Seoul-17d6,48,13,Normal
2026-02-17 06:39:32.891734,Seoul-17d6,5,90,Normal
2026-02-17 06:39:33.891734,Seoul-17d6,-16,99,Normal
2026-02-17 06:39:34.891734,Seoul-17d6,24,66,Normal
2026-02-17 06:39:35.891734,Seoul-17d6,-3,31,Normal
2026-02-17 06:39:36.891734,Seoul-17d6,49,41,Normal
2026-02-17 06:39:37.891734,Seoul-17d6,17,12,Normal
2026-02-17 06:39:38.891734,Seoul-17d6,28,75,Normal
2026-02-17 06:39:39.891734,Seoul-17d6,42,95,Normal
2026-02-17 06:39:40.891734,Seoul-17d6,-21,61,Normal
2026-02-17 06:39:41.891734,Seoul-17d6,-19,97,Normal
2026-02-17 06:39:42.891734,Seoul-17d6,23,70,Normal
2026-02-17 06:39:43.891734,Seoul-17d6,-21,73,Normal
2026-02-17 06:39:44.891734,Seoul-17d6,8,47,Normal
2026-02-17 06:39:45.891734,Seoul-17d6,-8,95,Normal
2026-02-17 06:39:46.891734,Seoul-17d6,29,22,Normal
2026-02-17 06:39:47.891734,Seoul-17d6,9,92,Normal
2026-02-17 06:39:48.891734,Seoul-17d6,-10,11,Normal
2026-02-17 06:39:49.891734,Seoul-17d6,36,4,Normal
2026-02-17 06:39:50.891734,Seoul-17d6,-25,43,Normal
2026-02-17 06:39:51.891734,Seoul-17d6,44,60,Normal
2026-02-17 06:39:52.891734,Seoul-17d6,43,36,Normal
2026-02-17 06:39:53.891734,Seoul-17d6,37,43,Normal
2026-02-17 06:39:54.891734,Seoul-17d6,50,64,Normal
2026-02-17 06:39:55.891734,Seoul-17d6,-2,91,Normal
2026-02-17 06:39:56.891734,Seoul-17d6,-18,35,Normal
2026-02-17 06:39:57.891734,Seoul-17d6,9,63,Normal
2026-02-17 06:39:58.891734,Seoul-17d6,13,89,Normal
2026-02-17 06:39:59.891734,Seoul-17d6,-11,63,Normal
2026-02-17 06:40:00.891734,Seoul-17d6,-8,4,Normal
2026-02-17 06:40:01.891734,Seoul-17d6,45,41,Normal
2026-02-17 06:40:02.891734,Seoul-17d6,31,46,Normal
2026-02-17 06:40:03.891734,Seoul-17d6,-17,46,Normal
2026-02-17 06:40:04.891734,Seoul-17d6,48,54,Normal
2026-02-17 06:40:05.891734,Seoul-17d6,-26,4,Normal
2026-02-17 06:40:06.891734,Seoul-17d6,-2,40,Normal
2026-02-17 06:40:07.891734,Seoul-17d6,-11,57,Normal
2026-02-17 06:40:08.891734,Seoul-17d6,41,41,Normal
2026-02-17 06:40:09.891734,Seoul-17d6,14,90,Normal
2026-02-17 06:40:10.891734,Seoul-17d6,15,46,Normal
2026-02-17 06:40:11.891734,Seoul-17d6,35,16,Normal
2026-02-17 06:40:12.891734,Seoul-17d6,32,58,Normal
2026-02-17 06:40:13.891734,Seoul-17d6,-28,42,Normal
2026-02-17 06:40:14.891734,Seoul-17d6,37,42,Normal
2026-02-17 06:40:15.891734,Seoul-17d6,22,22,Normal
2026-02-17 06:40:16.891734,Seoul-17d6,6,16,Normal
2026-02-17 06:40:17.891734,Seoul-17d6,-16,28,Normal
2026-02-17 06:40:18.891734,Seoul-17d6,12,28,Normal
2026-02-17 06:40:19.891734,Seoul-17d6,-9,26,Normal
2026-02-17 06:40:20.891734,Seoul-17d6,7,93,Normal
2026-02-17 06:40:21.891734,Seoul-17d6,9,74,Normal
2026-02-17 06:40:22.891734,Seoul-17d6,-9,76,Normal
2026-02-17 06:40:23.891734,Seoul-17d6,10,91,Normal
2026-02-17 06:40:24.891734,Seoul-17d6,13,46,Normal
2026-02-17 06:40:25.891734,Seoul-17d6,-23,69,Normal
2026-02-17 06:40:26.891734,Seoul-17d6,31,14,Normal
2026-02-17 06:40:27.891734,Seoul-17d6,-14,40,Normal
2026-02-17 06:40:28.891734,Seoul-17d6,45,28,Normal
2026-02-17 06:40:29.891734,Seoul-17d6,-20,58,Normal
2026-02-17 06:40:30.891734,Seoul-17d6,-14,55,Normal
2026-02-17 06:40:31.891734,Seoul-17d6,38,56,Normal
2026-02-17 06:40:32.891734,Seoul-17d6,11,36,Normal
2026-02-17 06:40:33.891734,Seoul-17d6,-11,62,Normal
2026-02-17 06:40:34.891734,Seoul-17d6,-2,77,Normal
2026-02-17 06:40:35.891734,Seoul-17d6,-18,85,Normal
2026-02-17 06:40:36.891734,Seoul-17d6,-2,18,Normal
2026-02-17 06:40:37.891734,Seoul-17d6,-14,100,Normal
2026-02-17 06:40:38.891734,Seoul-17d6,46,53,Normal
2026-02-17 06:40:39.891734,Seoul-17d6,2,95,Normal
2026-02-17 06:40:40.891734,Seoul-17d6,11,24,Normal
2026-02-17 06:40:41.891734,Seoul-17d6,28,16,Normal
2026-02-17 06:40:42.891734,Seoul-17d6,-10,71,Normal
2026-02-17 06:40:43.891734,Seoul-17d6,46,66,Normal
2026-02-17 06:40:44.891734,Seoul-17d6,9,44,Normal
2026-02-17 06:40:45.891734,Seoul-17d6,32,25,Normal
2026-02-17 06:40:46.891734,Seoul-17d6,24,33,Normal
2026-02-17 06:40:47.891734,Seoul-17d6,-20,37,Normal
2026-02-17 06:40:48.891734,Seoul-17d6,-23,21,Normal
2026-02-17 06:40:49.891734,Seoul-17d6,19,40,Normal
2026-02-17 06:40:50.891734,Seoul-17d6,-29,40,Normal
2026-02-17 06:40:51.891734,Seoul-17d6,12,29,Normal
2026-02-17 06:40:52.891734,Seoul-17d6,19,17,Normal
2026-02-17 06:40:53.891734,Seoul-17d6,-17,62,Normal
2026-02-17 06:40:54.891734,Seoul-17d6,11,43,Normal
2026-02-17 06:40:55.891734,Seoul-17d6,12,55,Normal
2026-02-17 06:40:56.891734,Seoul-17d6,21,62,Normal
2026-02-17 06:40:57.891734,Seoul-17d6,0,90,Normal
2026-02-17 06:40:58.891734,Seoul-17d6,6,86,Normal
2026-02-17 06:40:59.891734,Seoul-17d6,30,76,Normal
2026-02-17 06:41:00.891734,Seoul-17d6,-27,62,Normal
2026-02-17 06:41:01.891734,Seoul-17d6,-17,16,Normal
2026-02-17 06:41:02.891734,Seoul-17d6,-20,28,Normal
2026-02-17 06:41:03.891734,Seoul-17d6,-28,58,Normal
2026-02-17 06:41:04.891734,Seoul-17d6,38,19,Normal
2026-02-17 06:41:05.891734,Seoul-17d6,8,18,Normal
2026-02-17 06:41:06.891734,Seoul-17d6,30,20,Normal
2026-02-17 06:41:07.891734,Seoul-17d6,-12,3,Normal
2026-02-17 06:41:08.891734,Seoul-17d6,26,66,Normal
2026-02-17 06:41:09.891734,Seoul-17d6,28,86,Normal
2026-02-17 06:41:10.891734,Seoul-17d6,24,90,Normal
2026-02-17 06:41:11.891734,Seoul-17d6,6,88,Normal
2026-02-17 06:41:12.891734,Seoul-17d6,8,84,Normal
2026-02-17 06:41:13.891734,Seoul-17d6,28,7,Normal
2026-02-17 06:41:14.891734,Seoul-17d6,37,48,Normal
2026-02-17 06:41:15.891734,Seoul-17d6,19,57,Normal
2026-02-17 06:41:16.891734,Seoul-17d6,-5,51,Normal
2026-02-17 06:41:17.891734,Seoul-17d6,24,1,Normal
2026-02-17 06:41:18.891734,Seoul-17d6,-27,59,Normal
2026-02-17 06:41:19.891734,Seoul-17d6,10,4,Normal
2026-02-17 06:41:20.891734,Seoul-17d6,15,7,Normal
2026-02-17 06:41:21.891734,Seoul-17d6,5,26,Normal
2026-02-17 06:41:22.891734,Seoul-17d6,11,63,Normal
2026-02-17 06:41:23.891734,Seoul-17d6,-22,1,Normal
2026-02-17 06:41:24.891734,Seoul-17d6,-6,32,Normal
2026-02-17 06:41:25.891734,Seoul-17d6,-26,20,Normal
2026-02-17 06:41:26.891734,Seoul-17d6,45,89,Normal
2026-02-17 06:41:27.891734,Seoul-17d6,-20,35,Normal
