timestamp,station_id,temp,humid,condition
2026-02-13 02:59:21.711661,London-8791,8,86,Normal
2026-02-13 02:59:22.711661,London-8791,11,84,Normal
2026-02-13 02:59:23.711661,London-8791,20,66,Normal
2026-02-13 02:59:24.711661,London-8791,46,40,Normal
2026-02-13 02:59:25.711661,London-8791,-30,34,Normal
2026-02-13 02:59:26.711661,London-8791,34,93,Normal
2026-02-13 02:59:27.711661,London-8791,-23,83,Normal
2026-02-13 02:59:28.711661,London-8791,-13,85,Normal
2026-02-13 02:59:29.711661,London-8791,30,18,Normal
2026-02-13 02:59:30.711661,London-8791,-6,77,Normal
2026-02-13 02:59:31.711661,London-8791,5,17,Normal
2026-02-13 02:59:32.711661,London-8791,0,17,Normal
2026-02-13 02:59:33.711661,London-8791,2,71,Normal
2026-02-13 02:59:34.711661,London-8791,39,96,Normal
2026-02-13 02:59:35.711661,London-8791,-3,47,Normal
2026-02-13 02:59:36.711661,London-8791,-2,45,Normal
2026-02-13 02:59:37.711661,London-8791,-15,79,Normal
2026-02-13 02:59:38.711661,London-8791,9,74,Normal
2026-02-13 02:59:39.711661,London-8791,-21,54,Normal
2026-02-13 02:59:40.711661,London-8791,50,94,Normal
2026-02-13 02:59:41.711661,London-8791,-15,65,Normal
2026-02-13 02:59:42.711661,London-8791,-22,9,Normal
2026-02-13 02:59:43.711661,London-8791,25,36,Normal
2026-02-13 02:59:44.711661,London-8791,3,0,Normal
2026-02-13 02:59:45.711661,London-8791,17,28,Normal
2026-02-13 02:59:46.711661,London-8791,2,34,Normal
2026-02-13 02:59:47.711661,London-8791,17,81,Normal
2026-02-13 02:59:48.711661,London-8791,-5,77,Normal
2026-02-13 02:59:49.711661,London-8791,32,14,Normal
2026-02-13 02:59:50.711661,London-8791,17,4,Normal
2026-02-13 02:59:51.711661,London-8791,28,80,Normal
2026-02-13 02:59:52.711661,London-8791,-28,72,Normal
2026-02-13 02:59:53.711661,London-8791,13,49,Normal
2026-02-13 02:59:54.711661,London-8791,29,85,Normal
2026-02-13 02:59:55.711661,London-8791,21,57,Normal
2026-02-13 02:59:56.711661,London-8791,-15,98,Normal
2026-02-13 02:59:57.711661,London-8791,-30,7,Normal
2026-02-13 02:59:58.711661,London-8791,-23,100,Normal
2026-02-13 02:59:59.711661,London-8791,22,59,Normal
2026-02-13 03:00:00.711661,London-8791,29,71,Normal
2026-02-13 03:00:01.711661,London-8791,-22,49,Normal
2026-02-13 03:00:02.711661,London-8791,-18,71,Normal
2026-02-13 03:00:03.711661,London-8791,47,83,Normal
2026-02-13 03:00:04.711661,London-8791,47,15,Normal
2026-02-13 03:00:05.711661,London-8791,-3,1,Normal
2026-02-13 03:00:06.711661,London-8791,-24,26,Normal
2026-02-13 03:00:07.711661,London-8791,-6,58,Normal
2026-02-13 03:00:08.711661,London-8791,-9,61,Normal
2026-02-13 03:00:09.711661,London-8791,11,1,Normal
2026-02-13 03:00:10.711661,London-8791,1,57,Normal
2026-02-13 03:00:11.711661,London-8791,-14,6,Normal
2026-02-13 03:00:12.711661,London-8791,12,51,Normal
2026-02-13 03:00:13.711661,London-8791,-6,3,Normal
2026-02-13 03:00:14.711661,London-8791,-8,80,Normal
2026-02-13 03:00:15.711661,London-8791,-20,52,Normal
2026-02-13 03:00:16.711661,London-8791,6,38,Normal
2026-02-13 03:00:17.711661,London-8791,23,98,Normal
2026-02-13 03:00:18.711661,London-8791,-12,84,Normal
2026-02-13 03:00:19.711661,London-8791,11,76,Normal
2026-02-13 03:00:20.711661,London-8791,27,30,Normal
2026-02-13 03:00:21.711661,London-8791,31,70,Normal
2026-02-13 03:00:22.711661,London-8791,-6,71,Normal
2026-02-13 03:00:23.711661,London-8791,23,61,Normal
2026-02-13 03:00:24.711661,London-8791,29,39,Normal
2026-02-13 03:00:25.711661,London-8791,44,34,Normal
2026-02-13 03:00:26.711661,London-8791,-8,25,Normal
2026-02-13 03:00:27.711661,London-8791,-2,11,Normal
2026-02-13 03:00:28.711661,London-8791,46,2,Normal
2026-02-13 03:00:29.711661,London-8791,48,39,Normal
2026-02-13 03:00:30.711661,London-8791,49,74,Normal
2026-02-13 03:00:31.711661,London-8791,48,98,Normal
2026-02-13 03:00:32.711661,London-8791,36,28,Normal
2026-02-13 03:00:33.711661,London-8791,22,51,Normal
2026-02-13 03:00:34.711661,London-8791,-11,27,Normal
2026-02-13 03:00:35.711661,London-8791,19,29,Normal
2026-02-13 03:00:36.711661,London-8791,-21,98,Normal
2026-02-13 03:00:37.711661,London-8791,39,12,Normal
2026-02-13 03:00:38.711661,London-8791,2,74,Normal
2026-02-13 03:00:39.711661,London-8791,11,24,Normal
2026-02-13 03:00:40.711661,London-8791,45,58,Normal
2026-02-13 03:00:41.711661,London-8791,-23,87,Normal
2026-02-13 03:00:42.711661,London-8791,-4,50,Normal
2026-02-13 03:00:43.711661,London-8791,-8,38,Normal
2026-02-13 03:00:44.711661,London-8791,32,1,Normal
2026-02-13 03:00:45.711661,London-8791,-27,34,Normal
2026-02-13 03:00:46.711661,London-8791,29,47,Normal
2026-02-13 03:00:47.711661,London-8791,-27,33,Normal
2026-02-13 03:00:48.711661,London-8791,2,23,Normal
2026-02-13 03:00:49.711661,London-8791,-29,56,Normal
2026-02-13 03:00:50.711661,London-8791,6,5,Normal
2026-02-13 03:00:51.711661,London-8791,47,97,Normal
2026-02-13 03:00:52.711661,London-8791,-11,76,Normal
2026-02-13 03:00:53.711661,London-8791,25,31,Normal
2026-02-13 03:00:54.711661,London-8791,-23,57,Normal
2026-02-13 03:00:55.711661,London-8791,34,59,Normal
2026-02-13 03:00:56.711661,London-8791,2,91,Normal
2026-02-13 03:00:57.711661,London-8791,-21,82,Normal
2026-02-13 03:00:58.711661,London-8791,-14,61,Normal
2026-02-13 03:00:59.711661,London-8791,-25,28,Normal
2026-02-13 03:01:00.711661,London-8791,36,19,Normal
2026-02-13 03:01:01.711661,London-8791,33,4,Normal
2026-02-13 03:01:02.711661,London-8791,-2,65,Normal
2026-02-13 03:01:03.711661,London-8791,29,77,Normal
2026-02-13 03:01:04.711661,London-8791,20,60,Normal
2026-02-13 03:01:05.711661,London-8791,-8,69,Normal
2026-02-13 03:01:06.711661,London-8791,16,38,Normal
2026-02-13 03:01:07.711661,London-8791,-13,40,Normal
2026-02-13 03:01:08.711661,London-8791,13,0,Normal
2026-02-13 03:01:09.711661,London-8791,-4,89,Normal
2026-02-13 03:01:10.711661,London-8791,-10,70,Normal
2026-02-13 03:01:11.711661,London-8791,-20,31,Normal
2026-02-13 03:01:12.711661,London-8791,-11,32,Normal
2026-02-13 03:01:13.711661,London-8791,19,43,Normal
2026-02-13 03:01:14.711661,London-8791,30,90,Normal
2026-02-13 03:01:15.711661,London-8791,47,17,Normal
2026-02-13 03:01:16.711661,London-8791,-4,77,Normal
2026-02-13 03:01:17.711661,London-8791,22,23,Normal
2026-02-13 03:01:18.711661,London-8791,32,3,Normal
2026-02-13 03:01:19.711661,London-8791,-15,75,Normal
2026-02-13 03:01:20.711661,London-8791,-1,43,Normal
2026-02-13 03:01:21.711661,London-8791,17,2,Normal
2026-02-13 03:01:22.711661,London-8791,-28,11,Normal
2026-02-13 03:01:23.711661,London-8791,-5,82,Normal
2026-02-13 03:01:24.711661,London-8791,-11,64,Normal
2026-02-13 03:01:25.711661,London-8791,10,65,Normal
2026-02-13 03:01:26.711661,London-8791,44,63,Normal
2026-02-13 03:01:27.711661,London-8791,-29,77,Normal
2026-02-13 03:01:28.711661,London-8791,38,16,Normal
2026-02-13 03:01:29.711661,London-8791,10,25,Normal
2026-02-13 03:01:30.711661,London-8791,11,22,Normal
2026-02-13 03:01:31.711661,London-8791,25,64,Normal
2026-02-13 03:01:32.711661,London-8791,-16,57,Normal
2026-02-13 03:01:33.711661,London-8791,-26,48,Normal
2026-02-13 03:01:34.711661,London-8791,31,76,Normal
2026-02-13 03:01:35.711661,London-8791,-6,9,Normal
2026-02-13 03:01:36.711661,London-8791,4,5,Normal
2026-02-13 03:01:37.711661,London-8791,-29,84,Normal
2026-02-13 03:01:38.711661,London-8791,46,68,Normal
2026-02-13 03:01:39.711661,London-8791,-19,78,Normal
2026-02-13 03:01:40.711661,London-8791,50,97,Normal
2026-02-13 03:01:41.711661,London-8791,-1,91,Normal
2026-02-13 03:01:42.711661,London-8791,-19,38,Normal
2026-02-13 03:01:43.711661,London-8791,-17,25,Normal
2026-02-13 03:01:44.711661,London-8791,16,76,Normal
2026-02-13 03:01:45.711661,London-8791,26,1,Normal
2026-02-13 03:01:46.711661,London-8791,-28,81,Normal
2026-02-13 03:01:47.711661,London-8791,34,31,Normal
2026-02-13 03:01:48.711661,London-8791,46,5,Normal
2026-02-13 03:01:49.711661,London-8791,39,66,Normal
2026-02-13 03:01:50.711661,London-8791,20,35,Normal
2026-02-13 03:01:51.711661,London-8791,-12,61,Normal
2026-02-13 03:01:52.711661,London-8791,47,28,Normal
2026-02-13 03:01:53.711661,London-8791,23,82,Normal
2026-02-13 03:01:54.711661,London-8791,30,9,Normal
2026-02-13 03:01:55.711661,London-8791,8,14,Normal
2026-02-13 03:01:56.711661,London-8791,15,98,Normal
2026-02-13 03:01:57.711661,London-8791,50,87,Normal
2026-02-13 03:01:58.711661,London-8791,14,49,Normal
2026-02-13 03:01:59.711661,London-8791,32,87,Normal
2026-02-13 03:02:00.711661,London-8791,28,9,Normal
2026-02-13 03:02:01.711661,London-8791,-7,29,Normal
2026-02-13 03:02:02.711661,London-8791,3,93,Normal
2026-02-13 03:02:03.711661,London-8791,-27,81,Normal
2026-02-13 03:02:04.711661,London-8791,38,81,Normal
2026-02-13 03:02:05.711661,London-8791,-10,49,Normal
2026-02-13 03:02:06.711661,London-8791,14,41,Normal
2026-02-13 03:02:07.711661,London-8791,26,53,Normal
2026-02-13 03:02:08.711661,London-8791,36,21,Normal
2026-02-13 03:02:09.711661,London-8791,19,23,Normal
2026-02-13 03:02:10.711661,London-8791,5,100,Normal
2026-02-13 03:02:11.711661,London-8791,-21,11,Normal
2026-02-13 03:02:12.711661,London-8791,-3,37,Normal
2026-02-13 03:02:13.711661,London-8791,48,66,Normal
2026-02-13 03:02:14.711661,London-8791,21,42,Normal
2026-02-13 03:02:15.711661,London-8791,-6,43,Normal
2026-02-13 03:02:16.711661,London-8791,-11,6,Normal
2026-02-13 03:02:17.711661,London-8791,-18,83,Normal
2026-02-13 03:02:18.711661,London-8791,49,48,Normal
2026-02-13 03:02:19.711661,London-8791,-1,99,Normal
2026-02-13 03:02:20.711661,London-8791,-18,1,Normal
2026-02-13 03:02:21.711661,London-8791,44,99,Normal
2026-02-13 03:02:22.711661,London-8791,-24,81,Normal
2026-02-13 03:02:23.711661,London-8791,3,76,Normal
2026-02-13 03:02:24.711661,London-8791,-20,49,Normal
2026-02-13 03:02:25.711661,London-8791,-14,70,Normal
2026-02-13 03:02:26.711661,London-8791,25,90,Normal
2026-02-13 03:02:27.711661,London-8791,48,66,Normal
2026-02-13 03:02:28.711661,London-8791,7,41,Normal
2026-02-13 03:02:29.711661,London-8791,18,14,Normal
2026-02-13 03:02:30.711661,London-8791,-15,73,Normal
2026-02-13 03:02:31.711661,London-8791,22,97,Normal
2026-02-13 03:02:32.711661,London-8791,-29,1,Normal
2026-02-13 03:02:33.711661,London-8791,-13,73,Normal
2026-02-13 03:02:34.711661,London-8791,21,8,Normal
2026-02-13 03:02:35.711661,London-8791,43,5,Normal
2026-02-13 03:02:36.711661,London-8791,-12,1,Normal
2026-02-13 03:02:37.711661,London-8791,37,4,Normal
2026-02-13 03:02:38.711661,London-8791,-28,59,Normal
2026-02-13 03:02:39.711661,London-8791,-16,72,Normal
2026-02-13 03:02:40.711661,London-8791,50,93,Normal
2026-02-13 03:02:41.711661,London-8791,25,85,Normal
2026-02-13 03:02:42.711661,London-8791,21,12,Normal
2026-02-13 03:02:43.711661,London-8791,4,100,Normal
2026-02-13 03:02:44.711661,London-8791,47,12,Normal
2026-02-13 03:02:45.711661,London-8791,-13,51,Normal
2026-02-13 03:02:46.711661,London-8791,39,18,Normal
2026-02-13 03:02:47.711661,London-8791,-29,26,Normal
2026-02-13 03:02:48.711661,London-8791,-5,69,Normal
2026-02-13 03:02:49.711661,London-8791,4,18,Normal
2026-02-13 03:02:50.711661,London-8791,46,87,Normal
2026-02-13 03:02:51.711661,London-8791,35,45,Normal
2026-02-13 03:02:52.711661,London-8791,27,0,Normal
2026-02-13 03:02:53.711661,London-8791,-10,12,Normal
2026-02-13 03:02:54.711661,London-8791,-14,15,Normal
2026-02-13 03:02:55.711661,London-8791,-1,36,Normal
2026-02-13 03:02:56.711661,London-8791,49,93,Normal
2026-02-13 03:02:57.711661,London-8791,-23,47,Normal
2026-02-13 03:02:58.711661,London-8791,25,28,Normal
2026-02-13 03:02:59.711661,London-8791,12,44,Normal
2026-02-13 03:03:00.711661,London-8791,27,24,Normal
2026-02-13 03:03:01.711661,London-8791,-6,45,Normal
2026-02-13 03:03:02.711661,London-8791,2,71,Normal
2026-02-13 03:03:03.711661,London-8791,-29,34,Normal
2026-02-13 03:03:04.711661,London-8791,14,23,Normal
2026-02-13 03:03:05.711661,London-8791,50,8,Normal
2026-02-13 03:03:06.711661,London-8791,-23,78,Normal
2026-02-13 03:03:07.711661,London-8791,-20,10,Normal
2026-02-13 03:03:08.711661,London-8791,42,81,Normal
2026-02-13 03:03:09.711661,London-8791,-7,46,Normal
2026-02-13 03:03:10.711661,London-8791,36,96,Normal
2026-02-13 03:03:11.711661,London-8791,-4,87,Normal
2026-02-13 03:03:12.711661,London-8791,6,8,Normal
2026-02-13 03:03:13.711661,London-8791,5,42,Normal
2026-02-13 03:03:14.711661,London-8791,42,98,Normal
2026-02-13 03:03:15.711661,London-8791,22,64,Normal
2026-02-13 03:03:16.711661,London-8791,26,45,Normal
2026-02-13 03:03:17.711661,London-8791,30,29,Normal
2026-02-13 03:03:18.711661,London-8791,25,10,Normal
2026-02-13 03:03:19.711661,London-8791,-11,51,Normal
2026-02-13 03:03:20.711661,London-8791,4,37,Normal
2026-02-13 03:03:21.711661,London-8791,44,41,Normal
2026-02-13 03:03:22.711661,London-8791,-30,29,Normal
2026-02-13 03:03:23.711661,London-8791,-25,47,Normal
2026-02-13 03:03:24.711661,London-8791,39,72,Normal
2026-02-13 03:03:25.711661,London-8791,35,29,Normal
2026-02-13 03:03:26.711661,London-8791,37,61,Normal
2026-02-13 03:03:27.711661,London-8791,13,91,Normal
2026-02-13 03:03:28.711661,London-8791,-22,48,Normal
2026-02-13 03:03:29.711661,London-8791,21,28,Normal
2026-02-13 03:03:30.711661,London-8791,50,8,Normal
2026-02-13 03:03:31.711661,London-8791,-21,59,Normal
2026-02-13 03:03:32.711661,London-8791,-4,16,Normal
2026-02-13 03:03:33.711661,London-8791,-23,65,Normal
2026-02-13 03:03:34.711661,London-8791,12,84,Normal
2026-02-13 03:03:35.711661,London-8791,26,43,Normal
2026-02-13 03:03:36.711661,London-8791,-25,23,Normal
2026-02-13 03:03:37.711661,London-8791,-8,58,Normal
2026-02-13 03:03:38.711661,London-8791,39,62,Normal
2026-02-13 03:03:39.711661,London-8791,17,66,Normal
2026-02-13 03:03:40.711661,London-8791,21,6,Normal
2026-02-13 03:03:41.711661,London-8791,5,42,Normal
2026-02-13 03:03:42.711661,London-8791,-17,36,Normal
2026-02-13 03:03:43.711661,London-8791,9,22,Normal
2026-02-13 03:03:44.711661,London-8791,-3,93,Normal
2026-02-13 03:03:45.711661,London-8791,44,62,Normal
2026-02-13 03:03:46.711661,London-8791,6,24,Normal
2026-02-13 03:03:47.711661,London-8791,-26,98,Normal
2026-02-13 03:03:48.711661,London-8791,34,95,Normal
2026-02-13 03:03:49.711661,London-8791,-17,36,Normal
2026-02-13 03:03:50.711661,London-8791,-29,17,Normal
2026-02-13 03:03:51.711661,London-8791,46,97,Normal
2026-02-13 03:03:52.711661,London-8791,-22,16,Normal
2026-02-13 03:03:53.711661,London-8791,37,17,Normal
2026-02-13 03:03:54.711661,London-8791,-20,34,Normal
2026-02-13 03:03:55.711661,London-8791,-23,62,Normal
2026-02-13 03:03:56.711661,London-8791,-3,32,Normal
2026-02-13 03:03:57.711661,London-8791,48,40,Normal
2026-02-13 03:03:58.711661,London-8791,45,73,Normal
2026-02-13 03:03:59.711661,London-8791,41,2,Normal
2026-02-13 03:04:00.711661,London-8791,-4,3,Normal
2026-02-13 03:04:01.711661,London-8791,39,73,Normal
2026-02-13 03:04:02.711661,London-8791,-16,25,Normal
2026-02-13 03:04:03.711661,London-8791,-3,43,Normal
2026-02-13 03:04:04.711661,London-8791,-15,68,Normal
2026-02-13 03:04:05.711661,London-8791,-2,73,Normal
2026-02-13 03:04:06.711661,London-8791,2,55,Normal
2026-02-13 03:04:07.711661,London-8791,11,14,Normal
2026-02-13 03:04:08.711661,London-8791,-24,62,Normal
2026-02-13 03:04:09.711661,London-8791,-27,98,Normal
2026-02-13 03:04:10.711661,London-8791,-20,53,Normal
2026-02-13 03:04:11.711661,London-8791,-14,53,Normal
2026-02-13 03:04:12.711661,London-8791,-1,91,Normal
2026-02-13 03:04:13.711661,London-8791,21,45,Normal
2026-02-13 03:04:14.711661,London-8791,-30,26,Normal
2026-02-13 03:04:15.711661,London-8791,-25,3,Normal
2026-02-13 03:04:16.711661,London-8791,27,22,Normal
2026-02-13 03:04:17.711661,London-8791,-26,49,Normal
2026-02-13 03:04:18.711661,London-8791,-20,66,Normal
2026-02-13 03:04:19.711661,London-8791,3,21,Normal
2026-02-13 03:04:20.711661,London-8791,25,14,Normal
2026-02-13 03:04:21.711661,London-8791,34,78,Normal
2026-02-13 03:04:22.711661,London-8791,5,21,Normal
2026-02-13 03:04:23.711661,London-8791,11,50,Normal
2026-02-13 03:04:24.711661,London-8791,12,40,Normal
2026-02-13 03:04:25.711661,London-8791,32,95,Normal
2026-02-13 03:04:26.711661,London-8791,9,38,Normal
2026-02-13 03:04:27.711661,London-8791,11,81,Normal
2026-02-13 03:04:28.711661,London-8791,-30,5,Normal
2026-02-13 03:04:29.711661,London-8791,-7,60,Normal
2026-02-13 03:04:30.711661,London-8791,24,7,Normal
2026-02-13 03:04:31.711661,London-8791,45,37,Normal
2026-02-13 03:04:32.711661,London-8791,8,88,Normal
2026-02-13 03:04:33.711661,London-8791,9,93,Normal
2026-02-13 03:04:34.711661,London-8791,-23,53,Normal
2026-02-13 03:04:35.711661,London-8791,-29,49,Normal
2026-02-13 03:04:36.711661,London-8791,50,38,Normal
2026-02-13 03:04:37.711661,London-8791,-23,5,Normal
2026-02-13 03:04:38.711661,London-8791,1,64,Normal
2026-02-13 03:04:39.711661,London-8791,-22,72,Normal
2026-02-13 03:04:40.711661,London-8791,44,42,Normal
2026-02-13 03:04:41.711661,London-8791,9,90,Normal
2026-02-13 03:04:42.711661,London-8791,8,37,Normal
2026-02-13 03:04:43.711661,London-8791,-25,66,Normal
2026-02-13 03:04:44.711661,London-8791,16,58,Normal
2026-02-13 03:04:45.711661,London-8791,41,99,Normal
2026-02-13 03:04:46.711661,London-8791,-11,96,Normal
2026-02-13 03:04:47.711661,London-8791,35,33,Normal
2026-02-13 03:04:48.711661,London-8791,-25,33,Normal
2026-02-13 03:04:49.711661,London-8791,-29,82,Normal
2026-02-13 03:04:50.711661,London-8791,43,13,Normal
2026-02-13 03:04:51.711661,London-8791,9,64,Normal
2026-02-13 03:04:52.711661,London-8791,24,49,Normal
2026-02-13 03:04:53.711661,London-8791,-25,53,Normal
2026-02-13 03:04:54.711661,London-8791,50,97,Normal
2026-02-13 03:04:55.711661,London-8791,40,38,Normal
2026-02-13 03:04:56.711661,London-8791,-17,71,Normal
2026-02-13 03:04:57.711661,London-8791,23,54,Normal
2026-02-13 03:04:58.711661,London-8791,-12,3,Normal
2026-02-13 03:04:59.711661,London-8791,12,40,Normal
2026-02-13 03:05:00.711661,London-8791,1,45,Normal
2026-02-13 03:05:01.711661,London-8791,14,22,Normal
2026-02-13 03:05:02.711661,London-8791,17,47,Normal
2026-02-13 03:05:03.711661,London-8791,33,90,Normal
2026-02-13 03:05:04.711661,London-8791,27,23,Normal
2026-02-13 03:05:05.711661,London-8791,-27,16,Normal
2026-02-13 03:05:06.711661,London-8791,-29,72,Normal
2026-02-13 03:05:07.711661,London-8791,-20,96,Normal
2026-02-13 03:05:08.711661,London-8791,5,38,Normal
2026-02-13 03:05:09.711661,London-8791,-28,3,Normal
2026-02-13 03:05:10.711661,London-8791,2,85,Normal
2026-02-13 03:05:11.711661,London-8791,12,33,Normal
2026-02-13 03:05:12.711661,London-8791,15,5,Normal
2026-02-13 03:05:13.711661,London-8791,44,17,Normal
2026-02-13 03:05:14.711661,London-8791,-14,98,Normal
2026-02-13 03:05:15.711661,London-8791,48,1,Normal
2026-02-13 03:05:16.711661,London-8791,-26,49,Normal
2026-02-13 03:05:17.711661,London-8791,6,17,Normal
2026-02-13 03:05:18.711661,London-8791,1,23,Normal
2026-02-13 03:05:19.711661,London-8791,10,75,Normal
2026-02-13 03:05:20.711661,London-8791,16,14,Normal
2026-02-13 03:05:21.711661,London-8791,28,90,Normal
2026-02-13 03:05:22.711661,London-8791,4,76,Normal
2026-02-13 03:05:23.711661,London-8791,-26,74,Normal
2026-02-13 03:05:24.711661,London-8791,-29,7,Normal
2026-02-13 03:05:25.711661,London-8791,47,25,Normal
2026-02-13 03:05:26.711661,London-8791,23,37,Normal
2026-02-13 03:05:27.711661,London-8791,43,81,Normal
2026-02-13 03:05:28.711661,London-8791,-25,62,Normal
2026-02-13 03:05:29.711661,London-8791,19,17,Normal
2026-02-13 03:05:30.711661,London-8791,17,47,Normal
2026-02-13 03:05:31.711661,London-8791,-7,9,Normal
2026-02-13 03:05:32.711661,London-8791,-8,36,Normal
2026-02-13 03:05:33.711661,London-8791,-16,55,Normal
2026-02-13 03:05:34.711661,London-8791,-4,36,Normal
2026-02-13 03:05:35.711661,London-8791,0,49,Normal
2026-02-13 03:05:36.711661,London-8791,-16,97,Normal
2026-02-13 03:05:37.711661,London-8791,-18,99,Normal
2026-02-13 03:05:38.711661,London-8791,-6,84,Normal
2026-02-13 03:05:39.711661,London-8791,29,24,Normal
2026-02-13 03:05:40.711661,London-8791,-28,85,Normal
2026-02-13 03:05:41.711661,London-8791,27,80,Normal
2026-02-13 03:05:42.711661,London-8791,32,65,Normal
2026-02-13 03:05:43.711661,London-8791,-17,15,Normal
2026-02-13 03:05:44.711661,London-8791,46,16,Normal
2026-02-13 03:05:45.711661,London-8791,2,89,Normal
2026-02-13 03:05:46.711661,London-8791,9,26,Normal
2026-02-13 03:05:47.711661,London-8791,48,21,Normal
2026-02-13 03:05:48.711661,London-8791,40,74,Normal
2026-02-13 03:05:49.711661,London-8791,22,47,Normal
2026-02-13 03:05:50.711661,London-8791,-18,50,Normal
2026-02-13 03:05:51.711661,London-8791,9,78,Normal
2026-02-13 03:05:52.711661,London-8791,-12,39,Normal
2026-02-13 03:05:53.711661,London-8791,-30,35,Normal
2026-02-13 03:05:54.711661,London-8791,47,3,Normal
2026-02-13 03:05:55.711661,London-8791,15,3,Normal
2026-02-13 03:05:56.711661,London-8791,3,49,Normal
2026-02-13 03:05:57.711661,London-8791,37,44,Normal
2026-02-13 03:05:58.711661,London-8791,35,83,Normal
2026-02-13 03:05:59.711661,London-8791,32,21,Normal
2026-02-13 03:06:00.711661,London-8791,-1,13,Normal
2026-02-13 03:06:01.711661,London-8791,-6,75,Normal
2026-02-13 03:06:02.711661,London-8791,-4,18,Normal
2026-02-13 03:06:03.711661,London-8791,30,19,Normal
2026-02-13 03:06:04.711661,London-8791,33,11,Normal
2026-02-13 03:06:05.711661,London-8791,49,88,Normal
2026-02-13 03:06:06.711661,London-8791,-23,0,Normal
2026-02-13 03:06:07.711661,London-8791,-23,4,Normal
2026-02-13 03:06:08.711661,London-8791,43,43,Normal
2026-02-13 03:06:09.711661,London-8791,18,44,Normal
2026-02-13 03:06:10.711661,London-8791,41,16,Normal
2026-02-13 03:06:11.711661,London-8791,44,53,Normal
2026-02-13 03:06:12.711661,London-8791,27,41,Normal
2026-02-13 03:06:13.711661,London-8791,-10,81,Normal
2026-02-13 03:06:14.711661,London-8791,16,43,Normal
2026-02-13 03:06:15.711661,London-8791,-16,70,Normal
2026-02-13 03:06:16.711661,London-8791,34,7,Normal
2026-02-13 03:06:17.711661,London-8791,13,9,Normal
2026-02-13 03:06:18.711661,London-8791,29,62,Normal
2026-02-13 03:06:19.711661,London-8791,30,84,Normal
2026-02-13 03:06:20.711661,London-8791,12,40,Normal
2026-02-13 03:06:21.711661,London-8791,-18,20,Normal
2026-02-13 03:06:22.711661,London-8791,22,39,Normal
2026-02-13 03:06:23.711661,London-8791,32,98,Normal
2026-02-13 03:06:24.711661,London-8791,-6,50,Normal
2026-02-13 03:06:25.711661,London-8791,19,59,Normal
2026-02-13 03:06:26.711661,London-8791,4,22,Normal
2026-02-13 03:06:27.711661,London-8791,-13,12,Normal
2026-02-13 03:06:28.711661,London-8791,-20,39,Normal
2026-02-13 03:06:29.711661,London-8791,35,73,Normal
2026-02-13 03:06:30.711661,London-8791,40,20,Normal
2026-02-13 03:06:31.711661,London-8791,-16,57,Normal
2026-02-13 03:06:32.711661,London-8791,17,50,Normal
2026-02-13 03:06:33.711661,London-8791,-28,6,Normal
2026-02-13 03:06:34.711661,London-8791,-20,71,Normal
2026-02-13 03:06:35.711661,London-8791,-19,64,Normal
2026-02-13 03:06:36.711661,London-8791,19,86,Normal
2026-02-13 03:06:37.711661,London-8791,42,91,Normal
2026-02-13 03:06:38.711661,London-8791,-30,54,Normal
2026-02-13 03:06:39.711661,London-8791,-2,32,Normal
2026-02-13 03:06:40.711661,London-8791,-20,19,Normal
2026-02-13 03:06:41.711661,London-8791,-19,51,Normal
2026-02-13 03:06:42.711661,London-8791,4,48,Normal
2026-02-13 03:06:43.711661,London-8791,-29,78,Normal
2026-02-13 03:06:44.711661,London-8791,-25,63,Normal
2026-02-13 03:06:45.711661,London-8791,2,96,Normal
2026-02-13 03:06:46.711661,London-8791,-19,34,Normal
2026-02-13 03:06:47.711661,London-8791,-12,47,Normal
2026-02-13 03:06:48.711661,London-8791,49,5,Normal
2026-02-13 03:06:49.711661,London-8791,43,48,Normal
2026-02-13 03:06:50.711661,London-8791,-6,38,Normal
2026-02-13 03:06:51.711661,London-8791,-9,43,Normal
2026-02-13 03:06:52.711661,London-8791,25,97,Normal
2026-02-13 03:06:53.711661,London-8791,33,68,Normal
2026-02-13 03:06:54.711661,London-8791,29,99,Normal
2026-02-13 03:06:55.711661,London-8791,-7,10,Normal
2026-02-13 03:06:56.711661,London-8791,-8,88,Normal
2026-02-13 03:06:57.711661,London-8791,-16,83,Normal
2026-02-13 03:06:58.711661,London-8791,-7,91,Normal
2026-02-13 03:06:59.711661,London-8791,29,94,Normal
2026-02-13 03:07:00.711661,London-8791,42,29,Normal
2026-02-13 03:07:01.711661,London-8791,7,88,Normal
2026-02-13 03:07:02.711661,London-8791,10,40,Normal
2026-02-13 03:07:03.711661,London-8791,8,1,Normal
2026-02-13 03:07:04.711661,London-8791,34,33,Normal
2026-02-13 03:07:05.711661,London-8791,22,3,Normal
2026-02-13 03:07:06.711661,London-8791,10,83,Normal
2026-02-13 03:07:07.711661,London-8791,19,100,Normal
2026-02-13 03:07:08.711661,London-8791,40,73,Normal
2026-02-13 03:07:09.711661,London-8791,50,22,Normal
2026-02-13 03:07:10.711661,London-8791,-2,75,Normal
2026-02-13 03:07:11.711661,London-8791,-15,23,Normal
2026-02-13 03:07:12.711661,London-8791,3,99,Normal
2026-02-13 03:07:13.711661,London-8791,0,10,Normal
2026-02-13 03:07:14.711661,London-8791,-19,74,Normal
2026-02-13 03:07:15.711661,London-8791,-16,46,Normal
2026-02-13 03:07:16.711661,London-8791,45,66,Normal
2026-02-13 03:07:17.711661,London-8791,50,37,Normal
2026-02-13 03:07:18.711661,London-8791,8,39,Normal
2026-02-13 03:07:19.711661,London-8791,8,35,Normal
2026-02-13 03:07:20.711661,London-8791,25,81,Normal
2026-02-13 03:07:21.711661,London-8791,-21,41,Normal
2026-02-13 03:07:22.711661,London-8791,28,90,Normal
2026-02-13 03:07:23.711661,London-8791,11,65,Normal
2026-02-13 03:07:24.711661,London-8791,46,67,Normal
2026-02-13 03:07:25.711661,London-8791,4,3,Normal
2026-02-13 03:07:26.711661,London-8791,-2,21,Normal
2026-02-13 03:07:27.711661,London-8791,-2,17,Normal
2026-02-13 03:07:28.711661,London-8791,-2,20,Normal
2026-02-13 03:07:29.711661,London-8791,15,34,Normal
2026-02-13 03:07:30.711661,London-8791,42,56,Normal
2026-02-13 03:07:31.711661,London-8791,-18,14,Normal
2026-02-13 03:07:32.711661,London-8791,-16,2,Normal
2026-02-13 03:07:33.711661,London-8791,-21,67,Normal
2026-02-13 03:07:34.711661,London-8791,3,63,Normal
2026-02-13 03:07:35.711661,London-8791,44,82,Normal
2026-02-13 03:07:36.711661,London-8791,50,24,Normal
2026-02-13 03:07:37.711661,London-8791,-1,56,Normal
2026-02-13 03:07:38.711661,London-8791,-13,45,Normal
2026-02-13 03:07:39.711661,London-8791,28,6,Normal
2026-02-13 03:07:40.711661,London-8791,26,21,Normal
2026-02-13 03:07:41.711661,London-8791,48,85,Normal
2026-02-13 03:07:42.711661,London-8791,46,30,Normal
2026-02-13 03:07:43.711661,London-8791,22,21,Normal
2026-02-13 03:07:44.711661,London-8791,-11,6,Normal
2026-02-13 03:07:45.711661,London-8791,-28,1,Normal
2026-02-13 03:07:46.711661,London-8791,-29,82,Normal
2026-02-13 03:07:47.711661,London-8791,22,95,Normal
2026-02-13 03:07:48.711661,London-8791,-6,1,Normal
2026-02-13 03:07:49.711661,London-8791,48,36,Normal
2026-02-13 03:07:50.711661,London-8791,40,21,Normal
2026-02-13 03:07:51.711661,London-8791,17,55,Normal
2026-02-13 03:07:52.711661,London-8791,11,61,Normal
2026-02-13 03:07:53.711661,London-8791,6,26,Normal
2026-02-13 03:07:54.711661,London-8791,-12,40,Normal
2026-02-13 03:07:55.711661,London-8791,-15,57,Normal
2026-02-13 03:07:56.711661,London-8791,26,76,Normal
2026-02-13 03:07:57.711661,London-8791,3,13,Normal
2026-02-13 03:07:58.711661,London-8791,-11,66,Normal
2026-02-13 03:07:59.711661,London-8791,15,66,Normal
2026-02-13 03:08:00.711661,London-8791,-11,48,Normal
2026-02-13 03:08:01.711661,London-8791,-30,37,Normal
2026-02-13 03:08:02.711661,London-8791,-28,34,Normal
2026-02-13 03:08:03.711661,London-8791,38,0,Normal
2026-02-13 03:08:04.711661,London-8791,38,31,Normal
2026-02-13 03:08:05.711661,London-8791,-13,89,Normal
2026-02-13 03:08:06.711661,London-8791,-22,88,Normal
2026-02-13 03:08:07.711661,London-8791,1,61,Normal
2026-02-13 03:08:08.711661,London-8791,42,43,Normal
2026-02-13 03:08:09.711661,London-8791,-22,79,Normal
2026-02-13 03:08:10.711661,London-8791,-28,40,Normal
2026-02-13 03:08:11.711661,London-8791,6,15,Normal
2026-02-13 03:08:12.711661,London-8791,-27,79,Normal
2026-02-13 03:08:13.711661,London-8791,44,58,Normal
2026-02-13 03:08:14.711661,London-8791,22,95,Normal
2026-02-13 03:08:15.711661,London-8791,11,58,Normal
2026-02-13 03:08:16.711661,London-8791,43,87,Normal
2026-02-13 03:08:17.711661,London-8791,11,41,Normal
2026-02-13 03:08:18.711661,London-8791,22,90,Normal
2026-02-13 03:08:19.711661,London-8791,14,45,Normal
2026-02-13 03:08:20.711661,London-8791,-6,37,Normal
2026-02-13 03:08:21.711661,London-8791,-25,79,Normal
2026-02-13 03:08:22.711661,London-8791,9,44,Normal
2026-02-13 03:08:23.711661,London-8791,50,79,Normal
2026-02-13 03:08:24.711661,London-8791,-19,41,Normal
2026-02-13 03:08:25.711661,London-8791,9,4,Normal
2026-02-13 03:08:26.711661,London-8791,28,62,Normal
2026-02-13 03:08:27.711661,London-8791,2,33,Normal
2026-02-13 03:08:28.711661,London-8791,11,66,Normal
2026-02-13 03:08:29.711661,London-8791,3,48,Normal
2026-02-13 03:08:30.711661,London-8791,24,13,Normal
2026-02-13 03:08:31.711661,London-8791,13,28,Normal
2026-02-13 03:08:32.711661,London-8791,35,90,Normal
2026-02-13 03:08:33.711661,London-8791,-3,22,Normal
2026-02-13 03:08:34.711661,London-8791,3,5,Normal
2026-02-13 03:08:35.711661,London-8791,-15,62,Normal
2026-02-13 03:08:36.711661,London-8791,3,11,Normal
2026-02-13 03:08:37.711661,London-8791,-24,51,Normal
2026-02-13 03:08:38.711661,London-8791,11,14,Normal
2026-02-13 03:08:39.711661,London-8791,-11,7,Normal
2026-02-13 03:08:40.711661,London-8791,-7,53,Normal
2026-02-13 03:08:41.711661,London-8791,24,44,Normal
2026-02-13 03:08:42.711661,London-8791,-3,28,Normal
2026-02-13 03:08:43.711661,London-8791,-3,40,Normal
2026-02-13 03:08:44.711661,London-8791,-23,36,Normal
2026-02-13 03:08:45.711661,London-8791,-28,100,Normal
2026-02-13 03:08:46.711661,London-8791,15,62,Normal
2026-02-13 03:08:47.711661,London-8791,38,61,Normal
2026-02-13 03:08:48.711661,London-8791,-21,80,Normal
2026-02-13 03:08:49.711661,London-8791,39,3,Normal
2026-02-13 03:08:50.711661,London-8791,23,5,Normal
2026-02-13 03:08:51.711661,London-8791,35,62,Normal
2026-02-13 03:08:52.711661,London-8791,-7,89,Normal
2026-02-13 03:08:53.711661,London-8791,35,68,Normal
2026-02-13 03:08:54.711661,London-8791,-4,4,Normal
2026-02-13 03:08:55.711661,London-8791,1,42,Normal
2026-02-13 03:08:56.711661,London-8791,37,89,Normal
2026-02-13 03:08:57.711661,London-8791,10,0,Normal
2026-02-13 03:08:58.711661,London-8791,3,3,Normal
2026-02-13 03:08:59.711661,London-8791,36,74,Normal
2026-02-13 03:09:00.711661,London-8791,-25,2,Normal
2026-02-13 03:09:01.711661,London-8791,2,62,Normal
2026-02-13 03:09:02.711661,London-8791,-22,66,Normal
2026-02-13 03:09:03.711661,London-8791,42,55,Normal
2026-02-13 03:09:04.711661,London-8791,1,67,Normal
2026-02-13 03:09:05.711661,London-8791,12,97,Normal
2026-02-13 03:09:06.711661,London-8791,-25,73,Normal
2026-02-13 03:09:07.711661,London-8791,49,31,Normal
2026-02-13 03:09:08.711661,London-8791,0,74,Normal
2026-02-13 03:09:09.711661,London-8791,18,36,Normal
2026-02-13 03:09:10.711661,London-8791,38,15,Normal
2026-02-13 03:09:11.711661,London-8791,5,64,Normal
2026-02-13 03:09:12.711661,London-8791,-5,27,Normal
2026-02-13 03:09:13.711661,London-8791,43,66,Normal
2026-02-13 03:09:14.711661,London-8791,-10,61,Normal
2026-02-13 03:09:15.711661,London-8791,18,4,Normal
2026-02-13 03:09:16.711661,London-8791,-16,32,Normal
2026-02-13 03:09:17.711661,London-8791,-17,10,Normal
2026-02-13 03:09:18.711661,London-8791,38,6,Normal
2026-02-13 03:09:19.711661,London-8791,14,67,Normal
2026-02-13 03:09:20.711661,London-8791,33,36,Normal
2026-02-13 03:09:21.711661,London-8791,6,8,Normal
2026-02-13 03:09:22.711661,London-8791,13,70,Normal
2026-02-13 03:09:23.711661,London-8791,9,94,Normal
2026-02-13 03:09:24.711661,London-8791,46,97,Normal
2026-02-13 03:09:25.711661,London-8791,44,81,Normal
2026-02-13 03:09:26.711661,London-8791,1,67,Normal
2026-02-13 03:09:27.711661,London-8791,33,32,Normal
2026-02-13 03:09:28.711661,London-8791,36,15,Normal
2026-02-13 03:09:29.711661,London-8791,10,34,Normal
2026-02-13 03:09:30.711661,London-8791,32,37,Normal
2026-02-13 03:09:31.711661,London-8791,-26,40,Normal
2026-02-13 03:09:32.711661,London-8791,18,80,Normal
2026-02-13 03:09:33.711661,London-8791,39,1,Normal
2026-02-13 03:09:34.711661,London-8791,-18,54,Normal
2026-02-13 03:09:35.711661,London-8791,48,23,Normal
2026-02-13 03:09:36.711661,London-8791,-27,99,Normal
2026-02-13 03:09:37.711661,London-8791,24,13,Normal
2026-02-13 03:09:38.711661,London-8791,36,3,Normal
2026-02-13 03:09:39.711661,London-8791,14,26,Normal
2026-02-13 03:09:40.711661,London-8791,30,47,Normal
2026-02-13 03:09:41.711661,London-8791,44,9,Normal
2026-02-13 03:09:42.711661,London-8791,38,40,Normal
2026-02-13 03:09:43.711661,London-8791,-1,62,Normal
2026-02-13 03:09:44.711661,London-8791,-16,25,Normal
2026-02-13 03:09:45.711661,London-8791,6,47,Normal
2026-02-13 03:09:46.711661,London-8791,0,5,Normal
2026-02-13 03:09:47.711661,London-8791,-8,1,Normal
2026-02-13 03:09:48.711661,London-8791,46,14,Normal
2026-02-13 03:09:49.711661,London-8791,11,58,Normal
2026-02-13 03:09:50.711661,London-8791,-24,9,Normal
2026-02-13 03:09:51.711661,London-8791,-5,96,Normal
2026-02-13 03:09:52.711661,London-8791,10,83,Normal
2026-02-13 03:09:53.711661,London-8791,-18,77,Normal
2026-02-13 03:09:54.711661,London-8791,7,73,Normal
2026-02-13 03:09:55.711661,London-8791,-7,10,Normal
2026-02-13 03:09:56.711661,London-8791,-5,83,Normal
2026-02-13 03:09:57.711661,London-8791,4,19,Normal
2026-02-13 03:09:58.711661,London-8791,41,65,Normal
2026-02-13 03:09:59.711661,London-8791,-2,11,Normal
2026-02-13 03:10:00.711661,London-8791,2,17,Normal
2026-02-13 03:10:01.711661,London-8791,-14,92,Normal
2026-02-13 03:10:02.711661,London-8791,-21,58,Normal
2026-02-13 03:10:03.711661,London-8791,-10,32,Normal
2026-02-13 03:10:04.711661,London-8791,-5,27,Normal
2026-02-13 03:10:05.711661,London-8791,33,80,Normal
2026-02-13 03:10:06.711661,London-8791,31,13,Normal
2026-02-13 03:10:07.711661,London-8791,18,49,Normal
2026-02-13 03:10:08.711661,London-8791,45,36,Normal
2026-02-13 03:10:09.711661,London-8791,-4,11,Normal
2026-02-13 03:10:10.711661,London-8791,-8,12,Normal
2026-02-13 03:10:11.711661,London-8791,33,9,Normal
2026-02-13 03:10:12.711661,London-8791,13,59,Normal
2026-02-13 03:10:13.711661,London-8791,-24,6,Normal
2026-02-13 03:10:14.711661,London-8791,-10,78,Normal
2026-02-13 03:10:15.711661,London-8791,22,85,Normal
2026-02-13 03:10:16.711661,London-8791,-29,7,Normal
2026-02-13 03:10:17.711661,London-8791,-17,6,Normal
2026-02-13 03:10:18.711661,London-8791,50,77,Normal
2026-02-13 03:10:19.711661,London-8791,-7,95,Normal
2026-02-13 03:10:20.711661,London-8791,3,51,Normal
2026-02-13 03:10:21.711661,London-8791,8,76,Normal
2026-02-13 03:10:22.711661,London-8791,20,43,Normal
2026-02-13 03:10:23.711661,London-8791,-10,44,Normal
2026-02-13 03:10:24.711661,London-8791,-24,40,Normal
2026-02-13 03:10:25.711661,London-8791,26,87,Normal
2026-02-13 03:10:26.711661,London-8791,-9,45,Normal
2026-02-13 03:10:27.711661,London-8791,-5,15,Normal
2026-02-13 03:10:28.711661,London-8791,39,83,Normal
2026-02-13 03:10:29.711661,London-8791,-26,77,Normal
2026-02-13 03:10:30.711661,London-8791,17,38,Normal
2026-02-13 03:10:31.711661,London-8791,-20,16,Normal
2026-02-13 03:10:32.711661,London-8791,15,20,Normal
2026-02-13 03:10:33.711661,London-8791,49,9,Normal
2026-02-13 03:10:34.711661,London-8791,28,5,Normal
2026-02-13 03:10:35.711661,London-8791,45,73,Normal
2026-02-13 03:10:36.711661,London-8791,45,30,Normal
2026-02-13 03:10:37.711661,London-8791,-7,3,Normal
2026-02-13 03:10:38.711661,London-8791,7,13,Normal
2026-02-13 03:10:39.711661,London-8791,-29,34,Normal
2026-02-13 03:10:40.711661,London-8791,12,70,Normal
2026-02-13 03:10:41.711661,London-8791,1,82,Normal
2026-02-13 03:10:42.711661,London-8791,15,55,Normal
2026-02-13 03:10:43.711661,London-8791,4,2,Normal
2026-02-13 03:10:44.711661,London-8791,20,91,Normal
2026-02-13 03:10:45.711661,London-8791,10,60,Normal
2026-02-13 03:10:46.711661,London-8791,-11,30,Normal
2026-02-13 03:10:47.711661,London-8791,-24,18,Normal
2026-02-13 03:10:48.711661,London-8791,38,80,Normal
2026-02-13 03:10:49.711661,London-8791,-12,89,Normal
2026-02-13 03:10:50.711661,London-8791,-30,16,Normal
2026-02-13 03:10:51.711661,London-8791,35,80,Normal
2026-02-13 03:10:52.711661,London-8791,39,13,Normal
2026-02-13 03:10:53.711661,London-8791,0,43,Normal
2026-02-13 03:10:54.711661,London-8791,31,83,Normal
2026-02-13 03:10:55.711661,London-8791,2,69,Normal
2026-02-13 03:10:56.711661,London-8791,35,43,Normal
2026-02-13 03:10:57.711661,London-8791,32,7,Normal
2026-02-13 03:10:58.711661,London-8791,33,51,Normal
2026-02-13 03:10:59.711661,London-8791,37,10,Normal
2026-02-13 03:11:00.711661,London-8791,-29,71,Normal
2026-02-13 03:11:01.711661,London-8791,-5,38,Normal
2026-02-13 03:11:02.711661,London-8791,14,47,Normal
2026-02-13 03:11:03.711661,London-8791,2,27,Normal
2026-02-13 03:11:04.711661,London-8791,15,90,Normal
2026-02-13 03:11:05.711661,London-8791,-7,51,Normal
2026-02-13 03:11:06.711661,London-8791,-6,52,Normal
2026-02-13 03:11:07.711661,London-8791,-27,1,Normal
2026-02-13 03:11:08.711661,London-8791,21,37,Normal
2026-02-13 03:11:09.711661,London-8791,-25,60,Normal
2026-02-13 03:11:10.711661,London-8791,4,94,Normal
2026-02-13 03:11:11.711661,London-8791,37,63,Normal
2026-02-13 03:11:12.711661,London-8791,43,40,Normal
2026-02-13 03:11:13.711661,London-8791,19,21,Normal
2026-02-13 03:11:14.711661,London-8791,-30,32,Normal
2026-02-13 03:11:15.711661,London-8791,40,44,Normal
2026-02-13 03:11:16.711661,London-8791,-19,90,Normal
2026-02-13 03:11:17.711661,London-8791,31,38,Normal
2026-02-13 03:11:18.711661,London-8791,40,84,Normal
2026-02-13 03:11:19.711661,London-8791,38,85,Normal
2026-02-13 03:11:20.711661,London-8791,48,93,Normal
2026-02-13 03:11:21.711661,London-8791,-30,28,Normal
2026-02-13 03:11:22.711661,London-8791,41,54,Normal
2026-02-13 03:11:23.711661,London-8791,-15,72,Normal
2026-02-13 03:11:24.711661,London-8791,-10,13,Normal
2026-02-13 03:11:25.711661,London-8791,-18,18,Normal
2026-02-13 03:11:26.711661,London-8791,26,40,Normal
2026-02-13 03:11:27.711661,London-8791,33,85,Normal
2026-02-13 03:11:28.711661,London-8791,16,39,Normal
2026-02-13 03:11:29.711661,London-8791,22,43,Normal
2026-02-13 03:11:30.711661,London-8791,34,97,Normal
2026-02-13 03:11:31.711661,London-8791,36,74,Normal
2026-02-13 03:11:32.711661,London-8791,19,51,Normal
2026-02-13 03:11:33.711661,London-8791,-6,34,Normal
2026-02-13 03:11:34.711661,London-8791,-20,61,Normal
2026-02-13 03:11:35.711661,London-8791,34,51,Normal
2026-02-13 03:11:36.711661,London-8791,47,66,Normal
2026-02-13 03:11:37.711661,London-8791,21,98,Normal
2026-02-13 03:11:38.711661,London-8791,-23,50,Normal
2026-02-13 03:11:39.711661,London-8791,37,62,Normal
2026-02-13 03:11:40.711661,London-8791,-23,10,Normal
2026-02-13 03:11:41.711661,London-8791,5,35,Normal
2026-02-13 03:11:42.711661,London-8791,8,57,Normal
2026-02-13 03:11:43.711661,London-8791,14,64,Normal
2026-02-13 03:11:44.711661,London-8791,20,52,Normal
2026-02-13 03:11:45.711661,London-8791,48,73,Normal
2026-02-13 03:11:46.711661,London-8791,-4,64,Normal
2026-02-13 03:11:47.711661,London-8791,26,3,Normal
2026-02-13 03:11:48.711661,London-8791,5,80,Normal
2026-02-13 03:11:49.711661,London-8791,29,68,Normal
2026-02-13 03:11:50.711661,London-8791,12,15,Normal
2026-02-13 03:11:51.711661,London-8791,35,52,Normal
2026-02-13 03:11:52.711661,London-8791,44,17,Normal
2026-02-13 03:11:53.711661,London-8791,15,31,Normal
2026-02-13 03:11:54.711661,London-8791,2,65,Normal
2026-02-13 03:11:55.711661,London-8791,32,12,Normal
2026-02-13 03:11:56.711661,London-8791,0,67,Normal
2026-02-13 03:11:57.711661,London-8791,17,79,Normal
2026-02-13 03:11:58.711661,London-8791,1,55,Normal
2026-02-13 03:11:59.711661,London-8791,-26,12,Normal
2026-02-13 03:12:00.711661,London-8791,-3,82,Normal
2026-02-13 03:12:01.711661,London-8791,40,67,Normal
2026-02-13 03:12:02.711661,London-8791,39,19,Normal
2026-02-13 03:12:03.711661,London-8791,-18,65,Normal
2026-02-13 03:12:04.711661,London-8791,40,47,Normal
2026-02-13 03:12:05.711661,London-8791,-14,45,Normal
2026-02-13 03:12:06.711661,London-8791,-7,64,Normal
2026-02-13 03:12:07.711661,London-8791,-23,8,Normal
2026-02-13 03:12:08.711661,London-8791,17,12,Normal
2026-02-13 03:12:09.711661,London-8791,-28,23,Normal
2026-02-13 03:12:10.711661,London-8791,37,26,Normal
2026-02-13 03:12:11.711661,London-8791,39,28,Normal
2026-02-13 03:12:12.711661,London-8791,7,56,Normal
2026-02-13 03:12:13.711661,London-8791,-15,77,Normal
2026-02-13 03:12:14.711661,London-8791,32,89,Normal
2026-02-13 03:12:15.711661,London-8791,12,93,Normal
2026-02-13 03:12:16.711661,London-8791,-9,98,Normal
2026-02-13 03:12:17.711661,London-8791,-17,18,Normal
2026-02-13 03:12:18.711661,London-8791,8,26,Normal
2026-02-13 03:12:19.711661,London-8791,-15,95,Normal
2026-02-13 03:12:20.711661,London-8791,1,19,Normal
2026-02-13 03:12:21.711661,London-8791,-6,35,Normal
2026-02-13 03:12:22.711661,London-8791,-13,4,Normal
2026-02-13 03:12:23.711661,London-8791,19,88,Normal
2026-02-13 03:12:24.711661,London-8791,48,82,Normal
2026-02-13 03:12:25.711661,London-8791,7,68,Normal
2026-02-13 03:12:26.711661,London-8791,-23,30,Normal
2026-02-13 03:12:27.711661,London-8791,32,30,Normal
2026-02-13 03:12:28.711661,London-8791,35,14,Normal
2026-02-13 03:12:29.711661,London-8791,29,75,Normal
2026-02-13 03:12:30.711661,London-8791,32,96,Normal
2026-02-13 03:12:31.711661,London-8791,6,60,Normal
2026-02-13 03:12:32.711661,London-8791,-27,7,Normal
2026-02-13 03:12:33.711661,London-8791,-1,68,Normal
2026-02-13 03:12:34.711661,London-8791,50,54,Normal
2026-02-13 03:12:35.711661,London-8791,15,12,Normal
2026-02-13 03:12:36.711661,London-8791,-16,95,Normal
2026-02-13 03:12:37.711661,London-8791,30,49,Normal
2026-02-13 03:12:38.711661,London-8791,-26,45,Normal
2026-02-13 03:12:39.711661,London-8791,46,21,Normal
2026-02-13 03:12:40.711661,London-8791,-17,26,Normal
2026-02-13 03:12:41.711661,London-8791,-7,57,Normal
2026-02-13 03:12:42.711661,London-8791,29,37,Normal
2026-02-13 03:12:43.711661,London-8791,-2,76,Normal
2026-02-13 03:12:44.711661,London-8791,-22,87,Normal
2026-02-13 03:12:45.711661,London-8791,46,48,Normal
2026-02-13 03:12:46.711661,London-8791,1,10,Normal
2026-02-13 03:12:47.711661,London-8791,-6,32,Normal
2026-02-13 03:12:48.711661,London-8791,45,64,Normal
2026-02-13 03:12:49.711661,London-8791,-2,29,Normal
2026-02-13 03:12:50.711661,London-8791,-29,5,Normal
2026-02-13 03:12:51.711661,London-8791,-4,84,Normal
2026-02-13 03:12:52.711661,London-8791,4,26,Normal
2026-02-13 03:12:53.711661,London-8791,4,46,Normal
2026-02-13 03:12:54.711661,London-8791,12,91,Normal
2026-02-13 03:12:55.711661,London-8791,-6,43,Normal
2026-02-13 03:12:56.711661,London-8791,-17,81,Normal
2026-02-13 03:12:57.711661,London-8791,-14,50,Normal
2026-02-13 03:12:58.711661,London-8791,27,36,Normal
2026-02-13 03:12:59.711661,London-8791,50,17,Normal
2026-02-13 03:13:00.711661,London-8791,-25,5,Normal
2026-02-13 03:13:01.711661,London-8791,13,10,Normal
2026-02-13 03:13:02.711661,London-8791,37,49,Normal
2026-02-13 03:13:03.711661,London-8791,-18,67,Normal
2026-02-13 03:13:04.711661,London-8791,-26,3,Normal
2026-02-13 03:13:05.711661,London-8791,8,62,Normal
2026-02-13 03:13:06.711661,London-8791,29,5,Normal
2026-02-13 03:13:07.711661,London-8791,20,65,Normal
2026-02-13 03:13:08.711661,London-8791,7,73,Normal
2026-02-13 03:13:09.711661,London-8791,36,74,Normal
2026-02-13 03:13:10.711661,London-8791,25,28,Normal
2026-02-13 03:13:11.711661,London-8791,6,27,Normal
2026-02-13 03:13:12.711661,London-8791,-29,82,Normal
2026-02-13 03:13:13.711661,London-8791,28,95,Normal
2026-02-13 03:13:14.711661,London-8791,38,100,Normal
2026-02-13 03:13:15.711661,London-8791,47,10,Normal
2026-02-13 03:13:16.711661,London-8791,2,27,Normal
2026-02-13 03:13:17.711661,London-8791,-21,66,Normal
2026-02-13 03:13:18.711661,London-8791,20,62,Normal
2026-02-13 03:13:19.711661,London-8791,-12,46,Normal
2026-02-13 03:13:20.711661,London-8791,42,74,Normal
2026-02-13 03:13:21.711661,London-8791,39,31,Normal
2026-02-13 03:13:22.711661,London-8791,5,78,Normal
2026-02-13 03:13:23.711661,London-8791,-28,71,Normal
2026-02-13 03:13:24.711661,London-8791,43,25,Normal
2026-02-13 03:13:25.711661,London-8791,-8,90,Normal
2026-02-13 03:13:26.711661,London-8791,15,75,Normal
2026-02-13 03:13:27.711661,London-8791,23,39,Normal
2026-02-13 03:13:28.711661,London-8791,34,28,Normal
2026-02-13 03:13:29.711661,London-8791,-17,90,Normal
2026-02-13 03:13:30.711661,London-8791,20,98,Normal
2026-02-13 03:13:31.711661,London-8791,3,44,Normal
2026-02-13 03:13:32.711661,London-8791,19,75,Normal
2026-02-13 03:13:33.711661,London-8791,-30,89,Normal
2026-02-13 03:13:34.711661,London-8791,31,54,Normal
2026-02-13 03:13:35.711661,London-8791,45,25,Normal
2026-02-13 03:13:36.711661,London-8791,21,4,Normal
2026-02-13 03:13:37.711661,London-8791,41,29,Normal
2026-02-13 03:13:38.711661,London-8791,-24,40,Normal
2026-02-13 03:13:39.711661,London-8791,30,4,Normal
2026-02-13 03:13:40.711661,London-8791,34,66,Normal
2026-02-13 03:13:41.711661,London-8791,30,30,Normal
2026-02-13 03:13:42.711661,London-8791,-23,18,Normal
2026-02-13 03:13:43.711661,London-8791,42,81,Normal
2026-02-13 03:13:44.711661,London-8791,-27,65,Normal
2026-02-13 03:13:45.711661,London-8791,-29,24,Normal
2026-02-13 03:13:46.711661,London-8791,-27,65,Normal
2026-02-13 03:13:47.711661,London-8791,5,99,Normal
2026-02-13 03:13:48.711661,London-8791,10,35,Normal
2026-02-13 03:13:49.711661,London-8791,-29,38,Normal
2026-02-13 03:13:50.711661,London-8791,-11,56,Normal
2026-02-13 03:13:51.711661,London-8791,-6,91,Normal
2026-02-13 03:13:52.711661,London-8791,26,6,Normal
2026-02-13 03:13:53.711661,London-8791,44,70,Normal
2026-02-13 03:13:54.711661,London-8791,-10,54,Normal
2026-02-13 03:13:55.711661,London-8791,-20,54,Normal
2026-02-13 03:13:56.711661,London-8791,-6,22,Normal
2026-02-13 03:13:57.711661,London-8791,9,52,Normal
2026-02-13 03:13:58.711661,London-8791,-15,11,Normal
2026-02-13 03:13:59.711661,London-8791,-15,26,Normal
2026-02-13 03:14:00.711661,London-8791,6,78,Normal
2026-02-13 03:14:01.711661,London-8791,-20,23,Normal
2026-02-13 03:14:02.711661,London-8791,-1,24,Normal
2026-02-13 03:14:03.711661,London-8791,-9,87,Normal
2026-02-13 03:14:04.711661,London-8791,19,100,Normal
2026-02-13 03:14:05.711661,London-8791,-14,41,Normal
2026-02-13 03:14:06.711661,London-8791,3,13,Normal
2026-02-13 03:14:07.711661,London-8791,11,94,Normal
2026-02-13 03:14:08.711661,London-8791,-23,3,Normal
2026-02-13 03:14:09.711661,London-8791,33,17,Normal
2026-02-13 03:14:10.711661,London-8791,3,13,Normal
2026-02-13 03:14:11.711661,London-8791,28,77,Normal
2026-02-13 03:14:12.711661,London-8791,-29,57,Normal
2026-02-13 03:14:13.711661,London-8791,18,42,Normal
2026-02-13 03:14:14.711661,London-8791,37,26,Normal
2026-02-13 03:14:15.711661,London-8791,-13,26,Normal
2026-02-13 03:14:16.711661,London-8791,5,87,Normal
2026-02-13 03:14:17.711661,London-8791,25,23,Normal
2026-02-13 03:14:18.711661,London-8791,50,85,Normal
2026-02-13 03:14:19.711661,London-8791,-23,65,Normal
2026-02-13 03:14:20.711661,London-8791,31,6,Normal
2026-02-13 03:14:21.711661,London-8791,18,80,Normal
2026-02-13 03:14:22.711661,London-8791,-11,5,Normal
2026-02-13 03:14:23.711661,London-8791,-4,85,Normal
2026-02-13 03:14:24.711661,London-8791,-11,35,Normal
2026-02-13 03:14:25.711661,London-8791,21,73,Normal
2026-02-13 03:14:26.711661,London-8791,38,43,Normal
2026-02-13 03:14:27.711661,London-8791,31,35,Normal
2026-02-13 03:14:28.711661,London-8791,22,95,Normal
2026-02-13 03:14:29.711661,London-8791,20,14,Normal
2026-02-13 03:14:30.711661,London-8791,-10,94,Normal
2026-02-13 03:14:31.711661,London-8791,25,52,Normal
2026-02-13 03:14:32.711661,London-8791,1,33,Normal
2026-02-13 03:14:33.711661,London-8791,36,57,Normal
2026-02-13 03:14:34.711661,London-8791,31,44,Normal
2026-02-13 03:14:35.711661,London-8791,2,67,Normal
2026-02-13 03:14:36.711661,London-8791,31,65,Normal
2026-02-13 03:14:37.711661,London-8791,2,60,Normal
2026-02-13 03:14:38.711661,London-8791,40,90,Normal
2026-02-13 03:14:39.711661,London-8791,49,36,Normal
2026-02-13 03:14:40.711661,London-8791,17,39,Normal
2026-02-13 03:14:41.711661,London-8791,15,71,Normal
2026-02-13 03:14:42.711661,London-8791,-3,82,Normal
2026-02-13 03:14:43.711661,London-8791,20,3,Normal
2026-02-13 03:14:44.711661,London-8791,-11,25,Normal
2026-02-13 03:14:45.711661,London-8791,-18,42,Normal
2026-02-13 03:14:46.711661,London-8791,31,28,Normal
2026-02-13 03:14:47.711661,London-8791,8,92,Normal
2026-02-13 03:14:48.711661,London-8791,-15,39,Normal
2026-02-13 03:14:49.711661,London-8791,13,29,Normal
2026-02-13 03:14:50.711661,London-8791,22,94,Normal
2026-02-13 03:14:51.711661,London-8791,-2,95,Normal
2026-02-13 03:14:52.711661,London-8791,-16,79,Normal
2026-02-13 03:14:53.711661,London-8791,-7,18,Normal
2026-02-13 03:14:54.711661,London-8791,-12,2,Normal
2026-02-13 03:14:55.711661,London-8791,13,48,Normal
2026-02-13 03:14:56.711661,London-8791,-29,17,Normal
2026-02-13 03:14:57.711661,London-8791,-6,80,Normal
2026-02-13 03:14:58.711661,London-8791,14,19,Normal
2026-02-13 03:14:59.711661,London-8791,-1,74,Normal
2026-02-13 03:15:00.711661,London-8791,22,12,Normal
2026-02-13 03:15:01.711661,London-8791,19,36,Normal
2026-02-13 03:15:02.711661,London-8791,8,3,Normal
2026-02-13 03:15:03.711661,London-8791,-9,81,Normal
2026-02-13 03:15:04.711661,London-8791,-24,25,Normal
2026-02-13 03:15:05.711661,London-8791,-30,39,Normal
2026-02-13 03:15:06.711661,London-8791,32,42,Normal
2026-02-13 03:15:07.711661,London-8791,32,31,Normal
2026-02-13 03:15:08.711661,London-8791,2,64,Normal
2026-02-13 03:15:09.711661,London-8791,-10,30,Normal
2026-02-13 03:15:10.711661,London-8791,11,25,Normal
2026-02-13 03:15:11.711661,London-8791,34,26,Normal
2026-02-13 03:15:12.711661,London-8791,29,1,Normal
2026-02-13 03:15:13.711661,London-8791,21,28,Normal
2026-02-13 03:15:14.711661,London-8791,-4,82,Normal
2026-02-13 03:15:15.711661,London-8791,-13,34,Normal
2026-02-13 03:15:16.711661,London-8791,36,75,Normal
2026-02-13 03:15:17.711661,London-8791,39,61,Normal
2026-02-13 03:15:18.711661,London-8791,43,1,Normal
2026-02-13 03:15:19.711661,London-8791,22,95,Normal
2026-02-13 03:15:20.711661,London-8791,-4,65,Normal
2026-02-13 03:15:21.711661,London-8791,18,76,Normal
2026-02-13 03:15:22.711661,London-8791,-17,16,Normal
2026-02-13 03:15:23.711661,London-8791,10,73,Normal
2026-02-13 03:15:24.711661,London-8791,36,68,Normal
2026-02-13 03:15:25.711661,London-8791,48,24,Normal
2026-02-13 03:15:26.711661,London-8791,28,36,Normal
2026-02-13 03:15:27.711661,London-8791,28,58,Normal
2026-02-13 03:15:28.711661,London-8791,24,29,Normal
2026-02-13 03:15:29.711661,London-8791,13,97,Normal
2026-02-13 03:15:30.711661,London-8791,-28,53,Normal
2026-02-13 03:15:31.711661,London-8791,31,53,Normal
2026-02-13 03:15:32.711661,London-8791,47,68,Normal
2026-02-13 03:15:33.711661,London-8791,-5,40,Normal
2026-02-13 03:15:34.711661,London-8791,-27,18,Normal
2026-02-13 03:15:35.711661,London-8791,39,61,Normal
2026-02-13 03:15:36.711661,London-8791,27,61,Normal
2026-02-13 03:15:37.711661,London-8791,10,57,Normal
2026-02-13 03:15:38.711661,London-8791,-6,67,Normal
2026-02-13 03:15:39.711661,London-8791,23,5,Normal
2026-02-13 03:15:40.711661,London-8791,36,77,Normal
2026-02-13 03:15:41.711661,London-8791,-7,17,Normal
2026-02-13 03:15:42.711661,London-8791,-30,25,Normal
2026-02-13 03:15:43.711661,London-8791,16,41,Normal
2026-02-13 03:15:44.711661,London-8791,-11,69,Normal
2026-02-13 03:15:45.711661,London-8791,-7,75,Normal
2026-02-13 03:15:46.711661,London-8791,9,49,Normal
2026-02-13 03:15:47.711661,London-8791,41,44,Normal
2026-02-13 03:15:48.711661,London-8791,-14,64,Normal
2026-02-13 03:15:49.711661,London-8791,40,56,Normal
2026-02-13 03:15:50.711661,London-8791,19,31,Normal
2026-02-13 03:15:51.711661,London-8791,25,50,Normal
2026-02-13 03:15:52.711661,London-8791,-5,16,Normal
2026-02-13 03:15:53.711661,London-8791,4,46,Normal
2026-02-13 03:15:54.711661,London-8791,-28,16,Normal
2026-02-13 03:15:55.711661,London-8791,-12,87,Normal
2026-02-13 03:15:56.711661,London-8791,-18,78,Normal
2026-02-13 03:15:57.711661,London-8791,-13,37,Normal
2026-02-13 03:15:58.711661,London-8791,40,8,Normal
2026-02-13 03:15:59.711661,London-8791,-21,47,Normal
2026-02-13 03:16:00.711661,London-8791,13,9,Normal
2026-02-13 03:16:01.711661,London-8791,-23,2,Normal
2026-02-13 03:16:02.711661,London-8791,44,35,Normal
2026-02-13 03:16:03.711661,London-8791,-14,12,Normal
2026-02-13 03:16:04.711661,London-8791,37,26,Normal
2026-02-13 03:16:05.711661,London-8791,40,39,Normal
2026-02-13 03:16:06.711661,London-8791,39,28,Normal
2026-02-13 03:16:07.711661,London-8791,47,75,Normal
2026-02-13 03:16:08.711661,London-8791,49,12,Normal
2026-02-13 03:16:09.711661,London-8791,14,14,Normal
2026-02-13 03:16:10.711661,London-8791,-18,62,Normal
2026-02-13 03:16:11.711661,London-8791,18,67,Normal
2026-02-13 03:16:12.711661,London-8791,42,36,Normal
2026-02-13 03:16:13.711661,London-8791,-4,52,Normal
2026-02-13 03:16:14.711661,London-8791,28,77,Normal
2026-02-13 03:16:15.711661,London-8791,27,19,Normal
2026-02-13 03:16:16.711661,London-8791,-12,53,Normal
2026-02-13 03:16:17.711661,London-8791,1,7,Normal
2026-02-13 03:16:18.711661,London-8791,18,20,Normal
2026-02-13 03:16:19.711661,London-8791,-14,59,Normal
2026-02-13 03:16:20.711661,London-8791,7,90,Normal
2026-02-13 03:16:21.711661,London-8791,31,19,Normal
2026-02-13 03:16:22.711661,London-8791,11,55,Normal
2026-02-13 03:16:23.711661,London-8791,-26,59,Normal
2026-02-13 03:16:24.711661,London-8791,37,29,Normal
2026-02-13 03:16:25.711661,London-8791,13,48,Normal
2026-02-13 03:16:26.711661,London-8791,50,71,Normal
2026-02-13 03:16:27.711661,London-8791,35,15,Normal
2026-02-13 03:16:28.711661,London-8791,1,83,Normal
2026-02-13 03:16:29.711661,London-8791,-24,30,Normal
2026-02-13 03:16:30.711661,London-8791,40,45,Normal
2026-02-13 03:16:31.711661,London-8791,32,26,Normal
2026-02-13 03:16:32.711661,London-8791,-6,58,Normal
2026-02-13 03:16:33.711661,London-8791,34,51,Normal
2026-02-13 03:16:34.711661,London-8791,16,23,Normal
2026-02-13 03:16:35.711661,London-8791,48,47,Normal
2026-02-13 03:16:36.711661,London-8791,15,91,Normal
2026-02-13 03:16:37.711661,London-8791,23,0,Normal
2026-02-13 03:16:38.711661,London-8791,33,12,Normal
2026-02-13 03:16:39.711661,London-8791,16,71,Normal
2026-02-13 03:16:40.711661,London-8791,42,64,Normal
2026-02-13 03:16:41.711661,London-8791,26,87,Normal
2026-02-13 03:16:42.711661,London-8791,-2,70,Normal
2026-02-13 03:16:43.711661,London-8791,-2,8,Normal
2026-02-13 03:16:44.711661,London-8791,-2,16,Normal
2026-02-13 03:16:45.711661,London-8791,-27,8,Normal
2026-02-13 03:16:46.711661,London-8791,-14,75,Normal
2026-02-13 03:16:47.711661,London-8791,8,9,Normal
2026-02-13 03:16:48.711661,London-8791,-22,48,Normal
2026-02-13 03:16:49.711661,London-8791,16,17,Normal
2026-02-13 03:16:50.711661,London-8791,5,33,Normal
2026-02-13 03:16:51.711661,London-8791,33,84,Normal
2026-02-13 03:16:52.711661,London-8791,34,58,Normal
2026-02-13 03:16:53.711661,London-8791,10,53,Normal
2026-02-13 03:16:54.711661,London-8791,20,72,Normal
2026-02-13 03:16:55.711661,London-8791,26,28,Normal
2026-02-13 03:16:56.711661,London-8791,35,35,Normal
2026-02-13 03:16:57.711661,London-8791,-24,38,Normal
2026-02-13 03:16:58.711661,London-8791,-4,81,Normal
2026-02-13 03:16:59.711661,London-8791,4,82,Normal
2026-02-13 03:17:00.711661,London-8791,-26,83,Normal
2026-02-13 03:17:01.711661,London-8791,-23,73,Normal
2026-02-13 03:17:02.711661,London-8791,31,96,Normal
2026-02-13 03:17:03.711661,London-8791,25,4,Normal
2026-02-13 03:17:04.711661,London-8791,41,90,Normal
2026-02-13 03:17:05.711661,London-8791,3,25,Normal
2026-02-13 03:17:06.711661,London-8791,13,95,Normal
2026-02-13 03:17:07.711661,London-8791,39,41,Normal
2026-02-13 03:17:08.711661,London-8791,12,4,Normal
2026-02-13 03:17:09.711661,London-8791,-30,90,Normal
2026-02-13 03:17:10.711661,London-8791,31,91,Normal
2026-02-13 03:17:11.711661,London-8791,-20,86,Normal
2026-02-13 03:17:12.711661,London-8791,0,36,Normal
2026-02-13 03:17:13.711661,London-8791,23,8,Normal
2026-02-13 03:17:14.711661,London-8791,15,93,Normal
2026-02-13 03:17:15.711661,London-8791,-11,60,Normal
2026-02-13 03:17:16.711661,London-8791,10,8,Normal
2026-02-13 03:17:17.711661,London-8791,-6,75,Normal
2026-02-13 03:17:18.711661,London-8791,-25,56,Normal
2026-02-13 03:17:19.711661,London-8791,11,27,Normal
2026-02-13 03:17:20.711661,London-8791,24,87,Normal
2026-02-13 03:17:21.711661,London-8791,-18,25,Normal
2026-02-13 03:17:22.711661,London-8791,49,14,Normal
2026-02-13 03:17:23.711661,London-8791,46,95,Normal
2026-02-13 03:17:24.711661,London-8791,-29,98,Normal
2026-02-13 03:17:25.711661,London-8791,20,22,Normal
2026-02-13 03:17:26.711661,London-8791,-18,35,Normal
2026-02-13 03:17:27.711661,London-8791,44,72,Normal
2026-02-13 03:17:28.711661,London-8791,-8,18,Normal
2026-02-13 03:17:29.711661,London-8791,27,19,Normal
2026-02-13 03:17:30.711661,London-8791,-3,25,Normal
2026-02-13 03:17:31.711661,London-8791,18,99,Normal
2026-02-13 03:17:32.711661,London-8791,28,33,Normal
2026-02-13 03:17:33.711661,London-8791,-18,73,Normal
2026-02-13 03:17:34.711661,London-8791,-4,66,Normal
2026-02-13 03:17:35.711661,London-8791,22,55,Normal
2026-02-13 03:17:36.711661,London-8791,-3,7,Normal
2026-02-13 03:17:37.711661,London-8791,3,82,Normal
2026-02-13 03:17:38.711661,London-8791,31,6,Normal
2026-02-13 03:17:39.711661,London-8791,49,71,Normal
2026-02-13 03:17:40.711661,London-8791,-17,5,Normal
2026-02-13 03:17:41.711661,London-8791,27,80,Normal
2026-02-13 03:17:42.711661,London-8791,11,57,Normal
2026-02-13 03:17:43.711661,London-8791,0,31,Normal
2026-02-13 03:17:44.711661,London-8791,-11,65,Normal
2026-02-13 03:17:45.711661,London-8791,2,12,Normal
2026-02-13 03:17:46.711661,London-8791,13,2,Normal
2026-02-13 03:17:47.711661,London-8791,27,99,Normal
2026-02-13 03:17:48.711661,London-8791,42,71,Normal
2026-02-13 03:17:49.711661,London-8791,46,54,Normal
2026-02-13 03:17:50.711661,London-8791,41,61,Normal
2026-02-13 03:17:51.711661,London-8791,11,74,Normal
2026-02-13 03:17:52.711661,London-8791,-26,13,Normal
2026-02-13 03:17:53.711661,London-8791,43,69,Normal
2026-02-13 03:17:54.711661,London-8791,-18,19,Normal
2026-02-13 03:17:55.711661,London-8791,41,89,Normal
2026-02-13 03:17:56.711661,London-8791,-11,18,Normal
2026-02-13 03:17:57.711661,London-8791,16,59,Normal
2026-02-13 03:17:58.711661,London-8791,29,18,Normal
2026-02-13 03:17:59.711661,London-8791,32,55,Normal
2026-02-13 03:18:00.711661,London-8791,41,57,Normal
2026-02-13 03:18:01.711661,London-8791,-11,69,Normal
2026-02-13 03:18:02.711661,London-8791,-27,66,Normal
2026-02-13 03:18:03.711661,London-8791,14,88,Normal
2026-02-13 03:18:04.711661,London-8791,-26,47,Normal
2026-02-13 03:18:05.711661,London-8791,-17,83,Normal
2026-02-13 03:18:06.711661,London-8791,-24,71,Normal
2026-02-13 03:18:07.711661,London-8791,42,27,Normal
2026-02-13 03:18:08.711661,London-8791,-18,15,Normal
2026-02-13 03:18:09.711661,London-8791,-27,76,Normal
2026-02-13 03:18:10.711661,London-8791,-14,2,Normal
2026-02-13 03:18:11.711661,London-8791,36,31,Normal
2026-02-13 03:18:12.711661,London-8791,-29,68,Normal
2026-02-13 03:18:13.711661,London-8791,4,62,Normal
2026-02-13 03:18:14.711661,London-8791,14,55,Normal
2026-02-13 03:18:15.711661,London-8791,32,58,Normal
2026-02-13 03:18:16.711661,London-8791,-22,70,Normal
2026-02-13 03:18:17.711661,London-8791,-11,100,Normal
2026-02-13 03:18:18.711661,London-8791,19,90,Normal
2026-02-13 03:18:19.711661,London-8791,5,27,Normal
2026-02-13 03:18:20.711661,London-8791,-21,100,Normal
2026-02-13 03:18:21.711661,London-8791,6,27,Normal
2026-02-13 03:18:22.711661,London-8791,9,40,Normal
2026-02-13 03:18:23.711661,London-8791,39,55,Normal
2026-02-13 03:18:24.711661,London-8791,13,100,Normal
2026-02-13 03:18:25.711661,London-8791,-2,64,Normal
2026-02-13 03:18:26.711661,London-8791,8,15,Normal
2026-02-13 03:18:27.711661,London-8791,-8,53,Normal
2026-02-13 03:18:28.711661,London-8791,9,62,Normal
2026-02-13 03:18:29.711661,London-8791,31,63,Normal
2026-02-13 03:18:30.711661,London-8791,38,77,Normal
2026-02-13 03:18:31.711661,London-8791,22,9,Normal
2026-02-13 03:18:32.711661,London-8791,32,85,Normal
2026-02-13 03:18:33.711661,London-8791,18,5,Normal
2026-02-13 03:18:34.711661,London-8791,20,19,Normal
2026-02-13 03:18:35.711661,London-8791,-21,15,Normal
2026-02-13 03:18:36.711661,London-8791,34,16,Normal
2026-02-13 03:18:37.711661,London-8791,-12,51,Normal
2026-02-13 03:18:38.711661,London-8791,28,56,Normal
2026-02-13 03:18:39.711661,London-8791,15,44,Normal
2026-02-13 03:18:40.711661,London-8791,32,58,Normal
2026-02-13 03:18:41.711661,London-8791,3,3,Normal
2026-02-13 03:18:42.711661,London-8791,-4,68,Normal
2026-02-13 03:18:43.711661,London-8791,2,73,Normal
2026-02-13 03:18:44.711661,London-8791,-2,84,Normal
2026-02-13 03:18:45.711661,London-8791,26,18,Normal
2026-02-13 03:18:46.711661,London-8791,29,78,Normal
2026-02-13 03:18:47.711661,London-8791,15,45,Normal
2026-02-13 03:18:48.711661,London-8791,-5,8,Normal
2026-02-13 03:18:49.711661,London-8791,-10,19,Normal
2026-02-13 03:18:50.711661,London-8791,33,51,Normal
2026-02-13 03:18:51.711661,London-8791,-12,32,Normal
2026-02-13 03:18:52.711661,London-8791,46,62,Normal
2026-02-13 03:18:53.711661,London-8791,5,93,Normal
2026-02-13 03:18:54.711661,London-8791,20,99,Normal
2026-02-13 03:18:55.711661,London-8791,8,92,Normal
2026-02-13 03:18:56.711661,London-8791,-7,84,Normal
2026-02-13 03:18:57.711661,London-8791,-16,42,Normal
2026-02-13 03:18:58.711661,London-8791,3,36,Normal
2026-02-13 03:18:59.711661,London-8791,-20,10,Normal
2026-02-13 03:19:00.711661,London-8791,-20,72,Normal
2026-02-13 03:19:01.711661,London-8791,17,60,Normal
2026-02-13 03:19:02.711661,London-8791,12,96,Normal
2026-02-13 03:19:03.711661,London-8791,10,68,Normal
2026-02-13 03:19:04.711661,London-8791,6,8,Normal
2026-02-13 03:19:05.711661,London-8791,50,45,Normal
2026-02-13 03:19:06.711661,London-8791,-22,47,Normal
2026-02-13 03:19:07.711661,London-8791,40,9,Normal
2026-02-13 03:19:08.711661,London-8791,30,82,Normal
2026-02-13 03:19:09.711661,London-8791,17,0,Normal
2026-02-13 03:19:10.711661,London-8791,23,35,Normal
2026-02-13 03:19:11.711661,London-8791,-23,54,Normal
2026-02-13 03:19:12.711661,London-8791,-19,39,Normal
2026-02-13 03:19:13.711661,London-8791,-24,10,Normal
2026-02-13 03:19:14.711661,London-8791,-18,62,Normal
2026-02-13 03:19:15.711661,London-8791,41,35,Normal
2026-02-13 03:19:16.711661,London-8791,8,68,Normal
2026-02-13 03:19:17.711661,London-8791,-1,6,Normal
2026-02-13 03:19:18.711661,London-8791,-5,75,Normal
2026-02-13 03:19:19.711661,London-8791,5,50,Normal
2026-02-13 03:19:20.711661,London-8791,-20,74,Normal
2026-02-13 03:19:21.711661,London-8791,-6,41,Normal
2026-02-13 03:19:22.711661,London-8791,-28,40,Normal
2026-02-13 03:19:23.711661,London-8791,24,86,Normal
2026-02-13 03:19:24.711661,London-8791,47,1,Normal
2026-02-13 03:19:25.711661,London-8791,12,31,Normal
2026-02-13 03:19:26.711661,London-8791,31,95,Normal
2026-02-13 03:19:27.711661,London-8791,-13,1,Normal
2026-02-13 03:19:28.711661,London-8791,42,73,Normal
2026-02-13 03:19:29.711661,London-8791,3,2,Normal
2026-02-13 03:19:30.711661,London-8791,14,40,Normal
2026-02-13 03:19:31.711661,London-8791,42,5,Normal
2026-02-13 03:19:32.711661,London-8791,-25,0,Normal
2026-02-13 03:19:33.711661,London-8791,39,61,Normal
2026-02-13 03:19:34.711661,London-8791,49,39,Normal
2026-02-13 03:19:35.711661,London-8791,-25,14,Normal
2026-02-13 03:19:36.711661,London-8791,48,36,Normal
2026-02-13 03:19:37.711661,London-8791,19,36,Normal
2026-02-13 03:19:38.711661,London-8791,39,66,Normal
2026-02-13 03:19:39.711661,London-8791,43,90,Normal
2026-02-13 03:19:40.711661,London-8791,30,3,Normal
2026-02-13 03:19:41.711661,London-8791,-29,93,Normal
2026-02-13 03:19:42.711661,London-8791,34,39,Normal
2026-02-13 03:19:43.711661,London-8791,22,39,Normal
2026-02-13 03:19:44.711661,London-8791,44,47,Normal
2026-02-13 03:19:45.711661,London-8791,-8,17,Normal
2026-02-13 03:19:46.711661,London-8791,7,33,Normal
2026-02-13 03:19:47.711661,London-8791,30,31,Normal
2026-02-13 03:19:48.711661,London-8791,-15,25,Normal
2026-02-13 03:19:49.711661,London-8791,11,35,Normal
2026-02-13 03:19:50.711661,London-8791,21,100,Normal
2026-02-13 03:19:51.711661,London-8791,43,91,Normal
2026-02-13 03:19:52.711661,London-8791,0,23,Normal
2026-02-13 03:19:53.711661,London-8791,35,60,Normal
2026-02-13 03:19:54.711661,London-8791,13,99,Normal
2026-02-13 03:19:55.711661,London-8791,49,23,Normal
2026-02-13 03:19:56.711661,London-8791,-3,22,Normal
2026-02-13 03:19:57.711661,London-8791,-2,87,Normal
2026-02-13 03:19:58.711661,London-8791,40,12,Normal
2026-02-13 03:19:59.711661,London-8791,-16,4,Normal
2026-02-13 03:20:00.711661,London-8791,12,96,Normal
2026-02-13 03:20:01.711661,London-8791,-28,59,Normal
2026-02-13 03:20:02.711661,London-8791,-3,81,Normal
2026-02-13 03:20:03.711661,London-8791,-6,79,Normal
2026-02-13 03:20:04.711661,London-8791,-27,70,Normal
2026-02-13 03:20:05.711661,London-8791,12,53,Normal
2026-02-13 03:20:06.711661,London-8791,17,55,Normal
2026-02-13 03:20:07.711661,London-8791,-25,7,Normal
2026-02-13 03:20:08.711661,London-8791,-8,29,Normal
2026-02-13 03:20:09.711661,London-8791,6,76,Normal
2026-02-13 03:20:10.711661,London-8791,25,59,Normal
2026-02-13 03:20:11.711661,London-8791,21,97,Normal
2026-02-13 03:20:12.711661,London-8791,42,75,Normal
2026-02-13 03:20:13.711661,London-8791,47,79,Normal
2026-02-13 03:20:14.711661,London-8791,16,93,Normal
2026-02-13 03:20:15.711661,London-8791,-12,81,Normal
2026-02-13 03:20:16.711661,London-8791,-2,85,Normal
2026-02-13 03:20:17.711661,London-8791,49,15,Normal
2026-02-13 03:20:18.711661,London-8791,7,23,Normal
2026-02-13 03:20:19.711661,London-8791,-13,7,Normal
2026-02-13 03:20:20.711661,London-8791,17,36,Normal
2026-02-13 03:20:21.711661,London-8791,10,89,Normal
2026-02-13 03:20:22.711661,London-8791,2,48,Normal
2026-02-13 03:20:23.711661,London-8791,34,75,Normal
2026-02-13 03:20:24.711661,London-8791,40,67,Normal
2026-02-13 03:20:25.711661,London-8791,31,73,Normal
2026-02-13 03:20:26.711661,London-8791,14,88,Normal
2026-02-13 03:20:27.711661,London-8791,-9,16,Normal
2026-02-13 03:20:28.711661,London-8791,23,71,Normal
2026-02-13 03:20:29.711661,London-8791,40,34,Normal
2026-02-13 03:20:30.711661,London-8791,27,70,Normal
2026-02-13 03:20:31.711661,London-8791,5,46,Normal
2026-02-13 03:20:32.711661,London-8791,33,69,Normal
2026-02-13 03:20:33.711661,London-8791,32,14,Normal
2026-02-13 03:20:34.711661,London-8791,-26,16,Normal
2026-02-13 03:20:35.711661,London-8791,-24,60,Normal
2026-02-13 03:20:36.711661,London-8791,-24,32,Normal
2026-02-13 03:20:37.711661,London-8791,-14,27,Normal
2026-02-13 03:20:38.711661,London-8791,-11,99,Normal
2026-02-13 03:20:39.711661,London-8791,-2,70,Normal
2026-02-13 03:20:40.711661,London-8791,21,30,Normal
2026-02-13 03:20:41.711661,London-8791,-23,90,Normal
2026-02-13 03:20:42.711661,London-8791,34,96,Normal
2026-02-13 03:20:43.711661,London-8791,46,40,Normal
2026-02-13 03:20:44.711661,London-8791,25,41,Normal
2026-02-13 03:20:45.711661,London-8791,28,9,Normal
2026-02-13 03:20:46.711661,London-8791,30,11,Normal
2026-02-13 03:20:47.711661,London-8791,2,90,Normal
2026-02-13 03:20:48.711661,London-8791,40,33,Normal
2026-02-13 03:20:49.711661,London-8791,6,75,Normal
2026-02-13 03:20:50.711661,London-8791,17,39,Normal
2026-02-13 03:20:51.711661,London-8791,24,56,Normal
2026-02-13 03:20:52.711661,London-8791,-16,73,Normal
2026-02-13 03:20:53.711661,London-8791,17,10,Normal
2026-02-13 03:20:54.711661,London-8791,-25,27,Normal
2026-02-13 03:20:55.711661,London-8791,-24,75,Normal
2026-02-13 03:20:56.711661,London-8791,17,37,Normal
2026-02-13 03:20:57.711661,London-8791,17,97,Normal
2026-02-13 03:20:58.711661,London-8791,46,32,Normal
2026-02-13 03:20:59.711661,London-8791,35,100,Normal
2026-02-13 03:21:00.711661,London-8791,24,30,Normal
2026-02-13 03:21:01.711661,London-8791,1,90,Normal
2026-02-13 03:21:02.711661,London-8791,-1,68,Normal
2026-02-13 03:21:03.711661,London-8791,-8,69,Normal
2026-02-13 03:21:04.711661,London-8791,26,44,Normal
2026-02-13 03:21:05.711661,London-8791,24,49,Normal
2026-02-13 03:21:06.711661,London-8791,28,6,Normal
2026-02-13 03:21:07.711661,London-8791,2,1,Normal
2026-02-13 03:21:08.711661,London-8791,47,27,Normal
2026-02-13 03:21:09.711661,London-8791,-5,61,Normal
2026-02-13 03:21:10.711661,London-8791,29,52,Normal
2026-02-13 03:21:11.711661,London-8791,28,19,Normal
2026-02-13 03:21:12.711661,London-8791,2,4,Normal
2026-02-13 03:21:13.711661,London-8791,18,26,Normal
2026-02-13 03:21:14.711661,London-8791,-22,56,Normal
2026-02-13 03:21:15.711661,London-8791,11,60,Normal
2026-02-13 03:21:16.711661,London-8791,21,26,Normal
2026-02-13 03:21:17.711661,London-8791,-18,10,Normal
2026-02-13 03:21:18.711661,London-8791,30,24,Normal
2026-02-13 03:21:19.711661,London-8791,26,76,Normal
2026-02-13 03:21:20.711661,London-8791,-15,47,Normal
2026-02-13 03:21:21.711661,London-8791,36,88,Normal
2026-02-13 03:21:22.711661,London-8791,-8,79,Normal
2026-02-13 03:21:23.711661,London-8791,-19,36,Normal
2026-02-13 03:21:24.711661,London-8791,48,25,Normal
2026-02-13 03:21:25.711661,London-8791,20,80,Normal
2026-02-13 03:21:26.711661,London-8791,-9,3,Normal
2026-02-13 03:21:27.711661,London-8791,38,87,Normal
2026-02-13 03:21:28.711661,London-8791,-12,46,Normal
2026-02-13 03:21:29.711661,London-8791,-30,50,Normal
2026-02-13 03:21:30.711661,London-8791,-10,50,Normal
2026-02-13 03:21:31.711661,London-8791,22,33,Normal
2026-02-13 03:21:32.711661,London-8791,25,59,Normal
2026-02-13 03:21:33.711661,London-8791,-20,89,Normal
2026-02-13 03:21:34.711661,London-8791,-27,8,Normal
2026-02-13 03:21:35.711661,London-8791,38,36,Normal
2026-02-13 03:21:36.711661,London-8791,-4,94,Normal
2026-02-13 03:21:37.711661,London-8791,-11,32,Normal
2026-02-13 03:21:38.711661,London-8791,-9,93,Normal
2026-02-13 03:21:39.711661,London-8791,40,31,Normal
2026-02-13 03:21:40.711661,London-8791,-3,12,Normal
2026-02-13 03:21:41.711661,London-8791,-1,2,Normal
2026-02-13 03:21:42.711661,London-8791,22,8,Normal
2026-02-13 03:21:43.711661,London-8791,-17,99,Normal
2026-02-13 03:21:44.711661,London-8791,-12,73,Normal
2026-02-13 03:21:45.711661,London-8791,16,61,Normal
2026-02-13 03:21:46.711661,London-8791,-28,52,Normal
2026-02-13 03:21:47.711661,London-8791,-3,91,Normal
2026-02-13 03:21:48.711661,London-8791,11,9,Normal
2026-02-13 03:21:49.711661,London-8791,-8,5,Normal
2026-02-13 03:21:50.711661,London-8791,4,72,Normal
2026-02-13 03:21:51.711661,London-8791,-1,25,Normal
2026-02-13 03:21:52.711661,London-8791,38,89,Normal
2026-02-13 03:21:53.711661,London-8791,10,10,Normal
2026-02-13 03:21:54.711661,London-8791,-22,29,Normal
2026-02-13 03:21:55.711661,London-8791,8,13,Normal
2026-02-13 03:21:56.711661,London-8791,44,90,Normal
2026-02-13 03:21:57.711661,London-8791,8,90,Normal
2026-02-13 03:21:58.711661,London-8791,37,69,Normal
2026-02-13 03:21:59.711661,London-8791,24,57,Normal
2026-02-13 03:22:00.711661,London-8791,12,53,Normal
2026-02-13 03:22:01.711661,London-8791,21,19,Normal
2026-02-13 03:22:02.711661,London-8791,41,94,Normal
2026-02-13 03:22:03.711661,London-8791,28,69,Normal
2026-02-13 03:22:04.711661,London-8791,48,49,Normal
2026-02-13 03:22:05.711661,London-8791,-18,59,Normal
2026-02-13 03:22:06.711661,London-8791,4,55,Normal
2026-02-13 03:22:07.711661,London-8791,-24,93,Normal
2026-02-13 03:22:08.711661,London-8791,11,12,Normal
2026-02-13 03:22:09.711661,London-8791,-11,9,Normal
2026-02-13 03:22:10.711661,London-8791,-7,10,Normal
2026-02-13 03:22:11.711661,London-8791,38,73,Normal
2026-02-13 03:22:12.711661,London-8791,-24,23,Normal
2026-02-13 03:22:13.711661,London-8791,41,16,Normal
2026-02-13 03:22:14.711661,London-8791,-5,13,Normal
2026-02-13 03:22:15.711661,London-8791,-8,3,Normal
2026-02-13 03:22:16.711661,London-8791,45,96,Normal
2026-02-13 03:22:17.711661,London-8791,14,47,Normal
2026-02-13 03:22:18.711661,London-8791,46,44,Normal
2026-02-13 03:22:19.711661,London-8791,13,35,Normal
2026-02-13 03:22:20.711661,London-8791,45,30,Normal
2026-02-13 03:22:21.711661,London-8791,30,74,Normal
2026-02-13 03:22:22.711661,London-8791,26,96,Normal
2026-02-13 03:22:23.711661,London-8791,26,77,Normal
2026-02-13 03:22:24.711661,London-8791,-18,85,Normal
2026-02-13 03:22:25.711661,London-8791,-27,23,Normal
2026-02-13 03:22:26.711661,London-8791,-24,57,Normal
2026-02-13 03:22:27.711661,London-8791,4,65,Normal
2026-02-13 03:22:28.711661,London-8791,32,20,Normal
2026-02-13 03:22:29.711661,London-8791,1,30,Normal
2026-02-13 03:22:30.711661,London-8791,41,98,Normal
2026-02-13 03:22:31.711661,London-8791,1,33,Normal
2026-02-13 03:22:32.711661,London-8791,38,62,Normal
2026-02-13 03:22:33.711661,London-8791,0,67,Normal
2026-02-13 03:22:34.711661,London-8791,-7,64,Normal
2026-02-13 03:22:35.711661,London-8791,43,12,Normal
2026-02-13 03:22:36.711661,London-8791,-6,87,Normal
2026-02-13 03:22:37.711661,London-8791,24,27,Normal
2026-02-13 03:22:38.711661,London-8791,24,15,Normal
2026-02-13 03:22:39.711661,London-8791,2,44,Normal
2026-02-13 03:22:40.711661,London-8791,20,47,Normal
2026-02-13 03:22:41.711661,London-8791,5,1,Normal
2026-02-13 03:22:42.711661,London-8791,22,33,Normal
2026-02-13 03:22:43.711661,London-8791,29,96,Normal
2026-02-13 03:22:44.711661,London-8791,-3,5,Normal
2026-02-13 03:22:45.711661,London-8791,16,44,Normal
2026-02-13 03:22:46.711661,London-8791,30,85,Normal
2026-02-13 03:22:47.711661,London-8791,-20,38,Normal
2026-02-13 03:22:48.711661,London-8791,29,60,Normal
2026-02-13 03:22:49.711661,London-8791,40,100,Normal
2026-02-13 03:22:50.711661,London-8791,14,24,Normal
2026-02-13 03:22:51.711661,London-8791,-18,86,Normal
2026-02-13 03:22:52.711661,London-8791,25,96,Normal
2026-02-13 03:22:53.711661,London-8791,13,49,Normal
2026-02-13 03:22:54.711661,London-8791,30,77,Normal
2026-02-13 03:22:55.711661,London-8791,47,15,Normal
2026-02-13 03:22:56.711661,London-8791,-21,35,Normal
2026-02-13 03:22:57.711661,London-8791,-18,61,Normal
2026-02-13 03:22:58.711661,London-8791,-21,82,Normal
2026-02-13 03:22:59.711661,London-8791,-6,83,Normal
2026-02-13 03:23:00.711661,London-8791,33,16,Normal
2026-02-13 03:23:01.711661,London-8791,-19,87,Normal
2026-02-13 03:23:02.711661,London-8791,43,69,Normal
2026-02-13 03:23:03.711661,London-8791,-21,89,Normal
2026-02-13 03:23:04.711661,London-8791,40,26,Normal
2026-02-13 03:23:05.711661,London-8791,8,91,Normal
2026-02-13 03:23:06.711661,London-8791,13,21,Normal
2026-02-13 03:23:07.711661,London-8791,32,59,Normal
2026-02-13 03:23:08.711661,London-8791,31,96,Normal
2026-02-13 03:23:09.711661,London-8791,22,29,Normal
2026-02-13 03:23:10.711661,London-8791,-10,35,Normal
2026-02-13 03:23:11.711661,London-8791,-17,18,Normal
2026-02-13 03:23:12.711661,London-8791,-21,56,Normal
2026-02-13 03:23:13.711661,London-8791,2,26,Normal
2026-02-13 03:23:14.711661,London-8791,-2,37,Normal
2026-02-13 03:23:15.711661,London-8791,29,53,Normal
2026-02-13 03:23:16.711661,London-8791,44,12,Normal
2026-02-13 03:23:17.711661,London-8791,36,13,Normal
2026-02-13 03:23:18.711661,London-8791,-19,42,Normal
2026-02-13 03:23:19.711661,London-8791,-26,16,Normal
2026-02-13 03:23:20.711661,London-8791,-10,45,Normal
2026-02-13 03:23:21.711661,London-8791,-29,5,Normal
2026-02-13 03:23:22.711661,London-8791,-8,27,Normal
2026-02-13 03:23:23.711661,London-8791,-6,53,Normal
2026-02-13 03:23:24.711661,London-8791,-29,84,Normal
2026-02-13 03:23:25.711661,London-8791,39,76,Normal
2026-02-13 03:23:26.711661,London-8791,-2,58,Normal
2026-02-13 03:23:27.711661,London-8791,30,93,Normal
2026-02-13 03:23:28.711661,London-8791,-17,48,Normal
2026-02-13 03:23:29.711661,London-8791,6,23,Normal
2026-02-13 03:23:30.711661,London-8791,32,79,Normal
2026-02-13 03:23:31.711661,London-8791,36,30,Normal
2026-02-13 03:23:32.711661,London-8791,-3,64,Normal
2026-02-13 03:23:33.711661,London-8791,22,58,Normal
2026-02-13 03:23:34.711661,London-8791,-26,54,Normal
2026-02-13 03:23:35.711661,London-8791,50,76,Normal
2026-02-13 03:23:36.711661,London-8791,10,78,Normal
2026-02-13 03:23:37.711661,London-8791,-4,23,Normal
2026-02-13 03:23:38.711661,London-8791,-28,14,Normal
2026-02-13 03:23:39.711661,London-8791,16,25,Normal
2026-02-13 03:23:40.711661,London-8791,-3,24,Normal
2026-02-13 03:23:41.711661,London-8791,4,46,Normal
2026-02-13 03:23:42.711661,London-8791,-30,76,Normal
2026-02-13 03:23:43.711661,London-8791,0,35,Normal
2026-02-13 03:23:44.711661,London-8791,21,5,Normal
2026-02-13 03:23:45.711661,London-8791,-29,29,Normal
2026-02-13 03:23:46.711661,London-8791,-30,17,Normal
2026-02-13 03:23:47.711661,London-8791,37,100,Normal
2026-02-13 03:23:48.711661,London-8791,0,96,Normal
2026-02-13 03:23:49.711661,London-8791,-1,59,Normal
2026-02-13 03:23:50.711661,London-8791,21,83,Normal
2026-02-13 03:23:51.711661,London-8791,-22,11,Normal
2026-02-13 03:23:52.711661,London-8791,-1,100,Normal
2026-02-13 03:23:53.711661,London-8791,-13,64,Normal
2026-02-13 03:23:54.711661,London-8791,-27,39,Normal
2026-02-13 03:23:55.711661,London-8791,21,95,Normal
2026-02-13 03:23:56.711661,London-8791,-29,11,Normal
2026-02-13 03:23:57.711661,London-8791,36,36,Normal
2026-02-13 03:23:58.711661,London-8791,19,21,Normal
2026-02-13 03:23:59.711661,London-8791,11,10,Normal
2026-02-13 03:24:00.711661,London-8791,19,52,Normal
2026-02-13 03:24:01.711661,London-8791,12,71,Normal
2026-02-13 03:24:02.711661,London-8791,28,87,Normal
2026-02-13 03:24:03.711661,London-8791,28,77,Normal
2026-02-13 03:24:04.711661,London-8791,39,58,Normal
2026-02-13 03:24:05.711661,London-8791,-27,4,Normal
2026-02-13 03:24:06.711661,London-8791,-30,89,Normal
2026-02-13 03:24:07.711661,London-8791,36,58,Normal
2026-02-13 03:24:08.711661,London-8791,30,94,Normal
2026-02-13 03:24:09.711661,London-8791,-5,8,Normal
2026-02-13 03:24:10.711661,London-8791,40,55,Normal
2026-02-13 03:24:11.711661,London-8791,40,54,Normal
2026-02-13 03:24:12.711661,London-8791,-6,7,Normal
2026-02-13 03:24:13.711661,London-8791,21,99,Normal
2026-02-13 03:24:14.711661,London-8791,19,81,Normal
2026-02-13 03:24:15.711661,London-8791,23,79,Normal
2026-02-13 03:24:16.711661,London-8791,-1,68,Normal
2026-02-13 03:24:17.711661,London-8791,16,60,Normal
2026-02-13 03:24:18.711661,London-8791,44,17,Normal
2026-02-13 03:24:19.711661,London-8791,48,28,Normal
2026-02-13 03:24:20.711661,London-8791,-17,95,Normal
2026-02-13 03:24:21.711661,London-8791,4,31,Normal
2026-02-13 03:24:22.711661,London-8791,7,19,Normal
2026-02-13 03:24:23.711661,London-8791,-27,57,Normal
2026-02-13 03:24:24.711661,London-8791,-15,24,Normal
2026-02-13 03:24:25.711661,London-8791,-3,19,Normal
2026-02-13 03:24:26.711661,London-8791,22,32,Normal
2026-02-13 03:24:27.711661,London-8791,38,4,Normal
2026-02-13 03:24:28.711661,London-8791,29,15,Normal
2026-02-13 03:24:29.711661,London-8791,44,49,Normal
2026-02-13 03:24:30.711661,London-8791,-15,80,Normal
2026-02-13 03:24:31.711661,London-8791,-14,30,Normal
2026-02-13 03:24:32.711661,London-8791,43,56,Normal
2026-02-13 03:24:33.711661,London-8791,0,7,Normal
2026-02-13 03:24:34.711661,London-8791,-30,58,Normal
2026-02-13 03:24:35.711661,London-8791,44,76,Normal
2026-02-13 03:24:36.711661,London-8791,-23,56,Normal
2026-02-13 03:24:37.711661,London-8791,-4,84,Normal
2026-02-13 03:24:38.711661,London-8791,23,28,Normal
2026-02-13 03:24:39.711661,London-8791,-22,56,Normal
2026-02-13 03:24:40.711661,London-8791,-6,48,Normal
2026-02-13 03:24:41.711661,London-8791,31,5,Normal
2026-02-13 03:24:42.711661,London-8791,32,31,Normal
2026-02-13 03:24:43.711661,London-8791,-14,8,Normal
2026-02-13 03:24:44.711661,London-8791,-20,24,Normal
2026-02-13 03:24:45.711661,London-8791,6,24,Normal
2026-02-13 03:24:46.711661,London-8791,48,53,Normal
2026-02-13 03:24:47.711661,London-8791,38,95,Normal
2026-02-13 03:24:48.711661,London-8791,-18,55,Normal
2026-02-13 03:24:49.711661,London-8791,-7,87,Normal
2026-02-13 03:24:50.711661,London-8791,-25,77,Normal
2026-02-13 03:24:51.711661,London-8791,17,47,Normal
2026-02-13 03:24:52.711661,London-8791,23,1,Normal
2026-02-13 03:24:53.711661,London-8791,19,3,Normal
2026-02-13 03:24:54.711661,London-8791,7,15,Normal
2026-02-13 03:24:55.711661,London-8791,-14,35,Normal
2026-02-13 03:24:56.711661,London-8791,38,10,Normal
2026-02-13 03:24:57.711661,London-8791,37,39,Normal
2026-02-13 03:24:58.711661,London-8791,30,36,Normal
2026-02-13 03:24:59.711661,London-8791,28,68,Normal
2026-02-13 03:25:00.711661,London-8791,-1,7,Normal
2026-02-13 03:25:01.711661,London-8791,21,56,Normal
2026-02-13 03:25:02.711661,London-8791,24,57,Normal
2026-02-13 03:25:03.711661,London-8791,29,20,Normal
2026-02-13 03:25:04.711661,London-8791,38,51,Normal
2026-02-13 03:25:05.711661,London-8791,11,73,Normal
2026-02-13 03:25:06.711661,London-8791,-7,81,Normal
2026-02-13 03:25:07.711661,London-8791,6,11,Normal
2026-02-13 03:25:08.711661,London-8791,-14,23,Normal
2026-02-13 03:25:09.711661,London-8791,35,55,Normal
2026-02-13 03:25:10.711661,London-8791,33,73,Normal
2026-02-13 03:25:11.711661,London-8791,22,29,Normal
2026-02-13 03:25:12.711661,London-8791,20,99,Normal
2026-02-13 03:25:13.711661,London-8791,9,94,Normal
2026-02-13 03:25:14.711661,London-8791,-26,7,Normal
2026-02-13 03:25:15.711661,London-8791,34,6,Normal
2026-02-13 03:25:16.711661,London-8791,29,79,Normal
2026-02-13 03:25:17.711661,London-8791,37,12,Normal
2026-02-13 03:25:18.711661,London-8791,-13,48,Normal
2026-02-13 03:25:19.711661,London-8791,-1,94,Normal
2026-02-13 03:25:20.711661,London-8791,19,0,Normal
2026-02-13 03:25:21.711661,London-8791,16,55,Normal
2026-02-13 03:25:22.711661,London-8791,40,67,Normal
2026-02-13 03:25:23.711661,London-8791,-20,39,Normal
2026-02-13 03:25:24.711661,London-8791,32,71,Normal
2026-02-13 03:25:25.711661,London-8791,48,80,Normal
2026-02-13 03:25:26.711661,London-8791,41,3,Normal
2026-02-13 03:25:27.711661,London-8791,19,61,Normal
2026-02-13 03:25:28.711661,London-8791,-10,55,Normal
2026-02-13 03:25:29.711661,London-8791,14,87,Normal
2026-02-13 03:25:30.711661,London-8791,43,79,Normal
2026-02-13 03:25:31.711661,London-8791,23,80,Normal
2026-02-13 03:25:32.711661,London-8791,-5,80,Normal
2026-02-13 03:25:33.711661,London-8791,34,56,Normal
2026-02-13 03:25:34.711661,London-8791,-1,44,Normal
2026-02-13 03:25:35.711661,London-8791,-8,80,Normal
2026-02-13 03:25:36.711661,London-8791,12,22,Normal
2026-02-13 03:25:37.711661,London-8791,31,56,Normal
2026-02-13 03:25:38.711661,London-8791,-19,96,Normal
2026-02-13 03:25:39.711661,London-8791,7,62,Normal
2026-02-13 03:25:40.711661,London-8791,-29,22,Normal
2026-02-13 03:25:41.711661,London-8791,10,94,Normal
2026-02-13 03:25:42.711661,London-8791,4,60,Normal
2026-02-13 03:25:43.711661,London-8791,-29,100,Normal
2026-02-13 03:25:44.711661,London-8791,-6,84,Normal
2026-02-13 03:25:45.711661,London-8791,-6,46,Normal
2026-02-13 03:25:46.711661,London-8791,42,12,Normal
2026-02-13 03:25:47.711661,London-8791,34,62,Normal
2026-02-13 03:25:48.711661,London-8791,16,33,Normal
2026-02-13 03:25:49.711661,London-8791,-25,81,Normal
2026-02-13 03:25:50.711661,London-8791,27,48,Normal
2026-02-13 03:25:51.711661,London-8791,-24,98,Normal
2026-02-13 03:25:52.711661,London-8791,47,61,Normal
2026-02-13 03:25:53.711661,London-8791,47,55,Normal
2026-02-13 03:25:54.711661,London-8791,-15,3,Normal
2026-02-13 03:25:55.711661,London-8791,19,23,Normal
2026-02-13 03:25:56.711661,London-8791,25,48,Normal
2026-02-13 03:25:57.711661,London-8791,-19,58,Normal
2026-02-13 03:25:58.711661,London-8791,-19,97,Normal
2026-02-13 03:25:59.711661,London-8791,26,60,Normal
2026-02-13 03:26:00.711661,London-8791,11,45,Normal
2026-02-13 03:26:01.711661,London-8791,32,16,Normal
2026-02-13 03:26:02.711661,London-8791,8,5,Normal
2026-02-13 03:26:03.711661,London-8791,29,34,Normal
2026-02-13 03:26:04.711661,London-8791,0,78,Normal
2026-02-13 03:26:05.711661,London-8791,7,5,Normal
2026-02-13 03:26:06.711661,London-8791,28,9,Normal
2026-02-13 03:26:07.711661,London-8791,-13,71,Normal
2026-02-13 03:26:08.711661,London-8791,-25,19,Normal
2026-02-13 03:26:09.711661,London-8791,15,88,Normal
2026-02-13 03:26:10.711661,London-8791,-7,22,Normal
2026-02-13 03:26:11.711661,London-8791,31,64,Normal
2026-02-13 03:26:12.711661,London-8791,7,88,Normal
2026-02-13 03:26:13.711661,London-8791,25,82,Normal
2026-02-13 03:26:14.711661,London-8791,-5,38,Normal
2026-02-13 03:26:15.711661,London-8791,36,49,Normal
2026-02-13 03:26:16.711661,London-8791,3,77,Normal
2026-02-13 03:26:17.711661,London-8791,-23,87,Normal
2026-02-13 03:26:18.711661,London-8791,-22,46,Normal
2026-02-13 03:26:19.711661,London-8791,28,33,Normal
2026-02-13 03:26:20.711661,London-8791,-14,80,Normal
2026-02-13 03:26:21.711661,London-8791,-5,85,Normal
2026-02-13 03:26:22.711661,London-8791,-7,46,Normal
2026-02-13 03:26:23.711661,London-8791,42,74,Normal
2026-02-13 03:26:24.711661,London-8791,-20,88,Normal
2026-02-13 03:26:25.711661,London-8791,9,89,Normal
2026-02-13 03:26:26.711661,London-8791,46,25,Normal
2026-02-13 03:26:27.711661,London-8791,-17,72,Normal
2026-02-13 03:26:28.711661,London-8791,29,70,Normal
2026-02-13 03:26:29.711661,London-8791,45,61,Normal
2026-02-13 03:26:30.711661,London-8791,24,39,Normal
2026-02-13 03:26:31.711661,London-8791,10,71,Normal
2026-02-13 03:26:32.711661,London-8791,0,22,Normal
2026-02-13 03:26:33.711661,London-8791,-22,1,Normal
2026-02-13 03:26:34.711661,London-8791,39,6,Normal
2026-02-13 03:26:35.711661,London-8791,45,65,Normal
2026-02-13 03:26:36.711661,London-8791,2,64,Normal
2026-02-13 03:26:37.711661,London-8791,37,41,Normal
2026-02-13 03:26:38.711661,London-8791,47,30,Normal
2026-02-13 03:26:39.711661,London-8791,-12,92,Normal
2026-02-13 03:26:40.711661,London-8791,42,97,Normal
2026-02-13 03:26:41.711661,London-8791,30,75,Normal
2026-02-13 03:26:42.711661,London-8791,47,26,Normal
2026-02-13 03:26:43.711661,London-8791,47,56,Normal
2026-02-13 03:26:44.711661,London-8791,10,55,Normal
2026-02-13 03:26:45.711661,London-8791,41,68,Normal
2026-02-13 03:26:46.711661,London-8791,-3,59,Normal
2026-02-13 03:26:47.711661,London-8791,6,76,Normal
2026-02-13 03:26:48.711661,London-8791,5,38,Normal
2026-02-13 03:26:49.711661,London-8791,-28,83,Normal
2026-02-13 03:26:50.711661,London-8791,16,57,Normal
2026-02-13 03:26:51.711661,London-8791,-1,36,Normal
2026-02-13 03:26:52.711661,London-8791,-24,11,Normal
2026-02-13 03:26:53.711661,London-8791,30,1,Normal
2026-02-13 03:26:54.711661,London-8791,19,46,Normal
2026-02-13 03:26:55.711661,London-8791,-16,99,Normal
2026-02-13 03:26:56.711661,London-8791,17,74,Normal
2026-02-13 03:26:57.711661,London-8791,33,64,Normal
2026-02-13 03:26:58.711661,London-8791,12,35,Normal
2026-02-13 03:26:59.711661,London-8791,49,70,Normal
2026-02-13 03:27:00.711661,London-8791,-29,31,Normal
2026-02-13 03:27:01.711661,London-8791,42,94,Normal
2026-02-13 03:27:02.711661,London-8791,19,14,Normal
2026-02-13 03:27:03.711661,London-8791,38,77,Normal
2026-02-13 03:27:04.711661,London-8791,21,66,Normal
2026-02-13 03:27:05.711661,London-8791,27,26,Normal
2026-02-13 03:27:06.711661,London-8791,26,97,Normal
2026-02-13 03:27:07.711661,London-8791,12,30,Normal
2026-02-13 03:27:08.711661,London-8791,31,76,Normal
2026-02-13 03:27:09.711661,London-8791,-9,67,Normal
2026-02-13 03:27:10.711661,London-8791,15,92,Normal
2026-02-13 03:27:11.711661,London-8791,4,1,Normal
2026-02-13 03:27:12.711661,London-8791,44,66,Normal
2026-02-13 03:27:13.711661,London-8791,-5,43,Normal
2026-02-13 03:27:14.711661,London-8791,37,47,Normal
2026-02-13 03:27:15.711661,London-8791,-20,40,Normal
2026-02-13 03:27:16.711661,London-8791,14,42,Normal
2026-02-13 03:27:17.711661,London-8791,13,57,Normal
2026-02-13 03:27:18.711661,London-8791,30,33,Normal
2026-02-13 03:27:19.711661,London-8791,3,55,Normal
2026-02-13 03:27:20.711661,London-8791,-28,78,Normal
2026-02-13 03:27:21.711661,London-8791,36,90,Normal
2026-02-13 03:27:22.711661,London-8791,-5,41,Normal
2026-02-13 03:27:23.711661,London-8791,34,17,Normal
2026-02-13 03:27:24.711661,London-8791,29,74,Normal
2026-02-13 03:27:25.711661,London-8791,-5,96,Normal
2026-02-13 03:27:26.711661,London-8791,6,63,Normal
2026-02-13 03:27:27.711661,London-8791,-1,75,Normal
2026-02-13 03:27:28.711661,London-8791,7,65,Normal
2026-02-13 03:27:29.711661,London-8791,-7,64,Normal
2026-02-13 03:27:30.711661,London-8791,31,78,Normal
2026-02-13 03:27:31.711661,London-8791,24,13,Normal
2026-02-13 03:27:32.711661,London-8791,18,69,Normal
2026-02-13 03:27:33.711661,London-8791,-14,45,Normal
2026-02-13 03:27:34.711661,London-8791,-17,66,Normal
2026-02-13 03:27:35.711661,London-8791,13,52,Normal
2026-02-13 03:27:36.711661,London-8791,-26,6,Normal
2026-02-13 03:27:37.711661,London-8791,40,88,Normal
2026-02-13 03:27:38.711661,London-8791,46,22,Normal
2026-02-13 03:27:39.711661,London-8791,-10,87,Normal
2026-02-13 03:27:40.711661,London-8791,-9,24,Normal
2026-02-13 03:27:41.711661,London-8791,-22,20,Normal
2026-02-13 03:27:42.711661,London-8791,-30,3,Normal
2026-02-13 03:27:43.711661,London-8791,-8,53,Normal
2026-02-13 03:27:44.711661,London-8791,-23,73,Normal
2026-02-13 03:27:45.711661,London-8791,-27,11,Normal
2026-02-13 03:27:46.711661,London-8791,-5,99,Normal
2026-02-13 03:27:47.711661,London-8791,26,45,Normal
2026-02-13 03:27:48.711661,London-8791,-28,33,Normal
2026-02-13 03:27:49.711661,London-8791,-4,23,Normal
2026-02-13 03:27:50.711661,London-8791,46,17,Normal
2026-02-13 03:27:51.711661,London-8791,4,57,Normal
2026-02-13 03:27:52.711661,London-8791,41,13,Normal
2026-02-13 03:27:53.711661,London-8791,-13,63,Normal
2026-02-13 03:27:54.711661,London-8791,29,45,Normal
2026-02-13 03:27:55.711661,London-8791,23,85,Normal
2026-02-13 03:27:56.711661,London-8791,-27,8,Normal
2026-02-13 03:27:57.711661,London-8791,-4,40,Normal
2026-02-13 03:27:58.711661,London-8791,42,83,Normal
2026-02-13 03:27:59.711661,London-8791,27,48,Normal
2026-02-13 03:28:00.711661,London-8791,-6,78,Normal
2026-02-13 03:28:01.711661,London-8791,-3,23,Normal
2026-02-13 03:28:02.711661,London-8791,6,67,Normal
2026-02-13 03:28:03.711661,London-8791,25,24,Normal
2026-02-13 03:28:04.711661,London-8791,4,18,Normal
2026-02-13 03:28:05.711661,London-8791,41,97,Normal
2026-02-13 03:28:06.711661,London-8791,43,22,Normal
2026-02-13 03:28:07.711661,London-8791,10,87,Normal
2026-02-13 03:28:08.711661,London-8791,-26,48,Normal
2026-02-13 03:28:09.711661,London-8791,6,88,Normal
2026-02-13 03:28:10.711661,London-8791,10,22,Normal
2026-02-13 03:28:11.711661,London-8791,22,29,Normal
2026-02-13 03:28:12.711661,London-8791,14,91,Normal
2026-02-13 03:28:13.711661,London-8791,-4,89,Normal
2026-02-13 03:28:14.711661,London-8791,19,82,Normal
2026-02-13 03:28:15.711661,London-8791,24,11,Normal
2026-02-13 03:28:16.711661,London-8791,48,45,Normal
2026-02-13 03:28:17.711661,London-8791,40,43,Normal
2026-02-13 03:28:18.711661,London-8791,38,17,Normal
2026-02-13 03:28:19.711661,London-8791,-15,7,Normal
2026-02-13 03:28:20.711661,London-8791,28,96,Normal
2026-02-13 03:28:21.711661,London-8791,49,42,Normal
2026-02-13 03:28:22.711661,London-8791,32,84,Normal
2026-02-13 03:28:23.711661,London-8791,25,11,Normal
2026-02-13 03:28:24.711661,London-8791,37,75,Normal
2026-02-13 03:28:25.711661,London-8791,37,79,Normal
2026-02-13 03:28:26.711661,London-8791,45,4,Normal
2026-02-13 03:28:27.711661,London-8791,-8,31,Normal
2026-02-13 03:28:28.711661,London-8791,40,37,Normal
2026-02-13 03:28:29.711661,London-8791,1,5,Normal
2026-02-13 03:28:30.711661,London-8791,35,14,Normal
2026-02-13 03:28:31.711661,London-8791,32,17,Normal
2026-02-13 03:28:32.711661,London-8791,37,100,Normal
2026-02-13 03:28:33.711661,London-8791,-2,10,Normal
2026-02-13 03:28:34.711661,London-8791,-29,41,Normal
2026-02-13 03:28:35.711661,London-8791,5,45,Normal
2026-02-13 03:28:36.711661,London-8791,11,1,Normal
2026-02-13 03:28:37.711661,London-8791,-9,8,Normal
2026-02-13 03:28:38.711661,London-8791,2,27,Normal
2026-02-13 03:28:39.711661,London-8791,40,98,Normal
2026-02-13 03:28:40.711661,London-8791,16,14,Normal
2026-02-13 03:28:41.711661,London-8791,14,42,Normal
2026-02-13 03:28:42.711661,London-8791,8,56,Normal
2026-02-13 03:28:43.711661,London-8791,-6,79,Normal
2026-02-13 03:28:44.711661,London-8791,3,10,Normal
2026-02-13 03:28:45.711661,London-8791,43,45,Normal
2026-02-13 03:28:46.711661,London-8791,-3,26,Normal
2026-02-13 03:28:47.711661,London-8791,32,72,Normal
2026-02-13 03:28:48.711661,London-8791,16,14,Normal
2026-02-13 03:28:49.711661,London-8791,26,49,Normal
2026-02-13 03:28:50.711661,London-8791,-4,67,Normal
2026-02-13 03:28:51.711661,London-8791,11,12,Normal
2026-02-13 03:28:52.711661,London-8791,6,52,Normal
2026-02-13 03:28:53.711661,London-8791,-15,54,Normal
2026-02-13 03:28:54.711661,London-8791,-2,16,Normal
2026-02-13 03:28:55.711661,London-8791,19,88,Normal
2026-02-13 03:28:56.711661,London-8791,26,45,Normal
2026-02-13 03:28:57.711661,London-8791,-26,64,Normal
2026-02-13 03:28:58.711661,London-8791,23,56,Normal
2026-02-13 03:28:59.711661,London-8791,32,81,Normal
2026-02-13 03:29:00.711661,London-8791,41,27,Normal
2026-02-13 03:29:01.711661,London-8791,24,62,Normal
2026-02-13 03:29:02.711661,London-8791,46,93,Normal
2026-02-13 03:29:03.711661,London-8791,23,96,Normal
2026-02-13 03:29:04.711661,London-8791,-23,35,Normal
2026-02-13 03:29:05.711661,London-8791,1,50,Normal
2026-02-13 03:29:06.711661,London-8791,22,0,Normal
2026-02-13 03:29:07.711661,London-8791,-26,82,Normal
2026-02-13 03:29:08.711661,London-8791,-24,96,Normal
2026-02-13 03:29:09.711661,London-8791,39,45,Normal
2026-02-13 03:29:10.711661,London-8791,23,37,Normal
2026-02-13 03:29:11.711661,London-8791,-25,43,Normal
2026-02-13 03:29:12.711661,London-8791,35,35,Normal
2026-02-13 03:29:13.711661,London-8791,39,27,Normal
2026-02-13 03:29:14.711661,London-8791,-17,59,Normal
2026-02-13 03:29:15.711661,London-8791,20,57,Normal
2026-02-13 03:29:16.711661,London-8791,-24,94,Normal
2026-02-13 03:29:17.711661,London-8791,-8,91,Normal
2026-02-13 03:29:18.711661,London-8791,28,3,Normal
2026-02-13 03:29:19.711661,London-8791,-30,31,Normal
2026-02-13 03:29:20.711661,London-8791,31,37,Normal
2026-02-13 03:29:21.711661,London-8791,-2,98,Normal
2026-02-13 03:29:22.711661,London-8791,10,61,Normal
2026-02-13 03:29:23.711661,London-8791,3,96,Normal
2026-02-13 03:29:24.711661,London-8791,-24,80,Normal
2026-02-13 03:29:25.711661,London-8791,-9,65,Normal
2026-02-13 03:29:26.711661,London-8791,35,73,Normal
2026-02-13 03:29:27.711661,London-8791,33,4,Normal
2026-02-13 03:29:28.711661,London-8791,16,52,Normal
2026-02-13 03:29:29.711661,London-8791,13,83,Normal
2026-02-13 03:29:30.711661,London-8791,25,79,Normal
2026-02-13 03:29:31.711661,London-8791,43,86,Normal
2026-02-13 03:29:32.711661,London-8791,30,49,Normal
2026-02-13 03:29:33.711661,London-8791,41,12,Normal
2026-02-13 03:29:34.711661,London-8791,23,33,Normal
2026-02-13 03:29:35.711661,London-8791,24,32,Normal
2026-02-13 03:29:36.711661,London-8791,-6,41,Normal
2026-02-13 03:29:37.711661,London-8791,21,48,Normal
2026-02-13 03:29:38.711661,London-8791,-24,20,Normal
2026-02-13 03:29:39.711661,London-8791,-4,40,Normal
2026-02-13 03:29:40.711661,London-8791,35,42,Normal
2026-02-13 03:29:41.711661,London-8791,-6,64,Normal
2026-02-13 03:29:42.711661,London-8791,-21,88,Normal
2026-02-13 03:29:43.711661,London-8791,7,66,Normal
2026-02-13 03:29:44.711661,London-8791,-19,54,Normal
2026-02-13 03:29:45.711661,London-8791,-16,61,Normal
2026-02-13 03:29:46.711661,London-8791,36,65,Normal
2026-02-13 03:29:47.711661,London-8791,-23,91,Normal
2026-02-13 03:29:48.711661,London-8791,10,34,Normal
2026-02-13 03:29:49.711661,London-8791,25,55,Normal
2026-02-13 03:29:50.711661,London-8791,-5,90,Normal
2026-02-13 03:29:51.711661,London-8791,12,50,Normal
2026-02-13 03:29:52.711661,London-8791,38,17,Normal
2026-02-13 03:29:53.711661,London-8791,-24,75,Normal
2026-02-13 03:29:54.711661,London-8791,-10,36,Normal
2026-02-13 03:29:55.711661,London-8791,22,21,Normal
2026-02-13 03:29:56.711661,London-8791,36,5,Normal
2026-02-13 03:29:57.711661,London-8791,17,70,Normal
2026-02-13 03:29:58.711661,London-8791,-17,96,Normal
2026-02-13 03:29:59.711661,London-8791,-4,30,Normal
2026-02-13 03:30:00.711661,London-8791,-18,76,Normal
2026-02-13 03:30:01.711661,London-8791,-1,32,Normal
2026-02-13 03:30:02.711661,London-8791,39,69,Normal
2026-02-13 03:30:03.711661,London-8791,45,41,Normal
2026-02-13 03:30:04.711661,London-8791,-21,44,Normal
2026-02-13 03:30:05.711661,London-8791,-14,5,Normal
2026-02-13 03:30:06.711661,London-8791,49,0,Normal
2026-02-13 03:30:07.711661,London-8791,48,47,Normal
2026-02-13 03:30:08.711661,London-8791,11,69,Normal
2026-02-13 03:30:09.711661,London-8791,36,95,Normal
2026-02-13 03:30:10.711661,London-8791,-19,39,Normal
2026-02-13 03:30:11.711661,London-8791,15,28,Normal
2026-02-13 03:30:12.711661,London-8791,-10,9,Normal
2026-02-13 03:30:13.711661,London-8791,10,67,Normal
2026-02-13 03:30:14.711661,London-8791,49,89,Normal
2026-02-13 03:30:15.711661,London-8791,43,14,Normal
2026-02-13 03:30:16.711661,London-8791,-11,4,Normal
2026-02-13 03:30:17.711661,London-8791,-16,19,Normal
2026-02-13 03:30:18.711661,London-8791,-29,31,Normal
2026-02-13 03:30:19.711661,London-8791,-7,53,Normal
2026-02-13 03:30:20.711661,London-8791,34,9,Normal
2026-02-13 03:30:21.711661,London-8791,39,99,Normal
2026-02-13 03:30:22.711661,London-8791,-19,57,Normal
2026-02-13 03:30:23.711661,London-8791,19,23,Normal
2026-02-13 03:30:24.711661,London-8791,38,65,Normal
2026-02-13 03:30:25.711661,London-8791,12,44,Normal
2026-02-13 03:30:26.711661,London-8791,42,27,Normal
2026-02-13 03:30:27.711661,London-8791,9,49,Normal
2026-02-13 03:30:28.711661,London-8791,25,67,Normal
2026-02-13 03:30:29.711661,London-8791,21,57,Normal
2026-02-13 03:30:30.711661,London-8791,40,30,Normal
2026-02-13 03:30:31.711661,London-8791,34,45,Normal
2026-02-13 03:30:32.711661,London-8791,23,8,Normal
2026-02-13 03:30:33.711661,London-8791,-24,73,Normal
2026-02-13 03:30:34.711661,London-8791,-10,8,Normal
2026-02-13 03:30:35.711661,London-8791,30,59,Normal
2026-02-13 03:30:36.711661,London-8791,12,67,Normal
2026-02-13 03:30:37.711661,London-8791,6,34,Normal
2026-02-13 03:30:38.711661,London-8791,29,33,Normal
2026-02-13 03:30:39.711661,London-8791,-12,71,Normal
2026-02-13 03:30:40.711661,London-8791,-20,11,Normal
2026-02-13 03:30:41.711661,London-8791,27,22,Normal
2026-02-13 03:30:42.711661,London-8791,22,20,Normal
2026-02-13 03:30:43.711661,London-8791,19,32,Normal
2026-02-13 03:30:44.711661,London-8791,-30,27,Normal
2026-02-13 03:30:45.711661,London-8791,50,100,Normal
2026-02-13 03:30:46.711661,London-8791,-2,72,Normal
2026-02-13 03:30:47.711661,London-8791,-12,3,Normal
2026-02-13 03:30:48.711661,London-8791,16,55,Normal
2026-02-13 03:30:49.711661,London-8791,-9,68,Normal
2026-02-13 03:30:50.711661,London-8791,10,53,Normal
2026-02-13 03:30:51.711661,London-8791,-21,47,Normal
2026-02-13 03:30:52.711661,London-8791,18,22,Normal
2026-02-13 03:30:53.711661,London-8791,20,61,Normal
2026-02-13 03:30:54.711661,London-8791,30,11,Normal
2026-02-13 03:30:55.711661,London-8791,1,13,Normal
2026-02-13 03:30:56.711661,London-8791,-5,52,Normal
2026-02-13 03:30:57.711661,London-8791,14,46,Normal
2026-02-13 03:30:58.711661,London-8791,-12,33,Normal
2026-02-13 03:30:59.711661,London-8791,42,95,Normal
2026-02-13 03:31:00.711661,London-8791,40,7,Normal
2026-02-13 03:31:01.711661,London-8791,21,84,Normal
2026-02-13 03:31:02.711661,London-8791,13,99,Normal
2026-02-13 03:31:03.711661,London-8791,-23,47,Normal
2026-02-13 03:31:04.711661,London-8791,-8,10,Normal
2026-02-13 03:31:05.711661,London-8791,-14,28,Normal
2026-02-13 03:31:06.711661,London-8791,-1,1,Normal
2026-02-13 03:31:07.711661,London-8791,42,48,Normal
2026-02-13 03:31:08.711661,London-8791,17,98,Normal
2026-02-13 03:31:09.711661,London-8791,36,99,Normal
2026-02-13 03:31:10.711661,London-8791,-16,9,Normal
2026-02-13 03:31:11.711661,London-8791,10,57,Normal
2026-02-13 03:31:12.711661,London-8791,32,83,Normal
2026-02-13 03:31:13.711661,London-8791,2,64,Normal
2026-02-13 03:31:14.711661,London-8791,-9,56,Normal
2026-02-13 03:31:15.711661,London-8791,32,64,Normal
2026-02-13 03:31:16.711661,London-8791,8,29,Normal
2026-02-13 03:31:17.711661,London-8791,16,12,Normal
2026-02-13 03:31:18.711661,London-8791,9,25,Normal
2026-02-13 03:31:19.711661,London-8791,-30,7,Normal
2026-02-13 03:31:20.711661,London-8791,12,61,Normal
2026-02-13 03:31:21.711661,London-8791,-13,35,Normal
2026-02-13 03:31:22.711661,London-8791,15,98,Normal
2026-02-13 03:31:23.711661,London-8791,-16,89,Normal
2026-02-13 03:31:24.711661,London-8791,29,70,Normal
2026-02-13 03:31:25.711661,London-8791,11,2,Normal
2026-02-13 03:31:26.711661,London-8791,44,62,Normal
2026-02-13 03:31:27.711661,London-8791,17,61,Normal
2026-02-13 03:31:28.711661,London-8791,9,13,Normal
2026-02-13 03:31:29.711661,London-8791,-9,96,Normal
2026-02-13 03:31:30.711661,London-8791,28,46,Normal
2026-02-13 03:31:31.711661,London-8791,-18,48,Normal
2026-02-13 03:31:32.711661,London-8791,-29,87,Normal
2026-02-13 03:31:33.711661,London-8791,-21,11,Normal
2026-02-13 03:31:34.711661,London-8791,-24,78,Normal
2026-02-13 03:31:35.711661,London-8791,41,75,Normal
2026-02-13 03:31:36.711661,London-8791,48,72,Normal
2026-02-13 03:31:37.711661,London-8791,41,15,Normal
2026-02-13 03:31:38.711661,London-8791,14,20,Normal
2026-02-13 03:31:39.711661,London-8791,5,83,Normal
2026-02-13 03:31:40.711661,London-8791,14,25,Normal
2026-02-13 03:31:41.711661,London-8791,31,19,Normal
2026-02-13 03:31:42.711661,London-8791,44,46,Normal
2026-02-13 03:31:43.711661,London-8791,10,86,Normal
2026-02-13 03:31:44.711661,London-8791,30,58,Normal
2026-02-13 03:31:45.711661,London-8791,6,57,Normal
2026-02-13 03:31:46.711661,London-8791,34,6,Normal
2026-02-13 03:31:47.711661,London-8791,-15,93,Normal
2026-02-13 03:31:48.711661,London-8791,-5,56,Normal
2026-02-13 03:31:49.711661,London-8791,34,56,Normal
2026-02-13 03:31:50.711661,London-8791,-23,80,Normal
2026-02-13 03:31:51.711661,London-8791,41,60,Normal
2026-02-13 03:31:52.711661,London-8791,10,79,Normal
2026-02-13 03:31:53.711661,London-8791,41,80,Normal
2026-02-13 03:31:54.711661,London-8791,-12,2,Normal
2026-02-13 03:31:55.711661,London-8791,-11,64,Normal
2026-02-13 03:31:56.711661,London-8791,-11,54,Normal
2026-02-13 03:31:57.711661,London-8791,39,85,Normal
2026-02-13 03:31:58.711661,London-8791,13,1,Normal
2026-02-13 03:31:59.711661,London-8791,-7,85,Normal
2026-02-13 03:32:00.711661,London-8791,-17,27,Normal
2026-02-13 03:32:01.711661,London-8791,25,27,Normal
2026-02-13 03:32:02.711661,London-8791,-10,74,Normal
2026-02-13 03:32:03.711661,London-8791,-30,60,Normal
2026-02-13 03:32:04.711661,London-8791,-22,64,Normal
2026-02-13 03:32:05.711661,London-8791,-11,57,Normal
2026-02-13 03:32:06.711661,London-8791,2,93,Normal
2026-02-13 03:32:07.711661,London-8791,-19,91,Normal
2026-02-13 03:32:08.711661,London-8791,5,65,Normal
2026-02-13 03:32:09.711661,London-8791,-21,60,Normal
2026-02-13 03:32:10.711661,London-8791,30,5,Normal
2026-02-13 03:32:11.711661,London-8791,5,11,Normal
2026-02-13 03:32:12.711661,London-8791,43,11,Normal
2026-02-13 03:32:13.711661,London-8791,-20,21,Normal
2026-02-13 03:32:14.711661,London-8791,38,11,Normal
2026-02-13 03:32:15.711661,London-8791,47,16,Normal
2026-02-13 03:32:16.711661,London-8791,-21,70,Normal
2026-02-13 03:32:17.711661,London-8791,-28,69,Normal
2026-02-13 03:32:18.711661,London-8791,-16,54,Normal
2026-02-13 03:32:19.711661,London-8791,36,72,Normal
2026-02-13 03:32:20.711661,London-8791,-15,34,Normal
2026-02-13 03:32:21.711661,London-8791,7,84,Normal
2026-02-13 03:32:22.711661,London-8791,1,93,Normal
2026-02-13 03:32:23.711661,London-8791,-27,71,Normal
2026-02-13 03:32:24.711661,London-8791,-21,59,Normal
2026-02-13 03:32:25.711661,London-8791,9,97,Normal
2026-02-13 03:32:26.711661,London-8791,-20,42,Normal
2026-02-13 03:32:27.711661,London-8791,1,15,Normal
2026-02-13 03:32:28.711661,London-8791,-4,97,Normal
2026-02-13 03:32:29.711661,London-8791,-4,34,Normal
2026-02-13 03:32:30.711661,London-8791,-30,89,Normal
2026-02-13 03:32:31.711661,London-8791,-18,74,Normal
2026-02-13 03:32:32.711661,London-8791,-2,45,Normal
2026-02-13 03:32:33.711661,London-8791,23,44,Normal
2026-02-13 03:32:34.711661,London-8791,-26,75,Normal
2026-02-13 03:32:35.711661,London-8791,34,0,Normal
2026-02-13 03:32:36.711661,London-8791,-5,74,Normal
2026-02-13 03:32:37.711661,London-8791,44,80,Normal
2026-02-13 03:32:38.711661,London-8791,26,49,Normal
2026-02-13 03:32:39.711661,London-8791,27,63,Normal
2026-02-13 03:32:40.711661,London-8791,-8,22,Normal
